0.11869
0.10384
0.08102
0.24301
0.08604
0.12376
0.19060
0.14216
0.17035
0.04682
0.18801
0.13676
0.15538
0.12784
0.12157
0.24202
0.11822
0.07944
0.06473
0.11168
0.28142
0.14548
0.11705
0.06807
0.21174
0.14387
0.14338
0.27695
0.09917
0.16200
0.14878
0.23787
0.15015
0.11625
0.09855
0.09259
0.13287
0.07046
0.11894
0.16266
0.31218
0.26971
0.07606
0.12576
0.27758
0.23881
0.16153
0.25048
0.18634
0.17210
0.09360
0.13921
0.15899
0.28335
0.10466
0.21488
0.20095
0.10621
0.09638
0.07089
0.24478
0.31375
0.11707
0.21945
0.28791
0.29732
0.05540
0.18436
0.12612
0.05195
0.13915
0.30401
0.32305
0.20000
0.27800
0.14039
0.08832
0.05968
0.21081
0.16201
0.29368
0.17847
0.30139
0.26386
0.28200
0.36820
0.09491
0.08918
0.16314
0.21800
0.32286
0.13704
0.08571
0.26793
0.05844
0.16073
0.22568
0.21327
0.17445
0.15402
0.09183
0.18642
0.13118
0.13344
0.19548
0.30768
0.13961
0.18325
0.18744
0.27745
0.03179
0.25661
0.07109
0.22247
0.10084
0.14319
0.25644
0.06190
0.05721
0.17617
0.20762
0.10899
0.29101
0.01745
0.07938
0.17551
0.29358
0.24412
0.13876
0.24423
0.08650
0.10331
0.29101
0.32995
0.11303
0.13612
0.07066
0.28154
0.23178
0.06723
0.17291
0.03756
0.30591
0.20505
0.14369
0.26457
0.12316
0.34090
0.17988
0.08951
0.18151
0.22216
0.11669
0.32946
0.31572
0.31941
0.09609
0.11553
0.15694
0.18839
0.28502
0.25721
0.26572
0.31172
0.10643
0.10402
0.29967
0.23634
0.07843
0.26673
0.04782
0.23079
0.26719
0.03128
0.10198
0.23289
0.08593
0.06907
0.16811
0.24982
0.06545
0.09793
0.25524
0.14446
0.07969
0.19401
0.20216
0.23644
0.24802
0.24869
0.11159
0.06589
0.05750
0.14828
0.14445
0.24588
0.20829
0.17787
0.11722
0.29847
0.19742
0.07353
0.18918
0.15772
0.05983
0.22361
0.08174
0.17863
0.24554
0.11064
0.25391
0.22808
0.09877
0.25375
0.25110
0.22921
0.13490
0.26319
0.21470
0.32052
0.10283
0.23214
0.12396
0.05805
0.09257
0.07473
0.16691
0.21815
0.11770
0.04143
0.26091
0.12139
0.25118
0.11840
0.06770
0.25573
0.11081
0.04982
0.11698
0.25697
0.07471
0.28236
0.10590
0.10447
0.18902
0.21539
0.11160
0.03851
0.10647
0.09692
0.13403
0.13548
0.06599
0.26174
0.12931
0.13958
0.19255
0.09239
0.04762
0.13377
0.21791
0.15497
0.20194
0.16971
0.11420
0.25805
0.28167
0.08942
0.15146
0.04712
0.10514
0.12833
0.07280
0.03909
0.37903
0.12439
0.05770
0.20984
0.16946
0.07194
0.16425
0.33240
0.13628
0.07600
0.29122
0.11996
0.20500
0.19261
0.17126
0.17113
0.07583
0.05914
0.16065
0.22401
0.15434
0.09530
0.17512
0.16712
0.17327
0.12305
0.34246
0.25504
0.24632
0.16635
0.06680
0.29146
0.31117
0.33401
0.03987
0.24261
0.16856
0.28685
0.13525
0.07874
0.13143
0.10787
0.11630
0.18877
0.23246
0.07320
0.08898
0.05582
0.23782
0.15550
0.24478
0.16219
0.23778
0.23993
0.13105
0.05873
0.27083
0.29769
0.37850
0.26431
0.33046
0.19347
0.27297
0.30416
0.26778
0.26317
0.07562
0.09904
0.14270
0.23814
0.04500
0.08453
0.19852
0.11944
0.21294
0.09748
0.16231
0.11774
0.29639
0.31093
0.26349
0.19421
0.31663
0.10271
0.13784
0.29301
0.05681
0.16853
0.05155
0.09820
0.23208
0.07486
0.24780
0.33957
0.09690
0.08355
0.15260
0.26994
0.11401
0.04873
0.06105
0.06205
0.05847
0.08256
0.15918
0.06215
0.26063
0.15645
0.21349
0.09851
0.18906
0.29923
0.20843
0.26898
0.33401
0.19825
0.26193
0.32379
0.27697
0.30739
0.28089
0.24740
0.32983
0.24808
0.24584
0.24758
0.24276
0.28224
0.22223
0.34991
0.31744
0.23526
0.26381
0.26290
0.25225
0.36696
0.28703
0.22640
0.25402
0.32674
0.21040
0.24492
0.31493
0.28813
0.26503
0.27727
0.28367
0.30062
0.25500
0.21958
0.34070
0.24999
0.23695
0.32389
0.20264
0.30502
0.33738
0.30064
0.30229
0.28733
0.28988
0.25186
0.29017
0.32369
0.24251
0.27747
0.28882
0.23926
0.26368
0.30148
0.22737
0.30601
0.27533
0.25293
0.30669
0.28383
0.25270
0.18232
0.25500
0.35384
0.15414
0.28508
0.21378
0.16560
0.21816
0.36812
0.30311
0.30222
0.17999
0.32575
0.28210
0.27487
0.34498
0.28415
0.29622
0.29159
0.24915
0.29382
0.19989
0.37350
0.27702
0.21777
0.17625
0.34856
0.21553
0.26058
0.28054
0.26612
0.33711
0.27013
0.23048
0.31626
0.27421
0.17003
0.18762
0.28460
0.18739
0.16598
0.17622
0.29538
0.31571
0.27739
0.23872
0.25327
0.29996
0.19475
0.28491
0.26330
0.27217
0.21248
0.27369
0.28136
0.23417
0.18476
0.34599
0.29415
0.20284
0.29141
0.29474
0.26531
0.35307
0.28546
0.23895
0.26373
0.22052
0.27278
0.29001
0.28003
0.25046
0.24393
0.17049
0.29716
0.25115
0.27793
0.23327
0.29874
0.29759
0.27591
0.20886
0.24980
0.28741
0.23072
0.28253
0.21583
0.23061
0.24415
0.24032
0.21314
0.30990
0.31815
0.31654
0.23167
0.24412
0.30042
0.23026
0.22369
0.23140
0.27487
0.32374
0.17173
0.20468
0.28269
0.25916
0.19769
0.17647
0.22482
0.24659
0.21174
0.25480
0.22400
0.28490
0.17644
0.25541
0.23631
0.27704
0.21095
0.28996
0.26339
0.27023
0.37421
0.21384
0.30118
0.25403
0.35313
0.30105
0.25713
0.29560
0.27831
0.28692
0.19859
0.31638
0.30159
0.24212
0.26253
0.24289
0.32247
0.25281
0.26755
0.23981
0.33313
0.25506
0.26633
0.23656
0.25869
0.28019
0.26655
0.21400
0.23206
0.26836
0.32283
0.22889
0.30578
0.25362
0.25169
0.28307
0.26349
0.30431
0.16591
0.21651
0.29752
0.29491
0.27984
0.25111
0.28826
0.27482
0.26578
0.22700
0.27702
0.28813
0.25054
0.24208
0.19598
0.29461
0.28540
0.26556
0.25821
0.20737
0.31430
0.27850
0.22561
0.19518
0.26587
0.28214
0.28301
0.25905
0.25591
0.32977
0.33313
0.15996
0.26628
0.30392
0.28576
0.26847
0.28267
0.31035
0.23198
0.19867
0.20907
0.26676
0.28310
0.35065
0.29626
0.30823
0.27748
0.24994
0.27071
0.28458
0.27417
0.17884
0.31858
0.23987
0.24877
0.32382
0.31806
0.25206
0.23834
0.26334
0.27541
0.31893
0.31668
0.28632
0.26564
0.21854
0.29219
0.30931
0.14110
0.25137
0.18497
0.22536
0.26518
0.25315
0.27072
0.24146
0.24391
0.22484
0.22732
0.23785
0.32512
0.27556
0.24868
0.21343
0.27873
0.26059
0.24470
0.20724
0.33525
0.23603
0.32199
0.25001
0.25267
0.29806
0.27802
0.22468
0.27049
0.18373
0.33037
0.27871
0.33543
0.23501
0.28359
0.34640
0.28297
0.27194
0.27281
0.21346
0.23556
0.26856
0.23669
0.30251
0.27791
0.26691
0.30705
0.37272
0.28414
0.31219
0.28267
0.29650
0.30037
0.34865
0.26368
0.28541
0.31282
0.31565
0.30019
0.30629
0.38071
0.23755
0.25028
0.35572
0.25466
0.30554
0.32158
0.26839
0.25829
0.34097
0.24675
0.26077
0.29604
0.27977
0.22384
0.25394
0.25766
0.25232
0.27120
0.31468
0.29658
0.25040
0.29664
0.29174
0.28661
0.27698
0.28300
0.17279
0.31877
0.32090
0.32476
0.31081
0.30499
0.39667
0.39899
0.25861
0.17330
0.28494
0.35983
0.27430
0.20579
0.29275
0.34327
0.23927
0.24453
0.29509
0.26387
0.28918
0.24095
0.32044
0.35249
0.40168
0.31342
0.30309
0.30004
0.38373
0.26175
0.29568
0.30769
0.36510
0.25252
0.20703
0.28930
0.42584
0.24816
0.39223
0.40244
0.18376
0.31328
0.34791
0.32330
0.25683
0.25297
0.27164
0.23582
0.29383
0.28459
0.26942
0.24920
0.35516
0.29454
0.27585
0.24484
0.20519
0.23575
0.37884
0.22222
0.10658
0.33497
0.17746
0.23830
0.39566
0.14359
0.20496
0.22545
0.26521
0.24023
0.44911
0.19860
0.32534
0.38516
0.25727
0.25076
0.25493
0.22413
0.18264
0.33798
0.18816
0.35768
0.31941
0.28973
0.23872
0.23137
0.32997
0.29021
0.19497
0.29767
0.40692
0.33867
0.29337
0.35081
0.35697
0.22998
0.25445
0.27665
0.37554
0.17808
0.25539
0.23657
0.34906
0.27800
0.25186
0.25450
0.32752
0.34814
0.24578
0.29467
0.33508
0.30671
0.28561
0.26805
0.37396
0.29288
0.23411
0.29641
0.32172
0.33432
0.26106
0.32256
0.25062
0.32798
0.24823
0.27136
0.32282
0.29176
0.22620
0.27228
0.22411
0.32553
0.19859
0.02987
0.17910
0.14910
0.25360
0.23771
0.20691
0.24871
0.35486
0.14943
0.05843
0.18625
0.02264
0.31236
0.20515
0.17711
0.27536
0.07703
0.09711
0.17968
0.16095
0.08260
0.15563
0.23570
0.24441
0.15993
0.21056
0.27503
0.08706
0.30003
0.23330
0.02047
0.03936
0.13692
0.32720
0.10402
0.24763
0.18728
0.31228
0.09094
0.06910
0.12051
0.11493
0.29507
0.13006
0.13255
0.18830
0.27591
0.10424
0.28961
0.21572
0.03952
0.30836
0.04980
0.03363
0.19287
0.19572
0.17122
0.04565
0.04731
0.18266
0.19888
0.25592
0.24592
0.02295
0.11493
0.18789
0.21438
0.21718
0.17384
0.09637
0.23188
0.12787
0.11549
0.30370
0.28812
0.10303
0.15179
0.13246
0.08562
0.02964
0.19564
0.15051
0.18187
0.24873
0.25405
0.19736
0.32832
0.25541
0.19521
0.19517
0.19911
0.24705
0.04688
0.25193
0.10647
0.09198
0.20327
0.22529
0.30244
0.26164
0.10255
0.04677
0.19552
0.19511
0.25156
0.33028
0.11001
0.25605
0.32019
0.13156
0.24071
0.05520
0.01310
0.02464
0.13154
0.07930
0.07355
0.25643
0.28093
0.07482
0.07085
0.05152
0.10343
0.10193
0.28852
