0.08562
0.09421
0.07270
0.25087
0.10351
0.12851
0.21000
0.13224
0.18416
0.03977
0.18564
0.13095
0.12398
0.11142
0.09562
0.20942
0.13874
0.10921
0.06524
0.14833
0.31898
0.15698
0.16157
0.07364
0.27652
0.12749
0.13537
0.25680
0.05917
0.15531
0.15593
0.27685
0.13459
0.10028
0.08637
0.10000
0.12484
0.07359
0.15712
0.14037
0.28832
0.24445
0.12789
0.10599
0.30438
0.19293
0.14634
0.25895
0.18957
0.14065
0.09572
0.13490
0.12467
0.26334
0.09374
0.25039
0.21211
0.11240
0.09942
0.10238
0.25130
0.32023
0.10737
0.20565
0.29782
0.31276
0.07010
0.17907
0.10726
0.03724
0.13982
0.34408
0.26596
0.15607
0.23102
0.09812
0.11817
0.05610
0.23486
0.14527
0.31162
0.15900
0.35422
0.27788
0.24717
0.33191
0.08911
0.08020
0.13345
0.25871
0.32304
0.16614
0.05631
0.26946
0.06292
0.13466
0.21528
0.18560
0.16099
0.14651
0.08962
0.19357
0.11960
0.12288
0.19098
0.30324
0.10882
0.12903
0.16964
0.27528
0.02143
0.27019
0.07917
0.23529
0.11700
0.15391
0.28170
0.08538
0.06806
0.16168
0.25337
0.07769
0.28960
0.02093
0.09459
0.10437
0.30024
0.26285
0.14481
0.27349
0.08643
0.12773
0.29698
0.34986
0.10010
0.12456
0.07166
0.29222
0.28549
0.03510
0.16778
0.05186
0.32036
0.20846
0.12869
0.31335
0.09506
0.34455
0.16245
0.08654
0.14625
0.25941
0.11066
0.30834
0.33061
0.33622
0.13224
0.14928
0.12550
0.14615
0.22834
0.26267
0.28741
0.31576
0.08745
0.09347
0.26474
0.26764
0.06026
0.25976
0.03669
0.24882
0.25294
0.03071
0.09830
0.20744
0.06999
0.09062
0.14710
0.27403
0.06220
0.10038
0.17885
0.11859
0.07585
0.18069
0.20898
0.24829
0.26647
0.14969
0.10148
0.06985
0.05505
0.11823
0.12322
0.24235
0.19991
0.15690
0.06100
0.26059
0.22119
0.12121
0.17635
0.15490
0.07646
0.21772
0.10237
0.21492
0.24762
0.08739
0.24614
0.24307
0.09568
0.23548
0.23151
0.24474
0.12531
0.22711
0.23386
0.35336
0.13440
0.18078
0.13967
0.06428
0.05068
0.06679
0.17577
0.12938
0.13523
0.08997
0.27106
0.08498
0.20459
0.12329
0.06639
0.27127
0.11882
0.02606
0.11940
0.27321
0.04971
0.32345
0.08799
0.10324
0.16849
0.25303
0.11680
0.05555
0.17413
0.10372
0.09477
0.12954
0.09206
0.23300
0.18312
0.15420
0.17708
0.06273
0.09499
0.13050
0.21912
0.16200
0.24016
0.20582
0.14906
0.27536
0.27392
0.09453
0.13368
0.05176
0.07877
0.12531
0.05468
0.04615
0.34928
0.15491
0.06587
0.17490
0.11070
0.09754
0.14863
0.33458
0.15381
0.06945
0.30729
0.13254
0.20188
0.15436
0.16166
0.14475
0.13609
0.08706
0.21126
0.23729
0.12877
0.09657
0.16403
0.16295
0.18870
0.15200
0.34790
0.28422
0.25342
0.16547
0.11837
0.29747
0.28606
0.31389
0.04258
0.25873
0.09464
0.30281
0.13024
0.10326
0.13325
0.15814
0.09473
0.15227
0.22417
0.06209
0.11721
0.05240
0.26456
0.15381
0.22033
0.15620
0.23292
0.23093
0.14609
0.07813
0.25724
0.28215
0.32763
0.26009
0.29505
0.22543
0.24071
0.29077
0.29775
0.24318
0.07714
0.07939
0.14365
0.23550
0.07781
0.06094
0.19111
0.11933
0.21257
0.12187
0.17060
0.08689
0.30005
0.23803
0.19450
0.22289
0.27609
0.13255
0.12996
0.31170
0.04648
0.19483
0.07099
0.06994
0.17338
0.05263
0.22813
0.31222
0.07846
0.11403
0.16427
0.26561
0.10842
0.04953
0.12224
0.05856
0.05172
0.11656
0.20120
0.07974
0.26971
0.17769
0.20519
0.10447
0.21649
0.26543
0.25492
0.31507
0.31459
0.19988
0.25394
0.32110
0.31772
0.34248
0.27546
0.28132
0.32325
0.28789
0.25358
0.26891
0.23495
0.31074
0.17850
0.32119
0.29800
0.28069
0.28700
0.25163
0.28495
0.35790
0.31609
0.26631
0.25479
0.29052
0.27137
0.27683
0.27824
0.28982
0.25390
0.26147
0.32261
0.28145
0.29445
0.23387
0.31076
0.29458
0.27878
0.35020
0.23024
0.31884
0.31234
0.30605
0.33668
0.30743
0.31426
0.25455
0.30725
0.28500
0.24570
0.31695
0.26762
0.28698
0.30585
0.31323
0.20431
0.31782
0.25409
0.24800
0.28289
0.26933
0.29370
0.16515
0.27760
0.34202
0.11303
0.28593
0.25318
0.21242
0.19556
0.36959
0.33391
0.26708
0.16670
0.31844
0.27765
0.29762
0.33015
0.27079
0.32260
0.30177
0.25102
0.29996
0.18053
0.34559
0.29055
0.27246
0.14723
0.33921
0.19695
0.26500
0.27007
0.26605
0.31783
0.29088
0.21723
0.26496
0.25794
0.16316
0.20864
0.31304
0.17943
0.18064
0.17337
0.31933
0.30460
0.29399
0.28243
0.24512
0.31499
0.21143
0.29963
0.30631
0.30608
0.21247
0.27417
0.30632
0.20595
0.17637
0.36486
0.26813
0.22465
0.31950
0.28086
0.26602
0.36387
0.26909
0.24541
0.30720
0.20050
0.26601
0.32477
0.30790
0.29365
0.25318
0.17213
0.33808
0.22164
0.31647
0.23142
0.30240
0.32221
0.25343
0.17824
0.23624
0.29928
0.20498
0.32066
0.19603
0.26594
0.24943
0.23832
0.24334
0.32563
0.29452
0.30891
0.26309
0.23312
0.28594
0.21445
0.24127
0.26086
0.27076
0.31999
0.14736
0.18480
0.27144
0.29255
0.25301
0.14951
0.20980
0.26261
0.25902
0.24529
0.26575
0.31997
0.17815
0.27347
0.24643
0.29958
0.18438
0.32058
0.28902
0.24424
0.39427
0.18920
0.31392
0.23328
0.31816
0.28255
0.29387
0.28980
0.30791
0.27742
0.19109
0.30774
0.30315
0.28547
0.24481
0.25055
0.29419
0.26009
0.26262
0.24018
0.30291
0.25612
0.31628
0.24137
0.28002
0.28003
0.26114
0.22803
0.27532
0.25587
0.32892
0.24312
0.32793
0.22650
0.30087
0.23225
0.23022
0.28673
0.14014
0.25087
0.28159
0.28131
0.28334
0.30547
0.33623
0.25438
0.26179
0.26379
0.27747
0.29587
0.27770
0.23728
0.16903
0.32221
0.28494
0.25944
0.28479
0.23595
0.29057
0.30341
0.24672
0.20188
0.25328
0.28540
0.31049
0.29972
0.25300
0.31813
0.32426
0.14350
0.26087
0.27713
0.28352
0.30438
0.33519
0.30242
0.23970
0.21271
0.21220
0.29520
0.29261
0.33222
0.29678
0.29519
0.30711
0.23819
0.27557
0.26276
0.24766
0.17822
0.30889
0.24890
0.24785
0.30728
0.30750
0.29255
0.23625
0.29248
0.25246
0.35059
0.30477
0.25915
0.24745
0.20969
0.33412
0.29462
0.11924
0.29246
0.20353
0.28206
0.30364
0.24664
0.31391
0.23366
0.29110
0.24698
0.27802
0.26149
0.30105
0.30363
0.28560
0.18268
0.25801
0.26570
0.22624
0.24941
0.32861
0.24098
0.34109
0.28284
0.27289
0.29806
0.28121
0.26181
0.27538
0.19541
0.31919
0.27775
0.31535
0.23514
0.28700
0.30841
0.26186
0.29268
0.32369
0.17126
0.21770
0.31023
0.26165
0.33421
0.28457
0.31367
0.34311
0.36546
0.27195
0.29234
0.28841
0.29574
0.29508
0.33860
0.28123
0.28437
0.30267
0.28824
0.30489
0.28548
0.37537
0.23917
0.27603
0.32702
0.26826
0.29763
0.35421
0.26191
0.23588
0.30806
0.24614
0.29946
0.28389
0.31486
0.29767
0.26433
0.28366
0.25964
0.24874
0.32507
0.28422
0.29077
0.32020
0.27866
0.31146
0.30114
0.29655
0.12283
0.29638
0.33358
0.33246
0.34166
0.30464
0.41911
0.42142
0.28357
0.19526
0.31079
0.34653
0.29636
0.23293
0.30818
0.33569
0.22749
0.24521
0.34258
0.25546
0.25768
0.25764
0.34592
0.37009
0.42086
0.28643
0.31882
0.28201
0.40416
0.25450
0.31995
0.32174
0.34723
0.27425
0.19150
0.27148
0.45589
0.25021
0.41032
0.43606
0.19875
0.30231
0.35116
0.31024
0.27361
0.23705
0.28429
0.24175
0.27442
0.30501
0.31661
0.25876
0.38358
0.30254
0.27511
0.26123
0.17861
0.27259
0.40668
0.24321
0.11500
0.32910
0.14480
0.19041
0.41987
0.14851
0.25562
0.22583
0.29365
0.24348
0.43189
0.19833
0.34865
0.40158
0.26788
0.25539
0.26805
0.25467
0.21096
0.36169
0.18258
0.34523
0.34312
0.26064
0.26450
0.25366
0.34852
0.29451
0.23092
0.30501
0.40558
0.33039
0.30299
0.37219
0.37713
0.23650
0.27230
0.28960
0.38418
0.22697
0.22764
0.27722
0.35490
0.29001
0.25849
0.26896
0.32353
0.37573
0.25079
0.30556
0.37005
0.30821
0.29565
0.26794
0.39777
0.30561
0.25491
0.29551
0.29746
0.35738
0.27074
0.31123
0.24258
0.35214
0.27025
0.26491
0.33354
0.30749
0.26586
0.30033
0.22534
0.29619
0.17757
0.07083
0.11459
0.23852
0.19804
0.26724
0.20116
0.23538
0.34057
0.15504
0.04348
0.18709
0.03481
0.27968
0.27800
0.18104
0.27679
0.08079
0.15019
0.20319
0.23837
0.09551
0.13715
0.20788
0.29145
0.19372
0.21136
0.23152
0.10153
0.28999
0.24695
0.07362
0.04153
0.12210
0.30627
0.12975
0.26124
0.19190
0.31429
0.05879
0.06791
0.03434
0.03793
0.29966
0.12844
0.13795
0.15717
0.30833
0.10163
0.21174
0.20212
0.05903
0.25988
0.08571
0.05744
0.25980
0.20015
0.15499
0.05241
0.04652
0.21473
0.21620
0.27588
0.26705
0.02705
0.10897
0.16583
0.20908
0.16064
0.19195
0.09735
0.28686
0.19203
0.16868
0.25674
0.26877
0.08103
0.14319
0.15088
0.06315
0.06836
0.18229
0.15264
0.19493
0.22320
0.27051
0.19946
0.33019
0.26028
0.16587
0.19651
0.20566
0.18879
0.03647
0.27160
0.09632
0.04807
0.15656
0.24372
0.30119
0.24209
0.05242
0.05609
0.05904
0.23046
0.22765
0.23063
0.09317
0.17213
0.31044
0.08688
0.23269
0.07073
0.03283
0.07406
0.22608
0.02182
0.10122
0.28732
0.27668
0.06894
0.10219
0.05038
0.12265
0.03043
0.23776
