0.13281
0.09875
0.06349
0.23668
0.12536
0.15528
0.22362
0.15476
0.17931
0.07844
0.15534
0.16694
0.17234
0.14408
0.13395
0.23722
0.11971
0.15441
0.10604
0.15943
0.30431
0.10770
0.17572
0.05848
0.24855
0.15949
0.17653
0.28297
0.14117
0.20997
0.14500
0.30028
0.17053
0.12235
0.12343
0.09969
0.13561
0.11442
0.15047
0.16066
0.31222
0.26046
0.12921
0.13989
0.27970
0.21798
0.18161
0.27094
0.21134
0.15355
0.09726
0.16577
0.15688
0.26130
0.09402
0.19374
0.18888
0.14900
0.19610
0.08060
0.23152
0.29799
0.10889
0.18573
0.26460
0.31036
0.06171
0.17827
0.10698
0.10696
0.17395
0.28895
0.28671
0.19452
0.25295
0.13458
0.10350
0.07004
0.21043
0.17778
0.31927
0.19581
0.35750
0.28126
0.26989
0.31946
0.10871
0.07682
0.14399
0.25327
0.33175
0.14875
0.09332
0.27880
0.05860
0.13389
0.22688
0.22141
0.21263
0.15664
0.11189
0.16708
0.12668
0.16676
0.23612
0.27735
0.14252
0.18098
0.21603
0.28519
0.05616
0.27871
0.10562
0.24678
0.13366
0.17073
0.26815
0.08019
0.07149
0.21310
0.20799
0.10872
0.29991
0.03461
0.10920
0.15410
0.31936
0.26561
0.15842
0.26453
0.07556
0.16570
0.29804
0.34679
0.09793
0.14317
0.08366
0.29165
0.24927
0.08282
0.19296
0.03378
0.31175
0.17653
0.18105
0.25299
0.11917
0.35750
0.17064
0.09660
0.21238
0.27938
0.14654
0.30623
0.30747
0.33510
0.12319
0.17030
0.16982
0.20485
0.18918
0.26229
0.24904
0.32707
0.09979
0.13618
0.28455
0.28440
0.06847
0.26297
0.07749
0.24524
0.23114
0.05069
0.11110
0.23618
0.10509
0.07952
0.18019
0.25964
0.07397
0.10872
0.21790
0.16673
0.10883
0.15665
0.24249
0.25770
0.24125
0.19784
0.12781
0.07193
0.04626
0.16762
0.14060
0.21657
0.21927
0.17776
0.10018
0.25483
0.24692
0.06073
0.18237
0.16586
0.05293
0.25045
0.09900
0.23123
0.26102
0.12821
0.25897
0.23078
0.10879
0.25617
0.26079
0.24171
0.14778
0.25704
0.24735
0.35701
0.13449
0.17643
0.11059
0.07098
0.10261
0.04521
0.18711
0.19441
0.16005
0.10091
0.15613
0.13166
0.27221
0.14244
0.04801
0.30334
0.12378
0.07085
0.13705
0.24514
0.09337
0.27878
0.09261
0.12946
0.18497
0.21198
0.10831
0.05884
0.16611
0.11591
0.11932
0.11452
0.12718
0.27882
0.13488
0.16661
0.18224
0.08367
0.08599
0.13498
0.19726
0.16331
0.19603
0.19225
0.14719
0.25065
0.29519
0.10556
0.14481
0.07763
0.09006
0.12853
0.08167
0.05039
0.34149
0.19755
0.07038
0.22589
0.17647
0.05941
0.18024
0.33090
0.14747
0.07811
0.29691
0.12354
0.22374
0.18718
0.23404
0.15783
0.10921
0.10325
0.22672
0.19654
0.19989
0.11002
0.20432
0.17932
0.18268
0.14548
0.33350
0.29134
0.27541
0.15186
0.10903
0.32960
0.28205
0.31078
0.04708
0.28729
0.15491
0.27835
0.18936
0.07904
0.18397
0.13979
0.09388
0.24106
0.23746
0.09439
0.13448
0.04905
0.30017
0.15379
0.27839
0.15311
0.22169
0.21795
0.21072
0.08999
0.28375
0.25611
0.34559
0.26822
0.30738
0.20735
0.25239
0.28840
0.26544
0.24821
0.09733
0.15942
0.14937
0.22368
0.07547
0.07126
0.21472
0.11057
0.20659
0.10085
0.19347
0.12218
0.28675
0.26048
0.23449
0.20387
0.27391
0.14672
0.19741
0.31438
0.04772
0.22229
0.09838
0.09696
0.23271
0.08280
0.26579
0.33104
0.13531
0.09146
0.17370
0.24359
0.12569
0.04749
0.10462
0.09461
0.09865
0.10821
0.18974
0.06261
0.30273
0.16379
0.20889
0.08231
0.19968
0.27450
0.25288
0.32223
0.33509
0.20969
0.23703
0.31268
0.33398
0.35440
0.27062
0.30081
0.33662
0.29269
0.24907
0.30035
0.22312
0.32908
0.17639
0.36769
0.27959
0.26572
0.29812
0.26058
0.29982
0.36224
0.33292
0.28314
0.29465
0.33040
0.25545
0.30048
0.31151
0.27843
0.26956
0.26636
0.32452
0.30431
0.31404
0.21234
0.34210
0.30837
0.30550
0.33720
0.23189
0.33087
0.32094
0.30429
0.34398
0.33719
0.33168
0.24396
0.31322
0.30508
0.26471
0.34318
0.27959
0.29389
0.30751
0.32279
0.19401
0.33599
0.25774
0.27137
0.29069
0.27988
0.31076
0.18295
0.26675
0.35148
0.14043
0.29031
0.27647
0.25299
0.17748
0.37487
0.32228
0.31012
0.18662
0.33142
0.26751
0.27266
0.34645
0.29641
0.33450
0.30212
0.25468
0.29157
0.19641
0.33977
0.31908
0.28337
0.17307
0.35336
0.19791
0.25873
0.27943
0.25251
0.32525
0.30014
0.22350
0.29427
0.27018
0.13173
0.20638
0.33991
0.18236
0.19980
0.16239
0.29861
0.31872
0.31421
0.31032
0.25288
0.33031
0.22777
0.31198
0.31876
0.32932
0.20218
0.27376
0.32383
0.19522
0.19124
0.36720
0.29527
0.24816
0.31883
0.31200
0.27910
0.38284
0.27836
0.22738
0.33014
0.16422
0.28855
0.33221
0.32930
0.26855
0.21999
0.17748
0.35304
0.23010
0.33426
0.21879
0.30696
0.33692
0.28242
0.18720
0.24148
0.30922
0.19989
0.32152
0.18692
0.24756
0.23591
0.23828
0.24010
0.33504
0.30630
0.32444
0.29124
0.26378
0.30700
0.20406
0.27879
0.27205
0.28687
0.29543
0.16667
0.18371
0.28810
0.31594
0.27426
0.16080
0.24568
0.27550
0.26462
0.25602
0.30089
0.34213
0.17011
0.29203
0.26282
0.32243
0.17441
0.32464
0.27166
0.24827
0.40869
0.19520
0.30117
0.22217
0.33347
0.28432
0.30830
0.28414
0.33364
0.27240
0.19027
0.30962
0.28147
0.30051
0.26539
0.28083
0.32511
0.24587
0.23747
0.25281
0.33092
0.28194
0.31657
0.22574
0.31411
0.29093
0.26441
0.19938
0.28274
0.22686
0.32489
0.21701
0.35050
0.25621
0.31870
0.27903
0.26711
0.27627
0.16311
0.27384
0.31760
0.29875
0.29907
0.32078
0.34506
0.26954
0.28470
0.26978
0.28909
0.31004
0.30536
0.25305
0.18627
0.33277
0.29520
0.26462
0.29665
0.25037
0.31202
0.32709
0.25910
0.21133
0.27436
0.27853
0.32403
0.28772
0.24993
0.33928
0.31881
0.15092
0.24127
0.29799
0.30029
0.32660
0.32710
0.32512
0.24697
0.21655
0.20387
0.31501
0.32118
0.35768
0.28376
0.29477
0.32579
0.24318
0.26476
0.26630
0.27066
0.17773
0.31279
0.21836
0.26191
0.32809
0.31473
0.30772
0.25211
0.30078
0.26852
0.35423
0.33936
0.28333
0.26161
0.19320
0.35391
0.28829
0.12129
0.31511
0.21151
0.27809
0.32757
0.25641
0.32339
0.24525
0.31710
0.20924
0.27494
0.25440
0.31435
0.32709
0.31010
0.21425
0.26457
0.26104
0.26289
0.26886
0.30035
0.27725
0.33137
0.24453
0.30212
0.32852
0.27693
0.29442
0.29038
0.18677
0.30537
0.27263
0.32714
0.28678
0.29217
0.33807
0.27822
0.30183
0.32822
0.18132
0.22052
0.31816
0.26271
0.34124
0.31531
0.32369
0.35739
0.37648
0.28967
0.32410
0.28192
0.29677
0.28914
0.32018
0.31509
0.29325
0.28873
0.30472
0.32629
0.32859
0.36196
0.20429
0.27985
0.32680
0.25427
0.31960
0.33337
0.26636
0.25671
0.32555
0.23754
0.31654
0.30758
0.31812
0.28088
0.30263
0.31015
0.24436
0.27378
0.35609
0.28375
0.29997
0.33426
0.29027
0.32993
0.31639
0.27753
0.12654
0.26600
0.34288
0.34300
0.35193
0.33581
0.41918
0.42708
0.27413
0.17515
0.32554
0.38942
0.28874
0.19786
0.33326
0.34707
0.25831
0.26395
0.31951
0.23014
0.26956
0.25743
0.35550
0.34934
0.38745
0.29938
0.33963
0.28023
0.38840
0.29285
0.29299
0.30218
0.34980
0.25210
0.20303
0.32599
0.46195
0.26950
0.42915
0.42968
0.20884
0.28533
0.39383
0.32463
0.30313
0.26152
0.29907
0.23428
0.30089
0.32863
0.28521
0.29828
0.40302
0.29128
0.29554
0.27823
0.22086
0.25926
0.40124
0.19491
0.14682
0.35805
0.18231
0.20394
0.42151
0.17624
0.22894
0.20719
0.26459
0.24315
0.44516
0.19371
0.34821
0.41352
0.26416
0.23739
0.27710
0.24802
0.22393
0.37524
0.17100
0.38467
0.35126
0.29543
0.26488
0.26865
0.34907
0.28875
0.22058
0.34837
0.41185
0.33297
0.30201
0.37679
0.38797
0.24494
0.28783
0.26918
0.39963
0.19368
0.23986
0.25622
0.35720
0.30948
0.25627
0.25216
0.32280
0.35433
0.24280
0.30950
0.34452
0.30632
0.31882
0.25929
0.37248
0.30547
0.23969
0.30226
0.31390
0.33476
0.27122
0.31708
0.24639
0.35353
0.26059
0.27722
0.32364
0.30275
0.25051
0.31367
0.16162
0.31888
0.22967
0.08933
0.17705
0.21529
0.20805
0.28236
0.19229
0.22919
0.35063
0.22091
0.10791
0.22380
0.13868
0.30214
0.23029
0.17258
0.30019
0.11134
0.14789
0.18546
0.21129
0.11343
0.18061
0.21734
0.23196
0.22562
0.21529
0.23513
0.06943
0.32873
0.26234
0.07657
0.06564
0.09516
0.28334
0.09589
0.18706
0.22342
0.28166
0.05634
0.06172
0.07010
0.04911
0.28919
0.19589
0.09651
0.18117
0.26801
0.13374
0.30679
0.21180
0.08615
0.26219
0.12328
0.06852
0.19991
0.19360
0.27895
0.09954
0.06656
0.19904
0.19214
0.30296
0.23016
0.04093
0.05454
0.18542
0.20401
0.15375
0.21515
0.11123
0.30268
0.12094
0.09708
0.26068
0.25781
0.12405
0.14338
0.16972
0.08604
0.08971
0.21072
0.08344
0.19996
0.23145
0.27224
0.19702
0.31789
0.25304
0.24292
0.13425
0.21417
0.21783
0.06628
0.28420
0.09642
0.08218
0.23626
0.27350
0.27594
0.23099
0.09045
0.07626
0.14554
0.14401
0.23860
0.31580
0.10758
0.20859
0.28371
0.18220
0.21738
0.16096
0.04660
0.06568
0.13874
0.10806
0.07484
0.23675
0.28784
0.13952
0.06140
0.06922
0.10802
0.15713
0.30368
