0.16351
0.13242
0.08045
0.26640
0.11557
0.16043
0.23562
0.16316
0.20242
0.09697
0.20031
0.14369
0.17724
0.15617
0.18003
0.20998
0.14406
0.15854
0.13794
0.16871
0.30988
0.16736
0.21423
0.06431
0.23750
0.18577
0.18570
0.24207
0.18499
0.20268
0.18509
0.25553
0.22215
0.10362
0.18011
0.10083
0.14683
0.09995
0.20586
0.19748
0.28978
0.26559
0.14572
0.16189
0.27260
0.22716
0.16565
0.29240
0.22260
0.16408
0.12411
0.14685
0.13379
0.29284
0.09514
0.22345
0.20913
0.14980
0.18165
0.10288
0.26252
0.30930
0.14865
0.23401
0.26507
0.33754
0.13562
0.20022
0.14608
0.07360
0.15509
0.31377
0.29641
0.20677
0.23925
0.16979
0.13125
0.07952
0.19853
0.17162
0.31835
0.20336
0.34711
0.26328
0.28985
0.33651
0.09916
0.14004
0.19864
0.27337
0.31741
0.18757
0.09081
0.24778
0.10321
0.16282
0.23045
0.18962
0.17876
0.16821
0.10738
0.20697
0.17512
0.13381
0.21860
0.25709
0.22176
0.20688
0.21912
0.27669
0.04780
0.26348
0.13710
0.25890
0.15196
0.15535
0.25779
0.09870
0.08348
0.21254
0.24462
0.12317
0.30091
0.04719
0.12019
0.18741
0.29019
0.26355
0.23068
0.26409
0.11636
0.16366
0.28982
0.35113
0.13077
0.17423
0.10195
0.28824
0.27418
0.10809
0.18884
0.07746
0.29251
0.21970
0.18899
0.27272
0.12540
0.33328
0.19901
0.09162
0.22460
0.30015
0.12968
0.34540
0.30101
0.32716
0.14266
0.20626
0.15508
0.18837
0.26420
0.25915
0.29074
0.30031
0.10848
0.14531
0.27090
0.28232
0.09295
0.24385
0.08291
0.23092
0.22692
0.08040
0.14770
0.22244
0.11165
0.08080
0.21839
0.28603
0.11169
0.10695
0.22445
0.15748
0.14173
0.24639
0.24691
0.24255
0.25435
0.25219
0.17729
0.08374
0.12301
0.16195
0.16901
0.26467
0.19371
0.19713
0.13923
0.28559
0.21211
0.10674
0.21172
0.19007
0.08102
0.29647
0.13671
0.23048
0.24154
0.16223
0.24916
0.21380
0.13260
0.26396
0.26161
0.27704
0.15460
0.27126
0.26640
0.34821
0.14164
0.26240
0.13570
0.08256
0.11769
0.11093
0.20618
0.21562
0.17486
0.14275
0.25736
0.12839
0.21738
0.17008
0.08815
0.29476
0.12322
0.10862
0.11301
0.24207
0.15383
0.30360
0.11669
0.10582
0.19054
0.23480
0.12297
0.11626
0.14142
0.12375
0.13735
0.17789
0.14465
0.25711
0.14221
0.20105
0.22079
0.13135
0.13104
0.14203
0.21062
0.16719
0.21428
0.18259
0.20166
0.26862
0.30429
0.10724
0.20494
0.09182
0.13583
0.17430
0.07804
0.06803
0.37484
0.20641
0.11250
0.21790
0.19942
0.12899
0.16415
0.33999
0.15646
0.14064
0.29722
0.11401
0.17503
0.17765
0.25043
0.23197
0.11280
0.09678
0.21321
0.21710
0.22390
0.12000
0.17034
0.22602
0.17234
0.19324
0.32783
0.29202
0.25170
0.18970
0.13953
0.28633
0.29366
0.35351
0.10010
0.23044
0.19970
0.27500
0.19499
0.11966
0.19040
0.19121
0.13858
0.23660
0.20275
0.14201
0.10428
0.11335
0.25365
0.20519
0.28612
0.17697
0.21546
0.25093
0.21467
0.08864
0.27320
0.27660
0.35048
0.27683
0.31303
0.24083
0.26495
0.29085
0.26381
0.24216
0.07453
0.11263
0.18935
0.22011
0.09446
0.12512
0.22257
0.15146
0.24505
0.11712
0.19355
0.16232
0.30772
0.26763
0.24619
0.22767
0.28952
0.18051
0.15657
0.32494
0.10982
0.19597
0.08940
0.17193
0.18656
0.13687
0.26853
0.31252
0.13791
0.11536
0.20187
0.26101
0.12405
0.08482
0.13246
0.09567
0.11057
0.14533
0.19149
0.16834
0.27510
0.22137
0.21700
0.12013
0.18635
0.29293
0.24293
0.30184
0.35363
0.16284
0.27661
0.31347
0.31076
0.34701
0.28464
0.28394
0.36009
0.26827
0.25123
0.27859
0.21089
0.31656
0.20395
0.38776
0.33200
0.27489
0.29509
0.25907
0.31035
0.34278
0.31070
0.28069
0.31377
0.34790
0.24322
0.29040
0.32773
0.27254
0.23832
0.24085
0.31978
0.32065
0.28647
0.22993
0.36194
0.28749
0.26148
0.33830
0.17805
0.31443
0.35762
0.30051
0.30578
0.32093
0.30741
0.23376
0.31220
0.34470
0.23159
0.31271
0.31876
0.27816
0.31714
0.30888
0.23069
0.31822
0.26591
0.29119
0.32222
0.30090
0.29531
0.18467
0.28234
0.36016
0.13237
0.28603
0.24270
0.22393
0.20560
0.35462
0.30162
0.32039
0.17735
0.35213
0.27849
0.27373
0.36619
0.30046
0.32563
0.28956
0.25575
0.28217
0.19952
0.37196
0.31126
0.22695
0.16649
0.32066
0.22322
0.26405
0.28998
0.26716
0.36112
0.32434
0.20283
0.33510
0.31456
0.18877
0.21910
0.32739
0.17612
0.19998
0.17959
0.30281
0.33316
0.28906
0.28544
0.24789
0.32529
0.21860
0.32178
0.30641
0.30906
0.22683
0.28626
0.31131
0.21810
0.19290
0.35835
0.29191
0.21145
0.30281
0.31321
0.24724
0.36396
0.31324
0.23319
0.30906
0.21212
0.29893
0.30286
0.28208
0.28770
0.25151
0.17044
0.34792
0.23319
0.30557
0.21997
0.29882
0.33536
0.29060
0.19410
0.24275
0.29027
0.19602
0.32046
0.18660
0.24755
0.26528
0.24151
0.25217
0.32019
0.33505
0.33307
0.27545
0.20964
0.33277
0.22690
0.21117
0.23944
0.30544
0.31792
0.17045
0.19057
0.27796
0.30814
0.21928
0.16637
0.22498
0.26799
0.24226
0.24231
0.28640
0.34591
0.19150
0.26388
0.25901
0.30922
0.18490
0.31976
0.27749
0.27035
0.36981
0.19837
0.31612
0.23646
0.36825
0.31885
0.28863
0.26483
0.30337
0.28059
0.19292
0.30131
0.30014
0.26985
0.29082
0.28483
0.34142
0.25949
0.28070
0.23083
0.33748
0.25499
0.31864
0.23594
0.30323
0.28043
0.26119
0.23632
0.28963
0.26725
0.31860
0.21091
0.32539
0.24275
0.30498
0.29951
0.28622
0.30606
0.14852
0.25409
0.33379
0.33174
0.29553
0.31127
0.31541
0.26590
0.27527
0.22666
0.30887
0.29715
0.29772
0.26500
0.19774
0.29723
0.31123
0.26456
0.28334
0.23937
0.33660
0.30283
0.22896
0.20052
0.28645
0.28985
0.31478
0.28732
0.26577
0.34201
0.34812
0.16225
0.25490
0.31102
0.29583
0.30861
0.31648
0.34680
0.23732
0.21206
0.21646
0.29910
0.30783
0.37075
0.30709
0.30377
0.31716
0.23336
0.27176
0.30850
0.26689
0.17986
0.32563
0.23962
0.25370
0.34058
0.31151
0.26648
0.24250
0.28113
0.30425
0.36614
0.34109
0.24572
0.27184
0.20768
0.34023
0.33562
0.13349
0.28993
0.20102
0.26086
0.30936
0.23693
0.28894
0.24043
0.28450
0.21238
0.25612
0.25247
0.35156
0.27677
0.29990
0.19326
0.29831
0.25730
0.23674
0.23008
0.33185
0.28691
0.34414
0.27894
0.26908
0.30756
0.26688
0.27623
0.27240
0.19410
0.33825
0.26931
0.33717
0.29242
0.31590
0.35291
0.26186
0.28371
0.33342
0.18115
0.20023
0.33008
0.26022
0.33049
0.32126
0.31315
0.34491
0.39231
0.32081
0.34057
0.26664
0.30654
0.27919
0.36105
0.28640
0.27330
0.32958
0.32610
0.31719
0.32819
0.38761
0.21155
0.27753
0.34188
0.24984
0.32968
0.31971
0.25728
0.25788
0.35410
0.24118
0.30880
0.31906
0.30530
0.27600
0.27634
0.29912
0.26625
0.29582
0.34238
0.28836
0.28399
0.32477
0.28555
0.33088
0.30859
0.29465
0.14005
0.33597
0.33781
0.35431
0.32201
0.31890
0.40095
0.39567
0.30324
0.17586
0.32247
0.39310
0.29298
0.20180
0.32398
0.35557
0.25234
0.25243
0.33730
0.25619
0.26975
0.25618
0.35685
0.33535
0.39540
0.27903
0.34133
0.28531
0.39596
0.27252
0.31009
0.31707
0.33931
0.27528
0.20473
0.33006
0.44692
0.26090
0.41316
0.42282
0.23614
0.31785
0.37532
0.31095
0.28371
0.25511
0.31383
0.24553
0.29367
0.33054
0.30595
0.31567
0.37821
0.30498
0.30948
0.25952
0.22678
0.28997
0.41189
0.23444
0.16205
0.32860
0.16198
0.20273
0.42273
0.17984
0.22447
0.21215
0.29694
0.24353
0.45285
0.20711
0.35842
0.40196
0.26746
0.26563
0.26860
0.24167
0.20242
0.38462
0.16277
0.37125
0.35108
0.28565
0.25677
0.26074
0.34814
0.26991
0.22082
0.32394
0.42727
0.32099
0.29194
0.36221
0.35876
0.25438
0.25358
0.29336
0.40180
0.19360
0.23694
0.23773
0.37072
0.31532
0.27139
0.28317
0.32713
0.35989
0.25930
0.30240
0.35359
0.31071
0.30134
0.26779
0.39890
0.32371
0.24645
0.32244
0.31930
0.33941
0.27773
0.32327
0.22551
0.32507
0.26473
0.26329
0.34994
0.31813
0.22715
0.30701
0.17650
0.31870
0.20064
0.05906
0.14874
0.25598
0.27252
0.23183
0.18551
0.27306
0.34632
0.24979
0.08907
0.20435
0.08555
0.31532
0.24838
0.15735
0.28456
0.11251
0.20880
0.18094
0.25922
0.15872
0.17302
0.22187
0.31416
0.22551
0.22526
0.24583
0.10243
0.29700
0.26171
0.04188
0.07595
0.15319
0.31000
0.20997
0.23070
0.18722
0.27211
0.11188
0.13638
0.07093
0.15696
0.29488
0.14113
0.22903
0.15454
0.31705
0.19508
0.32277
0.22572
0.06782
0.28592
0.08092
0.09451
0.31857
0.17455
0.30204
0.14397
0.12556
0.20321
0.18900
0.29064
0.25927
0.09080
0.13947
0.18749
0.22515
0.19418
0.20876
0.13306
0.24993
0.16056
0.18753
0.21563
0.28235
0.14991
0.17157
0.19830
0.07867
0.09274
0.27213
0.24019
0.18728
0.22225
0.27495
0.18462
0.35883
0.24443
0.30801
0.19830
0.16755
0.20885
0.06507
0.21857
0.12637
0.12381
0.21928
0.23270
0.28330
0.25954
0.13506
0.06301
0.18245
0.16042
0.25886
0.29492
0.19873
0.23948
0.30208
0.16615
0.26996
0.14070
0.07466
0.05622
0.14373
0.09238
0.14105
0.26105
0.27832
0.15410
0.15146
0.10203
0.06488
0.13934
0.29098
