0.09415
0.10472
0.09661
0.23545
0.07609
0.14141
0.23667
0.15164
0.17545
0.05550
0.18987
0.14545
0.15875
0.12678
0.12953
0.20006
0.12748
0.09661
0.09807
0.17155
0.27664
0.13985
0.15334
0.07359
0.24805
0.15237
0.14098
0.28324
0.11121
0.18191
0.14493
0.23988
0.16764
0.10045
0.12710
0.10001
0.12178
0.08630
0.17097
0.18246
0.29683
0.25422
0.09424
0.11152
0.27916
0.22385
0.11800
0.24531
0.18041
0.14921
0.11657
0.18362
0.13435
0.29314
0.10175
0.21652
0.21576
0.11636
0.09501
0.11140
0.27760
0.27995
0.13556
0.21455
0.29920
0.29128
0.10407
0.18663
0.13234
0.06895
0.16047
0.27987
0.30098
0.17896
0.24541
0.11634
0.13959
0.03022
0.18691
0.20689
0.30749
0.14308
0.30752
0.25411
0.27115
0.35508
0.10422
0.08701
0.14869
0.22385
0.32960
0.18930
0.08394
0.27947
0.07970
0.16906
0.21665
0.20748
0.19315
0.17010
0.10798
0.17570
0.12723
0.13657
0.19502
0.28557
0.15607
0.18725
0.21228
0.29250
0.03264
0.23253
0.10650
0.24112
0.11656
0.18405
0.25845
0.09067
0.09861
0.15816
0.22168
0.09017
0.28102
0.06152
0.11681
0.16089
0.31048
0.28050
0.15961
0.22695
0.07903
0.12242
0.25965
0.31944
0.12276
0.16925
0.06566
0.28650
0.25447
0.05024
0.16690
0.02950
0.27196
0.18262
0.18759
0.26873
0.08718
0.30317
0.18860
0.09419
0.21999
0.24452
0.12591
0.32968
0.31327
0.30645
0.08197
0.12325
0.14610
0.19325
0.24639
0.24158
0.31061
0.31282
0.09801
0.11796
0.28195
0.27909
0.09101
0.27251
0.06153
0.21341
0.23760
0.05499
0.15804
0.22199
0.07507
0.08136
0.19880
0.29940
0.09656
0.10951
0.17439
0.12669
0.08474
0.18396
0.24195
0.21964
0.23658
0.20500
0.12952
0.08313
0.05420
0.11418
0.17660
0.21613
0.18709
0.20435
0.10374
0.27410
0.20313
0.08421
0.13619
0.16472
0.08148
0.22638
0.13197
0.23162
0.24789
0.12418
0.24593
0.22583
0.11766
0.23652
0.26423
0.23323
0.14110
0.25520
0.22826
0.33144
0.09347
0.21193
0.13250
0.06570
0.13234
0.11743
0.15142
0.23797
0.15525
0.09583
0.25244
0.12454
0.22559
0.11815
0.06807
0.23697
0.11929
0.05940
0.13340
0.26612
0.09938
0.29511
0.09881
0.10480
0.16269
0.21425
0.13236
0.08754
0.09382
0.11198
0.10121
0.16120
0.12475
0.24653
0.15595
0.18720
0.16705
0.10472
0.08793
0.14576
0.17341
0.19182
0.20164
0.16979
0.13183
0.27582
0.28630
0.09309
0.21178
0.05101
0.13504
0.13114
0.07932
0.06031
0.38851
0.16200
0.06694
0.18706
0.16028
0.14676
0.16910
0.32308
0.11569
0.10413
0.30145
0.11815
0.16519
0.15103
0.19488
0.16635
0.09202
0.06075
0.20028
0.22399
0.16353
0.09713
0.20362
0.17458
0.18565
0.14480
0.31867
0.29678
0.25449
0.11623
0.09593
0.25924
0.28428
0.34654
0.06442
0.23282
0.11209
0.31591
0.15072
0.08477
0.13915
0.14701
0.15246
0.21892
0.24511
0.09327
0.07772
0.06759
0.25166
0.15739
0.18545
0.15986
0.22224
0.24777
0.16512
0.05664
0.26083
0.30070
0.35751
0.23240
0.33707
0.23710
0.25432
0.30209
0.25130
0.21491
0.05703
0.09537
0.14134
0.24524
0.04822
0.08773
0.18375
0.16246
0.24501
0.12057
0.19210
0.12842
0.27993
0.25605
0.24260
0.19328
0.31393
0.11406
0.15840
0.30197
0.10335
0.20672
0.06900
0.13501
0.17117
0.09507
0.22117
0.32427
0.12559
0.10093
0.17065
0.26678
0.10490
0.05109
0.09451
0.07738
0.07662
0.08551
0.16926
0.06483
0.29068
0.15533
0.20589
0.10723
0.20459
0.30147
0.20074
0.27207
0.35086
0.18628
0.29536
0.31959
0.30297
0.29573
0.27868
0.22089
0.35551
0.25105
0.24368
0.23237
0.23314
0.31335
0.19122
0.37587
0.33748
0.26534
0.27651
0.26145
0.28673
0.36325
0.31587
0.22326
0.32317
0.32987
0.20998
0.22342
0.32470
0.27965
0.26673
0.25665
0.27939
0.31446
0.25767
0.22079
0.34380
0.26805
0.21196
0.32593
0.19838
0.30418
0.35109
0.28686
0.26925
0.27627
0.25740
0.22438
0.26443
0.32722
0.20459
0.27993
0.32414
0.19985
0.29770
0.31789
0.19799
0.29759
0.27671
0.28595
0.31612
0.30266
0.25172
0.18314
0.29699
0.37447
0.15588
0.29676
0.21873
0.18192
0.22068
0.37865
0.32040
0.33245
0.17538
0.36519
0.28060
0.28885
0.37064
0.32181
0.28755
0.29429
0.25390
0.28920
0.19990
0.35517
0.27809
0.21418
0.18945
0.30785
0.19562
0.28279
0.28878
0.26791
0.35706
0.33460
0.22042
0.33681
0.33152
0.14547
0.20454
0.26057
0.21601
0.17661
0.17779
0.30493
0.35937
0.27603
0.25179
0.25025
0.28683
0.24026
0.26452
0.25688
0.25980
0.23304
0.28411
0.26969
0.23578
0.19633
0.36058
0.29178
0.19375
0.29829
0.32230
0.26088
0.36062
0.31735
0.23680
0.25939
0.21249
0.29906
0.31705
0.28139
0.27246
0.25873
0.17647
0.30958
0.24501
0.26676
0.23840
0.30993
0.29689
0.29429
0.21173
0.24030
0.30045
0.22126
0.25900
0.20883
0.24454
0.24722
0.24383
0.18512
0.30240
0.32751
0.33211
0.20186
0.20712
0.33579
0.21538
0.19636
0.20530
0.29731
0.31782
0.17723
0.19979
0.30784
0.26413
0.20542
0.17962
0.22786
0.27323
0.22423
0.24652
0.27901
0.27941
0.18293
0.24270
0.28205
0.28702
0.21321
0.27185
0.27448
0.27066
0.37009
0.21652
0.30096
0.23363
0.36868
0.31203
0.25305
0.29122
0.27610
0.27817
0.20988
0.32441
0.28781
0.25209
0.29283
0.28818
0.34354
0.25570
0.31065
0.23888
0.33586
0.21360
0.26991
0.23342
0.25503
0.29010
0.27848
0.22506
0.26302
0.26940
0.31461
0.22013
0.31069
0.24921
0.22970
0.30507
0.29619
0.30242
0.15666
0.21725
0.33341
0.33569
0.24945
0.27914
0.28896
0.26946
0.24518
0.19303
0.30068
0.28574
0.30586
0.26899
0.19996
0.27295
0.31734
0.27061
0.25726
0.20778
0.34130
0.25799
0.17430
0.22012
0.29109
0.28912
0.28653
0.25675
0.25552
0.33478
0.36451
0.17883
0.24448
0.32173
0.21905
0.25280
0.30787
0.34696
0.25568
0.20916
0.20179
0.25067
0.26471
0.35823
0.31702
0.31148
0.26328
0.24575
0.26941
0.30786
0.29248
0.19489
0.34536
0.23197
0.24919
0.33856
0.31519
0.27284
0.23409
0.24117
0.29745
0.30485
0.34260
0.26816
0.27531
0.22233
0.29083
0.30385
0.14284
0.24107
0.19596
0.21621
0.26462
0.25812
0.26591
0.25798
0.25716
0.23765
0.19061
0.26826
0.33371
0.27369
0.26925
0.22174
0.30192
0.25937
0.22931
0.20252
0.31714
0.29982
0.34711
0.25995
0.26595
0.28268
0.27317
0.23155
0.28901
0.19590
0.32042
0.27056
0.34382
0.28920
0.30437
0.34804
0.28420
0.23836
0.26649
0.21201
0.19285
0.28263
0.20849
0.28754
0.31916
0.26143
0.30924
0.38444
0.29808
0.33477
0.28322
0.32660
0.29752
0.35961
0.22979
0.28185
0.33366
0.33052
0.28707
0.34870
0.39400
0.24714
0.25938
0.32513
0.23172
0.30888
0.33295
0.24630
0.23505
0.33811
0.23870
0.27656
0.31994
0.28130
0.24738
0.21796
0.28422
0.31618
0.29692
0.29716
0.30292
0.25114
0.28248
0.28558
0.28968
0.23919
0.25400
0.16111
0.34150
0.31807
0.36261
0.30140
0.32161
0.37414
0.38817
0.26347
0.19204
0.30050
0.40857
0.28338
0.21558
0.29658
0.35340
0.26515
0.23289
0.31644
0.22126
0.30125
0.26235
0.33334
0.36630
0.41872
0.34468
0.29997
0.27180
0.38018
0.30761
0.29244
0.29630
0.34055
0.27071
0.21071
0.33711
0.46307
0.27268
0.41380
0.39398
0.19311
0.29910
0.33907
0.32204
0.31418
0.23906
0.29652
0.20533
0.29226
0.27955
0.27192
0.32652
0.37116
0.29733
0.26850
0.27029
0.19307
0.24041
0.37924
0.25137
0.14702
0.33681
0.20367
0.21545
0.37295
0.16743
0.24894
0.22193
0.31126
0.24493
0.45594
0.20798
0.31682
0.36815
0.23103
0.23841
0.27450
0.26901
0.24238
0.34747
0.19531
0.35577
0.33350
0.23939
0.25103
0.24351
0.34191
0.27708
0.23093
0.32478
0.44062
0.32390
0.27235
0.35176
0.35984
0.24208
0.28300
0.26891
0.37956
0.18974
0.23047
0.21370
0.35594
0.29789
0.23255
0.28541
0.32433
0.38335
0.22705
0.31462
0.31944
0.32291
0.30537
0.25654
0.37613
0.28326
0.24108
0.29036
0.31263
0.34105
0.27881
0.30990
0.25296
0.35827
0.24059
0.23831
0.28597
0.28111
0.24506
0.30037
0.19304
0.28207
0.21680
0.02632
0.11015
0.19954
0.22830
0.27057
0.20470
0.26852
0.33639
0.22812
0.14792
0.21583
0.04229
0.24896
0.26143
0.17995
0.28016
0.12488
0.09910
0.19790
0.16348
0.09411
0.18108
0.21760
0.29294
0.20327
0.20317
0.30350
0.06298
0.31226
0.23345
0.05053
0.05918
0.13770
0.27631
0.20033
0.23234
0.20417
0.30057
0.06138
0.03719
0.06095
0.03314
0.27492
0.15185
0.13848
0.16580
0.28692
0.14733
0.30489
0.20923
0.08988
0.30603
0.09855
0.09797
0.27591
0.20215
0.26448
0.14120
0.07637
0.18201
0.19696
0.27818
0.22359
0.05678
0.11417
0.19096
0.21147
0.21703
0.19876
0.12769
0.23344
0.16578
0.11166
0.25571
0.22859
0.16945
0.17416
0.20527
0.10737
0.05592
0.27870
0.17322
0.18501
0.24073
0.24953
0.19006
0.31230
0.22090
0.30114
0.16533
0.23433
0.16947
0.06088
0.25850
0.11769
0.06747
0.15596
0.22936
0.25766
0.22347
0.08763
0.14917
0.13460
0.21467
0.21320
0.33638
0.18199
0.22154
0.32346
0.15744
0.22361
0.09631
0.05409
0.07486
0.14297
0.12014
0.14698
0.20349
0.22894
0.10538
0.12538
0.06295
0.04949
0.09264
0.29996
