0.11094
0.08915
0.08883
0.25142
0.07139
0.15771
0.23770
0.17407
0.21507
0.08988
0.21797
0.13814
0.17469
0.12218
0.14528
0.24611
0.13063
0.13118
0.06193
0.15597
0.31478
0.16174
0.10112
0.06116
0.19466
0.14321
0.10949
0.26713
0.13082
0.18884
0.17477
0.25607
0.13556
0.09966
0.11521
0.09757
0.11728
0.11269
0.12980
0.15308
0.30880
0.27131
0.08117
0.15525
0.27688
0.23211
0.16572
0.22813
0.17200
0.16028
0.09303
0.16093
0.14217
0.29888
0.10137
0.25329
0.27695
0.12673
0.14180
0.08659
0.27002
0.28703
0.11326
0.24357
0.26281
0.33236
0.02995
0.18747
0.10855
0.05898
0.12556
0.29718
0.31991
0.19860
0.23422
0.18260
0.12311
0.03535
0.22724
0.16600
0.33021
0.24785
0.32852
0.25785
0.29838
0.35961
0.10001
0.10171
0.13626
0.23134
0.32259
0.17208
0.09469
0.26902
0.05930
0.21750
0.23038
0.21079
0.20598
0.18873
0.10703
0.19069
0.16715
0.14110
0.20256
0.29776
0.18937
0.18017
0.17834
0.28466
0.04429
0.26551
0.08654
0.16233
0.11548
0.20672
0.27820
0.07000
0.09919
0.19643
0.22074
0.09799
0.28918
0.01780
0.09490
0.16087
0.31008
0.28482
0.22447
0.25822
0.12076
0.13685
0.29067
0.33185
0.10622
0.17036
0.06232
0.27501
0.23041
0.05218
0.20329
0.03438
0.27842
0.23198
0.15604
0.30181
0.07615
0.34633
0.19197
0.08986
0.21336
0.26281
0.11812
0.29571
0.32251
0.33723
0.10081
0.16951
0.15752
0.22215
0.30017
0.28421
0.26899
0.31821
0.10747
0.10531
0.30084
0.28552
0.06907
0.28269
0.03043
0.23552
0.24569
0.02931
0.13569
0.19309
0.09223
0.08631
0.15993
0.26373
0.09341
0.11567
0.20288
0.16772
0.13163
0.23367
0.20955
0.23040
0.24026
0.20773
0.15227
0.09481
0.05059
0.13325
0.12465
0.23854
0.18187
0.12598
0.09983
0.27729
0.21939
0.06453
0.20409
0.14190
0.05002
0.26130
0.12407
0.17031
0.23924
0.15505
0.26973
0.22736
0.11135
0.23145
0.23351
0.26536
0.12843
0.31893
0.23464
0.33725
0.14480
0.26949
0.11723
0.06249
0.10382
0.08718
0.19715
0.24268
0.16808
0.05624
0.27539
0.14548
0.21075
0.12155
0.05419
0.27290
0.11467
0.06217
0.12780
0.25290
0.07076
0.31606
0.11675
0.13109
0.19470
0.22188
0.13235
0.08135
0.13414
0.10478
0.12629
0.10367
0.15022
0.28674
0.13545
0.17120
0.16809
0.13330
0.07509
0.14447
0.21945
0.16196
0.20267
0.14405
0.14910
0.25073
0.26325
0.09441
0.20832
0.04620
0.12007
0.12333
0.08015
0.03106
0.36947
0.15857
0.07869
0.20587
0.11699
0.07976
0.12745
0.33996
0.14203
0.06321
0.27570
0.11506
0.18322
0.18461
0.14092
0.17757
0.07203
0.11698
0.17376
0.26086
0.17902
0.10446
0.15970
0.20772
0.21461
0.13626
0.32625
0.27872
0.25174
0.16881
0.17297
0.30231
0.31514
0.32278
0.02625
0.24147
0.10854
0.26735
0.14896
0.09572
0.15352
0.13971
0.09536
0.20181
0.21181
0.06804
0.09855
0.07248
0.28054
0.20621
0.28692
0.21529
0.20982
0.24306
0.10877
0.08370
0.27366
0.30005
0.34279
0.26073
0.30811
0.21624
0.23632
0.30558
0.28016
0.27634
0.07452
0.10319
0.11326
0.21896
0.06568
0.08049
0.22168
0.14025
0.22990
0.08573
0.17925
0.15785
0.30130
0.21716
0.27193
0.21961
0.28297
0.12101
0.16905
0.30992
0.09682
0.19567
0.06633
0.09705
0.16236
0.09131
0.21626
0.32494
0.10364
0.07997
0.18349
0.24456
0.11380
0.07083
0.08081
0.06936
0.08338
0.07921
0.19621
0.08976
0.26608
0.17190
0.20120
0.12336
0.16613
0.26213
0.26901
0.32212
0.33110
0.20361
0.24614
0.31718
0.32640
0.35448
0.27150
0.29911
0.33078
0.29883
0.24072
0.28595
0.20860
0.33040
0.18686
0.36125
0.31111
0.25526
0.30889
0.26203
0.29686
0.37047
0.32648
0.28332
0.27503
0.32010
0.27132
0.29969
0.30120
0.29751
0.25788
0.27377
0.32868
0.28173
0.30623
0.23804
0.33700
0.30681
0.28804
0.35585
0.22995
0.32120
0.32740
0.31377
0.33121
0.33756
0.32310
0.25762
0.33239
0.32494
0.27999
0.34458
0.28904
0.29479
0.30813
0.31009
0.21544
0.33391
0.27159
0.26110
0.29430
0.25641
0.30992
0.17300
0.27066
0.35229
0.10691
0.29255
0.26469
0.25224
0.19022
0.37839
0.31451
0.29841
0.18402
0.32403
0.28432
0.27781
0.34750
0.27510
0.33961
0.29918
0.24346
0.30288
0.16851
0.35092
0.32751
0.27532
0.17863
0.34824
0.22676
0.28251
0.27334
0.26376
0.33349
0.29480
0.23445
0.29598
0.28495
0.19569
0.22126
0.33394
0.18614
0.17764
0.17775
0.29385
0.31484
0.31161
0.29849
0.24830
0.34164
0.23297
0.32867
0.31399
0.32894
0.19141
0.26792
0.32316
0.20933
0.19691
0.35043
0.27599
0.24946
0.31042
0.29320
0.25954
0.36425
0.28161
0.24209
0.32305
0.20490
0.26745
0.31448
0.30473
0.27711
0.25668
0.19026
0.34329
0.24526
0.33399
0.22073
0.31550
0.35009
0.26264
0.19474
0.20587
0.28933
0.18357
0.33512
0.18626
0.25436
0.21647
0.22186
0.27504
0.32144
0.31063
0.30673
0.29022
0.26662
0.30152
0.23913
0.26521
0.26789
0.28892
0.30945
0.16129
0.18730
0.26116
0.31493
0.25667
0.15954
0.18661
0.23932
0.27062
0.22667
0.28861
0.34729
0.15466
0.29804
0.24422
0.32477
0.19939
0.33039
0.28708
0.25886
0.37960
0.20095
0.30714
0.25074
0.34331
0.28522
0.30800
0.28938
0.32730
0.25667
0.19306
0.30264
0.29140
0.30390
0.24934
0.26279
0.31748
0.26115
0.23750
0.24028
0.31872
0.27729
0.32581
0.23616
0.31060
0.27042
0.26206
0.20545
0.28838
0.26283
0.32399
0.23579
0.32031
0.25438
0.31540
0.27215
0.26882
0.28309
0.15942
0.26998
0.30043
0.29275
0.30811
0.32731
0.34518
0.26871
0.29488
0.27162
0.28723
0.31821
0.31946
0.25672
0.15248
0.33015
0.27991
0.27529
0.29645
0.23427
0.31336
0.32709
0.25305
0.20036
0.26696
0.28058
0.33142
0.30988
0.26052
0.33328
0.32775
0.16379
0.25348
0.28078
0.30081
0.32128
0.33120
0.31494
0.23823
0.21423
0.14872
0.30386
0.32149
0.34437
0.29674
0.29334
0.32829
0.25755
0.26840
0.26542
0.25334
0.18468
0.31529
0.24763
0.24260
0.31321
0.29699
0.29514
0.25633
0.29923
0.26123
0.37128
0.31645
0.25472
0.25049
0.17537
0.34993
0.30941
0.14069
0.31548
0.15919
0.28098
0.31978
0.23219
0.32034
0.21997
0.30327
0.20941
0.28143
0.25847
0.31935
0.32732
0.30466
0.19896
0.25839
0.25930
0.26532
0.24067
0.32157
0.26726
0.34559
0.27675
0.30149
0.32721
0.29660
0.28850
0.26265
0.18884
0.31032
0.29271
0.32487
0.26565
0.29549
0.33386
0.25336
0.30714
0.33200
0.16456
0.24253
0.33458
0.28056
0.34277
0.27563
0.33123
0.36253
0.37621
0.30311
0.32624
0.28096
0.29012
0.28291
0.33850
0.30750
0.28023
0.30042
0.29722
0.33063
0.29744
0.37655
0.19354
0.29683
0.34490
0.25394
0.30574
0.32766
0.25972
0.25772
0.32828
0.23607
0.32426
0.28984
0.32332
0.29120
0.29879
0.30163
0.24032
0.27658
0.35353
0.26886
0.28641
0.33919
0.28484
0.34384
0.31543
0.28431
0.14451
0.28713
0.34445
0.34667
0.33958
0.31620
0.43179
0.42954
0.31146
0.19205
0.34607
0.37827
0.28688
0.17014
0.33596
0.34591
0.25225
0.27065
0.30948
0.26091
0.26245
0.28135
0.36020
0.34911
0.37164
0.30612
0.34249
0.29467
0.41190
0.26069
0.29190
0.33328
0.36728
0.31955
0.20482
0.31399
0.45695
0.26495
0.42281
0.44353
0.17453
0.31596
0.38702
0.33081
0.28058
0.27987
0.31864
0.23501
0.28046
0.34502
0.30832
0.28308
0.39453
0.32204
0.32155
0.26852
0.25327
0.30003
0.41921
0.19559
0.11101
0.35699
0.14148
0.22567
0.42521
0.16740
0.21061
0.22399
0.31334
0.24312
0.45677
0.19047
0.36795
0.40937
0.26091
0.20085
0.28521
0.24487
0.22797
0.39434
0.18865
0.37651
0.34107
0.30301
0.27036
0.27693
0.34113
0.28290
0.20387
0.30689
0.44006
0.32371
0.30370
0.38528
0.39127
0.26054
0.26032
0.28876
0.38611
0.18741
0.22959
0.25479
0.34781
0.31665
0.25933
0.30068
0.33396
0.34004
0.21345
0.32531
0.36149
0.30156
0.31997
0.26962
0.39212
0.32244
0.24576
0.32101
0.33497
0.32629
0.27750
0.31655
0.23327
0.33462
0.26635
0.28692
0.34683
0.33574
0.26416
0.32529
0.22449
0.34861
0.17469
0.04868
0.14995
0.20930
0.23066
0.31332
0.21470
0.26904
0.33948
0.21625
0.04585
0.20673
0.05625
0.28219
0.25473
0.19019
0.32373
0.08647
0.10379
0.19724
0.21701
0.07416
0.15433
0.26193
0.25942
0.20661
0.20433
0.24421
0.07057
0.33766
0.24499
0.08647
0.08324
0.12063
0.29263
0.19717
0.25008
0.17283
0.32902
0.04877
0.03386
0.05003
0.11004
0.29640
0.11397
0.13675
0.16623
0.34682
0.14070
0.31216
0.21456
0.03696
0.31718
0.08632
0.08825
0.25429
0.19833
0.29274
0.09183
0.07636
0.20192
0.21864
0.28417
0.26563
0.01505
0.06018
0.17259
0.20824
0.18622
0.15852
0.07038
0.28753
0.20459
0.07687
0.28526
0.29023
0.12328
0.21395
0.18281
0.04744
0.05311
0.26256
0.16542
0.19401
0.23981
0.27863
0.19295
0.36737
0.23810
0.27135
0.24437
0.21991
0.22817
0.03977
0.24607
0.07414
0.07876
0.16341
0.20986
0.26934
0.25429
0.07337
0.07339
0.15216
0.24793
0.29039
0.31696
0.05182
0.22558
0.35105
0.10639
0.25256
0.08457
0.07158
0.05489
0.20949
0.06144
0.06418
0.25746
0.26886
0.14049
0.16360
0.04719
0.06221
0.11750
0.29345
