0.08772
0.10736
0.05475
0.25058
0.08064
0.15933
0.21415
0.15878
0.17877
0.08158
0.20851
0.13012
0.18120
0.11064
0.11048
0.23535
0.12338
0.15157
0.07771
0.12922
0.32632
0.14269
0.12830
0.06867
0.19617
0.15289
0.10684
0.25582
0.13151
0.19010
0.16452
0.22364
0.13163
0.11014
0.13305
0.08801
0.11269
0.10208
0.11023
0.17696
0.28229
0.27575
0.06421
0.17551
0.28188
0.17679
0.15354
0.27027
0.20264
0.13808
0.08984
0.14467
0.14779
0.24593
0.09443
0.24925
0.21100
0.12959
0.13913
0.10613
0.23973
0.29639
0.12333
0.22393
0.26175
0.31234
0.04441
0.17601
0.15928
0.05137
0.12155
0.30394
0.31120
0.22220
0.21158
0.14335
0.08252
0.03112
0.19696
0.15239
0.32625
0.21667
0.33316
0.27375
0.24499
0.34442
0.08875
0.11946
0.14697
0.25122
0.32341
0.19280
0.10446
0.21700
0.06147
0.18740
0.22209
0.18944
0.19596
0.16526
0.09112
0.20080
0.15295
0.12537
0.23454
0.30698
0.19212
0.19523
0.22910
0.28089
0.03922
0.26906
0.07273
0.22011
0.11733
0.18156
0.25792
0.04672
0.07737
0.16697
0.20743
0.09075
0.26944
0.01182
0.08270
0.16615
0.32002
0.26829
0.17531
0.28312
0.10685
0.14629
0.24903
0.32186
0.11825
0.16000
0.06799
0.28187
0.22490
0.03332
0.18398
0.05876
0.30712
0.18957
0.15136
0.28736
0.08853
0.35047
0.16406
0.08821
0.18365
0.25942
0.11992
0.31131
0.33640
0.31287
0.09298
0.14771
0.13005
0.20177
0.27429
0.25326
0.25926
0.32216
0.09017
0.16347
0.28546
0.26210
0.10057
0.25665
0.05742
0.24070
0.19228
0.06167
0.11061
0.21205
0.09032
0.08091
0.18207
0.26657
0.08321
0.10303
0.20901
0.19560
0.10374
0.15401
0.23228
0.26940
0.25121
0.22912
0.11961
0.06781
0.03840
0.15330
0.15374
0.22168
0.24321
0.16557
0.11636
0.27311
0.19714
0.04311
0.17035
0.13730
0.06862
0.23135
0.13438
0.20147
0.24740
0.10837
0.28867
0.23750
0.11577
0.18934
0.24789
0.24752
0.12545
0.27075
0.23788
0.32676
0.11136
0.23989
0.10358
0.06867
0.10977
0.06780
0.17411
0.23972
0.16409
0.10581
0.26469
0.12025
0.20260
0.13214
0.05536
0.25624
0.12226
0.03844
0.10872
0.25730
0.10443
0.30664
0.12076
0.10748
0.16062
0.22119
0.10602
0.03656
0.15597
0.09283
0.11163
0.11200
0.13322
0.22340
0.13275
0.14776
0.18320
0.11264
0.06066
0.14542
0.22647
0.16791
0.20603
0.16743
0.14433
0.26072
0.26432
0.08739
0.14863
0.07780
0.09673
0.12115
0.09470
0.04244
0.33925
0.17493
0.09360
0.19537
0.21472
0.04966
0.10716
0.31555
0.10328
0.08503
0.30823
0.12768
0.20756
0.19028
0.17531
0.20797
0.08158
0.13199
0.21676
0.22150
0.20824
0.11119
0.17717
0.16804
0.17853
0.15334
0.33826
0.28898
0.24267
0.14159
0.15514
0.30070
0.29403
0.33418
0.03611
0.21500
0.11613
0.24383
0.15507
0.10322
0.14897
0.11060
0.07720
0.19197
0.17266
0.04870
0.11652
0.05438
0.21896
0.18581
0.25233
0.18958
0.18452
0.24743
0.12269
0.04249
0.30392
0.26713
0.33127
0.27728
0.26450
0.21236
0.23060
0.30192
0.27859
0.22346
0.06535
0.10852
0.13455
0.21339
0.05335
0.06369
0.22036
0.15044
0.23973
0.11944
0.18780
0.13215
0.28320
0.20942
0.25914
0.20550
0.23569
0.15346
0.14998
0.30653
0.07061
0.20753
0.06965
0.07724
0.24854
0.06312
0.22249
0.30151
0.08531
0.08111
0.11626
0.25059
0.10961
0.03391
0.05010
0.07884
0.06324
0.10682
0.22789
0.09129
0.24852
0.16706
0.19666
0.13079
0.15311
0.26252
0.25086
0.30288
0.32175
0.19258
0.24386
0.30843
0.31773
0.33923
0.27415
0.27317
0.31648
0.29417
0.23946
0.26226
0.19830
0.31713
0.18615
0.35338
0.27482
0.22051
0.27870
0.25402
0.28225
0.35137
0.31159
0.27336
0.28363
0.32651
0.25212
0.28255
0.27680
0.26834
0.21228
0.25716
0.31215
0.28280
0.29939
0.17877
0.32139
0.27869
0.28187
0.31790
0.22871
0.28411
0.32966
0.30355
0.32398
0.31579
0.29030
0.22845
0.29763
0.30340
0.24926
0.31240
0.27884
0.27835
0.30730
0.29373
0.20970
0.32222
0.23877
0.25306
0.28283
0.24889
0.29769
0.16074
0.24518
0.35156
0.10220
0.27706
0.25737
0.24488
0.15756
0.35964
0.28365
0.30429
0.16919
0.31760
0.26934
0.25950
0.34683
0.27467
0.31010
0.28591
0.24733
0.27195
0.13746
0.33650
0.30028
0.26059
0.18948
0.32087
0.18266
0.24200
0.27703
0.24656
0.33226
0.26286
0.18220
0.29239
0.29293
0.12033
0.18816
0.30496
0.16513
0.18640
0.15130
0.29185
0.30900
0.28594
0.28755
0.24050
0.31376
0.18054
0.31110
0.30119
0.31038
0.23872
0.27411
0.29693
0.20145
0.13496
0.32043
0.25934
0.22869
0.31352
0.27536
0.24740
0.35174
0.28595
0.20847
0.29804
0.17494
0.26285
0.28435
0.30976
0.26424
0.24354
0.19582
0.31927
0.22410
0.30073
0.19661
0.28956
0.32245
0.25577
0.15817
0.20279
0.26001
0.16776
0.32742
0.17540
0.24704
0.24331
0.21447
0.24919
0.28816
0.29262
0.29906
0.27799
0.25027
0.29887
0.22850
0.25883
0.26168
0.27866
0.29777
0.14910
0.19072
0.28171
0.29331
0.24833
0.15816
0.20770
0.23656
0.26565
0.22537
0.29010
0.32256
0.16081
0.27848
0.23883
0.30166
0.18249
0.31823
0.28421
0.24824
0.35319
0.18979
0.28812
0.22668
0.33705
0.27683
0.29273
0.26396
0.31191
0.22449
0.18995
0.28456
0.26688
0.29061
0.25952
0.24820
0.30892
0.23024
0.27061
0.24971
0.31159
0.24878
0.30141
0.23120
0.28845
0.25395
0.27176
0.17013
0.27156
0.25501
0.27963
0.21437
0.31527
0.22010
0.29680
0.26895
0.27020
0.25560
0.15737
0.24989
0.29781
0.27841
0.27891
0.30454
0.31667
0.25072
0.28195
0.26502
0.29236
0.27290
0.28973
0.23614
0.14186
0.31971
0.26308
0.24922
0.30067
0.15967
0.31378
0.31785
0.22113
0.20366
0.25590
0.28377
0.30356
0.29495
0.26876
0.29608
0.31590
0.15225
0.22110
0.28026
0.28957
0.29511
0.28239
0.30923
0.20780
0.22002
0.16969
0.29269
0.30152
0.34702
0.28460
0.26797
0.30565
0.22172
0.24320
0.27918
0.24008
0.19190
0.29150
0.22462
0.21982
0.29603
0.30120
0.29247
0.22794
0.27854
0.26114
0.34770
0.31538
0.24471
0.25034
0.17630
0.32232
0.29056
0.14517
0.29351
0.16631
0.26657
0.29400
0.20632
0.29943
0.22549
0.29438
0.20811
0.27511
0.25817
0.30216
0.30465
0.29380
0.20433
0.24722
0.23471
0.23904
0.25274
0.26019
0.23160
0.33862
0.26336
0.28462
0.30162
0.26743
0.27382
0.24447
0.20552
0.29203
0.27506
0.30824
0.27392
0.25390
0.31693
0.24289
0.29249
0.31704
0.20168
0.24272
0.30091
0.26313
0.31271
0.28159
0.30631
0.33152
0.37743
0.27854
0.30246
0.24390
0.27604
0.25493
0.33054
0.27802
0.27490
0.29739
0.28258
0.30767
0.30025
0.35794
0.22381
0.26885
0.29663
0.24693
0.28735
0.29916
0.22520
0.26982
0.31870
0.21843
0.29657
0.28869
0.31773
0.26314
0.27690
0.28353
0.25408
0.25850
0.33501
0.25434
0.27481
0.30649
0.26687
0.31076
0.29727
0.27045
0.14643
0.31403
0.33418
0.34417
0.32924
0.28726
0.40122
0.39641
0.29193
0.17111
0.32066
0.37641
0.27071
0.16472
0.31043
0.32290
0.21583
0.25852
0.29774
0.26656
0.24487
0.26564
0.33526
0.32360
0.36799
0.29956
0.32002
0.28994
0.38572
0.27750
0.29634
0.32442
0.33785
0.29132
0.19353
0.30356
0.43979
0.22495
0.40516
0.40688
0.18173
0.30841
0.35839
0.32486
0.26756
0.26871
0.30188
0.24609
0.27458
0.31586
0.29267
0.26512
0.37570
0.31028
0.30638
0.22198
0.21407
0.30002
0.39843
0.20006
0.11597
0.32868
0.13680
0.17450
0.40144
0.12370
0.22525
0.21138
0.30961
0.25516
0.43307
0.15705
0.33807
0.37878
0.24812
0.22185
0.26822
0.22996
0.21924
0.35570
0.16300
0.35401
0.33333
0.28868
0.25598
0.26647
0.33046
0.28959
0.17758
0.28942
0.40886
0.30963
0.28609
0.36832
0.36726
0.25065
0.22696
0.29607
0.37916
0.18168
0.21667
0.24847
0.35066
0.30447
0.24602
0.28457
0.31696
0.33225
0.20423
0.31705
0.36460
0.29766
0.30286
0.25596
0.36870
0.30634
0.23614
0.30097
0.31738
0.33507
0.26601
0.32054
0.22522
0.31483
0.25648
0.26891
0.32996
0.31548
0.25540
0.30960
0.17599
0.34700
0.25422
0.06757
0.07379
0.25337
0.22136
0.28502
0.23494
0.24175
0.35555
0.21686
0.07537
0.19107
0.03022
0.29378
0.20439
0.18488
0.30097
0.08383
0.08684
0.16341
0.24068
0.05007
0.15243
0.23224
0.27121
0.22046
0.21497
0.27106
0.07198
0.31657
0.24736
0.06103
0.12047
0.11619
0.31015
0.14141
0.24745
0.18506
0.31758
0.04416
0.05351
0.11933
0.12084
0.26843
0.06709
0.15327
0.16022
0.28204
0.17036
0.29849
0.21152
0.06473
0.30624
0.09946
0.09083
0.27716
0.20250
0.28522
0.07022
0.05686
0.18709
0.20735
0.29299
0.23576
0.05832
0.07541
0.14880
0.20896
0.19713
0.16028
0.05356
0.28653
0.17461
0.05795
0.28858
0.29857
0.11548
0.14035
0.16313
0.06091
0.04905
0.27505
0.12612
0.19990
0.23732
0.27712
0.20316
0.34600
0.20840
0.27478
0.19263
0.17511
0.22476
0.04032
0.25983
0.13039
0.05591
0.23306
0.24258
0.31260
0.25547
0.04192
0.05773
0.14539
0.25186
0.27411
0.27528
0.09351
0.21876
0.32492
0.10293
0.21198
0.08912
0.05536
0.03459
0.14031
0.10808
0.07216
0.24053
0.23352
0.12148
0.06151
0.02922
0.06166
0.11784
0.29773
