0.25074
0.24426
0.19990
0.27853
0.15686
0.19350
0.25526
0.19754
0.21929
0.19742
0.25298
0.23777
0.23281
0.20303
0.16089
0.22091
0.17730
0.22293
0.20201
0.24488
0.29879
0.22794
0.18855
0.15865
0.23309
0.22116
0.23366
0.26631
0.17564
0.23747
0.16451
0.27427
0.22484
0.19124
0.20310
0.15030
0.18981
0.21752
0.26843
0.21458
0.31087
0.26542
0.21808
0.20866
0.27236
0.23895
0.17692
0.26863
0.27468
0.18063
0.17549
0.21977
0.19595
0.31312
0.20951
0.27504
0.27886
0.20575
0.21238
0.15822
0.23898
0.31459
0.20428
0.28471
0.29125
0.32341
0.17575
0.19607
0.20795
0.17054
0.24080
0.33742
0.33117
0.23533
0.26830
0.18970
0.19391
0.17114
0.25984
0.23662
0.31706
0.26892
0.34372
0.27464
0.29282
0.36234
0.18312
0.22046
0.22507
0.25922
0.31563
0.20900
0.17280
0.27941
0.15253
0.26829
0.21807
0.20682
0.21522
0.19694
0.20986
0.18559
0.25352
0.25173
0.23726
0.28663
0.23219
0.23758
0.23904
0.27321
0.13701
0.27273
0.18779
0.23501
0.22067
0.24913
0.27566
0.18498
0.20968
0.17142
0.25161
0.20910
0.30145
0.14415
0.15228
0.21747
0.31288
0.26899
0.21892
0.26139
0.17161
0.19336
0.30638
0.34616
0.22936
0.20098
0.16278
0.28193
0.23774
0.16419
0.21135
0.18116
0.28428
0.25749
0.22745
0.34560
0.19281
0.37130
0.20577
0.17569
0.26576
0.31828
0.17668
0.33412
0.32133
0.34849
0.20082
0.18902
0.23172
0.23171
0.28802
0.27822
0.29263
0.34231
0.17454
0.19498
0.31694
0.28185
0.17444
0.28083
0.16410
0.27871
0.26464
0.15311
0.20583
0.22473
0.17361
0.15949
0.21188
0.28960
0.18005
0.21156
0.23177
0.23687
0.18808
0.27290
0.25860
0.26340
0.24285
0.25170
0.20683
0.17989
0.12856
0.23464
0.25606
0.25168
0.25203
0.25331
0.19807
0.28434
0.26300
0.19309
0.24127
0.24655
0.15568
0.26515
0.19547
0.26651
0.26778
0.22925
0.25462
0.22288
0.19919
0.24135
0.25595
0.25293
0.22549
0.31189
0.26750
0.35130
0.18193
0.22919
0.21468
0.17718
0.18274
0.20992
0.21717
0.26693
0.22286
0.13976
0.26885
0.16421
0.26535
0.19899
0.16820
0.27026
0.22878
0.16458
0.19735
0.26180
0.21581
0.27093
0.19760
0.23701
0.22592
0.20527
0.22010
0.19871
0.23144
0.23790
0.22870
0.21803
0.20315
0.24481
0.20737
0.22069
0.17963
0.18292
0.17818
0.21164
0.25190
0.24358
0.27985
0.25512
0.23878
0.28741
0.27127
0.20795
0.21135
0.17433
0.19969
0.18985
0.17795
0.16078
0.36024
0.18598
0.18757
0.25096
0.21860
0.22193
0.22750
0.32955
0.22404
0.21401
0.30653
0.23953
0.21338
0.23051
0.27689
0.27304
0.18523
0.16644
0.23725
0.22715
0.22180
0.25246
0.23635
0.25239
0.24548
0.26416
0.33707
0.28470
0.28687
0.23312
0.21151
0.31674
0.32788
0.33909
0.19161
0.26510
0.20109
0.29736
0.22150
0.17595
0.21769
0.24293
0.21321
0.29578
0.27036
0.19786
0.22889
0.17104
0.26768
0.23770
0.28873
0.22181
0.23577
0.25019
0.23411
0.15415
0.31900
0.32604
0.35864
0.24944
0.32435
0.25009
0.24788
0.30409
0.28075
0.25856
0.19141
0.19581
0.19608
0.23116
0.12261
0.18565
0.25927
0.23163
0.27049
0.20394
0.21196
0.20388
0.29178
0.27351
0.26882
0.22073
0.31979
0.21911
0.20367
0.29267
0.19126
0.21750
0.19554
0.16100
0.22586
0.21789
0.27052
0.33250
0.22091
0.18170
0.26112
0.25034
0.22507
0.19004
0.19515
0.19610
0.15419
0.26004
0.22948
0.17115
0.28539
0.21103
0.22934
0.18293
0.19844
0.30301
0.19574
0.25417
0.35927
0.16577
0.29331
0.32052
0.26165
0.31508
0.29488
0.22989
0.34195
0.23310
0.24459
0.26812
0.21924
0.27454
0.22303
0.38891
0.33101
0.26703
0.22251
0.26680
0.23812
0.35242
0.29111
0.25436
0.32180
0.33402
0.19692
0.24025
0.32810
0.28180
0.24568
0.25683
0.26413
0.31032
0.22730
0.22930
0.34907
0.26353
0.23065
0.31915
0.19581
0.31122
0.35053
0.28279
0.27358
0.31441
0.27317
0.25902
0.27123
0.34115
0.18506
0.26431
0.32600
0.23432
0.26374
0.31872
0.19677
0.31859
0.27172
0.27487
0.30423
0.30101
0.24436
0.21525
0.29154
0.36201
0.15665
0.26891
0.21528
0.18795
0.21447
0.36125
0.29549
0.33203
0.16794
0.35584
0.26357
0.27336
0.36630
0.32094
0.27529
0.28567
0.24284
0.29392
0.20919
0.35655
0.27980
0.23059
0.17618
0.32254
0.22247
0.24547
0.29846
0.26157
0.34633
0.32650
0.23031
0.31662
0.32273
0.16022
0.17693
0.26795
0.19823
0.17698
0.15686
0.30586
0.33414
0.27944
0.25513
0.24730
0.29106
0.22343
0.30372
0.27297
0.28369
0.18369
0.28514
0.28314
0.20974
0.18676
0.34941
0.29896
0.18541
0.32651
0.32721
0.27252
0.35777
0.30721
0.25680
0.29251
0.22231
0.29253
0.30332
0.27167
0.28655
0.24074
0.16780
0.30715
0.22287
0.27166
0.24619
0.26910
0.32792
0.29696
0.19387
0.22009
0.27807
0.20875
0.27880
0.21745
0.20994
0.24598
0.23820
0.20803
0.29834
0.30971
0.32883
0.21997
0.20926
0.32577
0.22623
0.20655
0.20356
0.29943
0.30920
0.16744
0.19087
0.25933
0.27419
0.17727
0.17038
0.24182
0.26252
0.22488
0.26080
0.25047
0.32451
0.19455
0.25472
0.27627
0.27979
0.19524
0.28662
0.26858
0.27925
0.36635
0.19440
0.29012
0.25547
0.36331
0.31039
0.24990
0.29184
0.27168
0.26192
0.23189
0.31360
0.28053
0.24299
0.27739
0.27098
0.34126
0.25861
0.29350
0.20647
0.33228
0.21094
0.27690
0.22017
0.22269
0.27439
0.26604
0.23716
0.25670
0.24487
0.31696
0.18846
0.31779
0.25667
0.26108
0.28367
0.28423
0.28390
0.14482
0.21000
0.32832
0.32980
0.26184
0.26021
0.30172
0.26275
0.25887
0.19216
0.29425
0.29371
0.26821
0.23772
0.20962
0.26320
0.32434
0.25790
0.24851
0.22767
0.33333
0.26958
0.19105
0.21303
0.29648
0.29648
0.28406
0.26168
0.25630
0.35071
0.35164
0.17147
0.26516
0.31917
0.28314
0.25176
0.30853
0.34454
0.24191
0.19815
0.21513
0.25796
0.27139
0.36073
0.29062
0.29748
0.29397
0.23680
0.26485
0.29013
0.29199
0.17744
0.34268
0.20201
0.26138
0.34656
0.30956
0.23557
0.24725
0.24350
0.30350
0.34068
0.34183
0.25766
0.28319
0.22567
0.30125
0.31660
0.14642
0.25096
0.21174
0.24308
0.26872
0.23895
0.26189
0.24223
0.25121
0.23239
0.21856
0.23879
0.34823
0.26331
0.25016
0.18632
0.29624
0.24917
0.23790
0.18759
0.33925
0.28712
0.34476
0.25680
0.21131
0.28715
0.28848
0.21391
0.27378
0.19714
0.32683
0.29814
0.33017
0.27263
0.28407
0.34481
0.27315
0.23162
0.29555
0.18436
0.19726
0.26941
0.22105
0.28399
0.32022
0.28638
0.32207
0.38443
0.31622
0.31733
0.25921
0.30358
0.29336
0.35473
0.22379
0.26455
0.32579
0.31502
0.29977
0.32879
0.38587
0.24780
0.26440
0.34279
0.23401
0.32343
0.32729
0.24452
0.26331
0.34282
0.22937
0.25544
0.30561
0.27963
0.22934
0.24276
0.24170
0.28600
0.29189
0.32432
0.29418
0.21814
0.27561
0.26821
0.27349
0.28300
0.26768
0.14311
0.33890
0.29106
0.35959
0.31625
0.33144
0.40119
0.38726
0.25927
0.19588
0.27481
0.39053
0.26938
0.19902
0.30770
0.33427
0.26455
0.23265
0.32265
0.22661
0.29458
0.23586
0.34386
0.36696
0.41513
0.29144
0.29386
0.28195
0.37991
0.31700
0.32654
0.31770
0.33062
0.28190
0.18014
0.29416
0.46045
0.25959
0.39055
0.41164
0.22705
0.24575
0.32756
0.31531
0.31629
0.19887
0.26336
0.21899
0.29452
0.29490
0.30476
0.32197
0.35975
0.27285
0.24865
0.24073
0.20317
0.26818
0.37769
0.22590
0.13504
0.32706
0.16970
0.19903
0.40304
0.19315
0.26981
0.23347
0.28100
0.24737
0.44780
0.20068
0.31179
0.38616
0.21787
0.21148
0.23478
0.27289
0.20203
0.34675
0.19664
0.36756
0.35433
0.23047
0.25505
0.23378
0.35275
0.26310
0.23286
0.36286
0.41580
0.31223
0.26169
0.35836
0.37590
0.21316
0.28328
0.29747
0.38828
0.21203
0.24644
0.23750
0.37782
0.26725
0.23954
0.23471
0.33535
0.38406
0.26034
0.28400
0.32038
0.31131
0.27511
0.24831
0.37258
0.26006
0.28327
0.24595
0.30231
0.34651
0.25645
0.30187
0.22581
0.34079
0.27688
0.20788
0.31694
0.29974
0.25596
0.23452
0.14324
0.31178
0.24396
0.15636
0.16712
0.25842
0.20561
0.24230
0.20162
0.28044
0.35190
0.24014
0.19201
0.23339
0.14696
0.31189
0.24879
0.19055
0.25379
0.21300
0.18817
0.20400
0.26273
0.19730
0.20326
0.23845
0.31099
0.23362
0.21613
0.28206
0.18634
0.28364
0.16516
0.21223
0.14563
0.20880
0.28394
0.18818
0.21130
0.17781
0.30163
0.19261
0.20874
0.20115
0.12996
0.28809
0.17453
0.20202
0.26429
0.28972
0.24351
0.27928
0.19412
0.18213
0.22394
0.16372
0.17881
0.31217
0.14052
0.29925
0.23563
0.12013
0.20680
0.19769
0.28292
0.24830
0.14617
0.14102
0.18647
0.19656
0.18905
0.21750
0.20899
0.25605
0.18844
0.15477
0.27251
0.30960
0.23159
0.19475
0.22298
0.22013
0.12900
0.27867
0.21640
0.18583
0.27945
0.31279
0.14869
0.30460
0.23849
0.21277
0.23323
0.21601
0.20952
0.16785
0.25504
0.20045
0.18436
0.18866
0.24539
0.27667
0.20512
0.17400
0.20373
0.21983
0.24531
0.21110
0.30923
0.19160
0.27826
0.32961
0.21602
0.21523
0.22001
0.19820
0.17848
0.24617
0.17236
0.18946
0.25396
0.26682
0.24892
0.20023
0.16874
0.23169
0.20351
0.24538
