0.12083
0.09905
0.07855
0.25805
0.09369
0.12560
0.21415
0.13265
0.15388
0.05900
0.17663
0.11513
0.15830
0.11480
0.10536
0.21241
0.14769
0.13341
0.06318
0.12940
0.31887
0.11405
0.14435
0.04661
0.20545
0.13583
0.09524
0.27453
0.11705
0.18731
0.17133
0.26614
0.13230
0.11561
0.04704
0.09314
0.14195
0.06384
0.10377
0.14687
0.26924
0.27149
0.07647
0.16233
0.28339
0.21347
0.15168
0.23018
0.17500
0.17451
0.09140
0.13495
0.13684
0.30769
0.08902
0.22528
0.20317
0.11349
0.13105
0.08715
0.28265
0.28021
0.13319
0.21815
0.26475
0.31725
0.04057
0.18605
0.09550
0.05010
0.13870
0.28234
0.27941
0.19659
0.23653
0.13645
0.06012
0.04231
0.24629
0.17715
0.29781
0.13651
0.33997
0.28038
0.28720
0.35004
0.09755
0.06521
0.12403
0.23655
0.30286
0.15188
0.05759
0.24038
0.06650
0.17439
0.23138
0.21148
0.20102
0.16700
0.09230
0.18123
0.10779
0.11998
0.19294
0.30048
0.13408
0.16307
0.16575
0.29386
0.02503
0.25020
0.08015
0.23907
0.12239
0.19299
0.28558
0.03662
0.06078
0.16734
0.23401
0.07178
0.28060
0.03099
0.08631
0.16904
0.32362
0.26312
0.17219
0.26651
0.09742
0.15043
0.27960
0.32340
0.09055
0.16696
0.05347
0.28849
0.28845
0.04202
0.19449
0.02669
0.28937
0.16082
0.13299
0.28032
0.12386
0.33885
0.16846
0.08814
0.17159
0.24945
0.09944
0.31889
0.31189
0.31059
0.10402
0.16502
0.14274
0.21468
0.24312
0.29700
0.29659
0.33232
0.09482
0.08140
0.32411
0.28922
0.06977
0.25005
0.03711
0.21947
0.25375
0.03996
0.11440
0.22853
0.08111
0.07981
0.18662
0.25933
0.06044
0.10044
0.19737
0.16299
0.08941
0.14724
0.23035
0.22669
0.25421
0.14681
0.10861
0.07382
0.03392
0.12567
0.12705
0.26808
0.19565
0.15243
0.08188
0.27343
0.23510
0.07032
0.17816
0.16826
0.05215
0.23312
0.08696
0.20366
0.25470
0.05655
0.25961
0.24028
0.09300
0.24484
0.27166
0.25130
0.12662
0.24233
0.18989
0.32701
0.09063
0.21653
0.14587
0.04211
0.05835
0.04107
0.15047
0.16998
0.15964
0.05230
0.22571
0.11044
0.25648
0.13365
0.04577
0.29373
0.10657
0.05987
0.09322
0.26514
0.09342
0.27876
0.07951
0.10751
0.14343
0.20701
0.10487
0.06166
0.10260
0.10488
0.10951
0.14673
0.09495
0.26902
0.13066
0.15655
0.20076
0.06304
0.06105
0.14067
0.20064
0.15191
0.21459
0.15868
0.17979
0.26138
0.26367
0.08819
0.14827
0.05984
0.09116
0.12136
0.05298
0.04653
0.35894
0.14334
0.07744
0.14708
0.14408
0.05669
0.14806
0.32424
0.12860
0.10758
0.31201
0.11232
0.19392
0.15916
0.16109
0.14994
0.10913
0.09494
0.22582
0.20544
0.16518
0.09023
0.17066
0.15795
0.18155
0.13022
0.33036
0.27279
0.26324
0.14889
0.09534
0.29745
0.31856
0.31613
0.06295
0.27739
0.13017
0.29124
0.14979
0.08662
0.12383
0.10059
0.09957
0.19210
0.24493
0.06847
0.08894
0.07391
0.25769
0.15055
0.23981
0.15965
0.22427
0.22337
0.13869
0.04337
0.21624
0.28718
0.36640
0.27176
0.31003
0.21942
0.23803
0.28388
0.27374
0.28766
0.05814
0.06207
0.12664
0.21468
0.04887
0.05235
0.21875
0.11622
0.22149
0.11391
0.17236
0.11353
0.27613
0.28730
0.24052
0.19028
0.29430
0.12585
0.11266
0.30525
0.09207
0.21851
0.05008
0.07063
0.21225
0.08103
0.23935
0.33024
0.06842
0.08622
0.13733
0.24152
0.09383
0.02649
0.07908
0.07813
0.05263
0.10553
0.18609
0.07799
0.29182
0.16909
0.20718
0.10294
0.20297
0.29378
0.19104
0.27348
0.34364
0.17218
0.27713
0.30372
0.28355
0.31350
0.28145
0.24544
0.35259
0.25124
0.24305
0.25728
0.23608
0.29326
0.17787
0.36117
0.32619
0.26987
0.26261
0.23540
0.22607
0.33182
0.27997
0.20863
0.30278
0.34192
0.22900
0.24456
0.32358
0.25008
0.24429
0.26150
0.28127
0.31110
0.25794
0.23099
0.34454
0.25110
0.23877
0.31801
0.18001
0.29857
0.34346
0.27862
0.30344
0.31339
0.28380
0.23396
0.29633
0.33646
0.19688
0.28942
0.31670
0.25860
0.26375
0.29028
0.18619
0.28618
0.26280
0.28842
0.31264
0.29624
0.25380
0.16655
0.28029
0.35680
0.12512
0.27328
0.21275
0.18557
0.17470
0.33806
0.29254
0.32724
0.17004
0.34532
0.25442
0.25429
0.36089
0.30358
0.30197
0.28631
0.23336
0.27511
0.18816
0.35445
0.30150
0.24605
0.17296
0.31482
0.19019
0.25018
0.29341
0.25278
0.34769
0.30864
0.20681
0.32696
0.31940
0.16258
0.16994
0.28291
0.18252
0.16003
0.17399
0.30244
0.33806
0.26964
0.26071
0.24270
0.28386
0.21273
0.30832
0.27164
0.28264
0.17648
0.27871
0.28299
0.20014
0.18277
0.34175
0.30024
0.16578
0.29096
0.31854
0.25929
0.34321
0.31236
0.23442
0.29312
0.20315
0.29198
0.29687
0.28205
0.25950
0.23855
0.17241
0.30615
0.22166
0.28484
0.21916
0.27931
0.32223
0.30134
0.21194
0.21391
0.28281
0.21140
0.29468
0.17398
0.22244
0.20363
0.23924
0.21764
0.30254
0.32796
0.32412
0.23248
0.17865
0.32098
0.21310
0.20060
0.19908
0.30511
0.29720
0.15770
0.17563
0.25133
0.27436
0.19270
0.14691
0.21952
0.26705
0.21896
0.24911
0.24879
0.30198
0.14102
0.23950
0.26619
0.27701
0.19043
0.28634
0.27002
0.25445
0.36679
0.19741
0.28931
0.22120
0.34902
0.30461
0.25968
0.25846
0.28868
0.26874
0.19851
0.29220
0.27483
0.23872
0.28570
0.27228
0.33431
0.23856
0.30131
0.20797
0.33589
0.21898
0.27837
0.23415
0.26749
0.27853
0.26497
0.20234
0.23466
0.25125
0.30599
0.18629
0.31432
0.23666
0.25111
0.30324
0.28989
0.29692
0.13802
0.20697
0.32154
0.32198
0.25319
0.26684
0.28845
0.25200
0.21931
0.18085
0.30042
0.29174
0.26964
0.23090
0.18700
0.28900
0.31025
0.26424
0.24961
0.20462
0.33328
0.29063
0.18926
0.15138
0.28132
0.28841
0.28505
0.26729
0.25347
0.34644
0.35141
0.15205
0.23708
0.32016
0.25670
0.27166
0.28504
0.33690
0.23246
0.21510
0.18361
0.26416
0.28168
0.35382
0.28896
0.27114
0.27419
0.23026
0.26162
0.30454
0.27956
0.17951
0.33084
0.23531
0.24022
0.33926
0.28397
0.24105
0.23594
0.24699
0.30004
0.32867
0.33255
0.25726
0.27765
0.19997
0.29566
0.32373
0.11490
0.25944
0.21966
0.22141
0.25426
0.23820
0.29155
0.24144
0.24488
0.21617
0.23625
0.25301
0.34292
0.26451
0.25240
0.18230
0.29256
0.24511
0.22544
0.19660
0.33754
0.30314
0.31376
0.27259
0.22418
0.27111
0.25873
0.23675
0.27262
0.17164
0.31406
0.25802
0.32663
0.28706
0.31528
0.34484
0.27081
0.23780
0.27322
0.12521
0.20139
0.28613
0.21188
0.29890
0.30761
0.26943
0.32136
0.37170
0.31781
0.32882
0.24997
0.29852
0.28370
0.35419
0.23749
0.27467
0.32099
0.32123
0.29984
0.32492
0.37784
0.22747
0.24995
0.34204
0.21675
0.32468
0.30924
0.25369
0.22249
0.34640
0.23476
0.27510
0.31314
0.28274
0.25910
0.23910
0.25834
0.25505
0.30224
0.29920
0.28863
0.24056
0.30646
0.26043
0.29670
0.25476
0.27733
0.09938
0.32071
0.33624
0.35216
0.32747
0.30516
0.41076
0.42763
0.28891
0.19879
0.32239
0.37839
0.28345
0.18458
0.31159
0.34894
0.24070
0.23310
0.31787
0.24444
0.26646
0.25504
0.33632
0.35678
0.39558
0.29516
0.30078
0.27010
0.39167
0.29085
0.26942
0.29009
0.35067
0.28219
0.18991
0.30781
0.45913
0.25641
0.40453
0.43412
0.19597
0.29842
0.36007
0.30302
0.29985
0.27013
0.28916
0.20853
0.28018
0.30493
0.28179
0.30199
0.38061
0.28479
0.30059
0.26987
0.19290
0.26904
0.39563
0.23129
0.10746
0.32327
0.17073
0.19027
0.41379
0.16537
0.24938
0.20976
0.26908
0.25362
0.44781
0.18456
0.32745
0.41027
0.24392
0.20921
0.26712
0.24591
0.20359
0.37383
0.18607
0.35304
0.34836
0.25052
0.25931
0.23544
0.32525
0.27844
0.21723
0.35094
0.42364
0.31816
0.29461
0.36939
0.37645
0.20596
0.24959
0.26850
0.38298
0.21336
0.22436
0.24813
0.35424
0.28678
0.26601
0.28151
0.32504
0.36158
0.21485
0.29321
0.32282
0.29221
0.29825
0.24995
0.38441
0.27886
0.28824
0.29244
0.31598
0.33500
0.27273
0.29873
0.23824
0.32774
0.23954
0.25439
0.32519
0.30732
0.22940
0.29124
0.18294
0.34839
0.20677
0.03512
0.14258
0.22236
0.24203
0.31178
0.19332
0.23677
0.37096
0.13934
0.05380
0.19351
0.04892
0.28584
0.25630
0.17433
0.28738
0.06188
0.06282
0.18608
0.20891
0.09759
0.11576
0.24325
0.29347
0.22904
0.21123
0.25827
0.06031
0.31839
0.22019
0.06536
0.08456
0.20327
0.30480
0.11553
0.22773
0.20174
0.28829
0.05323
0.03640
0.05240
0.06402
0.24592
0.09745
0.09931
0.21144
0.29975
0.15397
0.31236
0.22170
0.06320
0.25477
0.03819
0.10855
0.23328
0.18357
0.25318
0.05002
0.06988
0.21044
0.22151
0.31444
0.24573
0.02760
0.07322
0.15416
0.21102
0.20921
0.18600
0.12584
0.24749
0.23793
0.11604
0.27107
0.29965
0.10360
0.15973
0.19488
0.03395
0.06702
0.20153
0.12738
0.16359
0.25619
0.28286
0.20447
0.34673
0.23420
0.28326
0.17799
0.21634
0.21611
0.05111
0.27954
0.11570
0.08244
0.20718
0.23974
0.28151
0.25146
0.03125
0.06934
0.07072
0.24445
0.23291
0.28454
0.11714
0.15976
0.31837
0.16821
0.21904
0.11569
0.01640
0.04928
0.16186
0.09187
0.08525
0.26737
0.29975
0.06383
0.10316
0.05262
0.09408
0.10515
0.23408
