0.13240
0.10154
0.05523
0.29582
0.10013
0.11664
0.21459
0.11908
0.17223
0.03427
0.20917
0.10567
0.17607
0.13255
0.11570
0.23552
0.14002
0.10627
0.05384
0.12940
0.32331
0.11581
0.15040
0.10852
0.23431
0.12149
0.11309
0.26746
0.09277
0.14564
0.15256
0.27755
0.15060
0.11475
0.06352
0.10165
0.12703
0.07417
0.11791
0.15470
0.30108
0.27746
0.06853
0.10093
0.30707
0.21352
0.12474
0.20254
0.20912
0.12561
0.11173
0.13287
0.13242
0.29249
0.09931
0.25509
0.19325
0.12973
0.08349
0.10228
0.26893
0.28099
0.11559
0.23996
0.27987
0.30976
0.07142
0.15250
0.09146
0.05054
0.16847
0.32106
0.28278
0.17203
0.23036
0.07864
0.08693
0.03606
0.23357
0.18178
0.31220
0.13912
0.29655
0.29594
0.24530
0.34872
0.09453
0.04931
0.13877
0.25089
0.29845
0.17453
0.04457
0.24727
0.07539
0.14104
0.21485
0.20784
0.22408
0.19179
0.10012
0.17554
0.12072
0.11883
0.16999
0.32008
0.13274
0.14107
0.15934
0.29260
0.04492
0.19126
0.12218
0.26139
0.10410
0.14817
0.28055
0.06815
0.09306
0.17249
0.22876
0.07796
0.24793
0.02976
0.09103
0.11272
0.31600
0.26261
0.10788
0.24204
0.09016
0.10148
0.30080
0.32155
0.10736
0.12926
0.07138
0.28165
0.27602
0.03147
0.19709
0.03107
0.30329
0.19738
0.11627
0.32387
0.07140
0.30917
0.16946
0.09548
0.19438
0.23394
0.11417
0.29625
0.31893
0.33388
0.16116
0.16105
0.15827
0.13483
0.24044
0.24562
0.26005
0.32628
0.10263
0.12816
0.30536
0.28634
0.12924
0.27234
0.02805
0.18540
0.24012
0.05405
0.09416
0.20634
0.08138
0.07189
0.16956
0.28409
0.09073
0.11851
0.19690
0.15866
0.10994
0.21747
0.22390
0.25378
0.21224
0.23542
0.07333
0.06661
0.04987
0.17283
0.13995
0.19905
0.17380
0.15280
0.08551
0.29962
0.20530
0.07725
0.12815
0.15512
0.05192
0.19307
0.06760
0.23020
0.23183
0.05667
0.25590
0.24503
0.14188
0.24482
0.26037
0.20463
0.13673
0.22662
0.26017
0.37008
0.08460
0.18967
0.07662
0.05460
0.07486
0.08595
0.16223
0.14523
0.17456
0.03218
0.24451
0.09231
0.20018
0.07916
0.05354
0.26025
0.13113
0.02542
0.12036
0.29140
0.07127
0.27943
0.10039
0.11536
0.13887
0.22498
0.11251
0.08078
0.09382
0.10551
0.11021
0.12562
0.12986
0.22222
0.17055
0.16243
0.19423
0.07525
0.05708
0.12583
0.22189
0.14951
0.23871
0.18983
0.10767
0.26988
0.25855
0.10277
0.19078
0.01761
0.08502
0.12064
0.03314
0.05804
0.36606
0.14079
0.04586
0.24144
0.18250
0.11308
0.17523
0.30815
0.13055
0.03516
0.30893
0.11448
0.12885
0.15913
0.14856
0.10106
0.11311
0.06222
0.20990
0.17871
0.16675
0.11159
0.11334
0.16396
0.20216
0.14998
0.35357
0.23722
0.30307
0.14368
0.10846
0.29647
0.30016
0.34149
0.04572
0.26168
0.11183
0.28321
0.12191
0.08569
0.16701
0.11137
0.10733
0.15510
0.24656
0.07374
0.14779
0.06985
0.25150
0.11536
0.18027
0.13994
0.23611
0.22583
0.11096
0.07215
0.17027
0.29837
0.37530
0.23646
0.32240
0.21143
0.24317
0.27133
0.27960
0.26683
0.05660
0.06037
0.11994
0.24318
0.05271
0.07003
0.15631
0.13321
0.22872
0.10716
0.17291
0.07717
0.29074
0.23277
0.23990
0.15791
0.32416
0.12951
0.17035
0.31485
0.05484
0.23669
0.05050
0.11703
0.16115
0.05807
0.25232
0.33326
0.06539
0.07966
0.13720
0.24397
0.10756
0.05724
0.08052
0.06978
0.04206
0.08377
0.13229
0.06555
0.28679
0.20685
0.18359
0.09504
0.20792
0.29643
0.17112
0.23718
0.34888
0.16707
0.28185
0.28564
0.26955
0.30529
0.29028
0.22215
0.33958
0.23639
0.24273
0.23857
0.22715
0.24839
0.20013
0.37327
0.32256
0.24228
0.22365
0.25633
0.23022
0.33800
0.25428
0.23081
0.31545
0.33100
0.20712
0.23622
0.31719
0.26619
0.25183
0.25675
0.24719
0.31437
0.23773
0.23160
0.35453
0.22567
0.21956
0.28682
0.16565
0.31344
0.34951
0.28704
0.28868
0.27929
0.26568
0.24040
0.23914
0.34610
0.18685
0.24871
0.31224
0.24233
0.25269
0.28957
0.21221
0.27212
0.26071
0.28769
0.32112
0.29974
0.23655
0.20820
0.26843
0.35779
0.14268
0.27520
0.19312
0.20605
0.20023
0.36002
0.29823
0.32603
0.17720
0.35334
0.26750
0.29121
0.36927
0.32333
0.25401
0.29750
0.23401
0.27767
0.20280
0.34181
0.25024
0.24654
0.17694
0.32435
0.21488
0.26088
0.29144
0.24606
0.34664
0.32913
0.21660
0.30754
0.32200
0.18133
0.19240
0.25582
0.19990
0.19235
0.16962
0.28507
0.34433
0.22780
0.22574
0.24968
0.25752
0.22105
0.26344
0.24256
0.27284
0.19102
0.27195
0.26456
0.24548
0.18585
0.34860
0.28788
0.17051
0.27929
0.32750
0.25308
0.35702
0.31177
0.24391
0.29420
0.22956
0.28893
0.30519
0.25679
0.25382
0.22193
0.17335
0.30876
0.22254
0.25632
0.22529
0.25643
0.30076
0.28075
0.21978
0.23467
0.28244
0.22583
0.28184
0.20431
0.21895
0.22611
0.23882
0.19626
0.30177
0.32949
0.32668
0.22062
0.19828
0.32450
0.20357
0.19111
0.19959
0.29879
0.31465
0.18042
0.20695
0.28698
0.25158
0.19584
0.16713
0.22958
0.26635
0.20146
0.25638
0.24720
0.29887
0.17691
0.19436
0.26522
0.25649
0.21293
0.25763
0.25611
0.26933
0.37445
0.20611
0.27796
0.23217
0.36090
0.32114
0.23648
0.27509
0.25926
0.26499
0.20718
0.30496
0.27814
0.22978
0.29592
0.26472
0.34620
0.25425
0.29257
0.21115
0.34887
0.22760
0.28429
0.21542
0.21669
0.28713
0.26624
0.22325
0.19594
0.23794
0.30366
0.19845
0.31323
0.24632
0.22109
0.30327
0.29153
0.28244
0.14837
0.20229
0.32955
0.33469
0.23170
0.23820
0.27980
0.26786
0.17968
0.21878
0.30067
0.29260
0.22869
0.27478
0.20660
0.27243
0.30248
0.26805
0.24769
0.23744
0.33581
0.26708
0.16754
0.19025
0.28665
0.28975
0.25646
0.22427
0.21481
0.34063
0.34684
0.16895
0.25034
0.32408
0.23586
0.24830
0.31332
0.34438
0.23538
0.20342
0.20609
0.22126
0.22404
0.35705
0.27956
0.29209
0.25983
0.25049
0.25990
0.30085
0.28432
0.19369
0.33064
0.20591
0.23107
0.34003
0.29839
0.20539
0.23767
0.23906
0.30784
0.30061
0.34517
0.26405
0.27957
0.20150
0.26406
0.31075
0.14758
0.24075
0.21755
0.22247
0.24932
0.24197
0.25162
0.25479
0.21387
0.22211
0.19598
0.24292
0.34790
0.25254
0.21921
0.20832
0.29606
0.24673
0.23782
0.19287
0.32574
0.27991
0.33398
0.25009
0.20168
0.24853
0.26197
0.19920
0.26932
0.17950
0.31973
0.27201
0.33551
0.28987
0.30675
0.34732
0.27947
0.22221
0.28376
0.19654
0.21549
0.25574
0.20940
0.27331
0.30993
0.23779
0.29121
0.38455
0.29670
0.31990
0.27837
0.29756
0.29727
0.35048
0.22512
0.26994
0.32393
0.32924
0.26508
0.32555
0.38129
0.23526
0.25059
0.32486
0.21934
0.32176
0.32677
0.24801
0.23622
0.34817
0.23314
0.23757
0.32123
0.24523
0.23705
0.22413
0.24973
0.25844
0.29245
0.28408
0.28370
0.23444
0.29216
0.26503
0.28520
0.24307
0.29047
0.13602
0.31831
0.30633
0.33885
0.30281
0.31707
0.37804
0.37763
0.27096
0.20219
0.28602
0.37376
0.28874
0.18253
0.30405
0.35016
0.27791
0.23099
0.32521
0.25806
0.28154
0.21878
0.33057
0.35669
0.38589
0.29473
0.26635
0.29007
0.35061
0.28624
0.28380
0.28367
0.35153
0.26978
0.19287
0.29911
0.42333
0.25532
0.36810
0.38536
0.19258
0.26655
0.33540
0.27308
0.29888
0.22966
0.26634
0.21589
0.29005
0.29186
0.30719
0.30409
0.35472
0.29155
0.26837
0.24904
0.21356
0.27584
0.38041
0.19918
0.14178
0.34961
0.18404
0.19248
0.37533
0.18073
0.20031
0.23385
0.27632
0.24383
0.45334
0.21056
0.32055
0.37955
0.23175
0.24558
0.24369
0.22295
0.22350
0.33375
0.19276
0.39173
0.36055
0.24984
0.24655
0.24086
0.34575
0.27601
0.23321
0.34313
0.41559
0.30969
0.27946
0.34597
0.33120
0.21490
0.28871
0.28095
0.39757
0.21772
0.23098
0.24417
0.32987
0.26992
0.25660
0.26603
0.32185
0.32552
0.24696
0.28371
0.31718
0.28701
0.27917
0.24473
0.34162
0.25899
0.25934
0.26363
0.28430
0.31869
0.27520
0.28543
0.25330
0.32686
0.26177
0.23342
0.31766
0.27653
0.24260
0.28876
0.22219
0.32634
0.20566
0.03652
0.14421
0.22057
0.19216
0.27431
0.22729
0.27334
0.35510
0.15111
0.10713
0.14255
0.04159
0.30004
0.20595
0.14856
0.29679
0.05833
0.08602
0.15714
0.22652
0.11997
0.17315
0.22872
0.27894
0.18939
0.20859
0.26493
0.04108
0.31131
0.17496
0.02938
0.07475
0.14182
0.22787
0.09196
0.22582
0.21237
0.30805
0.03828
0.08229
0.04787
0.07006
0.28951
0.12991
0.10378
0.21385
0.27611
0.17660
0.30617
0.22037
0.05282
0.25910
0.07623
0.06910
0.28128
0.19201
0.23510
0.11648
0.11046
0.21462
0.19525
0.31442
0.27229
0.01921
0.08685
0.14045
0.20538
0.19641
0.20971
0.12113
0.24489
0.16808
0.10215
0.27967
0.25216
0.11153
0.12376
0.19100
0.11721
0.04156
0.23692
0.13498
0.20462
0.26671
0.27077
0.19910
0.32698
0.22453
0.25638
0.10754
0.19048
0.16498
0.01681
0.25094
0.12705
0.05515
0.18605
0.24685
0.24219
0.27127
0.08076
0.05747
0.12679
0.22480
0.22493
0.28788
0.16984
0.19426
0.30478
0.10702
0.24789
0.12601
0.01642
0.04525
0.15815
0.08574
0.09305
0.26638
0.27535
0.08948
0.15359
0.01346
0.05572
0.06345
0.28708
