0.11718
0.11705
0.06668
0.24049
0.11310
0.13871
0.20000
0.17070
0.18171
0.12381
0.17245
0.12292
0.15301
0.13928
0.09437
0.23483
0.18700
0.12008
0.13629
0.14339
0.29549
0.18135
0.17861
0.11188
0.22676
0.15638
0.18067
0.24808
0.11969
0.21483
0.18621
0.27436
0.16878
0.11126
0.13807
0.09599
0.16536
0.13066
0.12324
0.20305
0.29631
0.25737
0.09733
0.13731
0.27486
0.21205
0.17974
0.22195
0.19062
0.20347
0.10477
0.18835
0.14587
0.27477
0.10191
0.24198
0.23497
0.15900
0.14119
0.09739
0.25695
0.30942
0.15559
0.18694
0.30021
0.34144
0.07949
0.18405
0.13120
0.05020
0.13222
0.34476
0.33468
0.22030
0.27155
0.15826
0.09381
0.04936
0.21862
0.18804
0.30286
0.16800
0.28031
0.28328
0.28717
0.37204
0.10014
0.08933
0.11832
0.26020
0.32468
0.17140
0.06392
0.27660
0.07757
0.12795
0.21259
0.22589
0.18727
0.18041
0.09740
0.19840
0.12219
0.11882
0.24349
0.28358
0.18186
0.19728
0.21915
0.30245
0.04136
0.25563
0.11474
0.23185
0.11977
0.15502
0.26339
0.08264
0.08414
0.22025
0.24431
0.13030
0.29492
0.03367
0.12652
0.12507
0.32144
0.28566
0.22654
0.26009
0.10657
0.14786
0.30145
0.34303
0.12554
0.17138
0.09530
0.29063
0.29053
0.04423
0.21807
0.04017
0.32090
0.23673
0.13722
0.28667
0.13813
0.35098
0.21416
0.09831
0.19993
0.26488
0.12088
0.33212
0.31621
0.32735
0.12334
0.13145
0.15593
0.23537
0.30160
0.28659
0.29919
0.32668
0.09406
0.17150
0.30737
0.25560
0.09022
0.28895
0.06673
0.24337
0.24838
0.06842
0.14179
0.22411
0.09948
0.10825
0.23507
0.28522
0.12049
0.11551
0.22145
0.17858
0.09022
0.21390
0.22655
0.25286
0.26600
0.20711
0.13421
0.08970
0.08280
0.19410
0.12502
0.25013
0.19648
0.18067
0.10876
0.28675
0.26390
0.11653
0.19386
0.17033
0.07171
0.22940
0.12683
0.23395
0.26549
0.12592
0.27169
0.23859
0.12076
0.26197
0.25356
0.22803
0.12834
0.29445
0.24277
0.32867
0.10947
0.22299
0.15733
0.10121
0.10613
0.08241
0.20601
0.19544
0.19738
0.08197
0.26628
0.08490
0.21670
0.15699
0.07001
0.22888
0.11371
0.03679
0.11944
0.25362
0.09041
0.30090
0.11175
0.11672
0.15838
0.24016
0.11493
0.04890
0.09935
0.11734
0.11086
0.17034
0.11838
0.27263
0.15885
0.19634
0.18426
0.12264
0.08738
0.14207
0.20249
0.16693
0.22543
0.19678
0.15150
0.27036
0.28477
0.10617
0.20975
0.08125
0.12095
0.13781
0.07417
0.07117
0.33880
0.17225
0.07761
0.20279
0.16213
0.11773
0.16237
0.34183
0.11578
0.07973
0.29109
0.14357
0.15300
0.21496
0.19731
0.15885
0.12934
0.09732
0.21301
0.22976
0.16858
0.12083
0.23028
0.19232
0.18890
0.17830
0.33135
0.31821
0.25585
0.17672
0.13101
0.31696
0.32919
0.34240
0.05310
0.27618
0.12840
0.30015
0.19287
0.08862
0.18035
0.10589
0.12223
0.21196
0.21401
0.10599
0.09009
0.04527
0.26998
0.18104
0.24945
0.17919
0.24467
0.23541
0.13686
0.07970
0.23261
0.29518
0.36262
0.27806
0.33581
0.22408
0.26619
0.27689
0.28073
0.27298
0.11382
0.10488
0.16324
0.22855
0.08485
0.10042
0.20859
0.15264
0.21874
0.11503
0.19052
0.16255
0.27211
0.27816
0.24661
0.23046
0.30435
0.16687
0.13859
0.33428
0.06852
0.22117
0.06984
0.09875
0.21505
0.08825
0.26989
0.33844
0.09646
0.08700
0.14945
0.28015
0.10798
0.07252
0.09989
0.06246
0.10739
0.13830
0.19292
0.10873
0.28384
0.20472
0.20390
0.08007
0.20352
0.29757
0.21743
0.25168
0.36045
0.18621
0.29341
0.31313
0.29260
0.29533
0.28560
0.24356
0.36058
0.23692
0.25227
0.24046
0.22482
0.27559
0.20214
0.37240
0.34835
0.23916
0.23109
0.27081
0.25040
0.33848
0.26065
0.23605
0.32405
0.34229
0.18740
0.22935
0.32474
0.26535
0.24575
0.25936
0.28295
0.32120
0.23944
0.20194
0.35264
0.23684
0.22000
0.30913
0.20720
0.29521
0.35855
0.29385
0.27758
0.28932
0.26218
0.24848
0.26298
0.34259
0.16214
0.28160
0.33010
0.26975
0.25550
0.29703
0.20529
0.27476
0.27938
0.29525
0.32478
0.30172
0.25919
0.20208
0.29670
0.37530
0.15243
0.27852
0.19753
0.20208
0.21789
0.36303
0.30610
0.32343
0.16856
0.35800
0.27380
0.29027
0.36230
0.30827
0.28229
0.28797
0.24681
0.28746
0.18019
0.37101
0.26054
0.22545
0.17713
0.30922
0.20715
0.27526
0.29824
0.27225
0.36580
0.33940
0.22903
0.32527
0.31041
0.17368
0.17798
0.25248
0.20326
0.21688
0.15843
0.30463
0.34875
0.22204
0.23899
0.24178
0.28391
0.24171
0.27085
0.23979
0.27847
0.23367
0.28656
0.27144
0.22583
0.17195
0.34640
0.30693
0.19359
0.33066
0.32366
0.27042
0.34056
0.31216
0.24613
0.24479
0.22644
0.30909
0.29565
0.26328
0.28729
0.25426
0.18283
0.30141
0.25321
0.27547
0.24447
0.25480
0.29466
0.28504
0.19455
0.22483
0.28272
0.21447
0.27331
0.19478
0.25068
0.22876
0.22543
0.19663
0.29294
0.32328
0.33245
0.19805
0.19907
0.33559
0.22499
0.19126
0.19703
0.30235
0.32104
0.17113
0.19279
0.28767
0.25895
0.18629
0.17937
0.23655
0.27369
0.21434
0.23057
0.22806
0.29348
0.19172
0.23627
0.28074
0.25712
0.21753
0.27399
0.29384
0.26619
0.35729
0.20788
0.31953
0.24986
0.36993
0.32883
0.22049
0.27449
0.26538
0.26689
0.21367
0.31172
0.29317
0.26734
0.28303
0.27229
0.34311
0.24533
0.31301
0.24519
0.35281
0.19076
0.26735
0.23447
0.24541
0.27537
0.27002
0.23201
0.23615
0.26967
0.31283
0.23189
0.32057
0.25284
0.23112
0.29581
0.28446
0.30670
0.15955
0.20175
0.33417
0.33572
0.22998
0.28505
0.28403
0.25769
0.25780
0.20875
0.30964
0.28872
0.24031
0.24297
0.20338
0.24696
0.31997
0.25860
0.26228
0.24229
0.33865
0.25748
0.17473
0.20748
0.28267
0.29184
0.28092
0.28221
0.27188
0.34952
0.35996
0.16681
0.22764
0.31813
0.26819
0.25522
0.30037
0.34267
0.24687
0.21362
0.21450
0.23901
0.24807
0.36801
0.31938
0.29728
0.26807
0.22289
0.25208
0.32081
0.29072
0.18387
0.34052
0.23110
0.24057
0.34582
0.31192
0.25260
0.24972
0.22766
0.29259
0.31069
0.34468
0.25120
0.28426
0.21832
0.29063
0.31524
0.13230
0.24601
0.19916
0.23203
0.26823
0.20955
0.25620
0.24605
0.23367
0.24346
0.21557
0.27335
0.34770
0.28675
0.25823
0.20578
0.30449
0.24665
0.24589
0.18683
0.33440
0.29934
0.34189
0.27238
0.24998
0.27128
0.26983
0.20481
0.27706
0.20229
0.33835
0.27251
0.35057
0.30283
0.31196
0.34487
0.27108
0.23381
0.29118
0.18994
0.18743
0.26826
0.21565
0.29052
0.32136
0.29503
0.30103
0.39103
0.31927
0.33001
0.26197
0.31551
0.28339
0.37138
0.21549
0.26632
0.33560
0.33090
0.27015
0.33072
0.39956
0.24960
0.25121
0.32021
0.25832
0.32195
0.32822
0.22892
0.24975
0.35387
0.23728
0.26139
0.33358
0.27612
0.21927
0.23670
0.25672
0.28666
0.30761
0.30672
0.29103
0.23765
0.28017
0.27182
0.27864
0.26073
0.28643
0.15533
0.34872
0.31259
0.35874
0.27192
0.29481
0.35956
0.41114
0.25108
0.17715
0.29940
0.38481
0.28662
0.20071
0.29406
0.32492
0.24420
0.22073
0.31648
0.23221
0.28256
0.24944
0.31316
0.36639
0.43218
0.33705
0.31207
0.26552
0.37563
0.30623
0.30161
0.27899
0.33743
0.27148
0.16322
0.33787
0.45810
0.25871
0.40679
0.39940
0.22599
0.27052
0.33398
0.30529
0.30582
0.23702
0.27428
0.21058
0.29854
0.28673
0.27512
0.30625
0.36881
0.25323
0.26941
0.23989
0.19427
0.24106
0.38854
0.26383
0.12973
0.33786
0.20235
0.20869
0.41022
0.15646
0.24585
0.22139
0.27024
0.24896
0.45189
0.18121
0.32364
0.37793
0.26363
0.18717
0.25344
0.26173
0.20491
0.35310
0.18909
0.35233
0.31988
0.24504
0.25142
0.21993
0.33621
0.29837
0.19848
0.35595
0.41610
0.33772
0.28925
0.36264
0.37595
0.20754
0.25901
0.28834
0.37027
0.20361
0.22316
0.24292
0.34870
0.26814
0.24260
0.24324
0.32962
0.36108
0.21844
0.27222
0.32368
0.31881
0.28952
0.25326
0.37739
0.26405
0.29109
0.26263
0.30649
0.33420
0.27434
0.28735
0.25211
0.34700
0.27266
0.20519
0.30152
0.27399
0.23383
0.27674
0.20218
0.30599
0.23295
0.05739
0.19952
0.20646
0.24994
0.23999
0.20159
0.24502
0.33423
0.25359
0.08243
0.22324
0.04558
0.31325
0.25684
0.20346
0.24823
0.11644
0.13426
0.19752
0.24360
0.12413
0.10607
0.23909
0.26809
0.22384
0.20884
0.26420
0.08974
0.30105
0.21641
0.06122
0.04120
0.08531
0.23888
0.15218
0.26042
0.19707
0.26266
0.05580
0.07993
0.14773
0.10669
0.28604
0.12650
0.19792
0.21746
0.27691
0.16288
0.29784
0.20768
0.11905
0.26045
0.15355
0.06361
0.23202
0.16461
0.27980
0.09779
0.06863
0.20312
0.17781
0.26863
0.23872
0.04677
0.07558
0.19671
0.18668
0.19093
0.20069
0.15338
0.27381
0.20465
0.09525
0.23514
0.32725
0.10828
0.14044
0.17035
0.07757
0.06697
0.25423
0.07631
0.20431
0.26145
0.27868
0.19710
0.33644
0.25297
0.22970
0.19390
0.23223
0.18337
0.05216
0.22704
0.10432
0.10765
0.22177
0.27046
0.26139
0.23403
0.10373
0.06648
0.23122
0.25587
0.23918
0.28361
0.11911
0.24041
0.28898
0.16359
0.23643
0.16899
0.09015
0.10081
0.18098
0.03436
0.15154
0.25917
0.30051
0.12093
0.14550
0.04427
0.08234
0.10094
0.29993
