0.21955
0.12937
0.14306
0.25760
0.15269
0.19083
0.23698
0.18753
0.21523
0.11762
0.23698
0.14790
0.19955
0.14964
0.18719
0.22245
0.19827
0.19293
0.14967
0.18021
0.31409
0.21527
0.22230
0.13536
0.24540
0.22465
0.19784
0.28517
0.15842
0.20815
0.20767
0.27566
0.20543
0.10876
0.14252
0.09991
0.14872
0.16210
0.20980
0.19298
0.27434
0.27306
0.19355
0.19487
0.28589
0.22232
0.17767
0.28160
0.24288
0.19494
0.13829
0.19411
0.15586
0.30902
0.10480
0.25869
0.27486
0.18904
0.15856
0.14282
0.28853
0.31564
0.18903
0.23644
0.29279
0.31574
0.08500
0.20128
0.21572
0.11136
0.15872
0.31976
0.32496
0.23718
0.23927
0.19319
0.13700
0.09271
0.20106
0.16910
0.32825
0.27420
0.35046
0.27505
0.26331
0.35056
0.11147
0.16625
0.22923
0.27411
0.35547
0.20150
0.12129
0.26947
0.16541
0.23408
0.21270
0.21589
0.18135
0.18763
0.13374
0.20209
0.18707
0.14440
0.24782
0.29748
0.22617
0.21954
0.23909
0.26949
0.08156
0.23555
0.17652
0.25054
0.13521
0.25419
0.26988
0.12170
0.13716
0.21596
0.27930
0.12589
0.30491
0.09905
0.16409
0.20562
0.28279
0.27195
0.22625
0.26923
0.15422
0.17375
0.29317
0.33527
0.12872
0.18861
0.16921
0.30049
0.28839
0.14001
0.21205
0.10530
0.29286
0.22601
0.22262
0.31773
0.14814
0.36727
0.21495
0.10615
0.24824
0.28474
0.12900
0.31345
0.30854
0.30583
0.19345
0.21111
0.19987
0.26312
0.31565
0.30628
0.27979
0.35108
0.09223
0.19267
0.30754
0.24585
0.18795
0.28163
0.14568
0.26266
0.25652
0.11858
0.15850
0.24172
0.13228
0.15350
0.22478
0.29679
0.11884
0.13023
0.26767
0.23254
0.20773
0.24802
0.27132
0.28019
0.26552
0.25904
0.19153
0.16385
0.10820
0.17232
0.21440
0.24235
0.25897
0.20846
0.14640
0.27838
0.23537
0.14765
0.22853
0.17323
0.12035
0.29337
0.18773
0.25313
0.28414
0.21384
0.25696
0.23455
0.17831
0.24722
0.26608
0.26793
0.15941
0.27982
0.24173
0.34186
0.14392
0.22346
0.23619
0.17547
0.13606
0.13413
0.20369
0.25981
0.19268
0.15029
0.25686
0.19384
0.25607
0.19216
0.12716
0.25865
0.14002
0.15325
0.13155
0.24474
0.20655
0.30291
0.17433
0.12331
0.19000
0.23307
0.13973
0.09785
0.16382
0.13118
0.11866
0.18691
0.17023
0.28491
0.16342
0.21724
0.19947
0.18131
0.14483
0.16683
0.20507
0.20599
0.26323
0.23344
0.18239
0.28408
0.28922
0.12374
0.19627
0.11081
0.13006
0.17932
0.13217
0.11288
0.37395
0.19945
0.15389
0.22493
0.17765
0.13286
0.18888
0.33881
0.13870
0.14498
0.30752
0.14744
0.21981
0.24558
0.25287
0.23164
0.19382
0.14861
0.22455
0.23335
0.22306
0.14893
0.22670
0.24443
0.19128
0.21208
0.34907
0.31235
0.27442
0.22425
0.17531
0.30462
0.29967
0.34191
0.10450
0.25942
0.14971
0.28961
0.21571
0.14330
0.21626
0.19430
0.13850
0.25986
0.23977
0.12890
0.15523
0.14678
0.29021
0.24755
0.26048
0.19896
0.22730
0.25229
0.20288
0.11990
0.29095
0.27098
0.36140
0.27776
0.31629
0.25660
0.24272
0.29630
0.28151
0.25698
0.13980
0.14278
0.20147
0.24547
0.10647
0.17290
0.23998
0.17886
0.25109
0.14770
0.21738
0.19976
0.26465
0.27349
0.23030
0.21080
0.31611
0.19295
0.16685
0.30728
0.11649
0.22116
0.12479
0.17038
0.20908
0.15379
0.25975
0.32474
0.15090
0.11505
0.20758
0.26376
0.12586
0.11680
0.11003
0.15467
0.12427
0.17068
0.20525
0.16047
0.26077
0.21748
0.21135
0.16243
0.19998
0.24969
0.21344
0.29117
0.32153
0.19472
0.25783
0.29914
0.32132
0.33614
0.25316
0.26436
0.33646
0.28983
0.22715
0.27434
0.21779
0.31701
0.20272
0.34886
0.30394
0.25241
0.27729
0.25206
0.29623
0.34808
0.34041
0.27519
0.30507
0.30459
0.22356
0.28127
0.28793
0.26666
0.22291
0.24867
0.31061
0.29460
0.28690
0.22272
0.29395
0.29893
0.25109
0.32242
0.17972
0.31400
0.30495
0.28928
0.31965
0.32980
0.30819
0.23617
0.29614
0.27793
0.25465
0.27426
0.29743
0.28966
0.29790
0.31030
0.18105
0.33336
0.27115
0.26545
0.30915
0.25206
0.28538
0.19632
0.25493
0.32203
0.14519
0.24374
0.23066
0.19865
0.17167
0.36811
0.28110
0.31842
0.18639
0.33261
0.25274
0.25801
0.33109
0.28587
0.30236
0.27874
0.24665
0.27758
0.19630
0.30408
0.30097
0.25493
0.13841
0.31399
0.21738
0.23276
0.27420
0.25699
0.33501
0.28709
0.20301
0.28763
0.26827
0.13403
0.16803
0.30148
0.19294
0.17715
0.16595
0.29901
0.28350
0.30503
0.30407
0.24418
0.31988
0.20601
0.32206
0.28459
0.32248
0.19087
0.27321
0.31519
0.20116
0.18094
0.34458
0.24523
0.19399
0.31210
0.29132
0.24126
0.34316
0.28123
0.23376
0.30681
0.21786
0.27719
0.28600
0.27348
0.27154
0.26248
0.17317
0.33378
0.23791
0.31003
0.21768
0.29541
0.33475
0.23107
0.17799
0.23180
0.25932
0.20122
0.30694
0.20174
0.23843
0.22772
0.23021
0.23800
0.30047
0.27910
0.30974
0.28829
0.24662
0.29813
0.22497
0.24541
0.25236
0.29589
0.31452
0.17918
0.19783
0.27836
0.30575
0.25652
0.16921
0.22006
0.24510
0.24025
0.26580
0.28796
0.33283
0.18261
0.24881
0.25738
0.32800
0.19783
0.31593
0.28650
0.26765
0.36759
0.19383
0.29766
0.22251
0.31337
0.29061
0.28277
0.26835
0.32419
0.24545
0.19411
0.28605
0.27491
0.28298
0.25637
0.24819
0.29837
0.24746
0.26285
0.24188
0.28675
0.25697
0.29543
0.22269
0.26922
0.24797
0.26611
0.23234
0.29872
0.23696
0.30861
0.22029
0.30163
0.25037
0.28072
0.26433
0.25893
0.23160
0.15484
0.27146
0.32128
0.30441
0.27697
0.29432
0.31221
0.22935
0.28472
0.26054
0.30158
0.29115
0.30354
0.24779
0.20601
0.31295
0.29073
0.25582
0.28423
0.19782
0.26485
0.31238
0.20204
0.20458
0.26992
0.25420
0.31904
0.27672
0.25771
0.30624
0.32531
0.16343
0.25040
0.27309
0.28750
0.27272
0.30116
0.30476
0.24058
0.21021
0.19052
0.27560
0.29813
0.33695
0.29692
0.28143
0.31930
0.22598
0.25467
0.28199
0.25337
0.18039
0.32387
0.22146
0.23620
0.29643
0.27739
0.26890
0.22182
0.27953
0.26609
0.33489
0.32015
0.25432
0.23932
0.21336
0.31727
0.25806
0.14131
0.29405
0.21297
0.26644
0.30940
0.23339
0.25188
0.23242
0.27606
0.20150
0.25881
0.24585
0.29894
0.27018
0.28891
0.21194
0.26832
0.23692
0.24611
0.17625
0.30388
0.26829
0.32728
0.24766
0.28064
0.30935
0.25928
0.25812
0.25327
0.20850
0.28216
0.27422
0.30395
0.28197
0.25999
0.29759
0.22885
0.30147
0.31566
0.16719
0.23388
0.30287
0.26865
0.32245
0.30126
0.29011
0.34136
0.36915
0.27421
0.30305
0.23122
0.27783
0.29171
0.32737
0.25412
0.24963
0.28074
0.28848
0.30606
0.28692
0.34267
0.25077
0.27680
0.29755
0.25086
0.28575
0.32531
0.24328
0.27195
0.27765
0.21331
0.29145
0.26034
0.28861
0.26223
0.26379
0.29179
0.25776
0.25123
0.33500
0.27260
0.26962
0.31558
0.26491
0.31913
0.31046
0.28326
0.16212
0.30368
0.32425
0.31778
0.32569
0.28949
0.39322
0.40439
0.29257
0.19101
0.32131
0.36545
0.27554
0.22611
0.30968
0.32405
0.26158
0.25805
0.30663
0.26709
0.27255
0.25102
0.34669
0.34593
0.40270
0.30034
0.30616
0.26720
0.38204
0.31713
0.32048
0.31793
0.37015
0.29316
0.18568
0.28714
0.44958
0.25222
0.40092
0.40143
0.20105
0.27348
0.36978
0.29481
0.28361
0.26010
0.31432
0.23484
0.29889
0.30393
0.28521
0.28286
0.36561
0.28080
0.30172
0.26517
0.22585
0.30066
0.38713
0.21637
0.10706
0.34853
0.13942
0.24428
0.40183
0.16176
0.21875
0.24138
0.29377
0.22442
0.42467
0.19230
0.33508
0.39362
0.25456
0.23641
0.26829
0.25332
0.21533
0.35922
0.16096
0.36934
0.35339
0.28026
0.25068
0.25830
0.34644
0.30267
0.20768
0.32345
0.40544
0.31479
0.28614
0.37074
0.34681
0.23678
0.27676
0.28705
0.38833
0.18326
0.24823
0.23283
0.36931
0.30310
0.24449
0.27368
0.31776
0.35801
0.24529
0.31849
0.34163
0.28688
0.30415
0.26953
0.38034
0.30589
0.26794
0.30168
0.30328
0.31684
0.27052
0.30895
0.25677
0.34148
0.26871
0.24891
0.33244
0.30937
0.24975
0.29098
0.21615
0.31723
0.23156
0.13177
0.15660
0.22325
0.28064
0.31508
0.18691
0.26685
0.35799
0.25752
0.18397
0.21728
0.07046
0.31785
0.26769
0.19103
0.28629
0.12724
0.21110
0.19013
0.27086
0.11383
0.19842
0.23474
0.27875
0.18045
0.24333
0.25369
0.14252
0.28476
0.21438
0.05327
0.12474
0.13033
0.27529
0.11401
0.21568
0.20190
0.30651
0.17636
0.15685
0.09306
0.12922
0.31378
0.18727
0.23158
0.18647
0.23319
0.20420
0.24185
0.25295
0.09034
0.27505
0.14939
0.16765
0.30764
0.21945
0.29823
0.19041
0.16797
0.19969
0.18575
0.31133
0.19419
0.12091
0.08614
0.18229
0.21702
0.20304
0.22414
0.18867
0.27758
0.15155
0.16536
0.26014
0.31122
0.24422
0.17503
0.22696
0.14940
0.12961
0.24491
0.23322
0.21135
0.23432
0.26899
0.19850
0.31909
0.27694
0.24514
0.19511
0.16185
0.21143
0.07603
0.25310
0.17387
0.15966
0.22118
0.26313
0.27076
0.26617
0.13489
0.11062
0.15696
0.21182
0.25950
0.28822
0.18820
0.26108
0.31385
0.10945
0.24776
0.18404
0.05381
0.15956
0.18577
0.17432
0.17316
0.25454
0.24519
0.19532
0.17313
0.04592
0.14473
0.17590
0.28049
