0.14750
0.11067
0.07784
0.24669
0.09481
0.12672
0.22370
0.15607
0.15845
0.07495
0.21692
0.14214
0.16318
0.11976
0.10629
0.19309
0.13669
0.12150
0.08474
0.13355
0.31333
0.13214
0.15570
0.05963
0.20546
0.17091
0.11915
0.26743
0.06053
0.17052
0.16724
0.23188
0.14267
0.10148
0.07436
0.09137
0.11837
0.08401
0.12054
0.14486
0.30396
0.27596
0.08589
0.18062
0.29424
0.22255
0.16809
0.24013
0.18063
0.18543
0.09279
0.16248
0.11611
0.30709
0.09143
0.23722
0.20278
0.12724
0.11822
0.08562
0.28805
0.28784
0.12611
0.18374
0.26399
0.31268
0.05146
0.15136
0.09849
0.04376
0.12119
0.30917
0.29125
0.21516
0.24545
0.14764
0.07660
0.03106
0.19851
0.15630
0.30404
0.18654
0.31747
0.24615
0.28662
0.33414
0.11278
0.04682
0.12348
0.24599
0.32441
0.16713
0.08502
0.29833
0.06296
0.16163
0.20056
0.21856
0.20355
0.14098
0.09588
0.16426
0.10304
0.12622
0.26057
0.28916
0.14451
0.19602
0.16247
0.26819
0.03469
0.26120
0.09832
0.19994
0.11905
0.16135
0.27666
0.04549
0.08190
0.18032
0.23566
0.12149
0.28142
0.02622
0.10537
0.14163
0.28849
0.27011
0.14383
0.27409
0.13961
0.13050
0.30430
0.29721
0.12431
0.16567
0.07200
0.27411
0.26214
0.04265
0.17225
0.03593
0.27114
0.13958
0.15816
0.30420
0.09340
0.36605
0.18723
0.08597
0.15546
0.27638
0.12642
0.31734
0.31832
0.32427
0.11953
0.15631
0.14412
0.18177
0.22550
0.27782
0.29289
0.31729
0.08995
0.12817
0.30774
0.28603
0.12511
0.24269
0.04158
0.23405
0.22465
0.02687
0.09431
0.21507
0.06520
0.07125
0.16523
0.24382
0.05997
0.10411
0.19704
0.18089
0.09033
0.18789
0.23682
0.24439
0.26589
0.20170
0.13137
0.05542
0.04464
0.16288
0.16735
0.25985
0.21728
0.17046
0.10711
0.29909
0.19340
0.09984
0.21483
0.11510
0.05989
0.21100
0.09715
0.19404
0.24672
0.09833
0.27151
0.23382
0.15273
0.24514
0.26362
0.20626
0.12968
0.25288
0.23513
0.34618
0.08492
0.22786
0.12506
0.08142
0.09026
0.05275
0.16639
0.18966
0.17046
0.06898
0.26017
0.14133
0.23631
0.15361
0.04901
0.27716
0.11277
0.04001
0.15770
0.24804
0.07677
0.25142
0.08952
0.10494
0.14801
0.19459
0.10992
0.04153
0.09817
0.11046
0.13777
0.09743
0.12235
0.23049
0.14571
0.15546
0.20364
0.09692
0.08364
0.14463
0.19543
0.16732
0.21257
0.13955
0.14223
0.25845
0.29112
0.08969
0.16871
0.04800
0.12576
0.13334
0.05067
0.06139
0.34590
0.15990
0.08759
0.21176
0.12829
0.05354
0.13676
0.32622
0.10823
0.11153
0.30259
0.12048
0.17811
0.16631
0.20741
0.15556
0.08230
0.11411
0.17115
0.21013
0.19182
0.11261
0.16363
0.17299
0.20799
0.16231
0.31254
0.25382
0.26972
0.15618
0.08871
0.32038
0.29969
0.33152
0.03150
0.24141
0.12269
0.27980
0.12593
0.08289
0.13940
0.15553
0.10470
0.20131
0.20768
0.07751
0.08894
0.09502
0.22901
0.20300
0.26037
0.16312
0.19041
0.23047
0.12220
0.07816
0.25465
0.25392
0.37219
0.27915
0.33628
0.24724
0.24993
0.28230
0.28085
0.25064
0.04992
0.09784
0.16409
0.23265
0.04990
0.06720
0.24382
0.17785
0.24512
0.11583
0.17158
0.14170
0.24710
0.22720
0.22703
0.16944
0.29934
0.14988
0.14066
0.30865
0.05661
0.18484
0.07066
0.10056
0.20301
0.07248
0.23838
0.32044
0.06334
0.07078
0.14880
0.22386
0.11738
0.03952
0.06408
0.06805
0.08576
0.12040
0.21110
0.05989
0.25778
0.17665
0.16529
0.09815
0.20017
0.30157
0.20955
0.23963
0.34409
0.16318
0.26885
0.32297
0.26114
0.29494
0.28971
0.23656
0.33414
0.24207
0.28090
0.25586
0.23767
0.26641
0.17452
0.36734
0.31557
0.27839
0.23126
0.26433
0.23307
0.36303
0.26079
0.22274
0.31327
0.31706
0.21126
0.21678
0.32470
0.29312
0.25777
0.27044
0.24207
0.30418
0.24110
0.24307
0.34092
0.24485
0.20162
0.29828
0.21915
0.33451
0.33605
0.28462
0.27075
0.28191
0.26127
0.26944
0.26349
0.33344
0.19535
0.25975
0.32851
0.22508
0.23645
0.31714
0.20269
0.27157
0.29088
0.27291
0.30688
0.27884
0.23733
0.19571
0.28070
0.34640
0.16006
0.29260
0.20834
0.21950
0.22322
0.38171
0.31296
0.31669
0.17176
0.34868
0.28310
0.29314
0.36324
0.30518
0.24751
0.30509
0.23913
0.29000
0.20736
0.34636
0.28007
0.22773
0.18913
0.34130
0.21529
0.27002
0.29696
0.28559
0.34974
0.30488
0.21148
0.31023
0.32581
0.16106
0.18763
0.27230
0.19212
0.22372
0.14945
0.28920
0.33347
0.27485
0.25282
0.24904
0.27932
0.22940
0.30061
0.24578
0.25193
0.19381
0.28698
0.25674
0.22601
0.18906
0.36918
0.29928
0.21742
0.28911
0.31482
0.26288
0.38144
0.29326
0.26543
0.27585
0.23393
0.29231
0.32439
0.27094
0.25496
0.24538
0.15634
0.31140
0.23843
0.28100
0.26755
0.23561
0.28564
0.27277
0.21501
0.24863
0.30700
0.22761
0.26320
0.20951
0.23045
0.24764
0.24722
0.22793
0.31798
0.30895
0.31770
0.22481
0.22717
0.30620
0.23465
0.22369
0.23535
0.27670
0.30122
0.17299
0.19748
0.29728
0.23391
0.20012
0.15770
0.24194
0.26051
0.21521
0.27490
0.24863
0.28591
0.18122
0.23344
0.27053
0.22349
0.21778
0.23146
0.25556
0.24729
0.39294
0.19935
0.30555
0.25385
0.35071
0.30085
0.23084
0.29115
0.28270
0.29519
0.20865
0.33802
0.27836
0.21296
0.27482
0.29161
0.34023
0.25421
0.27840
0.23852
0.33890
0.21319
0.27696
0.23180
0.25598
0.28543
0.26521
0.22149
0.23350
0.24985
0.33629
0.22838
0.32844
0.26690
0.24339
0.28559
0.27074
0.30099
0.14994
0.21442
0.32260
0.32938
0.23902
0.22515
0.28579
0.28630
0.18785
0.21804
0.27097
0.30560
0.25253
0.26766
0.21607
0.26235
0.30448
0.28658
0.22560
0.24287
0.33383
0.27843
0.20004
0.22491
0.28805
0.30161
0.26400
0.23052
0.25442
0.33651
0.33654
0.14813
0.25203
0.29779
0.26247
0.26317
0.32770
0.32299
0.25668
0.21053
0.21106
0.23085
0.26225
0.35137
0.29943
0.30772
0.26824
0.25102
0.27269
0.28000
0.28179
0.18027
0.31186
0.21769
0.25712
0.33347
0.32841
0.22880
0.27663
0.25731
0.29438
0.32012
0.33420
0.27647
0.26870
0.21359
0.26977
0.31203
0.14025
0.24794
0.21187
0.21271
0.25491
0.24805
0.25412
0.25842
0.24623
0.24940
0.21867
0.22321
0.33186
0.27626
0.23057
0.21210
0.29047
0.26105
0.25625
0.21125
0.34424
0.29534
0.35137
0.27335
0.24804
0.27640
0.26305
0.22214
0.29645
0.16958
0.32257
0.25781
0.33056
0.27379
0.30048
0.33967
0.29757
0.22543
0.26192
0.22854
0.23318
0.25952
0.23900
0.27841
0.30571
0.25735
0.31148
0.36646
0.29520
0.30924
0.28995
0.28941
0.30696
0.36296
0.24592
0.28996
0.31649
0.32159
0.25939
0.31151
0.39192
0.24084
0.25914
0.32064
0.25212
0.30775
0.35567
0.26262
0.25115
0.33747
0.24554
0.23179
0.29676
0.26742
0.20215
0.24843
0.22760
0.25029
0.28679
0.29808
0.31007
0.22595
0.29662
0.29617
0.26489
0.20905
0.27416
0.16153
0.33758
0.33456
0.36237
0.32334
0.30515
0.38513
0.38177
0.28383
0.19506
0.32893
0.40419
0.26203
0.15592
0.32216
0.32427
0.24637
0.26369
0.32491
0.25841
0.27371
0.25630
0.34268
0.33304
0.37369
0.27422
0.32825
0.25923
0.39353
0.31532
0.32108
0.28976
0.32839
0.27480
0.19200
0.31624
0.44776
0.27238
0.39050
0.39044
0.21737
0.25659
0.35670
0.29502
0.26513
0.24754
0.30504
0.21331
0.32003
0.32211
0.28900
0.27643
0.38316
0.30308
0.30427
0.26652
0.23579
0.29630
0.37916
0.20467
0.11678
0.35322
0.15611
0.22626
0.40796
0.15832
0.24360
0.22962
0.28952
0.24971
0.42891
0.18755
0.34969
0.36662
0.26191
0.25115
0.26252
0.24385
0.18123
0.36465
0.18924
0.36410
0.32956
0.26666
0.22794
0.25310
0.34760
0.26943
0.22790
0.33537
0.41815
0.30682
0.28343
0.37016
0.36569
0.24282
0.27874
0.28757
0.38700
0.20027
0.24807
0.22251
0.34418
0.28037
0.25027
0.28981
0.31036
0.34697
0.25721
0.31358
0.33452
0.30011
0.29810
0.24340
0.38452
0.30955
0.25626
0.30196
0.31305
0.33284
0.26248
0.30430
0.24701
0.35421
0.26680
0.26404
0.32011
0.32032
0.23813
0.29912
0.17988
0.32262
0.23236
0.05794
0.16958
0.22338
0.23110
0.26024
0.25057
0.23689
0.32560
0.24495
0.06532
0.19583
0.04137
0.27502
0.23872
0.19106
0.29726
0.07446
0.11970
0.19264
0.17702
0.10084
0.14085
0.17892
0.22624
0.14005
0.21341
0.28996
0.05094
0.30277
0.21177
0.05876
0.09944
0.16434
0.28015
0.12636
0.24818
0.21337
0.30465
0.04417
0.09204
0.08853
0.11185
0.26276
0.10299
0.10888
0.16743
0.28653
0.19945
0.24238
0.20607
0.10779
0.24083
0.05482
0.04380
0.27933
0.17271
0.25100
0.03441
0.08497
0.20405
0.19058
0.25521
0.23297
0.02576
0.09721
0.13915
0.19600
0.15330
0.19569
0.09696
0.17729
0.12686
0.11793
0.24621
0.18580
0.09516
0.12267
0.17289
0.09690
0.05342
0.26080
0.09915
0.18707
0.24273
0.21322
0.20517
0.32830
0.24407
0.22230
0.14253
0.17865
0.22169
0.04544
0.22017
0.12596
0.07021
0.21329
0.25987
0.25782
0.24151
0.05602
0.07921
0.21008
0.27973
0.25791
0.28246
0.07893
0.27827
0.29426
0.12641
0.24334
0.09990
0.04165
0.06703
0.14869
0.07388
0.12509
0.19816
0.28960
0.10013
0.11328
0.02143
0.03577
0.07230
0.30430
