0.15259
0.11167
0.09970
0.21740
0.08274
0.14808
0.25171
0.12798
0.17722
0.07978
0.17001
0.14737
0.16611
0.12800
0.14526
0.21255
0.13828
0.12827
0.08490
0.17977
0.27794
0.17798
0.17899
0.05281
0.20154
0.17580
0.12973
0.23802
0.07943
0.09846
0.15927
0.23240
0.20295
0.11620
0.08399
0.10745
0.13464
0.08551
0.14119
0.16839
0.30109
0.26178
0.13384
0.15439
0.30536
0.19710
0.14341
0.28458
0.21399
0.11088
0.11251
0.11485
0.15480
0.24591
0.10842
0.24088
0.24516
0.10384
0.16106
0.10179
0.26345
0.27884
0.14570
0.22006
0.29794
0.33437
0.07971
0.21525
0.12514
0.05200
0.16916
0.32171
0.28687
0.21801
0.25567
0.12553
0.09916
0.06726
0.21396
0.22382
0.31714
0.14742
0.34622
0.27599
0.22462
0.33633
0.10770
0.07104
0.16069
0.21626
0.34466
0.20256
0.05734
0.28102
0.05907
0.15983
0.21049
0.22169
0.18220
0.14229
0.11193
0.17843
0.12994
0.13000
0.20995
0.29751
0.14618
0.18413
0.15498
0.28720
0.04262
0.27230
0.09807
0.26137
0.13754
0.11372
0.26692
0.07677
0.11258
0.19940
0.22396
0.11599
0.28887
0.02768
0.09458
0.14513
0.27863
0.28775
0.18957
0.26203
0.10873
0.08882
0.28209
0.32488
0.11996
0.12754
0.08792
0.28973
0.27413
0.09892
0.15395
0.05340
0.27600
0.20038
0.20480
0.27019
0.08105
0.35296
0.18249
0.11516
0.19781
0.25739
0.12536
0.34376
0.31249
0.34442
0.10449
0.11844
0.15177
0.19299
0.21631
0.25818
0.24579
0.31912
0.10223
0.14691
0.29391
0.24261
0.07099
0.23201
0.04494
0.24561
0.17524
0.03886
0.08345
0.22751
0.06194
0.10897
0.22161
0.25533
0.07123
0.12135
0.20796
0.15953
0.08945
0.24404
0.22308
0.24199
0.25403
0.18409
0.15508
0.09425
0.06266
0.12089
0.13627
0.22188
0.19088
0.19695
0.10665
0.23438
0.22484
0.13560
0.18429
0.20175
0.04548
0.23973
0.07751
0.20533
0.24971
0.08692
0.24925
0.21180
0.12247
0.19214
0.26401
0.26630
0.14579
0.24359
0.22356
0.35346
0.11112
0.19626
0.14810
0.08066
0.09751
0.08830
0.13931
0.20000
0.12554
0.07808
0.25270
0.10731
0.23370
0.14067
0.06524
0.29042
0.10403
0.06628
0.11763
0.26322
0.08822
0.27248
0.13749
0.11601
0.16510
0.21594
0.11925
0.06357
0.11138
0.12812
0.09852
0.13273
0.09475
0.25392
0.15424
0.18916
0.22481
0.12200
0.10297
0.16254
0.22539
0.15991
0.20374
0.16288
0.14015
0.27853
0.28859
0.10330
0.18572
0.08385
0.12538
0.15404
0.07689
0.06649
0.32003
0.14913
0.09917
0.23078
0.15975
0.10057
0.12572
0.34554
0.14269
0.14599
0.27582
0.12838
0.19146
0.18809
0.18963
0.17723
0.08433
0.08475
0.18535
0.21852
0.15918
0.10030
0.13742
0.20356
0.19359
0.15449
0.33183
0.30388
0.27590
0.15676
0.09129
0.30564
0.26035
0.31589
0.05696
0.26394
0.16921
0.30045
0.10964
0.07778
0.11097
0.15054
0.09660
0.21939
0.26608
0.08801
0.11746
0.08859
0.29474
0.15569
0.26196
0.13631
0.22601
0.22338
0.12690
0.06309
0.26245
0.26373
0.35040
0.24255
0.28745
0.23686
0.23890
0.29500
0.27372
0.20603
0.09199
0.07162
0.16508
0.23415
0.08092
0.13234
0.21568
0.11174
0.21370
0.12044
0.15611
0.14745
0.26530
0.26302
0.26388
0.18169
0.30343
0.14394
0.18165
0.31311
0.05661
0.17705
0.08333
0.09725
0.16248
0.12110
0.24257
0.33303
0.10319
0.08744
0.18036
0.26374
0.12313
0.06569
0.06587
0.07136
0.05179
0.16778
0.18043
0.06840
0.23837
0.15233
0.15359
0.07216
0.20733
0.26971
0.20804
0.25885
0.33092
0.17915
0.25014
0.28960
0.29204
0.28918
0.26813
0.23601
0.32543
0.23704
0.25146
0.26513
0.23247
0.30571
0.19904
0.33894
0.31277
0.26575
0.22637
0.26691
0.20901
0.36437
0.30673
0.23440
0.29752
0.31875
0.19800
0.24948
0.30181
0.29348
0.25490
0.25136
0.24933
0.31197
0.20247
0.22547
0.32704
0.23678
0.23580
0.31498
0.21153
0.32239
0.33226
0.27844
0.27880
0.31544
0.28452
0.24871
0.29776
0.32333
0.21414
0.32613
0.31982
0.23141
0.27328
0.30644
0.18267
0.31562
0.25828
0.26623
0.30720
0.28864
0.25861
0.19415
0.26423
0.33190
0.16717
0.26286
0.21199
0.19912
0.20311
0.36651
0.31525
0.31445
0.18466
0.34830
0.26905
0.29220
0.34189
0.29748
0.29272
0.29028
0.23692
0.27433
0.19994
0.33899
0.30007
0.24442
0.16232
0.32742
0.22281
0.26156
0.29628
0.27182
0.33851
0.29689
0.20844
0.31275
0.29357
0.16285
0.15557
0.23989
0.19614
0.17139
0.16432
0.29982
0.32029
0.26887
0.26804
0.24948
0.29074
0.22636
0.30179
0.24572
0.29220
0.18614
0.27134
0.29022
0.21341
0.16739
0.33643
0.28321
0.21098
0.32229
0.32667
0.27384
0.36109
0.32016
0.23400
0.22613
0.19647
0.28652
0.31035
0.26694
0.26452
0.24458
0.17178
0.29236
0.22525
0.29213
0.21206
0.25883
0.32688
0.28677
0.22925
0.23407
0.29169
0.21784
0.27032
0.20682
0.22326
0.20700
0.24884
0.20012
0.31315
0.32632
0.32550
0.21582
0.22256
0.30868
0.23027
0.19453
0.21367
0.30198
0.30789
0.19138
0.20123
0.27107
0.28754
0.19102
0.17216
0.25521
0.26056
0.19448
0.26630
0.23888
0.30903
0.19877
0.24547
0.27108
0.27712
0.20555
0.27212
0.26755
0.26002
0.37785
0.19455
0.30147
0.23419
0.33064
0.29928
0.24363
0.28813
0.27641
0.25545
0.23742
0.30028
0.28556
0.25453
0.29622
0.27842
0.33231
0.24816
0.27044
0.24584
0.33607
0.18684
0.23489
0.23188
0.24853
0.27192
0.26973
0.21895
0.25658
0.23841
0.30097
0.19822
0.33747
0.23564
0.27928
0.28323
0.28374
0.27342
0.14757
0.22144
0.32141
0.31253
0.24646
0.26072
0.28077
0.27631
0.24869
0.20896
0.28714
0.28429
0.29754
0.26046
0.21048
0.29185
0.30487
0.26638
0.26424
0.22783
0.29712
0.27376
0.15855
0.18844
0.29095
0.30215
0.29562
0.28103
0.23532
0.34136
0.33938
0.16616
0.24809
0.30544
0.27907
0.25074
0.30968
0.33039
0.25189
0.21640
0.19908
0.25022
0.29137
0.33529
0.28491
0.31495
0.29485
0.24268
0.26085
0.28646
0.27876
0.18349
0.31563
0.21417
0.25567
0.33461
0.30267
0.24919
0.25787
0.21578
0.30391
0.34732
0.32767
0.24623
0.27494
0.23330
0.30047
0.31095
0.14669
0.25469
0.23874
0.23475
0.27907
0.24744
0.22657
0.23592
0.26543
0.24977
0.20707
0.24508
0.32110
0.26883
0.25962
0.20590
0.25618
0.24822
0.24292
0.17239
0.34224
0.30086
0.34449
0.26261
0.27183
0.28587
0.28363
0.24902
0.27714
0.17811
0.30067
0.26246
0.34210
0.25132
0.32368
0.31901
0.28218
0.25582
0.30405
0.17119
0.21211
0.30939
0.24083
0.28236
0.29285
0.31198
0.32689
0.36428
0.31473
0.30623
0.27249
0.29405
0.30670
0.34406
0.25628
0.29124
0.29647
0.31089
0.30440
0.29682
0.36552
0.23919
0.20317
0.34197
0.23948
0.32207
0.34798
0.24568
0.24018
0.32803
0.22871
0.25529
0.29030
0.27517
0.22380
0.22409
0.24347
0.26639
0.27145
0.31543
0.28575
0.23927
0.31479
0.27122
0.31115
0.26294
0.27674
0.16566
0.34702
0.32279
0.34201
0.28843
0.31583
0.33480
0.38005
0.26295
0.20280
0.29811
0.39723
0.26862
0.23886
0.30736
0.33882
0.25909
0.23602
0.32571
0.23954
0.27219
0.22248
0.33200
0.35895
0.42510
0.30493
0.28203
0.23873
0.39104
0.28438
0.32064
0.29827
0.33060
0.26316
0.18078
0.30209
0.47261
0.27107
0.42546
0.34178
0.23013
0.27410
0.33987
0.32668
0.30669
0.25803
0.28442
0.19819
0.29263
0.27535
0.29858
0.30332
0.39184
0.22282
0.25576
0.22664
0.19017
0.24792
0.38516
0.23305
0.14714
0.34635
0.17218
0.19305
0.41239
0.17994
0.27907
0.22223
0.28386
0.21390
0.45438
0.20213
0.33992
0.36804
0.25972
0.22255
0.26722
0.27247
0.21835
0.34797
0.18700
0.37518
0.36390
0.24495
0.24832
0.23412
0.34226
0.23447
0.20999
0.32411
0.40647
0.33186
0.29690
0.37243
0.35356
0.22064
0.27592
0.28474
0.41064
0.20853
0.25831
0.20962
0.34975
0.25833
0.24794
0.21683
0.32818
0.39383
0.24436
0.28533
0.35470
0.30635
0.28014
0.23347
0.35966
0.30416
0.27872
0.28633
0.30723
0.32090
0.25319
0.30700
0.24756
0.34939
0.25106
0.24913
0.31585
0.27084
0.23096
0.27050
0.18292
0.33150
0.20682
0.07403
0.17643
0.24051
0.22987
0.26855
0.20815
0.26574
0.34994
0.21424
0.11649
0.18566
0.08256
0.32005
0.24962
0.19370
0.29362
0.02929
0.12158
0.20143
0.21708
0.07926
0.13650
0.21289
0.28320
0.23992
0.21355
0.25569
0.06177
0.31110
0.18666
0.05813
0.10375
0.07844
0.28142
0.17469
0.20130
0.19803
0.30887
0.06898
0.04518
0.13092
0.14113
0.29108
0.14270
0.12685
0.16174
0.23349
0.15681
0.26160
0.22788
0.05917
0.23893
0.07966
0.04777
0.26287
0.19326
0.21021
0.15023
0.14372
0.23506
0.18311
0.30581
0.20443
0.07903
0.08958
0.18103
0.20466
0.22567
0.17456
0.13566
0.23779
0.11450
0.11867
0.25148
0.30299
0.12446
0.13387
0.17431
0.07148
0.08874
0.24990
0.19272
0.20239
0.24485
0.31049
0.19350
0.27608
0.24970
0.25495
0.17975
0.23344
0.19128
0.02260
0.26448
0.09968
0.07752
0.21163
0.23315
0.27277
0.25186
0.13133
0.09628
0.09552
0.21264
0.25409
0.24555
0.11231
0.23435
0.32972
0.15566
0.25846
0.13234
0.03794
0.09473
0.12276
0.07153
0.15885
0.26930
0.31045
0.19365
0.16333
0.05207
0.10575
0.12276
0.27127
