0.17101
0.09420
0.07080
0.23882
0.09168
0.12985
0.24381
0.14975
0.22528
0.03994
0.22572
0.13649
0.18151
0.12644
0.14597
0.23389
0.14122
0.17594
0.10721
0.12886
0.30483
0.20164
0.18811
0.07142
0.22078
0.18856
0.11213
0.27380
0.10965
0.15508
0.17349
0.25369
0.13271
0.11019
0.08241
0.10102
0.15070
0.10458
0.12164
0.19334
0.29710
0.23271
0.09382
0.12912
0.28854
0.25364
0.17159
0.23412
0.20988
0.18791
0.09371
0.20789
0.13611
0.29751
0.08802
0.22751
0.19139
0.14280
0.11883
0.10051
0.27629
0.29195
0.15467
0.23323
0.27118
0.32148
0.08161
0.19169
0.11784
0.07708
0.13668
0.29520
0.29243
0.17176
0.23300
0.10152
0.10957
0.04139
0.22857
0.20046
0.31521
0.13109
0.34544
0.27574
0.28053
0.34923
0.10588
0.05972
0.13869
0.29382
0.29388
0.19226
0.07950
0.26542
0.08764
0.15688
0.23189
0.21023
0.19062
0.16702
0.10102
0.22460
0.11759
0.12499
0.22855
0.30306
0.13181
0.16339
0.15808
0.29114
0.03276
0.24297
0.10847
0.24656
0.09933
0.17164
0.26905
0.05090
0.06688
0.20216
0.24645
0.10445
0.27804
0.05366
0.13229
0.13935
0.30385
0.26709
0.14938
0.27405
0.10211
0.14282
0.32627
0.33618
0.09467
0.14083
0.06721
0.29422
0.26708
0.05349
0.19713
0.03422
0.27465
0.18214
0.12459
0.32735
0.10166
0.37023
0.19094
0.09622
0.15193
0.27220
0.10911
0.31656
0.30637
0.31731
0.12031
0.13182
0.13407
0.18005
0.27814
0.28171
0.27475
0.29481
0.08401
0.16069
0.28705
0.27471
0.06743
0.22570
0.03074
0.23593
0.20768
0.02248
0.08345
0.20829
0.09031
0.09712
0.17892
0.24168
0.08478
0.10573
0.20757
0.18066
0.09195
0.18105
0.26005
0.25157
0.26991
0.26776
0.10007
0.08861
0.08152
0.14020
0.12765
0.25624
0.17951
0.19963
0.13205
0.26631
0.20997
0.13879
0.19135
0.16636
0.08690
0.23272
0.08606
0.20970
0.26496
0.12346
0.23947
0.25328
0.14671
0.22596
0.29192
0.24096
0.11676
0.23852
0.24207
0.33023
0.10773
0.19056
0.12536
0.12079
0.09171
0.09473
0.16673
0.21624
0.16935
0.04653
0.24042
0.12687
0.25934
0.14142
0.06807
0.23790
0.11502
0.04089
0.09728
0.25135
0.10058
0.30134
0.14525
0.10757
0.13887
0.22825
0.11142
0.07725
0.11598
0.12587
0.12477
0.11903
0.17212
0.26396
0.14258
0.16578
0.22827
0.07290
0.07224
0.12520
0.21168
0.18249
0.24681
0.18663
0.11839
0.28386
0.30192
0.09965
0.19371
0.09668
0.08549
0.12355
0.09928
0.07868
0.35148
0.20316
0.07788
0.21264
0.22221
0.08033
0.14370
0.30181
0.13437
0.08760
0.31072
0.11947
0.20654
0.19340
0.23784
0.14150
0.12691
0.10660
0.21328
0.24363
0.15051
0.10870
0.19621
0.17630
0.18154
0.17443
0.32559
0.27863
0.25881
0.20642
0.12217
0.29628
0.29633
0.29187
0.04403
0.24648
0.12731
0.29299
0.15873
0.11587
0.18599
0.19946
0.11671
0.16270
0.23833
0.10106
0.11239
0.08068
0.25438
0.17385
0.23918
0.16881
0.21390
0.23544
0.14944
0.06167
0.20833
0.30381
0.34733
0.25576
0.31080
0.26023
0.26070
0.27589
0.27340
0.25443
0.08071
0.07412
0.21042
0.22162
0.06706
0.07808
0.21526
0.18201
0.26135
0.13825
0.17487
0.12145
0.25146
0.25468
0.28748
0.19858
0.31271
0.16277
0.13334
0.30844
0.10076
0.25274
0.08848
0.12443
0.17771
0.07822
0.25531
0.32155
0.09613
0.08128
0.14220
0.21544
0.12106
0.04522
0.07386
0.06816
0.04910
0.11550
0.20229
0.08369
0.27155
0.19357
0.20367
0.11608
0.16727
0.27265
0.19653
0.20834
0.31789
0.16552
0.25178
0.30770
0.25026
0.27425
0.26700
0.22402
0.30594
0.22146
0.23140
0.24517
0.22576
0.25122
0.19691
0.33824
0.28437
0.21003
0.23215
0.27172
0.25248
0.35971
0.27265
0.22402
0.27504
0.30045
0.19145
0.24277
0.29189
0.27963
0.24623
0.25611
0.25288
0.28696
0.22898
0.24422
0.31477
0.27295
0.19846
0.29453
0.21449
0.31677
0.30749
0.29442
0.27880
0.28106
0.27115
0.25186
0.24322
0.31560
0.18940
0.23298
0.29845
0.23531
0.27791
0.31614
0.20389
0.26587
0.26496
0.25634
0.29261
0.25925
0.24310
0.19913
0.24304
0.31744
0.12393
0.26521
0.22111
0.17334
0.18424
0.37506
0.30273
0.28835
0.17652
0.33189
0.27187
0.29628
0.32396
0.27520
0.24540
0.28580
0.25260
0.28131
0.18672
0.31626
0.26942
0.17399
0.16321
0.33769
0.21622
0.26071
0.28308
0.27483
0.32026
0.27984
0.23556
0.28356
0.29119
0.19201
0.17230
0.25279
0.17127
0.15571
0.15680
0.26712
0.27853
0.25220
0.25289
0.24508
0.26227
0.21734
0.28859
0.23960
0.26835
0.19824
0.26726
0.27962
0.22666
0.17751
0.34718
0.26097
0.20470
0.26295
0.29426
0.24939
0.36988
0.29047
0.25181
0.23556
0.22442
0.27737
0.28987
0.26048
0.24637
0.20888
0.15807
0.27683
0.22512
0.25690
0.24825
0.22880
0.28980
0.25016
0.20206
0.24107
0.28048
0.20399
0.25752
0.19694
0.19821
0.21960
0.22690
0.22530
0.31490
0.30858
0.31102
0.22927
0.21595
0.29608
0.20731
0.20856
0.22075
0.26185
0.29319
0.14209
0.19047
0.27055
0.27791
0.17540
0.16134
0.22675
0.22542
0.18916
0.26821
0.24074
0.30061
0.15410
0.20506
0.25182
0.28250
0.22736
0.23523
0.24869
0.27202
0.36341
0.19467
0.27409
0.24276
0.33660
0.28680
0.23754
0.28703
0.26405
0.25458
0.20344
0.30144
0.25234
0.25344
0.25690
0.23802
0.31028
0.23225
0.24076
0.21362
0.29949
0.19606
0.24542
0.20947
0.22344
0.25876
0.25535
0.20294
0.20247
0.23162
0.30018
0.19058
0.30938
0.24812
0.23856
0.26024
0.25350
0.27125
0.14353
0.21786
0.29568
0.30560
0.21928
0.24438
0.26523
0.27290
0.19736
0.20373
0.27670
0.29544
0.24584
0.24938
0.19274
0.26990
0.27788
0.27902
0.25468
0.20776
0.28790
0.28759
0.18816
0.19191
0.26641
0.29029
0.28057
0.22197
0.23097
0.30290
0.32391
0.15759
0.25325
0.28640
0.25333
0.23966
0.31496
0.30196
0.23556
0.19605
0.17646
0.24196
0.25544
0.32738
0.27738
0.29491
0.24347
0.24045
0.25602
0.24881
0.25309
0.17432
0.31351
0.19323
0.22722
0.31829
0.29786
0.21380
0.25906
0.24364
0.29408
0.29375
0.32156
0.23515
0.25436
0.21201
0.28976
0.30741
0.13674
0.24133
0.18773
0.22615
0.25498
0.24390
0.23439
0.22393
0.25972
0.20373
0.20215
0.23093
0.31185
0.24194
0.24127
0.20011
0.25747
0.24116
0.23414
0.18241
0.31889
0.27987
0.34392
0.24732
0.21862
0.27227
0.27467
0.22934
0.26573
0.18181
0.30048
0.28679
0.30924
0.24035
0.27498
0.32470
0.26255
0.23069
0.28417
0.16818
0.20360
0.25025
0.25113
0.26595
0.28524
0.25103
0.28008
0.36172
0.25239
0.27470
0.27596
0.26918
0.28415
0.32856
0.23568
0.28360
0.30317
0.30364
0.27329
0.27932
0.35182
0.19294
0.21965
0.32208
0.21863
0.30268
0.32430
0.23149
0.25859
0.29190
0.23218
0.24602
0.26002
0.24195
0.17272
0.25062
0.22261
0.23706
0.24664
0.29226
0.28733
0.22050
0.26385
0.25730
0.25558
0.23770
0.26435
0.14982
0.28079
0.30692
0.31299
0.28390
0.27831
0.33917
0.34809
0.24306
0.18134
0.26762
0.35057
0.26218
0.16335
0.29289
0.32413
0.26156
0.23080
0.30641
0.23824
0.23922
0.20368
0.30474
0.31383
0.36001
0.24993
0.27529
0.25177
0.33364
0.25113
0.29932
0.27139
0.30005
0.25333
0.18183
0.28995
0.39352
0.21147
0.35169
0.35773
0.17618
0.28919
0.32699
0.30380
0.28038
0.23222
0.27170
0.19791
0.25165
0.25602
0.25256
0.27561
0.33117
0.23209
0.25626
0.23403
0.18420
0.23370
0.34664
0.19844
0.12888
0.32196
0.13872
0.19204
0.35181
0.14473
0.17910
0.19062
0.25711
0.20108
0.40892
0.18582
0.28998
0.35986
0.23031
0.22545
0.24117
0.22014
0.15508
0.30695
0.17588
0.35807
0.32427
0.23228
0.22993
0.24145
0.33205
0.23353
0.19709
0.31893
0.36577
0.28186
0.25527
0.31733
0.32323
0.20989
0.24764
0.28051
0.38332
0.17708
0.19771
0.21957
0.32362
0.23032
0.23385
0.26086
0.30918
0.32635
0.19930
0.27671
0.28886
0.28401
0.26973
0.22236
0.34052
0.27802
0.22492
0.27188
0.27412
0.30763
0.24886
0.30354
0.23476
0.32208
0.24072
0.22414
0.28391
0.27551
0.22073
0.24982
0.15136
0.32667
0.21853
0.05003
0.11945
0.14162
0.20749
0.24336
0.23719
0.22886
0.28324
0.19033
0.09328
0.19263
0.05284
0.27000
0.21146
0.13797
0.29566
0.08777
0.13389
0.20883
0.19315
0.09852
0.10637
0.22474
0.28679
0.15717
0.20659
0.24961
0.06279
0.29652
0.21602
0.02512
0.10565
0.17344
0.28561
0.13626
0.24890
0.21569
0.28692
0.05631
0.08913
0.06098
0.08352
0.23177
0.18108
0.14263
0.15222
0.27330
0.16848
0.28918
0.21255
0.06717
0.28490
0.09481
0.05698
0.28091
0.19874
0.20134
0.05684
0.08818
0.21708
0.18297
0.27677
0.25532
0.05490
0.04908
0.20287
0.17789
0.24234
0.21400
0.12193
0.22076
0.22702
0.12336
0.31376
0.24008
0.10443
0.13492
0.13717
0.06072
0.03931
0.25775
0.20377
0.20295
0.24591
0.24444
0.20461
0.29856
0.19470
0.27493
0.18646
0.17237
0.16120
0.02128
0.26903
0.14212
0.02605
0.17804
0.25057
0.25862
0.25963
0.08662
0.03707
0.14697
0.22039
0.23949
0.28794
0.11235
0.30471
0.27351
0.11654
0.21522
0.10633
0.06559
0.06482
0.10440
0.07033
0.11283
0.28011
0.28403
0.06694
0.07528
0.01985
0.07692
0.08221
0.27321
