0.12579
0.12055
0.06034
0.26369
0.04612
0.13127
0.25015
0.15159
0.18081
0.06155
0.20644
0.12571
0.18646
0.12366
0.09307
0.21784
0.16547
0.16805
0.08559
0.16017
0.29096
0.10780
0.18060
0.05634
0.23981
0.15730
0.10391
0.26645
0.08169
0.17544
0.12738
0.28055
0.15667
0.10793
0.09130
0.09508
0.16996
0.06803
0.10528
0.17439
0.28666
0.25814
0.10977
0.13168
0.28634
0.21761
0.14602
0.23947
0.18821
0.13943
0.11232
0.13792
0.15794
0.24881
0.09946
0.24048
0.23012
0.14286
0.17026
0.06151
0.23749
0.27310
0.12337
0.25756
0.26782
0.28059
0.05382
0.17434
0.14639
0.03873
0.15060
0.31100
0.28625
0.23110
0.26410
0.11357
0.09489
0.02167
0.21009
0.18731
0.29525
0.19348
0.32684
0.25348
0.26169
0.35022
0.10594
0.11301
0.13783
0.25309
0.34077
0.16623
0.05551
0.25483
0.04664
0.14643
0.21743
0.22123
0.19729
0.17895
0.10069
0.16162
0.14196
0.16452
0.20563
0.31072
0.13199
0.19638
0.17027
0.29466
0.03531
0.23140
0.07357
0.21006
0.13022
0.11666
0.27464
0.08115
0.06378
0.17437
0.23563
0.09657
0.27863
0.03124
0.09730
0.15932
0.31014
0.25714
0.16338
0.25054
0.05907
0.16255
0.28374
0.29984
0.12533
0.17354
0.04623
0.27222
0.28579
0.05785
0.15700
0.03192
0.29728
0.15451
0.18445
0.29567
0.11294
0.35607
0.17993
0.08838
0.16012
0.21588
0.12974
0.29397
0.29068
0.30465
0.12689
0.13869
0.16825
0.23855
0.24091
0.24959
0.27746
0.29112
0.11947
0.10432
0.28940
0.24387
0.09659
0.24400
0.04357
0.22874
0.22280
0.04579
0.13508
0.20904
0.03910
0.09258
0.13729
0.25922
0.09863
0.10446
0.21518
0.17526
0.11178
0.20069
0.22535
0.26180
0.24608
0.21945
0.11814
0.05671
0.03168
0.16389
0.11739
0.23569
0.21774
0.18827
0.07367
0.27979
0.24113
0.11719
0.15112
0.16149
0.04242
0.25612
0.07812
0.23223
0.25750
0.12240
0.24976
0.25667
0.12830
0.23453
0.25102
0.19938
0.13875
0.26232
0.23148
0.33030
0.09933
0.18477
0.10478
0.07064
0.08104
0.04652
0.16870
0.13245
0.17896
0.09159
0.23417
0.12672
0.26409
0.15042
0.06327
0.26631
0.12169
0.05873
0.11801
0.25873
0.13464
0.26692
0.08023
0.11292
0.19913
0.20278
0.12931
0.06175
0.13261
0.12259
0.13052
0.11570
0.08126
0.26018
0.17058
0.16932
0.20941
0.06363
0.07811
0.12105
0.21836
0.17220
0.21869
0.18316
0.11238
0.28364
0.25128
0.09089
0.14138
0.06503
0.11066
0.12825
0.05112
0.04446
0.36161
0.15441
0.06368
0.18499
0.14641
0.07090
0.20234
0.31240
0.17860
0.07782
0.27975
0.12419
0.17700
0.17509
0.16012
0.12764
0.12365
0.03490
0.23976
0.19026
0.19029
0.11290
0.11138
0.16116
0.20375
0.13464
0.30657
0.27459
0.29182
0.09952
0.08329
0.27350
0.30451
0.34936
0.05093
0.24824
0.16839
0.25455
0.13684
0.07057
0.15618
0.14229
0.09202
0.21052
0.24890
0.04973
0.12986
0.06752
0.27422
0.16172
0.24495
0.17925
0.22024
0.23535
0.08574
0.06474
0.25000
0.26574
0.35509
0.26481
0.33189
0.22592
0.27680
0.28734
0.26039
0.23390
0.05395
0.06546
0.14415
0.24005
0.05242
0.03919
0.20792
0.13169
0.19845
0.09224
0.17799
0.10130
0.25756
0.28849
0.25318
0.18360
0.30456
0.14487
0.16857
0.30033
0.05266
0.24372
0.05020
0.06794
0.20067
0.05261
0.23189
0.32471
0.09495
0.06519
0.16719
0.26798
0.14060
0.07088
0.03687
0.06434
0.04318
0.11780
0.20423
0.05583
0.26362
0.18868
0.20920
0.07830
0.16119
0.27877
0.20038
0.26492
0.34911
0.18000
0.24806
0.30229
0.27400
0.29779
0.28217
0.23222
0.35222
0.25264
0.24093
0.27133
0.20372
0.26796
0.19447
0.36073
0.30399
0.22602
0.24637
0.25833
0.24196
0.35230
0.26284
0.23791
0.30794
0.33352
0.22624
0.24819
0.29714
0.27689
0.24878
0.26314
0.25916
0.30086
0.25106
0.21495
0.34565
0.23739
0.24267
0.29610
0.18283
0.30786
0.33935
0.28884
0.28996
0.28869
0.27705
0.26261
0.26526
0.30974
0.20170
0.26028
0.30992
0.25468
0.26571
0.28399
0.19539
0.27572
0.25944
0.28093
0.30907
0.29063
0.26531
0.16265
0.26096
0.35191
0.10855
0.28592
0.21186
0.20989
0.15446
0.35984
0.30014
0.29217
0.17869
0.34540
0.25722
0.27890
0.35604
0.30521
0.27367
0.28838
0.24261
0.27651
0.14800
0.33352
0.26008
0.21571
0.19067
0.32248
0.20698
0.26135
0.29785
0.25215
0.34066
0.30373
0.22094
0.31067
0.30415
0.14367
0.17685
0.26957
0.17938
0.19973
0.16731
0.27771
0.33091
0.24401
0.26589
0.24691
0.29121
0.22491
0.27950
0.23847
0.26687
0.19079
0.27477
0.26382
0.22476
0.18571
0.32931
0.27074
0.18761
0.25773
0.30610
0.25810
0.34721
0.30182
0.22445
0.26179
0.18920
0.28751
0.28900
0.26938
0.25190
0.23024
0.17459
0.28573
0.23477
0.25895
0.22320
0.26020
0.29621
0.28038
0.21992
0.18511
0.27858
0.19466
0.27093
0.17122
0.21363
0.23411
0.21165
0.21791
0.29878
0.31659
0.31483
0.22408
0.19085
0.31839
0.20765
0.21631
0.21550
0.30575
0.29338
0.15824
0.18863
0.27236
0.25994
0.20423
0.15274
0.23377
0.25427
0.22121
0.20407
0.25779
0.28532
0.15582
0.23356
0.26418
0.25917
0.19716
0.25982
0.24971
0.24414
0.37542
0.19755
0.25134
0.22771
0.34807
0.30469
0.24056
0.28044
0.26329
0.25258
0.17729
0.29819
0.26155
0.22708
0.28709
0.26253
0.33330
0.24745
0.28507
0.19536
0.31958
0.23189
0.27708
0.21090
0.24964
0.27307
0.26973
0.16834
0.21302
0.24067
0.30513
0.20030
0.30770
0.24885
0.25616
0.29234
0.27621
0.26649
0.15640
0.20767
0.31627
0.30828
0.24381
0.25635
0.27198
0.27483
0.23811
0.21298
0.29651
0.29580
0.25580
0.26643
0.12203
0.26620
0.30392
0.26471
0.22728
0.20837
0.32171
0.26584
0.18606
0.19445
0.26069
0.28093
0.27298
0.26363
0.21619
0.33607
0.34084
0.17047
0.24455
0.30683
0.24864
0.25742
0.30946
0.33665
0.24369
0.21374
0.14269
0.23878
0.25380
0.34732
0.27007
0.29461
0.27058
0.24856
0.27327
0.30632
0.26597
0.19323
0.31992
0.19819
0.24560
0.31434
0.29754
0.25251
0.26186
0.23795
0.28713
0.30090
0.32911
0.25581
0.27884
0.18848
0.28678
0.29532
0.13733
0.24080
0.14732
0.23846
0.27157
0.23309
0.24396
0.25674
0.22370
0.22860
0.22046
0.24347
0.33629
0.25366
0.24587
0.19623
0.29098
0.24475
0.24680
0.20863
0.29796
0.28554
0.33236
0.24519
0.23044
0.24887
0.25984
0.22166
0.26445
0.18185
0.30923
0.26071
0.30989
0.27934
0.28821
0.30718
0.26417
0.24197
0.27245
0.17345
0.21384
0.27606
0.20601
0.27790
0.29873
0.26360
0.28827
0.38179
0.27897
0.32231
0.26727
0.30207
0.27808
0.34594
0.23163
0.26639
0.31476
0.30922
0.26666
0.30333
0.37238
0.24044
0.25750
0.30884
0.20738
0.32386
0.31531
0.23343
0.22923
0.31502
0.22967
0.24976
0.30159
0.25053
0.25887
0.23607
0.25858
0.27194
0.28334
0.30433
0.27189
0.23952
0.28700
0.26354
0.28001
0.25305
0.23963
0.12946
0.32238
0.31022
0.34253
0.28714
0.28769
0.35916
0.36837
0.28239
0.20999
0.30538
0.37226
0.24588
0.14032
0.31030
0.32358
0.26329
0.24632
0.29635
0.23037
0.24101
0.25085
0.31518
0.33359
0.35584
0.25802
0.30245
0.28598
0.36178
0.25428
0.29097
0.29996
0.32237
0.27825
0.19852
0.32325
0.40574
0.23455
0.36157
0.36009
0.17512
0.29120
0.32708
0.30452
0.29118
0.26797
0.28684
0.20649
0.26007
0.29747
0.26752
0.25229
0.35603
0.27116
0.27886
0.21769
0.21384
0.26193
0.35838
0.18604
0.13721
0.33215
0.13413
0.20307
0.36867
0.17452
0.22602
0.23908
0.29093
0.23774
0.44213
0.18378
0.31030
0.35636
0.22877
0.21497
0.26146
0.21305
0.20300
0.34386
0.17959
0.33773
0.31335
0.27394
0.22724
0.24586
0.31014
0.26941
0.21033
0.31080
0.40411
0.28980
0.26492
0.36133
0.35351
0.22799
0.27226
0.26420
0.37672
0.19289
0.21275
0.25028
0.34384
0.27863
0.23883
0.26708
0.29863
0.31431
0.18484
0.30216
0.32213
0.27373
0.28648
0.23993
0.32687
0.27795
0.23574
0.27998
0.31805
0.31006
0.25036
0.30220
0.24291
0.31981
0.22898
0.25456
0.31482
0.28464
0.21288
0.27188
0.20243
0.31714
0.20554
0.03506
0.18423
0.18236
0.24977
0.28200
0.23029
0.26914
0.33727
0.22441
0.04842
0.20391
0.05812
0.27963
0.24053
0.16690
0.29790
0.07571
0.15044
0.19459
0.23889
0.08302
0.17022
0.25598
0.30081
0.21963
0.21394
0.28999
0.04455
0.31371
0.21778
0.02996
0.05228
0.05842
0.25222
0.11166
0.20400
0.20142
0.30365
0.05483
0.03894
0.11167
0.08311
0.26334
0.08909
0.11490
0.20616
0.30836
0.10840
0.29292
0.21957
0.02192
0.27011
0.07639
0.02920
0.28116
0.21293
0.24756
0.06806
0.08608
0.21962
0.20476
0.31318
0.27193
0.02591
0.07174
0.19497
0.20522
0.16841
0.15033
0.14446
0.24342
0.15702
0.11429
0.28641
0.27771
0.06726
0.16235
0.18896
0.08011
0.02819
0.22322
0.12338
0.19642
0.23031
0.27141
0.19595
0.31096
0.17134
0.22905
0.25144
0.20193
0.24574
0.01768
0.27089
0.06221
0.07551
0.21033
0.26134
0.25318
0.25556
0.12267
0.04868
0.11691
0.23628
0.27922
0.30348
0.10672
0.17928
0.32034
0.21012
0.22300
0.17841
0.05727
0.04543
0.23062
0.08924
0.06896
0.19114
0.28762
0.08384
0.08088
0.02279
0.09660
0.05968
0.28236
