0.08205
0.09674
0.06255
0.21738
0.05450
0.13375
0.20221
0.12058
0.13400
0.05791
0.16225
0.12277
0.11885
0.12515
0.10859
0.16894
0.11303
0.07944
0.05803
0.12849
0.27823
0.11659
0.13043
0.04336
0.19285
0.12008
0.12075
0.20654
0.10429
0.11467
0.15714
0.21149
0.14743
0.10813
0.07876
0.10386
0.09438
0.09525
0.11108
0.15516
0.29663
0.23160
0.06881
0.10049
0.25491
0.16237
0.11051
0.19960
0.15015
0.16198
0.10724
0.09133
0.14540
0.28961
0.08914
0.25970
0.15877
0.10914
0.10210
0.07161
0.29253
0.25161
0.11706
0.21356
0.29447
0.25307
0.05016
0.14228
0.10282
0.04039
0.13936
0.26142
0.29201
0.19152
0.26972
0.09755
0.06486
0.03322
0.21615
0.14834
0.28431
0.17971
0.28717
0.24615
0.23706
0.36984
0.09302
0.03819
0.08819
0.26880
0.30156
0.14952
0.04540
0.29065
0.04975
0.11199
0.17614
0.22292
0.22176
0.13854
0.09260
0.11593
0.12230
0.12230
0.19260
0.30532
0.12210
0.21014
0.18624
0.27301
0.02972
0.25031
0.05929
0.24963
0.11847
0.14267
0.25330
0.06089
0.05715
0.16609
0.21310
0.07232
0.20869
0.03004
0.09675
0.11191
0.28498
0.28427
0.09493
0.24912
0.07703
0.09597
0.26427
0.33321
0.09585
0.10537
0.05870
0.29732
0.23981
0.02693
0.15580
0.04533
0.26420
0.19528
0.13473
0.27991
0.09328
0.30165
0.15155
0.10212
0.18985
0.22480
0.10180
0.28971
0.28213
0.33704
0.11963
0.13621
0.13533
0.17825
0.28018
0.20505
0.26497
0.27291
0.10034
0.09295
0.25199
0.30172
0.04575
0.28274
0.04271
0.19669
0.24781
0.01895
0.07701
0.18236
0.06246
0.07465
0.20823
0.29156
0.03999
0.11090
0.24547
0.11767
0.08101
0.21220
0.19227
0.21452
0.24445
0.22788
0.11894
0.05327
0.04671
0.14063
0.12689
0.23552
0.18697
0.14526
0.07556
0.25813
0.22881
0.06930
0.14090
0.15470
0.02618
0.18190
0.07727
0.21687
0.23865
0.07516
0.23231
0.21274
0.09110
0.26535
0.25286
0.25568
0.11382
0.28376
0.20963
0.34199
0.09499
0.18357
0.05430
0.04987
0.07874
0.04250
0.10544
0.18507
0.15373
0.06502
0.25853
0.11517
0.23366
0.08432
0.03731
0.19225
0.11000
0.03573
0.11769
0.28288
0.07140
0.29129
0.06060
0.11224
0.16852
0.20841
0.10696
0.03378
0.08421
0.11330
0.09780
0.10018
0.07912
0.21756
0.12470
0.16227
0.17466
0.11369
0.05501
0.14732
0.20217
0.12833
0.18769
0.16325
0.10404
0.23289
0.26890
0.10471
0.19400
0.04638
0.07857
0.11996
0.05276
0.02700
0.38601
0.08645
0.04283
0.21278
0.12592
0.07042
0.13404
0.31382
0.12303
0.02402
0.28447
0.11983
0.15409
0.16388
0.13200
0.13794
0.08309
0.04659
0.17433
0.21220
0.13243
0.09805
0.13747
0.15935
0.16903
0.11062
0.29282
0.29056
0.26686
0.13115
0.08163
0.28634
0.29183
0.28422
0.02603
0.28693
0.09830
0.29020
0.14978
0.06619
0.13779
0.09282
0.10637
0.20007
0.26351
0.06074
0.05908
0.08722
0.28377
0.09066
0.16190
0.13377
0.25223
0.25217
0.12969
0.03040
0.20737
0.31497
0.37252
0.21575
0.32344
0.19381
0.22704
0.27782
0.28060
0.26244
0.07196
0.07441
0.10506
0.22923
0.04584
0.04982
0.15665
0.10450
0.19123
0.11441
0.16392
0.10669
0.26007
0.28281
0.24721
0.19264
0.33409
0.09107
0.15427
0.31579
0.04950
0.20762
0.08208
0.10795
0.21635
0.06544
0.24300
0.34208
0.08404
0.07191
0.15799
0.24921
0.12533
0.04643
0.04312
0.08354
0.07045
0.07998
0.17930
0.09355
0.28375
0.16675
0.18049
0.06929
0.20025
0.30195
0.19699
0.27364
0.33106
0.19877
0.26648
0.30553
0.28579
0.31416
0.27139
0.24203
0.33568
0.22316
0.22115
0.21748
0.21043
0.28353
0.19010
0.35857
0.30879
0.23827
0.25252
0.26973
0.23204
0.34051
0.29124
0.22527
0.29711
0.32368
0.23090
0.24157
0.30534
0.27763
0.24064
0.23589
0.27374
0.30081
0.24832
0.22138
0.31113
0.25720
0.22094
0.33262
0.20007
0.30175
0.33326
0.30265
0.29775
0.29660
0.27062
0.25346
0.28783
0.32483
0.23174
0.29486
0.29910
0.23935
0.26711
0.27957
0.21124
0.29232
0.26901
0.28422
0.28334
0.29014
0.27150
0.19153
0.25894
0.32885
0.10854
0.26152
0.19127
0.18305
0.20917
0.35986
0.29821
0.29316
0.19111
0.32791
0.26204
0.26186
0.34237
0.29200
0.30203
0.28512
0.23061
0.26781
0.17861
0.34191
0.27616
0.24246
0.17070
0.32046
0.18935
0.24777
0.28618
0.23820
0.34388
0.30173
0.20249
0.32337
0.28869
0.19643
0.16976
0.26824
0.17856
0.16827
0.14318
0.30092
0.33302
0.24902
0.25002
0.25270
0.29476
0.20867
0.29172
0.24947
0.26796
0.21200
0.26569
0.28692
0.22814
0.17034
0.34112
0.29839
0.20878
0.29724
0.30706
0.24896
0.36413
0.29495
0.23013
0.22874
0.17899
0.26934
0.28998
0.27255
0.27917
0.24181
0.19708
0.29487
0.23519
0.28181
0.21212
0.27426
0.31632
0.25199
0.20119
0.22436
0.26175
0.19170
0.27849
0.19303
0.24518
0.23900
0.21681
0.20999
0.28219
0.31383
0.32801
0.20347
0.23322
0.30110
0.22313
0.20958
0.21848
0.29388
0.31899
0.16725
0.19543
0.28416
0.26318
0.18852
0.16257
0.23787
0.25554
0.20341
0.23920
0.23563
0.30524
0.16497
0.26183
0.26992
0.28367
0.18843
0.27474
0.27395
0.24365
0.35892
0.19776
0.30758
0.23865
0.33297
0.30590
0.22387
0.26403
0.28352
0.25580
0.18093
0.29042
0.29831
0.27197
0.26865
0.25270
0.31886
0.25752
0.29320
0.25376
0.35206
0.22385
0.26242
0.23011
0.26023
0.28011
0.28233
0.20442
0.23786
0.26603
0.28648
0.21350
0.31939
0.22844
0.25732
0.30233
0.27392
0.27988
0.16374
0.22322
0.31063
0.30829
0.23514
0.27135
0.28412
0.27385
0.24347
0.21034
0.30171
0.27730
0.27158
0.21449
0.17671
0.30108
0.28054
0.23879
0.26685
0.22078
0.32009
0.26314
0.18968
0.19157
0.27892
0.28828
0.28590
0.25640
0.26261
0.31273
0.32013
0.16605
0.25986
0.30743
0.26250
0.25877
0.30694
0.32203
0.21783
0.21510
0.19486
0.23338
0.27509
0.34243
0.29007
0.30689
0.27948
0.22753
0.24362
0.29266
0.27017
0.19306
0.31519
0.23967
0.23305
0.32301
0.30967
0.24820
0.23857
0.24574
0.27828
0.32857
0.31208
0.26160
0.27346
0.21170
0.30209
0.30241
0.14197
0.27796
0.21909
0.22749
0.27562
0.20551
0.25470
0.22270
0.26207
0.24846
0.22386
0.25412
0.33263
0.28030
0.25933
0.20170
0.27515
0.24557
0.23308
0.16593
0.32255
0.24918
0.31256
0.28298
0.22644
0.28010
0.27876
0.24796
0.25046
0.19204
0.30889
0.26618
0.33291
0.28828
0.29365
0.33393
0.26200
0.25421
0.28652
0.17948
0.20474
0.27357
0.20454
0.29381
0.27806
0.27670
0.31520
0.37041
0.29852
0.33985
0.25390
0.29267
0.26898
0.35383
0.24280
0.26335
0.31110
0.30980
0.28076
0.33060
0.36367
0.21487
0.23772
0.31263
0.24517
0.29036
0.29715
0.22064
0.24068
0.32658
0.21756
0.26113
0.30992
0.27571
0.22121
0.23369
0.24569
0.28282
0.29990
0.29640
0.27684
0.21367
0.29377
0.26993
0.29391
0.26528
0.28394
0.14560
0.31239
0.32389
0.34822
0.30198
0.29523
0.39951
0.41347
0.27142
0.18412
0.31058
0.35669
0.29483
0.20739
0.29238
0.32959
0.24650
0.23838
0.32717
0.22989
0.27528
0.24622
0.32656
0.36918
0.42840
0.31258
0.30779
0.27011
0.37386
0.29933
0.28115
0.29953
0.36202
0.26820
0.18029
0.31497
0.46580
0.27557
0.42505
0.41425
0.20746
0.28877
0.35583
0.31803
0.28481
0.24484
0.26696
0.24337
0.28653
0.30411
0.28817
0.26886
0.37203
0.27145
0.28187
0.24502
0.21314
0.23464
0.38893
0.25343
0.12733
0.33007
0.16683
0.17936
0.41314
0.15574
0.28012
0.23085
0.28972
0.23063
0.45221
0.18728
0.32265
0.38755
0.25869
0.24453
0.26794
0.27506
0.22224
0.36790
0.19058
0.36504
0.34505
0.25139
0.25693
0.22166
0.34850
0.31821
0.21610
0.32066
0.41665
0.33383
0.29852
0.36139
0.37870
0.20355
0.26077
0.30680
0.36370
0.19928
0.22517
0.24972
0.35359
0.27526
0.26414
0.24576
0.30739
0.39395
0.23893
0.29066
0.33366
0.29732
0.28786
0.26626
0.37922
0.26087
0.26871
0.27659
0.30416
0.33140
0.26610
0.31185
0.24522
0.34396
0.26901
0.23829
0.30254
0.30270
0.21813
0.28667
0.19120
0.29501
0.19152
0.06666
0.11979
0.16502
0.26402
0.29067
0.17777
0.28215
0.35682
0.13595
0.05209
0.15786
0.03133
0.26945
0.28008
0.18051
0.29537
0.03422
0.10958
0.14939
0.19483
0.06433
0.09656
0.24682
0.27869
0.20978
0.21814
0.26821
0.03696
0.29624
0.24643
0.03304
0.01513
0.11240
0.25081
0.11875
0.25665
0.17400
0.32586
0.02940
0.06964
0.09314
0.07007
0.25304
0.07882
0.12764
0.10643
0.31065
0.10194
0.29150
0.22866
0.01482
0.28227
0.07358
0.07352
0.25203
0.19664
0.22766
0.05963
0.09680
0.21075
0.20422
0.30341
0.19633
0.02666
0.04067
0.15772
0.21294
0.15554
0.16356
0.09178
0.27311
0.15836
0.08526
0.21423
0.27165
0.07289
0.13195
0.14502
0.03454
0.02681
0.15920
0.09126
0.20453
0.23241
0.26118
0.19776
0.31349
0.24259
0.22395
0.20667
0.19815
0.22532
0.07281
0.26365
0.07742
0.04913
0.18939
0.26779
0.27417
0.22493
0.06158
0.02107
0.08844
0.15681
0.17085
0.24465
0.07753
0.14666
0.27314
0.12053
0.21642
0.11274
0.02521
0.05015
0.20242
0.05183
0.05172
0.22049
0.29373
0.08192
0.11975
0.06256
0.04371
0.11595
0.19007
