0.12093
0.09511
0.05258
0.24127
0.09809
0.13559
0.21720
0.15294
0.15757
0.05328
0.16778
0.11861
0.12285
0.11901
0.12439
0.22398
0.13419
0.07938
0.08527
0.15488
0.28221
0.13642
0.14492
0.09374
0.16993
0.14859
0.15352
0.23544
0.07747
0.14629
0.16073
0.23552
0.16153
0.10216
0.09222
0.09931
0.11247
0.09885
0.11466
0.16235
0.28999
0.22878
0.07575
0.11494
0.27961
0.18154
0.16455
0.17943
0.15461
0.15684
0.10996
0.12635
0.13813
0.27876
0.08744
0.23887
0.18504
0.13106
0.10486
0.07129
0.26192
0.25778
0.10547
0.20306
0.29305
0.31052
0.05399
0.15668
0.10527
0.04031
0.15419
0.27034
0.29085
0.19775
0.26032
0.13879
0.07232
0.02552
0.22715
0.16945
0.27611
0.15844
0.29195
0.25291
0.25476
0.36765
0.08826
0.06535
0.10526
0.26382
0.30708
0.17416
0.06339
0.26898
0.11010
0.11824
0.19951
0.22423
0.22184
0.14221
0.09274
0.16014
0.09723
0.12668
0.23434
0.28641
0.13696
0.19481
0.17198
0.27738
0.02429
0.22385
0.08002
0.24597
0.11605
0.13246
0.26475
0.05889
0.04663
0.21318
0.24172
0.09928
0.20186
0.02766
0.11310
0.11045
0.30011
0.27049
0.11879
0.24550
0.10777
0.11225
0.25824
0.33558
0.09809
0.12860
0.07323
0.29826
0.22889
0.03437
0.15986
0.04929
0.27626
0.19992
0.13505
0.24762
0.07671
0.30874
0.15887
0.08888
0.16420
0.24534
0.10365
0.29102
0.27880
0.31068
0.11367
0.15712
0.13610
0.22470
0.24379
0.22064
0.25674
0.29742
0.09518
0.11553
0.25908
0.27084
0.08982
0.21266
0.05815
0.21212
0.23794
0.06162
0.10518
0.21161
0.06962
0.06193
0.19775
0.29994
0.09117
0.10975
0.23283
0.17007
0.10217
0.21851
0.21273
0.21375
0.25556
0.23909
0.11742
0.06588
0.03436
0.15289
0.16227
0.21264
0.20123
0.14699
0.09657
0.28799
0.23437
0.05492
0.17747
0.13732
0.05307
0.15629
0.08900
0.21392
0.26191
0.07665
0.25317
0.22593
0.09690
0.21752
0.24413
0.23107
0.11662
0.29041
0.20390
0.32774
0.13169
0.18392
0.06459
0.05168
0.07306
0.05092
0.19499
0.18929
0.15342
0.05827
0.27235
0.10282
0.23368
0.11884
0.06251
0.21209
0.12463
0.04082
0.10551
0.28468
0.08661
0.28274
0.07441
0.10558
0.16568
0.21441
0.10160
0.03796
0.09169
0.10869
0.10238
0.11577
0.10837
0.22074
0.12061
0.16306
0.16319
0.13855
0.04589
0.14224
0.17388
0.12826
0.20947
0.19671
0.09454
0.25506
0.26141
0.09057
0.18260
0.04604
0.05519
0.12251
0.05991
0.04136
0.36803
0.14402
0.07827
0.18371
0.14183
0.10309
0.11932
0.29131
0.11940
0.05966
0.30791
0.12177
0.17075
0.17086
0.17299
0.16415
0.10589
0.06433
0.18698
0.24068
0.14648
0.09381
0.14678
0.15307
0.15792
0.14719
0.33793
0.28599
0.25674
0.17695
0.11913
0.30771
0.29264
0.29551
0.01740
0.26618
0.11838
0.28956
0.15334
0.07820
0.14909
0.12940
0.09033
0.19645
0.23851
0.06760
0.08784
0.05709
0.29680
0.15066
0.19760
0.17946
0.22739
0.24421
0.13118
0.06381
0.21100
0.29552
0.37145
0.28320
0.32668
0.21907
0.26349
0.26274
0.27859
0.29562
0.06209
0.08533
0.11411
0.22564
0.04685
0.06879
0.17404
0.11230
0.24286
0.11991
0.15527
0.11716
0.27549
0.29131
0.24415
0.20992
0.30059
0.11364
0.13902
0.32213
0.05599
0.18435
0.06347
0.10110
0.27661
0.04028
0.22788
0.36611
0.06541
0.07110
0.16041
0.24607
0.11310
0.08101
0.05340
0.08459
0.07329
0.07975
0.17905
0.08773
0.28244
0.14188
0.20487
0.08562
0.17373
0.27684
0.25010
0.29575
0.36068
0.21028
0.28414
0.33927
0.33079
0.34604
0.26093
0.28971
0.35002
0.29385
0.25920
0.27813
0.24302
0.32169
0.19637
0.36399
0.30838
0.26398
0.28771
0.26543
0.29880
0.37432
0.31871
0.26379
0.29437
0.33320
0.24467
0.28896
0.32055
0.30113
0.25578
0.26764
0.32907
0.29052
0.29004
0.21156
0.32653
0.30239
0.28026
0.35078
0.23805
0.33524
0.36611
0.31782
0.33405
0.32714
0.31935
0.26634
0.31177
0.32934
0.26977
0.32485
0.30365
0.28990
0.29960
0.33961
0.21885
0.33303
0.26859
0.25728
0.29953
0.26041
0.31183
0.20432
0.30260
0.35448
0.16684
0.30627
0.26453
0.22947
0.23309
0.37792
0.32405
0.29905
0.18408
0.33026
0.28975
0.28928
0.35979
0.27786
0.32694
0.31570
0.24066
0.30193
0.19153
0.36859
0.31085
0.24342
0.16431
0.35602
0.19394
0.27859
0.28272
0.29165
0.32583
0.29715
0.22411
0.32189
0.30018
0.19660
0.19304
0.33131
0.18918
0.17931
0.16629
0.30109
0.33122
0.30629
0.30696
0.25363
0.32808
0.22211
0.31223
0.31326
0.31356
0.23492
0.27402
0.31791
0.22809
0.18515
0.38522
0.29917
0.23692
0.31437
0.30580
0.24978
0.38101
0.28897
0.26211
0.29956
0.21610
0.27029
0.32134
0.31104
0.28127
0.23114
0.17942
0.36615
0.24146
0.31813
0.23689
0.29269
0.33384
0.28056
0.21703
0.23362
0.30412
0.22159
0.31354
0.20329
0.25274
0.24847
0.23187
0.25403
0.33059
0.30281
0.32447
0.27700
0.26699
0.28885
0.21085
0.25462
0.25986
0.27735
0.30205
0.17761
0.20404
0.30654
0.31059
0.26013
0.17522
0.24032
0.25763
0.24773
0.24881
0.29061
0.33112
0.18360
0.25725
0.25194
0.32362
0.18863
0.31649
0.29968
0.27901
0.38381
0.21886
0.29845
0.26228
0.36861
0.31100
0.29664
0.29040
0.31345
0.27967
0.21016
0.32493
0.29712
0.29155
0.24891
0.28713
0.33073
0.27773
0.25188
0.24224
0.32623
0.26677
0.30545
0.23867
0.28829
0.28953
0.27095
0.23116
0.28583
0.26413
0.33877
0.23655
0.32560
0.24839
0.30574
0.28641
0.25729
0.33314
0.16117
0.26585
0.31311
0.30904
0.29570
0.32239
0.32959
0.28645
0.27723
0.26951
0.27842
0.31093
0.29417
0.23494
0.18694
0.32860
0.30628
0.27857
0.28982
0.18007
0.31458
0.32687
0.25212
0.22140
0.27387
0.29444
0.31213
0.28791
0.26417
0.34389
0.34489
0.16654
0.26108
0.31684
0.29091
0.32114
0.33216
0.31613
0.23754
0.21318
0.20486
0.30707
0.30563
0.34426
0.27769
0.30887
0.31680
0.25243
0.25595
0.27055
0.27011
0.19258
0.31419
0.22979
0.25273
0.33145
0.32976
0.28541
0.26496
0.30764
0.26802
0.35577
0.33263
0.25903
0.25070
0.20415
0.33558
0.30621
0.15017
0.30244
0.21887
0.25500
0.30262
0.24368
0.30279
0.24545
0.28496
0.24367
0.26778
0.25151
0.32943
0.30516
0.29981
0.22247
0.27975
0.25676
0.25951
0.23945
0.30497
0.25434
0.36691
0.24895
0.30075
0.31569
0.29628
0.26340
0.27841
0.20999
0.34099
0.29460
0.31947
0.26106
0.26518
0.33904
0.27451
0.30638
0.32180
0.21968
0.19990
0.31838
0.27416
0.32775
0.28244
0.32120
0.33894
0.36778
0.30432
0.33117
0.28164
0.29248
0.28770
0.34668
0.28755
0.29844
0.33024
0.30205
0.31063
0.33129
0.41053
0.23035
0.29433
0.35020
0.26833
0.28979
0.34600
0.26594
0.24600
0.32128
0.24259
0.30267
0.29928
0.30902
0.26094
0.29964
0.29410
0.27466
0.26873
0.33991
0.29461
0.25874
0.32250
0.28607
0.32344
0.31045
0.28929
0.16465
0.33174
0.34357
0.34110
0.33551
0.31343
0.39218
0.41778
0.29065
0.17702
0.31586
0.37512
0.27756
0.22156
0.31175
0.33814
0.24178
0.25298
0.32956
0.25554
0.29038
0.28370
0.35011
0.35740
0.40134
0.33071
0.32135
0.29901
0.40861
0.28936
0.28279
0.31685
0.36305
0.29990
0.21615
0.30211
0.46492
0.26721
0.41746
0.42433
0.21152
0.30427
0.35819
0.33639
0.27775
0.25603
0.28419
0.21237
0.28566
0.32375
0.29473
0.28009
0.40769
0.30368
0.30271
0.26652
0.20627
0.27139
0.40817
0.25221
0.14347
0.33884
0.19504
0.19610
0.41848
0.15223
0.24778
0.22954
0.29146
0.24143
0.46032
0.19082
0.35044
0.38787
0.25001
0.25037
0.26041
0.26484
0.23483
0.36364
0.17023
0.36271
0.33786
0.28502
0.23448
0.25284
0.34853
0.30119
0.21583
0.34679
0.43779
0.29878
0.28640
0.37431
0.37747
0.24235
0.27218
0.29147
0.35688
0.20214
0.21317
0.24098
0.35510
0.28981
0.24913
0.27823
0.31748
0.37392
0.25395
0.30928
0.35259
0.30920
0.30437
0.25220
0.36950
0.28135
0.26039
0.30986
0.31910
0.34796
0.26472
0.31419
0.24882
0.33934
0.27361
0.27430
0.32511
0.28769
0.24271
0.30627
0.19417
0.33865
0.15883
0.09513
0.13961
0.20984
0.23368
0.29045
0.20933
0.26577
0.33206
0.13967
0.04493
0.16997
0.04706
0.28436
0.23091
0.16501
0.28594
0.05161
0.08334
0.20101
0.16341
0.07064
0.17661
0.23874
0.22618
0.21667
0.21069
0.24854
0.06702
0.33162
0.22893
0.02902
0.04442
0.13904
0.26942
0.12974
0.20294
0.20541
0.30265
0.05289
0.02519
0.14994
0.09581
0.27672
0.10868
0.12635
0.13145
0.28732
0.11907
0.27370
0.20429
0.03763
0.25405
0.07372
0.07337
0.18100
0.18594
0.25479
0.06459
0.07211
0.22345
0.19690
0.29934
0.26994
0.03391
0.04191
0.17350
0.21097
0.14440
0.21425
0.09609
0.18836
0.15744
0.08651
0.23321
0.28778
0.09052
0.15338
0.14195
0.05540
0.03346
0.21370
0.13928
0.19220
0.26258
0.25256
0.19175
0.32509
0.24599
0.22401
0.19784
0.20095
0.21861
0.06085
0.24969
0.12172
0.06876
0.21821
0.27270
0.25803
0.25180
0.03713
0.05716
0.12214
0.16500
0.24193
0.19792
0.10735
0.22172
0.30349
0.12361
0.21325
0.12965
0.04638
0.04571
0.17781
0.10187
0.09366
0.26904
0.27866
0.11541
0.08115
0.03493
0.04865
0.08288
0.22314
