0.08774
0.10754
0.07039
0.23526
0.07041
0.15291
0.24671
0.15901
0.12364
0.11139
0.19721
0.11710
0.17319
0.11988
0.07905
0.20664
0.11067
0.14983
0.07230
0.18278
0.31511
0.11920
0.10945
0.04641
0.23128
0.13158
0.14293
0.25954
0.14931
0.18445
0.14261
0.22637
0.15283
0.10731
0.06572
0.10351
0.10041
0.05188
0.10982
0.16706
0.28294
0.25873
0.06380
0.14986
0.27871
0.23321
0.15000
0.24855
0.19784
0.15643
0.09277
0.15482
0.13763
0.30105
0.10123
0.21154
0.19600
0.11232
0.12926
0.09266
0.27337
0.29454
0.10465
0.22931
0.25790
0.30906
0.04420
0.17965
0.13689
0.05677
0.14233
0.29930
0.29791
0.19661
0.21536
0.15171
0.08101
0.04416
0.20502
0.18460
0.31214
0.18426
0.33806
0.24630
0.23991
0.34751
0.10324
0.05389
0.14480
0.20915
0.30036
0.17210
0.10985
0.21779
0.09422
0.13175
0.22086
0.16479
0.19373
0.10270
0.09412
0.22724
0.13837
0.12855
0.19061
0.29362
0.18046
0.18394
0.18283
0.28436
0.05066
0.25388
0.08074
0.19322
0.10052
0.18573
0.25002
0.05592
0.09833
0.16252
0.24996
0.08109
0.27977
0.01185
0.11452
0.13822
0.29055
0.27487
0.17230
0.25590
0.07478
0.08978
0.28086
0.32226
0.10933
0.15972
0.05699
0.27223
0.26153
0.04994
0.17934
0.02031
0.27789
0.16554
0.16707
0.26706
0.05941
0.31507
0.16019
0.10543
0.17872
0.24173
0.10907
0.29351
0.31022
0.29441
0.08785
0.13933
0.19292
0.18160
0.24639
0.25817
0.24628
0.30560
0.09268
0.11145
0.31328
0.26221
0.08541
0.26278
0.04438
0.23409
0.23028
0.06577
0.12297
0.22133
0.08236
0.08733
0.21843
0.24633
0.07417
0.10584
0.15944
0.15361
0.12022
0.16918
0.22363
0.25234
0.23268
0.15734
0.10199
0.08986
0.05254
0.13713
0.17259
0.20445
0.19912
0.16466
0.11502
0.25591
0.21311
0.06820
0.19948
0.13890
0.07436
0.18846
0.14111
0.17816
0.23728
0.11291
0.24315
0.22903
0.10526
0.20863
0.22707
0.24295
0.13292
0.20219
0.25032
0.31253
0.11194
0.18791
0.12973
0.06428
0.10880
0.09267
0.11866
0.21670
0.13771
0.06698
0.24020
0.12060
0.25151
0.10363
0.04561
0.28971
0.10190
0.04137
0.10959
0.28030
0.05944
0.29691
0.10779
0.11849
0.17361
0.22367
0.11218
0.03666
0.12420
0.10848
0.10414
0.07879
0.10223
0.23770
0.15326
0.17210
0.19863
0.03745
0.04801
0.14815
0.20707
0.16005
0.23569
0.15460
0.09956
0.20929
0.31576
0.09781
0.15636
0.03974
0.12556
0.13725
0.07784
0.03790
0.36238
0.13737
0.07877
0.17298
0.22063
0.09097
0.13287
0.32172
0.14877
0.09351
0.28490
0.13316
0.18391
0.16860
0.19239
0.15901
0.08596
0.05917
0.15640
0.19850
0.21987
0.09918
0.19075
0.17492
0.16997
0.13996
0.32208
0.29088
0.25881
0.13515
0.13451
0.26926
0.29253
0.32166
0.02565
0.23937
0.10943
0.29428
0.11550
0.07125
0.10842
0.10661
0.11142
0.19050
0.18839
0.03968
0.08753
0.05137
0.22120
0.14668
0.26341
0.14497
0.19115
0.21940
0.13241
0.06306
0.25435
0.30253
0.37217
0.19842
0.31916
0.20977
0.21992
0.26306
0.29232
0.25506
0.04339
0.09326
0.10330
0.25106
0.05222
0.07720
0.20301
0.11084
0.24999
0.13190
0.17554
0.12424
0.24096
0.18636
0.20529
0.18010
0.28980
0.12454
0.15867
0.28525
0.09771
0.20686
0.06264
0.06451
0.17861
0.03122
0.24979
0.31756
0.05532
0.05528
0.16017
0.25580
0.10154
0.04700
0.07264
0.06859
0.06650
0.07802
0.19730
0.08598
0.25267
0.15197
0.11179
0.11970
0.14596
0.27525
0.22197
0.28074
0.33947
0.20258
0.25532
0.30671
0.29388
0.32820
0.26699
0.26738
0.34099
0.28068
0.24187
0.25700
0.19967
0.30769
0.19162
0.36322
0.29649
0.21303
0.25872
0.25488
0.27868
0.34517
0.30871
0.25462
0.29676
0.32451
0.20908
0.26580
0.31006
0.27524
0.23059
0.25928
0.31477
0.29611
0.26377
0.17767
0.34213
0.28605
0.25325
0.33265
0.22424
0.28568
0.34556
0.29539
0.30843
0.31598
0.30234
0.23539
0.30492
0.32081
0.23025
0.29286
0.29456
0.26028
0.30377
0.29749
0.21290
0.31465
0.25169
0.27098
0.30037
0.27259
0.28295
0.15333
0.24538
0.34503
0.09808
0.28923
0.21786
0.20843
0.17107
0.35579
0.30121
0.30301
0.15485
0.33740
0.27840
0.25307
0.35462
0.27374
0.30861
0.28291
0.23329
0.28791
0.13593
0.34952
0.30308
0.22341
0.17901
0.32298
0.16954
0.26408
0.28740
0.26036
0.33233
0.29729
0.19617
0.31399
0.30760
0.13984
0.16489
0.30963
0.15628
0.15865
0.14287
0.28405
0.32229
0.28077
0.27835
0.24031
0.31678
0.17591
0.31282
0.28660
0.30139
0.21086
0.28030
0.30185
0.20368
0.16541
0.33208
0.28197
0.21102
0.29749
0.29964
0.23622
0.35363
0.29581
0.24178
0.26097
0.18287
0.28094
0.29031
0.30383
0.24901
0.23696
0.18568
0.32970
0.21852
0.30393
0.20188
0.28300
0.32848
0.26049
0.16867
0.20295
0.27659
0.18367
0.30433
0.17230
0.23901
0.23012
0.19747
0.22312
0.28511
0.30889
0.30745
0.25409
0.22617
0.30661
0.18715
0.22904
0.21944
0.28556
0.29661
0.13114
0.18647
0.28020
0.28863
0.22236
0.16381
0.18769
0.23140
0.23581
0.20641
0.26439
0.32710
0.15791
0.26180
0.25274
0.30391
0.17659
0.31251
0.26367
0.25723
0.35848
0.18527
0.28636
0.23454
0.35833
0.30925
0.24961
0.26667
0.31278
0.25301
0.17478
0.29301
0.27944
0.27884
0.26797
0.25101
0.32637
0.23358
0.26338
0.24031
0.32033
0.23615
0.28582
0.22439
0.27819
0.25885
0.25261
0.19308
0.26562
0.26218
0.28885
0.21749
0.30300
0.23841
0.28132
0.26847
0.25396
0.27744
0.16523
0.24131
0.31490
0.30493
0.27623
0.29926
0.30444
0.25409
0.25404
0.24871
0.28255
0.28260
0.28647
0.24082
0.13454
0.31824
0.30155
0.26127
0.29254
0.15826
0.33233
0.29777
0.19850
0.22473
0.25831
0.27953
0.31152
0.27050
0.26432
0.33819
0.33667
0.15029
0.22512
0.30072
0.28246
0.28963
0.29543
0.32724
0.19478
0.20256
0.16448
0.26966
0.29646
0.35041
0.29551
0.27528
0.29624
0.23887
0.25115
0.28363
0.23990
0.18557
0.31867
0.22146
0.20898
0.32408
0.29956
0.27834
0.23305
0.25105
0.27427
0.34194
0.33924
0.25590
0.27858
0.17749
0.30631
0.28304
0.13160
0.27904
0.15514
0.26048
0.29878
0.20506
0.27193
0.21952
0.27704
0.20324
0.25311
0.25216
0.33203
0.29878
0.27292
0.20436
0.27613
0.24220
0.25522
0.20147
0.28498
0.26123
0.33000
0.26085
0.26293
0.30738
0.28777
0.26488
0.24777
0.19208
0.31851
0.27702
0.31402
0.25772
0.25808
0.33448
0.25234
0.27793
0.30472
0.21161
0.23818
0.30155
0.23365
0.30579
0.30221
0.28993
0.33298
0.37190
0.27839
0.29742
0.25626
0.29272
0.25267
0.34720
0.27635
0.26736
0.31297
0.30901
0.30423
0.31407
0.37764
0.20871
0.26720
0.30127
0.23358
0.30599
0.31332
0.23218
0.27419
0.31752
0.23342
0.29448
0.29470
0.28663
0.23848
0.27103
0.27372
0.28228
0.27530
0.32864
0.27091
0.25791
0.31391
0.27126
0.31066
0.29532
0.27423
0.15259
0.30519
0.33247
0.33553
0.33320
0.29062
0.39856
0.40120
0.29847
0.15474
0.31853
0.37759
0.26327
0.18669
0.31516
0.31817
0.20690
0.26728
0.29653
0.27546
0.25177
0.24890
0.33957
0.32040
0.36779
0.30671
0.32663
0.29724
0.39304
0.26677
0.27295
0.31125
0.34810
0.30088
0.17777
0.30246
0.44611
0.21255
0.40066
0.41076
0.17174
0.31375
0.36505
0.31595
0.28004
0.27716
0.30584
0.23951
0.26918
0.31339
0.29376
0.29146
0.37764
0.31808
0.30555
0.21897
0.21209
0.29095
0.40476
0.21871
0.08196
0.29953
0.13167
0.14436
0.40666
0.11604
0.20526
0.18140
0.30647
0.24748
0.44181
0.16062
0.34982
0.39349
0.26170
0.18935
0.27747
0.22932
0.16334
0.36966
0.13699
0.34661
0.31819
0.27895
0.24027
0.26309
0.32861
0.27158
0.18023
0.32884
0.41487
0.30969
0.28402
0.36130
0.37370
0.25495
0.23785
0.28197
0.37661
0.14092
0.20302
0.24573
0.34228
0.30012
0.25084
0.29359
0.30939
0.33279
0.20658
0.32116
0.34381
0.27688
0.30996
0.24458
0.38901
0.31683
0.24756
0.31161
0.32924
0.32310
0.27654
0.32182
0.22817
0.30745
0.24363
0.25946
0.33493
0.30854
0.26912
0.30914
0.15411
0.34849
0.26815
0.08338
0.20297
0.24356
0.28424
0.24524
0.21651
0.29547
0.36989
0.23466
0.09611
0.16247
0.08174
0.31577
0.26288
0.15183
0.31129
0.05662
0.10898
0.16828
0.18227
0.11062
0.13916
0.16791
0.27878
0.22560
0.20627
0.25580
0.05607
0.33203
0.17292
0.04411
0.07818
0.17895
0.29446
0.17917
0.19863
0.19836
0.32756
0.06461
0.09522
0.13077
0.05598
0.32012
0.14940
0.13342
0.17836
0.32825
0.15913
0.31778
0.21638
0.04897
0.30828
0.07545
0.08699
0.27096
0.17679
0.25687
0.09429
0.10009
0.20708
0.20856
0.31679
0.24368
0.06060
0.03898
0.16470
0.21684
0.16590
0.22416
0.09897
0.26952
0.18297
0.08540
0.28849
0.29132
0.10795
0.16604
0.17639
0.04264
0.04156
0.21405
0.06126
0.19350
0.21809
0.29377
0.20198
0.35843
0.21782
0.27610
0.23429
0.18808
0.17517
0.07656
0.26212
0.14411
0.12115
0.21824
0.26108
0.32034
0.25431
0.04221
0.05696
0.11739
0.20682
0.26970
0.30403
0.08703
0.18796
0.34723
0.14018
0.20066
0.05775
0.03098
0.03174
0.18009
0.13936
0.08767
0.28232
0.28090
0.08254
0.07906
0.07873
0.08654
0.10387
0.29132
