0.11354
0.10172
0.04340
0.23135
0.07807
0.12988
0.23643
0.15189
0.16153
0.05939
0.18501
0.13349
0.14472
0.12228
0.13151
0.23508
0.10627
0.10571
0.08518
0.13030
0.30461
0.14331
0.13390
0.07754
0.20493
0.12242
0.11656
0.23626
0.10685
0.15638
0.15614
0.23166
0.12962
0.12237
0.08331
0.10478
0.10562
0.09760
0.11095
0.16190
0.30988
0.25620
0.08382
0.11400
0.28110
0.21413
0.15928
0.21265
0.20361
0.14455
0.09804
0.16759
0.12697
0.25408
0.10062
0.24909
0.15572
0.12202
0.13411
0.11137
0.28215
0.28617
0.13216
0.24502
0.30238
0.33430
0.03441
0.18969
0.08235
0.03565
0.12523
0.30821
0.28700
0.18071
0.26831
0.10501
0.09547
0.03015
0.20988
0.15462
0.30004
0.13607
0.33231
0.27987
0.24492
0.35304
0.09699
0.05317
0.09772
0.27267
0.29059
0.15823
0.05139
0.26388
0.05245
0.14652
0.21674
0.23254
0.18432
0.16067
0.09599
0.15784
0.11943
0.12433
0.21035
0.30510
0.15163
0.16103
0.15827
0.27545
0.02379
0.27311
0.10015
0.21142
0.10594
0.17988
0.28986
0.05064
0.05950
0.21918
0.21202
0.09816
0.29240
0.01399
0.10128
0.11674
0.31680
0.28508
0.12291
0.25390
0.09585
0.13128
0.29850
0.32403
0.09712
0.13902
0.08105
0.28047
0.23658
0.04974
0.14617
0.01765
0.28854
0.16210
0.09850
0.33186
0.10855
0.36264
0.18353
0.08937
0.14649
0.21824
0.11528
0.32366
0.29779
0.34511
0.12128
0.12385
0.13976
0.18285
0.25144
0.27456
0.31019
0.31231
0.08938
0.11661
0.28313
0.29238
0.05850
0.27136
0.03747
0.24844
0.21965
0.07449
0.08080
0.19408
0.05164
0.08364
0.17130
0.26946
0.07907
0.11025
0.16770
0.14512
0.10196
0.16824
0.22467
0.24894
0.27051
0.19166
0.11410
0.06231
0.04954
0.15992
0.12686
0.22872
0.18198
0.13964
0.10120
0.27684
0.25251
0.08219
0.19791
0.16419
0.03755
0.22160
0.08446
0.20084
0.27041
0.07443
0.26915
0.25061
0.09063
0.26891
0.26374
0.23238
0.12267
0.23153
0.23525
0.36452
0.11069
0.20303
0.14928
0.04286
0.08059
0.03298
0.17279
0.17846
0.15566
0.04451
0.28160
0.08614
0.25275
0.11323
0.03773
0.25199
0.12102
0.02692
0.10095
0.27659
0.05637
0.29276
0.08926
0.11755
0.15316
0.22677
0.10904
0.06331
0.11261
0.09885
0.09900
0.10879
0.09581
0.24191
0.13563
0.17317
0.17828
0.07084
0.03649
0.12790
0.20740
0.16543
0.22622
0.17154
0.18856
0.28600
0.28296
0.09574
0.20798
0.03444
0.13988
0.12188
0.06392
0.05770
0.37412
0.17488
0.06002
0.24197
0.14599
0.07567
0.18738
0.32599
0.11730
0.04616
0.30100
0.12623
0.19771
0.20546
0.16744
0.13853
0.09326
0.08249
0.21716
0.26439
0.14744
0.09942
0.19252
0.17404
0.18186
0.15581
0.32871
0.30358
0.26979
0.17395
0.10593
0.30161
0.26642
0.30426
0.02653
0.29597
0.10921
0.29021
0.17210
0.09547
0.14612
0.10826
0.10980
0.16195
0.23042
0.05236
0.06271
0.04228
0.27233
0.17133
0.26170
0.15095
0.21348
0.25277
0.12749
0.06989
0.24582
0.29840
0.37122
0.22280
0.31000
0.23354
0.23508
0.31283
0.28288
0.27426
0.03979
0.05906
0.10636
0.21035
0.03946
0.05545
0.19503
0.12874
0.21111
0.12125
0.17002
0.10220
0.24289
0.26297
0.26744
0.21860
0.32422
0.12755
0.12730
0.34709
0.04183
0.25086
0.06785
0.06735
0.20058
0.07388
0.25564
0.35137
0.07644
0.06213
0.12635
0.22425
0.10960
0.07552
0.06666
0.06551
0.05003
0.07316
0.20180
0.08265
0.27995
0.18761
0.20721
0.09292
0.16079
0.29622
0.13304
0.22062
0.34407
0.15189
0.26848
0.28828
0.22713
0.24604
0.28589
0.17698
0.34641
0.19260
0.23660
0.22068
0.22611
0.23592
0.19615
0.34422
0.31509
0.26284
0.19079
0.25965
0.18637
0.33398
0.20953
0.15855
0.30723
0.32999
0.15636
0.16446
0.31194
0.26814
0.23910
0.23986
0.21455
0.31134
0.20210
0.22720
0.34911
0.18133
0.17149
0.26205
0.15908
0.30287
0.34244
0.28550
0.24975
0.24216
0.21704
0.23533
0.20089
0.32584
0.15375
0.21037
0.31471
0.17546
0.19716
0.27607
0.20037
0.25178
0.25373
0.28489
0.31700
0.29209
0.21350
0.18491
0.28134
0.34531
0.13329
0.25560
0.15934
0.14227
0.16614
0.35445
0.30318
0.30272
0.16660
0.34625
0.26795
0.29320
0.34901
0.30611
0.22798
0.26746
0.23385
0.26471
0.20421
0.33426
0.22381
0.14773
0.17326
0.31094
0.21554
0.27147
0.29675
0.24996
0.34613
0.30946
0.22583
0.30282
0.30381
0.19496
0.12841
0.23464
0.18750
0.16073
0.12061
0.28628
0.33147
0.22078
0.21550
0.25070
0.23181
0.22024
0.25016
0.20783
0.22129
0.18428
0.27911
0.22537
0.22419
0.16867
0.31733
0.29647
0.14001
0.28636
0.32176
0.24924
0.34036
0.30394
0.23432
0.20907
0.22299
0.29690
0.28676
0.22029
0.25439
0.23275
0.16843
0.24866
0.19907
0.19952
0.21741
0.20336
0.27982
0.28383
0.21763
0.23962
0.27311
0.21312
0.22565
0.20882
0.23068
0.21599
0.23133
0.13884
0.29434
0.32362
0.32601
0.17114
0.13527
0.32300
0.23482
0.14743
0.19028
0.30653
0.31319
0.14751
0.19527
0.27354
0.19444
0.12979
0.16243
0.22022
0.26254
0.15709
0.25404
0.20513
0.24491
0.17123
0.17795
0.27811
0.20291
0.20440
0.21088
0.25222
0.26908
0.34010
0.20176
0.31492
0.23231
0.34035
0.29838
0.19057
0.27820
0.25352
0.25085
0.18995
0.29033
0.28286
0.15950
0.29722
0.24966
0.34363
0.22771
0.26383
0.21498
0.33744
0.17882
0.21213
0.22141
0.19948
0.26946
0.26802
0.21957
0.19996
0.22468
0.29722
0.17402
0.30707
0.23722
0.19292
0.28754
0.28491
0.28717
0.14099
0.15320
0.31808
0.32370
0.16066
0.20239
0.25485
0.26106
0.15698
0.16216
0.30010
0.27451
0.22736
0.23722
0.18812
0.22922
0.31725
0.27072
0.22101
0.22538
0.31966
0.22484
0.12905
0.18091
0.28136
0.29710
0.23907
0.21816
0.22556
0.31898
0.34723
0.15691
0.22468
0.31494
0.22451
0.20203
0.29358
0.33100
0.24592
0.19760
0.19399
0.18595
0.22030
0.34933
0.28846
0.30398
0.21959
0.23975
0.24259
0.29835
0.27386
0.18115
0.32299
0.21978
0.22335
0.33425
0.29106
0.19364
0.23921
0.18097
0.30269
0.28377
0.33926
0.23585
0.27449
0.21460
0.24746
0.29947
0.13779
0.20261
0.20802
0.18877
0.22292
0.24604
0.21949
0.24440
0.20766
0.21878
0.18104
0.25636
0.33679
0.22238
0.18626
0.19017
0.29260
0.24377
0.23046
0.14068
0.31714
0.30352
0.32434
0.25920
0.20280
0.20409
0.25502
0.19958
0.26804
0.17506
0.31135
0.26995
0.34213
0.28777
0.31823
0.34051
0.26905
0.18345
0.23458
0.17361
0.20910
0.22748
0.20189
0.23661
0.30938
0.20736
0.25727
0.37120
0.31215
0.31874
0.24785
0.29964
0.29836
0.34880
0.19640
0.26466
0.30823
0.30369
0.23060
0.31554
0.37460
0.22146
0.21454
0.31911
0.20451
0.32523
0.32537
0.23064
0.24299
0.32591
0.23002
0.19255
0.31396
0.21903
0.19218
0.17115
0.19362
0.25857
0.28874
0.25492
0.28285
0.20529
0.24731
0.26914
0.24482
0.18600
0.28213
0.16370
0.32210
0.32528
0.35696
0.27760
0.31527
0.35735
0.38787
0.25606
0.20724
0.25547
0.38350
0.28898
0.24862
0.26564
0.34975
0.27619
0.19461
0.33529
0.21737
0.28938
0.19188
0.30749
0.36824
0.43543
0.31564
0.24758
0.25786
0.37432
0.29793
0.31516
0.27101
0.36123
0.24369
0.19936
0.33335
0.44056
0.24333
0.38365
0.37510
0.21761
0.26492
0.34038
0.26520
0.30935
0.19402
0.24632
0.20220
0.30293
0.27780
0.31856
0.32097
0.35577
0.23112
0.25275
0.24435
0.17578
0.20230
0.38705
0.24763
0.15666
0.35289
0.16118
0.22421
0.39295
0.17387
0.27570
0.23404
0.27316
0.24975
0.43263
0.22697
0.30250
0.37788
0.24436
0.24432
0.21298
0.27816
0.23555
0.34845
0.20458
0.37740
0.35831
0.20245
0.26042
0.20897
0.35435
0.27555
0.22145
0.35204
0.40678
0.33665
0.27927
0.35876
0.32633
0.18313
0.28133
0.28738
0.39344
0.21730
0.25059
0.25101
0.35109
0.23017
0.27679
0.21365
0.34529
0.37961
0.26126
0.25763
0.34719
0.28924
0.25744
0.24721
0.37575
0.24772
0.27702
0.26365
0.29454
0.35971
0.29033
0.29334
0.23280
0.32721
0.27253
0.19886
0.28615
0.24781
0.22127
0.23480
0.20383
0.28954
0.20120
0.04244
0.17201
0.12041
0.23437
0.24539
0.21672
0.25039
0.36541
0.14340
0.08718
0.18294
0.07542
0.30900
0.27169
0.16317
0.29027
0.08504
0.17635
0.18497
0.22221
0.09293
0.11601
0.21584
0.25131
0.20061
0.21315
0.28177
0.01871
0.29633
0.23896
0.03812
0.04827
0.11834
0.29698
0.08973
0.23197
0.19073
0.27333
0.04255
0.09665
0.07462
0.05217
0.23111
0.14242
0.13137
0.19616
0.29443
0.13579
0.22920
0.22939
0.08771
0.26830
0.08283
0.08558
0.25373
0.18138
0.22754
0.05793
0.07942
0.20715
0.21077
0.29395
0.23012
0.01432
0.05092
0.18257
0.20883
0.14300
0.20795
0.12964
0.24896
0.17452
0.11151
0.25860
0.26152
0.11524
0.16226
0.12615
0.10408
0.01166
0.25605
0.12654
0.18132
0.23490
0.25513
0.19244
0.32390
0.20532
0.18539
0.13644
0.21115
0.16679
0.00684
0.23439
0.09129
0.05794
0.19221
0.21877
0.28111
0.25846
0.03483
0.03699
0.07746
0.19588
0.24313
0.21688
0.04904
0.26199
0.31932
0.17419
0.20030
0.15304
0.04643
0.05361
0.16661
0.04171
0.07685
0.26912
0.26547
0.07913
0.06121
0.00684
0.12586
0.07194
0.25547
