0.13456
0.11542
0.10869
0.22860
0.10113
0.12312
0.22737
0.16301
0.22778
0.05391
0.22991
0.11760
0.18347
0.12106
0.12123
0.23721
0.14905
0.15765
0.10249
0.14546
0.31481
0.13166
0.19353
0.07290
0.23959
0.16592
0.13624
0.26155
0.12167
0.13844
0.15821
0.28285
0.18075
0.10626
0.13029
0.09409
0.13281
0.11252
0.12440
0.13393
0.31645
0.27478
0.09877
0.16362
0.29893
0.22989
0.16541
0.25199
0.20612
0.17333
0.09976
0.17112
0.12714
0.29914
0.10157
0.23806
0.24107
0.13262
0.13422
0.07610
0.25803
0.31208
0.10827
0.20660
0.29109
0.32483
0.05824
0.18742
0.07146
0.06679
0.14330
0.33714
0.30869
0.15893
0.26713
0.14065
0.06837
0.02828
0.22500
0.17888
0.30370
0.19050
0.35568
0.24267
0.28474
0.36327
0.10333
0.07462
0.13127
0.26616
0.34116
0.17512
0.06327
0.27413
0.09636
0.14757
0.19846
0.21140
0.20690
0.15289
0.09663
0.17162
0.11017
0.13070
0.22350
0.28252
0.18846
0.15268
0.21619
0.28181
0.04148
0.26178
0.08093
0.27704
0.10561
0.16960
0.26662
0.05639
0.09716
0.18471
0.25826
0.10936
0.29879
0.03852
0.09065
0.20525
0.31437
0.26677
0.19599
0.25827
0.09215
0.15317
0.31861
0.33059
0.10644
0.19697
0.08042
0.29334
0.27049
0.07456
0.18409
0.03960
0.31428
0.14671
0.12685
0.28454
0.10321
0.38977
0.16656
0.09390
0.16170
0.29207
0.11976
0.32141
0.29292
0.33383
0.16191
0.20164
0.14940
0.22390
0.28448
0.31522
0.27757
0.32983
0.09194
0.11748
0.28120
0.29189
0.07056
0.27752
0.04818
0.25667
0.25320
0.05371
0.11793
0.23110
0.05139
0.07464
0.14204
0.28475
0.05298
0.11357
0.24897
0.15897
0.12547
0.17389
0.23449
0.28402
0.25536
0.25281
0.13657
0.08028
0.06059
0.18458
0.12410
0.23891
0.21092
0.17970
0.11337
0.30194
0.18496
0.12601
0.21172
0.16035
0.06942
0.24771
0.12205
0.21332
0.26380
0.10244
0.24160
0.23418
0.12510
0.27606
0.27625
0.25483
0.12117
0.27524
0.21624
0.36294
0.11810
0.22015
0.10388
0.10160
0.10593
0.06379
0.19005
0.24646
0.18000
0.05741
0.23109
0.09796
0.22711
0.14465
0.06348
0.28660
0.10687
0.03669
0.11930
0.28830
0.11580
0.28287
0.11587
0.10921
0.13065
0.20796
0.11572
0.09502
0.11395
0.12868
0.10073
0.14843
0.14262
0.25548
0.14716
0.14578
0.21104
0.09406
0.05364
0.13457
0.23939
0.15779
0.27485
0.20740
0.20708
0.24702
0.26922
0.10290
0.21609
0.05769
0.13207
0.13034
0.06501
0.04556
0.38271
0.19246
0.10348
0.21224
0.19015
0.09998
0.16469
0.35435
0.13145
0.09203
0.31507
0.11604
0.21712
0.17375
0.24700
0.14075
0.11658
0.09737
0.21185
0.21112
0.21652
0.10192
0.19349
0.17343
0.20969
0.17257
0.34093
0.27306
0.27719
0.10628
0.13272
0.31000
0.32474
0.35593
0.02842
0.25374
0.11452
0.31937
0.10965
0.09224
0.19291
0.14213
0.11307
0.17128
0.26609
0.04831
0.09248
0.06825
0.30125
0.13374
0.30616
0.15902
0.26481
0.23992
0.19250
0.05979
0.21407
0.28010
0.37338
0.26984
0.29633
0.23055
0.22890
0.31522
0.26026
0.25908
0.09142
0.08822
0.12565
0.22738
0.05248
0.07573
0.18365
0.15782
0.21241
0.10814
0.18539
0.12294
0.28878
0.27728
0.26412
0.23717
0.32093
0.16588
0.15019
0.32492
0.06897
0.19554
0.06231
0.11328
0.23641
0.05907
0.24319
0.30372
0.08508
0.11673
0.13862
0.25730
0.10728
0.04955
0.09794
0.07224
0.07273
0.10961
0.17463
0.07735
0.31346
0.19544
0.23727
0.12012
0.17051
0.30221
0.20461
0.26668
0.36359
0.15455
0.28748
0.31562
0.29435
0.31225
0.29736
0.26593
0.35533
0.26774
0.24105
0.23874
0.22301
0.28716
0.21102
0.38494
0.32705
0.24061
0.27066
0.24120
0.24828
0.34393
0.29103
0.25428
0.31637
0.34968
0.19270
0.25803
0.32984
0.26721
0.25648
0.26735
0.29679
0.32211
0.24304
0.22490
0.35689
0.25749
0.24169
0.31535
0.19540
0.30617
0.35503
0.29332
0.29494
0.29610
0.27312
0.24785
0.26914
0.34162
0.20967
0.29813
0.32149
0.23205
0.27534
0.30608
0.18841
0.28015
0.25518
0.28727
0.32140
0.30066
0.26033
0.19899
0.27963
0.36838
0.14412
0.28325
0.21720
0.19692
0.17697
0.35313
0.30902
0.31125
0.15951
0.35928
0.26867
0.26991
0.36785
0.30718
0.27194
0.29020
0.24291
0.29075
0.19052
0.36873
0.29781
0.23072
0.15829
0.33112
0.21120
0.25814
0.29544
0.26068
0.36371
0.31302
0.22904
0.31335
0.31320
0.15528
0.16401
0.29820
0.19079
0.19536
0.16762
0.27459
0.34630
0.25956
0.24991
0.24650
0.29510
0.22156
0.30107
0.25482
0.26322
0.19350
0.29207
0.28298
0.21347
0.16441
0.33548
0.30184
0.20427
0.30040
0.31739
0.25516
0.34377
0.31092
0.25013
0.26128
0.19378
0.29964
0.29903
0.27522
0.25784
0.21146
0.16362
0.30620
0.22478
0.28622
0.22475
0.27466
0.31877
0.30464
0.18107
0.20631
0.27933
0.20852
0.29513
0.19329
0.21870
0.23863
0.24898
0.22325
0.30509
0.33245
0.33389
0.23588
0.22038
0.34119
0.21840
0.21223
0.21043
0.30876
0.29137
0.18703
0.18049
0.27951
0.26488
0.19596
0.16644
0.23706
0.26710
0.20968
0.24810
0.25113
0.29621
0.19661
0.26586
0.27184
0.27829
0.19938
0.28247
0.26751
0.26515
0.36777
0.19824
0.28361
0.24036
0.34590
0.31216
0.26914
0.27586
0.28263
0.25320
0.21538
0.29656
0.27608
0.24238
0.29378
0.26037
0.35135
0.25900
0.28913
0.23765
0.34984
0.21333
0.29099
0.20892
0.24629
0.26840
0.25260
0.20166
0.23576
0.24762
0.30613
0.20637
0.31378
0.24027
0.26558
0.30528
0.29001
0.29819
0.13590
0.19663
0.33754
0.33049
0.25865
0.26935
0.28299
0.27449
0.22166
0.22697
0.30865
0.29157
0.27143
0.25601
0.20234
0.29193
0.32611
0.26351
0.24980
0.19438
0.33742
0.27702
0.19804
0.20556
0.29377
0.29536
0.29425
0.27414
0.23520
0.35053
0.35252
0.16067
0.24830
0.32198
0.25819
0.27295
0.29684
0.34124
0.25493
0.17696
0.16417
0.24781
0.26069
0.36866
0.28990
0.29357
0.26684
0.24146
0.26699
0.30102
0.28129
0.16991
0.32900
0.19706
0.25171
0.35297
0.29475
0.25509
0.24808
0.24033
0.30601
0.33915
0.35322
0.24661
0.29274
0.17154
0.30270
0.31795
0.15575
0.25967
0.20378
0.23136
0.26608
0.25350
0.26633
0.24111
0.26409
0.21708
0.23897
0.23976
0.34321
0.29202
0.25703
0.21153
0.29802
0.25140
0.25267
0.20788
0.32199
0.28195
0.33314
0.24154
0.27617
0.28461
0.27768
0.23919
0.26833
0.19711
0.32547
0.27339
0.34600
0.29033
0.30779
0.35402
0.26300
0.25916
0.29618
0.16439
0.19514
0.29090
0.21480
0.28903
0.32056
0.28709
0.33349
0.39616
0.31224
0.33452
0.26151
0.31430
0.28178
0.37070
0.25715
0.27678
0.32498
0.33583
0.30126
0.33115
0.38398
0.23565
0.23803
0.32799
0.22864
0.32615
0.31059
0.24122
0.25247
0.34671
0.23590
0.24603
0.33100
0.29519
0.23803
0.23243
0.23797
0.27712
0.30030
0.30506
0.28701
0.23916
0.30911
0.27485
0.30164
0.27437
0.26333
0.14212
0.30882
0.30603
0.36726
0.30118
0.31268
0.39262
0.39029
0.26360
0.18831
0.30196
0.39859
0.26834
0.18930
0.30119
0.35064
0.23453
0.22863
0.33611
0.24453
0.27927
0.23288
0.32273
0.35738
0.38731
0.31780
0.31986
0.26506
0.38130
0.31852
0.25768
0.28240
0.35106
0.28156
0.19993
0.33213
0.41542
0.24714
0.39124
0.40624
0.21133
0.27427
0.33453
0.30903
0.29882
0.23923
0.27485
0.21189
0.29465
0.29006
0.30040
0.30979
0.34815
0.29395
0.28140
0.25472
0.19439
0.27945
0.37787
0.22417
0.11946
0.36451
0.18087
0.17471
0.40524
0.16052
0.25345
0.22904
0.27988
0.25162
0.43363
0.18941
0.33490
0.37735
0.24644
0.22015
0.25078
0.26755
0.22172
0.35109
0.22011
0.37575
0.34306
0.27069
0.23882
0.22965
0.34863
0.27307
0.21459
0.35215
0.42688
0.31248
0.29506
0.35778
0.35923
0.23009
0.27418
0.28965
0.39264
0.21268
0.21805
0.25866
0.35698
0.28207
0.25031
0.24887
0.32306
0.35008
0.22008
0.30378
0.31980
0.31023
0.27818
0.22793
0.38514
0.29388
0.28027
0.28864
0.27325
0.31706
0.25222
0.28569
0.24372
0.33333
0.24376
0.25390
0.28818
0.28218
0.22707
0.29298
0.20166
0.32322
0.19670
0.09611
0.17539
0.19485
0.15517
0.27348
0.20378
0.28763
0.34591
0.19801
0.08386
0.16113
0.04996
0.29863
0.22705
0.17515
0.30051
0.10347
0.11406
0.21465
0.24660
0.09433
0.10479
0.25204
0.26826
0.10394
0.20327
0.27654
0.10435
0.27810
0.23889
0.01653
0.12494
0.17194
0.26264
0.13371
0.22119
0.21257
0.31854
0.08260
0.06790
0.11499
0.09828
0.30546
0.15146
0.14101
0.15705
0.28910
0.16065
0.28644
0.22249
0.03969
0.25574
0.07652
0.09780
0.20826
0.18021
0.26525
0.13096
0.14703
0.21492
0.21893
0.29377
0.22718
0.01528
0.13888
0.18128
0.20296
0.24585
0.21291
0.14696
0.23986
0.18025
0.21077
0.26304
0.30770
0.13693
0.14708
0.18643
0.05695
0.03290
0.27442
0.18819
0.19928
0.22422
0.30228
0.19890
0.30613
0.25083
0.25864
0.18898
0.21856
0.20391
0.02560
0.26983
0.17191
0.06466
0.21558
0.24021
0.29392
0.24144
0.08177
0.06176
0.17707
0.21393
0.24647
0.31043
0.16256
0.18740
0.31538
0.10868
0.21012
0.12518
0.02455
0.05731
0.21348
0.04219
0.11059
0.23767
0.30469
0.09744
0.08897
0.01944
0.06211
0.08155
0.26066
