0.09382
0.09309
0.07450
0.26015
0.09625
0.15055
0.23209
0.14885
0.16299
0.05789
0.20510
0.13391
0.13442
0.11751
0.11196
0.22395
0.14048
0.12665
0.03945
0.13763
0.28171
0.14687
0.16784
0.04666
0.19614
0.16646
0.16065
0.25916
0.09339
0.19675
0.15245
0.25216
0.14671
0.10022
0.13664
0.10895
0.13186
0.07565
0.12548
0.14959
0.31009
0.29312
0.09113
0.13218
0.29253
0.23015
0.16974
0.24263
0.19033
0.16092
0.08893
0.14678
0.13200
0.27712
0.09504
0.24922
0.17835
0.13989
0.14487
0.12144
0.25671
0.29999
0.11881
0.17154
0.29356
0.33482
0.05938
0.20928
0.11712
0.04047
0.12095
0.29444
0.31616
0.22512
0.25654
0.15694
0.11887
0.04477
0.24594
0.13574
0.31499
0.18222
0.27741
0.28239
0.26556
0.36392
0.10676
0.12624
0.15962
0.24892
0.33566
0.19176
0.08906
0.25466
0.08065
0.18293
0.21394
0.21422
0.22308
0.15304
0.09635
0.20849
0.12628
0.10712
0.23570
0.28015
0.14768
0.17560
0.17544
0.28342
0.03054
0.23728
0.08021
0.23480
0.10889
0.21857
0.27982
0.04807
0.07168
0.16881
0.25210
0.04955
0.27578
0.03951
0.12942
0.18097
0.26982
0.27167
0.17060
0.25491
0.10868
0.13448
0.29337
0.33414
0.10239
0.14310
0.06756
0.28292
0.26241
0.07013
0.16799
0.03189
0.30519
0.17887
0.14716
0.23796
0.08149
0.34318
0.21041
0.08572
0.16683
0.22697
0.10108
0.29344
0.30508
0.31201
0.13058
0.16398
0.15207
0.24178
0.26375
0.26062
0.25242
0.34313
0.08730
0.12060
0.29293
0.29539
0.06069
0.27983
0.02862
0.23122
0.24366
0.04229
0.12337
0.20767
0.10886
0.06714
0.18036
0.27533
0.08276
0.10596
0.18622
0.14176
0.10023
0.14687
0.24504
0.25804
0.27652
0.18547
0.14841
0.11919
0.05940
0.13111
0.12761
0.22445
0.23813
0.16483
0.08167
0.27432
0.20667
0.09454
0.18565
0.14167
0.06312
0.20261
0.15296
0.17914
0.27217
0.09104
0.26166
0.24699
0.09531
0.26589
0.26475
0.24727
0.13844
0.25903
0.23451
0.32276
0.10022
0.19280
0.11607
0.08729
0.08737
0.05182
0.16298
0.22019
0.16289
0.09807
0.20026
0.13904
0.23520
0.16690
0.04937
0.31367
0.11594
0.04796
0.10213
0.26296
0.05961
0.28176
0.11518
0.10759
0.17384
0.21533
0.10910
0.06304
0.12695
0.10521
0.11388
0.10974
0.10169
0.26777
0.13447
0.14178
0.19607
0.07946
0.10149
0.13619
0.18088
0.16996
0.19370
0.19071
0.14841
0.20886
0.27826
0.09540
0.17044
0.08828
0.11090
0.11709
0.07549
0.03774
0.35827
0.16568
0.08862
0.21692
0.14347
0.05764
0.12238
0.31394
0.11040
0.08927
0.30027
0.11499
0.23754
0.20391
0.16651
0.15286
0.10108
0.08515
0.16987
0.21115
0.19023
0.09912
0.19866
0.15086
0.21893
0.16182
0.34487
0.23808
0.28101
0.15603
0.14238
0.29129
0.30484
0.33242
0.04615
0.25834
0.10799
0.30454
0.13271
0.10393
0.15378
0.12950
0.10312
0.20009
0.22752
0.08912
0.07457
0.16108
0.25300
0.17093
0.23511
0.14460
0.25535
0.22406
0.15354
0.04403
0.30530
0.25563
0.36800
0.25226
0.30458
0.22343
0.25158
0.28846
0.27336
0.28437
0.05064
0.13039
0.17257
0.23368
0.05772
0.08372
0.21158
0.14743
0.19691
0.10407
0.18449
0.10959
0.28044
0.26957
0.25797
0.19752
0.30513
0.13096
0.13717
0.32895
0.10695
0.21297
0.05506
0.10604
0.24140
0.03894
0.24358
0.33360
0.07387
0.05944
0.14629
0.26319
0.09830
0.05484
0.08079
0.08289
0.08351
0.09084
0.21313
0.09878
0.29658
0.15493
0.18200
0.09321
0.16655
0.29438
0.17075
0.27161
0.36681
0.18370
0.30900
0.27507
0.29148
0.33004
0.27860
0.26597
0.35864
0.21748
0.24213
0.26627
0.23016
0.30410
0.17949
0.38563
0.33665
0.25205
0.26066
0.20748
0.25611
0.32504
0.30363
0.24249
0.32465
0.32606
0.21037
0.27199
0.32946
0.24796
0.22552
0.25063
0.27557
0.32281
0.25058
0.18507
0.35233
0.23573
0.26326
0.29299
0.18681
0.28806
0.37225
0.27498
0.30770
0.29945
0.27773
0.20608
0.29969
0.33545
0.21182
0.28386
0.35079
0.27024
0.29264
0.28880
0.15531
0.30063
0.24078
0.29438
0.31388
0.31158
0.27765
0.15722
0.30889
0.36031
0.11234
0.28050
0.20629
0.17959
0.18347
0.34478
0.28126
0.33512
0.16833
0.36774
0.25883
0.24711
0.38223
0.31963
0.29266
0.27681
0.23931
0.25881
0.16859
0.37546
0.29148
0.20726
0.13929
0.27583
0.19628
0.23181
0.28994
0.24647
0.36160
0.31406
0.18119
0.34974
0.32513
0.15132
0.17007
0.27299
0.15809
0.18180
0.13619
0.30054
0.35829
0.25467
0.26978
0.23038
0.30053
0.21261
0.30604
0.24346
0.27687
0.17997
0.28241
0.29342
0.18497
0.14314
0.32212
0.30134
0.18906
0.32743
0.33198
0.23707
0.32061
0.32462
0.21247
0.25550
0.16295
0.29567
0.30583
0.28003
0.27215
0.23546
0.15602
0.29544
0.21108
0.27003
0.19700
0.28797
0.31200
0.30593
0.17066
0.22031
0.28640
0.21211
0.27638
0.17787
0.24454
0.21210
0.21077
0.21689
0.29278
0.32435
0.33645
0.20824
0.18907
0.33325
0.20224
0.19196
0.20310
0.31557
0.29356
0.15531
0.15812
0.24665
0.28105
0.18539
0.14777
0.21530
0.28159
0.19905
0.24328
0.26583
0.31666
0.17057
0.23216
0.27329
0.26242
0.16750
0.29216
0.28517
0.23719
0.34866
0.16066
0.30570
0.17254
0.38054
0.33033
0.24290
0.24136
0.28565
0.27005
0.20161
0.30040
0.25621
0.25602
0.29250
0.29051
0.35623
0.22548
0.31276
0.23727
0.35214
0.22482
0.23604
0.21950
0.24847
0.27681
0.23488
0.20705
0.23132
0.22783
0.29722
0.18316
0.30080
0.20270
0.26412
0.29048
0.30615
0.30245
0.13282
0.20031
0.33431
0.33256
0.26088
0.29725
0.29184
0.23448
0.23952
0.19738
0.31679
0.27519
0.26113
0.21716
0.17225
0.27985
0.32672
0.22137
0.27025
0.21253
0.34038
0.27101
0.20387
0.16558
0.30198
0.29722
0.28720
0.26745
0.25208
0.36800
0.36915
0.14334
0.21096
0.33459
0.25693
0.27813
0.28168
0.34451
0.21536
0.19990
0.19181
0.26531
0.26448
0.36886
0.27222
0.27694
0.27668
0.18504
0.25142
0.30497
0.28332
0.15185
0.33735
0.22157
0.22183
0.36041
0.29293
0.25377
0.22631
0.22659
0.30331
0.33761
0.34978
0.22878
0.27546
0.19270
0.30840
0.32425
0.11760
0.25831
0.19047
0.22637
0.29333
0.20931
0.25286
0.24518
0.24726
0.22826
0.21200
0.23587
0.34354
0.27348
0.27405
0.17806
0.30407
0.24940
0.21877
0.18466
0.31662
0.29723
0.32632
0.24960
0.23125
0.29820
0.25171
0.20798
0.27614
0.17482
0.33065
0.24791
0.34887
0.28764
0.32253
0.36358
0.27157
0.25491
0.29051
0.14608
0.19722
0.27975
0.18015
0.29514
0.32253
0.28972
0.31493
0.39044
0.31921
0.34160
0.25637
0.30004
0.28967
0.36486
0.25096
0.28330
0.34530
0.32956
0.29686
0.32683
0.38999
0.21916
0.23065
0.30560
0.22256
0.31972
0.31491
0.17946
0.25521
0.35568
0.23520
0.25681
0.31618
0.25297
0.23229
0.25377
0.26323
0.26732
0.30383
0.31681
0.29298
0.20597
0.28837
0.27424
0.30390
0.28714
0.26760
0.12277
0.35685
0.33095
0.36626
0.30804
0.29124
0.38338
0.39825
0.28438
0.15751
0.31008
0.37092
0.27149
0.19470
0.31258
0.32013
0.19778
0.23608
0.31519
0.25843
0.28440
0.23776
0.33031
0.33345
0.39947
0.32355
0.31970
0.27627
0.39681
0.33930
0.29706
0.30944
0.35698
0.28604
0.15088
0.32450
0.44721
0.22195
0.40156
0.40367
0.18433
0.30053
0.36725
0.32533
0.29056
0.26190
0.29188
0.22724
0.29200
0.29049
0.29905
0.31489
0.36912
0.27611
0.30232
0.21925
0.16762
0.26691
0.39116
0.23747
0.12763
0.33806
0.13979
0.18755
0.41472
0.13004
0.27506
0.17643
0.28625
0.25129
0.44138
0.16188
0.32934
0.38674
0.25262
0.20629
0.26559
0.25344
0.20934
0.35899
0.15812
0.36508
0.34591
0.23203
0.22528
0.25485
0.34103
0.27202
0.17130
0.35224
0.40846
0.30456
0.29291
0.36415
0.37357
0.21884
0.24370
0.28217
0.38535
0.17743
0.21376
0.22999
0.36840
0.27483
0.25940
0.28513
0.33061
0.34089
0.23246
0.30340
0.33950
0.29080
0.29132
0.24716
0.38019
0.28927
0.28507
0.28783
0.30763
0.33034
0.26423
0.30291
0.24617
0.30447
0.24523
0.24053
0.30700
0.26989
0.24055
0.27962
0.23055
0.32009
0.22415
0.04446
0.13983
0.18590
0.25827
0.26797
0.21557
0.26417
0.39539
0.17485
0.07404
0.15962
0.02481
0.32420
0.24638
0.17353
0.25838
0.07017
0.10381
0.19197
0.22749
0.10290
0.10743
0.23886
0.26736
0.20375
0.21733
0.28993
0.04423
0.24199
0.25409
0.04539
0.07494
0.13758
0.28614
0.17800
0.24235
0.21993
0.28863
0.06211
0.06240
0.06309
0.06811
0.25959
0.16542
0.16919
0.19218
0.28699
0.16064
0.22285
0.21037
0.05063
0.28548
0.08993
0.04550
0.17398
0.20404
0.25036
0.02799
0.06890
0.21313
0.21009
0.28275
0.26946
0.07973
0.06036
0.16596
0.20272
0.16159
0.20772
0.07032
0.22839
0.20986
0.09554
0.27379
0.30326
0.07453
0.16246
0.13812
0.04854
0.03039
0.24796
0.05628
0.19707
0.22161
0.25592
0.19768
0.29568
0.24258
0.20122
0.19509
0.25342
0.23399
0.04781
0.18873
0.07655
0.09672
0.20796
0.24686
0.30927
0.26375
0.11433
0.07979
0.17988
0.23719
0.25401
0.26068
0.09778
0.23071
0.27263
0.15414
0.22672
0.09810
0.04428
0.06737
0.11002
0.08846
0.09070
0.28488
0.29365
0.13446
0.12232
0.02132
0.09826
0.06710
0.23954
