0.08932
0.10519
0.04442
0.23360
0.06816
0.12183
0.22806
0.13223
0.13938
0.04477
0.18533
0.10634
0.15765
0.10750
0.09674
0.21268
0.14491
0.09967
0.05290
0.12931
0.31084
0.13017
0.13603
0.04921
0.19061
0.13518
0.12320
0.26052
0.09629
0.18624
0.11813
0.23990
0.13266
0.11353
0.05923
0.11277
0.10843
0.05899
0.09842
0.15821
0.29634
0.19476
0.06217
0.11433
0.28281
0.21898
0.15333
0.24589
0.18803
0.10935
0.09049
0.12515
0.14841
0.29137
0.09175
0.23319
0.18667
0.11556
0.14824
0.09470
0.29022
0.28954
0.11551
0.21224
0.29136
0.31180
0.02771
0.18216
0.11949
0.05463
0.10502
0.30388
0.34510
0.19338
0.26659
0.11485
0.09693
0.04604
0.22966
0.15276
0.31225
0.16227
0.31392
0.27048
0.25164
0.37579
0.08740
0.05687
0.12065
0.26052
0.31561
0.13082
0.07938
0.26249
0.05003
0.16020
0.20647
0.20306
0.19957
0.15776
0.09335
0.18861
0.12045
0.12997
0.22949
0.28855
0.12389
0.15615
0.21680
0.29241
0.02293
0.26188
0.05469
0.21434
0.11247
0.15551
0.26387
0.04704
0.06439
0.14984
0.18099
0.05357
0.26388
0.03324
0.10371
0.13125
0.32295
0.25142
0.19949
0.25840
0.08494
0.10289
0.30490
0.33289
0.10709
0.12119
0.04067
0.28377
0.29389
0.05472
0.16853
0.03636
0.28857
0.15940
0.15781
0.28145
0.08836
0.32753
0.16812
0.08982
0.18070
0.22011
0.11325
0.29850
0.29941
0.32823
0.10193
0.15108
0.14777
0.21403
0.31277
0.28425
0.28114
0.34024
0.09554
0.09194
0.31896
0.27938
0.04985
0.27946
0.06372
0.20244
0.20641
0.02148
0.08870
0.23634
0.06636
0.07505
0.19577
0.25727
0.08134
0.09852
0.21909
0.10321
0.08387
0.14146
0.22482
0.26483
0.24999
0.17075
0.13901
0.08075
0.05749
0.12111
0.15727
0.19603
0.17664
0.15904
0.09425
0.26538
0.18782
0.07209
0.18684
0.16044
0.04493
0.20356
0.07793
0.19693
0.25101
0.06484
0.28197
0.21833
0.11679
0.27653
0.26325
0.23743
0.11565
0.24202
0.21510
0.31732
0.10400
0.19685
0.10859
0.04186
0.06467
0.03696
0.16409
0.15905
0.11865
0.05983
0.24745
0.10631
0.21124
0.11958
0.03763
0.26033
0.12211
0.04683
0.10534
0.29324
0.06615
0.28903
0.07225
0.10457
0.12778
0.22391
0.10822
0.04226
0.10710
0.09623
0.11466
0.10394
0.08534
0.28096
0.13380
0.13253
0.21111
0.09939
0.05168
0.14403
0.23424
0.14544
0.18322
0.17959
0.13368
0.27046
0.27384
0.08850
0.11943
0.05322
0.07215
0.12150
0.05579
0.04400
0.36170
0.16609
0.07811
0.19796
0.17525
0.02894
0.13809
0.33891
0.11557
0.11944
0.31939
0.11981
0.19851
0.18698
0.17326
0.15828
0.06283
0.08794
0.18956
0.20246
0.21500
0.09529
0.18338
0.15609
0.17630
0.11254
0.32114
0.29217
0.25456
0.16163
0.09567
0.28194
0.32087
0.30808
0.08364
0.27334
0.11907
0.25681
0.14711
0.09513
0.12871
0.10418
0.10144
0.18759
0.23757
0.06818
0.10116
0.13669
0.29398
0.17419
0.23298
0.17289
0.24451
0.25759
0.13888
0.05158
0.27429
0.28293
0.37076
0.28581
0.32630
0.22189
0.23477
0.29186
0.28041
0.28661
0.06177
0.10548
0.13497
0.22247
0.07221
0.04900
0.21357
0.09623
0.19302
0.09503
0.15035
0.10666
0.29529
0.26168
0.26536
0.19986
0.25714
0.15148
0.16661
0.30914
0.04710
0.20204
0.04841
0.05752
0.25818
0.05007
0.24902
0.32161
0.06487
0.06436
0.14399
0.25937
0.09379
0.04105
0.07154
0.08403
0.05829
0.06717
0.21862
0.09022
0.28221
0.09466
0.16912
0.08475
0.17384
0.29129
0.24336
0.30026
0.35386
0.18780
0.27020
0.30389
0.32879
0.34196
0.27942
0.27723
0.35924
0.25593
0.22953
0.27722
0.23415
0.31536
0.16693
0.37343
0.32286
0.24632
0.27575
0.21817
0.27311
0.33220
0.31358
0.27217
0.31699
0.34470
0.25966
0.28008
0.32204
0.23614
0.23626
0.26765
0.31387
0.30178
0.28490
0.18946
0.35017
0.28995
0.28717
0.33852
0.20945
0.29716
0.35252
0.30008
0.32657
0.32856
0.32788
0.22707
0.30738
0.32295
0.24689
0.31419
0.31003
0.29286
0.29444
0.29446
0.16182
0.32753
0.24696
0.27083
0.31709
0.28998
0.30078
0.15021
0.25765
0.35310
0.10386
0.29127
0.24507
0.22931
0.16882
0.35067
0.29066
0.31409
0.18594
0.36783
0.26095
0.23827
0.37546
0.32600
0.31548
0.29777
0.23292
0.27114
0.17022
0.35105
0.31427
0.25041
0.16038
0.30343
0.17443
0.23986
0.30031
0.24773
0.35814
0.31482
0.17354
0.32369
0.32476
0.15647
0.18605
0.31620
0.20111
0.18913
0.16925
0.29663
0.33210
0.29273
0.30070
0.23607
0.32281
0.20542
0.31543
0.30414
0.30398
0.20113
0.28348
0.32152
0.17291
0.19994
0.34700
0.30465
0.20303
0.31036
0.32036
0.25571
0.35239
0.31679
0.20606
0.29768
0.15839
0.29715
0.31565
0.30393
0.27412
0.24407
0.17296
0.32961
0.22793
0.31714
0.19241
0.29609
0.33805
0.29525
0.16592
0.22238
0.30051
0.19081
0.31179
0.16834
0.24384
0.23089
0.22612
0.25551
0.32268
0.33181
0.32664
0.26438
0.22533
0.33195
0.22360
0.25771
0.22633
0.32152
0.30166
0.13587
0.17011
0.27734
0.30787
0.22566
0.15735
0.21079
0.24878
0.24244
0.24829
0.29147
0.33397
0.15681
0.27641
0.28276
0.30360
0.18694
0.30037
0.28546
0.24985
0.38486
0.18510
0.30535
0.19363
0.36655
0.31329
0.28023
0.25284
0.30546
0.26310
0.18039
0.29288
0.27012
0.28786
0.28807
0.28374
0.33659
0.24504
0.27139
0.24214
0.33605
0.26244
0.30584
0.22986
0.28640
0.28348
0.24621
0.20858
0.27003
0.25242
0.28886
0.22262
0.31359
0.22300
0.29826
0.28989
0.29913
0.24944
0.15568
0.24740
0.33542
0.33173
0.28510
0.31158
0.32501
0.26509
0.25265
0.24546
0.30023
0.28790
0.29367
0.24302
0.19430
0.32095
0.30997
0.21871
0.29081
0.19639
0.31971
0.32011
0.24672
0.20713
0.28023
0.29257
0.31131
0.26925
0.27383
0.35363
0.35788
0.14601
0.23425
0.31897
0.28633
0.30418
0.29164
0.34052
0.20589
0.22523
0.19549
0.30292
0.30749
0.35974
0.29646
0.25838
0.31717
0.20206
0.24858
0.31158
0.27593
0.17546
0.32686
0.24673
0.21203
0.33024
0.30361
0.28112
0.21679
0.28520
0.30284
0.35584
0.33715
0.24054
0.28419
0.20540
0.34034
0.29822
0.12234
0.28778
0.16913
0.26915
0.31178
0.21021
0.30030
0.25937
0.29543
0.22794
0.24901
0.24810
0.34724
0.31200
0.30533
0.19914
0.28702
0.25508
0.24016
0.25265
0.31834
0.30039
0.32197
0.26223
0.27393
0.30191
0.26322
0.27447
0.27654
0.16909
0.29768
0.25676
0.32224
0.27097
0.29782
0.34889
0.28254
0.28592
0.32792
0.13857
0.23328
0.31870
0.25502
0.32797
0.30142
0.31472
0.34677
0.38794
0.30263
0.32674
0.25794
0.30570
0.27940
0.35187
0.29587
0.28470
0.31911
0.31553
0.31379
0.32088
0.38902
0.21075
0.27668
0.30443
0.26641
0.31734
0.32079
0.22046
0.25569
0.32143
0.22381
0.31165
0.32194
0.30428
0.27018
0.28137
0.28258
0.27105
0.28820
0.34746
0.29232
0.27278
0.32431
0.27406
0.31954
0.29438
0.28204
0.12400
0.31731
0.32775
0.33831
0.33342
0.28449
0.41559
0.40858
0.29015
0.14911
0.32040
0.37300
0.26711
0.16269
0.32521
0.33286
0.21233
0.27088
0.29813
0.24904
0.24853
0.24626
0.33949
0.32875
0.37478
0.29211
0.32238
0.28285
0.39296
0.28282
0.27812
0.32325
0.34744
0.28992
0.15866
0.29931
0.44112
0.24189
0.41244
0.40850
0.18142
0.30856
0.36760
0.32151
0.27540
0.26721
0.29565
0.24082
0.27170
0.31958
0.26567
0.24849
0.38095
0.29889
0.29522
0.22628
0.22694
0.27890
0.40406
0.20167
0.10320
0.32891
0.10314
0.17750
0.40385
0.14281
0.24198
0.17837
0.29713
0.24367
0.45050
0.16817
0.34085
0.39848
0.25715
0.22410
0.27567
0.22473
0.16710
0.36720
0.14521
0.34880
0.32397
0.28160
0.24169
0.26091
0.32265
0.27209
0.18310
0.32420
0.41434
0.30205
0.28163
0.37240
0.36742
0.24795
0.21819
0.27888
0.38243
0.15811
0.17887
0.24065
0.34209
0.30156
0.25475
0.28103
0.30398
0.34225
0.18214
0.31240
0.35157
0.27378
0.30614
0.23888
0.37373
0.31052
0.24749
0.29339
0.31360
0.31684
0.25672
0.31100
0.23342
0.32765
0.23246
0.26339
0.32435
0.30960
0.25835
0.30824
0.20758
0.33113
0.17069
0.04368
0.07742
0.19483
0.25483
0.29809
0.20437
0.23334
0.36704
0.15272
0.02962
0.21785
0.00769
0.24897
0.27663
0.18599
0.31097
0.07149
0.14461
0.19526
0.22022
0.04508
0.13173
0.20872
0.23374
0.21486
0.21351
0.25167
0.01740
0.29792
0.25047
0.05375
0.09731
0.12623
0.26812
0.13506
0.14183
0.20891
0.30550
0.05649
0.06453
0.05258
0.10686
0.30321
0.14133
0.12155
0.17238
0.30765
0.16611
0.23985
0.21546
0.03401
0.29670
0.06449
0.10120
0.22577
0.19750
0.26419
0.04776
0.04770
0.18868
0.20795
0.25728
0.26566
0.03682
0.08024
0.19882
0.20473
0.21241
0.16741
0.11554
0.26722
0.15412
0.09008
0.28885
0.25753
0.09759
0.15467
0.14520
0.07381
0.04173
0.21721
0.10553
0.20514
0.25545
0.27502
0.20160
0.37320
0.23155
0.25927
0.13314
0.18748
0.21566
0.03366
0.28604
0.08639
0.07185
0.18366
0.21962
0.28097
0.25449
0.04948
0.06482
0.15832
0.19105
0.21850
0.23357
0.08615
0.17484
0.31724
0.12751
0.24505
0.06396
0.02343
0.04384
0.09455
0.06331
0.10610
0.28634
0.27370
0.12143
0.09216
0.03172
0.11592
0.09904
0.26427
