0.10383
0.10215
0.05433
0.25926
0.08961
0.11808
0.25795
0.16707
0.19394
0.05263
0.20175
0.13849
0.15719
0.12664
0.10975
0.22912
0.12167
0.12381
0.10347
0.14340
0.27767
0.11452
0.15008
0.07954
0.23080
0.15360
0.15383
0.26257
0.10923
0.18150
0.14466
0.25113
0.15989
0.10918
0.09367
0.10229
0.14430
0.07819
0.13443
0.18398
0.27371
0.24355
0.11457
0.13235
0.29183
0.22321
0.18478
0.19571
0.16542
0.15223
0.09609
0.14749
0.13229
0.24017
0.09918
0.24195
0.19649
0.17376
0.15086
0.07569
0.28055
0.24020
0.13377
0.21665
0.24608
0.28348
0.05438
0.17664
0.12956
0.05189
0.17710
0.29168
0.26523
0.21009
0.25344
0.13856
0.10569
0.03762
0.21135
0.17231
0.29799
0.16397
0.30587
0.26723
0.27065
0.33864
0.09024
0.09605
0.13988
0.25406
0.30937
0.14224
0.08830
0.24980
0.11038
0.15192
0.20387
0.22879
0.19810
0.18925
0.11014
0.17485
0.11167
0.13851
0.24187
0.28212
0.10863
0.16174
0.16886
0.29351
0.04378
0.26753
0.07378
0.19944
0.13009
0.19737
0.26478
0.09223
0.06141
0.20796
0.17377
0.07582
0.28346
0.03026
0.12775
0.17563
0.33682
0.25874
0.20039
0.25830
0.13170
0.14298
0.32307
0.34804
0.10047
0.14913
0.09820
0.30726
0.26750
0.02702
0.17532
0.04427
0.29297
0.19482
0.13131
0.28760
0.10636
0.34282
0.19304
0.09788
0.19572
0.25931
0.11532
0.32154
0.32007
0.33082
0.09454
0.17549
0.14670
0.22616
0.28253
0.28883
0.29911
0.32341
0.09908
0.11056
0.29333
0.24585
0.05392
0.26910
0.07098
0.24295
0.22892
0.05090
0.13883
0.20840
0.09185
0.09158
0.16439
0.24527
0.09966
0.10842
0.18640
0.15768
0.10238
0.17601
0.21612
0.25089
0.23043
0.18979
0.11642
0.07517
0.05510
0.13011
0.14869
0.24766
0.20138
0.15739
0.11272
0.26980
0.21880
0.06713
0.20940
0.16347
0.05112
0.22381
0.12160
0.23552
0.26672
0.09988
0.23543
0.23241
0.11654
0.25459
0.28874
0.25925
0.13033
0.28825
0.22891
0.34051
0.12661
0.22522
0.13212
0.09472
0.06588
0.05634
0.18857
0.17241
0.18776
0.11077
0.29144
0.09410
0.25136
0.12621
0.06505
0.25564
0.12094
0.05893
0.16275
0.27732
0.05538
0.31062
0.12496
0.12211
0.17173
0.17715
0.12570
0.06824
0.13341
0.12916
0.10829
0.12364
0.13363
0.28797
0.19152
0.14506
0.17437
0.09335
0.09914
0.13084
0.20273
0.15410
0.22659
0.19112
0.13049
0.27325
0.31436
0.09761
0.20162
0.09733
0.11065
0.12616
0.06938
0.04526
0.35006
0.17073
0.07812
0.23145
0.15678
0.06629
0.17409
0.33616
0.16886
0.12164
0.27549
0.12050
0.20455
0.18550
0.18799
0.12592
0.11812
0.11486
0.22550
0.24184
0.16320
0.10399
0.17692
0.13862
0.18222
0.13108
0.34036
0.22123
0.25650
0.13205
0.09992
0.29520
0.29480
0.29153
0.03132
0.27585
0.11484
0.24658
0.16838
0.09123
0.11060
0.10401
0.09243
0.19323
0.23920
0.06260
0.08476
0.09121
0.28040
0.14602
0.23543
0.22757
0.22293
0.23378
0.16691
0.11051
0.26018
0.28519
0.37073
0.25427
0.32155
0.24658
0.26358
0.28665
0.28587
0.30477
0.09266
0.10088
0.11748
0.23924
0.07199
0.07395
0.21068
0.14544
0.20945
0.15592
0.17496
0.12105
0.27732
0.28287
0.25561
0.20021
0.27756
0.11142
0.18001
0.29464
0.10264
0.22232
0.07708
0.09373
0.20777
0.03660
0.24183
0.34470
0.09784
0.12658
0.15557
0.23183
0.12532
0.05845
0.06818
0.10312
0.08473
0.09868
0.20123
0.08014
0.27818
0.15647
0.22075
0.10148
0.16363
0.26551
0.21723
0.24517
0.32960
0.17635
0.26612
0.29663
0.28770
0.29836
0.28538
0.26260
0.33456
0.24935
0.24807
0.26405
0.21993
0.30095
0.19453
0.34274
0.29581
0.24737
0.23387
0.24571
0.23260
0.35016
0.28165
0.24444
0.28144
0.30921
0.21017
0.25895
0.31998
0.25604
0.25066
0.25011
0.27849
0.28499
0.22995
0.21333
0.33819
0.23336
0.20627
0.28652
0.20155
0.30846
0.32152
0.30196
0.28338
0.30723
0.26780
0.23567
0.29009
0.33170
0.19497
0.28293
0.29591
0.26057
0.24674
0.30400
0.16832
0.30258
0.24097
0.27457
0.28646
0.27021
0.26545
0.16300
0.27959
0.35747
0.12239
0.28097
0.22819
0.21327
0.19032
0.36274
0.30938
0.28668
0.16945
0.32100
0.26462
0.26568
0.33731
0.28562
0.31119
0.29277
0.24141
0.28184
0.19442
0.34724
0.30853
0.23061
0.14351
0.34402
0.20909
0.23761
0.28541
0.24437
0.32615
0.29238
0.21006
0.31077
0.29458
0.14553
0.20418
0.30224
0.16406
0.19812
0.17872
0.27295
0.31592
0.29040
0.28066
0.24846
0.29329
0.19494
0.29485
0.24943
0.27890
0.21862
0.28175
0.27981
0.19960
0.17557
0.35825
0.28128
0.21048
0.28809
0.29065
0.24061
0.36306
0.29167
0.23426
0.24506
0.17755
0.29354
0.30964
0.28585
0.26631
0.23114
0.16736
0.29430
0.21012
0.28573
0.21251
0.27474
0.30558
0.28244
0.17510
0.22777
0.28175
0.20299
0.28003
0.17842
0.23349
0.23611
0.21996
0.22850
0.31741
0.30187
0.30657
0.20138
0.23548
0.30846
0.23247
0.22757
0.24358
0.28474
0.28145
0.15912
0.18162
0.28126
0.27856
0.19998
0.16421
0.23540
0.26103
0.23548
0.25660
0.27222
0.30723
0.17605
0.23092
0.24837
0.28550
0.18829
0.28075
0.22900
0.25918
0.37145
0.18237
0.27785
0.21387
0.35012
0.27660
0.23781
0.27640
0.29854
0.27261
0.18058
0.32678
0.25849
0.24345
0.28177
0.28587
0.32530
0.24124
0.25624
0.19601
0.30684
0.22386
0.25618
0.23022
0.24488
0.28476
0.26384
0.19672
0.24048
0.23730
0.32511
0.21283
0.31522
0.21371
0.25257
0.27955
0.26794
0.27033
0.14483
0.23224
0.29151
0.30510
0.25455
0.28192
0.27725
0.25850
0.24990
0.20231
0.28140
0.29742
0.28808
0.25902
0.16624
0.28439
0.29517
0.25950
0.26946
0.25705
0.32344
0.26019
0.16733
0.22013
0.27630
0.28134
0.30460
0.26809
0.23792
0.34464
0.32667
0.14344
0.22245
0.28619
0.26349
0.28027
0.32493
0.31208
0.24336
0.19896
0.18129
0.26452
0.29297
0.33987
0.28232
0.30005
0.28094
0.22158
0.26290
0.26884
0.25496
0.17266
0.31630
0.21211
0.23782
0.31155
0.29151
0.26059
0.23866
0.23686
0.29276
0.34306
0.33282
0.25838
0.25699
0.18848
0.30595
0.30589
0.12777
0.25177
0.17654
0.23696
0.29073
0.23381
0.25542
0.25983
0.27646
0.21602
0.23898
0.22653
0.31354
0.26939
0.27122
0.20120
0.27892
0.25998
0.22894
0.18000
0.31122
0.27329
0.34220
0.24672
0.27073
0.29532
0.26716
0.22106
0.28240
0.17783
0.32954
0.26841
0.31419
0.25490
0.28118
0.31980
0.27049
0.24027
0.29035
0.20668
0.21915
0.29111
0.23722
0.26549
0.29383
0.27609
0.32985
0.35723
0.27321
0.29747
0.26585
0.29861
0.27903
0.32103
0.26901
0.28598
0.30362
0.29145
0.30078
0.31283
0.36194
0.19946
0.25463
0.30698
0.22540
0.30182
0.33591
0.24134
0.24538
0.32629
0.23747
0.27374
0.28400
0.25716
0.24105
0.26477
0.24488
0.27106
0.29047
0.31084
0.30180
0.26070
0.30187
0.27375
0.30272
0.26257
0.26693
0.13152
0.31777
0.32560
0.33404
0.27533
0.32168
0.36279
0.36924
0.26326
0.18940
0.27630
0.37164
0.28302
0.21488
0.30098
0.35513
0.26484
0.18768
0.34297
0.23236
0.28393
0.24124
0.30530
0.35846
0.42189
0.29447
0.30067
0.24524
0.34663
0.32180
0.30584
0.30728
0.32619
0.26462
0.20542
0.31678
0.41223
0.24574
0.36290
0.38257
0.20434
0.27592
0.34209
0.30422
0.30820
0.24793
0.26864
0.22009
0.30514
0.31864
0.28654
0.31274
0.34146
0.27536
0.28171
0.24715
0.16361
0.23366
0.36874
0.23710
0.13274
0.36457
0.10535
0.19646
0.37286
0.17467
0.25376
0.21867
0.25710
0.24172
0.41370
0.20069
0.31332
0.36312
0.23717
0.22917
0.26392
0.22213
0.19740
0.33876
0.18183
0.37077
0.35893
0.21112
0.25954
0.18168
0.35075
0.27115
0.19804
0.34091
0.40044
0.31966
0.29935
0.35797
0.36185
0.20505
0.28019
0.28880
0.39023
0.21741
0.20642
0.24106
0.33127
0.24998
0.25788
0.23925
0.29866
0.36966
0.20668
0.28933
0.29036
0.28823
0.28067
0.25804
0.38327
0.29446
0.20042
0.26157
0.28962
0.30639
0.27643
0.29220
0.24120
0.35026
0.25420
0.24713
0.30404
0.27585
0.20726
0.26238
0.14117
0.30731
0.23972
0.03599
0.07478
0.21813
0.23678
0.26507
0.20396
0.24684
0.37675
0.09778
0.04574
0.18230
0.04874
0.28958
0.22754
0.17461
0.26635
0.04270
0.14152
0.17725
0.26677
0.09269
0.08112
0.25690
0.27303
0.17531
0.21396
0.31911
0.10531
0.26155
0.24318
0.06412
0.10669
0.14638
0.27451
0.17013
0.25547
0.23485
0.28483
0.02382
0.11673
0.06680
0.08255
0.28102
0.15026
0.12807
0.22950
0.25417
0.10002
0.28934
0.22702
0.04943
0.23619
0.05270
0.05144
0.27150
0.18475
0.23125
0.04366
0.05439
0.20866
0.20121
0.28379
0.24991
0.04250
0.05387
0.19152
0.21310
0.17808
0.15551
0.08991
0.28550
0.16438
0.06229
0.25565
0.28337
0.10160
0.13150
0.15510
0.04194
0.03675
0.20754
0.14718
0.17762
0.25592
0.27388
0.21220
0.30519
0.21563
0.22724
0.08638
0.23519
0.19520
0.05051
0.27254
0.06047
0.09477
0.23402
0.24537
0.25546
0.26578
0.09577
0.09009
0.12464
0.22453
0.15475
0.24302
0.06466
0.21895
0.23317
0.16652
0.23608
0.08825
0.03101
0.08122
0.10519
0.06652
0.06259
0.22962
0.27933
0.10440
0.07362
0.04420
0.05798
0.11970
0.17419
