0.08923
0.12811
0.06022
0.22505
0.07098
0.13389
0.21584
0.11665
0.22731
0.07641
0.18035
0.16781
0.11446
0.14146
0.10219
0.23975
0.13297
0.13165
0.06249
0.15130
0.28858
0.19854
0.13506
0.08130
0.21570
0.11966
0.13670
0.22001
0.10619
0.15691
0.15378
0.25200
0.18060
0.11743
0.11901
0.09930
0.11340
0.07109
0.13949
0.16388
0.29140
0.25019
0.09234
0.13279
0.25934
0.21906
0.14187
0.23962
0.18398
0.13329
0.09672
0.14784
0.15536
0.28108
0.09245
0.26614
0.27005
0.12166
0.13289
0.06832
0.27797
0.24640
0.10081
0.24564
0.26529
0.33060
0.04628
0.15393
0.08686
0.06909
0.13552
0.27331
0.33298
0.19330
0.22633
0.10020
0.09839
0.03235
0.23577
0.15839
0.28262
0.20838
0.28873
0.28493
0.28236
0.37203
0.10614
0.09565
0.13314
0.24536
0.31610
0.19347
0.05766
0.24550
0.06553
0.15318
0.21754
0.21897
0.18629
0.17555
0.09192
0.17394
0.10289
0.12224
0.18461
0.30420
0.12499
0.16703
0.17702
0.29565
0.02823
0.24402
0.11327
0.20810
0.13488
0.14712
0.27125
0.06768
0.07348
0.18069
0.23167
0.07012
0.27498
0.02833
0.11089
0.16155
0.30389
0.27837
0.14093
0.25903
0.07252
0.10976
0.29567
0.32440
0.13937
0.11035
0.07332
0.30549
0.26330
0.06832
0.17802
0.04750
0.27127
0.20116
0.15754
0.26999
0.08259
0.33092
0.19045
0.08588
0.18730
0.23588
0.10105
0.29709
0.29498
0.32673
0.11070
0.16403
0.14773
0.15902
0.25987
0.29037
0.27307
0.29821
0.08964
0.12432
0.31740
0.28870
0.11648
0.28416
0.04790
0.22994
0.24677
0.03701
0.06643
0.20778
0.07830
0.08414
0.17960
0.25344
0.11596
0.10475
0.23526
0.16482
0.08561
0.17546
0.16984
0.22871
0.27752
0.19393
0.12222
0.06979
0.06842
0.17799
0.12723
0.23434
0.18854
0.16368
0.08756
0.27708
0.22106
0.08207
0.19805
0.15275
0.04018
0.22952
0.12894
0.21935
0.22456
0.12008
0.24860
0.22734
0.09552
0.27213
0.27617
0.23504
0.13723
0.23235
0.17213
0.32588
0.11922
0.22201
0.09984
0.06781
0.08340
0.05103
0.15262
0.16962
0.14164
0.04618
0.23794
0.13418
0.22266
0.11650
0.07863
0.27192
0.10666
0.04094
0.11512
0.26738
0.07403
0.28923
0.08749
0.11016
0.16198
0.21382
0.11746
0.06692
0.08744
0.12779
0.10148
0.12730
0.09515
0.28804
0.15982
0.16012
0.17515
0.10626
0.04779
0.13763
0.18714
0.17021
0.19795
0.13391
0.14559
0.24854
0.28929
0.09677
0.19786
0.05977
0.11566
0.12865
0.08530
0.05081
0.33743
0.14757
0.03737
0.21285
0.15273
0.07339
0.13268
0.33656
0.12938
0.05999
0.29507
0.12201
0.21157
0.19148
0.15027
0.14516
0.06727
0.06889
0.15550
0.21849
0.15960
0.11832
0.18696
0.17694
0.17995
0.13820
0.32105
0.23032
0.26725
0.16430
0.08339
0.30120
0.30558
0.33599
0.02489
0.27560
0.13614
0.30646
0.12548
0.10187
0.11575
0.10442
0.08933
0.16737
0.21379
0.06861
0.10147
0.07268
0.27355
0.17841
0.20978
0.16287
0.22139
0.22896
0.15660
0.09018
0.26844
0.26395
0.32768
0.24757
0.30523
0.22847
0.24381
0.28705
0.25354
0.25899
0.06581
0.07775
0.12051
0.23804
0.05129
0.05092
0.19542
0.13510
0.20392
0.11696
0.14841
0.12253
0.27062
0.24218
0.26212
0.21441
0.30510
0.13164
0.13117
0.31630
0.04129
0.19567
0.07632
0.09403
0.22796
0.05562
0.24629
0.32624
0.07066
0.10332
0.11182
0.24389
0.11860
0.07437
0.02596
0.10526
0.06616
0.12696
0.16307
0.08824
0.25421
0.18431
0.16800
0.10116
0.21300
0.30030
0.19097
0.24397
0.35101
0.15875
0.29264
0.29884
0.26827
0.30293
0.28569
0.26189
0.34100
0.20418
0.24660
0.20312
0.23813
0.27277
0.18197
0.37808
0.32552
0.28171
0.24929
0.23229
0.21939
0.33645
0.25090
0.24322
0.30641
0.33942
0.21315
0.24124
0.33449
0.26041
0.25599
0.25826
0.28572
0.31249
0.23412
0.23549
0.34736
0.23301
0.21265
0.27522
0.18157
0.30531
0.35176
0.27804
0.24809
0.27839
0.21937
0.23820
0.29635
0.31994
0.19552
0.27901
0.31795
0.26898
0.27569
0.27559
0.16049
0.26513
0.26314
0.28254
0.31355
0.29863
0.25776
0.17882
0.26401
0.34737
0.16314
0.27813
0.16917
0.17913
0.16739
0.35692
0.30452
0.32407
0.15664
0.34052
0.26571
0.27565
0.36727
0.30738
0.28386
0.28625
0.23372
0.26176
0.18322
0.36147
0.26463
0.18582
0.18071
0.32705
0.20197
0.26721
0.28484
0.24672
0.34448
0.30681
0.22316
0.33535
0.31536
0.14005
0.19081
0.24643
0.18498
0.18592
0.15598
0.27913
0.33796
0.24331
0.24691
0.24189
0.27952
0.22996
0.28710
0.23260
0.24742
0.19859
0.28141
0.26859
0.20452
0.15202
0.34324
0.29221
0.13846
0.26116
0.30219
0.26802
0.33978
0.31489
0.23292
0.27491
0.21114
0.28212
0.30486
0.26854
0.26378
0.23500
0.13991
0.27687
0.21349
0.28587
0.21875
0.25388
0.29459
0.29529
0.19630
0.22597
0.28269
0.21964
0.27973
0.19913
0.17130
0.22781
0.24789
0.19972
0.30308
0.31950
0.31873
0.19427
0.15702
0.32362
0.19332
0.17763
0.17412
0.30455
0.28732
0.15564
0.16536
0.27981
0.24892
0.17024
0.14804
0.18857
0.28309
0.20657
0.24259
0.24162
0.28456
0.17851
0.19977
0.26810
0.24108
0.19239
0.25996
0.26272
0.24215
0.38083
0.19045
0.30054
0.21255
0.35828
0.32224
0.22256
0.26352
0.25601
0.26903
0.16960
0.30014
0.25345
0.23924
0.28762
0.28148
0.33774
0.23113
0.28747
0.22489
0.33936
0.20388
0.27765
0.20971
0.23338
0.27864
0.23514
0.20501
0.20273
0.21191
0.29593
0.21821
0.32147
0.22206
0.22743
0.30147
0.29140
0.26196
0.14374
0.20191
0.31925
0.32571
0.21697
0.25546
0.25291
0.26357
0.21852
0.19523
0.30550
0.28901
0.23532
0.24225
0.20815
0.27144
0.29714
0.25663
0.24190
0.24300
0.33615
0.23373
0.17976
0.19270
0.28857
0.28649
0.27893
0.27312
0.21283
0.35348
0.34095
0.12951
0.23320
0.31476
0.23561
0.25775
0.30034
0.33265
0.24170
0.17928
0.18195
0.25812
0.26843
0.35438
0.27607
0.29186
0.25351
0.22681
0.25864
0.30422
0.28452
0.14934
0.32070
0.19061
0.22695
0.33356
0.30235
0.23197
0.22884
0.23547
0.28974
0.31402
0.33500
0.24810
0.28653
0.20227
0.27083
0.30447
0.14337
0.22494
0.21181
0.23301
0.27945
0.25733
0.24701
0.24514
0.25387
0.22241
0.21560
0.21695
0.33680
0.23919
0.24337
0.18478
0.28413
0.25280
0.22615
0.15614
0.31676
0.27953
0.33270
0.25298
0.20988
0.28032
0.27388
0.24453
0.26614
0.17339
0.32253
0.25242
0.32733
0.26953
0.27942
0.34149
0.27559
0.21902
0.27886
0.15476
0.15849
0.27069
0.21991
0.30396
0.30247
0.22909
0.28541
0.36681
0.29856
0.31955
0.25971
0.29771
0.29268
0.35200
0.21221
0.27213
0.32158
0.33109
0.25094
0.31774
0.37436
0.21647
0.23359
0.29239
0.20011
0.31530
0.31170
0.23419
0.24977
0.33800
0.23674
0.26924
0.31452
0.26113
0.21560
0.24765
0.22722
0.23982
0.28907
0.29505
0.28904
0.22028
0.29060
0.26585
0.27836
0.25566
0.25691
0.12922
0.33689
0.31749
0.34452
0.31276
0.31232
0.39974
0.41068
0.27160
0.19267
0.30411
0.38846
0.28990
0.24079
0.28779
0.35310
0.24538
0.21754
0.33780
0.24670
0.27889
0.21512
0.31277
0.37090
0.43290
0.29711
0.29464
0.25965
0.38142
0.29771
0.30119
0.28079
0.34015
0.24985
0.19588
0.32367
0.46143
0.24822
0.41961
0.41147
0.22521
0.29518
0.34604
0.31666
0.29890
0.27436
0.28299
0.18291
0.28776
0.26050
0.29927
0.30946
0.37844
0.28786
0.28528
0.25933
0.21501
0.24715
0.40332
0.23366
0.13642
0.32630
0.16325
0.21132
0.42917
0.14169
0.24442
0.20314
0.26965
0.21526
0.42474
0.20783
0.34516
0.39360
0.24682
0.22932
0.24306
0.25438
0.20587
0.35863
0.21063
0.37096
0.34722
0.22414
0.25683
0.24867
0.34468
0.26767
0.22770
0.34062
0.41621
0.32066
0.30330
0.34002
0.36206
0.19285
0.24977
0.28937
0.39172
0.21662
0.22399
0.23800
0.35977
0.27248
0.26037
0.25611
0.30551
0.39390
0.24263
0.26919
0.30061
0.29597
0.29362
0.24741
0.34880
0.28537
0.30637
0.27598
0.31938
0.35655
0.26204
0.28604
0.23259
0.34345
0.28223
0.24653
0.31564
0.23377
0.23167
0.26745
0.18323
0.33299
0.24351
0.06760
0.14345
0.18861
0.27523
0.29618
0.20230
0.24290
0.36333
0.18183
0.06754
0.12829
0.02770
0.32035
0.26662
0.18371
0.29054
0.06441
0.12651
0.16138
0.23567
0.06281
0.10815
0.25230
0.29001
0.20713
0.21510
0.28665
0.03210
0.31202
0.19563
0.04548
0.09008
0.08822
0.28268
0.20054
0.20879
0.17170
0.30275
0.07335
0.04661
0.03939
0.05654
0.29771
0.07902
0.09352
0.16381
0.31343
0.11246
0.24304
0.21445
0.03815
0.27465
0.08655
0.05824
0.24497
0.17897
0.19895
0.05389
0.08007
0.20620
0.18628
0.30301
0.25615
0.03019
0.07117
0.13777
0.21055
0.19771
0.22657
0.12870
0.22879
0.18947
0.17707
0.25878
0.27076
0.11085
0.13258
0.18671
0.06302
0.04285
0.21895
0.10830
0.20573
0.24366
0.23893
0.19667
0.32655
0.29536
0.22170
0.18355
0.22525
0.20405
0.01563
0.24319
0.10113
0.06788
0.22642
0.25361
0.30141
0.25727
0.02170
0.07923
0.13629
0.18403
0.18181
0.27526
0.09842
0.23099
0.31580
0.17236
0.24308
0.14184
0.07618
0.04926
0.15139
0.04659
0.11085
0.28091
0.29660
0.08831
0.11883
0.04308
0.07928
0.10906
0.20915
