0.09542
0.09586
0.06671
0.24031
0.12634
0.13089
0.23142
0.13614
0.16825
0.06525
0.18494
0.13338
0.16759
0.11055
0.12490
0.23961
0.12585
0.14421
0.07982
0.11525
0.31290
0.15372
0.14636
0.06766
0.23987
0.15429
0.11215
0.22360
0.08623
0.15460
0.17925
0.22687
0.12212
0.09552
0.07660
0.09097
0.12879
0.05084
0.11244
0.15573
0.25699
0.24711
0.11668
0.12712
0.31229
0.22272
0.17626
0.22228
0.18520
0.16973
0.09087
0.16686
0.15322
0.26560
0.08999
0.22061
0.21175
0.12382
0.14798
0.08089
0.30373
0.30161
0.12698
0.27355
0.27428
0.28998
0.04760
0.14503
0.05731
0.04613
0.12622
0.32095
0.24683
0.18706
0.25992
0.12368
0.07012
0.05896
0.21270
0.12865
0.29669
0.16581
0.35158
0.27093
0.25507
0.33401
0.10379
0.07944
0.12217
0.24253
0.33417
0.20355
0.06010
0.20651
0.04683
0.18991
0.19669
0.23164
0.20873
0.15393
0.09394
0.20259
0.11000
0.11134
0.19260
0.29766
0.12744
0.16451
0.17372
0.28477
0.04126
0.26745
0.10194
0.20407
0.13618
0.16909
0.25773
0.07558
0.06245
0.20817
0.21417
0.11127
0.28648
0.03825
0.10481
0.14029
0.29039
0.23791
0.18786
0.25386
0.07678
0.09562
0.28271
0.31387
0.09582
0.09861
0.05055
0.26754
0.28213
0.06094
0.16984
0.05452
0.29231
0.17034
0.13043
0.28897
0.10191
0.32984
0.19579
0.09403
0.14507
0.25513
0.09861
0.31906
0.30675
0.31187
0.09611
0.12107
0.16199
0.19833
0.24492
0.25043
0.26535
0.30652
0.09990
0.10594
0.28766
0.28003
0.05640
0.22670
0.07279
0.25135
0.21599
0.03289
0.06733
0.20831
0.07478
0.06276
0.19652
0.28393
0.08463
0.09460
0.19120
0.15221
0.12028
0.18990
0.21529
0.25661
0.25548
0.17887
0.11717
0.07041
0.04511
0.17840
0.11127
0.25141
0.19950
0.16706
0.07433
0.30153
0.21464
0.08283
0.18915
0.14032
0.05325
0.23672
0.09299
0.20487
0.24608
0.11335
0.28113
0.19931
0.08967
0.24138
0.24899
0.25868
0.12168
0.26064
0.21494
0.35402
0.15125
0.20885
0.14678
0.12751
0.07454
0.05545
0.17107
0.16905
0.12141
0.04225
0.23142
0.11510
0.22880
0.12168
0.07851
0.26554
0.11391
0.05395
0.09355
0.26747
0.07485
0.29760
0.13389
0.10196
0.13435
0.20230
0.11094
0.06422
0.12843
0.11663
0.10136
0.11290
0.15308
0.23519
0.17316
0.16744
0.18682
0.04179
0.08055
0.12992
0.20169
0.19036
0.23044
0.18464
0.16739
0.23034
0.30243
0.09272
0.19147
0.07648
0.07755
0.11770
0.06978
0.03746
0.35861
0.17720
0.06965
0.24075
0.16222
0.11352
0.18055
0.33403
0.14219
0.10176
0.29257
0.11491
0.19899
0.15500
0.19364
0.15717
0.08640
0.06925
0.18824
0.24613
0.11863
0.09863
0.16630
0.15916
0.18259
0.12907
0.35441
0.30324
0.26713
0.14784
0.11374
0.29270
0.28816
0.31986
0.02527
0.24881
0.13226
0.25520
0.13986
0.07833
0.11203
0.15245
0.10107
0.18530
0.21053
0.05117
0.07780
0.05579
0.28529
0.16944
0.26963
0.18573
0.22454
0.22352
0.12608
0.06029
0.25656
0.28640
0.34312
0.22322
0.29555
0.21384
0.24443
0.28471
0.24999
0.24918
0.06081
0.04977
0.13263
0.21599
0.05899
0.04400
0.16579
0.14761
0.21812
0.14768
0.17373
0.10598
0.28601
0.26652
0.22982
0.21406
0.31480
0.14486
0.13276
0.31530
0.08164
0.23884
0.07472
0.07506
0.20727
0.09277
0.26478
0.31051
0.06319
0.09306
0.13726
0.23472
0.10370
0.05716
0.08688
0.07538
0.06196
0.07565
0.19437
0.05722
0.28293
0.19233
0.21137
0.12174
0.21550
0.29539
0.20035
0.26759
0.35326
0.16364
0.28303
0.30101
0.28264
0.30907
0.28663
0.23943
0.34902
0.26634
0.24297
0.25506
0.24125
0.28195
0.16812
0.37367
0.31490
0.23579
0.25207
0.24848
0.25181
0.34565
0.28253
0.21989
0.32016
0.33755
0.23348
0.23230
0.31382
0.27281
0.26517
0.26860
0.27421
0.31086
0.25747
0.21380
0.35117
0.25595
0.22581
0.31595
0.19737
0.30330
0.34215
0.29859
0.29916
0.29028
0.26883
0.25428
0.27545
0.32890
0.19734
0.29458
0.32093
0.25297
0.27016
0.29306
0.20034
0.28840
0.25876
0.28994
0.31237
0.29639
0.25420
0.19295
0.28878
0.35930
0.14152
0.27709
0.21018
0.15935
0.17371
0.35771
0.29141
0.33242
0.18071
0.35208
0.26968
0.26837
0.36645
0.31819
0.28253
0.29148
0.25381
0.28404
0.17522
0.35208
0.26127
0.22853
0.16491
0.32899
0.19448
0.25833
0.29717
0.25497
0.35547
0.33127
0.22746
0.32316
0.31329
0.18656
0.17268
0.27425
0.18794
0.20381
0.18155
0.29682
0.34436
0.25536
0.25081
0.24591
0.29165
0.23463
0.28471
0.23561
0.26431
0.20044
0.28555
0.27684
0.23171
0.19092
0.33219
0.29281
0.17779
0.29042
0.31443
0.27067
0.35015
0.31054
0.22780
0.27845
0.22014
0.29548
0.30764
0.27989
0.26614
0.24542
0.18373
0.30242
0.22150
0.26756
0.20810
0.25463
0.30357
0.29400
0.20620
0.20757
0.28624
0.20432
0.26910
0.18277
0.24091
0.23015
0.24537
0.20320
0.30449
0.32768
0.31919
0.21571
0.19614
0.32414
0.21593
0.20140
0.20348
0.30760
0.30775
0.17555
0.17718
0.26507
0.26091
0.20422
0.15196
0.21977
0.27054
0.20340
0.20112
0.24807
0.29521
0.17728
0.23407
0.28377
0.28464
0.19449
0.26090
0.26144
0.25043
0.36754
0.19052
0.28746
0.22394
0.35576
0.31231
0.23044
0.26118
0.27926
0.25674
0.18079
0.29097
0.28465
0.25096
0.28557
0.25818
0.33338
0.26653
0.29302
0.22628
0.34502
0.21252
0.27341
0.22481
0.24404
0.27017
0.26158
0.19066
0.22668
0.23643
0.30321
0.20165
0.31125
0.24511
0.25050
0.29806
0.29138
0.28544
0.14564
0.21485
0.32374
0.32559
0.23487
0.27174
0.28321
0.27309
0.23293
0.20435
0.31605
0.29331
0.25524
0.25852
0.16152
0.28360
0.30950
0.25732
0.25405
0.20432
0.33587
0.28179
0.18411
0.16668
0.28503
0.29365
0.27767
0.25330
0.24767
0.34751
0.34742
0.15790
0.24284
0.32229
0.25250
0.25983
0.29993
0.34756
0.25228
0.21171
0.17729
0.24438
0.25907
0.35721
0.29453
0.29393
0.26564
0.24873
0.27262
0.30840
0.27970
0.18542
0.32629
0.22200
0.24403
0.33705
0.29286
0.24485
0.25961
0.24772
0.29567
0.32280
0.34264
0.24856
0.28936
0.18364
0.29440
0.31017
0.12605
0.25440
0.19221
0.22860
0.26624
0.25219
0.25107
0.23569
0.25060
0.24932
0.23260
0.25563
0.34586
0.27649
0.24760
0.19636
0.30510
0.24910
0.24648
0.17851
0.32941
0.28698
0.32133
0.25261
0.24780
0.27247
0.25754
0.23476
0.26250
0.16580
0.31545
0.26544
0.33864
0.29373
0.30294
0.34721
0.27976
0.24385
0.27461
0.13862
0.18943
0.26873
0.20975
0.29443
0.31994
0.26231
0.31509
0.37503
0.30529
0.33348
0.27496
0.31364
0.28194
0.35871
0.23302
0.27998
0.31918
0.32608
0.28110
0.33222
0.38164
0.23588
0.23996
0.31291
0.24242
0.31992
0.32873
0.23332
0.22953
0.34414
0.22581
0.26203
0.31988
0.26987
0.24147
0.22340
0.26398
0.29123
0.29099
0.30156
0.28672
0.24557
0.29461
0.27085
0.29326
0.25619
0.27264
0.12803
0.32747
0.30604
0.35990
0.27930
0.29224
0.39762
0.40405
0.27203
0.18636
0.28465
0.38029
0.28563
0.19617
0.28648
0.32927
0.25140
0.22442
0.32330
0.23321
0.26207
0.21574
0.31097
0.35467
0.39782
0.27505
0.29153
0.26429
0.38146
0.29434
0.29366
0.28168
0.32261
0.27044
0.18899
0.32313
0.44055
0.26378
0.39451
0.41169
0.19185
0.27034
0.33363
0.31037
0.29694
0.24237
0.26283
0.20835
0.28284
0.29017
0.24860
0.30532
0.35308
0.25976
0.25732
0.25917
0.20120
0.23986
0.39080
0.24266
0.12208
0.34307
0.14338
0.18301
0.39568
0.19753
0.25498
0.21177
0.26621
0.23417
0.43431
0.19759
0.32934
0.37920
0.24340
0.24314
0.23789
0.23814
0.17965
0.34471
0.20049
0.38119
0.34488
0.24166
0.23330
0.21674
0.32574
0.27113
0.21858
0.34537
0.40397
0.29662
0.26652
0.35245
0.36407
0.18931
0.25893
0.28298
0.38508
0.21310
0.23274
0.24591
0.35483
0.25380
0.23306
0.24730
0.30978
0.37657
0.18689
0.27440
0.32091
0.28907
0.26999
0.24166
0.37028
0.26942
0.28035
0.26752
0.29184
0.31875
0.25449
0.28888
0.24508
0.32537
0.23472
0.21818
0.31565
0.26898
0.22378
0.26876
0.21644
0.32989
0.21980
0.04806
0.16991
0.18471
0.17349
0.29461
0.21125
0.23819
0.34804
0.17170
0.04494
0.16842
0.02215
0.30081
0.24449
0.18197
0.24660
0.07114
0.15126
0.15614
0.22288
0.07352
0.09097
0.21232
0.29147
0.23858
0.21555
0.25958
0.09352
0.32730
0.24751
0.04976
0.07976
0.09045
0.27218
0.19672
0.23184
0.22127
0.30640
0.04586
0.04333
0.04741
0.08231
0.28261
0.14175
0.15549
0.20071
0.30189
0.10671
0.28810
0.21154
0.08407
0.27496
0.05038
0.04866
0.28350
0.18782
0.26192
0.08832
0.06129
0.20993
0.20305
0.28299
0.24656
0.04211
0.05200
0.16674
0.21170
0.23597
0.11650
0.06161
0.17692
0.18407
0.11941
0.25188
0.28090
0.11912
0.10229
0.21146
0.09038
0.04849
0.26975
0.19339
0.20313
0.26401
0.22080
0.20399
0.31960
0.22878
0.23283
0.18521
0.22037
0.18891
0.02731
0.24354
0.10004
0.06754
0.19532
0.23842
0.27147
0.25342
0.04359
0.12002
0.12879
0.21059
0.28346
0.29667
0.08546
0.21362
0.28998
0.15485
0.27698
0.07033
0.02807
0.03320
0.17509
0.03442
0.08632
0.25360
0.28376
0.12963
0.06141
0.02319
0.05686
0.02273
0.29746
