0.11222
0.11354
0.08487
0.26741
0.09555
0.13306
0.23778
0.18454
0.13810
0.05783
0.18241
0.12289
0.15303
0.11805
0.11541
0.24350
0.15853
0.13994
0.08669
0.14304
0.30612
0.10995
0.16961
0.05832
0.23920
0.17659
0.10732
0.24992
0.06856
0.17846
0.17798
0.21803
0.14067
0.11118
0.09351
0.09450
0.16149
0.10440
0.12794
0.15927
0.25908
0.27705
0.10028
0.15656
0.29805
0.18921
0.18637
0.22799
0.19217
0.12399
0.10722
0.15030
0.13400
0.29289
0.09697
0.23984
0.14713
0.15318
0.16800
0.08766
0.26805
0.28203
0.14099
0.24549
0.28809
0.31277
0.05363
0.16110
0.10369
0.03956
0.15733
0.31911
0.29855
0.20147
0.23420
0.12530
0.08405
0.02970
0.19890
0.17814
0.32072
0.19283
0.32845
0.26401
0.21076
0.34729
0.09742
0.07998
0.12755
0.21650
0.33612
0.16803
0.10356
0.20536
0.07409
0.14020
0.21338
0.22350
0.20523
0.16755
0.09365
0.16045
0.12481
0.12047
0.24306
0.30181
0.16870
0.16077
0.17556
0.29245
0.03975
0.25902
0.05540
0.21080
0.11211
0.17462
0.27648
0.06459
0.08132
0.21521
0.22338
0.07521
0.29569
0.02931
0.10616
0.12925
0.31116
0.24715
0.14252
0.25907
0.09355
0.17361
0.25952
0.37744
0.10849
0.14912
0.08900
0.29300
0.28288
0.05511
0.15672
0.03084
0.30400
0.13529
0.15607
0.27981
0.09885
0.35238
0.16324
0.08716
0.16589
0.27664
0.13298
0.31445
0.29230
0.34307
0.07639
0.19427
0.14269
0.19371
0.23429
0.25547
0.27235
0.30496
0.09615
0.08747
0.27913
0.26121
0.06528
0.22979
0.06318
0.23759
0.18322
0.03226
0.11616
0.22293
0.07120
0.09023
0.15497
0.27565
0.09072
0.10501
0.20385
0.16311
0.08754
0.15488
0.20950
0.26705
0.25106
0.16719
0.12437
0.06593
0.04933
0.13331
0.12725
0.24846
0.19673
0.15609
0.09189
0.27330
0.20123
0.09657
0.21126
0.14827
0.04039
0.21794
0.10115
0.20326
0.26301
0.07758
0.24632
0.23540
0.11132
0.26636
0.25116
0.25356
0.13711
0.26467
0.21899
0.35455
0.10308
0.19700
0.11290
0.08392
0.08583
0.05738
0.14387
0.15840
0.15360
0.07542
0.25863
0.11031
0.22802
0.14242
0.08239
0.20735
0.12050
0.03586
0.09901
0.24555
0.09197
0.28004
0.09773
0.11897
0.17734
0.22734
0.11328
0.04791
0.12705
0.09839
0.10763
0.11137
0.11439
0.22046
0.13586
0.15653
0.19552
0.10288
0.06758
0.12668
0.19829
0.16123
0.19870
0.17765
0.14011
0.20899
0.29467
0.09608
0.11640
0.07252
0.11776
0.12484
0.07635
0.05495
0.34730
0.18155
0.07402
0.16432
0.15920
0.06591
0.17438
0.34624
0.13604
0.11814
0.31889
0.12609
0.21090
0.18154
0.15780
0.12229
0.10320
0.11011
0.21008
0.24285
0.17068
0.10144
0.19444
0.18809
0.18749
0.14569
0.34812
0.27574
0.28391
0.15735
0.11876
0.31098
0.29101
0.32871
0.04562
0.27631
0.11267
0.24908
0.15050
0.09905
0.14537
0.11633
0.10509
0.20013
0.23300
0.07421
0.07515
0.04794
0.29701
0.18636
0.25819
0.12290
0.21365
0.24118
0.13510
0.10978
0.24892
0.27779
0.35497
0.23827
0.32174
0.21488
0.24964
0.29410
0.28677
0.25799
0.05709
0.08215
0.14865
0.22731
0.08192
0.05982
0.23197
0.12012
0.22772
0.15520
0.17995
0.11476
0.29392
0.26851
0.25164
0.17254
0.29703
0.13620
0.13984
0.31782
0.04970
0.23134
0.06611
0.08734
0.20403
0.08001
0.25322
0.34607
0.04356
0.08259
0.15269
0.26074
0.11146
0.04941
0.08660
0.07371
0.08096
0.10399
0.22165
0.08884
0.29366
0.17031
0.17673
0.08971
0.21660
0.27708
0.18343
0.25336
0.34238
0.20265
0.25890
0.28761
0.27684
0.28747
0.28316
0.20969
0.32982
0.24968
0.24069
0.23424
0.21178
0.29168
0.19511
0.35848
0.31177
0.26897
0.23086
0.25620
0.24699
0.35754
0.25271
0.20849
0.28073
0.32685
0.23997
0.25401
0.29627
0.27749
0.24958
0.25535
0.26805
0.28864
0.25702
0.22448
0.33731
0.24762
0.26252
0.29867
0.19843
0.30991
0.33491
0.27618
0.29068
0.28689
0.23763
0.24418
0.26642
0.31707
0.19763
0.26753
0.30871
0.24234
0.26163
0.28658
0.18027
0.28632
0.25142
0.27055
0.28744
0.28065
0.26321
0.17227
0.27357
0.33944
0.12472
0.27091
0.21588
0.17512
0.16077
0.37833
0.31034
0.30036
0.18455
0.33885
0.26973
0.27508
0.34474
0.29077
0.27665
0.28496
0.25953
0.26915
0.18992
0.35776
0.28954
0.23101
0.18312
0.33126
0.20526
0.26176
0.28522
0.23023
0.33656
0.30383
0.18481
0.31107
0.29721
0.17722
0.20361
0.27479
0.18747
0.22262
0.16631
0.32410
0.33897
0.26676
0.25228
0.24978
0.27032
0.21945
0.29159
0.26584
0.26409
0.23934
0.28521
0.24576
0.19354
0.18166
0.35150
0.27311
0.18207
0.32097
0.29944
0.24990
0.35804
0.28870
0.21518
0.25798
0.19155
0.29617
0.30480
0.25690
0.28786
0.22606
0.17852
0.29864
0.24065
0.29153
0.18239
0.26549
0.30063
0.28389
0.20446
0.23767
0.29973
0.20688
0.27343
0.20130
0.22939
0.24882
0.21956
0.18901
0.31202
0.30568
0.30758
0.23303
0.21053
0.31860
0.22432
0.19925
0.20732
0.27134
0.31933
0.17350
0.18862
0.28838
0.25120
0.21114
0.15514
0.21822
0.25250
0.21301
0.24282
0.25863
0.30565
0.17797
0.22811
0.27957
0.25876
0.17325
0.28681
0.26864
0.24839
0.37399
0.19257
0.32467
0.20375
0.35049
0.27965
0.25355
0.27965
0.26980
0.25142
0.19085
0.30930
0.30329
0.25445
0.27689
0.25883
0.33247
0.22958
0.26681
0.22616
0.34365
0.23231
0.27724
0.22193
0.24731
0.29081
0.27803
0.21857
0.23441
0.25470
0.30392
0.22505
0.31030
0.21604
0.25381
0.26191
0.26433
0.29590
0.14455
0.21018
0.29416
0.32101
0.22748
0.24219
0.28610
0.25283
0.28586
0.21043
0.28801
0.27883
0.24715
0.25551
0.15688
0.26203
0.28697
0.26404
0.27315
0.23357
0.30991
0.29163
0.18484
0.20568
0.29264
0.28660
0.26138
0.27266
0.25517
0.32890
0.32882
0.16858
0.23077
0.29396
0.27024
0.25687
0.28855
0.33612
0.24384
0.23294
0.21762
0.24844
0.26950
0.33808
0.30178
0.29809
0.26645
0.23135
0.25678
0.28504
0.28162
0.18512
0.31140
0.23388
0.23821
0.31988
0.30177
0.27463
0.23307
0.26129
0.27095
0.32104
0.33828
0.27506
0.23231
0.19567
0.30854
0.31426
0.13956
0.24947
0.21441
0.24955
0.24036
0.23302
0.27173
0.25906
0.27803
0.18424
0.20910
0.22868
0.31768
0.26738
0.25304
0.19715
0.25944
0.25901
0.21052
0.23792
0.29759
0.25729
0.31308
0.26423
0.23194
0.26845
0.24825
0.24559
0.28617
0.19787
0.32246
0.24155
0.33978
0.24853
0.29038
0.34313
0.28277
0.24056
0.29759
0.20233
0.22849
0.25407
0.20713
0.28429
0.29920
0.29715
0.32900
0.35714
0.28943
0.31598
0.27856
0.27978
0.29062
0.32824
0.23831
0.27839
0.32447
0.29418
0.27556
0.32745
0.38076
0.21646
0.22974
0.34796
0.25137
0.29047
0.33391
0.24956
0.24537
0.34785
0.22945
0.24306
0.26401
0.27488
0.25917
0.23235
0.26788
0.26089
0.26406
0.30905
0.30379
0.24765
0.28058
0.29096
0.29905
0.26428
0.29323
0.12954
0.32347
0.31586
0.34346
0.29125
0.30858
0.38125
0.41110
0.28492
0.19726
0.25814
0.37092
0.29429
0.21261
0.28809
0.33045
0.24129
0.25819
0.32506
0.24208
0.25785
0.25031
0.34092
0.37237
0.42588
0.28089
0.27652
0.28098
0.38876
0.30275
0.31542
0.30623
0.33814
0.26499
0.18078
0.30244
0.44539
0.25740
0.39938
0.39861
0.21562
0.28098
0.32670
0.29119
0.29478
0.24792
0.26927
0.22181
0.28333
0.29448
0.28443
0.29526
0.36204
0.28857
0.27793
0.23892
0.20285
0.24254
0.40195
0.24142
0.14400
0.34441
0.16354
0.18749
0.40457
0.17617
0.25600
0.24533
0.25566
0.23390
0.42659
0.20111
0.32959
0.37363
0.22942
0.24417
0.21745
0.25853
0.20986
0.34441
0.17486
0.37106
0.34122
0.22922
0.24327
0.22926
0.33653
0.30011
0.20930
0.32841
0.42028
0.33043
0.29552
0.36006
0.36775
0.20934
0.27674
0.28069
0.38906
0.20253
0.23173
0.25010
0.34558
0.27024
0.25472
0.24094
0.34964
0.36064
0.26435
0.29561
0.34762
0.29010
0.27195
0.25632
0.37181
0.29962
0.29125
0.27895
0.28678
0.32778
0.27695
0.28658
0.23853
0.33458
0.26177
0.24559
0.32727
0.30258
0.23397
0.25133
0.17223
0.33993
0.22029
0.09339
0.12611
0.22345
0.21507
0.23580
0.20605
0.25397
0.30385
0.20056
0.14552
0.13544
0.06576
0.27633
0.22797
0.15658
0.26370
0.04950
0.15613
0.18672
0.18323
0.08404
0.14844
0.23638
0.28958
0.15171
0.20824
0.24071
0.04696
0.27774
0.23978
0.03058
0.08655
0.07517
0.23060
0.13328
0.25483
0.22224
0.30703
0.08675
0.04903
0.05056
0.11087
0.25640
0.14191
0.10966
0.12440
0.28352
0.16965
0.22632
0.21345
0.09661
0.27965
0.04533
0.02158
0.23762
0.19307
0.29383
0.09908
0.09663
0.18738
0.20162
0.32501
0.26451
0.02456
0.05601
0.13576
0.19601
0.16442
0.19231
0.11103
0.14940
0.18470
0.10957
0.27026
0.27991
0.09173
0.21516
0.17622
0.03423
0.05798
0.18361
0.10725
0.20564
0.19717
0.26560
0.20722
0.32643
0.17357
0.17238
0.14723
0.26127
0.19912
0.06180
0.25716
0.07879
0.10603
0.19343
0.21935
0.23794
0.17949
0.04503
0.11876
0.11336
0.20555
0.21497
0.28358
0.07768
0.22358
0.28384
0.15659
0.25173
0.12046
0.02801
0.08598
0.14824
0.05046
0.09072
0.26679
0.22999
0.11525
0.09696
0.06685
0.07545
0.09760
0.20737
