0.09431
0.09147
0.05629
0.23192
0.09255
0.13865
0.24677
0.14873
0.17324
0.09426
0.13458
0.12769
0.15114
0.11382
0.08430
0.23201
0.12316
0.11815
0.08830
0.15728
0.32352
0.17669
0.13423
0.04472
0.16607
0.12527
0.13259
0.24764
0.09956
0.13662
0.13974
0.24933
0.15637
0.09768
0.09285
0.10315
0.13934
0.09654
0.14669
0.15752
0.28867
0.26268
0.12282
0.12561
0.26724
0.24273
0.14153
0.24762
0.17793
0.13179
0.09174
0.16111
0.13254
0.26022
0.10086
0.22593
0.22312
0.12105
0.10745
0.10658
0.24875
0.28645
0.12519
0.21309
0.26496
0.29137
0.06893
0.18700
0.13354
0.05552
0.12097
0.27488
0.30205
0.21013
0.24431
0.14131
0.08242
0.02263
0.21546
0.15108
0.32205
0.21960
0.29893
0.27221
0.28490
0.33602
0.12643
0.10428
0.13748
0.23993
0.33586
0.15332
0.11449
0.24837
0.05747
0.15244
0.21878
0.18349
0.19679
0.14123
0.08909
0.18118
0.13995
0.11636
0.21862
0.30723
0.19654
0.21035
0.18201
0.28778
0.06763
0.23940
0.06062
0.22150
0.12562
0.18423
0.26244
0.06007
0.07244
0.17608
0.25878
0.07699
0.28002
0.04593
0.07399
0.17368
0.29251
0.24542
0.17842
0.24656
0.09936
0.11251
0.27054
0.33588
0.11401
0.13337
0.07654
0.28196
0.26579
0.05524
0.15671
0.03964
0.24921
0.22837
0.15664
0.26354
0.09288
0.32500
0.20247
0.08693
0.21144
0.22622
0.13267
0.28487
0.31896
0.31515
0.11215
0.13077
0.15075
0.19243
0.25361
0.26911
0.25428
0.32995
0.09638
0.10971
0.28669
0.26130
0.08209
0.24666
0.05749
0.21680
0.23963
0.04374
0.12105
0.19435
0.10978
0.09157
0.17719
0.25733
0.05777
0.10602
0.24752
0.15661
0.12654
0.16183
0.20842
0.25440
0.24161
0.17437
0.12473
0.05405
0.04877
0.14019
0.16924
0.22542
0.22450
0.15678
0.11041
0.24330
0.20068
0.09298
0.18576
0.13138
0.08615
0.23261
0.09816
0.20812
0.24521
0.08605
0.24987
0.19965
0.10417
0.22536
0.22882
0.24264
0.13128
0.22273
0.23928
0.32800
0.10368
0.21695
0.12655
0.08215
0.07455
0.05100
0.11904
0.25826
0.13471
0.08703
0.25276
0.14451
0.21769
0.12431
0.05062
0.27660
0.11017
0.04951
0.11865
0.25725
0.06664
0.30626
0.11152
0.10182
0.16807
0.18112
0.13156
0.06972
0.12761
0.10357
0.09847
0.12322
0.09370
0.25591
0.16523
0.19633
0.18611
0.08602
0.08544
0.14874
0.20221
0.15344
0.22147
0.17868
0.11978
0.24436
0.30670
0.09305
0.18561
0.09191
0.09020
0.13277
0.05602
0.04941
0.35687
0.13449
0.09097
0.19194
0.15051
0.06663
0.11339
0.33014
0.13816
0.06442
0.29664
0.13356
0.18559
0.19618
0.17684
0.17748
0.09106
0.08476
0.16878
0.21384
0.19187
0.10850
0.18290
0.15960
0.17498
0.16172
0.35887
0.27016
0.24653
0.13489
0.10468
0.29496
0.29333
0.35071
0.04521
0.24320
0.10409
0.28961
0.12079
0.08946
0.10715
0.09921
0.10441
0.19886
0.19577
0.06217
0.09335
0.05689
0.22519
0.16782
0.25357
0.16651
0.19145
0.24569
0.15813
0.03956
0.28998
0.27841
0.32795
0.23288
0.30205
0.20503
0.23614
0.27966
0.26810
0.25993
0.06366
0.11314
0.13825
0.22928
0.04315
0.05327
0.19595
0.16269
0.21496
0.11746
0.17781
0.15668
0.25118
0.24308
0.24428
0.20548
0.26574
0.11444
0.16316
0.32461
0.05319
0.21664
0.05022
0.08232
0.18319
0.05535
0.25367
0.31682
0.12861
0.09235
0.15014
0.23836
0.12998
0.05342
0.07972
0.10628
0.06859
0.10364
0.19651
0.06791
0.29641
0.14369
0.19052
0.10101
0.14547
0.28577
0.20325
0.28439
0.32846
0.20380
0.24686
0.31268
0.29348
0.32539
0.28235
0.26672
0.31821
0.25292
0.22182
0.25933
0.19976
0.29817
0.17643
0.34363
0.28995
0.23540
0.25472
0.23638
0.26141
0.34439
0.29345
0.27211
0.28730
0.31407
0.22668
0.27349
0.29881
0.24805
0.22498
0.25595
0.30857
0.29876
0.27799
0.23258
0.34685
0.28187
0.27527
0.31830
0.19137
0.28202
0.31531
0.27589
0.31944
0.31368
0.29723
0.21916
0.29845
0.32273
0.24028
0.30038
0.29951
0.26871
0.29547
0.30842
0.15264
0.31398
0.25502
0.25605
0.28427
0.27122
0.27727
0.14573
0.26167
0.33567
0.09473
0.26101
0.20631
0.22477
0.14914
0.35546
0.29437
0.29643
0.16193
0.33331
0.25189
0.24845
0.33799
0.28128
0.31547
0.28048
0.24832
0.25916
0.17448
0.33909
0.29431
0.25198
0.17717
0.32277
0.17556
0.25394
0.28152
0.26911
0.32802
0.29754
0.18871
0.29461
0.28381
0.14911
0.20442
0.29343
0.15623
0.16506
0.15918
0.28198
0.31102
0.28724
0.27401
0.24134
0.32244
0.19406
0.30266
0.28590
0.29999
0.19434
0.28553
0.29518
0.17655
0.14526
0.33522
0.26504
0.19390
0.29643
0.29975
0.24222
0.34199
0.28733
0.22194
0.28234
0.18256
0.28709
0.29339
0.28343
0.25673
0.23878
0.16075
0.29962
0.19811
0.31110
0.19341
0.27575
0.31914
0.28045
0.15135
0.22516
0.28216
0.20340
0.29607
0.16063
0.21423
0.20464
0.20627
0.23912
0.30030
0.30099
0.30911
0.25342
0.23342
0.31103
0.20117
0.23878
0.22664
0.26378
0.29043
0.15096
0.17448
0.26385
0.29427
0.22443
0.14983
0.18793
0.24315
0.24506
0.23816
0.24887
0.32328
0.15513
0.26708
0.24992
0.27837
0.18215
0.30156
0.26565
0.24223
0.36269
0.18486
0.29393
0.20094
0.32257
0.30814
0.25458
0.26641
0.29326
0.25816
0.17471
0.30505
0.25906
0.28811
0.25579
0.26603
0.30189
0.21933
0.23025
0.23016
0.33403
0.22821
0.29947
0.21117
0.26670
0.27748
0.25867
0.20816
0.23668
0.23481
0.28664
0.19889
0.29487
0.20993
0.28621
0.28860
0.25675
0.25635
0.15533
0.23588
0.29858
0.31563
0.28582
0.30130
0.29889
0.23469
0.25612
0.25992
0.27834
0.29117
0.29587
0.22914
0.17666
0.30639
0.29717
0.24732
0.29304
0.21322
0.31699
0.28808
0.22432
0.19351
0.27723
0.29162
0.31303
0.28656
0.25114
0.33213
0.33148
0.13802
0.22271
0.29016
0.28614
0.29358
0.29027
0.31876
0.20552
0.20609
0.17752
0.26740
0.29744
0.34013
0.28215
0.27891
0.29712
0.20798
0.23553
0.28495
0.25177
0.17179
0.31578
0.22536
0.21105
0.32554
0.30131
0.28281
0.20560
0.24760
0.27730
0.33367
0.33415
0.23385
0.25715
0.18076
0.32286
0.25973
0.13480
0.27097
0.16898
0.27196
0.28668
0.20213
0.29859
0.20502
0.28477
0.18901
0.22718
0.25020
0.32358
0.30790
0.27870
0.18269
0.25449
0.24765
0.23787
0.21860
0.29577
0.26413
0.32828
0.25652
0.27177
0.30005
0.26847
0.27333
0.26011
0.18099
0.32392
0.25573
0.32332
0.23652
0.25354
0.33363
0.25687
0.28011
0.31312
0.16249
0.22525
0.29850
0.23387
0.31558
0.29505
0.31598
0.32271
0.35506
0.27136
0.30796
0.23486
0.29373
0.25890
0.33810
0.27201
0.27312
0.30492
0.29948
0.30546
0.31024
0.37728
0.20349
0.25407
0.28918
0.22947
0.31009
0.31104
0.22485
0.26806
0.33131
0.22286
0.29949
0.26327
0.30071
0.27531
0.27581
0.27276
0.23986
0.26374
0.32267
0.29303
0.26142
0.30885
0.26400
0.30718
0.29036
0.26779
0.12068
0.27825
0.32247
0.33104
0.32171
0.28632
0.39318
0.40054
0.28881
0.12689
0.31918
0.37273
0.27411
0.17652
0.30778
0.31996
0.22396
0.25969
0.29852
0.26854
0.21310
0.25801
0.33250
0.31516
0.36671
0.26352
0.31760
0.27291
0.38647
0.22193
0.28717
0.30620
0.32691
0.29412
0.16863
0.31241
0.43216
0.21095
0.39577
0.39780
0.16807
0.30091
0.35533
0.32187
0.26290
0.27250
0.29067
0.23248
0.26908
0.30289
0.25492
0.25537
0.37215
0.29490
0.29474
0.21491
0.24287
0.26338
0.40242
0.17111
0.08245
0.32396
0.09968
0.17998
0.39735
0.10893
0.21432
0.18194
0.29246
0.20522
0.43472
0.15946
0.34057
0.38647
0.24991
0.16978
0.27732
0.21574
0.16463
0.36058
0.14618
0.35745
0.33611
0.29799
0.24053
0.25635
0.32315
0.26058
0.16671
0.30780
0.41029
0.30178
0.28131
0.36983
0.37633
0.24183
0.22927
0.28318
0.38838
0.14154
0.19893
0.22844
0.33835
0.28527
0.24276
0.28228
0.28643
0.33843
0.19758
0.30008
0.34197
0.26098
0.29617
0.24321
0.36624
0.30111
0.24199
0.29572
0.30107
0.31981
0.25574
0.31245
0.22461
0.33155
0.24299
0.26560
0.32620
0.28771
0.24427
0.29794
0.18343
0.27129
0.19627
0.07270
0.09910
0.16316
0.25605
0.29012
0.19618
0.27070
0.35266
0.20734
0.04110
0.11195
0.08450
0.30042
0.25879
0.19866
0.28222
0.05609
0.13455
0.14337
0.20813
0.12703
0.14054
0.26983
0.30265
0.21180
0.21031
0.29242
0.06394
0.31599
0.21043
0.05846
0.09745
0.11188
0.29476
0.14493
0.25847
0.22772
0.27990
0.05535
0.06837
0.14324
0.08561
0.26509
0.09686
0.11840
0.12353
0.27143
0.15586
0.23094
0.21147
0.04913
0.29154
0.05405
0.06538
0.22269
0.19684
0.30726
0.09893
0.06573
0.21718
0.21650
0.28373
0.25292
0.05947
0.03595
0.18144
0.21138
0.19256
0.22153
0.13621
0.27361
0.21227
0.13464
0.28201
0.28346
0.11291
0.11297
0.13973
0.04384
0.04458
0.20266
0.10248
0.19741
0.21754
0.28888
0.19100
0.33732
0.21353
0.25226
0.13792
0.19152
0.22320
0.03125
0.23913
0.09939
0.05726
0.22891
0.22788
0.27758
0.26240
0.05754
0.07278
0.17684
0.17689
0.25493
0.19417
0.13902
0.23110
0.32789
0.13999
0.23229
0.10539
0.05269
0.04335
0.14460
0.10294
0.13742
0.24690
0.29319
0.08685
0.12715
0.00686
0.11943
0.11063
0.27591
