0.09280
0.12387
0.05724
0.21353
0.10183
0.14340
0.23201
0.14370
0.14606
0.10697
0.21534
0.13181
0.14692
0.13025
0.10112
0.20873
0.16709
0.10855
0.06061
0.12839
0.26812
0.10383
0.15715
0.04809
0.23296
0.14277
0.13749
0.25224
0.07137
0.16004
0.15966
0.24115
0.13476
0.10264
0.08593
0.09633
0.15673
0.07344
0.15216
0.13993
0.29081
0.26619
0.13401
0.10082
0.28665
0.20534
0.16310
0.23431
0.16310
0.13867
0.09959
0.08780
0.14945
0.27002
0.08801
0.25496
0.14894
0.13309
0.14721
0.07733
0.26728
0.28142
0.11753
0.17563
0.28119
0.32468
0.03767
0.15256
0.07388
0.03721
0.13555
0.32589
0.28101
0.16132
0.28672
0.08713
0.07590
0.04213
0.18769
0.15935
0.29737
0.19456
0.31739
0.27322
0.23128
0.35837
0.10221
0.11468
0.12548
0.25897
0.32273
0.18076
0.06586
0.27977
0.10749
0.12723
0.19784
0.23595
0.21080
0.14441
0.09705
0.19075
0.10887
0.11952
0.24459
0.28513
0.13029
0.14636
0.14386
0.29132
0.02793
0.26663
0.07108
0.25639
0.15421
0.14567
0.26605
0.08839
0.05730
0.19614
0.23836
0.05149
0.30232
0.00930
0.06828
0.14878
0.30485
0.27574
0.13879
0.26519
0.11119
0.10750
0.28836
0.36679
0.09365
0.08174
0.07232
0.28984
0.26360
0.04780
0.12987
0.04054
0.29126
0.16621
0.09846
0.24991
0.09466
0.35454
0.16915
0.09244
0.16092
0.22698
0.11107
0.29732
0.28939
0.34873
0.12088
0.18954
0.15351
0.17898
0.22401
0.24618
0.29013
0.32210
0.09000
0.11425
0.26134
0.24473
0.06411
0.22138
0.04552
0.22288
0.23635
0.02104
0.08745
0.21860
0.08121
0.04251
0.17810
0.26223
0.09172
0.09869
0.23813
0.13443
0.09882
0.16959
0.22213
0.23838
0.26140
0.18932
0.10889
0.05167
0.05138
0.13805
0.14262
0.21030
0.20624
0.16693
0.05545
0.28852
0.21819
0.07279
0.19172
0.14382
0.06067
0.19673
0.07289
0.20645
0.24693
0.09946
0.23723
0.23561
0.07309
0.26537
0.27764
0.25865
0.12464
0.23193
0.20037
0.35633
0.10767
0.18910
0.10202
0.05476
0.09007
0.04000
0.18160
0.18612
0.12621
0.04910
0.27599
0.08553
0.21180
0.11431
0.03540
0.22525
0.10208
0.02857
0.10337
0.29053
0.05131
0.28376
0.07453
0.10482
0.14762
0.21221
0.10916
0.05241
0.10005
0.09905
0.10857
0.11740
0.11120
0.24652
0.12805
0.15458
0.17558
0.08009
0.06785
0.12960
0.21168
0.15575
0.22252
0.17159
0.15047
0.25467
0.27034
0.09237
0.17505
0.07219
0.08493
0.12003
0.07506
0.02990
0.36501
0.18899
0.07132
0.21421
0.13051
0.06856
0.16693
0.33180
0.12464
0.06454
0.30899
0.11317
0.22681
0.16503
0.16754
0.13110
0.11385
0.04898
0.18774
0.21263
0.15457
0.09657
0.17571
0.14484
0.16519
0.13830
0.31154
0.27548
0.25960
0.13634
0.11391
0.30603
0.30834
0.29376
0.01750
0.26923
0.10882
0.25747
0.13462
0.07968
0.13009
0.09584
0.08809
0.19126
0.22082
0.08685
0.06825
0.06688
0.27401
0.12506
0.22041
0.15973
0.22313
0.21377
0.14376
0.03909
0.23127
0.25064
0.34372
0.25819
0.30994
0.24854
0.23049
0.27415
0.28524
0.25886
0.05409
0.05978
0.10750
0.22203
0.05584
0.05905
0.17382
0.09689
0.20686
0.13747
0.15984
0.10494
0.27321
0.27724
0.22774
0.20759
0.30955
0.14106
0.14655
0.33051
0.04644
0.19348
0.06519
0.10459
0.18894
0.04313
0.25723
0.31691
0.08164
0.10281
0.15334
0.24835
0.11109
0.04757
0.05603
0.05159
0.05397
0.07230
0.19147
0.07089
0.29631
0.12885
0.17485
0.08019
0.20352
0.28630
0.21766
0.27106
0.35449
0.18811
0.26957
0.31271
0.28719
0.31157
0.27248
0.24753
0.36279
0.22412
0.25999
0.26400
0.23319
0.31243
0.19459
0.35349
0.31802
0.26041
0.22654
0.24477
0.23677
0.35457
0.29043
0.25108
0.28080
0.31752
0.20038
0.25846
0.30761
0.27867
0.25228
0.25398
0.31461
0.30147
0.23460
0.21838
0.33855
0.23121
0.24551
0.31506
0.17341
0.30359
0.33729
0.30363
0.28036
0.30749
0.28459
0.24591
0.27019
0.32411
0.20459
0.28484
0.31101
0.23055
0.30024
0.31011
0.20592
0.30065
0.26180
0.27990
0.31209
0.28262
0.27524
0.17070
0.28875
0.36722
0.14652
0.28510
0.20526
0.17624
0.20276
0.37015
0.31797
0.31560
0.18488
0.35353
0.27330
0.29633
0.36411
0.30926
0.27849
0.28873
0.23775
0.27893
0.20326
0.34967
0.29203
0.24022
0.18537
0.33618
0.20585
0.27303
0.28512
0.26199
0.34569
0.31230
0.19544
0.31009
0.30607
0.19576
0.20732
0.28702
0.20540
0.18787
0.15561
0.28820
0.35688
0.26605
0.25816
0.24425
0.31999
0.21591
0.29040
0.24659
0.29265
0.22145
0.28086
0.27590
0.22303
0.18090
0.35233
0.27241
0.20151
0.30674
0.30814
0.27591
0.37657
0.28153
0.22701
0.25093
0.22338
0.28864
0.31883
0.30211
0.29389
0.23633
0.16324
0.29390
0.21882
0.29170
0.20776
0.26218
0.30661
0.24914
0.20308
0.24757
0.29832
0.22383
0.28377
0.19822
0.25328
0.24166
0.23487
0.20596
0.30577
0.31016
0.31474
0.21239
0.19924
0.31200
0.21547
0.22190
0.20463
0.28636
0.31534
0.17996
0.19858
0.28285
0.28020
0.18391
0.17131
0.24180
0.27519
0.20443
0.24916
0.24912
0.30405
0.18847
0.25674
0.28189
0.28488
0.17796
0.30620
0.28712
0.26739
0.37723
0.20704
0.31097
0.21816
0.35329
0.29183
0.25180
0.28243
0.30307
0.27459
0.21183
0.33022
0.27926
0.27362
0.26455
0.24684
0.34189
0.23685
0.27251
0.23828
0.34575
0.24000
0.27571
0.22292
0.27330
0.28792
0.27371
0.21487
0.22692
0.23379
0.30577
0.21061
0.31807
0.23640
0.26396
0.27680
0.27130
0.27962
0.16115
0.22003
0.32117
0.32048
0.25847
0.30551
0.29585
0.28183
0.26859
0.20936
0.30202
0.26806
0.24108
0.23855
0.18731
0.28162
0.29699
0.26632
0.26216
0.21873
0.32177
0.27920
0.19125
0.18063
0.27437
0.28889
0.27905
0.27054
0.26153
0.35419
0.34425
0.15583
0.21186
0.31087
0.28273
0.30076
0.31176
0.32709
0.21413
0.21057
0.20299
0.26441
0.29060
0.34773
0.29062
0.30349
0.29494
0.23459
0.25767
0.27599
0.27360
0.18533
0.32471
0.20969
0.24457
0.35150
0.31060
0.26108
0.24618
0.24701
0.28312
0.33209
0.32552
0.25626
0.26228
0.21487
0.30463
0.30322
0.13646
0.24894
0.20091
0.25536
0.27881
0.23633
0.26388
0.24064
0.25684
0.23408
0.22997
0.23918
0.33716
0.26818
0.26935
0.20400
0.26755
0.25714
0.22255
0.21118
0.34153
0.28416
0.34585
0.27198
0.24027
0.29099
0.25307
0.22370
0.27506
0.17039
0.30330
0.26075
0.31095
0.26414
0.31075
0.34824
0.28335
0.24939
0.28319
0.19800
0.20208
0.28806
0.21505
0.29709
0.28317
0.28299
0.30384
0.38104
0.28542
0.31018
0.28367
0.30692
0.29488
0.34886
0.27839
0.28136
0.32113
0.31038
0.28290
0.31815
0.37744
0.21351
0.23929
0.33627
0.24901
0.30787
0.32788
0.24146
0.24457
0.33544
0.23699
0.28710
0.29605
0.27232
0.25376
0.26719
0.26559
0.28154
0.28685
0.32364
0.31003
0.24697
0.29396
0.28472
0.28759
0.28041
0.29129
0.13965
0.29567
0.31914
0.36704
0.31658
0.31897
0.39320
0.39920
0.26319
0.18850
0.30781
0.39480
0.29293
0.21570
0.32542
0.35068
0.25678
0.23817
0.32190
0.23161
0.28779
0.23729
0.34933
0.37250
0.43376
0.29174
0.32022
0.25515
0.42257
0.30745
0.31475
0.31491
0.33653
0.29760
0.20394
0.31447
0.47567
0.24480
0.41458
0.40042
0.21651
0.28514
0.37344
0.30878
0.28952
0.22475
0.26835
0.21149
0.29229
0.28616
0.31796
0.29950
0.37490
0.27865
0.27115
0.26020
0.22551
0.24707
0.39011
0.25083
0.14817
0.31633
0.14606
0.20290
0.41187
0.17202
0.21484
0.21361
0.25088
0.26297
0.45122
0.20867
0.33895
0.40482
0.24824
0.20046
0.23916
0.26209
0.23196
0.34854
0.19620
0.36665
0.35075
0.24617
0.25795
0.22456
0.35548
0.28862
0.22363
0.34326
0.44002
0.33169
0.30785
0.36930
0.36143
0.21034
0.29645
0.27868
0.39154
0.22127
0.24863
0.22940
0.32062
0.26747
0.25537
0.28050
0.29315
0.36985
0.23128
0.27905
0.34442
0.30384
0.26903
0.23542
0.37138
0.28654
0.26454
0.26665
0.31018
0.32102
0.27405
0.30414
0.24998
0.34732
0.25361
0.23997
0.31099
0.30169
0.24792
0.27498
0.21907
0.31450
0.20139
0.05407
0.14025
0.13736
0.24260
0.28182
0.17764
0.22597
0.31097
0.13341
0.07445
0.17612
0.04550
0.29173
0.27678
0.20784
0.21170
0.04382
0.13725
0.19893
0.25629
0.05611
0.15430
0.19669
0.25437
0.13229
0.21165
0.25942
0.04843
0.30562
0.23105
0.07689
0.06823
0.09362
0.24625
0.15028
0.25008
0.20800
0.30903
0.06290
0.06454
0.07038
0.05846
0.26462
0.09728
0.08490
0.15615
0.31946
0.11174
0.28745
0.20038
0.02520
0.27406
0.04569
0.06883
0.28094
0.19202
0.21982
0.07114
0.07305
0.20324
0.21642
0.27321
0.23436
0.06327
0.02822
0.19777
0.21036
0.15276
0.19884
0.14161
0.24836
0.17701
0.09849
0.23567
0.21981
0.11509
0.14841
0.14394
0.05325
0.02998
0.14459
0.15553
0.21552
0.24075
0.26750
0.20273
0.32674
0.20933
0.20795
0.15693
0.22010
0.23308
0.02647
0.22703
0.10413
0.12418
0.22121
0.26220
0.30214
0.23626
0.05507
0.09626
0.08696
0.21071
0.23708
0.31998
0.09474
0.17441
0.27593
0.17031
0.23563
0.12385
0.03181
0.04990
0.12148
0.02849
0.05300
0.28295
0.24973
0.09627
0.06225
0.04434
0.07780
0.08821
0.18416
