0.12963
0.09531
0.09270
0.25277
0.10974
0.14920
0.23586
0.18009
0.20009
0.15303
0.19208
0.14290
0.19814
0.14318
0.14678
0.23049
0.12719
0.15703
0.11139
0.15213
0.29813
0.16202
0.18330
0.11416
0.26157
0.19340
0.15746
0.22284
0.11519
0.18808
0.15220
0.28299
0.16688
0.14153
0.11729
0.09604
0.14286
0.14534
0.15827
0.18638
0.31439
0.27787
0.11480
0.20948
0.29001
0.23675
0.19648
0.25449
0.22518
0.16816
0.09828
0.19328
0.13706
0.26757
0.08703
0.20413
0.25122
0.15609
0.20236
0.08553
0.24592
0.29865
0.17763
0.20199
0.27089
0.28558
0.07945
0.17144
0.13481
0.11096
0.13462
0.29168
0.29829
0.23015
0.26717
0.17910
0.13889
0.07133
0.21146
0.17404
0.33031
0.22011
0.34303
0.27744
0.31970
0.34160
0.10709
0.12035
0.16340
0.26940
0.32294
0.20929
0.11907
0.27086
0.08273
0.21774
0.23706
0.22171
0.21513
0.17091
0.09894
0.19928
0.10763
0.12527
0.24672
0.28284
0.17002
0.17918
0.21100
0.28515
0.07846
0.27558
0.15338
0.23008
0.11204
0.20164
0.26624
0.08726
0.05129
0.21531
0.20201
0.09484
0.27365
0.04823
0.14227
0.17655
0.32946
0.27206
0.18171
0.24416
0.14006
0.19271
0.29139
0.32948
0.10611
0.15027
0.13710
0.29936
0.27742
0.11283
0.18722
0.06097
0.31494
0.20851
0.18900
0.23080
0.12484
0.37032
0.21621
0.08943
0.18450
0.30469
0.12772
0.33243
0.30428
0.35886
0.13488
0.17158
0.16343
0.23895
0.22697
0.26297
0.27485
0.33209
0.09826
0.14247
0.29674
0.29900
0.11828
0.25030
0.09992
0.27513
0.24181
0.05896
0.10113
0.22219
0.09985
0.10726
0.19583
0.27611
0.08865
0.10434
0.19167
0.17894
0.12351
0.19883
0.22869
0.27675
0.25491
0.19576
0.17850
0.09864
0.15277
0.16025
0.16174
0.24823
0.23887
0.19480
0.10640
0.25858
0.26076
0.11715
0.21080
0.15136
0.09191
0.29249
0.13376
0.24583
0.28133
0.16304
0.26332
0.21876
0.17040
0.24819
0.27990
0.25840
0.14630
0.27509
0.24161
0.36779
0.16135
0.21822
0.12387
0.10757
0.12900
0.09726
0.21575
0.22003
0.16553
0.09337
0.19599
0.14851
0.26193
0.15597
0.06553
0.25676
0.11991
0.08389
0.12366
0.25650
0.12155
0.29554
0.16610
0.11549
0.18320
0.21882
0.10680
0.05028
0.16981
0.10098
0.12501
0.16023
0.15421
0.29134
0.13223
0.17861
0.20776
0.09256
0.10769
0.15638
0.21341
0.19308
0.20725
0.18379
0.18796
0.25004
0.30257
0.09897
0.14712
0.08158
0.15598
0.14994
0.10444
0.11328
0.34692
0.22323
0.07023
0.18821
0.18713
0.09485
0.16683
0.34459
0.13224
0.13389
0.29713
0.12180
0.20947
0.20311
0.16804
0.15132
0.14161
0.14696
0.22035
0.25742
0.18335
0.09807
0.22032
0.17745
0.19998
0.17459
0.30116
0.27671
0.26008
0.16749
0.18068
0.30137
0.28921
0.32638
0.05359
0.28303
0.15240
0.27078
0.19724
0.09455
0.13710
0.16067
0.11323
0.24098
0.23767
0.10692
0.18901
0.06501
0.27740
0.21456
0.28507
0.18112
0.20990
0.22838
0.20497
0.10519
0.26581
0.25786
0.35787
0.26415
0.31519
0.24078
0.25549
0.29429
0.25959
0.29697
0.14293
0.12030
0.13657
0.23198
0.12646
0.11822
0.23303
0.16224
0.22992
0.12167
0.20954
0.16421
0.29227
0.27515
0.25107
0.20839
0.29668
0.15370
0.14310
0.31347
0.10826
0.23672
0.09294
0.13435
0.22179
0.07371
0.25411
0.34068
0.14634
0.08343
0.19605
0.23502
0.12529
0.06439
0.09866
0.10212
0.12008
0.17080
0.23479
0.12148
0.29517
0.22130
0.20543
0.09199
0.20241
0.29214
0.16277
0.27240
0.32691
0.19419
0.27707
0.31431
0.28520
0.31519
0.27077
0.23406
0.32321
0.23745
0.24260
0.24709
0.23569
0.27754
0.20094
0.37371
0.30212
0.26806
0.26456
0.26305
0.25141
0.37344
0.29150
0.23064
0.29130
0.31852
0.21388
0.24028
0.31024
0.30158
0.25592
0.25205
0.29548
0.28796
0.20740
0.21310
0.32363
0.27113
0.21744
0.30503
0.18350
0.32991
0.31841
0.29093
0.26440
0.28773
0.27417
0.25735
0.26336
0.32101
0.21465
0.25937
0.31529
0.25693
0.27196
0.31213
0.20409
0.28656
0.28261
0.26865
0.30052
0.27479
0.25333
0.19765
0.29152
0.33694
0.15765
0.27899
0.18572
0.18436
0.20848
0.37462
0.31263
0.30880
0.16636
0.33910
0.27303
0.24972
0.34660
0.30326
0.28175
0.30051
0.24156
0.26564
0.20441
0.34314
0.28593
0.24649
0.19750
0.33373
0.23148
0.26316
0.28173
0.25162
0.34039
0.31917
0.23590
0.28971
0.29582
0.17566
0.19076
0.28444
0.21246
0.22388
0.15468
0.29179
0.31570
0.21441
0.26168
0.25763
0.31115
0.23109
0.28731
0.28161
0.25180
0.20899
0.27481
0.30054
0.23105
0.19986
0.35897
0.28442
0.19527
0.33529
0.30433
0.25569
0.34747
0.29063
0.24005
0.28472
0.22469
0.29678
0.31721
0.22362
0.28599
0.24155
0.17272
0.31865
0.23256
0.28408
0.23526
0.26565
0.30626
0.24675
0.22267
0.24508
0.28196
0.21391
0.30615
0.20578
0.25750
0.26059
0.25154
0.21421
0.31602
0.29987
0.31414
0.24887
0.22472
0.31284
0.17903
0.19788
0.19020
0.28226
0.30644
0.17475
0.19530
0.29575
0.26214
0.20520
0.17557
0.21598
0.26734
0.22999
0.25738
0.22291
0.31914
0.19513
0.21273
0.27429
0.24968
0.20095
0.27079
0.28222
0.25503
0.37725
0.21450
0.32444
0.25162
0.35181
0.30052
0.27759
0.28860
0.26769
0.25363
0.20576
0.32106
0.29781
0.25477
0.27397
0.27266
0.33652
0.24847
0.26321
0.23510
0.33617
0.19525
0.29884
0.21978
0.24434
0.28283
0.27679
0.21746
0.23774
0.22887
0.30559
0.21086
0.32962
0.25959
0.24680
0.29026
0.28257
0.28965
0.15845
0.21164
0.31504
0.32186
0.24700
0.26329
0.29600
0.25147
0.18027
0.22590
0.29044
0.28706
0.26409
0.26345
0.20517
0.28051
0.29064
0.27787
0.23689
0.23683
0.32141
0.28743
0.19467
0.19344
0.29013
0.28834
0.29771
0.25287
0.27250
0.33660
0.33201
0.15750
0.25800
0.29527
0.26558
0.28078
0.31915
0.33161
0.21653
0.21722
0.20372
0.23641
0.26043
0.34155
0.28851
0.30888
0.28316
0.25807
0.25357
0.28657
0.27893
0.19163
0.31439
0.21117
0.26224
0.33264
0.30544
0.27660
0.25735
0.26503
0.29619
0.32240
0.33601
0.24205
0.25691
0.22715
0.30596
0.29347
0.12264
0.26949
0.22503
0.22260
0.27440
0.25098
0.22885
0.23567
0.23884
0.22511
0.22618
0.25038
0.31393
0.27802
0.26927
0.20196
0.28563
0.25173
0.24752
0.19650
0.31980
0.27172
0.33742
0.26943
0.23132
0.27087
0.27767
0.23271
0.27315
0.19930
0.30050
0.28233
0.31896
0.27240
0.26895
0.33598
0.24583
0.25613
0.29850
0.18979
0.17266
0.27533
0.21839
0.28624
0.29721
0.27630
0.32346
0.36092
0.31210
0.31885
0.28027
0.29335
0.26837
0.34868
0.25481
0.28561
0.31466
0.32219
0.26785
0.33621
0.37552
0.23682
0.27550
0.31631
0.25162
0.30772
0.28910
0.25454
0.24363
0.31268
0.22988
0.21965
0.31045
0.21171
0.24228
0.19897
0.25956
0.27787
0.29221
0.29963
0.28699
0.21064
0.29917
0.28876
0.29295
0.26716
0.28795
0.16728
0.32206
0.33685
0.35149
0.30834
0.31249
0.39192
0.40934
0.25798
0.20865
0.28383
0.39520
0.27857
0.24684
0.28356
0.33887
0.27013
0.22894
0.35027
0.23400
0.27898
0.24140
0.31344
0.37480
0.43411
0.31771
0.30516
0.26212
0.37271
0.32529
0.31149
0.29379
0.34132
0.24375
0.20142
0.31626
0.42771
0.26549
0.39473
0.40537
0.23529
0.27610
0.34327
0.27925
0.29226
0.22954
0.24989
0.19647
0.30074
0.26939
0.30905
0.31559
0.35025
0.29757
0.27972
0.26141
0.20311
0.25375
0.38697
0.23043
0.14515
0.33243
0.18503
0.21644
0.39226
0.19687
0.25513
0.24022
0.28178
0.24193
0.42831
0.21686
0.31864
0.38647
0.23247
0.24581
0.24250
0.24572
0.23108
0.36097
0.18890
0.37857
0.35883
0.26349
0.24420
0.22489
0.32964
0.27517
0.23509
0.35759
0.41054
0.33636
0.29108
0.33238
0.35691
0.18817
0.28999
0.29983
0.40876
0.21011
0.25835
0.25135
0.34888
0.27283
0.25183
0.23911
0.32849
0.36103
0.25572
0.26810
0.31597
0.30363
0.27697
0.25487
0.37816
0.28101
0.27643
0.26310
0.28938
0.33133
0.27441
0.26737
0.25321
0.34953
0.26601
0.20609
0.31254
0.25548
0.21392
0.23122
0.23534
0.31877
0.22649
0.04933
0.16675
0.26424
0.21883
0.26601
0.20211
0.30067
0.35739
0.23377
0.04988
0.18444
0.13501
0.26509
0.20069
0.20844
0.29846
0.08622
0.14876
0.18610
0.17293
0.13662
0.11873
0.25395
0.24177
0.16638
0.20737
0.19253
0.09145
0.32715
0.19782
0.08623
0.09357
0.10722
0.25773
0.15408
0.26030
0.19569
0.30309
0.07799
0.13224
0.11020
0.11809
0.26785
0.12945
0.14090
0.20670
0.24361
0.13974
0.29027
0.21697
0.08851
0.27200
0.05544
0.09993
0.28156
0.18943
0.28313
0.10562
0.06974
0.23658
0.18689
0.27861
0.25128
0.04663
0.03934
0.20081
0.21552
0.18540
0.22381
0.09063
0.22246
0.16022
0.20118
0.28063
0.30349
0.10604
0.16682
0.15600
0.07503
0.05314
0.25137
0.09831
0.19194
0.24139
0.24816
0.19578
0.32804
0.21347
0.23363
0.16484
0.21773
0.16071
0.04908
0.27618
0.11105
0.06098
0.22699
0.25270
0.26406
0.21171
0.08820
0.07517
0.20407
0.18290
0.24773
0.25142
0.11864
0.27870
0.29005
0.13868
0.23010
0.15080
0.04695
0.03196
0.14353
0.11158
0.07429
0.23229
0.25727
0.12177
0.06124
0.08933
0.07549
0.06657
0.23900
