0.10543
0.09798
0.07057
0.22315
0.06615
0.15616
0.19355
0.12293
0.14671
0.04612
0.17639
0.12040
0.11859
0.12694
0.10486
0.23167
0.10780
0.09784
0.05023
0.13744
0.26901
0.11036
0.13641
0.02830
0.16059
0.12460
0.14679
0.22811
0.07441
0.15412
0.14868
0.28421
0.13450
0.10492
0.09410
0.10842
0.11063
0.06152
0.10136
0.14978
0.29707
0.24012
0.10733
0.13586
0.28465
0.23160
0.14791
0.22373
0.15985
0.12800
0.09732
0.11577
0.13241
0.29623
0.09549
0.23896
0.20664
0.11819
0.10151
0.08582
0.25305
0.26808
0.12468
0.21166
0.25330
0.30222
0.07138
0.18712
0.08841
0.03453
0.14056
0.28133
0.33005
0.18734
0.24965
0.10960
0.08748
0.05632
0.21833
0.14162
0.28582
0.15787
0.31414
0.28738
0.26910
0.34783
0.09129
0.09556
0.16011
0.24394
0.32128
0.16283
0.04297
0.27855
0.04388
0.17154
0.20176
0.18299
0.21350
0.15672
0.09049
0.13957
0.10975
0.11395
0.19896
0.29000
0.13933
0.20035
0.12945
0.29309
0.02697
0.25123
0.07576
0.23845
0.11725
0.15575
0.27062
0.03851
0.08101
0.18642
0.23821
0.05788
0.24788
0.02552
0.09049
0.15988
0.29150
0.28373
0.17431
0.23472
0.09384
0.10359
0.28183
0.34083
0.09824
0.11551
0.06395
0.27345
0.25306
0.05908
0.16083
0.02689
0.26854
0.17470
0.12976
0.28859
0.08215
0.32004
0.17853
0.09453
0.17055
0.21490
0.10991
0.28435
0.29197
0.30437
0.10168
0.15069
0.15034
0.22232
0.26393
0.23645
0.25977
0.29507
0.09051
0.13616
0.30539
0.24847
0.08570
0.27607
0.06348
0.22103
0.26419
0.02746
0.06796
0.18435
0.08933
0.08226
0.13718
0.23676
0.08695
0.10420
0.22016
0.11590
0.08484
0.17434
0.18729
0.23919
0.25796
0.17105
0.10818
0.07392
0.04531
0.14838
0.11202
0.23113
0.20695
0.17430
0.07400
0.25118
0.22462
0.09664
0.17949
0.15953
0.05200
0.22260
0.08268
0.16652
0.24290
0.12347
0.22616
0.23226
0.12169
0.24603
0.29025
0.25743
0.12699
0.26193
0.16509
0.31393
0.09955
0.16241
0.14068
0.05160
0.06407
0.06650
0.14101
0.20695
0.13566
0.06088
0.24314
0.10251
0.21116
0.10215
0.06562
0.23435
0.11116
0.07181
0.09279
0.27149
0.06565
0.31989
0.07102
0.11007
0.15678
0.19290
0.11167
0.04662
0.09225
0.09009
0.09155
0.18299
0.08979
0.23529
0.16341
0.14521
0.19926
0.08644
0.08383
0.13812
0.19032
0.17034
0.20544
0.17766
0.15496
0.23732
0.23323
0.09353
0.19117
0.13666
0.10707
0.12020
0.09460
0.02284
0.36832
0.17420
0.05727
0.20076
0.14562
0.08007
0.11899
0.29366
0.13803
0.12216
0.30343
0.12691
0.20669
0.16638
0.14498
0.12185
0.10003
0.07988
0.18252
0.20386
0.15394
0.09468
0.16811
0.17459
0.21695
0.13325
0.33222
0.24161
0.24992
0.09813
0.12063
0.28558
0.31461
0.27755
0.03723
0.27666
0.13580
0.31041
0.12282
0.10592
0.11496
0.06638
0.09624
0.14651
0.23639
0.07449
0.09134
0.09049
0.22636
0.15565
0.21065
0.19474
0.20717
0.23701
0.10439
0.05360
0.25273
0.28471
0.36410
0.24461
0.30022
0.24498
0.23381
0.26605
0.25483
0.25867
0.04327
0.07625
0.13843
0.21680
0.03630
0.05840
0.22176
0.11810
0.14749
0.09253
0.15233
0.11800
0.27030
0.26968
0.27406
0.21230
0.31879
0.14973
0.14513
0.30119
0.07138
0.20787
0.04301
0.11131
0.18744
0.05388
0.20249
0.33671
0.08464
0.08426
0.14257
0.24203
0.10279
0.04696
0.07232
0.06852
0.04868
0.10029
0.20916
0.08522
0.28337
0.15946
0.16669
0.08299
0.17191
0.28092
0.19590
0.28008
0.33859
0.17015
0.27125
0.29815
0.30086
0.32964
0.28283
0.24214
0.33330
0.23737
0.18662
0.21734
0.18786
0.29010
0.16499
0.36229
0.32950
0.24940
0.28338
0.22402
0.23337
0.32682
0.28815
0.24206
0.29227
0.33105
0.22537
0.27075
0.32343
0.24942
0.24111
0.23178
0.28149
0.30310
0.23666
0.20069
0.35712
0.22707
0.21564
0.31189
0.18347
0.29474
0.33682
0.24787
0.31475
0.30122
0.29306
0.21568
0.26969
0.33649
0.22541
0.31327
0.31010
0.27833
0.25738
0.28102
0.15344
0.32172
0.24517
0.26984
0.32208
0.29392
0.26373
0.17163
0.26974
0.36164
0.11234
0.25966
0.20872
0.17909
0.18549
0.34510
0.28618
0.31972
0.13838
0.34514
0.25214
0.26938
0.36120
0.29782
0.31390
0.27869
0.20575
0.26381
0.16368
0.36171
0.28173
0.24905
0.17129
0.30634
0.18149
0.23212
0.28750
0.24646
0.33819
0.28658
0.17938
0.30789
0.28568
0.14382
0.18655
0.28184
0.17299
0.14886
0.13286
0.29936
0.33382
0.27860
0.25016
0.23690
0.31361
0.20763
0.29392
0.27614
0.30989
0.19103
0.27726
0.28708
0.19529
0.13829
0.33309
0.30811
0.14874
0.33535
0.31935
0.22983
0.32431
0.31013
0.20889
0.29114
0.18353
0.27793
0.28607
0.23977
0.27145
0.23902
0.12789
0.28409
0.19457
0.29285
0.19655
0.27812
0.28601
0.29478
0.16213
0.23464
0.28541
0.18861
0.29745
0.17853
0.23303
0.21229
0.21026
0.21324
0.29915
0.31198
0.32734
0.21921
0.20002
0.32719
0.19832
0.18179
0.17924
0.29613
0.28823
0.14615
0.16729
0.23376
0.29624
0.17391
0.13079
0.19269
0.26576
0.20645
0.24503
0.22308
0.31194
0.17595
0.21163
0.26036
0.30755
0.17332
0.31340
0.27163
0.23807
0.37402
0.16223
0.31696
0.18899
0.35829
0.31203
0.23341
0.24997
0.28439
0.28215
0.16653
0.31635
0.29072
0.27720
0.27167
0.26248
0.33862
0.20868
0.25700
0.21456
0.33783
0.20632
0.28037
0.21350
0.23591
0.29014
0.26750
0.18971
0.23001
0.21334
0.30611
0.18409
0.30431
0.22070
0.26294
0.29226
0.27879
0.29895
0.13365
0.20596
0.31783
0.30884
0.24088
0.27713
0.30970
0.24827
0.22645
0.18891
0.28692
0.26211
0.27594
0.21451
0.14327
0.28288
0.28223
0.24529
0.27199
0.21301
0.31723
0.26555
0.17909
0.14552
0.29284
0.29266
0.28431
0.25722
0.22740
0.32708
0.34644
0.11459
0.21675
0.30780
0.27499
0.27752
0.29944
0.33038
0.22489
0.18756
0.20091
0.25225
0.29610
0.35705
0.28592
0.27279
0.30280
0.19721
0.21399
0.28741
0.28084
0.15738
0.32734
0.21482
0.21165
0.33707
0.29900
0.26018
0.20452
0.25151
0.28372
0.33971
0.33269
0.23937
0.27295
0.18407
0.30962
0.32476
0.10047
0.22790
0.17139
0.21992
0.27963
0.21229
0.25011
0.22744
0.27027
0.19196
0.23267
0.20806
0.32291
0.25479
0.28317
0.17029
0.29446
0.25143
0.20997
0.16752
0.35055
0.28665
0.32769
0.25156
0.19397
0.30274
0.23731
0.23289
0.26373
0.15176
0.31825
0.23458
0.32488
0.27458
0.32242
0.33899
0.27510
0.25453
0.31333
0.14072
0.19043
0.28358
0.17901
0.31172
0.29469
0.28657
0.30861
0.38116
0.31143
0.31291
0.24604
0.30767
0.28552
0.34767
0.22180
0.23542
0.30809
0.31469
0.28712
0.32649
0.38360
0.20933
0.25616
0.30677
0.27173
0.31253
0.29363
0.22641
0.23330
0.33103
0.23450
0.26618
0.30072
0.29009
0.24005
0.21462
0.24021
0.27198
0.28679
0.31931
0.30230
0.26598
0.29215
0.27331
0.29842
0.29674
0.30354
0.12033
0.29729
0.34249
0.35215
0.30362
0.26651
0.40191
0.39369
0.29079
0.13875
0.30975
0.37321
0.27075
0.20661
0.29910
0.30959
0.20856
0.22365
0.32434
0.26720
0.27968
0.25011
0.35014
0.34248
0.41642
0.31636
0.31323
0.23198
0.40872
0.29050
0.28894
0.27074
0.33943
0.26331
0.14821
0.33480
0.46785
0.20035
0.41418
0.43026
0.16830
0.29954
0.35762
0.31635
0.29427
0.26078
0.28709
0.22322
0.29313
0.25063
0.27139
0.30621
0.38500
0.28954
0.29779
0.20801
0.14478
0.25175
0.38125
0.25700
0.11039
0.29850
0.11539
0.17100
0.41160
0.12836
0.25156
0.17731
0.27210
0.20999
0.43473
0.17056
0.32872
0.39347
0.25789
0.18650
0.25866
0.24246
0.17488
0.36625
0.14554
0.34994
0.34309
0.23770
0.24526
0.24431
0.31543
0.25806
0.18134
0.33864
0.41235
0.30738
0.29072
0.34533
0.37162
0.22691
0.22061
0.29002
0.38413
0.16384
0.19155
0.24484
0.36302
0.28064
0.26072
0.28557
0.32574
0.37372
0.21461
0.29506
0.35480
0.30229
0.29391
0.19613
0.38279
0.27885
0.25682
0.25971
0.31615
0.33997
0.25257
0.30727
0.22999
0.31888
0.27011
0.25628
0.31334
0.27694
0.19664
0.27111
0.21489
0.30129
0.23541
0.07010
0.12272
0.18774
0.23627
0.29124
0.20300
0.25227
0.36518
0.15986
0.05534
0.17019
0.07636
0.27900
0.25867
0.17454
0.23169
0.04467
0.11173
0.17944
0.19191
0.07462
0.13735
0.22021
0.25766
0.23059
0.21767
0.28123
0.04368
0.28900
0.25877
0.06230
0.06909
0.12449
0.28839
0.17308
0.24900
0.17913
0.28279
0.05037
0.06555
0.04995
0.08061
0.29499
0.13133
0.16459
0.16727
0.25107
0.08639
0.26489
0.23304
0.02655
0.26605
0.04460
0.01725
0.25267
0.19895
0.22157
0.11940
0.06180
0.19982
0.19696
0.25748
0.27167
0.03791
0.03947
0.18265
0.20241
0.20055
0.19413
0.14075
0.27332
0.18010
0.15689
0.30287
0.28397
0.06638
0.14688
0.15713
0.02595
0.07078
0.18133
0.07978
0.19044
0.24531
0.25586
0.19561
0.29240
0.24519
0.25335
0.18184
0.25844
0.12485
0.00822
0.25600
0.07169
0.05874
0.25105
0.25268
0.28869
0.28873
0.07537
0.10477
0.07927
0.16429
0.23244
0.22498
0.09607
0.13038
0.27142
0.15142
0.19308
0.12508
0.04067
0.04387
0.16832
0.04532
0.09610
0.26244
0.28957
0.11026
0.09823
0.03881
0.08861
0.05996
0.16158
