0.15133
0.09144
0.10600
0.23790
0.13122
0.13022
0.25623
0.17148
0.21783
0.04945
0.24580
0.14703
0.15123
0.11055
0.15180
0.22024
0.13997
0.18401
0.13588
0.13687
0.30704
0.13469
0.19661
0.09613
0.26857
0.17131
0.11029
0.25049
0.09526
0.21765
0.14996
0.29222
0.13889
0.11168
0.09688
0.09279
0.09966
0.11541
0.10868
0.19552
0.27024
0.27736
0.15043
0.15158
0.28344
0.23532
0.18238
0.28175
0.20184
0.16473
0.10039
0.18067
0.12808
0.31087
0.09427
0.25410
0.25466
0.18036
0.17742
0.10334
0.26995
0.30399
0.18421
0.20643
0.27355
0.30654
0.08088
0.20387
0.11307
0.06858
0.14131
0.32618
0.31227
0.16006
0.28135
0.16902
0.11763
0.04608
0.23447
0.15520
0.29131
0.21143
0.34339
0.26690
0.28471
0.33026
0.09095
0.11527
0.15381
0.28003
0.30638
0.14590
0.07500
0.28806
0.09516
0.14539
0.22248
0.21121
0.20208
0.20181
0.09264
0.21325
0.09959
0.10838
0.21916
0.30483
0.19114
0.16200
0.21008
0.28048
0.03741
0.30108
0.11796
0.24265
0.10192
0.17462
0.27301
0.04920
0.10482
0.21342
0.25506
0.09809
0.27288
0.02792
0.12772
0.15684
0.29467
0.26918
0.25166
0.26480
0.13708
0.11743
0.31715
0.34845
0.11121
0.18751
0.12653
0.28989
0.27952
0.08454
0.17773
0.06567
0.30459
0.16706
0.13685
0.28295
0.10053
0.36398
0.18573
0.08832
0.14454
0.27204
0.11101
0.30832
0.26018
0.33859
0.14948
0.18978
0.14571
0.23081
0.25376
0.29761
0.28900
0.33304
0.08701
0.15993
0.31982
0.27073
0.12341
0.27202
0.07405
0.25386
0.25979
0.06641
0.13513
0.21251
0.07238
0.07845
0.17999
0.26125
0.11045
0.09791
0.22969
0.18842
0.09549
0.18708
0.24265
0.25694
0.25632
0.19996
0.16490
0.09307
0.08878
0.19279
0.15360
0.25231
0.19810
0.21104
0.09708
0.22607
0.25212
0.16494
0.21856
0.14924
0.05120
0.26715
0.14812
0.23547
0.25968
0.15100
0.26423
0.25426
0.13296
0.23607
0.28142
0.25821
0.13719
0.26610
0.22707
0.32034
0.13562
0.21769
0.18204
0.08951
0.11566
0.06971
0.21180
0.14571
0.21048
0.07628
0.25364
0.13015
0.26016
0.15764
0.08067
0.30527
0.09877
0.05181
0.10594
0.26182
0.07212
0.29869
0.13201
0.10767
0.13966
0.22100
0.10498
0.07912
0.12399
0.10803
0.10192
0.14097
0.13707
0.27651
0.14192
0.16915
0.18931
0.12148
0.07885
0.11664
0.21558
0.18074
0.23079
0.17828
0.18536
0.23392
0.29423
0.08982
0.20120
0.06541
0.10344
0.12434
0.08465
0.07191
0.35421
0.19635
0.11072
0.20257
0.15460
0.08473
0.16981
0.30758
0.14755
0.11152
0.28958
0.11185
0.22044
0.21100
0.18508
0.13588
0.11622
0.11192
0.23505
0.22374
0.18566
0.09627
0.20927
0.21346
0.18813
0.17162
0.33294
0.28291
0.25907
0.17626
0.17312
0.30866
0.33063
0.31513
0.04286
0.27161
0.12163
0.29442
0.13628
0.11066
0.18768
0.15409
0.11513
0.19459
0.26014
0.11727
0.17400
0.12849
0.30046
0.17905
0.25173
0.21198
0.25114
0.23539
0.20718
0.10535
0.22948
0.27746
0.34850
0.27620
0.31045
0.22113
0.25610
0.31669
0.28442
0.24375
0.05834
0.10221
0.14532
0.21662
0.10845
0.08177
0.20136
0.15482
0.22982
0.13230
0.16947
0.12331
0.27331
0.27727
0.27761
0.21088
0.28630
0.15463
0.11278
0.32457
0.08392
0.21051
0.08451
0.13347
0.24216
0.05844
0.26008
0.34007
0.06223
0.14363
0.12591
0.25602
0.09874
0.07587
0.06612
0.05174
0.10136
0.15931
0.18706
0.09912
0.28343
0.22908
0.20559
0.09748
0.19002
0.28924
0.19622
0.26574
0.36100
0.16158
0.29261
0.31080
0.29612
0.31471
0.28725
0.25729
0.35937
0.25294
0.25506
0.24529
0.23883
0.30988
0.18661
0.37251
0.33556
0.25842
0.26924
0.25455
0.26250
0.35324
0.28946
0.24645
0.32337
0.33771
0.24291
0.26040
0.31206
0.26657
0.25552
0.26802
0.28792
0.31406
0.25541
0.23380
0.35643
0.25410
0.24903
0.32549
0.19987
0.31357
0.35225
0.28381
0.31296
0.32132
0.29258
0.26297
0.29903
0.33929
0.20204
0.29296
0.32121
0.27440
0.28243
0.31537
0.19620
0.31431
0.24883
0.28441
0.31009
0.29464
0.25736
0.18707
0.27622
0.36114
0.14735
0.26854
0.20681
0.18514
0.19351
0.35832
0.31044
0.34136
0.17801
0.35921
0.26404
0.27907
0.36730
0.31155
0.28727
0.28970
0.24756
0.27588
0.19891
0.35060
0.30079
0.26786
0.17342
0.32802
0.20357
0.25853
0.29226
0.25954
0.35474
0.32190
0.21974
0.32865
0.31358
0.17729
0.17757
0.29472
0.17578
0.16279
0.18500
0.29437
0.34039
0.26560
0.27097
0.24652
0.31692
0.23602
0.31276
0.27293
0.29243
0.20757
0.29473
0.29050
0.22992
0.17716
0.34524
0.28046
0.19110
0.32004
0.31964
0.25438
0.34871
0.31116
0.23064
0.30350
0.22789
0.28658
0.30775
0.27372
0.29375
0.21276
0.16595
0.30459
0.22416
0.30807
0.23933
0.28296
0.32690
0.29631
0.20937
0.23880
0.28493
0.21067
0.31531
0.18694
0.23865
0.21639
0.22544
0.22615
0.31336
0.32843
0.31971
0.20469
0.21517
0.33183
0.21007
0.19763
0.19587
0.30778
0.31491
0.16947
0.19435
0.26367
0.27685
0.20997
0.15965
0.23895
0.26192
0.21968
0.24104
0.24419
0.31712
0.16627
0.21629
0.27212
0.25772
0.19479
0.28866
0.27206
0.24886
0.38213
0.19772
0.30600
0.22577
0.35161
0.32331
0.24784
0.26915
0.29784
0.26386
0.19632
0.29863
0.29310
0.25683
0.29071
0.26015
0.34761
0.26039
0.29300
0.22430
0.34704
0.22455
0.31177
0.22546
0.24681
0.27636
0.26969
0.21678
0.23429
0.25381
0.31323
0.19444
0.30753
0.25181
0.28268
0.30324
0.29493
0.26767
0.15165
0.21785
0.33206
0.32809
0.26195
0.28800
0.30941
0.27295
0.23280
0.23072
0.31085
0.29178
0.28083
0.25408
0.19844
0.30857
0.31947
0.25558
0.26810
0.25549
0.32726
0.28655
0.18485
0.19692
0.28313
0.28585
0.29335
0.27215
0.25010
0.34950
0.35385
0.16941
0.25406
0.32826
0.26587
0.29637
0.30776
0.33526
0.23322
0.20978
0.21849
0.25181
0.26238
0.36590
0.29301
0.29672
0.27543
0.24416
0.27987
0.29208
0.28619
0.17856
0.33571
0.21309
0.24000
0.34455
0.28970
0.26600
0.25883
0.24948
0.30181
0.35848
0.34100
0.24768
0.28184
0.21620
0.32186
0.31178
0.12802
0.27339
0.19045
0.24323
0.29290
0.25286
0.26682
0.24950
0.27940
0.24967
0.23527
0.26116
0.34246
0.28424
0.27487
0.19897
0.30681
0.24757
0.25684
0.18709
0.33293
0.29708
0.33257
0.24592
0.24034
0.27930
0.26906
0.24215
0.26650
0.16540
0.32061
0.27107
0.33664
0.28199
0.30716
0.34143
0.27859
0.24857
0.31652
0.14063
0.16992
0.30248
0.22556
0.29558
0.31533
0.28531
0.34590
0.38607
0.31600
0.33153
0.26957
0.31768
0.29070
0.35916
0.25439
0.27629
0.32422
0.32349
0.31091
0.32145
0.38676
0.21992
0.25223
0.32594
0.22991
0.31885
0.32609
0.25258
0.22787
0.32661
0.22904
0.26713
0.31511
0.28208
0.24755
0.27058
0.26867
0.27948
0.29194
0.30460
0.28381
0.23833
0.31134
0.26872
0.31803
0.29194
0.28662
0.13590
0.31859
0.29638
0.34375
0.32849
0.32067
0.38856
0.39593
0.26987
0.20918
0.28667
0.37622
0.29206
0.21283
0.31056
0.36085
0.24717
0.24830
0.33216
0.22229
0.27785
0.23167
0.35650
0.35774
0.40733
0.31295
0.28312
0.26492
0.37945
0.30374
0.29303
0.28872
0.35384
0.28217
0.18753
0.32221
0.45612
0.25464
0.41203
0.39093
0.19350
0.31155
0.34970
0.29966
0.30056
0.23534
0.29617
0.22675
0.28942
0.29926
0.29606
0.31465
0.37449
0.28042
0.28549
0.28571
0.20540
0.24353
0.40233
0.25885
0.16615
0.29766
0.17464
0.20224
0.41765
0.16918
0.25889
0.24848
0.27928
0.26034
0.42947
0.20647
0.33531
0.39604
0.24051
0.20807
0.25095
0.27273
0.20430
0.38106
0.21024
0.34630
0.35157
0.27634
0.25339
0.24561
0.34669
0.27877
0.24790
0.33899
0.41511
0.31968
0.27259
0.36984
0.36915
0.21022
0.27448
0.29375
0.38531
0.22826
0.25727
0.26425
0.31583
0.29522
0.26244
0.25812
0.33657
0.35952
0.24876
0.28767
0.34735
0.29424
0.28577
0.26844
0.38302
0.27536
0.28903
0.27538
0.29569
0.31546
0.26323
0.30531
0.23521
0.32718
0.26436
0.22615
0.34625
0.27542
0.23135
0.29518
0.19183
0.30366
0.23639
0.05372
0.15743
0.21377
0.21155
0.30986
0.20294
0.24726
0.35224
0.23091
0.12850
0.22189
0.06273
0.30360
0.25480
0.22243
0.25200
0.11486
0.10193
0.21874
0.23521
0.09073
0.10131
0.24803
0.24913
0.22628
0.21164
0.29852
0.09639
0.30763
0.22107
0.05670
0.09266
0.12131
0.29217
0.20971
0.26056
0.19398
0.28634
0.08902
0.10209
0.05782
0.10947
0.32423
0.06249
0.10688
0.21666
0.28103
0.20326
0.26831
0.22091
0.08985
0.24793
0.10082
0.06529
0.31475
0.19526
0.18249
0.12486
0.10389
0.20627
0.19930
0.24953
0.22241
0.08758
0.09690
0.17409
0.20647
0.18124
0.20995
0.12960
0.24206
0.20074
0.13194
0.25605
0.26116
0.11203
0.14123
0.19053
0.04004
0.05636
0.22466
0.14364
0.20143
0.26055
0.30340
0.19525
0.32416
0.26627
0.26091
0.20267
0.19924
0.22360
0.02219
0.25339
0.10286
0.07571
0.21352
0.26341
0.29719
0.28657
0.06994
0.08036
0.13758
0.27374
0.25585
0.27372
0.12312
0.18222
0.28657
0.14595
0.22019
0.11806
0.03783
0.05723
0.17426
0.05982
0.10797
0.25842
0.25900
0.09734
0.10013
0.07491
0.09949
0.05917
0.27460
