0.08872
0.10395
0.05262
0.24910
0.08399
0.15813
0.21340
0.14839
0.12712
0.04641
0.20647
0.14752
0.15320
0.11084
0.09997
0.23923
0.12315
0.13928
0.06926
0.14873
0.29600
0.09527
0.17174
0.06361
0.26111
0.13865
0.09829
0.25460
0.07378
0.14513
0.16522
0.29917
0.11550
0.09811
0.10325
0.09610
0.10749
0.07199
0.13203
0.13262
0.25664
0.28422
0.13955
0.12437
0.29981
0.19190
0.16257
0.25240
0.16757
0.11989
0.09812
0.12748
0.15596
0.26184
0.09207
0.23619
0.22695
0.14475
0.10993
0.08003
0.29576
0.30446
0.09965
0.19410
0.27542
0.32117
0.05733
0.17323
0.09789
0.04637
0.13555
0.30423
0.29617
0.17533
0.27792
0.09948
0.07385
0.02767
0.20557
0.16132
0.32269
0.19877
0.31966
0.28012
0.24342
0.33714
0.09672
0.09910
0.14746
0.29027
0.32594
0.16998
0.07510
0.24786
0.06643
0.13590
0.20383
0.22244
0.20299
0.14503
0.08836
0.16664
0.11500
0.11525
0.23457
0.28265
0.13690
0.15980
0.17514
0.27432
0.02039
0.28447
0.09930
0.24629
0.12056
0.14545
0.27681
0.06013
0.05287
0.18527
0.26683
0.05302
0.29515
0.01849
0.10192
0.12834
0.27994
0.26307
0.16364
0.25023
0.09867
0.12071
0.31868
0.33875
0.10800
0.12684
0.06982
0.28997
0.27471
0.03643
0.15992
0.05729
0.31323
0.15450
0.10472
0.23909
0.12220
0.37388
0.15569
0.08880
0.18272
0.24166
0.11861
0.30741
0.30354
0.31294
0.14731
0.20591
0.15811
0.16499
0.19664
0.25172
0.26093
0.32441
0.09278
0.09837
0.28482
0.29084
0.06300
0.24637
0.03634
0.21717
0.25546
0.03527
0.10086
0.21906
0.06784
0.06036
0.17367
0.25934
0.07327
0.10329
0.22155
0.17287
0.15664
0.11958
0.21628
0.26425
0.28307
0.19164
0.13731
0.05202
0.03954
0.15640
0.13227
0.21323
0.24382
0.16963
0.05200
0.27201
0.20952
0.05063
0.20120
0.14998
0.05219
0.26776
0.10189
0.21369
0.23118
0.07676
0.24517
0.23918
0.08722
0.25942
0.26170
0.24876
0.13271
0.27194
0.23016
0.33285
0.13544
0.18541
0.14889
0.06077
0.10914
0.03706
0.15434
0.15793
0.15014
0.05485
0.22905
0.11593
0.21817
0.12398
0.05080
0.27317
0.13320
0.04428
0.10257
0.25314
0.08902
0.28950
0.09621
0.11077
0.13811
0.19605
0.10731
0.05398
0.12781
0.10243
0.10873
0.09409
0.08578
0.25084
0.18017
0.14394
0.22215
0.07996
0.08650
0.12554
0.21889
0.15804
0.19886
0.24098
0.12678
0.23398
0.27420
0.09241
0.16187
0.05111
0.09077
0.11954
0.07687
0.02558
0.35019
0.22017
0.07280
0.21800
0.14346
0.05044
0.13531
0.35371
0.12164
0.07928
0.33953
0.13642
0.19579
0.15369
0.13535
0.13488
0.09178
0.09110
0.21770
0.19582
0.15499
0.09828
0.14945
0.12593
0.21109
0.13705
0.33744
0.22643
0.25184
0.12495
0.14461
0.29607
0.31228
0.35504
0.02736
0.27200
0.13421
0.30357
0.12444
0.06890
0.15869
0.12085
0.08144
0.18027
0.23093
0.07650
0.10426
0.09338
0.27606
0.15272
0.22948
0.18421
0.24814
0.21405
0.12095
0.06403
0.26040
0.24623
0.35832
0.28150
0.30348
0.25663
0.24518
0.30228
0.26289
0.27030
0.06045
0.08935
0.13917
0.24450
0.03586
0.05165
0.20877
0.13141
0.21805
0.15124
0.16692
0.10530
0.26255
0.26936
0.21461
0.20899
0.30383
0.13420
0.12404
0.31511
0.07476
0.22233
0.07214
0.05234
0.16566
0.05527
0.23918
0.30005
0.07330
0.08920
0.13520
0.27894
0.11088
0.02925
0.07670
0.05175
0.07709
0.09042
0.18882
0.10317
0.29265
0.18525
0.19068
0.09759
0.19965
0.28614
0.19475
0.25945
0.32207
0.17746
0.26006
0.30781
0.27822
0.29432
0.26452
0.21323
0.32583
0.26206
0.23710
0.24658
0.21176
0.27706
0.17840
0.34403
0.29586
0.26841
0.24399
0.23449
0.22806
0.33923
0.27019
0.21518
0.29485
0.33388
0.24880
0.24329
0.29002
0.27648
0.23935
0.25300
0.25974
0.28983
0.25214
0.22773
0.33732
0.24437
0.24284
0.28756
0.20074
0.31026
0.32176
0.27819
0.28623
0.28836
0.27661
0.23033
0.25905
0.33326
0.18239
0.25404
0.31633
0.24295
0.26622
0.29352
0.17875
0.28761
0.25403
0.27492
0.28937
0.28051
0.25498
0.16064
0.27353
0.34725
0.10626
0.27028
0.21241
0.15743
0.18452
0.35296
0.30247
0.30899
0.18714
0.32590
0.25947
0.26064
0.34520
0.29342
0.28410
0.29779
0.24528
0.27328
0.19344
0.33972
0.28454
0.24107
0.18521
0.31663
0.19464
0.24986
0.30372
0.23493
0.32930
0.31341
0.18891
0.29593
0.30976
0.17615
0.18802
0.27359
0.19591
0.20024
0.17319
0.30292
0.32153
0.23957
0.26677
0.24097
0.27284
0.21914
0.28585
0.25266
0.27210
0.18988
0.27499
0.28053
0.20820
0.18381
0.34395
0.27492
0.18979
0.31862
0.28806
0.25051
0.35256
0.29618
0.21595
0.26969
0.19111
0.28568
0.28933
0.26214
0.26953
0.24550
0.16430
0.29699
0.18581
0.26273
0.22824
0.27692
0.31442
0.28182
0.16218
0.23691
0.28085
0.17653
0.27655
0.18639
0.24379
0.21488
0.24288
0.20996
0.30755
0.31353
0.29269
0.22557
0.17914
0.31007
0.23646
0.20315
0.20316
0.28986
0.31044
0.16588
0.17904
0.27239
0.27387
0.18775
0.16058
0.22996
0.26334
0.22556
0.24592
0.26014
0.30445
0.17624
0.20563
0.25240
0.27402
0.19493
0.26122
0.26475
0.24357
0.38481
0.17823
0.30604
0.19185
0.34128
0.28846
0.22583
0.26985
0.27466
0.27126
0.19222
0.30405
0.29986
0.24453
0.26835
0.26504
0.31839
0.23877
0.26548
0.22148
0.32256
0.22435
0.26945
0.22776
0.25674
0.28730
0.27095
0.21195
0.23210
0.23181
0.29738
0.21121
0.32125
0.20976
0.23796
0.29554
0.27256
0.29892
0.15276
0.22561
0.30314
0.30973
0.23598
0.24686
0.28366
0.26618
0.19570
0.22384
0.28810
0.27985
0.25419
0.23939
0.19318
0.27205
0.28072
0.24734
0.26394
0.24903
0.31472
0.28434
0.16887
0.16792
0.27201
0.29524
0.28245
0.24186
0.25813
0.32211
0.33192
0.15341
0.22505
0.28756
0.24876
0.26522
0.31875
0.31872
0.20764
0.20284
0.20473
0.23438
0.25442
0.33535
0.29848
0.27962
0.26468
0.22663
0.27427
0.28480
0.26011
0.17451
0.30975
0.21911
0.23822
0.32097
0.29482
0.24017
0.23332
0.23758
0.28919
0.33113
0.30944
0.26374
0.24999
0.19320
0.27821
0.29924
0.13362
0.24254
0.22195
0.21611
0.25983
0.24247
0.25793
0.25454
0.24318
0.21382
0.22581
0.25993
0.31338
0.27030
0.24200
0.19921
0.26516
0.25060
0.20799
0.16986
0.32326
0.28445
0.33193
0.26698
0.22923
0.26903
0.24632
0.23476
0.26654
0.17034
0.31800
0.25644
0.30609
0.29444
0.28961
0.32482
0.28295
0.22627
0.28952
0.16263
0.18064
0.28295
0.19541
0.25906
0.28847
0.26044
0.31145
0.36098
0.29294
0.32631
0.26554
0.28184
0.30836
0.33064
0.23176
0.26207
0.30314
0.30572
0.27688
0.30967
0.36579
0.20886
0.24242
0.31289
0.23893
0.31662
0.33382
0.26904
0.24567
0.32316
0.23238
0.25804
0.29804
0.25407
0.24855
0.21708
0.24431
0.27929
0.27878
0.29965
0.28858
0.25362
0.28546
0.28268
0.29339
0.25497
0.29611
0.10876
0.31557
0.32346
0.34055
0.30120
0.31462
0.39451
0.39670
0.28050
0.19148
0.28908
0.36844
0.29372
0.23603
0.29767
0.35776
0.24573
0.23724
0.33851
0.24498
0.26709
0.24600
0.33658
0.36596
0.42511
0.28748
0.29433
0.24068
0.38306
0.29557
0.31227
0.29879
0.35804
0.24318
0.20804
0.31019
0.46520
0.26345
0.40615
0.40998
0.22725
0.29749
0.35613
0.29993
0.29766
0.23397
0.26400
0.22182
0.27294
0.31374
0.30517
0.29254
0.38165
0.26819
0.26974
0.25319
0.16691
0.23013
0.39462
0.24413
0.14774
0.33239
0.15519
0.21512
0.40931
0.15442
0.27125
0.22253
0.26020
0.25490
0.42162
0.19307
0.31727
0.39438
0.23607
0.27362
0.25197
0.25112
0.21647
0.35462
0.19286
0.35417
0.36752
0.23422
0.26379
0.21319
0.36591
0.29598
0.23206
0.34708
0.39968
0.33779
0.29470
0.35382
0.36320
0.18982
0.26276
0.29345
0.38569
0.21502
0.24828
0.26001
0.35631
0.25589
0.27446
0.26667
0.30968
0.37927
0.24436
0.27811
0.32581
0.29429
0.26671
0.25514
0.38636
0.27494
0.30775
0.24728
0.29056
0.35663
0.27102
0.29024
0.24610
0.31783
0.26259
0.24208
0.31587
0.29087
0.19710
0.25074
0.18783
0.33806
0.22194
0.06306
0.09204
0.16897
0.20138
0.29059
0.21105
0.25063
0.33031
0.13711
0.03735
0.16071
0.05627
0.29454
0.24993
0.19584
0.30918
0.04119
0.12040
0.19381
0.26984
0.04481
0.09713
0.19540
0.29742
0.21685
0.21302
0.28950
0.07660
0.29122
0.22203
0.05328
0.09138
0.10095
0.31066
0.15069
0.25051
0.21068
0.30890
0.03591
0.06301
0.04986
0.04197
0.28469
0.13627
0.07152
0.17869
0.29369
0.12613
0.24062
0.21670
0.06572
0.23183
0.04433
0.02694
0.26038
0.18892
0.21764
0.07463
0.10930
0.20502
0.19949
0.28722
0.27418
0.02814
0.04586
0.20325
0.21133
0.20236
0.18880
0.12185
0.23647
0.13672
0.11165
0.24863
0.28505
0.10894
0.10943
0.15712
0.07633
0.06089
0.19500
0.08893
0.20991
0.24562
0.29287
0.20533
0.32368
0.23407
0.21437
0.17201
0.23818
0.19074
0.02059
0.28371
0.12202
0.06334
0.18842
0.25278
0.28062
0.27290
0.02802
0.05462
0.12455
0.23287
0.18641
0.26873
0.06229
0.20260
0.30454
0.19353
0.23191
0.13313
0.02464
0.03688
0.21665
0.05610
0.11857
0.27617
0.27267
0.12181
0.03334
0.01458
0.06008
0.10097
0.23694
