0.06986
0.09753
0.03169
0.23219
0.05967
0.14050
0.21556
0.15003
0.15347
0.07881
0.18211
0.14908
0.09885
0.12525
0.05965
0.21559
0.15968
0.09343
0.03916
0.13102
0.28683
0.09752
0.11170
0.04657
0.20512
0.12825
0.13347
0.23320
0.05025
0.14306
0.08715
0.26003
0.13555
0.10386
0.06997
0.09905
0.19014
0.05203
0.07860
0.15739
0.28894
0.24803
0.05437
0.11787
0.29682
0.20342
0.13098
0.21001
0.12422
0.12970
0.09333
0.10581
0.13558
0.31185
0.08952
0.24700
0.24251
0.09208
0.07984
0.05269
0.29167
0.28047
0.10479
0.21344
0.27191
0.31914
0.03860
0.14847
0.09033
0.02360
0.14091
0.31112
0.32216
0.24136
0.19729
0.08635
0.06042
0.01311
0.19638
0.15857
0.30303
0.14603
0.27530
0.27111
0.25816
0.34718
0.09659
0.10982
0.10963
0.20725
0.30405
0.17243
0.06995
0.24945
0.04693
0.13743
0.18934
0.19163
0.21494
0.18227
0.09333
0.18975
0.13359
0.11716
0.23866
0.29645
0.11495
0.17889
0.17325
0.27235
0.02162
0.27298
0.05137
0.22013
0.13118
0.15283
0.27639
0.04170
0.05855
0.14514
0.24435
0.04903
0.26118
0.01925
0.05817
0.16969
0.33388
0.26699
0.17722
0.23590
0.07224
0.11670
0.30032
0.34132
0.09731
0.15074
0.04938
0.27193
0.24477
0.04365
0.20408
0.03319
0.27329
0.14230
0.11945
0.30835
0.09859
0.31288
0.18310
0.09098
0.17997
0.20479
0.11836
0.28500
0.31616
0.30359
0.08072
0.16390
0.14963
0.16017
0.24209
0.29133
0.29836
0.30168
0.09610
0.07489
0.31424
0.25082
0.03499
0.24150
0.05433
0.18904
0.19604
0.03650
0.07335
0.18538
0.03975
0.07233
0.13466
0.25310
0.09187
0.11101
0.22822
0.14276
0.05183
0.16352
0.17374
0.20870
0.25364
0.18182
0.09127
0.04413
0.03667
0.12034
0.11180
0.27181
0.20972
0.15038
0.07937
0.24970
0.19632
0.09923
0.15313
0.15778
0.05996
0.21197
0.05462
0.16095
0.23484
0.05933
0.23216
0.20623
0.10437
0.24498
0.26689
0.22619
0.11845
0.25369
0.18558
0.33963
0.10957
0.24146
0.10084
0.02608
0.04851
0.06401
0.14972
0.20259
0.11314
0.04893
0.27672
0.09514
0.22917
0.09033
0.04883
0.24489
0.11720
0.03306
0.10113
0.27434
0.08603
0.31257
0.07516
0.11988
0.14839
0.15696
0.12720
0.06976
0.07738
0.09672
0.10330
0.07705
0.09050
0.24045
0.14951
0.16641
0.17565
0.06875
0.05999
0.14830
0.19515
0.12253
0.19643
0.13448
0.08818
0.24515
0.25032
0.09951
0.14477
0.04276
0.08088
0.13115
0.05405
0.02743
0.37074
0.12936
0.06006
0.18395
0.10363
0.05490
0.14634
0.33008
0.12535
0.07683
0.27376
0.11598
0.14112
0.17525
0.19660
0.09579
0.07752
0.04372
0.13259
0.19361
0.13361
0.09742
0.17445
0.13084
0.14534
0.10813
0.33400
0.25738
0.24362
0.11829
0.09608
0.29196
0.29560
0.31881
0.01510
0.25791
0.10216
0.28856
0.15267
0.06397
0.10180
0.11983
0.10409
0.17282
0.23675
0.06136
0.08330
0.03749
0.26947
0.15617
0.16349
0.12533
0.24647
0.20249
0.09179
0.06995
0.26362
0.29366
0.36924
0.26026
0.30366
0.22843
0.22133
0.28175
0.29110
0.22770
0.04535
0.05329
0.11104
0.21757
0.03795
0.06082
0.20329
0.11320
0.18819
0.10509
0.15256
0.12478
0.22054
0.25474
0.25047
0.17446
0.31520
0.12439
0.15580
0.28968
0.06021
0.17903
0.04521
0.09087
0.18386
0.04896
0.21004
0.31962
0.06212
0.08195
0.14434
0.21310
0.11260
0.04446
0.04031
0.05838
0.04795
0.07147
0.18096
0.06554
0.26000
0.16579
0.17747
0.07940
0.21407
0.28733
0.22530
0.28525
0.35973
0.20571
0.28872
0.33239
0.30490
0.33844
0.28371
0.28134
0.36051
0.29167
0.26781
0.25999
0.25094
0.31463
0.18561
0.38600
0.33039
0.26426
0.25016
0.25585
0.28262
0.35420
0.29985
0.26623
0.31258
0.33211
0.22178
0.26766
0.32718
0.28960
0.27483
0.28678
0.30694
0.31129
0.28929
0.21314
0.35615
0.28604
0.26547
0.33397
0.19494
0.31952
0.36218
0.30993
0.32408
0.30988
0.28625
0.25115
0.29143
0.33470
0.23543
0.29838
0.32274
0.25999
0.29948
0.32653
0.20575
0.32754
0.27470
0.28270
0.31463
0.28962
0.28509
0.18472
0.29244
0.36700
0.16626
0.29653
0.25605
0.22454
0.20457
0.36733
0.32105
0.33632
0.18140
0.35313
0.27663
0.29186
0.37214
0.31561
0.31244
0.31122
0.23312
0.30366
0.20537
0.36064
0.28920
0.25654
0.17549
0.34836
0.19366
0.28742
0.29539
0.27807
0.35469
0.32180
0.24373
0.33180
0.32125
0.17649
0.19941
0.32031
0.19422
0.20955
0.19444
0.31410
0.34218
0.28601
0.26212
0.24450
0.31457
0.22566
0.31155
0.27347
0.29225
0.21462
0.28937
0.29825
0.25767
0.17843
0.36461
0.28468
0.23398
0.27429
0.32106
0.28482
0.37801
0.30636
0.23341
0.27677
0.20616
0.29425
0.32570
0.31053
0.26599
0.24234
0.18601
0.31114
0.24476
0.29637
0.24109
0.27388
0.32324
0.29968
0.22682
0.26576
0.30995
0.22859
0.30664
0.21018
0.24819
0.23599
0.24645
0.21763
0.32795
0.32704
0.32291
0.25686
0.23017
0.32835
0.20472
0.24842
0.24860
0.31788
0.29781
0.19157
0.19097
0.28141
0.28203
0.24108
0.17254
0.23516
0.27207
0.24222
0.25602
0.27215
0.31800
0.18535
0.26282
0.27114
0.29841
0.21834
0.29948
0.25902
0.27404
0.38753
0.21161
0.29673
0.24076
0.37185
0.32370
0.27737
0.28542
0.29893
0.28359
0.19231
0.32133
0.27243
0.26386
0.28214
0.28391
0.34661
0.25775
0.29915
0.24018
0.34254
0.23432
0.30345
0.23040
0.29897
0.28887
0.26417
0.23277
0.28123
0.24518
0.33525
0.21885
0.33289
0.24893
0.27951
0.28818
0.28682
0.29862
0.17104
0.24015
0.32708
0.32766
0.27170
0.29714
0.31349
0.29114
0.26155
0.24899
0.30520
0.31260
0.27752
0.24372
0.22422
0.30110
0.30751
0.28172
0.28063
0.23776
0.33206
0.31408
0.20688
0.19799
0.27792
0.29739
0.30969
0.29195
0.24658
0.36258
0.35633
0.15680
0.26394
0.31800
0.28801
0.28854
0.31465
0.33487
0.24395
0.20605
0.18558
0.28034
0.29199
0.36646
0.29156
0.30623
0.30527
0.25526
0.29359
0.30171
0.27270
0.19232
0.33043
0.23616
0.23003
0.35085
0.31015
0.29927
0.27815
0.27523
0.29266
0.35022
0.34573
0.23141
0.28405
0.22365
0.31950
0.31117
0.13935
0.30326
0.20414
0.27189
0.28965
0.24487
0.29482
0.25283
0.28519
0.26190
0.27106
0.25837
0.34250
0.30461
0.27801
0.21235
0.29151
0.25305
0.26393
0.22627
0.33442
0.28627
0.34304
0.27552
0.27306
0.30204
0.28368
0.26031
0.29259
0.17438
0.31936
0.28338
0.33913
0.27883
0.30598
0.34561
0.28450
0.28139
0.30516
0.17800
0.21495
0.29497
0.25968
0.31556
0.29922
0.29351
0.34791
0.39001
0.31176
0.33687
0.29916
0.31547
0.28740
0.36181
0.27923
0.30940
0.31853
0.32240
0.29985
0.33309
0.39555
0.24560
0.25304
0.31902
0.24499
0.31833
0.33837
0.25704
0.23614
0.35770
0.24092
0.27064
0.31396
0.31022
0.27741
0.27149
0.28759
0.29492
0.29112
0.33806
0.29512
0.25588
0.30668
0.28316
0.30465
0.29671
0.27898
0.15814
0.36061
0.34050
0.36368
0.33533
0.30997
0.42213
0.41678
0.28634
0.18993
0.31912
0.39536
0.27036
0.16763
0.31881
0.34232
0.25673
0.26187
0.30961
0.27684
0.25227
0.25598
0.34389
0.34350
0.38232
0.29517
0.32115
0.28201
0.41206
0.27998
0.28437
0.31161
0.35005
0.30006
0.18636
0.31907
0.45681
0.24367
0.41742
0.43187
0.17557
0.31329
0.36132
0.32633
0.28164
0.26710
0.30923
0.23086
0.26902
0.32468
0.27513
0.28442
0.38782
0.29982
0.30023
0.25713
0.21099
0.27486
0.39390
0.22599
0.12587
0.33282
0.13690
0.20306
0.40799
0.17658
0.22969
0.20573
0.28947
0.24889
0.44761
0.18933
0.34573
0.40380
0.25692
0.20979
0.27804
0.23789
0.19867
0.36735
0.17983
0.35256
0.34173
0.28824
0.22833
0.27271
0.33390
0.28850
0.20769
0.33854
0.43663
0.32984
0.27966
0.36533
0.39198
0.24582
0.27733
0.30573
0.36174
0.18189
0.21455
0.25301
0.34853
0.30415
0.24874
0.30007
0.27204
0.35169
0.20690
0.30526
0.35295
0.29725
0.30164
0.25161
0.38755
0.31656
0.25037
0.30724
0.32553
0.33576
0.26687
0.31976
0.25027
0.33699
0.23242
0.27299
0.31286
0.31415
0.26211
0.31620
0.17910
0.31854
0.23580
0.04538
0.11743
0.16151
0.26692
0.23950
0.22044
0.26125
0.35002
0.14942
0.03933
0.09881
0.01722
0.26990
0.22560
0.18095
0.27343
0.05745
0.11127
0.20471
0.24786
0.11273
0.11903
0.24598
0.25643
0.20551
0.21845
0.27237
0.04803
0.30213
0.22570
0.08670
0.09173
0.07849
0.31415
0.14975
0.24414
0.22032
0.29950
0.03571
0.08713
0.09253
0.11053
0.25818
0.06538
0.14390
0.15705
0.26532
0.09437
0.27222
0.23441
0.02765
0.30870
0.06910
0.10465
0.27137
0.17911
0.22543
0.02577
0.06751
0.19996
0.21303
0.26607
0.25087
0.01330
0.04141
0.17039
0.21575
0.15789
0.15813
0.10653
0.23886
0.23397
0.10374
0.24255
0.30829
0.06230
0.21225
0.13881
0.06876
0.06121
0.17072
0.10282
0.20499
0.25889
0.22362
0.19925
0.33847
0.22633
0.26136
0.23052
0.21093
0.16171
0.02082
0.25187
0.08704
0.06521
0.15588
0.25818
0.24013
0.20902
0.04520
0.05917
0.12533
0.23653
0.23890
0.26625
0.09531
0.17082
0.32707
0.17343
0.22182
0.09751
0.04853
0.04475
0.15609
0.06276
0.05800
0.24673
0.28310
0.07125
0.07789
0.03519
0.08036
0.06452
0.27369
