0.11514
0.11522
0.10648
0.25631
0.11141
0.11952
0.22070
0.14293
0.21496
0.07495
0.22152
0.14570
0.18684
0.13506
0.20089
0.22788
0.15250
0.20503
0.10428
0.15212
0.28579
0.19571
0.18738
0.09484
0.25279
0.17563
0.12073
0.22790
0.10537
0.18224
0.18493
0.25485
0.18193
0.11433
0.12020
0.10326
0.12322
0.09054
0.16839
0.21119
0.29551
0.26685
0.15215
0.18417
0.27229
0.19205
0.16279
0.26149
0.24582
0.16498
0.11192
0.20508
0.11595
0.29967
0.11129
0.24425
0.19781
0.15475
0.14075
0.14327
0.25710
0.31027
0.17374
0.20843
0.28232
0.27900
0.08485
0.17365
0.15297
0.06896
0.14688
0.31542
0.31274
0.20330
0.25784
0.15875
0.12102
0.08541
0.19849
0.14248
0.27984
0.17147
0.29440
0.25402
0.27555
0.32244
0.12193
0.16070
0.19824
0.25428
0.32265
0.16693
0.05127
0.22453
0.07680
0.18485
0.21874
0.23114
0.21040
0.19301
0.12072
0.18082
0.12742
0.13364
0.20222
0.27767
0.17596
0.16476
0.12856
0.25537
0.05622
0.23790
0.14135
0.23694
0.13046
0.21684
0.26008
0.06545
0.08838
0.18761
0.27829
0.11938
0.28880
0.03132
0.09005
0.12631
0.30432
0.27960
0.18228
0.23829
0.10896
0.12155
0.29232
0.33075
0.11953
0.12067
0.11102
0.27157
0.25468
0.08268
0.20754
0.10188
0.28850
0.19558
0.14821
0.28403
0.11362
0.37055
0.18225
0.10833
0.16736
0.27033
0.13073
0.32807
0.32558
0.31467
0.14955
0.18717
0.18282
0.22485
0.26620
0.29732
0.28551
0.32879
0.09716
0.14673
0.28382
0.30757
0.11241
0.22490
0.04528
0.24443
0.22148
0.04640
0.11893
0.20498
0.14238
0.10284
0.20050
0.27003
0.12774
0.12249
0.19985
0.17959
0.08774
0.24819
0.21320
0.25337
0.25336
0.19398
0.14047
0.09932
0.11758
0.15341
0.15902
0.26038
0.21310
0.21609
0.13254
0.25811
0.20895
0.15538
0.19822
0.16846
0.08880
0.21557
0.14167
0.22738
0.25885
0.11514
0.25327
0.25207
0.12953
0.23438
0.27270
0.24625
0.15359
0.20687
0.20895
0.34434
0.12003
0.20494
0.14060
0.11734
0.06555
0.09402
0.17545
0.17261
0.20722
0.08640
0.21610
0.13373
0.25560
0.14475
0.09146
0.26076
0.11979
0.07853
0.11293
0.27771
0.10988
0.29268
0.19347
0.12031
0.13307
0.21325
0.12612
0.08432
0.16606
0.15003
0.11773
0.17120
0.13965
0.26177
0.17605
0.21030
0.17791
0.13471
0.06545
0.15123
0.17147
0.22622
0.27086
0.17847
0.17551
0.24923
0.29156
0.11677
0.15012
0.07892
0.09202
0.18121
0.07949
0.08278
0.36500
0.16885
0.09884
0.20224
0.17599
0.13342
0.10105
0.35555
0.13400
0.10064
0.29579
0.14959
0.18196
0.20187
0.19391
0.16457
0.14906
0.11856
0.23738
0.22981
0.16839
0.12267
0.14701
0.20446
0.17990
0.21688
0.29957
0.25407
0.25974
0.19581
0.13151
0.30574
0.30778
0.32102
0.06669
0.25350
0.12604
0.29164
0.20374
0.13610
0.16094
0.20450
0.10880
0.17699
0.22877
0.09630
0.09817
0.08863
0.25841
0.15514
0.25876
0.18525
0.25250
0.25009
0.19550
0.09455
0.27879
0.28718
0.33747
0.24216
0.31609
0.23035
0.24813
0.30391
0.28156
0.24141
0.08209
0.09748
0.16355
0.24033
0.07385
0.08601
0.21621
0.18548
0.22835
0.16049
0.19553
0.11853
0.24782
0.29498
0.20208
0.18157
0.29933
0.17571
0.14065
0.31911
0.07132
0.24122
0.07752
0.13034
0.17956
0.08042
0.24869
0.33498
0.14030
0.10841
0.17236
0.24200
0.11467
0.07160
0.11951
0.07781
0.07453
0.18194
0.21518
0.10455
0.22520
0.23495
0.16726
0.15053
0.23777
0.28216
0.24665
0.28824
0.31370
0.20240
0.26532
0.32112
0.30900
0.34015
0.26298
0.26656
0.32749
0.29460
0.23362
0.25037
0.21097
0.30826
0.21885
0.34553
0.31049
0.27217
0.27997
0.26990
0.28018
0.36587
0.29713
0.26931
0.27484
0.30001
0.24105
0.27423
0.30079
0.28026
0.23425
0.24537
0.32298
0.27988
0.25398
0.23793
0.31844
0.28989
0.26088
0.34280
0.22508
0.33133
0.32835
0.28667
0.31756
0.30915
0.31152
0.23448
0.29852
0.32811
0.24180
0.31517
0.28446
0.25079
0.26803
0.31530
0.19576
0.31057
0.26678
0.25759
0.27619
0.26519
0.28210
0.19330
0.23880
0.34796
0.14507
0.27799
0.23686
0.20184
0.22451
0.36806
0.31502
0.29143
0.18575
0.33951
0.27800
0.27039
0.35296
0.26029
0.31792
0.29918
0.25035
0.27946
0.19690
0.34134
0.30259
0.27147
0.18534
0.33265
0.21758
0.26392
0.28193
0.26006
0.32676
0.30202
0.22940
0.27612
0.26925
0.19120
0.20612
0.31789
0.20814
0.21028
0.15371
0.31431
0.33473
0.30763
0.28086
0.25550
0.31473
0.19853
0.30052
0.30339
0.30317
0.22660
0.26502
0.30053
0.21682
0.19540
0.36330
0.28392
0.23835
0.34479
0.29782
0.25355
0.36032
0.25499
0.22202
0.31976
0.22024
0.27392
0.31443
0.29477
0.29571
0.27071
0.18403
0.31811
0.22803
0.30125
0.22306
0.27757
0.32008
0.26945
0.20528
0.25063
0.29315
0.19879
0.32998
0.21159
0.26424
0.25674
0.24352
0.22519
0.30659
0.28998
0.31174
0.27891
0.24234
0.28919
0.22736
0.25069
0.23812
0.26175
0.31785
0.18071
0.20774
0.30801
0.28550
0.23408
0.17855
0.23579
0.26354
0.24445
0.26447
0.26919
0.32597
0.19179
0.26488
0.25745
0.29013
0.19075
0.31634
0.30361
0.27517
0.37818
0.20117
0.32516
0.23052
0.34402
0.26846
0.28395
0.27349
0.31963
0.26109
0.21007
0.31661
0.28334
0.28672
0.25285
0.23234
0.32343
0.24690
0.27134
0.25355
0.33869
0.25118
0.32231
0.22782
0.28173
0.29145
0.27919
0.23570
0.27691
0.26619
0.31750
0.21094
0.33446
0.25116
0.28761
0.25882
0.23632
0.26737
0.17006
0.25758
0.29490
0.29541
0.28251
0.30921
0.33437
0.26163
0.24328
0.23221
0.26163
0.30087
0.27750
0.25229
0.20981
0.30243
0.29042
0.26768
0.30237
0.23595
0.31921
0.30447
0.22449
0.21537
0.26925
0.28122
0.30277
0.28070
0.25785
0.31060
0.33737
0.16470
0.24782
0.30464
0.28191
0.29985
0.30241
0.32616
0.24022
0.22396
0.21127
0.26786
0.28529
0.32671
0.30359
0.30045
0.28792
0.23816
0.25539
0.25980
0.26799
0.19423
0.33942
0.24565
0.24943
0.31713
0.32096
0.28573
0.24730
0.27715
0.25499
0.33458
0.33949
0.28223
0.24847
0.21643
0.31327
0.30906
0.14123
0.30674
0.22692
0.26258
0.29117
0.24290
0.31484
0.22582
0.27594
0.23301
0.26168
0.25742
0.32028
0.29964
0.28785
0.20840
0.26148
0.25566
0.23636
0.24683
0.32452
0.25533
0.34626
0.28663
0.27759
0.30186
0.26840
0.24980
0.27434
0.19204
0.31150
0.27528
0.31469
0.24382
0.29538
0.32457
0.25981
0.28329
0.31959
0.20536
0.20362
0.29922
0.26097
0.32779
0.26963
0.31985
0.35398
0.36272
0.26834
0.30071
0.27891
0.30860
0.28379
0.34057
0.26961
0.27833
0.31366
0.29598
0.30472
0.31372
0.37815
0.24147
0.25805
0.29391
0.26698
0.27634
0.33791
0.24774
0.24802
0.31621
0.22890
0.29284
0.28692
0.31602
0.25630
0.25808
0.28251
0.28766
0.24801
0.34272
0.29944
0.26482
0.31058
0.29330
0.32438
0.29283
0.29203
0.14687
0.29395
0.32847
0.33581
0.31400
0.30455
0.38313
0.39302
0.27412
0.20344
0.32463
0.36132
0.28386
0.22313
0.30473
0.34110
0.24804
0.22681
0.33369
0.24873
0.26539
0.23501
0.34350
0.35828
0.42091
0.30654
0.30935
0.28695
0.38994
0.27681
0.32078
0.30938
0.36247
0.27113
0.20106
0.28619
0.45619
0.26098
0.40362
0.40431
0.22091
0.30270
0.35765
0.29381
0.27971
0.26151
0.28321
0.23469
0.29940
0.29355
0.31715
0.28394
0.38359
0.29167
0.28350
0.25120
0.20246
0.26590
0.40222
0.24525
0.13084
0.32692
0.15101
0.21081
0.41293
0.17220
0.21544
0.23288
0.28058
0.23184
0.46069
0.19566
0.34173
0.38719
0.26753
0.23503
0.27079
0.25688
0.21423
0.36075
0.17410
0.36663
0.35912
0.27046
0.25021
0.22723
0.35890
0.28889
0.22039
0.33485
0.42825
0.32688
0.29769
0.34953
0.38848
0.23596
0.27469
0.29724
0.39405
0.20417
0.24764
0.23829
0.37124
0.28251
0.26469
0.25605
0.34629
0.37732
0.25988
0.29428
0.34211
0.27904
0.29763
0.27081
0.37408
0.30892
0.24917
0.28893
0.31624
0.35198
0.28741
0.31629
0.24285
0.34020
0.28052
0.25884
0.32068
0.29433
0.24149
0.29287
0.21256
0.32167
0.23961
0.10179
0.14824
0.22918
0.22001
0.25550
0.19979
0.26711
0.34906
0.24165
0.06414
0.19417
0.07362
0.31402
0.23824
0.17865
0.22153
0.13522
0.16615
0.20333
0.21787
0.11075
0.14009
0.21512
0.27419
0.19132
0.20417
0.27803
0.09598
0.27825
0.22242
0.05936
0.13340
0.13453
0.27165
0.16266
0.25570
0.21343
0.31318
0.04622
0.12289
0.13198
0.06663
0.29690
0.18434
0.15372
0.20970
0.26711
0.17385
0.27664
0.22078
0.11261
0.25439
0.07965
0.12153
0.26299
0.18075
0.28634
0.16159
0.10850
0.20695
0.19353
0.27528
0.24823
0.06243
0.12478
0.12001
0.23523
0.14165
0.15857
0.15520
0.18852
0.18579
0.18251
0.27983
0.25651
0.16954
0.16650
0.22166
0.05597
0.11136
0.20208
0.19274
0.20400
0.24627
0.26858
0.20093
0.30933
0.24191
0.28948
0.21112
0.25455
0.15630
0.05165
0.24840
0.09946
0.09539
0.17555
0.24903
0.22984
0.20723
0.07918
0.13511
0.15149
0.17479
0.19241
0.27771
0.16266
0.24723
0.30689
0.15775
0.25615
0.15032
0.05817
0.07744
0.17547
0.08976
0.19294
0.26551
0.28923
0.18754
0.11625
0.03632
0.08119
0.10972
0.23739
