0.08721
0.10964
0.05021
0.26683
0.07245
0.13423
0.21235
0.13980
0.15092
0.09890
0.19617
0.13280
0.17653
0.13995
0.13394
0.22475
0.15725
0.11007
0.07168
0.15029
0.29518
0.14622
0.09334
0.13088
0.22407
0.15099
0.12564
0.27423
0.15797
0.16936
0.11985
0.25617
0.16492
0.11056
0.10132
0.09743
0.18232
0.10582
0.17445
0.17820
0.28494
0.30238
0.11320
0.14855
0.29608
0.20748
0.15848
0.28760
0.19675
0.18017
0.11917
0.15100
0.14863
0.28640
0.09857
0.25383
0.19808
0.11405
0.13034
0.11134
0.25545
0.31104
0.16449
0.24202
0.27764
0.34490
0.08333
0.18682
0.10917
0.06643
0.15407
0.33096
0.32737
0.21932
0.25385
0.11834
0.10670
0.06834
0.19311
0.18897
0.32102
0.19185
0.37002
0.27885
0.25315
0.33695
0.09220
0.09431
0.12816
0.23507
0.34532
0.18196
0.07631
0.27413
0.07985
0.17766
0.22298
0.23154
0.21494
0.13239
0.10331
0.21828
0.12482
0.13317
0.20927
0.29803
0.14472
0.17402
0.19635
0.27071
0.07314
0.27415
0.06545
0.23363
0.13054
0.18005
0.25366
0.09731
0.08052
0.17526
0.20055
0.08046
0.30639
0.02447
0.08655
0.13219
0.30827
0.26353
0.12050
0.26468
0.08882
0.11484
0.24818
0.34092
0.11587
0.14382
0.03976
0.29290
0.29084
0.06034
0.20715
0.07154
0.30260
0.22733
0.18730
0.27249
0.10760
0.35882
0.18724
0.09966
0.20420
0.27346
0.12200
0.30149
0.29566
0.32977
0.14906
0.19158
0.13688
0.20251
0.28333
0.24021
0.29112
0.31656
0.11471
0.14114
0.25905
0.28171
0.11170
0.27845
0.04768
0.20859
0.24896
0.03989
0.07026
0.23270
0.05522
0.09384
0.25455
0.30448
0.12670
0.10733
0.22900
0.14274
0.11035
0.16424
0.24545
0.28241
0.24573
0.19305
0.12834
0.08335
0.07556
0.17545
0.17106
0.21493
0.21476
0.19405
0.11097
0.29659
0.24975
0.08885
0.19980
0.19815
0.06352
0.22342
0.09794
0.21803
0.26423
0.11286
0.24574
0.25605
0.08986
0.25988
0.24248
0.24145
0.13502
0.28654
0.25208
0.33088
0.15514
0.24230
0.12156
0.06796
0.13006
0.10046
0.17193
0.27247
0.14440
0.05650
0.25711
0.15572
0.25723
0.10730
0.07196
0.20431
0.10282
0.07165
0.12111
0.28291
0.07132
0.29381
0.14590
0.10396
0.17676
0.20987
0.11454
0.04623
0.11750
0.11871
0.11800
0.13010
0.09801
0.26765
0.14311
0.18173
0.21361
0.12582
0.06119
0.14981
0.23807
0.15233
0.21320
0.17122
0.13006
0.27778
0.28335
0.10192
0.20784
0.07647
0.09288
0.13418
0.08933
0.05096
0.35223
0.16048
0.06053
0.22594
0.15089
0.12668
0.24965
0.30164
0.13406
0.07982
0.31843
0.11412
0.23722
0.19675
0.21866
0.18214
0.11449
0.08981
0.24084
0.22942
0.15310
0.11435
0.14534
0.14416
0.18751
0.18208
0.31623
0.29785
0.30229
0.23345
0.14393
0.30023
0.28860
0.33941
0.03864
0.26322
0.15227
0.30465
0.20557
0.11459
0.15423
0.10420
0.11580
0.20928
0.21364
0.09801
0.06161
0.10107
0.23533
0.21321
0.21315
0.20023
0.21766
0.25142
0.10221
0.05959
0.25109
0.28343
0.33989
0.24806
0.34436
0.23326
0.25726
0.29519
0.29072
0.23126
0.08605
0.10247
0.16493
0.18977
0.05321
0.13106
0.19730
0.13397
0.28349
0.10763
0.20340
0.15103
0.28719
0.24630
0.25373
0.20627
0.28091
0.15808
0.16222
0.29728
0.08398
0.20843
0.06827
0.10039
0.18618
0.06728
0.26296
0.31574
0.09074
0.07155
0.18073
0.25386
0.10436
0.06809
0.12062
0.07561
0.04924
0.09691
0.20055
0.13934
0.27578
0.17354
0.23465
0.12427
0.14229
0.27110
0.25524
0.29567
0.31851
0.20495
0.26483
0.30565
0.32537
0.34197
0.26033
0.29072
0.31976
0.29475
0.23332
0.28333
0.22314
0.32119
0.18287
0.34136
0.29605
0.23355
0.29142
0.25010
0.30295
0.35882
0.31345
0.27649
0.29862
0.31466
0.26203
0.29512
0.29600
0.27101
0.22899
0.24215
0.32121
0.26786
0.29530
0.19618
0.31191
0.29977
0.28973
0.35232
0.23335
0.31501
0.31868
0.30367
0.33267
0.32513
0.30811
0.25155
0.30703
0.32818
0.25629
0.31579
0.28985
0.28707
0.30764
0.29567
0.21323
0.32924
0.27314
0.26993
0.27741
0.25363
0.30430
0.18558
0.23081
0.34123
0.12626
0.29529
0.26422
0.22773
0.18696
0.37767
0.30609
0.29439
0.16237
0.30784
0.27818
0.26286
0.34052
0.27900
0.32334
0.28270
0.24363
0.29804
0.16237
0.32978
0.31328
0.25294
0.17395
0.33413
0.18335
0.23774
0.27837
0.26679
0.31354
0.27596
0.20517
0.29023
0.29663
0.18257
0.19345
0.31361
0.18122
0.16579
0.17452
0.28579
0.32634
0.29456
0.29934
0.24281
0.31879
0.20959
0.32130
0.30731
0.32239
0.20992
0.26380
0.31591
0.21089
0.17698
0.35902
0.26025
0.26768
0.32013
0.28299
0.24585
0.37610
0.29029
0.22976
0.31668
0.19718
0.27143
0.31711
0.30380
0.26790
0.25078
0.18580
0.35661
0.21142
0.31893
0.22299
0.29578
0.33900
0.25499
0.17029
0.20210
0.28875
0.20701
0.30707
0.17298
0.26479
0.24046
0.21133
0.26007
0.31442
0.28273
0.30074
0.28755
0.24640
0.29309
0.22393
0.25565
0.26554
0.27796
0.30209
0.14442
0.18660
0.28616
0.29994
0.26864
0.15618
0.22194
0.24360
0.25519
0.23107
0.29186
0.34063
0.14963
0.27732
0.24589
0.32599
0.21656
0.31538
0.27823
0.24935
0.37586
0.19758
0.30600
0.23848
0.33805
0.27791
0.27789
0.27235
0.31678
0.27206
0.17253
0.30917
0.28263
0.30305
0.25886
0.26333
0.31043
0.24827
0.26644
0.24668
0.30417
0.25987
0.32195
0.23476
0.29906
0.27551
0.26485
0.19917
0.29340
0.25969
0.31443
0.22463
0.31308
0.24293
0.29654
0.23560
0.26102
0.27563
0.14829
0.28394
0.29867
0.27731
0.28775
0.31784
0.32785
0.28756
0.25733
0.26296
0.27712
0.30572
0.29894
0.23639
0.17684
0.30674
0.26674
0.24895
0.30633
0.20552
0.31445
0.32159
0.24490
0.18836
0.25791
0.26841
0.31282
0.28955
0.26365
0.29894
0.32067
0.14304
0.24749
0.28699
0.26818
0.30790
0.29905
0.30078
0.22103
0.22688
0.16273
0.29672
0.30588
0.33538
0.29073
0.27290
0.30768
0.23066
0.27638
0.26564
0.24698
0.19041
0.30137
0.24309
0.20926
0.31103
0.30777
0.29683
0.21812
0.30612
0.26415
0.35708
0.30016
0.27053
0.24610
0.18256
0.32519
0.27521
0.11522
0.31371
0.19912
0.28498
0.30742
0.20575
0.29881
0.24600
0.29278
0.21779
0.28722
0.25542
0.30180
0.29717
0.29676
0.19318
0.26704
0.24950
0.24754
0.25707
0.30382
0.24399
0.35113
0.26109
0.27757
0.31985
0.27471
0.26362
0.25939
0.19894
0.29993
0.27883
0.30510
0.25757
0.26719
0.32539
0.25913
0.29497
0.33078
0.20260
0.23043
0.31116
0.28709
0.32899
0.28975
0.31046
0.35189
0.35936
0.26633
0.29430
0.26351
0.27510
0.28971
0.34889
0.29062
0.27546
0.30249
0.28471
0.32541
0.30639
0.37135
0.21171
0.30813
0.30561
0.26328
0.28707
0.32860
0.24736
0.26121
0.30390
0.23566
0.30464
0.28863
0.30559
0.27797
0.28647
0.29477
0.24516
0.27266
0.34720
0.28701
0.27089
0.32366
0.28895
0.32274
0.30528
0.28130
0.14295
0.30770
0.32856
0.33921
0.33525
0.30455
0.39198
0.41684
0.28896
0.17436
0.31697
0.37487
0.28128
0.23032
0.31910
0.31414
0.24982
0.26917
0.32304
0.27143
0.26408
0.24812
0.32492
0.34563
0.37839
0.29457
0.32292
0.27840
0.38388
0.27868
0.29882
0.30376
0.36899
0.28565
0.21186
0.30511
0.44415
0.23003
0.41386
0.40216
0.19504
0.30099
0.36153
0.32464
0.29127
0.25464
0.29671
0.23486
0.27708
0.31262
0.28824
0.28221
0.38232
0.30550
0.30419
0.23300
0.21249
0.27244
0.39545
0.21530
0.12352
0.34674
0.13252
0.21648
0.41596
0.15935
0.25219
0.22956
0.29848
0.23384
0.44111
0.18772
0.34704
0.39136
0.25375
0.21638
0.25383
0.26103
0.20437
0.35301
0.17568
0.37379
0.34260
0.28189
0.24911
0.25853
0.33215
0.29150
0.22038
0.32260
0.42466
0.30955
0.29979
0.36380
0.37960
0.24485
0.25457
0.27401
0.39055
0.20371
0.24102
0.25453
0.34605
0.30154
0.24487
0.28348
0.31772
0.33982
0.25227
0.31459
0.34770
0.30951
0.30301
0.23578
0.37622
0.30599
0.24375
0.29136
0.30986
0.32765
0.26118
0.29630
0.24670
0.33137
0.26953
0.26813
0.32902
0.31749
0.23620
0.29042
0.21745
0.34854
0.21337
0.06499
0.16688
0.16297
0.25928
0.23201
0.18859
0.24537
0.34762
0.21136
0.07528
0.19084
0.07003
0.30723
0.24652
0.19870
0.30824
0.06218
0.15127
0.20151
0.16200
0.08964
0.09643
0.18824
0.29234
0.23901
0.21626
0.25778
0.08301
0.28956
0.22661
0.15569
0.08210
0.14528
0.29996
0.09695
0.23352
0.19656
0.32378
0.10313
0.08872
0.05410
0.08002
0.25443
0.10095
0.16886
0.19278
0.31078
0.19717
0.27472
0.21659
0.09997
0.27728
0.07677
0.08874
0.26447
0.17652
0.30524
0.11679
0.10104
0.20325
0.21194
0.26798
0.24828
0.03220
0.05764
0.20877
0.20727
0.20131
0.16253
0.09052
0.28392
0.15963
0.12006
0.25622
0.28393
0.09387
0.10692
0.17242
0.06887
0.04816
0.28028
0.16849
0.18835
0.23461
0.29229
0.19861
0.33050
0.26530
0.26801
0.23908
0.19826
0.16829
0.08055
0.25413
0.09494
0.06692
0.23244
0.24774
0.27830
0.27632
0.07464
0.05332
0.11898
0.19878
0.23785
0.29279
0.12649
0.15870
0.31089
0.10184
0.23451
0.13106
0.04225
0.04226
0.15686
0.09243
0.09108
0.26984
0.28206
0.12048
0.07342
0.04046
0.09840
0.14726
0.29707
