0.13145
0.10591
0.06730
0.27552
0.08512
0.11677
0.18171
0.13210
0.19562
0.05784
0.20288
0.11516
0.14601
0.13651
0.17417
0.19965
0.18272
0.16568
0.09817
0.13655
0.28591
0.13070
0.16600
0.05632
0.23923
0.12895
0.17249
0.21898
0.07834
0.13453
0.17875
0.24771
0.15575
0.09880
0.11252
0.08515
0.13696
0.09226
0.16445
0.16504
0.26892
0.28401
0.10798
0.12259
0.29342
0.18668
0.14590
0.24155
0.21445
0.13561
0.10008
0.14811
0.15657
0.28492
0.10469
0.24700
0.23424
0.13880
0.16612
0.10162
0.23347
0.27783
0.14102
0.22515
0.26913
0.35028
0.08328
0.11908
0.07828
0.04805
0.17798
0.30671
0.26195
0.18394
0.24894
0.13755
0.11670
0.04011
0.19552
0.17148
0.31967
0.17626
0.33274
0.26535
0.25871
0.30824
0.09175
0.07608
0.14001
0.26137
0.34453
0.14757
0.06601
0.21739
0.09264
0.18141
0.20079
0.22197
0.17990
0.14858
0.09177
0.18873
0.11997
0.12025
0.19189
0.29003
0.14916
0.15054
0.14721
0.28665
0.02782
0.26754
0.10352
0.23543
0.10638
0.16539
0.27526
0.10454
0.06881
0.15355
0.21914
0.10879
0.28128
0.01561
0.09682
0.13862
0.28078
0.28518
0.13167
0.24340
0.10892
0.13378
0.25070
0.27925
0.09460
0.15155
0.07923
0.29292
0.25427
0.05806
0.15975
0.02985
0.29490
0.20125
0.15567
0.30284
0.10271
0.32945
0.14497
0.08676
0.15258
0.23843
0.12561
0.29510
0.30137
0.33036
0.12872
0.15642
0.14592
0.16179
0.24835
0.28214
0.23998
0.29727
0.09359
0.16589
0.28333
0.27169
0.06463
0.23436
0.06621
0.20576
0.20785
0.04835
0.10458
0.18528
0.10422
0.07651
0.19164
0.27048
0.11714
0.10733
0.20318
0.14336
0.10229
0.19523
0.22089
0.24809
0.24891
0.21024
0.11716
0.06966
0.07060
0.18361
0.15741
0.25824
0.20661
0.22038
0.11003
0.28433
0.21689
0.10967
0.17309
0.17519
0.06823
0.22630
0.09467
0.24463
0.24689
0.09470
0.25553
0.22480
0.11958
0.21760
0.25706
0.21396
0.13469
0.19686
0.25138
0.33967
0.12472
0.18512
0.10907
0.11360
0.09852
0.07223
0.16700
0.15275
0.17072
0.05665
0.22408
0.10658
0.24199
0.12012
0.02429
0.23000
0.10457
0.05688
0.10572
0.24400
0.09299
0.28813
0.11878
0.10532
0.16084
0.21902
0.10799
0.06297
0.09820
0.10619
0.10526
0.12837
0.10967
0.22392
0.14078
0.15263
0.19696
0.07715
0.09807
0.12696
0.22367
0.17728
0.22402
0.15549
0.13882
0.24584
0.29802
0.10174
0.20365
0.05150
0.08494
0.11414
0.08445
0.04110
0.33260
0.16385
0.07578
0.22326
0.18283
0.08850
0.16224
0.31732
0.14457
0.04008
0.27977
0.11080
0.18190
0.16811
0.20708
0.11513
0.11580
0.07827
0.19107
0.20144
0.13614
0.09380
0.10785
0.14369
0.21634
0.19915
0.32711
0.28429
0.27263
0.20024
0.11469
0.28778
0.28319
0.31511
0.04409
0.26970
0.12607
0.29275
0.14690
0.09270
0.15805
0.13724
0.08289
0.15961
0.20046
0.10262
0.11595
0.10371
0.24375
0.09415
0.23710
0.17125
0.19179
0.21241
0.12880
0.05501
0.18440
0.27057
0.34760
0.20534
0.29972
0.21329
0.23867
0.27237
0.27977
0.23666
0.06749
0.06605
0.17661
0.23536
0.06419
0.05512
0.18309
0.14080
0.22456
0.11463
0.19054
0.08464
0.27428
0.23718
0.25111
0.18695
0.33116
0.16277
0.15132
0.29644
0.07868
0.24024
0.08546
0.11827
0.23470
0.07211
0.24333
0.28282
0.08604
0.11443
0.16066
0.26992
0.12033
0.04149
0.08235
0.07939
0.03763
0.11783
0.17376
0.09797
0.27421
0.16408
0.16428
0.07017
0.16850
0.28012
0.23030
0.30311
0.34005
0.17327
0.29976
0.29332
0.30389
0.34461
0.27143
0.26030
0.35168
0.28295
0.24552
0.28860
0.21587
0.29811
0.20057
0.36012
0.31070
0.25714
0.27857
0.26819
0.26830
0.35070
0.29142
0.26090
0.31955
0.31761
0.24027
0.28423
0.30980
0.28445
0.23932
0.24727
0.30109
0.29357
0.27984
0.22603
0.32846
0.27458
0.26394
0.31826
0.21057
0.34353
0.35166
0.28862
0.32399
0.33473
0.32941
0.24591
0.30014
0.33048
0.23651
0.31201
0.29637
0.29158
0.29925
0.30714
0.22458
0.32268
0.27693
0.25581
0.31548
0.28836
0.29393
0.18799
0.28950
0.34472
0.16042
0.26964
0.23168
0.19791
0.22644
0.36475
0.31236
0.30371
0.19339
0.34166
0.27246
0.26680
0.35663
0.30891
0.30571
0.28352
0.25414
0.29244
0.20225
0.34983
0.30532
0.27537
0.18119
0.33086
0.20273
0.25422
0.28080
0.25791
0.33314
0.32147
0.22053
0.29750
0.29970
0.18764
0.19083
0.30566
0.18205
0.18494
0.17151
0.28295
0.32230
0.25909
0.29007
0.25262
0.31866
0.24523
0.31271
0.29968
0.32461
0.21212
0.27617
0.30928
0.24729
0.20023
0.36511
0.28610
0.19689
0.32131
0.32094
0.24793
0.36812
0.29865
0.24325
0.31251
0.21053
0.27248
0.32377
0.30257
0.27552
0.24309
0.18708
0.33865
0.23803
0.28319
0.22541
0.29500
0.34122
0.27232
0.20953
0.21946
0.27470
0.22015
0.30449
0.19028
0.24823
0.21206
0.22752
0.22711
0.31329
0.31391
0.31710
0.26960
0.22535
0.31082
0.22875
0.20594
0.21739
0.27557
0.30065
0.15867
0.20278
0.27784
0.31463
0.25428
0.16794
0.19366
0.25285
0.23230
0.22111
0.26001
0.33020
0.15964
0.21963
0.27776
0.31449
0.18980
0.29505
0.27594
0.25761
0.34810
0.21052
0.29396
0.22981
0.35150
0.31369
0.26685
0.25431
0.31431
0.25189
0.19007
0.29615
0.29421
0.27550
0.27157
0.26970
0.33310
0.26308
0.27327
0.23148
0.32705
0.25075
0.30597
0.22605
0.27516
0.26750
0.28229
0.21328
0.27617
0.24996
0.32797
0.22447
0.30905
0.24043
0.27025
0.28766
0.27551
0.28105
0.17042
0.24586
0.31481
0.30027
0.27663
0.29261
0.32196
0.26638
0.24735
0.21782
0.29130
0.31245
0.27107
0.26170
0.16791
0.30367
0.28813
0.26816
0.27156
0.23910
0.30959
0.31352
0.22435
0.19614
0.27226
0.29188
0.30610
0.28321
0.25106
0.33120
0.33572
0.17314
0.24397
0.31584
0.27682
0.29764
0.32166
0.33066
0.22322
0.22547
0.19392
0.27264
0.26912
0.34165
0.29898
0.30457
0.30724
0.24434
0.26268
0.28508
0.27268
0.19553
0.34226
0.23174
0.24494
0.32284
0.30021
0.27252
0.22545
0.28437
0.29178
0.35248
0.31750
0.25615
0.28244
0.18074
0.32233
0.32762
0.13958
0.27654
0.18878
0.25061
0.29645
0.23394
0.28077
0.24124
0.25879
0.20768
0.23365
0.24451
0.33792
0.26369
0.27255
0.21847
0.27661
0.24789
0.23766
0.23295
0.33187
0.27856
0.34442
0.25394
0.22847
0.30322
0.27146
0.25007
0.26029
0.19206
0.31182
0.25245
0.32077
0.26007
0.29476
0.32974
0.27371
0.26307
0.31630
0.16500
0.18704
0.31915
0.23718
0.31937
0.29728
0.28976
0.31881
0.37788
0.31341
0.32050
0.26325
0.31051
0.31492
0.34828
0.26159
0.26581
0.31571
0.30355
0.31421
0.31320
0.37647
0.21361
0.30109
0.34351
0.25800
0.30246
0.34163
0.26831
0.23516
0.32687
0.21564
0.29438
0.29607
0.29615
0.27288
0.25592
0.29347
0.26418
0.27049
0.32975
0.28741
0.27766
0.31865
0.27327
0.31465
0.30496
0.28643
0.16849
0.31218
0.32073
0.37174
0.32305
0.31401
0.40568
0.42057
0.28694
0.19739
0.30561
0.37723
0.27365
0.18236
0.30881
0.34950
0.27902
0.25422
0.33359
0.22440
0.28944
0.26512
0.34324
0.36564
0.41566
0.29860
0.31205
0.28677
0.38925
0.32455
0.28493
0.30899
0.34016
0.28665
0.18853
0.32072
0.44046
0.28129
0.41863
0.38665
0.19143
0.30235
0.35173
0.27185
0.29191
0.24581
0.28565
0.22781
0.30641
0.32392
0.30791
0.30856
0.38749
0.31352
0.28861
0.27099
0.21144
0.29120
0.41230
0.23119
0.14167
0.32909
0.17852
0.19747
0.40857
0.18641
0.29264
0.25218
0.30265
0.24168
0.44824
0.21124
0.35813
0.38808
0.24638
0.23850
0.25907
0.28676
0.23242
0.37554
0.19269
0.37343
0.36114
0.28791
0.25263
0.24203
0.34824
0.28339
0.22217
0.34141
0.44424
0.31738
0.29915
0.36451
0.37152
0.23584
0.30392
0.28444
0.38296
0.22939
0.24633
0.25717
0.34529
0.28919
0.26216
0.26985
0.35147
0.37767
0.23385
0.31734
0.35372
0.30334
0.29399
0.24506
0.37134
0.30721
0.26680
0.30207
0.30779
0.33312
0.27982
0.30270
0.23374
0.35543
0.28186
0.24659
0.35051
0.32205
0.21208
0.30474
0.17330
0.27831
0.21196
0.05160
0.18469
0.19602
0.18024
0.30088
0.21154
0.26904
0.34593
0.27603
0.10335
0.11710
0.04200
0.26759
0.28698
0.19852
0.27742
0.07809
0.10834
0.18167
0.18329
0.10945
0.15409
0.21010
0.24314
0.17944
0.21276
0.23188
0.04692
0.30847
0.26110
0.04241
0.09646
0.14252
0.31899
0.09955
0.23635
0.15965
0.28593
0.03783
0.03182
0.01932
0.07043
0.28063
0.18864
0.20587
0.18912
0.30356
0.17228
0.30264
0.20922
0.06583
0.26859
0.10230
0.03629
0.31454
0.20713
0.30559
0.10349
0.10988
0.20405
0.19088
0.28062
0.23851
0.04230
0.06057
0.18945
0.20564
0.22106
0.20510
0.11148
0.22628
0.11549
0.14737
0.26243
0.25954
0.10411
0.15057
0.22469
0.06206
0.05350
0.23684
0.22268
0.16841
0.22439
0.26492
0.20824
0.32735
0.21460
0.24490
0.15289
0.20263
0.12347
0.07282
0.25849
0.12552
0.07182
0.19300
0.23778
0.32254
0.26722
0.03848
0.06407
0.15577
0.18506
0.22323
0.31110
0.12578
0.18658
0.29175
0.15246
0.25168
0.12068
0.05569
0.07889
0.17243
0.15160
0.08986
0.25439
0.25454
0.12678
0.09041
0.02355
0.09653
0.07113
0.23509
