0.10021
0.09411
0.04512
0.21251
0.06461
0.15468
0.24538
0.14532
0.16552
0.07114
0.18156
0.13356
0.17910
0.11009
0.10144
0.22461
0.12587
0.10915
0.04351
0.15399
0.28769
0.13285
0.15345
0.04858
0.22956
0.12571
0.14148
0.22897
0.07696
0.20578
0.20039
0.21411
0.11443
0.12008
0.07554
0.09482
0.11776
0.10590
0.10705
0.16258
0.30819
0.26783
0.06878
0.12072
0.28015
0.22327
0.16341
0.22006
0.17303
0.14441
0.09691
0.11757
0.13945
0.27392
0.09965
0.20866
0.22488
0.10922
0.12672
0.08505
0.28248
0.28404
0.12878
0.17529
0.26734
0.32811
0.03467
0.16966
0.10761
0.05543
0.12448
0.30339
0.30790
0.16282
0.25260
0.11634
0.07536
0.02617
0.23722
0.14729
0.28552
0.19191
0.31151
0.27374
0.27771
0.35125
0.09273
0.10149
0.12816
0.26462
0.32208
0.16523
0.06278
0.22336
0.07558
0.13978
0.21726
0.23962
0.21075
0.17445
0.09614
0.19774
0.10497
0.10358
0.22741
0.30056
0.14623
0.16393
0.14237
0.28741
0.03149
0.25098
0.10249
0.25144
0.12477
0.15512
0.28143
0.06110
0.07076
0.19997
0.24165
0.09144
0.28132
0.03289
0.09428
0.16018
0.25927
0.27400
0.16751
0.27492
0.10419
0.12824
0.26685
0.33559
0.09659
0.13220
0.07059
0.29240
0.25053
0.08956
0.18138
0.06218
0.28802
0.20726
0.11196
0.21223
0.08918
0.32766
0.17225
0.09129
0.16420
0.21331
0.10315
0.29460
0.30584
0.32283
0.10509
0.16985
0.13903
0.24181
0.24830
0.24494
0.29538
0.30363
0.08830
0.12890
0.31174
0.26006
0.05447
0.24493
0.04026
0.23186
0.23588
0.02304
0.11482
0.20085
0.11722
0.07463
0.16133
0.24992
0.12181
0.11182
0.23230
0.12670
0.08635
0.15258
0.21225
0.23053
0.27119
0.16970
0.10817
0.06590
0.04222
0.16648
0.13664
0.19495
0.19625
0.20620
0.10498
0.28149
0.23811
0.07549
0.19833
0.13991
0.10634
0.25360
0.10698
0.18958
0.26604
0.08926
0.18645
0.21863
0.09026
0.26351
0.26173
0.24868
0.12004
0.25299
0.17658
0.34803
0.09395
0.21018
0.11416
0.07387
0.06443
0.04377
0.16946
0.18942
0.15727
0.06647
0.23164
0.13914
0.21519
0.13461
0.08105
0.28416
0.10546
0.04960
0.10257
0.30156
0.13167
0.27892
0.10017
0.11286
0.11645
0.23556
0.10648
0.05485
0.08389
0.10817
0.09401
0.11558
0.14305
0.27234
0.13173
0.14161
0.19654
0.06461
0.06358
0.13439
0.22248
0.16424
0.22151
0.16564
0.17940
0.25428
0.28845
0.09338
0.15205
0.07628
0.08718
0.11473
0.06431
0.02511
0.37085
0.16874
0.07518
0.20516
0.20167
0.06364
0.16404
0.33036
0.13697
0.05945
0.30829
0.11702
0.17640
0.17278
0.15012
0.13005
0.07401
0.06919
0.16815
0.21832
0.18096
0.09334
0.16352
0.12625
0.16434
0.12177
0.31826
0.24865
0.27751
0.14175
0.11643
0.30520
0.30416
0.33398
0.02434
0.26772
0.12811
0.30946
0.11683
0.09498
0.14851
0.11750
0.08858
0.17435
0.24092
0.08731
0.08598
0.03458
0.27451
0.13094
0.24064
0.18419
0.25268
0.25521
0.13001
0.08820
0.24805
0.25546
0.36859
0.23404
0.31271
0.19120
0.23320
0.28859
0.25503
0.27262
0.05591
0.06645
0.12145
0.22549
0.05596
0.05453
0.19974
0.11260
0.18015
0.13107
0.16820
0.11749
0.25193
0.27671
0.26359
0.18970
0.29940
0.14482
0.10632
0.31300
0.07632
0.18607
0.05419
0.07214
0.21452
0.05167
0.24495
0.33004
0.07426
0.08772
0.12836
0.26405
0.10109
0.04547
0.04539
0.08002
0.05383
0.07962
0.18437
0.08846
0.30978
0.16140
0.20259
0.07755
0.18321
0.29256
0.24369
0.29720
0.33234
0.20504
0.29969
0.32446
0.31139
0.34584
0.27587
0.23829
0.34722
0.25497
0.25788
0.26458
0.22780
0.29993
0.19344
0.35228
0.32777
0.27134
0.25734
0.24688
0.26460
0.34802
0.29182
0.24962
0.29494
0.32274
0.23467
0.26921
0.29770
0.28258
0.25414
0.25978
0.31723
0.29704
0.27545
0.22005
0.34592
0.26644
0.26504
0.32768
0.21202
0.31131
0.33573
0.31026
0.32390
0.32398
0.29481
0.24867
0.29389
0.33498
0.23550
0.29623
0.30760
0.27758
0.29285
0.30588
0.18114
0.31593
0.25391
0.28082
0.28339
0.28020
0.29702
0.16504
0.27186
0.33760
0.14244
0.28409
0.22405
0.23334
0.20160
0.36782
0.31773
0.30983
0.17079
0.33453
0.27613
0.28013
0.36750
0.27943
0.30686
0.29436
0.24725
0.28949
0.17863
0.35351
0.31893
0.25906
0.15372
0.34479
0.21277
0.25295
0.28532
0.25661
0.34475
0.30535
0.21682
0.31259
0.31509
0.17278
0.21390
0.31861
0.17092
0.20327
0.16428
0.29426
0.33298
0.27198
0.29245
0.24872
0.32115
0.19793
0.32427
0.28063
0.29161
0.18503
0.29065
0.30060
0.20688
0.17232
0.37175
0.26314
0.21856
0.31222
0.29183
0.26846
0.36132
0.29365
0.21270
0.29557
0.18727
0.28531
0.30631
0.31227
0.26236
0.21273
0.15344
0.32418
0.20200
0.28828
0.20745
0.29030
0.32739
0.27272
0.20732
0.24246
0.30751
0.20693
0.29933
0.19728
0.23994
0.23544
0.22953
0.23124
0.33330
0.32875
0.31303
0.24464
0.22402
0.30800
0.20058
0.21597
0.22255
0.29781
0.28214
0.16095
0.17386
0.25861
0.29033
0.23470
0.14956
0.22808
0.26683
0.22193
0.24091
0.29605
0.33039
0.17793
0.27550
0.27015
0.30083
0.17691
0.29189
0.25965
0.24129
0.38359
0.18733
0.26696
0.23447
0.35835
0.29558
0.27845
0.27788
0.30452
0.28817
0.17685
0.31176
0.28068
0.27434
0.26107
0.26175
0.32549
0.22880
0.29740
0.22848
0.33403
0.24333
0.29054
0.22936
0.26764
0.30075
0.27170
0.22517
0.25962
0.24534
0.33233
0.22562
0.32587
0.22297
0.28716
0.28923
0.27759
0.28661
0.14703
0.27311
0.30891
0.31271
0.26286
0.29762
0.32126
0.25233
0.26771
0.22337
0.29602
0.28179
0.29096
0.25927
0.19372
0.29347
0.30010
0.25403
0.27661
0.24412
0.32199
0.30027
0.21785
0.19857
0.27569
0.28899
0.31864
0.29212
0.23721
0.33737
0.34705
0.15729
0.23837
0.29422
0.27852
0.29970
0.30011
0.32549
0.22972
0.19683
0.17370
0.28848
0.30383
0.34509
0.26939
0.27790
0.29053
0.23061
0.25384
0.29554
0.27590
0.17417
0.31005
0.20184
0.23906
0.32331
0.31834
0.26401
0.22952
0.28315
0.28282
0.34578
0.31814
0.27739
0.26489
0.20117
0.28566
0.30135
0.13992
0.29434
0.18683
0.28075
0.30814
0.22060
0.30254
0.24939
0.27752
0.21648
0.26835
0.23845
0.32406
0.29610
0.26885
0.21606
0.28760
0.24237
0.23024
0.21542
0.32348
0.25797
0.34197
0.22792
0.27206
0.27940
0.24366
0.28549
0.27843
0.16751
0.31375
0.26531
0.31383
0.25944
0.28655
0.34323
0.27286
0.28418
0.30930
0.17351
0.16469
0.32122
0.22038
0.31622
0.29948
0.29712
0.33016
0.37632
0.31027
0.33523
0.27472
0.29575
0.28266
0.36292
0.27106
0.27196
0.32044
0.30496
0.29197
0.32563
0.38488
0.21723
0.27833
0.32387
0.24314
0.31406
0.34576
0.24809
0.25433
0.32813
0.24007
0.30693
0.29621
0.29820
0.27341
0.25157
0.26395
0.26854
0.28251
0.32827
0.30130
0.26647
0.30535
0.29257
0.31581
0.28162
0.27796
0.13367
0.32292
0.32144
0.35065
0.28561
0.30093
0.40996
0.41606
0.25856
0.22387
0.28712
0.39332
0.29603
0.21615
0.27404
0.34748
0.25428
0.24599
0.32253
0.24804
0.28208
0.25904
0.31482
0.37541
0.43241
0.28469
0.29050
0.25859
0.37441
0.29531
0.29512
0.28183
0.36034
0.25090
0.20638
0.31078
0.45023
0.23946
0.40330
0.42586
0.19340
0.28772
0.35768
0.29737
0.28967
0.25177
0.23954
0.23146
0.29241
0.28868
0.29286
0.29821
0.37629
0.25322
0.26644
0.26973
0.20421
0.23088
0.39133
0.23381
0.14025
0.33330
0.15277
0.20641
0.39168
0.18488
0.28271
0.23048
0.26606
0.25115
0.46789
0.21430
0.33368
0.38250
0.25279
0.25429
0.24354
0.24473
0.21039
0.35275
0.19302
0.32281
0.34863
0.23235
0.26640
0.23038
0.33530
0.28813
0.21714
0.34980
0.43722
0.34871
0.30006
0.37152
0.36995
0.16527
0.29686
0.28236
0.37640
0.23253
0.21928
0.26485
0.33664
0.24800
0.26304
0.24683
0.30264
0.37083
0.23042
0.28676
0.34476
0.32080
0.29730
0.25874
0.39109
0.27491
0.27838
0.26297
0.29076
0.32167
0.28249
0.30818
0.21008
0.36214
0.25247
0.23184
0.30488
0.30437
0.23558
0.29821
0.19802
0.32206
0.22041
0.05783
0.13970
0.18076
0.25725
0.23729
0.19452
0.25242
0.33492
0.16976
0.04677
0.23168
0.02906
0.30844
0.21914
0.14914
0.30133
0.05978
0.12107
0.19952
0.23536
0.07598
0.19569
0.20885
0.24462
0.18175
0.21119
0.25520
0.05712
0.30636
0.20473
0.04655
0.06997
0.10773
0.24168
0.12156
0.25448
0.22061
0.31477
0.06504
0.05640
0.02298
0.08054
0.30499
0.10646
0.11265
0.15414
0.28556
0.15717
0.23489
0.21318
0.04043
0.25723
0.09054
0.04050
0.22460
0.19222
0.12641
0.06960
0.04679
0.20644
0.20999
0.22104
0.26208
0.02596
0.04286
0.19082
0.20129
0.16903
0.20267
0.10063
0.22959
0.17824
0.11223
0.25749
0.22523
0.06931
0.14315
0.13015
0.06203
0.06558
0.18988
0.09194
0.19511
0.26893
0.26776
0.19619
0.31544
0.22403
0.20696
0.13157
0.25746
0.19805
0.04767
0.22836
0.03906
0.07556
0.23306
0.23705
0.31569
0.25971
0.04871
0.07366
0.10738
0.21805
0.16683
0.23014
0.07337
0.16575
0.29619
0.12133
0.18519
0.10183
0.06069
0.05480
0.14003
0.04766
0.10115
0.26770
0.28645
0.11814
0.09428
0.03307
0.06162
0.07806
0.21774
