0.15177
0.14266
0.09125
0.25360
0.15234
0.12391
0.25199
0.16764
0.22452
0.06704
0.19325
0.14907
0.21550
0.13038
0.15642
0.21532
0.13481
0.17854
0.13995
0.20330
0.29181
0.11290
0.22122
0.10581
0.21623
0.17658
0.12428
0.27333
0.13175
0.17704
0.20424
0.25088
0.13932
0.11236
0.12409
0.10040
0.12612
0.15180
0.11997
0.18916
0.28282
0.26459
0.10316
0.14142
0.28262
0.24304
0.17393
0.26488
0.23629
0.18217
0.09775
0.20596
0.12407
0.27732
0.09071
0.21355
0.21369
0.14407
0.19070
0.12502
0.26434
0.29721
0.16185
0.23235
0.27940
0.29384
0.06839
0.19644
0.21494
0.05350
0.13788
0.31869
0.29764
0.19489
0.21895
0.18303
0.11654
0.04868
0.21683
0.17993
0.31573
0.15495
0.32716
0.25575
0.26736
0.33998
0.09922
0.08700
0.18996
0.27426
0.35562
0.19034
0.10323
0.24945
0.09388
0.18788
0.21439
0.22199
0.21239
0.19460
0.10184
0.20158
0.12749
0.12507
0.24863
0.27455
0.20868
0.18850
0.20974
0.27023
0.07000
0.22997
0.13681
0.25549
0.10855
0.20834
0.28622
0.06835
0.10851
0.17712
0.26942
0.14111
0.27350
0.04264
0.11960
0.14874
0.30340
0.27111
0.18545
0.24995
0.12976
0.12204
0.32650
0.33909
0.10716
0.16577
0.11803
0.26744
0.28618
0.06181
0.19279
0.06081
0.28187
0.17582
0.18259
0.31591
0.10969
0.34943
0.21474
0.09911
0.18802
0.29470
0.09582
0.31142
0.29865
0.32345
0.13239
0.19869
0.14272
0.17615
0.27685
0.28370
0.24489
0.33040
0.10609
0.16021
0.30144
0.23646
0.12356
0.27277
0.05738
0.25949
0.24960
0.07269
0.14744
0.23341
0.12763
0.07279
0.24513
0.27881
0.12654
0.11503
0.24668
0.17074
0.13014
0.20462
0.24611
0.26701
0.25447
0.25250
0.14498
0.08397
0.07590
0.17795
0.18575
0.23037
0.19773
0.16695
0.14683
0.29548
0.22945
0.10890
0.21368
0.14015
0.08580
0.20983
0.10553
0.21563
0.26989
0.10772
0.27965
0.24180
0.13919
0.25898
0.25749
0.23707
0.14032
0.30755
0.21006
0.34273
0.08142
0.22964
0.09737
0.12741
0.13654
0.09169
0.17810
0.18826
0.18591
0.09775
0.24438
0.11423
0.28712
0.12148
0.05058
0.25858
0.12335
0.05048
0.10347
0.25742
0.11454
0.30272
0.11489
0.10999
0.15463
0.21631
0.12543
0.07477
0.15097
0.12057
0.13581
0.24320
0.14044
0.25766
0.18313
0.16593
0.17974
0.11503
0.08984
0.13888
0.21635
0.21113
0.24190
0.21666
0.17513
0.27232
0.27315
0.09690
0.21802
0.05879
0.11640
0.12190
0.06938
0.07724
0.35038
0.19239
0.08005
0.21352
0.15382
0.08389
0.19474
0.34159
0.11810
0.10548
0.29291
0.14582
0.19301
0.19747
0.22514
0.18830
0.17076
0.07955
0.24098
0.20767
0.14756
0.11698
0.15559
0.23403
0.15330
0.21032
0.32956
0.32433
0.26465
0.18626
0.13193
0.28324
0.32929
0.34101
0.06266
0.28067
0.10841
0.27732
0.18153
0.11485
0.18974
0.12683
0.12134
0.18435
0.25494
0.12885
0.11227
0.05125
0.26577
0.15634
0.27163
0.19647
0.24907
0.27932
0.20725
0.06905
0.27014
0.28647
0.35004
0.29073
0.32545
0.24310
0.25027
0.28957
0.25832
0.27453
0.08079
0.11304
0.15702
0.22513
0.08999
0.11596
0.23402
0.15182
0.26753
0.15742
0.20030
0.11215
0.27298
0.25634
0.25665
0.22316
0.29055
0.15549
0.15768
0.31749
0.08905
0.22911
0.08367
0.15881
0.21197
0.07664
0.25154
0.33077
0.06486
0.09102
0.16268
0.23685
0.13323
0.07549
0.10512
0.06570
0.07850
0.14100
0.18448
0.11440
0.27598
0.21778
0.23541
0.12078
0.16938
0.29024
0.20421
0.29758
0.32980
0.17030
0.24722
0.31705
0.30091
0.33228
0.28733
0.26620
0.34253
0.24464
0.24276
0.26233
0.22957
0.30627
0.20658
0.35964
0.31436
0.28493
0.26135
0.24592
0.26316
0.34622
0.30622
0.26300
0.31150
0.32482
0.22035
0.28474
0.30143
0.26551
0.23252
0.24922
0.30442
0.30227
0.27677
0.23713
0.34192
0.28511
0.25501
0.28469
0.18940
0.31442
0.34340
0.27391
0.31348
0.30067
0.30136
0.25977
0.30765
0.32192
0.24296
0.29592
0.30837
0.28551
0.29595
0.30783
0.17766
0.32118
0.26089
0.28378
0.30890
0.26862
0.28927
0.18578
0.25112
0.34660
0.14976
0.27538
0.22175
0.22299
0.20302
0.37095
0.30048
0.28414
0.16449
0.33837
0.25945
0.28044
0.36160
0.31523
0.31960
0.28713
0.24734
0.27450
0.19167
0.34385
0.31030
0.24011
0.18111
0.32928
0.22199
0.26960
0.28625
0.26750
0.33304
0.30912
0.22770
0.31282
0.29999
0.15800
0.18256
0.31464
0.17679
0.21728
0.16690
0.26053
0.32398
0.29140
0.29966
0.24463
0.32163
0.21509
0.29883
0.30066
0.30197
0.18745
0.27427
0.31578
0.22593
0.18766
0.36125
0.28299
0.18454
0.30501
0.29401
0.25671
0.36419
0.31047
0.24081
0.29425
0.22517
0.26444
0.30383
0.30150
0.26073
0.23257
0.16454
0.31814
0.22055
0.30089
0.24294
0.27495
0.31451
0.28810
0.20111
0.22087
0.28000
0.20047
0.29860
0.20004
0.22934
0.23467
0.22758
0.24309
0.32153
0.31384
0.32503
0.27795
0.21955
0.33068
0.18733
0.23169
0.21309
0.29651
0.28048
0.17197
0.19121
0.24830
0.29401
0.24462
0.16254
0.20457
0.25299
0.22067
0.23192
0.29422
0.32847
0.18182
0.25308
0.25681
0.30789
0.18282
0.31446
0.24727
0.24324
0.37647
0.19115
0.28657
0.25062
0.33903
0.31983
0.28595
0.28681
0.30375
0.25201
0.18444
0.31271
0.26299
0.28177
0.28086
0.27617
0.33098
0.22816
0.27518
0.21797
0.34368
0.24950
0.29911
0.23508
0.27740
0.26258
0.25712
0.23368
0.24147
0.23154
0.32234
0.22513
0.32584
0.22343
0.27738
0.29223
0.27783
0.26720
0.14548
0.23453
0.31295
0.33130
0.28275
0.29722
0.29768
0.25846
0.23349
0.22864
0.29079
0.30585
0.27358
0.24481
0.19747
0.30476
0.29467
0.27071
0.29165
0.24933
0.34364
0.31544
0.19533
0.19052
0.27545
0.29572
0.30157
0.27062
0.23387
0.32752
0.34038
0.15464
0.23794
0.31208
0.27958
0.29597
0.30404
0.34639
0.24990
0.20109
0.19255
0.26787
0.30334
0.35043
0.28291
0.29622
0.29944
0.24094
0.24156
0.29981
0.26795
0.17015
0.31071
0.21095
0.22924
0.32266
0.31057
0.26554
0.25165
0.24976
0.28358
0.33724
0.33422
0.23272
0.26794
0.19644
0.31292
0.31485
0.12970
0.29588
0.18557
0.24494
0.27986
0.25383
0.26497
0.24110
0.26509
0.23047
0.25779
0.23794
0.32778
0.29086
0.28766
0.18857
0.31309
0.24107
0.24261
0.22425
0.31129
0.26365
0.33092
0.24210
0.26807
0.29962
0.25759
0.25336
0.27136
0.20020
0.32078
0.28192
0.31875
0.26861
0.29366
0.34740
0.25699
0.28512
0.30819
0.16011
0.22411
0.30966
0.23045
0.32393
0.30811
0.28948
0.31395
0.38244
0.28962
0.32642
0.25360
0.30556
0.29242
0.34193
0.28636
0.26086
0.32799
0.32154
0.29398
0.32265
0.38068
0.21038
0.28387
0.33475
0.24025
0.31775
0.33186
0.23288
0.24012
0.31722
0.22447
0.30650
0.31135
0.28300
0.23461
0.28278
0.27343
0.26013
0.28012
0.34035
0.28506
0.26124
0.32103
0.26360
0.30737
0.29783
0.25815
0.13419
0.30638
0.30306
0.33647
0.31619
0.31812
0.39862
0.39435
0.28567
0.21282
0.31496
0.37600
0.28011
0.21197
0.30844
0.33636
0.24345
0.25557
0.33048
0.25485
0.26220
0.25422
0.32501
0.35572
0.40280
0.26811
0.31231
0.26472
0.37327
0.28563
0.31222
0.31939
0.33797
0.29250
0.15389
0.30655
0.41818
0.25763
0.39855
0.40351
0.21729
0.29827
0.35112
0.33214
0.28769
0.24897
0.29674
0.23260
0.29237
0.32114
0.30698
0.30639
0.37190
0.28850
0.29099
0.24933
0.23054
0.26471
0.38720
0.18410
0.16399
0.33830
0.13768
0.21420
0.39543
0.19142
0.21967
0.22600
0.29599
0.22687
0.45701
0.20093
0.32430
0.36917
0.24621
0.23266
0.25495
0.25931
0.19621
0.35702
0.19372
0.35898
0.35621
0.27508
0.25678
0.25197
0.34149
0.26584
0.22933
0.32773
0.41283
0.31591
0.28611
0.36132
0.35951
0.22160
0.25992
0.28533
0.39117
0.22259
0.22151
0.23503
0.36270
0.29226
0.24424
0.26700
0.30884
0.36616
0.24284
0.29109
0.33530
0.30004
0.29203
0.24330
0.36917
0.28865
0.26546
0.29090
0.31054
0.31569
0.25121
0.27955
0.24079
0.34317
0.26693
0.26299
0.31438
0.30407
0.23494
0.29450
0.20045
0.29255
0.23449
0.04285
0.17552
0.19246
0.13827
0.30538
0.20110
0.30240
0.31347
0.28076
0.04924
0.22251
0.04823
0.32538
0.22196
0.20628
0.28926
0.13485
0.16648
0.20701
0.27205
0.11223
0.12604
0.26780
0.28523
0.17931
0.20431
0.27164
0.06178
0.35288
0.22753
0.04642
0.12022
0.17992
0.29700
0.13948
0.24444
0.21083
0.30308
0.07043
0.07939
0.10126
0.09692
0.22970
0.16009
0.17667
0.11418
0.30670
0.15650
0.28884
0.21249
0.09758
0.32425
0.11744
0.04889
0.30430
0.19933
0.21410
0.09889
0.09356
0.19953
0.21212
0.28069
0.27254
0.05878
0.09849
0.17986
0.18634
0.21154
0.15580
0.14778
0.27915
0.19574
0.12146
0.25385
0.28235
0.14614
0.19111
0.19810
0.04082
0.09261
0.25035
0.23125
0.17883
0.25466
0.30235
0.19366
0.33908
0.30677
0.24936
0.17216
0.19764
0.22745
0.04382
0.26748
0.10433
0.06177
0.17772
0.26508
0.29148
0.28089
0.06127
0.07668
0.15802
0.21411
0.24873
0.30429
0.16092
0.18054
0.33610
0.11447
0.22449
0.09922
0.02215
0.05956
0.16787
0.10497
0.06276
0.22765
0.27275
0.13228
0.10658
0.11121
0.05781
0.06283
0.25297
