0.14718
0.10023
0.04605
0.24599
0.07929
0.12596
0.25086
0.14895
0.14467
0.04291
0.22518
0.13069
0.17166
0.11175
0.12636
0.23305
0.11899
0.13569
0.08674
0.15365
0.29137
0.13669
0.15162
0.08462
0.19128
0.15497
0.11872
0.28718
0.08954
0.19027
0.17871
0.28858
0.15003
0.11454
0.07029
0.12200
0.12695
0.03580
0.10357
0.18222
0.30151
0.28063
0.09031
0.13626
0.29185
0.24643
0.15565
0.23095
0.17440
0.16993
0.10425
0.11970
0.16166
0.31736
0.08853
0.26916
0.24124
0.12673
0.09621
0.10234
0.29307
0.26509
0.09594
0.21937
0.27285
0.31707
0.04821
0.17190
0.12542
0.04125
0.13012
0.29459
0.30713
0.22961
0.26475
0.13701
0.07643
0.02739
0.23165
0.18154
0.30995
0.22328
0.26793
0.27184
0.26915
0.37006
0.09807
0.12088
0.13583
0.24797
0.28474
0.18943
0.07306
0.26616
0.04775
0.13951
0.22304
0.22519
0.18561
0.18971
0.09602
0.19487
0.13589
0.12666
0.24082
0.28116
0.16234
0.18440
0.20902
0.26731
0.04190
0.27397
0.06211
0.25036
0.12567
0.17981
0.27277
0.05618
0.07209
0.13954
0.25041
0.06111
0.28806
0.03771
0.12712
0.18639
0.32197
0.24462
0.21196
0.27207
0.07458
0.10716
0.32863
0.30675
0.10512
0.20191
0.05509
0.27358
0.26574
0.07303
0.19580
0.04773
0.28372
0.15114
0.12552
0.29973
0.11980
0.33383
0.19314
0.09659
0.19309
0.22321
0.12164
0.30414
0.30621
0.30574
0.10636
0.14568
0.15050
0.25010
0.28527
0.29611
0.31035
0.31758
0.09682
0.08922
0.29648
0.25527
0.06561
0.28136
0.05865
0.22130
0.27035
0.06255
0.13126
0.19262
0.07763
0.08648
0.18087
0.25796
0.06296
0.10438
0.23221
0.15080
0.08713
0.16305
0.24163
0.25652
0.23954
0.20991
0.13134
0.04997
0.06008
0.13728
0.12404
0.25195
0.22362
0.17288
0.06910
0.29083
0.23780
0.06270
0.17736
0.16607
0.08254
0.25458
0.12930
0.18292
0.24287
0.13713
0.25816
0.23480
0.10903
0.28111
0.26838
0.25105
0.12869
0.32920
0.21972
0.32533
0.09662
0.21417
0.13337
0.09512
0.06590
0.04783
0.21757
0.19653
0.19585
0.06405
0.24673
0.12312
0.20445
0.14122
0.05857
0.29483
0.11283
0.04657
0.12435
0.25957
0.09247
0.30568
0.07251
0.11064
0.18931
0.19959
0.11476
0.05953
0.11720
0.10803
0.11882
0.11501
0.09121
0.27308
0.14155
0.15250
0.21706
0.08434
0.05903
0.13597
0.16417
0.14468
0.20204
0.18348
0.15214
0.26545
0.27556
0.09444
0.21133
0.08553
0.11100
0.12652
0.06010
0.04899
0.35241
0.15222
0.05802
0.17861
0.14517
0.06244
0.18798
0.31938
0.13102
0.07662
0.28839
0.11563
0.24530
0.16198
0.11907
0.15360
0.08971
0.07743
0.22541
0.19171
0.15078
0.09970
0.20556
0.15343
0.21479
0.17254
0.30947
0.26608
0.24365
0.11519
0.11674
0.27613
0.30758
0.30137
0.03246
0.25789
0.11912
0.29429
0.15025
0.08059
0.12342
0.12824
0.09901
0.23677
0.23730
0.06414
0.06313
0.08457
0.26870
0.19760
0.21044
0.21306
0.24805
0.25632
0.15306
0.05110
0.26730
0.29683
0.37747
0.31159
0.33588
0.24308
0.25016
0.29581
0.25695
0.26796
0.05716
0.09939
0.15595
0.22189
0.06860
0.09323
0.21299
0.10525
0.21936
0.11805
0.17844
0.12677
0.28095
0.24327
0.27261
0.18594
0.27654
0.12359
0.17756
0.31262
0.07719
0.23373
0.03207
0.08003
0.20947
0.03138
0.24228
0.31350
0.09456
0.07540
0.15076
0.25834
0.11120
0.05208
0.06744
0.05402
0.07881
0.07517
0.17847
0.06578
0.26176
0.15670
0.21797
0.11169
0.16210
0.29536
0.20072
0.26646
0.35117
0.16274
0.26963
0.31038
0.28892
0.32658
0.28780
0.23946
0.35162
0.24740
0.24765
0.24454
0.22998
0.28878
0.19939
0.37453
0.32065
0.25420
0.25857
0.26337
0.26135
0.34411
0.27547
0.22012
0.32152
0.33007
0.22069
0.25994
0.31850
0.27424
0.23320
0.26004
0.27624
0.30830
0.25124
0.23120
0.34717
0.25156
0.22528
0.30812
0.16071
0.30922
0.34596
0.29672
0.28305
0.29605
0.28279
0.26211
0.27904
0.33150
0.19649
0.27676
0.32867
0.25497
0.29560
0.29775
0.19538
0.29105
0.25896
0.28124
0.30245
0.28757
0.27055
0.20097
0.28630
0.35843
0.14746
0.28212
0.21592
0.21629
0.19077
0.35520
0.29070
0.32835
0.16362
0.35243
0.27800
0.28498
0.37163
0.30932
0.29086
0.28733
0.23456
0.28303
0.17772
0.35580
0.29219
0.21571
0.16865
0.32310
0.21368
0.26772
0.29663
0.26440
0.34716
0.32439
0.23236
0.32300
0.31393
0.17713
0.17559
0.29077
0.18741
0.20735
0.14850
0.28245
0.34524
0.26786
0.25956
0.24357
0.29179
0.22876
0.30032
0.26690
0.27208
0.16538
0.28255
0.28739
0.23054
0.18466
0.33964
0.29675
0.20261
0.28718
0.32247
0.23517
0.34724
0.30959
0.24362
0.27265
0.20943
0.29840
0.30145
0.26659
0.26155
0.23028
0.16023
0.31400
0.22345
0.27721
0.23242
0.27657
0.30667
0.28330
0.20968
0.20358
0.28279
0.20039
0.30055
0.20452
0.22040
0.24082
0.24599
0.19893
0.30399
0.31627
0.31571
0.24696
0.19920
0.32027
0.19020
0.20934
0.20904
0.29442
0.29059
0.16273
0.18188
0.26638
0.26776
0.20141
0.15596
0.22561
0.26656
0.22557
0.23560
0.26151
0.31547
0.17485
0.20189
0.28422
0.27348
0.20472
0.26514
0.26189
0.24989
0.36698
0.19170
0.28000
0.24495
0.35079
0.31554
0.25721
0.27593
0.27785
0.26307
0.19584
0.30429
0.28430
0.26258
0.28554
0.26775
0.34970
0.24244
0.27606
0.20170
0.34268
0.23607
0.29787
0.22651
0.24928
0.26530
0.24834
0.21641
0.27076
0.24634
0.30383
0.21267
0.31165
0.24684
0.26355
0.27983
0.28662
0.30045
0.13088
0.21801
0.32717
0.32204
0.24076
0.26749
0.30451
0.25773
0.21024
0.20645
0.30328
0.29372
0.27581
0.25095
0.19388
0.27219
0.31717
0.26626
0.27677
0.24886
0.33615
0.28375
0.20461
0.19456
0.28885
0.30106
0.30408
0.25531
0.24546
0.34833
0.34908
0.14505
0.25246
0.31889
0.25713
0.26770
0.30738
0.33722
0.23620
0.18322
0.15938
0.26987
0.26169
0.35969
0.28109
0.28817
0.28392
0.24644
0.25586
0.29255
0.27918
0.16551
0.33001
0.21080
0.24453
0.33837
0.29759
0.26198
0.25734
0.25535
0.29870
0.32558
0.34657
0.24963
0.27029
0.19232
0.28440
0.30841
0.12571
0.25615
0.16754
0.24079
0.28304
0.24111
0.26788
0.23781
0.26352
0.22358
0.23213
0.23152
0.34373
0.25470
0.26076
0.19310
0.29798
0.25275
0.23929
0.20389
0.32834
0.29420
0.33348
0.25670
0.22740
0.27442
0.26649
0.24334
0.26778
0.19287
0.32025
0.27234
0.33432
0.28511
0.28708
0.34934
0.25955
0.24814
0.30541
0.17576
0.20574
0.30199
0.22250
0.28531
0.31297
0.26052
0.31884
0.38161
0.30756
0.32968
0.26488
0.30711
0.27935
0.35338
0.24690
0.27254
0.32584
0.32067
0.29115
0.32220
0.39163
0.24002
0.26014
0.33740
0.22409
0.31948
0.31837
0.25073
0.24916
0.34441
0.22716
0.25330
0.31321
0.26907
0.23515
0.24254
0.25135
0.26382
0.29564
0.30442
0.27824
0.23195
0.29347
0.27370
0.31274
0.28184
0.26503
0.13832
0.32091
0.31592
0.36226
0.30808
0.29506
0.40275
0.40305
0.26258
0.19028
0.30255
0.39562
0.27814
0.16343
0.29983
0.33902
0.26023
0.22795
0.32054
0.24694
0.26985
0.21943
0.31580
0.33688
0.38273
0.30209
0.30059
0.27130
0.38547
0.29503
0.29532
0.29197
0.34788
0.26719
0.19737
0.31972
0.44142
0.26242
0.38729
0.41328
0.22841
0.28530
0.34084
0.27340
0.29693
0.24178
0.29512
0.22408
0.28715
0.30023
0.28124
0.30425
0.36957
0.29479
0.29511
0.25671
0.18939
0.26438
0.39082
0.22344
0.11945
0.34161
0.11156
0.19262
0.39051
0.17284
0.23673
0.21469
0.28501
0.24550
0.44590
0.20589
0.31923
0.37962
0.23872
0.21775
0.23745
0.26826
0.18655
0.35564
0.18238
0.37401
0.33608
0.24874
0.23429
0.23389
0.33549
0.26660
0.22570
0.35461
0.42948
0.30344
0.26461
0.35108
0.36751
0.20281
0.24852
0.28315
0.39931
0.20228
0.23298
0.24480
0.35445
0.27603
0.24839
0.27725
0.30780
0.34963
0.21543
0.30052
0.33155
0.30313
0.28248
0.25505
0.37951
0.28321
0.28936
0.27484
0.30361
0.31972
0.26329
0.29887
0.23985
0.32920
0.25690
0.22796
0.32500
0.29773
0.22978
0.27940
0.19238
0.35597
0.23334
0.04668
0.17614
0.22222
0.27739
0.25170
0.23067
0.26351
0.37695
0.20487
0.04139
0.19627
0.04949
0.31316
0.26100
0.20652
0.27353
0.02831
0.07476
0.15597
0.22754
0.12654
0.11435
0.23825
0.27326
0.24007
0.21343
0.30924
0.06172
0.33544
0.25293
0.04718
0.05228
0.13096
0.29122
0.12022
0.24173
0.19878
0.32317
0.04095
0.10063
0.06635
0.08252
0.23470
0.15497
0.15235
0.20300
0.31610
0.17179
0.31175
0.21206
0.03178
0.27834
0.06323
0.09290
0.28567
0.19282
0.27888
0.08511
0.07134
0.21838
0.20204
0.29630
0.26494
0.04192
0.04904
0.17097
0.21401
0.14318
0.16510
0.15736
0.25819
0.14136
0.09826
0.24537
0.30214
0.10318
0.13739
0.12518
0.07183
0.05076
0.18329
0.09329
0.18544
0.21834
0.27980
0.20816
0.35483
0.25716
0.21083
0.20177
0.19827
0.16047
0.04851
0.27450
0.09252
0.08143
0.19430
0.21045
0.29482
0.19503
0.07120
0.06163
0.11328
0.24555
0.24103
0.29741
0.08733
0.21646
0.32300
0.12672
0.24100
0.10184
0.02932
0.03548
0.15836
0.09035
0.12982
0.22053
0.31819
0.08110
0.05423
0.07105
0.12705
0.08588
0.29291
