0.10509
0.10844
0.03597
0.21317
0.07587
0.14358
0.19171
0.12001
0.13357
0.04365
0.16838
0.11716
0.16679
0.11425
0.09074
0.20494
0.13183
0.11489
0.10120
0.12828
0.26862
0.13665
0.15318
0.03336
0.22737
0.12996
0.10731
0.25334
0.10020
0.16454
0.13008
0.25656
0.13098
0.10050
0.08248
0.09416
0.14443
0.07804
0.12920
0.12802
0.29525
0.25016
0.10946
0.11794
0.25789
0.26137
0.14369
0.21362
0.17788
0.11437
0.09458
0.13314
0.11314
0.29336
0.09145
0.22658
0.18624
0.10314
0.12268
0.05813
0.24442
0.30750
0.11223
0.19714
0.28607
0.31701
0.05424
0.13809
0.11430
0.02588
0.12027
0.31698
0.33036
0.19338
0.22760
0.13486
0.06406
0.03206
0.23747
0.17299
0.33537
0.20188
0.30198
0.24197
0.25426
0.35137
0.09520
0.06298
0.12209
0.25883
0.32725
0.12206
0.07623
0.27482
0.04889
0.12451
0.18244
0.22365
0.20406
0.15309
0.09668
0.17329
0.12676
0.13865
0.20467
0.29159
0.14322
0.16176
0.20505
0.26873
0.05325
0.23869
0.07882
0.24210
0.12161
0.09970
0.25686
0.04418
0.05809
0.18036
0.20970
0.08404
0.26818
0.04185
0.07692
0.12682
0.22518
0.26498
0.15934
0.22865
0.07832
0.11715
0.29771
0.33808
0.12034
0.13131
0.04930
0.27640
0.24223
0.05237
0.13993
0.03636
0.27717
0.12486
0.13997
0.20983
0.08441
0.32550
0.15301
0.08920
0.16999
0.23326
0.13094
0.30452
0.29322
0.31505
0.09903
0.13140
0.15163
0.18720
0.19271
0.23739
0.26189
0.32345
0.10523
0.11486
0.23791
0.26401
0.06080
0.20597
0.04655
0.18701
0.21155
0.02094
0.09053
0.20384
0.06638
0.06964
0.13308
0.26658
0.06470
0.10597
0.23109
0.12867
0.11402
0.17974
0.25507
0.24910
0.25534
0.19201
0.12359
0.07152
0.04311
0.13715
0.12790
0.23014
0.18127
0.17344
0.07846
0.27152
0.17422
0.04276
0.14536
0.15695
0.03157
0.20367
0.09712
0.20526
0.24771
0.08197
0.24257
0.22597
0.08613
0.26259
0.24974
0.21396
0.12189
0.25431
0.23485
0.33916
0.07960
0.18169
0.11710
0.06373
0.05818
0.06699
0.14384
0.23607
0.09472
0.04711
0.25325
0.10531
0.25140
0.12823
0.04618
0.26362
0.12291
0.05346
0.11845
0.25433
0.11053
0.27680
0.08166
0.10373
0.16585
0.21331
0.11652
0.04800
0.07152
0.10440
0.12288
0.16180
0.09241
0.22769
0.14019
0.16552
0.17385
0.11275
0.05339
0.14690
0.15425
0.13628
0.19420
0.16151
0.12544
0.21765
0.26442
0.09243
0.11733
0.05016
0.10183
0.12945
0.05520
0.04531
0.37349
0.13221
0.03671
0.20232
0.19232
0.08021
0.11203
0.30363
0.10587
0.06732
0.29707
0.12542
0.20580
0.17991
0.18494
0.12406
0.07883
0.04809
0.14978
0.17203
0.17121
0.13873
0.13319
0.13308
0.19887
0.13773
0.32019
0.25896
0.26099
0.10956
0.10174
0.29157
0.30659
0.33594
0.03514
0.25000
0.11482
0.29534
0.12376
0.05631
0.15331
0.10705
0.11396
0.17944
0.25631
0.06450
0.06431
0.08183
0.26137
0.16749
0.23490
0.09977
0.22539
0.21945
0.14808
0.04670
0.22624
0.24009
0.36381
0.27848
0.29258
0.21619
0.24474
0.28807
0.28733
0.21119
0.07043
0.06129
0.10576
0.24182
0.05912
0.06845
0.17951
0.12209
0.25670
0.06904
0.15348
0.10748
0.24549
0.26355
0.25255
0.17677
0.32289
0.11725
0.17374
0.32910
0.11164
0.21652
0.04627
0.12936
0.26686
0.05515
0.19613
0.31341
0.06563
0.06495
0.15358
0.26803
0.10993
0.05893
0.05004
0.06342
0.08013
0.10389
0.15599
0.05748
0.28446
0.14205
0.17336
0.06443
0.19014
0.28815
0.20746
0.29147
0.35108
0.19844
0.30602
0.31676
0.29420
0.33563
0.28071
0.25205
0.34899
0.27010
0.26628
0.24729
0.22986
0.30563
0.18585
0.36433
0.31948
0.26973
0.26852
0.26429
0.25440
0.36053
0.29253
0.24809
0.27636
0.31521
0.22425
0.27199
0.30999
0.28956
0.26547
0.25522
0.30700
0.29623
0.27719
0.23506
0.33974
0.26517
0.26356
0.32407
0.19972
0.31636
0.35145
0.27656
0.32087
0.33119
0.29446
0.24958
0.30080
0.31647
0.23374
0.31546
0.30425
0.26959
0.30120
0.31910
0.20872
0.29895
0.27367
0.26500
0.31736
0.29396
0.26060
0.21040
0.26650
0.34733
0.17260
0.28104
0.24096
0.22074
0.21551
0.37268
0.33221
0.30566
0.18620
0.35122
0.27934
0.29804
0.33987
0.29217
0.31653
0.30026
0.24605
0.28701
0.19331
0.36330
0.28882
0.21755
0.17789
0.34168
0.20452
0.27030
0.26979
0.28221
0.34473
0.29806
0.22747
0.32071
0.26493
0.18787
0.18315
0.29716
0.19625
0.20561
0.15269
0.30304
0.33151
0.28879
0.26677
0.25352
0.31429
0.22898
0.29419
0.27387
0.30027
0.20830
0.27911
0.28883
0.23073
0.18484
0.37079
0.28596
0.20604
0.32972
0.29279
0.26101
0.37281
0.29131
0.25002
0.30475
0.20472
0.27676
0.30596
0.29394
0.28678
0.22891
0.17759
0.30809
0.22860
0.30152
0.23060
0.29257
0.32133
0.27836
0.22352
0.23260
0.29733
0.21401
0.31459
0.20455
0.23176
0.22217
0.24070
0.22171
0.31838
0.31277
0.32246
0.25705
0.21415
0.31162
0.22920
0.20312
0.21843
0.26825
0.31040
0.18273
0.20389
0.28473
0.28912
0.23074
0.16999
0.22826
0.27023
0.25254
0.24654
0.26175
0.31446
0.17955
0.23321
0.26670
0.27965
0.18935
0.29726
0.28281
0.27722
0.38478
0.20283
0.31709
0.22694
0.37107
0.29846
0.26601
0.29102
0.27177
0.28723
0.19130
0.32283
0.28515
0.26764
0.26656
0.27308
0.32569
0.26667
0.28381
0.22094
0.32868
0.24214
0.31090
0.23280
0.27737
0.29603
0.26765
0.20197
0.24215
0.24482
0.33222
0.20733
0.32301
0.24627
0.26881
0.28021
0.26184
0.29781
0.15071
0.23392
0.30751
0.30691
0.27455
0.27188
0.31969
0.26885
0.25903
0.24730
0.30191
0.29099
0.27460
0.24840
0.21718
0.31867
0.29601
0.28267
0.27898
0.24994
0.32542
0.28221
0.20122
0.21987
0.28515
0.28638
0.28304
0.28609
0.24998
0.33267
0.35162
0.17171
0.23290
0.29632
0.29381
0.28076
0.32232
0.33552
0.24798
0.20077
0.21905
0.27267
0.29659
0.35412
0.29316
0.31417
0.30104
0.25166
0.28009
0.28541
0.27000
0.18545
0.34297
0.23857
0.25421
0.33167
0.32366
0.26755
0.23718
0.26030
0.27201
0.34892
0.32893
0.26137
0.27047
0.20890
0.31753
0.32557
0.14774
0.28830
0.21717
0.27808
0.28707
0.24563
0.29707
0.24130
0.27447
0.22373
0.25160
0.25626
0.31928
0.29831
0.27602
0.20868
0.28468
0.25767
0.23945
0.21712
0.34303
0.27055
0.33890
0.25497
0.24451
0.27400
0.27179
0.23444
0.28488
0.19485
0.33160
0.27241
0.33367
0.24522
0.28025
0.33643
0.28334
0.26664
0.31503
0.18491
0.20915
0.31351
0.24539
0.29138
0.29351
0.30546
0.33670
0.37574
0.30804
0.33221
0.28542
0.29390
0.30822
0.36498
0.25863
0.28545
0.32853
0.31417
0.30617
0.31130
0.38639
0.24307
0.25561
0.28489
0.23518
0.29253
0.34126
0.24630
0.24189
0.33926
0.23648
0.28386
0.27954
0.30046
0.25187
0.24983
0.25484
0.26437
0.27601
0.33785
0.29701
0.26786
0.31290
0.28298
0.30867
0.28617
0.28832
0.14222
0.32955
0.32957
0.36169
0.30946
0.32371
0.40335
0.37219
0.28164
0.19349
0.30600
0.38817
0.29616
0.22699
0.31405
0.34558
0.25070
0.22699
0.34775
0.22056
0.27743
0.23313
0.33517
0.36974
0.43932
0.32146
0.31826
0.25943
0.40333
0.31149
0.32025
0.31926
0.36972
0.27919
0.21453
0.31408
0.46551
0.27754
0.42723
0.38550
0.23379
0.30565
0.38237
0.32815
0.29875
0.21611
0.29456
0.22806
0.30944
0.30383
0.29508
0.30410
0.39206
0.28767
0.28503
0.25428
0.22569
0.28108
0.39684
0.24152
0.14704
0.35261
0.18853
0.19452
0.40672
0.18770
0.24987
0.21993
0.28936
0.25475
0.44245
0.21508
0.33782
0.39253
0.24691
0.26384
0.23766
0.25917
0.21882
0.34756
0.19176
0.37638
0.35020
0.26409
0.25050
0.23849
0.34527
0.30541
0.23204
0.34828
0.41875
0.32808
0.30129
0.38122
0.38729
0.21179
0.25724
0.29848
0.38626
0.21891
0.22647
0.22359
0.34747
0.29106
0.24421
0.25413
0.33180
0.37357
0.24417
0.31058
0.35247
0.31196
0.29239
0.25461
0.39285
0.29351
0.28819
0.28000
0.30337
0.34313
0.25751
0.30122
0.22595
0.36380
0.29040
0.25563
0.32629
0.29991
0.24569
0.26961
0.20203
0.28673
0.22266
0.05227
0.19015
0.16684
0.25611
0.21462
0.19295
0.25263
0.32574
0.18386
0.06306
0.18479
0.03077
0.29985
0.27078
0.19914
0.30950
0.04848
0.13308
0.21027
0.20332
0.07500
0.11677
0.23081
0.25706
0.23384
0.21177
0.23929
0.04027
0.33319
0.14222
0.04587
0.02298
0.11622
0.29390
0.10556
0.14971
0.19218
0.31691
0.05247
0.05374
0.03166
0.06419
0.29653
0.06195
0.11768
0.16783
0.26711
0.10347
0.29538
0.22152
0.03348
0.27040
0.08877
0.02680
0.20672
0.19504
0.20541
0.07238
0.08078
0.25545
0.19287
0.28296
0.20817
0.03345
0.04360
0.16616
0.21851
0.11650
0.14533
0.10154
0.21311
0.16264
0.10230
0.26434
0.26076
0.11119
0.13441
0.15135
0.04945
0.03519
0.23803
0.13650
0.19785
0.28265
0.26894
0.20732
0.34649
0.25501
0.23003
0.14208
0.19533
0.23005
0.03537
0.24973
0.10290
0.06273
0.22747
0.23014
0.30788
0.19763
0.02402
0.06312
0.11992
0.19518
0.14241
0.28384
0.11236
0.25802
0.34980
0.14282
0.21052
0.07148
0.03234
0.02834
0.12070
0.03562
0.07362
0.27063
0.29564
0.06744
0.09395
0.02827
0.06476
0.06823
0.27369
