0.16972
0.12695
0.06312
0.24551
0.09770
0.12472
0.21918
0.12390
0.18806
0.10204
0.23015
0.13352
0.19878
0.11624
0.13936
0.22803
0.14493
0.15811
0.08113
0.14467
0.26175
0.18376
0.16101
0.07980
0.24907
0.16688
0.15107
0.24125
0.08936
0.18377
0.18794
0.28410
0.16124
0.09811
0.12248
0.10230
0.12752
0.11780
0.15305
0.17234
0.26339
0.26664
0.11265
0.13979
0.30041
0.21253
0.15639
0.21850
0.20679
0.17041
0.10416
0.16912
0.12552
0.28954
0.09390
0.19995
0.26380
0.12556
0.13407
0.09579
0.26338
0.29008
0.17526
0.19857
0.27623
0.30547
0.05983
0.19553
0.16969
0.05136
0.11723
0.32475
0.31710
0.21656
0.24420
0.17323
0.10676
0.07710
0.19986
0.12135
0.30305
0.18399
0.32236
0.27259
0.28323
0.32363
0.10283
0.07043
0.19036
0.27594
0.29982
0.18662
0.08873
0.25679
0.08273
0.19761
0.18817
0.24803
0.18965
0.16770
0.09936
0.18664
0.13236
0.12506
0.20976
0.29060
0.17107
0.17180
0.20341
0.28337
0.04187
0.25149
0.14037
0.25615
0.11305
0.10914
0.26395
0.09473
0.10611
0.18628
0.26092
0.09529
0.30989
0.04164
0.10406
0.14177
0.25277
0.27099
0.21716
0.25646
0.12908
0.15336
0.28855
0.33516
0.11712
0.16510
0.10236
0.27139
0.30757
0.05604
0.18683
0.08749
0.28245
0.21379
0.19706
0.24587
0.10204
0.33920
0.21589
0.08561
0.14841
0.27085
0.12395
0.31883
0.30347
0.30424
0.17814
0.13752
0.15781
0.20001
0.27336
0.24944
0.29164
0.30644
0.08774
0.16683
0.29506
0.26107
0.12981
0.24951
0.05890
0.23038
0.19529
0.04716
0.10831
0.22097
0.10368
0.06191
0.17534
0.28883
0.09509
0.10411
0.20369
0.18722
0.10225
0.22330
0.23256
0.23489
0.26036
0.20343
0.17647
0.11384
0.10034
0.16560
0.17826
0.25237
0.21718
0.21574
0.09708
0.27379
0.23527
0.10240
0.17932
0.15000
0.07967
0.25692
0.11041
0.19993
0.24564
0.12749
0.21958
0.23997
0.12389
0.23440
0.23918
0.25716
0.14219
0.28359
0.19719
0.35095
0.12414
0.22399
0.12167
0.11603
0.10982
0.07355
0.19085
0.20857
0.18984
0.08910
0.22092
0.14563
0.26973
0.13682
0.07214
0.29046
0.10794
0.06051
0.10448
0.23261
0.14697
0.27289
0.12793
0.10731
0.17207
0.21852
0.10666
0.05437
0.12287
0.10756
0.11361
0.16389
0.14391
0.26826
0.13220
0.18676
0.18417
0.08057
0.11065
0.13063
0.22003
0.16976
0.20918
0.17560
0.18233
0.22659
0.27665
0.10058
0.18032
0.08573
0.11812
0.13654
0.08374
0.05788
0.37305
0.16979
0.10800
0.20976
0.16155
0.09971
0.10244
0.32708
0.17337
0.09884
0.28192
0.10968
0.20488
0.21422
0.17312
0.19347
0.09985
0.07612
0.16854
0.22734
0.16131
0.10365
0.17252
0.20266
0.19447
0.18649
0.33432
0.29242
0.28303
0.19177
0.09245
0.27264
0.29839
0.33024
0.05994
0.24525
0.12898
0.29266
0.13803
0.10936
0.18059
0.16636
0.12261
0.22246
0.22071
0.09919
0.11420
0.11951
0.28744
0.20318
0.27409
0.15939
0.21910
0.21642
0.14726
0.09827
0.29483
0.28214
0.35390
0.23725
0.28888
0.19930
0.24792
0.28303
0.27060
0.22538
0.09407
0.10745
0.16294
0.24574
0.06982
0.08745
0.21739
0.14623
0.25318
0.12107
0.17178
0.16568
0.28503
0.30058
0.23427
0.18575
0.32930
0.14171
0.17886
0.29796
0.08896
0.21040
0.08863
0.12149
0.21638
0.10298
0.25680
0.30915
0.09049
0.07011
0.15574
0.26601
0.10687
0.09614
0.08894
0.06553
0.06447
0.15214
0.20652
0.10023
0.27520
0.19274
0.17666
0.11517
0.21397
0.27584
0.19909
0.28846
0.33710
0.17919
0.26412
0.31591
0.31511
0.31743
0.28034
0.28854
0.34957
0.24305
0.24790
0.26107
0.20826
0.32449
0.18872
0.37402
0.29882
0.26918
0.24682
0.24460
0.28656
0.35604
0.29998
0.25661
0.29276
0.31308
0.20734
0.26770
0.30336
0.27020
0.26593
0.25877
0.31219
0.29229
0.26603
0.20238
0.33686
0.27212
0.25024
0.30667
0.20015
0.32094
0.34381
0.28204
0.29865
0.32263
0.30385
0.25405
0.29437
0.31422
0.23636
0.30908
0.30368
0.24018
0.31591
0.31373
0.18001
0.30288
0.27852
0.27902
0.29861
0.28417
0.27826
0.20217
0.25097
0.35246
0.14089
0.29079
0.23128
0.22901
0.18815
0.37424
0.31187
0.31283
0.17713
0.34016
0.27508
0.26606
0.34204
0.27166
0.30251
0.29087
0.24704
0.28632
0.17343
0.35351
0.29864
0.26028
0.15685
0.32713
0.19489
0.26366
0.27012
0.26921
0.34508
0.30318
0.21766
0.31409
0.32249
0.19048
0.20074
0.30765
0.17672
0.21530
0.16562
0.29439
0.32308
0.28569
0.27421
0.24595
0.31587
0.23072
0.30076
0.30228
0.29493
0.19266
0.28186
0.28920
0.22415
0.17995
0.36321
0.28559
0.22834
0.29767
0.30904
0.26252
0.35952
0.29526
0.22647
0.29080
0.17390
0.28259
0.30690
0.26715
0.25642
0.24293
0.17651
0.32145
0.24576
0.28238
0.21317
0.29591
0.31178
0.27678
0.20048
0.23222
0.29189
0.20386
0.28749
0.19718
0.23545
0.23682
0.24743
0.24163
0.32419
0.30118
0.31910
0.26124
0.20606
0.31395
0.23483
0.22285
0.22139
0.29152
0.27896
0.17428
0.18980
0.28481
0.30131
0.23168
0.16873
0.22610
0.27312
0.22313
0.25438
0.29033
0.31347
0.16789
0.25940
0.25341
0.29475
0.18412
0.29560
0.26483
0.25789
0.39058
0.19108
0.28729
0.23085
0.35475
0.29560
0.30029
0.27027
0.30115
0.28497
0.19801
0.31310
0.25948
0.24682
0.26896
0.28449
0.33168
0.22446
0.29580
0.21872
0.32313
0.23444
0.28730
0.22290
0.28598
0.29251
0.26618
0.21690
0.26190
0.23109
0.32898
0.20924
0.30697
0.24688
0.27861
0.27785
0.27764
0.28719
0.16267
0.23850
0.31948
0.31176
0.27988
0.29392
0.30374
0.26650
0.25099
0.23466
0.30344
0.30270
0.28926
0.24862
0.20967
0.30806
0.30382
0.25168
0.26068
0.19712
0.31417
0.27836
0.20641
0.22483
0.27293
0.27474
0.29656
0.25643
0.24189
0.32510
0.33624
0.15874
0.25857
0.30227
0.28013
0.28148
0.30182
0.31746
0.23650
0.21116
0.17820
0.26495
0.31082
0.34383
0.25766
0.29101
0.29566
0.22570
0.28276
0.29897
0.26511
0.18332
0.32344
0.22136
0.24160
0.32327
0.29269
0.26228
0.24342
0.25804
0.26125
0.32298
0.32734
0.26607
0.25432
0.20623
0.31846
0.30365
0.13966
0.30120
0.20642
0.24697
0.31459
0.25099
0.26737
0.24890
0.25844
0.19507
0.23245
0.22560
0.31985
0.28558
0.27696
0.20339
0.28624
0.26173
0.24939
0.24436
0.30009
0.27956
0.34488
0.24064
0.27737
0.29139
0.27870
0.26567
0.27854
0.18381
0.31579
0.27140
0.32303
0.27597
0.27281
0.33222
0.26679
0.27333
0.29311
0.16351
0.21145
0.29999
0.23510
0.32131
0.31063
0.26979
0.32865
0.37255
0.28802
0.33688
0.27256
0.29170
0.28577
0.35341
0.27964
0.28652
0.31329
0.31432
0.30292
0.31490
0.36183
0.22355
0.26829
0.32294
0.24128
0.29482
0.33714
0.23669
0.25036
0.33277
0.24168
0.27761
0.28371
0.28110
0.25318
0.26270
0.29949
0.29353
0.28654
0.33249
0.29710
0.23247
0.30907
0.29284
0.32349
0.28858
0.23916
0.14293
0.33097
0.33846
0.34053
0.32828
0.32503
0.38369
0.37383
0.29904
0.18396
0.30828
0.36137
0.25686
0.17830
0.30862
0.35358
0.25242
0.25421
0.31960
0.24037
0.27027
0.25003
0.32251
0.34994
0.37736
0.29113
0.31637
0.29242
0.36769
0.28363
0.29970
0.30095
0.32155
0.29007
0.16442
0.31701
0.42464
0.27013
0.37529
0.40335
0.21719
0.28121
0.34943
0.32868
0.27654
0.25533
0.30369
0.23136
0.28080
0.26210
0.29686
0.27481
0.34266
0.29429
0.31898
0.26558
0.23140
0.28103
0.38536
0.22783
0.11834
0.34799
0.19040
0.17785
0.39323
0.17602
0.23423
0.22992
0.30316
0.23306
0.42079
0.21070
0.33639
0.37176
0.24711
0.22249
0.25604
0.22945
0.23337
0.33082
0.18346
0.37896
0.34474
0.23367
0.24429
0.26448
0.35987
0.26980
0.20938
0.30235
0.40195
0.30558
0.28781
0.36482
0.36095
0.23383
0.26266
0.29105
0.38684
0.20284
0.22266
0.24051
0.35674
0.28998
0.24756
0.28075
0.32922
0.35247
0.21985
0.31395
0.33282
0.30472
0.30965
0.24338
0.35869
0.30165
0.25647
0.31276
0.31688
0.32752
0.26339
0.30344
0.23901
0.34078
0.23599
0.25391
0.31683
0.27340
0.25163
0.29989
0.20560
0.30300
0.25648
0.05977
0.19073
0.20597
0.16224
0.23933
0.18480
0.24085
0.36326
0.25707
0.05695
0.23529
0.08117
0.28121
0.21988
0.19277
0.30792
0.09679
0.09748
0.22103
0.20923
0.13120
0.16505
0.17761
0.23908
0.22342
0.21874
0.29943
0.10022
0.31073
0.24106
0.05644
0.09237
0.09938
0.29942
0.13657
0.21898
0.19295
0.28750
0.05996
0.05647
0.05834
0.11659
0.25661
0.18606
0.15202
0.18168
0.29748
0.14691
0.28565
0.21264
0.09893
0.27344
0.13922
0.07676
0.26993
0.19539
0.21642
0.09296
0.11265
0.22598
0.18077
0.29812
0.26092
0.05258
0.13625
0.17602
0.22107
0.15576
0.19611
0.16362
0.26465
0.19874
0.21143
0.25587
0.24352
0.08900
0.17104
0.14389
0.12243
0.10085
0.24267
0.24987
0.19566
0.28105
0.22335
0.20786
0.31413
0.22066
0.24334
0.19760
0.23529
0.20049
0.02569
0.26189
0.07571
0.06268
0.21202
0.24365
0.31587
0.21249
0.04315
0.10542
0.10969
0.26212
0.21919
0.29494
0.09813
0.22395
0.32869
0.12887
0.23670
0.11159
0.04536
0.06803
0.15699
0.06348
0.12793
0.28662
0.26256
0.10313
0.10299
0.09601
0.12695
0.07985
0.28569
