0.10164
0.09296
0.03429
0.24076
0.07423
0.12581
0.25236
0.14452
0.18351
0.05682
0.16464
0.12827
0.14548
0.11756
0.18914
0.22960
0.13067
0.14612
0.03161
0.13313
0.29401
0.10118
0.16243
0.06114
0.16260
0.12358
0.12904
0.23367
0.06882
0.12349
0.11883
0.26950
0.12475
0.11240
0.11449
0.09685
0.11031
0.07539
0.08671
0.16383
0.30004
0.21541
0.12552
0.09977
0.27528
0.23273
0.15261
0.25591
0.20023
0.15098
0.10210
0.13066
0.14031
0.27134
0.09190
0.21676
0.21823
0.14100
0.13220
0.07065
0.27105
0.29180
0.11741
0.24566
0.29109
0.31545
0.03172
0.16114
0.07818
0.02706
0.12183
0.30034
0.27722
0.16745
0.26139
0.06998
0.06680
0.02701
0.19557
0.17529
0.29757
0.15628
0.32088
0.27686
0.24467
0.34660
0.09590
0.05315
0.11392
0.26712
0.29223
0.17957
0.06878
0.28446
0.06367
0.16124
0.19517
0.22979
0.22319
0.16066
0.09870
0.16349
0.11141
0.12530
0.21088
0.31364
0.11668
0.16271
0.15322
0.28303
0.02893
0.23528
0.06472
0.26872
0.10341
0.15138
0.25754
0.05059
0.05716
0.17719
0.22771
0.05276
0.27430
0.02026
0.09074
0.10690
0.30301
0.28062
0.14212
0.24744
0.07382
0.08839
0.30313
0.33841
0.09838
0.13031
0.07703
0.28816
0.27532
0.04528
0.15014
0.05864
0.29052
0.16072
0.13137
0.29317
0.06749
0.33241
0.17727
0.09550
0.13109
0.19847
0.11048
0.31762
0.28166
0.34675
0.09796
0.12997
0.14593
0.16338
0.25207
0.28270
0.26427
0.31782
0.08936
0.12645
0.27063
0.26456
0.05428
0.25342
0.02689
0.20902
0.21796
0.02942
0.07275
0.23950
0.07840
0.07895
0.17893
0.28017
0.08093
0.11070
0.21214
0.17116
0.09896
0.18553
0.21601
0.22225
0.23153
0.20634
0.09247
0.06098
0.05391
0.15676
0.12663
0.21913
0.18643
0.21013
0.06321
0.25949
0.17299
0.04073
0.14505
0.16230
0.03634
0.24756
0.06848
0.19850
0.24273
0.07404
0.25451
0.22001
0.14730
0.24616
0.24110
0.24479
0.11479
0.22415
0.19394
0.32492
0.09655
0.15819
0.10176
0.06146
0.09107
0.04554
0.16052
0.14840
0.15901
0.03157
0.24298
0.08972
0.23405
0.10903
0.03878
0.27333
0.11740
0.01769
0.10046
0.23842
0.09412
0.29133
0.10013
0.11484
0.14021
0.20740
0.11854
0.06512
0.09442
0.11126
0.09972
0.11416
0.06791
0.23465
0.15036
0.14128
0.18150
0.06717
0.03176
0.12682
0.23970
0.12209
0.20330
0.13864
0.11292
0.27382
0.27457
0.10107
0.16350
0.03303
0.06761
0.11948
0.05919
0.04554
0.35717
0.12734
0.06970
0.20239
0.14775
0.07300
0.13393
0.34294
0.15158
0.08625
0.30139
0.11406
0.18228
0.19175
0.12861
0.09548
0.09411
0.08370
0.18347
0.20049
0.13619
0.10247
0.08770
0.16093
0.18638
0.12090
0.32173
0.25380
0.28138
0.16864
0.09591
0.29549
0.32743
0.32567
0.03549
0.28619
0.13690
0.28451
0.13195
0.07980
0.14011
0.11708
0.08853
0.14279
0.25537
0.04769
0.04875
0.11279
0.27802
0.14903
0.22062
0.12248
0.23641
0.22570
0.10613
0.07860
0.21470
0.28272
0.35014
0.22450
0.32197
0.20393
0.23341
0.29933
0.28027
0.24946
0.05116
0.04104
0.14206
0.19631
0.04138
0.07547
0.18883
0.11246
0.20407
0.12308
0.16911
0.09246
0.27396
0.27432
0.27412
0.19518
0.29778
0.15289
0.11968
0.32201
0.04055
0.24638
0.05851
0.06237
0.15028
0.05153
0.23639
0.33220
0.05609
0.07916
0.11341
0.25634
0.10714
0.06560
0.05489
0.06211
0.04876
0.07834
0.19061
0.06012
0.29053
0.15202
0.20819
0.06962
0.20109
0.29995
0.21559
0.27574
0.36915
0.15926
0.29724
0.30028
0.29057
0.30372
0.28853
0.22733
0.36377
0.26881
0.25410
0.26226
0.22566
0.28610
0.19536
0.37737
0.32506
0.26946
0.28469
0.25569
0.26052
0.35218
0.27298
0.21003
0.29452
0.34474
0.24726
0.26948
0.32388
0.27441
0.26730
0.26719
0.27549
0.31658
0.27759
0.23060
0.34897
0.25075
0.26242
0.32663
0.18545
0.32437
0.34910
0.28306
0.30322
0.26910
0.26483
0.24628
0.29336
0.32837
0.20359
0.28037
0.30388
0.25336
0.28312
0.30140
0.19858
0.28148
0.26425
0.27279
0.31358
0.30035
0.24952
0.21336
0.27106
0.36376
0.16402
0.26038
0.23228
0.18509
0.20332
0.37378
0.31954
0.33265
0.17476
0.34589
0.27751
0.27885
0.37156
0.31660
0.27622
0.29397
0.24103
0.26951
0.20368
0.36873
0.25452
0.24073
0.17181
0.32781
0.21073
0.27406
0.29089
0.26910
0.35669
0.31085
0.22507
0.34772
0.32397
0.16774
0.19999
0.28238
0.19277
0.20968
0.16957
0.29466
0.29790
0.26014
0.26877
0.24920
0.26874
0.22462
0.29142
0.25744
0.26284
0.21421
0.28755
0.26340
0.23899
0.18241
0.35907
0.30766
0.19222
0.30759
0.31069
0.25644
0.35698
0.30333
0.23393
0.29708
0.19601
0.28024
0.32898
0.29614
0.27101
0.21525
0.17624
0.31462
0.23305
0.29463
0.20157
0.27858
0.28607
0.29757
0.22117
0.24787
0.29904
0.21557
0.27121
0.21486
0.24579
0.25078
0.24081
0.21700
0.32836
0.32507
0.32155
0.23235
0.16961
0.32515
0.24639
0.18432
0.22123
0.29458
0.30726
0.17850
0.19542
0.29991
0.24829
0.23709
0.17469
0.23742
0.27874
0.20847
0.26547
0.27818
0.29234
0.19229
0.26064
0.27435
0.26180
0.19466
0.24849
0.27387
0.27962
0.38655
0.20431
0.28633
0.20693
0.37502
0.31895
0.26775
0.28139
0.26714
0.26696
0.20670
0.30625
0.28000
0.25692
0.27654
0.27466
0.34058
0.23327
0.28114
0.23733
0.33243
0.23789
0.28515
0.23654
0.24844
0.30186
0.27600
0.22197
0.20506
0.23822
0.31944
0.20077
0.32538
0.22733
0.27319
0.28693
0.29182
0.30715
0.16674
0.24221
0.32849
0.31524
0.26218
0.26193
0.28310
0.27664
0.27133
0.25402
0.29275
0.28757
0.25281
0.26899
0.20194
0.28808
0.29089
0.26906
0.23106
0.25784
0.33076
0.28442
0.23195
0.19491
0.27782
0.29029
0.25066
0.26286
0.21084
0.34932
0.35003
0.16620
0.24662
0.31884
0.27688
0.26482
0.29601
0.33382
0.24176
0.20881
0.22454
0.25030
0.25287
0.35970
0.27311
0.31081
0.25694
0.23574
0.27089
0.30342
0.27995
0.18658
0.32630
0.23219
0.25119
0.32895
0.31762
0.23434
0.23699
0.25742
0.29398
0.30963
0.33593
0.26671
0.27859
0.21716
0.29137
0.32113
0.13266
0.27022
0.22324
0.23304
0.26775
0.24859
0.26171
0.26548
0.23131
0.23491
0.24163
0.23120
0.32080
0.27373
0.25852
0.21916
0.29311
0.26809
0.22616
0.21939
0.33332
0.27070
0.33910
0.26189
0.24825
0.26317
0.25890
0.22507
0.28778
0.19931
0.32895
0.26769
0.34247
0.26301
0.29954
0.35540
0.28334
0.25868
0.27145
0.19994
0.21246
0.27516
0.23670
0.29985
0.30941
0.26998
0.30799
0.38657
0.30693
0.33503
0.28112
0.32644
0.30662
0.37086
0.27431
0.28620
0.33273
0.31749
0.26023
0.32680
0.38133
0.22773
0.22195
0.32278
0.23911
0.31689
0.34307
0.26924
0.23299
0.34736
0.24012
0.28769
0.30153
0.25873
0.27498
0.25923
0.25387
0.24490
0.29062
0.29182
0.29859
0.26187
0.25440
0.28990
0.28597
0.23889
0.26601
0.15514
0.32461
0.30702
0.34275
0.31138
0.31333
0.38637
0.37519
0.26870
0.20711
0.31367
0.39495
0.29949
0.22466
0.28423
0.35224
0.26526
0.24224
0.34235
0.22825
0.28125
0.24843
0.32483
0.37864
0.43622
0.27799
0.32068
0.24907
0.37206
0.30931
0.33228
0.28855
0.37375
0.25981
0.19840
0.32553
0.42615
0.27741
0.39793
0.39413
0.22060
0.26098
0.36865
0.28154
0.29304
0.24964
0.27264
0.22123
0.29429
0.29750
0.30430
0.28020
0.36940
0.31805
0.27641
0.30002
0.22065
0.25848
0.39448
0.21259
0.17447
0.32027
0.19193
0.21625
0.38275
0.16968
0.23995
0.22583
0.25830
0.23158
0.44717
0.20613
0.33482
0.37483
0.23616
0.23178
0.25666
0.25229
0.20800
0.34678
0.21668
0.36041
0.35365
0.27077
0.25649
0.24479
0.34503
0.26885
0.22148
0.33681
0.43769
0.32472
0.29530
0.35426
0.35425
0.19779
0.29719
0.28247
0.38650
0.21310
0.23411
0.23613
0.34277
0.26687
0.24784
0.22739
0.31747
0.38578
0.24390
0.27115
0.34324
0.30219
0.30288
0.24498
0.39621
0.27873
0.25360
0.28020
0.30729
0.33998
0.26896
0.29532
0.24885
0.35080
0.25566
0.24479
0.30557
0.29609
0.26182
0.29971
0.20735
0.31995
0.20707
0.10474
0.18468
0.20840
0.24265
0.29639
0.19322
0.27038
0.33358
0.11906
0.06305
0.16110
0.07143
0.28241
0.21260
0.17335
0.27264
0.11006
0.17711
0.16086
0.22068
0.10052
0.15121
0.20949
0.26970
0.23569
0.21281
0.22660
0.05688
0.30983
0.21566
0.03597
0.05087
0.14318
0.30938
0.19755
0.19296
0.20823
0.25137
0.07400
0.04152
0.04232
0.10106
0.25978
0.13710
0.11511
0.17690
0.21359
0.12058
0.29124
0.21739
0.05238
0.20283
0.09597
0.05201
0.24413
0.20326
0.21614
0.04331
0.08231
0.20804
0.19113
0.28335
0.26362
0.05690
0.10358
0.19796
0.21070
0.14827
0.23106
0.10675
0.25344
0.11023
0.13326
0.24686
0.27434
0.05982
0.15856
0.14090
0.03485
0.05900
0.14682
0.11422
0.20087
0.22760
0.22855
0.19938
0.34506
0.26284
0.18121
0.18964
0.15839
0.20784
0.04310
0.24646
0.13214
0.04610
0.22397
0.25528
0.25720
0.26433
0.04716
0.06402
0.19340
0.23189
0.21416
0.25746
0.13937
0.18723
0.31286
0.13277
0.23782
0.10798
0.01925
0.04015
0.15190
0.04254
0.04262
0.28936
0.28870
0.09264
0.08328
0.03844
0.03208
0.07682
0.24787
