0.21252
0.24043
0.17608
0.27552
0.13745
0.21098
0.24848
0.18527
0.21584
0.23255
0.22647
0.22442
0.19888
0.21134
0.16837
0.22761
0.19295
0.21441
0.18415
0.24259
0.28878
0.20796
0.20183
0.16241
0.23384
0.20707
0.20786
0.30379
0.19808
0.20671
0.15732
0.28455
0.26821
0.22756
0.17999
0.15969
0.21321
0.13621
0.27011
0.23314
0.31798
0.29776
0.24190
0.22746
0.29019
0.23391
0.18752
0.30494
0.25834
0.20161
0.22754
0.16947
0.19483
0.32390
0.20766
0.24761
0.25335
0.20548
0.20228
0.18495
0.29569
0.29673
0.18165
0.26522
0.28912
0.31290
0.16076
0.22290
0.22141
0.19432
0.24962
0.32190
0.34663
0.23335
0.27902
0.19862
0.21526
0.14544
0.23287
0.24404
0.31207
0.25788
0.33076
0.27389
0.29809
0.36016
0.19304
0.18318
0.21205
0.28235
0.33485
0.21483
0.15992
0.28237
0.15825
0.24593
0.22667
0.23057
0.21326
0.20086
0.20527
0.21406
0.24112
0.24097
0.25972
0.29711
0.17323
0.25594
0.25899
0.28358
0.11331
0.26418
0.15653
0.25496
0.26647
0.25335
0.27730
0.19071
0.21066
0.22140
0.27689
0.19447
0.29021
0.14442
0.17116
0.18045
0.32830
0.26801
0.18507
0.26119
0.12996
0.20011
0.27885
0.31957
0.23715
0.20123
0.14739
0.28789
0.26980
0.16525
0.21662
0.17612
0.31121
0.23714
0.23533
0.34117
0.21221
0.32874
0.23844
0.17404
0.27092
0.30674
0.19619
0.31958
0.32030
0.31354
0.19183
0.20755
0.24882
0.25294
0.29287
0.29205
0.28777
0.32038
0.17386
0.18531
0.32322
0.26545
0.18865
0.29583
0.14583
0.26338
0.25436
0.11706
0.17915
0.22623
0.15856
0.15563
0.21523
0.29100
0.13850
0.21522
0.27881
0.22362
0.14606
0.27393
0.25838
0.25716
0.25140
0.25959
0.19914
0.16851
0.11716
0.24025
0.22130
0.23792
0.30032
0.26106
0.17510
0.31660
0.24318
0.17917
0.22011
0.24668
0.17023
0.26214
0.21055
0.24796
0.27564
0.21162
0.23540
0.25084
0.16567
0.24006
0.24680
0.23595
0.26766
0.29726
0.24889
0.35724
0.19809
0.26987
0.20739
0.17684
0.15981
0.13213
0.22930
0.29086
0.25293
0.18777
0.26680
0.16914
0.25910
0.15132
0.18118
0.24072
0.22287
0.15484
0.20740
0.29307
0.17463
0.30021
0.17821
0.24593
0.24205
0.23825
0.23404
0.13463
0.25634
0.21006
0.20753
0.19061
0.17373
0.29957
0.21252
0.21535
0.21285
0.22418
0.16775
0.19982
0.23228
0.21438
0.27057
0.22643
0.20913
0.28846
0.30974
0.20235
0.20601
0.17510
0.19833
0.21562
0.18141
0.14407
0.36122
0.18151
0.11943
0.23474
0.22235
0.19824
0.25642
0.34020
0.23629
0.14176
0.30754
0.23509
0.22932
0.25057
0.26691
0.25394
0.16196
0.15176
0.25550
0.24970
0.20793
0.23194
0.25524
0.23540
0.24022
0.22069
0.34894
0.29450
0.27923
0.20415
0.21648
0.30251
0.30989
0.33397
0.18657
0.30402
0.20501
0.28196
0.23751
0.19601
0.17166
0.21033
0.21433
0.32137
0.24857
0.18908
0.18016
0.17939
0.29880
0.24940
0.28077
0.23542
0.21981
0.27251
0.17350
0.15650
0.31597
0.30304
0.35620
0.24298
0.35994
0.22097
0.25923
0.32262
0.28869
0.26937
0.17943
0.18938
0.19587
0.24636
0.13597
0.19646
0.25149
0.19460
0.23649
0.21013
0.24424
0.24583
0.30403
0.27333
0.26328
0.22127
0.32280
0.19980
0.19624
0.32791
0.16553
0.22432
0.21325
0.19157
0.24122
0.22385
0.27270
0.34973
0.21831
0.16671
0.25811
0.25431
0.22662
0.19972
0.18298
0.22760
0.19021
0.22474
0.21449
0.18116
0.28898
0.20849
0.21492
0.14476
0.21622
0.29392
0.21737
0.24386
0.35383
0.20106
0.28168
0.29756
0.28922
0.30114
0.29138
0.25426
0.35574
0.23699
0.25304
0.23307
0.20274
0.28047
0.21435
0.38206
0.30594
0.27329
0.23554
0.26311
0.23435
0.34562
0.28621
0.22038
0.33399
0.33941
0.22750
0.24288
0.31018
0.26559
0.22685
0.24285
0.26702
0.29781
0.25243
0.23037
0.36194
0.26059
0.26586
0.30985
0.21010
0.29514
0.34799
0.28202
0.27094
0.28567
0.26577
0.23731
0.27276
0.33458
0.22897
0.27606
0.31575
0.26892
0.26889
0.26830
0.19987
0.30033
0.24206
0.28822
0.31331
0.28242
0.27453
0.20178
0.27752
0.35105
0.15733
0.27297
0.23632
0.19917
0.22237
0.36147
0.29734
0.31700
0.17438
0.34640
0.28070
0.28547
0.38466
0.31191
0.27086
0.30300
0.24400
0.27726
0.21318
0.37848
0.26184
0.25374
0.18372
0.30283
0.22602
0.24044
0.29765
0.25232
0.35056
0.32128
0.16751
0.33099
0.32275
0.16051
0.21209
0.27829
0.19891
0.16227
0.17649
0.28650
0.37086
0.29349
0.27048
0.24457
0.30130
0.22500
0.27532
0.25891
0.26827
0.23878
0.29552
0.27063
0.21481
0.17605
0.33960
0.29480
0.21539
0.33412
0.31930
0.25959
0.35633
0.30583
0.23891
0.24706
0.21618
0.29668
0.30515
0.26710
0.29264
0.26613
0.17106
0.31329
0.24358
0.26169
0.23784
0.28237
0.29330
0.26209
0.20328
0.25919
0.27395
0.19264
0.30217
0.21646
0.24743
0.26985
0.25258
0.21204
0.29977
0.31414
0.33592
0.23027
0.21673
0.30785
0.23237
0.23239
0.23332
0.28882
0.32735
0.18532
0.19452
0.29617
0.25911
0.20319
0.18524
0.23723
0.28583
0.23705
0.25909
0.26136
0.29886
0.20632
0.27507
0.28794
0.25409
0.19603
0.29549
0.28461
0.25997
0.38069
0.20869
0.30086
0.24155
0.36959
0.31443
0.26171
0.27013
0.27265
0.27581
0.22327
0.32267
0.28967
0.23776
0.29470
0.27655
0.33778
0.23322
0.29362
0.26232
0.33550
0.22414
0.24041
0.21979
0.25362
0.27251
0.26808
0.22874
0.22081
0.24598
0.30983
0.21787
0.33479
0.24539
0.25622
0.27959
0.27695
0.27926
0.16682
0.22929
0.32830
0.32248
0.23285
0.26255
0.29271
0.25470
0.25755
0.26546
0.30425
0.27733
0.28351
0.25848
0.19737
0.26091
0.28584
0.25448
0.26659
0.22527
0.34532
0.26901
0.20498
0.23162
0.27155
0.29299
0.27222
0.27596
0.26278
0.37238
0.33247
0.16429
0.24511
0.31707
0.28496
0.25794
0.30681
0.34905
0.25453
0.20537
0.21082
0.26354
0.25140
0.36953
0.29891
0.31127
0.26058
0.22534
0.25304
0.30814
0.27783
0.17258
0.34313
0.20001
0.24565
0.33021
0.33188
0.22894
0.23545
0.25643
0.28459
0.32067
0.33363
0.25958
0.27386
0.22501
0.32688
0.32351
0.16121
0.27202
0.23177
0.23499
0.26340
0.25410
0.24378
0.25708
0.24965
0.23926
0.23989
0.22875
0.35538
0.27887
0.25022
0.21725
0.28314
0.25834
0.21198
0.23264
0.31019
0.28119
0.35069
0.26148
0.25584
0.25947
0.23592
0.21135
0.30120
0.20991
0.33281
0.24214
0.33237
0.28180
0.29659
0.34489
0.27228
0.29790
0.29536
0.21221
0.19790
0.30136
0.24590
0.29440
0.31487
0.29187
0.29957
0.39337
0.30698
0.32232
0.26841
0.31357
0.27557
0.35158
0.25117
0.27756
0.33635
0.30968
0.30019
0.32753
0.38925
0.25319
0.24745
0.31569
0.26451
0.29046
0.32843
0.23337
0.24854
0.34520
0.23712
0.24855
0.32333
0.28743
0.20636
0.24396
0.25926
0.29021
0.28559
0.31531
0.31799
0.22170
0.28336
0.29437
0.29348
0.26507
0.28659
0.16995
0.33181
0.33178
0.38622
0.31390
0.29693
0.39633
0.39345
0.26533
0.19674
0.27081
0.40534
0.27123
0.23246
0.27559
0.33509
0.26974
0.25978
0.33954
0.26650
0.27485
0.24543
0.31511
0.37410
0.41898
0.28052
0.28183
0.25530
0.38420
0.29130
0.31254
0.30630
0.34941
0.24128
0.20138
0.32561
0.43716
0.26323
0.39851
0.39484
0.23912
0.28919
0.36299
0.31895
0.29456
0.24353
0.24005
0.20189
0.30802
0.29399
0.32302
0.31779
0.38190
0.27466
0.27330
0.26565
0.20350
0.27041
0.39680
0.22069
0.12256
0.35634
0.16671
0.16406
0.38551
0.16433
0.28012
0.23254
0.23918
0.23253
0.44867
0.21479
0.30737
0.36591
0.23090
0.22658
0.26273
0.25883
0.20765
0.32564
0.18816
0.39220
0.34838
0.27671
0.21672
0.21853
0.35000
0.29587
0.20194
0.34527
0.44085
0.34230
0.32404
0.35632
0.36481
0.20866
0.30692
0.29712
0.39512
0.21318
0.25627
0.24626
0.37955
0.24346
0.26324
0.24759
0.33007
0.38298
0.24975
0.26989
0.30125
0.30637
0.29214
0.26021
0.40026
0.28586
0.24308
0.25539
0.28449
0.33435
0.29068
0.28198
0.22888
0.33333
0.25713
0.23810
0.31471
0.29829
0.22085
0.29112
0.20623
0.31209
0.25233
0.20608
0.21236
0.18829
0.25878
0.24899
0.21153
0.25281
0.37669
0.20297
0.21735
0.21460
0.17040
0.29279
0.26081
0.18276
0.28476
0.20948
0.21380
0.18432
0.25740
0.17458
0.19463
0.20839
0.30507
0.22500
0.19962
0.29954
0.15157
0.29026
0.23574
0.09943
0.14262
0.17618
0.27244
0.20624
0.26286
0.16913
0.33104
0.19872
0.16682
0.12403
0.21886
0.28522
0.18825
0.24452
0.25056
0.26073
0.21384
0.26116
0.19956
0.16978
0.29268
0.20271
0.18559
0.30486
0.16687
0.28922
0.17692
0.18821
0.20565
0.16520
0.30011
0.25986
0.11296
0.16596
0.16638
0.19376
0.14042
0.22685
0.21340
0.29619
0.21552
0.19296
0.28280
0.29469
0.18336
0.19851
0.24056
0.21212
0.11919
0.27011
0.23710
0.17356
0.28072
0.30364
0.15433
0.32241
0.24949
0.26374
0.15624
0.20514
0.21420
0.16106
0.22692
0.19831
0.18480
0.21423
0.23785
0.28359
0.25129
0.17137
0.20161
0.22458
0.26250
0.26397
0.26765
0.20075
0.26085
0.31185
0.22337
0.26085
0.21187
0.17733
0.17023
0.19483
0.18867
0.16565
0.28827
0.25749
0.23252
0.14546
0.14853
0.21913
0.18429
0.28398
