0.12187
0.10359
0.05418
0.21147
0.08372
0.12137
0.20786
0.14353
0.17971
0.05947
0.20952
0.12300
0.10896
0.12355
0.09954
0.22765
0.11023
0.13059
0.05969
0.14414
0.30998
0.14521
0.15885
0.05446
0.22612
0.14383
0.10830
0.26033
0.09291
0.15812
0.13198
0.28579
0.13182
0.10305
0.07169
0.09611
0.12319
0.07974
0.11470
0.16658
0.31706
0.25259
0.12658
0.11272
0.26537
0.22982
0.15645
0.21754
0.17365
0.15536
0.09320
0.15657
0.12522
0.28963
0.08753
0.24730
0.21544
0.11602
0.10428
0.08479
0.27826
0.30526
0.12332
0.19090
0.28290
0.33517
0.05310
0.18617
0.07749
0.05802
0.11598
0.28629
0.34758
0.18728
0.23990
0.11027
0.09569
0.05730
0.20595
0.15896
0.30721
0.20870
0.33046
0.27565
0.28421
0.37355
0.09718
0.07747
0.14751
0.28411
0.34235
0.20502
0.06717
0.27220
0.05319
0.14053
0.22529
0.23263
0.21038
0.19572
0.09382
0.19352
0.11422
0.10316
0.23717
0.30712
0.13357
0.14683
0.14983
0.29131
0.03540
0.25624
0.08382
0.25165
0.10678
0.15113
0.27280
0.02616
0.06566
0.18108
0.24982
0.07515
0.28662
0.01864
0.08221
0.16642
0.31509
0.28741
0.18019
0.25651
0.11599
0.14680
0.28770
0.34025
0.09737
0.11493
0.07024
0.29065
0.27287
0.05913
0.18925
0.04466
0.28004
0.16693
0.11296
0.26555
0.10938
0.36531
0.16802
0.08915
0.14957
0.25887
0.10395
0.30448
0.30499
0.33125
0.13060
0.14782
0.13739
0.18378
0.24825
0.26083
0.28018
0.31651
0.08807
0.13956
0.27675
0.30412
0.06764
0.26375
0.06729
0.22472
0.25931
0.04300
0.09883
0.20840
0.06666
0.05346
0.15397
0.26674
0.10569
0.10783
0.24269
0.15935
0.11588
0.13422
0.19745
0.26727
0.26032
0.19354
0.11763
0.06469
0.03906
0.16520
0.13246
0.22163
0.22098
0.13971
0.09233
0.28450
0.21848
0.10150
0.18147
0.13657
0.06034
0.20699
0.10169
0.18338
0.25446
0.09778
0.26410
0.23326
0.09499
0.24990
0.24874
0.23174
0.11857
0.26381
0.19708
0.35109
0.12110
0.18943
0.11612
0.06311
0.08690
0.06681
0.17136
0.18986
0.15715
0.07230
0.26406
0.10120
0.22519
0.10566
0.06408
0.26578
0.11940
0.04613
0.11333
0.27575
0.11566
0.29248
0.09584
0.11427
0.12485
0.18328
0.11277
0.06381
0.09612
0.10088
0.10923
0.11510
0.09832
0.24145
0.13585
0.15902
0.20945
0.07113
0.07747
0.13543
0.24496
0.15700
0.19711
0.19378
0.10807
0.26051
0.30761
0.08783
0.20811
0.06129
0.07794
0.12150
0.09169
0.03882
0.37508
0.17409
0.06543
0.20354
0.10142
0.06749
0.15610
0.35247
0.10725
0.07026
0.30709
0.12450
0.21876
0.20445
0.15486
0.13680
0.09684
0.07337
0.16998
0.20306
0.18738
0.09568
0.17356
0.16405
0.16947
0.12836
0.34450
0.22987
0.28403
0.12040
0.13986
0.30320
0.29342
0.31567
0.03114
0.26951
0.10404
0.26620
0.11022
0.09394
0.10962
0.09450
0.09623
0.16355
0.23237
0.07751
0.08102
0.05913
0.24760
0.18801
0.22042
0.14871
0.23426
0.23329
0.15400
0.04358
0.28306
0.25450
0.36320
0.26350
0.32269
0.20328
0.25053
0.31879
0.28374
0.25949
0.05209
0.08080
0.15103
0.22971
0.04707
0.08483
0.19119
0.11784
0.17878
0.10405
0.16377
0.08353
0.28004
0.28095
0.23981
0.20614
0.29968
0.12438
0.13371
0.32568
0.08211
0.20616
0.05761
0.10434
0.19131
0.05696
0.25747
0.33589
0.05792
0.09194
0.15043
0.24608
0.10298
0.05881
0.07261
0.07976
0.06522
0.11275
0.19705
0.06888
0.24322
0.19123
0.18793
0.11392
0.18993
0.29491
0.22124
0.26321
0.35704
0.17890
0.28644
0.29954
0.29927
0.31699
0.27786
0.27432
0.35883
0.26885
0.22890
0.26972
0.22616
0.30968
0.18094
0.36912
0.32515
0.28213
0.27255
0.24883
0.25879
0.33683
0.29542
0.23241
0.31416
0.33995
0.23529
0.27536
0.31534
0.26908
0.25758
0.25297
0.29491
0.31611
0.26274
0.21857
0.35029
0.26362
0.23621
0.32912
0.17870
0.30599
0.34475
0.27394
0.31382
0.31220
0.29291
0.23762
0.28335
0.32908
0.21935
0.30390
0.30797
0.24100
0.29538
0.29478
0.20462
0.31034
0.25608
0.28250
0.31012
0.29298
0.28020
0.18832
0.29264
0.35996
0.14299
0.27146
0.20883
0.19074
0.21047
0.34675
0.30001
0.31713
0.17093
0.35114
0.26773
0.26412
0.37118
0.31731
0.30013
0.28656
0.21656
0.27280
0.20635
0.35872
0.30744
0.26387
0.17420
0.31724
0.20209
0.24709
0.29383
0.26127
0.35381
0.31979
0.21932
0.31731
0.31242
0.17074
0.15913
0.29471
0.19722
0.20945
0.16198
0.28163
0.33540
0.27610
0.27734
0.24409
0.29349
0.22249
0.31413
0.26458
0.28601
0.21248
0.28696
0.29835
0.21017
0.16203
0.34925
0.29211
0.18402
0.29314
0.31848
0.27535
0.34779
0.31588
0.22722
0.28267
0.21930
0.29577
0.31601
0.29318
0.24047
0.22600
0.14912
0.32907
0.20875
0.29855
0.21964
0.29441
0.33012
0.29069
0.20442
0.24774
0.29136
0.19903
0.28487
0.18906
0.23161
0.22105
0.23860
0.22722
0.31156
0.32261
0.32104
0.22732
0.19841
0.32761
0.20251
0.20973
0.21537
0.30844
0.28823
0.16749
0.17555
0.27005
0.27590
0.21606
0.14619
0.24380
0.26490
0.22823
0.25635
0.26809
0.32234
0.18838
0.22015
0.27215
0.29233
0.19347
0.25181
0.25168
0.25143
0.36812
0.17549
0.28508
0.21856
0.35134
0.31745
0.23095
0.26561
0.28748
0.26913
0.19903
0.30098
0.26796
0.27748
0.28273
0.25736
0.34129
0.22446
0.29327
0.23339
0.34482
0.21796
0.29622
0.22182
0.22212
0.27510
0.24942
0.23326
0.26776
0.22883
0.30920
0.21981
0.30518
0.22151
0.27078
0.30077
0.29161
0.27593
0.13742
0.23093
0.33268
0.33046
0.25591
0.29101
0.31672
0.26218
0.26089
0.21369
0.30491
0.28282
0.28525
0.26016
0.20596
0.30755
0.31347
0.24675
0.27925
0.24907
0.33381
0.28884
0.19790
0.18903
0.29402
0.29297
0.29915
0.26705
0.24466
0.34932
0.34707
0.14701
0.22633
0.31736
0.26917
0.29777
0.29919
0.33675
0.25033
0.18088
0.21179
0.28035
0.27092
0.35939
0.28033
0.28315
0.29024
0.22965
0.25162
0.29258
0.28219
0.16798
0.32203
0.21184
0.24977
0.33881
0.29196
0.27236
0.23417
0.26067
0.30203
0.35284
0.34539
0.25029
0.28846
0.21413
0.31624
0.31087
0.12379
0.26362
0.21408
0.24708
0.27930
0.24633
0.27809
0.24345
0.27405
0.22379
0.24401
0.20889
0.33699
0.26617
0.28382
0.19549
0.30134
0.25407
0.22982
0.18055
0.33663
0.27960
0.31504
0.24646
0.25317
0.30736
0.26485
0.24778
0.26693
0.16661
0.31224
0.26831
0.33468
0.28499
0.30515
0.35040
0.27706
0.25495
0.29734
0.16672
0.18979
0.29623
0.21792
0.30883
0.30313
0.29279
0.33475
0.38328
0.30669
0.33572
0.26972
0.30854
0.28747
0.35930
0.26879
0.27639
0.32118
0.32185
0.30984
0.32964
0.38664
0.22492
0.26489
0.33339
0.23139
0.32578
0.32247
0.24456
0.24565
0.33920
0.23342
0.28074
0.31993
0.28558
0.25834
0.25338
0.27626
0.28988
0.28875
0.31139
0.28295
0.25381
0.30689
0.27959
0.32052
0.29413
0.28509
0.13182
0.32140
0.34500
0.35344
0.30888
0.33723
0.40586
0.40667
0.28143
0.21440
0.30948
0.39140
0.28278
0.21595
0.31127
0.34224
0.24990
0.23645
0.32067
0.24247
0.27152
0.25027
0.34865
0.36509
0.40522
0.29249
0.31267
0.25039
0.38748
0.29432
0.29699
0.26944
0.33771
0.27727
0.19734
0.32114
0.45966
0.24663
0.41815
0.40539
0.23514
0.30554
0.36086
0.31233
0.28646
0.22501
0.28612
0.20199
0.28959
0.30960
0.30428
0.30401
0.38518
0.27349
0.30086
0.26616
0.20000
0.26511
0.39717
0.24446
0.14855
0.33988
0.14772
0.21084
0.42241
0.18362
0.24500
0.21845
0.28288
0.24451
0.42309
0.20702
0.34737
0.39895
0.24028
0.25301
0.27179
0.25561
0.22686
0.36645
0.20305
0.36165
0.35074
0.26231
0.24552
0.24037
0.34074
0.27187
0.22964
0.34609
0.42235
0.31361
0.27288
0.36274
0.36907
0.22736
0.26125
0.28363
0.38996
0.23061
0.24117
0.24357
0.35011
0.28283
0.25202
0.27754
0.32021
0.36093
0.22190
0.29979
0.34590
0.28934
0.29359
0.23814
0.35956
0.30301
0.29370
0.29851
0.31979
0.35410
0.26124
0.30822
0.23934
0.33151
0.25976
0.26440
0.31290
0.26787
0.24893
0.30017
0.21124
0.25496
0.22922
0.05097
0.06899
0.23973
0.16685
0.27075
0.20756
0.24562
0.37234
0.15302
0.07636
0.21138
0.03677
0.30902
0.26220
0.18401
0.27233
0.06789
0.15273
0.21306
0.24255
0.13440
0.11327
0.22223
0.29722
0.19479
0.20442
0.29120
0.06592
0.30164
0.22839
0.04059
0.09212
0.14025
0.30213
0.14776
0.21866
0.23452
0.29749
0.05279
0.07079
0.05135
0.05748
0.30858
0.08459
0.12208
0.15102
0.26817
0.12962
0.28567
0.22176
0.06240
0.28609
0.06913
0.05059
0.21030
0.19724
0.26174
0.04576
0.09046
0.20324
0.20180
0.27606
0.26764
0.03770
0.05568
0.11935
0.20254
0.17934
0.22542
0.10115
0.26470
0.18156
0.10572
0.28233
0.28491
0.10282
0.13476
0.13462
0.06134
0.06892
0.24974
0.11535
0.21329
0.25550
0.25439
0.20866
0.29468
0.21068
0.25615
0.17193
0.20706
0.22643
0.02080
0.26393
0.10422
0.05670
0.24491
0.21104
0.28857
0.26515
0.08182
0.09355
0.15750
0.23142
0.20505
0.26378
0.11610
0.15762
0.31882
0.16150
0.21697
0.12526
0.02303
0.07164
0.12461
0.05145
0.11239
0.24094
0.26473
0.14896
0.08640
0.01023
0.05950
0.08728
0.28650
