0.15069
0.14120
0.07506
0.23178
0.06590
0.15399
0.23913
0.15719
0.15380
0.07869
0.18191
0.14000
0.13972
0.14762
0.14822
0.21208
0.14938
0.12520
0.10366
0.16483
0.29585
0.18739
0.15445
0.11097
0.22465
0.17477
0.21252
0.23429
0.11780
0.16914
0.17860
0.26032
0.20661
0.10612
0.10687
0.10297
0.12249
0.09840
0.13823
0.16085
0.30624
0.28239
0.11480
0.18035
0.24304
0.27723
0.15453
0.28186
0.18759
0.14246
0.09727
0.12226
0.17359
0.31095
0.09435
0.25663
0.25420
0.14229
0.12681
0.08363
0.27521
0.31033
0.12858
0.23252
0.25721
0.31667
0.05645
0.19122
0.12824
0.04383
0.13402
0.28547
0.32838
0.22510
0.24071
0.14480
0.12055
0.04152
0.19584
0.14393
0.30951
0.25932
0.33279
0.26180
0.27496
0.28415
0.09829
0.12039
0.15391
0.24941
0.32876
0.21197
0.09019
0.25702
0.05712
0.15577
0.21012
0.19256
0.19761
0.14786
0.11326
0.21184
0.15828
0.18636
0.23024
0.28958
0.17233
0.19843
0.17909
0.27222
0.04703
0.25924
0.07583
0.22558
0.17830
0.16524
0.26951
0.07427
0.13052
0.21170
0.25227
0.09110
0.29093
0.07442
0.10743
0.16936
0.30139
0.26311
0.20021
0.26169
0.10352
0.13884
0.30071
0.33965
0.10121
0.16195
0.09216
0.28063
0.26273
0.08617
0.15156
0.05380
0.27748
0.20135
0.17904
0.28482
0.11518
0.33033
0.19326
0.09583
0.22434
0.25004
0.11539
0.30591
0.31706
0.32086
0.14431
0.17270
0.15248
0.23496
0.30284
0.28918
0.28687
0.29419
0.09979
0.17222
0.30190
0.25526
0.09787
0.29614
0.07444
0.22357
0.22924
0.05652
0.12107
0.19345
0.07419
0.07482
0.19721
0.27246
0.12408
0.10221
0.20947
0.16888
0.08941
0.18915
0.19488
0.26062
0.22234
0.18761
0.15603
0.07214
0.08005
0.12377
0.16457
0.24058
0.18368
0.14098
0.13131
0.25087
0.21798
0.10252
0.15752
0.15619
0.05094
0.23328
0.12703
0.22374
0.25433
0.11009
0.23947
0.22902
0.10825
0.26211
0.24385
0.25972
0.15991
0.25897
0.20811
0.30139
0.10138
0.19659
0.11196
0.09335
0.10876
0.07636
0.14584
0.22349
0.15860
0.10168
0.25610
0.13499
0.24684
0.17102
0.04956
0.25272
0.10735
0.07629
0.13174
0.23124
0.11438
0.31076
0.09739
0.12056
0.20713
0.22880
0.11512
0.06149
0.15382
0.13157
0.13297
0.14085
0.11626
0.26810
0.14358
0.21017
0.20105
0.16490
0.08573
0.13997
0.17822
0.16676
0.20523
0.17676
0.13262
0.23285
0.29649
0.10406
0.18480
0.08452
0.12946
0.14845
0.10912
0.06237
0.35332
0.17752
0.12094
0.19906
0.19047
0.08443
0.15478
0.32288
0.14064
0.10570
0.26995
0.12368
0.21286
0.21676
0.22864
0.18365
0.11962
0.09586
0.22056
0.22403
0.13988
0.12121
0.20671
0.20689
0.19762
0.15191
0.34061
0.27256
0.25742
0.15243
0.11933
0.27638
0.28766
0.35633
0.05266
0.25497
0.17164
0.29388
0.16987
0.08376
0.13620
0.14404
0.09466
0.26198
0.18920
0.10816
0.12161
0.08442
0.25475
0.21944
0.24018
0.15616
0.21115
0.24812
0.12266
0.06994
0.28831
0.25987
0.33539
0.29472
0.29004
0.24542
0.24524
0.30260
0.31057
0.25298
0.06741
0.12494
0.11819
0.23438
0.07289
0.11536
0.19015
0.11822
0.20860
0.12483
0.17995
0.17946
0.29843
0.24670
0.23142
0.20292
0.26609
0.15556
0.17108
0.28999
0.08655
0.19194
0.09187
0.08213
0.19292
0.12016
0.24333
0.32148
0.10799
0.06946
0.20534
0.26512
0.11270
0.08748
0.04108
0.08549
0.09044
0.12268
0.20508
0.09546
0.24813
0.15458
0.15769
0.12081
0.19246
0.27124
0.23718
0.31771
0.29788
0.19665
0.21145
0.30140
0.33682
0.34549
0.26410
0.29577
0.28242
0.29138
0.24887
0.27859
0.20314
0.33085
0.19163
0.33186
0.28369
0.26683
0.29509
0.23882
0.29928
0.35049
0.33363
0.29088
0.24281
0.29012
0.27963
0.29066
0.29584
0.26015
0.22286
0.22542
0.32551
0.27569
0.29745
0.22975
0.31637
0.29171
0.29516
0.34239
0.19713
0.29462
0.30475
0.27181
0.33302
0.33247
0.31659
0.21904
0.32247
0.28723
0.26813
0.33498
0.28344
0.28521
0.31071
0.29376
0.19002
0.34634
0.23747
0.25335
0.27035
0.24428
0.30548
0.16820
0.25581
0.32882
0.10230
0.27850
0.24832
0.25311
0.18418
0.36403
0.30487
0.26036
0.16097
0.31718
0.26174
0.25195
0.30701
0.25802
0.33346
0.28935
0.23679
0.26865
0.18159
0.32408
0.31267
0.26977
0.17695
0.33093
0.19092
0.22823
0.26248
0.24868
0.31227
0.27897
0.17890
0.27040
0.26236
0.17860
0.20877
0.32387
0.17013
0.16946
0.18719
0.29715
0.28327
0.31087
0.29325
0.24427
0.33227
0.21745
0.32544
0.31850
0.32163
0.22876
0.26992
0.31199
0.20273
0.18539
0.34570
0.27318
0.22538
0.32901
0.29752
0.23257
0.36100
0.25988
0.20982
0.30765
0.19285
0.27132
0.30992
0.30573
0.27593
0.25063
0.17490
0.34411
0.21174
0.33115
0.20121
0.30413
0.33874
0.26123
0.17470
0.21085
0.29239
0.19312
0.32976
0.17489
0.24878
0.25018
0.23653
0.26053
0.31596
0.27909
0.31207
0.27950
0.25347
0.27738
0.23972
0.25120
0.23407
0.26524
0.29134
0.14684
0.18101
0.28207
0.31054
0.26083
0.15640
0.21185
0.25018
0.24696
0.24654
0.29076
0.33987
0.15328
0.29408
0.22255
0.32169
0.17343
0.33694
0.25861
0.25060
0.38498
0.17747
0.29911
0.18618
0.32831
0.25409
0.31498
0.26367
0.31711
0.24295
0.19005
0.28091
0.27608
0.30192
0.25939
0.26708
0.28121
0.22988
0.24898
0.22864
0.28551
0.26948
0.32295
0.23885
0.29477
0.28868
0.26987
0.22491
0.28266
0.26297
0.29770
0.22567
0.32553
0.20802
0.30112
0.26207
0.24994
0.28359
0.16200
0.28309
0.28211
0.27443
0.30001
0.32411
0.33080
0.23724
0.28833
0.27700
0.27651
0.29233
0.30248
0.25735
0.17965
0.32999
0.25998
0.24009
0.31043
0.22217
0.30508
0.32051
0.25647
0.22420
0.27003
0.27512
0.31518
0.29878
0.23514
0.29182
0.28764
0.14042
0.24333
0.26928
0.30543
0.30617
0.31446
0.30450
0.23379
0.23224
0.18294
0.29794
0.31932
0.32122
0.28848
0.26995
0.32339
0.21191
0.24829
0.26834
0.23368
0.18037
0.28755
0.24979
0.22663
0.32368
0.29938
0.30073
0.22748
0.30072
0.26117
0.36304
0.29608
0.25784
0.22215
0.18701
0.34783
0.28018
0.12641
0.31867
0.18638
0.27986
0.31672
0.22978
0.28545
0.23672
0.30788
0.20606
0.27560
0.24690
0.28494
0.30477
0.30112
0.19696
0.22781
0.25340
0.22707
0.25317
0.31267
0.22819
0.31146
0.26993
0.29007
0.31164
0.24588
0.28246
0.26504
0.17830
0.30602
0.26559
0.30122
0.25234
0.28431
0.31582
0.24571
0.30192
0.31534
0.16959
0.23247
0.31984
0.28104
0.34553
0.28827
0.32248
0.36258
0.34936
0.27262
0.32192
0.25846
0.25619
0.26157
0.30425
0.30851
0.26147
0.28921
0.27393
0.31940
0.28963
0.33382
0.19909
0.27428
0.31521
0.27113
0.28243
0.33646
0.23232
0.25903
0.32130
0.22226
0.31593
0.26323
0.31854
0.27228
0.29212
0.30241
0.26824
0.26429
0.35494
0.29544
0.27965
0.32769
0.29903
0.33470
0.31963
0.29741
0.12460
0.31949
0.34986
0.30910
0.35893
0.29694
0.41741
0.42183
0.31260
0.15520
0.34568
0.33120
0.26909
0.15311
0.34750
0.34443
0.25354
0.29152
0.31500
0.28172
0.26822
0.26431
0.36734
0.33775
0.37485
0.27790
0.33488
0.28849
0.40370
0.27516
0.28942
0.33190
0.32659
0.31358
0.18100
0.29571
0.45089
0.25381
0.42010
0.43514
0.18179
0.32152
0.38200
0.32230
0.26354
0.27783
0.32342
0.22759
0.27590
0.33183
0.28845
0.23722
0.39046
0.33497
0.32518
0.24093
0.23869
0.29638
0.41521
0.22183
0.08347
0.33486
0.12585
0.19164
0.41412
0.15403
0.21505
0.19076
0.31467
0.21385
0.41221
0.17650
0.36540
0.41252
0.26244
0.21107
0.28448
0.23809
0.15414
0.38671
0.15183
0.36915
0.35293
0.29780
0.23919
0.28370
0.34848
0.26905
0.19978
0.29993
0.39655
0.29247
0.29752
0.37758
0.38130
0.26163
0.23011
0.29196
0.38838
0.18301
0.20174
0.23475
0.34702
0.32228
0.26525
0.29797
0.28838
0.35186
0.22126
0.33350
0.36237
0.28546
0.32097
0.26342
0.37605
0.32157
0.21448
0.30787
0.33177
0.30772
0.26360
0.31711
0.22772
0.30677
0.24372
0.27365
0.34335
0.31849
0.26589
0.31937
0.18899
0.33646
0.21296
0.08235
0.10680
0.22038
0.23004
0.30742
0.19686
0.24391
0.32503
0.20702
0.07516
0.20827
0.06569
0.32079
0.27048
0.18973
0.29632
0.12277
0.16095
0.15955
0.23979
0.04868
0.16027
0.21760
0.29038
0.24516
0.20755
0.21791
0.08989
0.33531
0.23590
0.04098
0.06615
0.15390
0.30220
0.15459
0.24414
0.23254
0.26205
0.08667
0.11594
0.05268
0.11169
0.27443
0.10653
0.13445
0.16506
0.29147
0.16105
0.26777
0.21798
0.10955
0.28310
0.07632
0.09348
0.27024
0.18028
0.24278
0.12216
0.09046
0.20764
0.21068
0.29321
0.28591
0.04902
0.09084
0.17195
0.21311
0.12719
0.22106
0.15956
0.28744
0.16837
0.09843
0.27935
0.24482
0.10197
0.12678
0.14371
0.05982
0.05019
0.28388
0.17005
0.18031
0.22675
0.22418
0.19803
0.34760
0.23034
0.24975
0.21201
0.22638
0.23096
0.05958
0.25805
0.05663
0.09328
0.16213
0.25689
0.29861
0.24774
0.10655
0.07822
0.19668
0.13487
0.24254
0.32373
0.10355
0.25846
0.32584
0.18618
0.20321
0.15617
0.02964
0.06526
0.11798
0.06126
0.09158
0.27058
0.29269
0.08508
0.12960
0.05293
0.10407
0.14360
0.28124
