0.14945
0.09621
0.08717
0.25714
0.12474
0.12115
0.24735
0.17482
0.19879
0.07405
0.20914
0.14257
0.21783
0.12007
0.18698
0.23692
0.17783
0.14016
0.13104
0.15698
0.26495
0.20574
0.17736
0.11161
0.19396
0.18123
0.19414
0.28055
0.12487
0.21764
0.15927
0.24338
0.17284
0.11032
0.13292
0.09782
0.15985
0.10491
0.13052
0.19852
0.31135
0.27275
0.08291
0.13644
0.28999
0.21810
0.16205
0.27555
0.22601
0.19120
0.09581
0.19745
0.10817
0.31491
0.08866
0.24322
0.23364
0.14674
0.12889
0.11130
0.28212
0.28733
0.20665
0.24240
0.28928
0.31468
0.06837
0.19535
0.13614
0.04688
0.13577
0.33437
0.34828
0.22719
0.27844
0.20581
0.14274
0.06352
0.19545
0.13215
0.30629
0.18427
0.29319
0.27742
0.28165
0.36306
0.09539
0.07166
0.13218
0.27448
0.34565
0.20564
0.06978
0.28476
0.10715
0.16811
0.24121
0.22612
0.20771
0.18528
0.09078
0.17500
0.12343
0.14837
0.24585
0.29547
0.18900
0.18662
0.15931
0.27098
0.05633
0.26544
0.10900
0.21038
0.10847
0.16591
0.26947
0.10228
0.09654
0.20339
0.26648
0.15184
0.25498
0.01898
0.14807
0.16446
0.32753
0.26918
0.18299
0.25309
0.13861
0.15836
0.31896
0.34490
0.12426
0.17293
0.12005
0.28780
0.27609
0.05059
0.19835
0.05280
0.28423
0.23591
0.16577
0.28607
0.07876
0.33567
0.22462
0.08647
0.18656
0.28202
0.13180
0.32211
0.29041
0.32454
0.14173
0.12316
0.14220
0.23865
0.30076
0.27974
0.26295
0.31462
0.09882
0.20657
0.26633
0.29579
0.12926
0.29908
0.06375
0.25976
0.25190
0.08670
0.16158
0.18820
0.09179
0.07097
0.23384
0.29890
0.14352
0.11191
0.19040
0.18375
0.09853
0.20905
0.26964
0.21454
0.25455
0.21948
0.18271
0.11897
0.06465
0.14621
0.17260
0.24700
0.19535
0.22566
0.11312
0.29276
0.22897
0.13500
0.18454
0.16955
0.05519
0.24202
0.14178
0.24745
0.27956
0.12797
0.24996
0.22811
0.13282
0.27675
0.28074
0.27453
0.13587
0.27597
0.20001
0.34087
0.09758
0.26352
0.12086
0.07201
0.07409
0.10223
0.19075
0.21557
0.17406
0.09617
0.27525
0.12959
0.26074
0.17191
0.05016
0.25465
0.11476
0.05037
0.11880
0.25225
0.09038
0.28171
0.10118
0.11409
0.18988
0.22827
0.11524
0.06988
0.11928
0.11585
0.10707
0.17504
0.13584
0.23189
0.12634
0.16556
0.17801
0.16188
0.09223
0.11959
0.13300
0.17573
0.23616
0.19745
0.19280
0.26375
0.25808
0.09276
0.22078
0.05723
0.16856
0.13349
0.09199
0.07086
0.37215
0.15695
0.08314
0.20223
0.16335
0.11128
0.17788
0.33421
0.14612
0.10275
0.30714
0.13497
0.17601
0.22335
0.18743
0.17140
0.12798
0.06699
0.20816
0.24785
0.22038
0.10052
0.19616
0.22143
0.17761
0.22145
0.33127
0.30316
0.25102
0.17503
0.11574
0.31372
0.28970
0.32831
0.04845
0.28914
0.12212
0.28401
0.23274
0.13036
0.18319
0.16809
0.11653
0.24817
0.22257
0.08938
0.14253
0.08538
0.27762
0.17327
0.26333
0.20487
0.24931
0.25748
0.20212
0.08638
0.23030
0.29674
0.35471
0.23685
0.30045
0.22628
0.26663
0.29448
0.28279
0.27875
0.11292
0.08602
0.16743
0.24329
0.07855
0.08760
0.23009
0.13410
0.21731
0.18026
0.19350
0.16840
0.24592
0.28420
0.25932
0.22670
0.29459
0.17600
0.19544
0.30276
0.08577
0.22329
0.08671
0.16156
0.22792
0.09228
0.27357
0.31752
0.11028
0.11645
0.19728
0.25244
0.11175
0.07927
0.07600
0.05903
0.07325
0.11803
0.21191
0.12373
0.29428
0.18129
0.19532
0.10549
0.15573
0.26783
0.23813
0.28957
0.33545
0.17035
0.23600
0.32766
0.27038
0.33789
0.26750
0.28844
0.32542
0.26068
0.25537
0.25589
0.23222
0.30424
0.20835
0.35922
0.29799
0.25228
0.27016
0.27082
0.27760
0.36314
0.29551
0.27124
0.26876
0.31456
0.24074
0.27164
0.28071
0.29112
0.25520
0.24813
0.30346
0.29022
0.25404
0.22014
0.32440
0.28758
0.23449
0.29428
0.18246
0.31418
0.33632
0.31055
0.30407
0.31222
0.28045
0.24162
0.29416
0.31815
0.24459
0.30780
0.30452
0.27876
0.25963
0.32050
0.17340
0.31961
0.28591
0.26205
0.28154
0.26790
0.27953
0.18938
0.27106
0.35996
0.15604
0.28191
0.24195
0.20730
0.21573
0.38171
0.32642
0.27821
0.17995
0.33873
0.27424
0.29298
0.33636
0.28686
0.31928
0.29839
0.25525
0.29377
0.17481
0.35668
0.28881
0.23670
0.16448
0.35575
0.20930
0.25847
0.28680
0.26380
0.32866
0.28803
0.22347
0.29501
0.27379
0.17320
0.19808
0.32188
0.19466
0.19244
0.17551
0.29201
0.32343
0.28527
0.27625
0.24850
0.31566
0.21088
0.30508
0.27631
0.28896
0.23760
0.27623
0.30516
0.23008
0.17076
0.36658
0.26878
0.25144
0.29929
0.30566
0.24274
0.37223
0.28510
0.26170
0.27604
0.21778
0.27414
0.31522
0.31262
0.29011
0.27659
0.17873
0.33540
0.23193
0.28200
0.22780
0.26672
0.34290
0.26001
0.20170
0.21991
0.29821
0.21921
0.28851
0.19404
0.24854
0.22712
0.23643
0.24589
0.32222
0.29552
0.31236
0.25998
0.25017
0.29141
0.23192
0.24153
0.25591
0.26090
0.30641
0.16559
0.20865
0.28483
0.29497
0.22288
0.17544
0.24744
0.28257
0.23884
0.23149
0.27291
0.32190
0.18180
0.28712
0.24857
0.30200
0.21944
0.30568
0.28039
0.26904
0.38409
0.22982
0.29062
0.25151
0.36986
0.27397
0.27713
0.28593
0.30810
0.28638
0.19481
0.31304
0.28313
0.25639
0.24827
0.26450
0.33001
0.26233
0.26196
0.25036
0.32106
0.23028
0.24951
0.23264
0.28174
0.28201
0.27700
0.20780
0.25619
0.25498
0.32564
0.20044
0.31969
0.25580
0.30797
0.26092
0.25117
0.28398
0.18183
0.26768
0.28315
0.28690
0.25966
0.28398
0.31158
0.27876
0.25755
0.25750
0.27988
0.29546
0.23932
0.22735
0.18009
0.30877
0.28753
0.26597
0.26678
0.21590
0.28940
0.29794
0.23229
0.21558
0.26572
0.29011
0.31291
0.28237
0.25455
0.30406
0.32239
0.17155
0.25219
0.29301
0.28350
0.29670
0.31232
0.30068
0.23668
0.22692
0.19737
0.27955
0.30894
0.33764
0.29415
0.30927
0.29000
0.24584
0.27163
0.25839
0.26605
0.18709
0.29965
0.25032
0.25088
0.30606
0.32973
0.23715
0.27288
0.27908
0.28245
0.34609
0.32279
0.26746
0.24900
0.22069
0.32751
0.29036
0.14874
0.29134
0.22606
0.27198
0.30414
0.24437
0.25574
0.24407
0.26719
0.23113
0.25194
0.25329
0.31365
0.29081
0.28087
0.21496
0.25157
0.25615
0.25792
0.19357
0.31728
0.26380
0.35531
0.26842
0.27779
0.29888
0.28796
0.23354
0.28059
0.20022
0.33452
0.30137
0.31007
0.26783
0.30773
0.31673
0.29295
0.28116
0.30253
0.19848
0.25221
0.29644
0.25946
0.31134
0.28615
0.28990
0.31859
0.36346
0.27659
0.29273
0.28108
0.28438
0.29132
0.32453
0.28834
0.29027
0.31141
0.28678
0.29804
0.30632
0.36792
0.22562
0.26081
0.32713
0.23924
0.28190
0.35792
0.23933
0.26009
0.33086
0.22902
0.29950
0.30168
0.28431
0.25686
0.27868
0.26828
0.25835
0.27904
0.33361
0.30739
0.23675
0.30822
0.29650
0.32847
0.29199
0.26608
0.15586
0.34803
0.34032
0.35619
0.30787
0.31062
0.38367
0.36251
0.28568
0.17786
0.28758
0.38716
0.27884
0.21763
0.31462
0.32907
0.23236
0.25227
0.31886
0.25153
0.28184
0.22635
0.33301
0.36372
0.39801
0.31094
0.32612
0.27963
0.38222
0.31471
0.28523
0.31634
0.34153
0.29212
0.17654
0.29401
0.44849
0.25108
0.39742
0.40793
0.20817
0.30276
0.34998
0.31246
0.28927
0.23999
0.29068
0.21364
0.29415
0.29544
0.29783
0.30490
0.40789
0.27391
0.27275
0.23290
0.22256
0.26415
0.38974
0.21715
0.11041
0.33349
0.17490
0.18615
0.39825
0.14257
0.26824
0.21762
0.27305
0.25092
0.43052
0.18832
0.31071
0.37494
0.23741
0.20688
0.27693
0.24937
0.22372
0.35562
0.15638
0.35457
0.34957
0.26086
0.24553
0.24483
0.34800
0.27710
0.20684
0.31020
0.42061
0.32274
0.28428
0.37147
0.35724
0.25959
0.26822
0.28086
0.36841
0.20103
0.24475
0.20895
0.35187
0.27847
0.25109
0.26761
0.34211
0.35428
0.25751
0.28747
0.35584
0.28890
0.28501
0.26420
0.35736
0.31285
0.22701
0.29489
0.31987
0.33828
0.27331
0.31801
0.23068
0.33151
0.25775
0.26500
0.33285
0.30149
0.24642
0.28855
0.19591
0.29715
0.21937
0.03761
0.09975
0.20806
0.20954
0.24865
0.20415
0.24473
0.37949
0.23996
0.06508
0.22929
0.06994
0.31162
0.27101
0.19142
0.25941
0.09063
0.09902
0.18592
0.23207
0.14035
0.08589
0.23339
0.24629
0.13443
0.20757
0.24468
0.06603
0.31055
0.21758
0.04950
0.06249
0.21612
0.28232
0.18954
0.22525
0.21881
0.29622
0.10348
0.08221
0.07626
0.13154
0.26885
0.12431
0.16446
0.20984
0.31723
0.19858
0.28629
0.21315
0.07245
0.29602
0.06480
0.06471
0.27389
0.17190
0.26595
0.09090
0.14700
0.21134
0.18443
0.30250
0.19752
0.02385
0.11317
0.17484
0.21777
0.21206
0.22984
0.11208
0.28881
0.17995
0.10632
0.24955
0.29328
0.16140
0.17194
0.18393
0.10718
0.08866
0.20455
0.21873
0.20997
0.27960
0.29410
0.19664
0.34541
0.26295
0.17029
0.25037
0.14930
0.18206
0.02566
0.20744
0.10334
0.05861
0.21941
0.22014
0.27041
0.24506
0.09856
0.06417
0.17439
0.19782
0.22272
0.27857
0.08897
0.21577
0.32884
0.11765
0.26305
0.13263
0.06698
0.08056
0.18327
0.05271
0.07578
0.28813
0.27661
0.11185
0.10646
0.05390
0.06184
0.05859
0.24196
