0.12466
0.10248
0.06605
0.25582
0.11400
0.14562
0.23969
0.16270
0.20110
0.06657
0.20822
0.14290
0.17338
0.10893
0.09670
0.24254
0.12332
0.17673
0.09107
0.15516
0.31835
0.12361
0.16809
0.07668
0.25474
0.16928
0.10545
0.24725
0.12767
0.18415
0.18757
0.29153
0.14531
0.10517
0.11816
0.10316
0.10921
0.10847
0.11625
0.17436
0.28099
0.23620
0.08820
0.14599
0.27736
0.23475
0.19528
0.25742
0.21194
0.15917
0.10177
0.14558
0.14420
0.29678
0.10440
0.20681
0.25323
0.14327
0.16916
0.07319
0.27597
0.30903
0.15040
0.23635
0.27054
0.30208
0.03772
0.19276
0.09679
0.05197
0.12521
0.31221
0.25711
0.20463
0.22728
0.09365
0.07415
0.06069
0.19169
0.16897
0.29810
0.21666
0.34404
0.26159
0.26085
0.33411
0.10407
0.07954
0.15256
0.26662
0.31943
0.19076
0.08130
0.26846
0.07990
0.13519
0.17059
0.17737
0.18943
0.16799
0.10944
0.21959
0.14103
0.12398
0.20782
0.30304
0.17203
0.15152
0.16150
0.25240
0.02376
0.27612
0.11360
0.25274
0.12373
0.14691
0.24779
0.02777
0.08729
0.20299
0.25144
0.08784
0.31584
0.03652
0.11440
0.13303
0.30383
0.25586
0.18231
0.26015
0.11607
0.13061
0.30308
0.31795
0.10836
0.18127
0.07538
0.27658
0.24702
0.07901
0.19594
0.03720
0.32440
0.15768
0.13561
0.34206
0.11724
0.32574
0.21156
0.09111
0.15607
0.28581
0.12197
0.32850
0.31412
0.32042
0.11427
0.17042
0.16614
0.16695
0.24502
0.27015
0.28309
0.30598
0.09790
0.13106
0.27224
0.24706
0.07085
0.25993
0.07554
0.26272
0.23995
0.02935
0.13294
0.22524
0.05587
0.07272
0.15579
0.27327
0.06475
0.11639
0.23007
0.18275
0.13620
0.17884
0.22871
0.24271
0.25836
0.21247
0.13308
0.08676
0.04299
0.18866
0.12741
0.25664
0.19978
0.18421
0.09507
0.25427
0.17490
0.09038
0.18956
0.17357
0.04573
0.23489
0.11002
0.22560
0.23292
0.07409
0.26124
0.21359
0.13500
0.24259
0.24091
0.21837
0.12403
0.28605
0.25753
0.33042
0.13972
0.21278
0.11693
0.08922
0.09898
0.07902
0.16913
0.15335
0.14815
0.06360
0.27599
0.08862
0.23017
0.14084
0.09134
0.28177
0.11613
0.05689
0.13683
0.28016
0.08568
0.30042
0.11610
0.11714
0.15052
0.23827
0.12165
0.07375
0.15271
0.11872
0.11764
0.11490
0.11548
0.22702
0.14229
0.17932
0.20249
0.07232
0.08796
0.14907
0.21991
0.20126
0.21850
0.15843
0.13170
0.22364
0.29515
0.10383
0.19455
0.04060
0.08601
0.12892
0.06838
0.04537
0.37444
0.18392
0.09905
0.20779
0.12719
0.07676
0.14933
0.32473
0.11555
0.11945
0.29635
0.13333
0.20377
0.16306
0.21360
0.15605
0.09887
0.09083
0.20002
0.22076
0.18821
0.10819
0.16456
0.13485
0.19015
0.17137
0.31656
0.30455
0.28507
0.15703
0.14361
0.31195
0.31368
0.30890
0.04298
0.23155
0.15615
0.29613
0.12545
0.09359
0.15224
0.17927
0.08797
0.18758
0.23531
0.07448
0.12600
0.07268
0.23016
0.20060
0.29439
0.12316
0.23547
0.21093
0.17448
0.12146
0.24068
0.25731
0.35241
0.25622
0.29230
0.23177
0.25510
0.30806
0.25245
0.22396
0.07910
0.10984
0.11616
0.22222
0.08116
0.06545
0.21018
0.12465
0.22658
0.13151
0.17266
0.12233
0.26939
0.24430
0.22970
0.22928
0.29306
0.14833
0.13543
0.30325
0.07401
0.22815
0.06290
0.08119
0.18741
0.05451
0.24420
0.30278
0.06096
0.10337
0.13031
0.25432
0.12153
0.05924
0.08580
0.08052
0.09564
0.13587
0.18396
0.07590
0.25249
0.20880
0.20352
0.12904
0.15933
0.28734
0.22617
0.28138
0.33671
0.18324
0.25627
0.31417
0.31976
0.33379
0.28967
0.27326
0.33915
0.28870
0.23664
0.27841
0.21757
0.32135
0.18575
0.36664
0.30843
0.24682
0.29320
0.24972
0.29540
0.35460
0.31460
0.25081
0.28962
0.32841
0.26138
0.27703
0.32212
0.27310
0.25406
0.26579
0.31031
0.30405
0.28772
0.21427
0.34560
0.26254
0.28016
0.31464
0.18518
0.31480
0.33813
0.30450
0.33077
0.32173
0.30807
0.23858
0.30934
0.34761
0.22734
0.30245
0.30758
0.29214
0.31130
0.29067
0.21630
0.31953
0.25452
0.27887
0.29195
0.29126
0.28077
0.18010
0.25795
0.35953
0.10869
0.28764
0.22631
0.20661
0.18448
0.36558
0.30236
0.31005
0.17638
0.34527
0.27393
0.24488
0.35602
0.29000
0.31209
0.29957
0.24156
0.29426
0.19343
0.35755
0.30208
0.28327
0.16923
0.34709
0.20418
0.25643
0.27116
0.24428
0.34713
0.30609
0.19964
0.31623
0.30369
0.15425
0.20205
0.31880
0.19381
0.18362
0.16895
0.29288
0.33464
0.28307
0.28477
0.24734
0.31717
0.22440
0.31011
0.28092
0.29490
0.23269
0.29150
0.30348
0.23356
0.19387
0.35206
0.29369
0.19601
0.30412
0.32287
0.27035
0.36084
0.29180
0.22856
0.31177
0.19830
0.29135
0.31224
0.30403
0.27246
0.23784
0.17640
0.32300
0.21802
0.28916
0.22613
0.30036
0.33411
0.28212
0.18394
0.21998
0.28834
0.20527
0.32348
0.17487
0.22632
0.24477
0.23287
0.24592
0.32006
0.31172
0.31638
0.24664
0.20002
0.32161
0.20197
0.23092
0.22859
0.29623
0.29748
0.16668
0.18744
0.29051
0.29867
0.24614
0.16782
0.23104
0.26143
0.25104
0.23958
0.28380
0.32630
0.15956
0.27539
0.25472
0.30675
0.19112
0.30713
0.25982
0.25560
0.39619
0.19720
0.28393
0.22975
0.34498
0.30147
0.26388
0.27666
0.30929
0.27602
0.18908
0.30924
0.29532
0.28101
0.26341
0.26841
0.33577
0.24212
0.25728
0.23376
0.32598
0.26700
0.31729
0.23087
0.29275
0.28806
0.25252
0.17372
0.25201
0.23854
0.31316
0.23696
0.32521
0.23643
0.28614
0.28985
0.27415
0.29033
0.15993
0.24761
0.31153
0.31549
0.28330
0.31424
0.31311
0.28565
0.26327
0.24987
0.29766
0.30316
0.28058
0.26214
0.16048
0.32299
0.29770
0.25556
0.28825
0.23952
0.32392
0.29235
0.22889
0.22488
0.27076
0.27892
0.30044
0.28019
0.23847
0.34522
0.35070
0.15971
0.24983
0.28521
0.27347
0.29893
0.30796
0.33212
0.23592
0.20369
0.15282
0.28532
0.28336
0.35770
0.27872
0.28333
0.29203
0.23115
0.28964
0.28534
0.25777
0.17249
0.31913
0.21992
0.23824
0.33199
0.31222
0.28199
0.24311
0.27460
0.27340
0.35052
0.32566
0.25150
0.26505
0.17978
0.33353
0.31199
0.13156
0.29550
0.18600
0.25048
0.29398
0.23960
0.29189
0.24742
0.26895
0.22348
0.25454
0.24672
0.32249
0.28393
0.28614
0.20901
0.28303
0.25798
0.24875
0.23885
0.32547
0.27205
0.32732
0.25725
0.27600
0.28724
0.26355
0.24616
0.26047
0.18658
0.31969
0.26462
0.33612
0.28046
0.29231
0.34733
0.26725
0.29409
0.31339
0.17666
0.19919
0.31347
0.25022
0.31276
0.30134
0.28791
0.34186
0.37880
0.31098
0.32525
0.27551
0.29052
0.27760
0.34342
0.28356
0.27841
0.30648
0.30970
0.32618
0.32845
0.38815
0.20973
0.28943
0.33102
0.23424
0.31192
0.33358
0.25069
0.26651
0.35213
0.24050
0.29562
0.30483
0.29828
0.26156
0.27773
0.28702
0.24720
0.28569
0.32907
0.28387
0.27216
0.29700
0.28449
0.32223
0.30200
0.27933
0.12805
0.29779
0.33712
0.33432
0.34232
0.31028
0.40839
0.41639
0.30006
0.17044
0.31606
0.37147
0.28457
0.14967
0.31657
0.35291
0.25704
0.25537
0.33226
0.26896
0.29252
0.27296
0.34539
0.33090
0.37538
0.29880
0.31735
0.29154
0.37681
0.28499
0.27236
0.31247
0.33204
0.28636
0.19357
0.31430
0.43641
0.26661
0.39887
0.41154
0.19867
0.30879
0.37425
0.33281
0.29577
0.27151
0.30821
0.23662
0.28963
0.31174
0.30815
0.29999
0.37631
0.30696
0.30986
0.26292
0.22625
0.28749
0.41332
0.25760
0.08870
0.34844
0.12375
0.20341
0.40233
0.16475
0.21139
0.21566
0.29194
0.24402
0.43401
0.19817
0.34316
0.39642
0.25108
0.21263
0.26999
0.25446
0.21147
0.35783
0.19197
0.35811
0.33794
0.27958
0.26043
0.26644
0.34692
0.26954
0.21351
0.33459
0.41991
0.31427
0.27964
0.35128
0.36618
0.24853
0.25894
0.29190
0.38038
0.19765
0.24412
0.22859
0.32053
0.30214
0.25882
0.28894
0.31785
0.33046
0.21988
0.31836
0.35550
0.28030
0.31694
0.24963
0.35563
0.31348
0.26042
0.31115
0.31821
0.33281
0.27443
0.29828
0.23959
0.34913
0.25739
0.26892
0.33069
0.29348
0.23585
0.30698
0.21631
0.35515
0.21990
0.07510
0.15825
0.24907
0.20908
0.26870
0.16704
0.20499
0.36998
0.27616
0.08437
0.24236
0.05901
0.31067
0.23443
0.20623
0.31380
0.10529
0.13382
0.18002
0.23036
0.13192
0.16647
0.25455
0.25533
0.17790
0.21558
0.27677
0.10079
0.34623
0.22451
0.10895
0.08929
0.20053
0.31200
0.16798
0.22961
0.20087
0.29555
0.09527
0.06140
0.15324
0.08667
0.24320
0.07702
0.18719
0.20122
0.32416
0.16429
0.31122
0.23201
0.07515
0.29171
0.08996
0.09295
0.30397
0.19278
0.29961
0.14213
0.11099
0.20021
0.20292
0.23705
0.26723
0.05059
0.09968
0.17330
0.20729
0.22051
0.22043
0.10860
0.23690
0.20947
0.11212
0.27283
0.28979
0.15871
0.12414
0.15370
0.05567
0.03662
0.28769
0.16129
0.20616
0.20757
0.25354
0.19574
0.36486
0.27312
0.27150
0.20695
0.22009
0.22141
0.03722
0.24415
0.14227
0.06181
0.23355
0.26908
0.25745
0.24279
0.03620
0.09894
0.17414
0.22488
0.28589
0.28049
0.08338
0.20426
0.32576
0.16130
0.22334
0.13166
0.03297
0.04435
0.17476
0.08199
0.12508
0.23735
0.26529
0.08533
0.14544
0.04440
0.06397
0.14541
0.31072
