0.09970
0.09971
0.03306
0.25390
0.06544
0.13279
0.25437
0.15376
0.18566
0.05009
0.18228
0.10569
0.14191
0.11432
0.13469
0.23416
0.12760
0.14510
0.06634
0.17409
0.30137
0.11644
0.15783
0.04111
0.26472
0.14559
0.08881
0.24338
0.12143
0.14407
0.13886
0.27937
0.15844
0.09786
0.05131
0.09440
0.11275
0.08202
0.08370
0.13003
0.29409
0.21226
0.07324
0.12537
0.28407
0.19457
0.16515
0.22627
0.16722
0.12109
0.10384
0.15457
0.12476
0.31669
0.09097
0.23524
0.17870
0.11442
0.13789
0.07709
0.28266
0.29357
0.11619
0.19200
0.27801
0.32828
0.02475
0.19212
0.10143
0.02612
0.11345
0.31258
0.28575
0.17725
0.27783
0.15569
0.05868
0.04607
0.22517
0.15431
0.32792
0.14817
0.35307
0.27802
0.28975
0.31865
0.09400
0.03981
0.13836
0.23651
0.32813
0.18001
0.06804
0.28272
0.04642
0.13955
0.15399
0.19970
0.19472
0.15940
0.09022
0.19243
0.12035
0.12437
0.20206
0.30568
0.11525
0.14796
0.16725
0.29684
0.02514
0.28229
0.08205
0.23450
0.11303
0.13240
0.26945
0.04371
0.07494
0.17149
0.26276
0.09179
0.29516
0.02479
0.08967
0.13764
0.27099
0.27203
0.17947
0.23215
0.09614
0.10151
0.30593
0.32210
0.10208
0.16408
0.06071
0.27578
0.26321
0.05042
0.16178
0.04881
0.30799
0.13517
0.12674
0.33065
0.06690
0.35488
0.15689
0.08610
0.19112
0.23403
0.10952
0.32377
0.31639
0.33397
0.13730
0.17057
0.16698
0.19674
0.21427
0.26959
0.26915
0.31584
0.08757
0.11626
0.30908
0.28489
0.03820
0.21750
0.03967
0.20221
0.18662
0.02357
0.08163
0.22714
0.02848
0.04424
0.17165
0.29932
0.07938
0.09764
0.20978
0.16569
0.10076
0.19513
0.21711
0.26939
0.25020
0.18544
0.10656
0.06997
0.04473
0.14674
0.13168
0.23850
0.20321
0.14951
0.07252
0.24883
0.21588
0.06213
0.15372
0.15138
0.04769
0.20212
0.06828
0.20172
0.23871
0.11428
0.28498
0.23413
0.11817
0.23570
0.26807
0.23932
0.11507
0.27032
0.22994
0.35236
0.12087
0.13882
0.12281
0.06016
0.07167
0.05385
0.16627
0.16367
0.14994
0.05178
0.23507
0.09089
0.22841
0.10528
0.05266
0.28866
0.11775
0.03899
0.12167
0.27800
0.08349
0.31614
0.09796
0.11501
0.12922
0.23689
0.09987
0.04122
0.14355
0.09897
0.11251
0.12590
0.12028
0.24390
0.15201
0.14582
0.21184
0.07381
0.07376
0.12993
0.21918
0.16681
0.21534
0.19127
0.13646
0.26189
0.29808
0.09037
0.12723
0.08981
0.07190
0.11848
0.05300
0.03137
0.32511
0.18195
0.06058
0.19332
0.13726
0.07862
0.14230
0.34220
0.15090
0.06651
0.30841
0.11186
0.18283
0.16231
0.13039
0.13061
0.06287
0.05959
0.20205
0.17089
0.13617
0.10386
0.16074
0.11111
0.14859
0.14413
0.32365
0.30039
0.29760
0.11910
0.09379
0.32541
0.33146
0.33477
0.03756
0.25211
0.13343
0.28563
0.12441
0.07731
0.11522
0.11601
0.13740
0.18839
0.23508
0.06609
0.09616
0.07668
0.26079
0.15184
0.23138
0.14139
0.23461
0.20927
0.13824
0.06949
0.26994
0.27205
0.35684
0.26276
0.30600
0.23124
0.25493
0.33298
0.28371
0.25181
0.05608
0.10275
0.10554
0.23915
0.03886
0.07030
0.21029
0.08652
0.24457
0.13287
0.14845
0.09929
0.26893
0.25651
0.25410
0.16883
0.30208
0.12072
0.15433
0.34106
0.05929
0.22979
0.08047
0.09031
0.21372
0.05197
0.24476
0.30352
0.07097
0.12265
0.17523
0.26727
0.10880
0.03402
0.07243
0.04567
0.05083
0.07092
0.17834
0.09311
0.27236
0.15855
0.21694
0.09204
0.15305
0.28771
0.20565
0.29458
0.35971
0.16580
0.26135
0.29782
0.31863
0.32711
0.28551
0.27960
0.35478
0.27219
0.23926
0.27215
0.23574
0.31949
0.15590
0.36688
0.32545
0.23654
0.28154
0.23334
0.29179
0.32766
0.30741
0.24238
0.31676
0.33610
0.23173
0.27783
0.32699
0.24971
0.24703
0.25630
0.30930
0.30408
0.27922
0.19803
0.34754
0.26371
0.25646
0.31359
0.21117
0.30116
0.35416
0.28031
0.34247
0.33023
0.28705
0.22850
0.30929
0.33156
0.24665
0.31202
0.30999
0.27185
0.30725
0.27554
0.16528
0.32538
0.25963
0.28384
0.32061
0.29139
0.29769
0.15134
0.26371
0.35658
0.11604
0.27211
0.22288
0.17250
0.15918
0.35959
0.28327
0.33356
0.15016
0.34328
0.27235
0.25488
0.37100
0.32213
0.30372
0.28955
0.24535
0.27014
0.16199
0.34831
0.31475
0.26396
0.14906
0.32381
0.17678
0.23047
0.28000
0.23996
0.35015
0.32274
0.19737
0.30818
0.30877
0.12649
0.18885
0.30556
0.16931
0.14456
0.16083
0.29722
0.35375
0.28698
0.28678
0.23462
0.31554
0.20760
0.31939
0.28660
0.31866
0.19431
0.27513
0.30425
0.25038
0.18347
0.33872
0.30007
0.18429
0.29216
0.31547
0.26036
0.35059
0.31662
0.21573
0.27056
0.19808
0.29225
0.30755
0.29104
0.27424
0.23876
0.15371
0.32469
0.20775
0.30417
0.21070
0.28742
0.33936
0.29602
0.17313
0.22438
0.28823
0.20017
0.30878
0.15911
0.23005
0.22135
0.19037
0.21081
0.30587
0.32719
0.31266
0.26921
0.22098
0.32671
0.18874
0.20321
0.21684
0.30582
0.29415
0.15958
0.16026
0.27818
0.30354
0.23647
0.13522
0.18508
0.26927
0.22896
0.22844
0.27598
0.32811
0.14784
0.23923
0.28197
0.28977
0.17906
0.30941
0.26012
0.22197
0.37653
0.16389
0.28626
0.20236
0.36492
0.31192
0.26365
0.27040
0.31135
0.27696
0.15206
0.28184
0.26801
0.27737
0.29482
0.26720
0.33750
0.23562
0.29154
0.20903
0.32672
0.26235
0.29988
0.22233
0.26207
0.29016
0.24028
0.18275
0.27441
0.21906
0.30723
0.19993
0.31302
0.22984
0.29233
0.29234
0.29230
0.28997
0.13356
0.23477
0.32468
0.32344
0.27469
0.30248
0.30412
0.27139
0.25444
0.22967
0.31155
0.29353
0.30261
0.20719
0.13693
0.30626
0.31060
0.22388
0.29252
0.19404
0.34058
0.30843
0.20643
0.19734
0.28914
0.27154
0.31993
0.27117
0.24325
0.34495
0.35333
0.13502
0.23152
0.31207
0.28512
0.27587
0.28682
0.34048
0.19197
0.19836
0.17628
0.27429
0.29456
0.36275
0.27009
0.25614
0.30366
0.23090
0.26855
0.30559
0.28339
0.16137
0.32319
0.23589
0.21184
0.33209
0.29746
0.28433
0.21788
0.26611
0.29247
0.34909
0.34228
0.23174
0.28311
0.18537
0.33466
0.29537
0.11093
0.27932
0.16250
0.24832
0.30017
0.21973
0.27167
0.24216
0.28195
0.21750
0.25240
0.24092
0.34486
0.29247
0.28861
0.17376
0.29691
0.24623
0.22874
0.19622
0.32562
0.27098
0.29251
0.23802
0.26244
0.27786
0.25811
0.26844
0.26823
0.16792
0.30333
0.24512
0.33086
0.27391
0.29530
0.34550
0.27921
0.29031
0.31922
0.15726
0.21211
0.30950
0.22971
0.30432
0.31294
0.29457
0.34152
0.38654
0.30353
0.32722
0.26941
0.28933
0.28430
0.34777
0.27778
0.25953
0.32330
0.32294
0.32089
0.32695
0.37751
0.20505
0.25626
0.33143
0.22724
0.31858
0.32032
0.24278
0.26013
0.34857
0.23597
0.28529
0.32636
0.28780
0.25194
0.26237
0.29028
0.25036
0.29562
0.32904
0.28721
0.26853
0.30867
0.26598
0.33594
0.30233
0.26478
0.11010
0.30919
0.32459
0.34191
0.33388
0.30946
0.40487
0.40894
0.29902
0.16528
0.32865
0.38566
0.26778
0.15803
0.31527
0.31088
0.22999
0.25504
0.30861
0.27099
0.27173
0.26752
0.35178
0.34979
0.40119
0.30582
0.32066
0.27147
0.39064
0.27237
0.28486
0.31388
0.35279
0.28794
0.19514
0.31268
0.45698
0.23492
0.41737
0.41962
0.16344
0.29816
0.36018
0.31547
0.29403
0.26596
0.30111
0.23501
0.28479
0.32121
0.26806
0.29812
0.38104
0.31310
0.30358
0.24543
0.20737
0.28029
0.39760
0.24362
0.11249
0.30301
0.13433
0.20730
0.41648
0.14666
0.26027
0.20177
0.30673
0.20941
0.43378
0.17233
0.34752
0.40497
0.24790
0.25178
0.26905
0.24607
0.20352
0.36622
0.15890
0.34789
0.32588
0.26922
0.25146
0.25146
0.32763
0.29777
0.20425
0.34008
0.42603
0.31636
0.30139
0.37664
0.37843
0.22413
0.25970
0.28780
0.37095
0.19411
0.19454
0.26761
0.34979
0.30841
0.25921
0.28210
0.31115
0.33285
0.19106
0.31713
0.35444
0.29044
0.31110
0.25680
0.37620
0.29347
0.28565
0.28325
0.31831
0.32583
0.27450
0.29764
0.23627
0.32456
0.26307
0.22726
0.33430
0.28104
0.24681
0.29621
0.20935
0.31046
0.25536
0.07687
0.15359
0.22843
0.26238
0.26710
0.21968
0.23973
0.34804
0.17181
0.08640
0.20852
0.06557
0.29356
0.25938
0.16392
0.27651
0.06540
0.17021
0.15543
0.27607
0.08623
0.15281
0.24264
0.25747
0.23690
0.21180
0.25595
0.05370
0.33318
0.20934
0.06014
0.03541
0.12839
0.30268
0.12081
0.18229
0.20373
0.32341
0.09760
0.03201
0.09499
0.12800
0.27327
0.13189
0.11024
0.15488
0.33901
0.13508
0.30755
0.21242
0.06203
0.26565
0.07242
0.05630
0.25893
0.18809
0.27972
0.08532
0.08481
0.20161
0.21289
0.28970
0.24694
0.00058
0.05714
0.17469
0.21785
0.14925
0.23873
0.12259
0.27755
0.17883
0.15058
0.24225
0.28091
0.10575
0.09111
0.13747
0.09990
0.05033
0.26406
0.20166
0.19971
0.26941
0.26754
0.18940
0.33385
0.23827
0.27480
0.09864
0.22974
0.19878
0.04697
0.24271
0.08129
0.08563
0.20731
0.24378
0.29033
0.17906
0.05191
0.03895
0.14511
0.24027
0.23411
0.32730
0.07670
0.18128
0.33370
0.14431
0.21992
0.10088
0.04468
0.04785
0.09513
0.08264
0.05791
0.27453
0.31156
0.07028
0.15693
0.02311
0.06165
0.04907
0.28421
