0.07704
0.09621
0.08335
0.22466
0.11706
0.12574
0.24956
0.15208
0.23593
0.03873
0.19708
0.17333
0.17371
0.10767
0.15497
0.22599
0.12854
0.13795
0.06489
0.16138
0.28831
0.13466
0.15129
0.06591
0.26614
0.14187
0.09587
0.18190
0.09093
0.20694
0.17791
0.27391
0.11932
0.10372
0.08990
0.10057
0.10045
0.09784
0.08160
0.18733
0.29689
0.25224
0.09237
0.14214
0.28693
0.21116
0.15037
0.23351
0.20082
0.16131
0.09608
0.14843
0.11598
0.33095
0.09281
0.24205
0.24542
0.13574
0.13057
0.08788
0.28142
0.29252
0.17258
0.22890
0.28919
0.31546
0.03554
0.16830
0.07384
0.03644
0.10955
0.32505
0.28879
0.15694
0.25520
0.09570
0.06512
0.05337
0.19599
0.14694
0.30836
0.14129
0.35040
0.28318
0.27539
0.29048
0.09231
0.06316
0.15133
0.24671
0.31614
0.16950
0.04384
0.27423
0.06002
0.13959
0.18536
0.23207
0.17121
0.19257
0.10080
0.16013
0.10162
0.10716
0.22600
0.30179
0.15750
0.14183
0.15767
0.28004
0.01997
0.24696
0.09590
0.20264
0.10307
0.18787
0.26666
0.03412
0.07796
0.16813
0.23562
0.06060
0.28183
0.02169
0.11865
0.09662
0.30828
0.29007
0.18749
0.26577
0.09948
0.14466
0.32753
0.35658
0.09481
0.15760
0.04626
0.30775
0.21433
0.05336
0.19014
0.04449
0.29783
0.14992
0.10949
0.31093
0.04929
0.37182
0.17894
0.09277
0.12400
0.28121
0.10492
0.31587
0.30093
0.33697
0.07718
0.16867
0.15262
0.17480
0.29605
0.31702
0.29043
0.33656
0.08785
0.09240
0.27480
0.28905
0.07268
0.28303
0.06316
0.24164
0.19716
0.03743
0.11817
0.19328
0.08197
0.03820
0.15262
0.29344
0.08237
0.10258
0.17180
0.13588
0.07224
0.20029
0.22380
0.28158
0.26678
0.19405
0.15316
0.07661
0.06206
0.18716
0.11427
0.25856
0.14316
0.14116
0.09916
0.27518
0.22841
0.06121
0.20473
0.14065
0.05997
0.25749
0.11951
0.17704
0.25020
0.09915
0.28479
0.19851
0.13286
0.25569
0.23675
0.25435
0.11676
0.21906
0.18616
0.34722
0.10694
0.26425
0.09036
0.07629
0.10929
0.04309
0.18147
0.17286
0.19456
0.05258
0.27588
0.08680
0.24684
0.10941
0.06828
0.28934
0.11562
0.02746
0.10486
0.24922
0.04677
0.30694
0.08740
0.11019
0.12135
0.23227
0.10815
0.04395
0.09763
0.10428
0.11001
0.10423
0.10579
0.25419
0.12367
0.14903
0.21483
0.07719
0.07153
0.13066
0.25380
0.16382
0.26298
0.12691
0.11649
0.25105
0.28085
0.09076
0.18351
0.02190
0.07314
0.11795
0.06395
0.02988
0.34938
0.17552
0.05577
0.19670
0.14879
0.09585
0.09914
0.34343
0.12359
0.08288
0.30870
0.11923
0.18076
0.20861
0.19874
0.16926
0.06943
0.07943
0.18007
0.21577
0.21261
0.09254
0.19354
0.15047
0.19331
0.15449
0.32028
0.25680
0.30144
0.17611
0.16952
0.30974
0.33999
0.33986
0.02894
0.24367
0.12925
0.31735
0.13554
0.09542
0.15063
0.12351
0.11085
0.14285
0.27445
0.05634
0.08962
0.07645
0.28594
0.19708
0.27898
0.14492
0.22859
0.23923
0.13957
0.05610
0.24626
0.22966
0.35338
0.23925
0.32580
0.23144
0.25854
0.29424
0.27474
0.29525
0.06673
0.07397
0.13404
0.22483
0.06549
0.06709
0.20935
0.12735
0.22253
0.11424
0.17617
0.08073
0.27396
0.25892
0.27446
0.19868
0.29439
0.12992
0.12612
0.31360
0.05487
0.20513
0.03593
0.10383
0.19680
0.05207
0.24431
0.30700
0.04386
0.09906
0.11893
0.21541
0.11585
0.05308
0.04505
0.06324
0.09145
0.11829
0.20933
0.11892
0.26909
0.23521
0.25042
0.10249
0.19141
0.30268
0.23279
0.29050
0.34876
0.18528
0.28592
0.31868
0.30329
0.34989
0.28944
0.27335
0.35199
0.27251
0.22878
0.26866
0.24046
0.29210
0.17314
0.38028
0.31686
0.26623
0.29520
0.24462
0.26495
0.33578
0.30510
0.23677
0.31333
0.34810
0.24462
0.27916
0.32304
0.27487
0.26071
0.26453
0.29014
0.31230
0.27919
0.23514
0.35044
0.27023
0.26982
0.31810
0.18418
0.31712
0.34622
0.29659
0.32857
0.31798
0.31985
0.25047
0.30857
0.33389
0.24472
0.31057
0.31771
0.28801
0.29638
0.31722
0.19811
0.31275
0.26891
0.28650
0.31654
0.29508
0.29129
0.17523
0.28897
0.36564
0.13512
0.27888
0.22168
0.19581
0.19883
0.35422
0.29855
0.30458
0.16072
0.34549
0.26385
0.26564
0.36774
0.30618
0.32372
0.29479
0.21866
0.28043
0.19710
0.35097
0.30400
0.26620
0.17686
0.31889
0.21257
0.24889
0.29222
0.27768
0.35223
0.32223
0.23166
0.33173
0.31687
0.18761
0.19385
0.31119
0.18880
0.17695
0.16271
0.29297
0.33861
0.27339
0.29234
0.24008
0.31598
0.22596
0.30355
0.28859
0.31242
0.20637
0.28171
0.32214
0.21567
0.19547
0.35116
0.29431
0.18814
0.30641
0.31098
0.25276
0.34569
0.30450
0.23663
0.32590
0.19651
0.28680
0.32179
0.29761
0.26992
0.24636
0.16250
0.32718
0.21241
0.30431
0.24171
0.30321
0.31790
0.29329
0.21751
0.24621
0.28533
0.21945
0.32966
0.18592
0.23640
0.20921
0.22445
0.23731
0.32196
0.32231
0.32077
0.25360
0.19536
0.32119
0.19865
0.22827
0.23284
0.30510
0.29622
0.16092
0.16892
0.26538
0.29835
0.24443
0.15572
0.20835
0.27152
0.23774
0.25824
0.27874
0.32880
0.18036
0.23172
0.27133
0.30409
0.19705
0.28789
0.26418
0.25168
0.37999
0.18365
0.30725
0.20572
0.35488
0.31819
0.25668
0.27451
0.30629
0.27735
0.20495
0.30087
0.27505
0.27281
0.28223
0.26317
0.34078
0.22770
0.29830
0.22642
0.34163
0.26255
0.32077
0.20925
0.26494
0.28979
0.25593
0.21896
0.25007
0.24222
0.30274
0.22251
0.30981
0.23387
0.28649
0.29940
0.28936
0.27032
0.14459
0.23399
0.32528
0.32414
0.27795
0.30218
0.32397
0.27286
0.24338
0.23933
0.31030
0.29977
0.29461
0.25669
0.17441
0.30875
0.31615
0.26091
0.27839
0.24781
0.32989
0.30126
0.22549
0.18314
0.29209
0.28811
0.31684
0.27352
0.23910
0.35012
0.34421
0.16265
0.23892
0.32361
0.26809
0.29675
0.30691
0.33935
0.22979
0.19949
0.19186
0.28155
0.27821
0.35974
0.28184
0.28568
0.29186
0.20953
0.28084
0.30283
0.28008
0.17478
0.32384
0.21399
0.23587
0.33343
0.29602
0.27729
0.24370
0.27771
0.29377
0.35663
0.34704
0.25115
0.28070
0.19973
0.31202
0.30273
0.12419
0.28687
0.18957
0.26339
0.31048
0.23461
0.29007
0.25630
0.28192
0.22504
0.25506
0.24896
0.33788
0.30402
0.27476
0.19101
0.29522
0.25291
0.25716
0.21932
0.32121
0.29579
0.31997
0.23848
0.23451
0.29315
0.27460
0.26618
0.26502
0.17203
0.33383
0.29339
0.33570
0.28415
0.31542
0.34631
0.28155
0.27425
0.32281
0.15137
0.19090
0.30936
0.23916
0.32898
0.30938
0.27881
0.33359
0.37951
0.31063
0.33207
0.27150
0.30697
0.30147
0.35634
0.25336
0.27605
0.32340
0.33194
0.29610
0.33031
0.38665
0.20044
0.29279
0.34759
0.22312
0.32515
0.33028
0.27256
0.25731
0.33865
0.23309
0.28753
0.32273
0.29396
0.25850
0.28174
0.26655
0.28932
0.29940
0.32662
0.28685
0.27943
0.29922
0.26989
0.30508
0.29665
0.28748
0.13240
0.33789
0.33841
0.36293
0.32954
0.33108
0.42582
0.39733
0.30455
0.20373
0.32210
0.38830
0.30314
0.22260
0.32109
0.36509
0.24695
0.26289
0.33786
0.24923
0.28339
0.25229
0.33179
0.35586
0.42400
0.30179
0.31809
0.25592
0.39258
0.27658
0.28273
0.29698
0.34671
0.27075
0.17341
0.32502
0.46123
0.23355
0.40894
0.42235
0.20073
0.30268
0.39365
0.31737
0.29896
0.26927
0.27781
0.23381
0.29261
0.33149
0.31320
0.30314
0.39151
0.30026
0.29411
0.26978
0.23770
0.24371
0.40529
0.26240
0.13449
0.31921
0.16513
0.18845
0.42970
0.19141
0.26444
0.21556
0.24516
0.24340
0.43252
0.21795
0.32182
0.40967
0.23881
0.25801
0.27415
0.27292
0.21664
0.37938
0.19565
0.35435
0.36251
0.27505
0.26514
0.25981
0.35053
0.30236
0.24857
0.34646
0.41912
0.32249
0.29394
0.35236
0.37057
0.21836
0.28784
0.28582
0.37769
0.22651
0.22573
0.22253
0.35870
0.30001
0.25363
0.25212
0.30289
0.38696
0.24596
0.26990
0.32416
0.30149
0.30099
0.26601
0.37658
0.28187
0.25979
0.29242
0.29534
0.35429
0.27197
0.27768
0.24205
0.34262
0.29405
0.26028
0.32530
0.31952
0.21782
0.29977
0.16820
0.32064
0.23484
0.04754
0.11661
0.16989
0.24284
0.25289
0.19076
0.21894
0.33205
0.16136
0.04235
0.16698
0.05945
0.25010
0.25638
0.12444
0.26193
0.06511
0.10697
0.19517
0.25771
0.08822
0.09629
0.19476
0.30326
0.23042
0.21164
0.28835
0.06196
0.31522
0.25758
0.04039
0.12491
0.10924
0.27818
0.06632
0.25287
0.19210
0.30725
0.05044
0.07689
0.07488
0.05031
0.26016
0.11950
0.11831
0.17993
0.30928
0.14771
0.24285
0.19816
0.04488
0.26671
0.13397
0.08091
0.30523
0.19301
0.22048
0.04894
0.07796
0.20552
0.21938
0.28276
0.25706
0.05012
0.06794
0.20402
0.19232
0.17782
0.17700
0.08663
0.30002
0.21857
0.10978
0.25973
0.27262
0.10953
0.14559
0.13622
0.05229
0.04685
0.23733
0.17962
0.19163
0.27025
0.23901
0.20037
0.32028
0.21299
0.20782
0.17563
0.20715
0.14348
0.03603
0.20015
0.11711
0.06041
0.12388
0.23860
0.29041
0.25491
0.04950
0.04448
0.09715
0.24403
0.19321
0.27926
0.06189
0.21013
0.28904
0.13885
0.26227
0.12088
0.02718
0.02095
0.09704
0.04888
0.06535
0.24409
0.27876
0.08975
0.09318
0.04266
0.04634
0.04968
0.24418
