0.11236
0.10173
0.04223
0.21806
0.08456
0.12670
0.23041
0.13784
0.20624
0.05261
0.21929
0.13253
0.14918
0.11559
0.07759
0.21949
0.14614
0.09270
0.06851
0.15135
0.28172
0.08216
0.16436
0.06731
0.22214
0.14845
0.10831
0.29779
0.08690
0.15203
0.10652
0.28562
0.14332
0.10373
0.06193
0.09977
0.14883
0.07242
0.08597
0.14365
0.31068
0.24672
0.09088
0.08572
0.30841
0.23033
0.10832
0.22460
0.15961
0.14707
0.10038
0.09622
0.13376
0.32072
0.09298
0.25381
0.20613
0.11162
0.14610
0.05524
0.30516
0.26979
0.08705
0.20010
0.26644
0.28462
0.03280
0.16786
0.10181
0.01947
0.11706
0.29169
0.26439
0.19596
0.28527
0.06843
0.06281
0.02837
0.21845
0.16335
0.29969
0.19400
0.28740
0.28193
0.28403
0.37688
0.10305
0.04136
0.10174
0.29002
0.30377
0.19017
0.04484
0.27850
0.05569
0.11514
0.15787
0.23255
0.20651
0.15601
0.09207
0.15269
0.11060
0.12886
0.22734
0.29544
0.12802
0.14250
0.17980
0.29044
0.02247
0.27078
0.07516
0.24753
0.11354
0.13773
0.28931
0.05466
0.07283
0.19964
0.18184
0.03840
0.25629
0.01802
0.08914
0.14425
0.30462
0.26960
0.17868
0.24791
0.06988
0.11158
0.29077
0.31955
0.10203
0.13730
0.06526
0.26448
0.21038
0.05615
0.20782
0.02134
0.30883
0.14724
0.12548
0.30467
0.09414
0.34657
0.18171
0.08762
0.16756
0.25495
0.10881
0.29369
0.31412
0.30994
0.08673
0.15666
0.16575
0.20843
0.27430
0.30447
0.29608
0.30754
0.08915
0.08678
0.30960
0.28459
0.05725
0.25354
0.04251
0.21019
0.23386
0.02645
0.08890
0.19636
0.06101
0.06637
0.14177
0.27451
0.06887
0.11677
0.25004
0.11097
0.10582
0.17633
0.19672
0.25911
0.24356
0.22808
0.11331
0.06829
0.02699
0.14159
0.08820
0.25717
0.17422
0.13534
0.05287
0.28796
0.19986
0.05072
0.16691
0.13021
0.04557
0.21945
0.07774
0.16963
0.25715
0.06286
0.23848
0.21403
0.05976
0.25295
0.26511
0.23016
0.11662
0.27738
0.18563
0.33820
0.11338
0.17013
0.13019
0.07684
0.07483
0.03158
0.16614
0.13210
0.15528
0.03190
0.29320
0.07337
0.19846
0.11852
0.04459
0.29601
0.11534
0.03876
0.09429
0.28738
0.06808
0.28532
0.08671
0.14256
0.13267
0.20097
0.10776
0.03199
0.09284
0.12083
0.11367
0.10874
0.06618
0.23814
0.15196
0.15145
0.20531
0.07335
0.03664
0.12801
0.19639
0.13211
0.18200
0.14291
0.15831
0.25851
0.26563
0.10585
0.17271
0.07745
0.12357
0.12530
0.05401
0.04197
0.38783
0.16641
0.04275
0.22081
0.09345
0.08463
0.16261
0.33760
0.11487
0.09670
0.31388
0.12000
0.19135
0.16535
0.21729
0.11607
0.06975
0.04734
0.22765
0.17281
0.16276
0.09956
0.16677
0.16904
0.16746
0.10213
0.30961
0.25839
0.26505
0.10980
0.07044
0.30585
0.31579
0.31410
0.02693
0.25557
0.13210
0.29169
0.11558
0.07759
0.18627
0.12342
0.08695
0.19154
0.26899
0.05163
0.05252
0.06682
0.25753
0.15977
0.24740
0.14765
0.26231
0.23181
0.14485
0.06194
0.23001
0.28105
0.39365
0.29905
0.30896
0.24335
0.24061
0.27800
0.29894
0.27600
0.05059
0.04209
0.09482
0.22754
0.04592
0.06126
0.20483
0.09835
0.21499
0.08873
0.15209
0.09234
0.21087
0.28536
0.28113
0.19174
0.34178
0.10352
0.14642
0.34070
0.05042
0.19349
0.04584
0.07856
0.19435
0.03103
0.23417
0.30858
0.06120
0.08619
0.11200
0.26241
0.11172
0.04171
0.04177
0.03288
0.06279
0.06760
0.15658
0.05500
0.31587
0.15823
0.20282
0.06178
0.19667
0.29569
0.22054
0.27868
0.35825
0.18726
0.28786
0.30928
0.31053
0.33749
0.28459
0.25389
0.35358
0.26850
0.23296
0.26033
0.23686
0.30772
0.17946
0.38093
0.33471
0.26144
0.25658
0.24851
0.27164
0.34119
0.28268
0.23498
0.31783
0.33667
0.22554
0.24327
0.31843
0.28110
0.25910
0.27330
0.29064
0.32022
0.26555
0.23375
0.34553
0.25363
0.25920
0.32616
0.20347
0.31194
0.35642
0.31002
0.31018
0.31107
0.29060
0.26423
0.28930
0.34429
0.21436
0.30126
0.32954
0.27848
0.26369
0.31000
0.21737
0.30911
0.26732
0.29192
0.31443
0.29690
0.27485
0.20949
0.28215
0.37274
0.14936
0.27450
0.21636
0.19967
0.19074
0.35649
0.30875
0.33698
0.19253
0.35914
0.27034
0.28077
0.37632
0.31661
0.29320
0.29209
0.24603
0.28776
0.19288
0.35512
0.27502
0.24964
0.17352
0.32700
0.18929
0.25849
0.29545
0.27504
0.35723
0.33245
0.23128
0.31712
0.31271
0.18688
0.19875
0.29896
0.20747
0.20659
0.17893
0.28484
0.36096
0.27099
0.27939
0.25061
0.30823
0.22373
0.28963
0.28635
0.29255
0.20282
0.29025
0.28401
0.25087
0.19764
0.34160
0.30363
0.18227
0.30310
0.31680
0.27682
0.35658
0.31081
0.24320
0.29649
0.19607
0.28752
0.30789
0.27922
0.26385
0.22245
0.20207
0.31515
0.23161
0.29428
0.23846
0.26982
0.32353
0.29995
0.21406
0.22355
0.28919
0.22349
0.30397
0.20654
0.22674
0.20154
0.24647
0.20493
0.31965
0.32616
0.32702
0.23250
0.19770
0.33199
0.22326
0.22176
0.23336
0.31388
0.31731
0.17398
0.20020
0.25170
0.28618
0.22012
0.17245
0.22928
0.26500
0.22118
0.22531
0.28058
0.31388
0.16754
0.23952
0.27922
0.28219
0.20846
0.29626
0.26374
0.29052
0.36478
0.22242
0.28653
0.23559
0.35932
0.32161
0.25184
0.26867
0.27544
0.25939
0.20199
0.29417
0.29425
0.26140
0.28744
0.25957
0.34660
0.25012
0.30710
0.23066
0.33450
0.24319
0.31490
0.23413
0.26387
0.27932
0.28268
0.22487
0.22487
0.24812
0.31271
0.22877
0.31274
0.24957
0.26117
0.29272
0.29366
0.30230
0.15704
0.21722
0.33452
0.32734
0.26797
0.27507
0.30602
0.27542
0.24321
0.22889
0.30941
0.29423
0.26975
0.24287
0.17255
0.29930
0.31037
0.26145
0.27052
0.26300
0.34287
0.29021
0.17743
0.18316
0.28578
0.30217
0.27745
0.27109
0.24110
0.34823
0.36181
0.16807
0.25691
0.32006
0.26452
0.27163
0.30574
0.34486
0.23050
0.21975
0.17265
0.26801
0.27266
0.36365
0.31472
0.30613
0.28827
0.24173
0.27316
0.30048
0.28045
0.20261
0.33409
0.22786
0.23867
0.34311
0.30057
0.27142
0.26088
0.26679
0.29958
0.33966
0.34609
0.20531
0.28081
0.22677
0.31952
0.31006
0.13674
0.27365
0.20300
0.24482
0.28870
0.25652
0.27795
0.23897
0.25504
0.24704
0.24250
0.27821
0.34957
0.28905
0.26650
0.18846
0.30459
0.24622
0.26196
0.21996
0.34148
0.29442
0.32659
0.27231
0.25634
0.27550
0.27990
0.24287
0.26890
0.17972
0.32731
0.27675
0.33836
0.28195
0.30257
0.35744
0.29575
0.24922
0.31272
0.15158
0.19952
0.28711
0.24676
0.31487
0.31561
0.27714
0.33443
0.38707
0.31708
0.33651
0.27547
0.31474
0.29185
0.36553
0.26460
0.28551
0.32302
0.32540
0.30707
0.33848
0.39685
0.23165
0.23873
0.33471
0.24019
0.31993
0.32025
0.25707
0.22973
0.34930
0.22514
0.26349
0.32364
0.30070
0.25948
0.26474
0.27351
0.29373
0.29107
0.32523
0.28764
0.25708
0.29854
0.26360
0.31258
0.28005
0.29028
0.16425
0.33525
0.32202
0.37518
0.31561
0.32804
0.42058
0.42151
0.24353
0.21449
0.28883
0.38780
0.30575
0.23747
0.29916
0.34124
0.26181
0.21594
0.31033
0.19051
0.29129
0.25712
0.33174
0.37907
0.41802
0.32016
0.29345
0.25026
0.39804
0.30493
0.29107
0.27948
0.37124
0.26062
0.18134
0.33435
0.48240
0.27947
0.42640
0.43602
0.20450
0.28753
0.37653
0.29228
0.30439
0.22342
0.27142
0.21660
0.29250
0.28303
0.28864
0.31900
0.38992
0.26010
0.27019
0.27581
0.20415
0.24015
0.40466
0.26540
0.15322
0.35856
0.19951
0.21195
0.42297
0.18197
0.29307
0.24568
0.26660
0.27184
0.44732
0.22135
0.33647
0.40397
0.23645
0.25300
0.23881
0.27626
0.22772
0.36552
0.21314
0.36752
0.34724
0.24340
0.27192
0.23021
0.33459
0.27533
0.22397
0.35733
0.42657
0.32103
0.29097
0.37863
0.37473
0.19200
0.27963
0.28713
0.36691
0.21617
0.23009
0.26574
0.32767
0.27469
0.26666
0.25620
0.32089
0.37070
0.22129
0.27496
0.33996
0.31329
0.29988
0.25247
0.40736
0.28237
0.30157
0.28937
0.30784
0.34529
0.26207
0.29201
0.23638
0.32428
0.25628
0.23430
0.30458
0.29612
0.21501
0.29130
0.19437
0.28383
0.19029
0.03760
0.18293
0.21977
0.25435
0.21881
0.20531
0.24475
0.35720
0.17265
0.09563
0.24174
0.02606
0.28385
0.26769
0.18421
0.30550
0.11227
0.11306
0.18400
0.27095
0.05338
0.14743
0.21561
0.31036
0.22813
0.22024
0.28708
0.03342
0.28468
0.27989
0.03958
0.03754
0.14154
0.28069
0.08274
0.27304
0.19509
0.32909
0.04205
0.05120
0.12229
0.05746
0.27751
0.09831
0.09099
0.24809
0.25532
0.13400
0.26786
0.22699
0.05719
0.22350
0.11696
0.12907
0.24727
0.17941
0.21523
0.06828
0.07195
0.21335
0.22299
0.32808
0.25789
0.04086
0.06482
0.15661
0.21305
0.11903
0.22009
0.07989
0.30620
0.23403
0.09640
0.24168
0.29986
0.08363
0.15238
0.16813
0.05610
0.01657
0.25655
0.15377
0.19836
0.24669
0.29969
0.20331
0.36681
0.23044
0.18663
0.13520
0.22386
0.18192
0.03059
0.28416
0.08716
0.02905
0.22496
0.26498
0.28837
0.28972
0.05947
0.06527
0.14681
0.23700
0.15888
0.33581
0.06036
0.15869
0.29172
0.13374
0.26353
0.11037
0.03029
0.06139
0.18364
0.05544
0.09933
0.24003
0.29329
0.07083
0.09811
0.03207
0.07535
0.03323
0.28239
