0.08253
0.10078
0.04086
0.27020
0.05226
0.10559
0.20778
0.11346
0.12430
0.05413
0.14863
0.12947
0.12370
0.13693
0.06299
0.20807
0.12109
0.12793
0.08186
0.16333
0.30562
0.10661
0.14588
0.02812
0.23252
0.11035
0.09363
0.19670
0.04785
0.14488
0.17256
0.26513
0.15120
0.11511
0.05026
0.09785
0.13222
0.04976
0.14929
0.12226
0.25496
0.23749
0.08815
0.10609
0.25615
0.14930
0.11471
0.23464
0.16077
0.10058
0.09506
0.14720
0.12683
0.28315
0.09470
0.21144
0.15078
0.11845
0.11473
0.06164
0.22989
0.29163
0.11075
0.22712
0.27498
0.32678
0.02846
0.14998
0.07812
0.02206
0.12818
0.30350
0.28923
0.16489
0.22138
0.06207
0.06645
0.00981
0.16667
0.17982
0.30979
0.09009
0.33422
0.25600
0.24347
0.32545
0.10102
0.06521
0.10967
0.26046
0.32053
0.20661
0.03921
0.26292
0.04420
0.11276
0.19192
0.21737
0.23232
0.10657
0.09003
0.14647
0.10965
0.11568
0.15129
0.29173
0.13384
0.15252
0.15865
0.28348
0.01065
0.19305
0.06986
0.26477
0.10134
0.09263
0.25941
0.05875
0.05311
0.17855
0.24549
0.11409
0.25886
0.02965
0.04732
0.11329
0.27850
0.23073
0.11197
0.27032
0.06607
0.13046
0.32288
0.30876
0.09307
0.11052
0.04029
0.29221
0.25780
0.03152
0.10990
0.03500
0.31673
0.14305
0.10956
0.31116
0.06544
0.34910
0.12128
0.08831
0.16806
0.23439
0.11654
0.26822
0.30149
0.33084
0.08680
0.14625
0.16325
0.17939
0.20824
0.27552
0.25851
0.31838
0.10963
0.07585
0.29239
0.28064
0.02894
0.25877
0.02591
0.19196
0.16734
0.01975
0.07463
0.17775
0.03620
0.06703
0.15150
0.27478
0.02634
0.09787
0.19023
0.15404
0.09341
0.17130
0.21028
0.25715
0.26626
0.16354
0.11861
0.09696
0.04964
0.12158
0.13201
0.19959
0.19302
0.17047
0.06787
0.23363
0.22566
0.10440
0.13360
0.16703
0.05266
0.13253
0.06356
0.22621
0.24175
0.08031
0.23248
0.23266
0.10551
0.23873
0.23173
0.26738
0.12577
0.18307
0.21781
0.33075
0.07097
0.12214
0.07361
0.03308
0.05687
0.04690
0.18602
0.14732
0.12276
0.02968
0.17340
0.08026
0.22619
0.08664
0.07074
0.25817
0.11660
0.05486
0.10140
0.27390
0.06139
0.27406
0.09012
0.11801
0.15555
0.21231
0.10994
0.05415
0.10493
0.11696
0.10475
0.09882
0.10320
0.16546
0.14557
0.14675
0.17555
0.02062
0.04479
0.14923
0.18415
0.13839
0.23185
0.15655
0.08884
0.21581
0.23657
0.10075
0.12978
0.02416
0.05821
0.11790
0.02724
0.03246
0.34037
0.12666
0.06278
0.18624
0.14903
0.05779
0.10990
0.34887
0.13714
0.04302
0.28908
0.12017
0.18436
0.13678
0.18060
0.09884
0.09262
0.04979
0.21248
0.18207
0.14997
0.09207
0.10908
0.13501
0.15239
0.12971
0.30249
0.21645
0.28815
0.08575
0.09166
0.28519
0.27040
0.33877
0.03942
0.24263
0.10848
0.26763
0.11007
0.05404
0.16889
0.09670
0.09555
0.15411
0.20389
0.02835
0.07771
0.05242
0.29169
0.06282
0.20714
0.10689
0.20329
0.20940
0.13299
0.06058
0.18652
0.26427
0.35331
0.21730
0.28797
0.23270
0.23284
0.29020
0.28176
0.21657
0.03464
0.04764
0.12603
0.23252
0.02889
0.05565
0.18437
0.08095
0.18940
0.07103
0.15555
0.11881
0.26827
0.17496
0.20968
0.17495
0.30787
0.07584
0.12987
0.30812
0.03319
0.25623
0.02720
0.08911
0.19544
0.02996
0.23816
0.30090
0.08021
0.08910
0.12807
0.24640
0.10560
0.04199
0.07372
0.05524
0.04316
0.06841
0.15945
0.05650
0.27199
0.12921
0.13554
0.08931
0.18857
0.31863
0.17000
0.25878
0.36793
0.18240
0.29337
0.29509
0.28088
0.31142
0.29099
0.21869
0.37355
0.24557
0.25090
0.23203
0.21866
0.29296
0.21152
0.38886
0.34729
0.27071
0.22531
0.25007
0.24037
0.33561
0.27388
0.20957
0.35038
0.35152
0.21835
0.23819
0.33351
0.27923
0.23831
0.25082
0.27288
0.32565
0.24317
0.23115
0.36986
0.22609
0.22571
0.29067
0.18427
0.30886
0.37254
0.29378
0.29273
0.28696
0.26211
0.26394
0.26440
0.35835
0.16807
0.25871
0.33434
0.22710
0.27124
0.30599
0.19642
0.28743
0.26048
0.30042
0.34038
0.30830
0.22718
0.19119
0.29359
0.38328
0.14475
0.26286
0.19780
0.17169
0.20514
0.35121
0.29602
0.33955
0.16584
0.37015
0.27838
0.26742
0.39116
0.32450
0.24607
0.29475
0.22623
0.27593
0.20374
0.37919
0.27297
0.21495
0.19140
0.31166
0.21974
0.26848
0.31373
0.28097
0.36969
0.34701
0.21582
0.34167
0.33554
0.21167
0.15614
0.26607
0.18750
0.22646
0.14392
0.29967
0.37701
0.22593
0.23470
0.25565
0.28310
0.22078
0.29317
0.24488
0.21948
0.21974
0.29418
0.27107
0.21775
0.16449
0.33741
0.30648
0.18106
0.29818
0.34228
0.27154
0.34116
0.33154
0.26389
0.26198
0.22467
0.31086
0.29753
0.26378
0.27294
0.22918
0.16875
0.30262
0.21231
0.26282
0.24569
0.23840
0.29536
0.30380
0.21323
0.24823
0.28748
0.21311
0.26236
0.21344
0.23492
0.23902
0.25692
0.15716
0.29750
0.34408
0.33719
0.21038
0.18292
0.35172
0.19221
0.18640
0.19444
0.32965
0.31193
0.17158
0.19422
0.25692
0.24520
0.16987
0.18135
0.25789
0.25969
0.20319
0.27003
0.24760
0.29915
0.17873
0.19999
0.29196
0.27012
0.20836
0.23883
0.26333
0.23557
0.33098
0.19150
0.30891
0.23122
0.37895
0.33741
0.21890
0.28151
0.26996
0.26327
0.20382
0.29909
0.29556
0.21401
0.30677
0.26783
0.36411
0.22513
0.31179
0.22096
0.36447
0.20189
0.26080
0.22982
0.22813
0.27651
0.26009
0.23321
0.21305
0.24139
0.30511
0.21433
0.31490
0.23054
0.24009
0.31570
0.30141
0.30960
0.14136
0.18891
0.34812
0.35286
0.21690
0.23783
0.26449
0.25805
0.20988
0.19192
0.32311
0.29206
0.21210
0.25945
0.22075
0.26849
0.32761
0.27051
0.22755
0.22522
0.36463
0.26207
0.17658
0.19125
0.29899
0.29670
0.28024
0.24135
0.25443
0.36790
0.38163
0.14796
0.27407
0.34113
0.24625
0.26650
0.30501
0.36693
0.25152
0.19404
0.20910
0.23702
0.23132
0.38645
0.31475
0.29426
0.25033
0.22421
0.24671
0.32742
0.30032
0.18306
0.35009
0.21886
0.23804
0.36612
0.30029
0.23191
0.24797
0.23331
0.30032
0.31372
0.36523
0.22557
0.28813
0.21502
0.29252
0.30754
0.14755
0.24057
0.22484
0.21009
0.25207
0.22626
0.25384
0.25000
0.22499
0.24707
0.21288
0.25169
0.37382
0.25101
0.25084
0.19824
0.31364
0.25241
0.24540
0.19048
0.33388
0.30013
0.33743
0.26365
0.23831
0.25773
0.27687
0.23330
0.27953
0.19398
0.34391
0.26960
0.35668
0.30195
0.27624
0.37308
0.27474
0.24263
0.27622
0.15782
0.18425
0.25942
0.19712
0.26001
0.33937
0.24692
0.30994
0.39868
0.33069
0.34294
0.26559
0.33202
0.28345
0.38035
0.20843
0.27817
0.34805
0.34648
0.26536
0.34466
0.41438
0.25038
0.23282
0.34083
0.22083
0.33011
0.30257
0.25002
0.25873
0.36267
0.23848
0.22367
0.33267
0.25252
0.19794
0.20528
0.25840
0.30399
0.30371
0.28086
0.29158
0.19266
0.28252
0.27555
0.29603
0.26056
0.28120
0.15390
0.32935
0.32458
0.37900
0.30797
0.31641
0.37102
0.38478
0.28643
0.20562
0.32063
0.40571
0.29235
0.22089
0.30695
0.33818
0.26249
0.22891
0.33342
0.24370
0.28246
0.22913
0.35162
0.35805
0.41640
0.32508
0.31286
0.26306
0.39012
0.32226
0.31201
0.31354
0.37299
0.27594
0.21917
0.33393
0.45058
0.26022
0.40044
0.37721
0.22659
0.27900
0.37122
0.31214
0.31248
0.22642
0.29390
0.24590
0.29816
0.29391
0.30983
0.33774
0.37509
0.28956
0.29677
0.28128
0.19958
0.25793
0.39345
0.23830
0.13769
0.33018
0.17469
0.19174
0.42355
0.18402
0.27028
0.23534
0.27881
0.25747
0.48079
0.20972
0.33865
0.39712
0.25411
0.24585
0.26692
0.27223
0.24219
0.36556
0.18650
0.36097
0.34036
0.26094
0.25082
0.23940
0.35065
0.30071
0.22856
0.36676
0.44686
0.32600
0.28895
0.36801
0.36465
0.20910
0.27424
0.28119
0.40225
0.23250
0.25452
0.26365
0.35549
0.28340
0.26530
0.25659
0.34619
0.37550
0.24658
0.27919
0.33509
0.28912
0.29935
0.27095
0.38873
0.29113
0.30556
0.28364
0.28977
0.34195
0.27828
0.29066
0.23028
0.34064
0.27965
0.24037
0.30591
0.29183
0.25510
0.27390
0.23082
0.32185
0.23650
0.02761
0.12731
0.12931
0.22306
0.26221
0.19660
0.26019
0.38083
0.21722
0.04973
0.11411
0.07126
0.29932
0.17853
0.14442
0.29378
0.06784
0.11545
0.15755
0.09681
0.05954
0.14573
0.19181
0.29023
0.18060
0.21960
0.23100
0.04642
0.26281
0.18786
0.02231
0.02973
0.19427
0.28607
0.09545
0.19562
0.20460
0.28950
0.04880
0.03440
0.02256
0.03328
0.27065
0.19968
0.11166
0.14421
0.29322
0.11200
0.29692
0.23122
0.02865
0.28019
0.09075
0.08633
0.28148
0.19030
0.25172
0.03466
0.02932
0.20992
0.18889
0.26407
0.28118
0.01000
0.03331
0.15156
0.20630
0.20112
0.12960
0.07655
0.24869
0.21047
0.13023
0.24600
0.33542
0.08125
0.10790
0.14062
0.06168
0.03491
0.18947
0.10489
0.19170
0.28051
0.31661
0.19821
0.35051
0.24388
0.23717
0.17861
0.17738
0.13684
0.01694
0.24603
0.06429
0.03990
0.20117
0.26880
0.32302
0.20834
0.00738
0.11661
0.11299
0.12127
0.15727
0.27551
0.08593
0.19544
0.33829
0.08472
0.24080
0.10849
0.06020
0.02211
0.17193
0.06022
0.06475
0.27708
0.29100
0.07487
0.06695
0.01342
0.09828
0.06310
0.23800
