0.09574
0.09346
0.04005
0.23899
0.07802
0.14714
0.20607
0.15976
0.18440
0.10599
0.17936
0.15410
0.16551
0.12596
0.09299
0.20048
0.15548
0.13435
0.07723
0.16201
0.28639
0.19352
0.14457
0.06416
0.20354
0.16659
0.08960
0.24305
0.08332
0.18752
0.10459
0.19748
0.16268
0.09996
0.06981
0.10799
0.12784
0.06128
0.10929
0.14981
0.32334
0.24859
0.06198
0.15953
0.28537
0.22416
0.15461
0.26375
0.17703
0.14116
0.08979
0.14728
0.16065
0.29964
0.10009
0.23203
0.18929
0.12712
0.13128
0.05789
0.25466
0.28290
0.11950
0.20305
0.29376
0.31700
0.04916
0.20148
0.11906
0.06416
0.12820
0.30962
0.33491
0.19931
0.25092
0.15220
0.06571
0.04794
0.17196
0.18153
0.30117
0.17343
0.27089
0.26387
0.24903
0.34607
0.10416
0.07322
0.12480
0.21255
0.30977
0.17697
0.06503
0.27714
0.04704
0.18676
0.19776
0.22676
0.20505
0.16063
0.09982
0.18610
0.12431
0.13887
0.23939
0.29483
0.15404
0.15844
0.17781
0.29563
0.04386
0.23924
0.07485
0.23676
0.11899
0.11188
0.27786
0.06465
0.08614
0.22542
0.21335
0.08556
0.29078
0.02721
0.09445
0.13215
0.27168
0.27707
0.17391
0.23986
0.08762
0.11899
0.32393
0.33360
0.13113
0.14993
0.07558
0.29572
0.24938
0.02827
0.16052
0.03769
0.28153
0.16218
0.15088
0.26482
0.06270
0.33331
0.20640
0.08860
0.17070
0.28468
0.12138
0.31360
0.30672
0.32249
0.08414
0.12771
0.18055
0.20039
0.28523
0.22804
0.26401
0.32609
0.09770
0.11947
0.24279
0.26940
0.07776
0.26796
0.04860
0.24101
0.21753
0.02998
0.08613
0.22881
0.05953
0.09637
0.15791
0.26639
0.09021
0.11950
0.20560
0.20109
0.11041
0.18286
0.24231
0.25939
0.25152
0.20145
0.12981
0.07383
0.06955
0.18801
0.13089
0.20125
0.21995
0.15915
0.12994
0.25630
0.22791
0.07000
0.19469
0.14381
0.06591
0.19481
0.07206
0.19271
0.25692
0.11544
0.27337
0.22385
0.10056
0.25077
0.24636
0.25843
0.12554
0.23790
0.20578
0.33929
0.08716
0.19858
0.11220
0.07847
0.08660
0.05789
0.13420
0.21778
0.13816
0.05824
0.27596
0.09350
0.27347
0.11939
0.06864
0.21589
0.12308
0.03959
0.10667
0.25816
0.07679
0.31158
0.09920
0.12334
0.16832
0.23455
0.10822
0.03130
0.12425
0.10992
0.14796
0.12965
0.10986
0.25189
0.13033
0.15400
0.19321
0.10686
0.09169
0.13477
0.11745
0.14816
0.18640
0.13027
0.12329
0.25104
0.26479
0.09578
0.13888
0.03903
0.10473
0.12536
0.05749
0.04950
0.37333
0.16940
0.05853
0.17938
0.16433
0.06674
0.13753
0.33709
0.11990
0.09779
0.28890
0.11559
0.17964
0.21329
0.19296
0.15654
0.08316
0.09758
0.18282
0.23420
0.14786
0.10052
0.21672
0.17823
0.20046
0.15457
0.30199
0.28089
0.21268
0.13860
0.08965
0.31353
0.29576
0.33366
0.08347
0.26859
0.14093
0.28692
0.13932
0.06775
0.14057
0.10934
0.09754
0.21437
0.22304
0.07685
0.07227
0.08800
0.28179
0.24930
0.25005
0.15168
0.22062
0.21917
0.12168
0.07644
0.27317
0.30265
0.36660
0.25494
0.29630
0.23371
0.26161
0.27863
0.29573
0.26471
0.09239
0.07794
0.10971
0.22736
0.05262
0.08010
0.24697
0.09784
0.20205
0.08680
0.17811
0.14504
0.24058
0.22578
0.25464
0.18685
0.29310
0.12733
0.15963
0.30469
0.04453
0.16376
0.05861
0.09096
0.19493
0.06282
0.24627
0.35038
0.09697
0.06973
0.13323
0.26990
0.10763
0.06490
0.06810
0.09057
0.06520
0.08185
0.20578
0.07705
0.24796
0.16243
0.14741
0.07430
0.17400
0.28260
0.19104
0.28907
0.33022
0.20421
0.25668
0.30117
0.31119
0.32886
0.27261
0.26406
0.32378
0.24781
0.24362
0.25658
0.21300
0.31454
0.19995
0.34784
0.28465
0.25027
0.26902
0.25623
0.27735
0.35704
0.29459
0.25752
0.29326
0.31103
0.23153
0.27733
0.30669
0.26144
0.22751
0.23812
0.29888
0.28660
0.26503
0.23329
0.31394
0.26594
0.24719
0.31181
0.22623
0.29575
0.31964
0.30229
0.31696
0.31609
0.29872
0.23253
0.29835
0.31259
0.22811
0.29905
0.29372
0.26059
0.29476
0.29417
0.20525
0.31565
0.26306
0.27096
0.30681
0.27229
0.27248
0.19596
0.26647
0.32819
0.13094
0.27270
0.22695
0.19677
0.17728
0.36955
0.28019
0.30932
0.18230
0.33293
0.26502
0.26959
0.32553
0.28208
0.31108
0.28916
0.23483
0.27725
0.18516
0.35759
0.30504
0.25329
0.17373
0.32871
0.20881
0.25323
0.28454
0.25205
0.32793
0.27775
0.20623
0.28857
0.30683
0.17599
0.20105
0.29924
0.18127
0.21156
0.15224
0.29542
0.29907
0.28031
0.28345
0.24607
0.31476
0.20627
0.31558
0.28747
0.29538
0.20531
0.26979
0.30633
0.19576
0.16188
0.34416
0.26770
0.19362
0.29552
0.30886
0.26453
0.34332
0.28864
0.22561
0.28062
0.18355
0.26958
0.29801
0.29583
0.26227
0.25309
0.16194
0.30776
0.22197
0.29190
0.20897
0.28390
0.32228
0.25590
0.18660
0.21391
0.28799
0.19858
0.29930
0.19219
0.24245
0.21841
0.21758
0.24384
0.29274
0.30249
0.31777
0.25600
0.21144
0.30239
0.22790
0.22726
0.23564
0.27658
0.29327
0.15902
0.20311
0.29300
0.29420
0.22819
0.16851
0.21472
0.24811
0.21152
0.23372
0.26387
0.31954
0.15894
0.26308
0.25000
0.29986
0.19257
0.30549
0.25316
0.26131
0.36417
0.19065
0.29166
0.23060
0.33903
0.27980
0.27197
0.27165
0.30619
0.26628
0.20664
0.30065
0.27870
0.28298
0.26070
0.27163
0.31498
0.24030
0.25258
0.25494
0.30749
0.25332
0.27661
0.23290
0.27094
0.26554
0.26635
0.21700
0.26792
0.24949
0.32893
0.20054
0.32356
0.24073
0.27405
0.27579
0.25801
0.27988
0.16657
0.24419
0.30599
0.30468
0.27854
0.30018
0.27905
0.25714
0.26428
0.24585
0.28466
0.28640
0.27519
0.24526
0.19010
0.29416
0.29997
0.25183
0.27778
0.17707
0.29875
0.28778
0.19510
0.20979
0.28103
0.28133
0.30362
0.25836
0.27497
0.33582
0.32799
0.16037
0.22855
0.27077
0.28676
0.29434
0.31555
0.31783
0.21003
0.21732
0.17874
0.27401
0.30375
0.33445
0.28597
0.28709
0.30669
0.22428
0.25874
0.27456
0.24139
0.18040
0.32125
0.22913
0.24066
0.33157
0.30419
0.27874
0.23334
0.23979
0.27891
0.34840
0.31905
0.24686
0.27141
0.18746
0.31107
0.30317
0.14675
0.27829
0.18805
0.24580
0.29472
0.22012
0.28081
0.21728
0.28415
0.22096
0.24850
0.23864
0.31435
0.27509
0.28255
0.21755
0.27008
0.22373
0.23866
0.19164
0.26149
0.25977
0.32745
0.25446
0.26963
0.29847
0.25981
0.26364
0.25754
0.20569
0.32651
0.27751
0.32767
0.27018
0.26432
0.31310
0.24482
0.28044
0.31060
0.21252
0.24055
0.31267
0.22159
0.30148
0.29550
0.28990
0.32943
0.35818
0.25309
0.29567
0.24225
0.27197
0.27848
0.34293
0.26706
0.26316
0.30612
0.30740
0.30074
0.29379
0.36792
0.23006
0.26922
0.30755
0.23904
0.31392
0.32135
0.23664
0.26159
0.32273
0.23188
0.27216
0.28782
0.27389
0.23904
0.26441
0.27419
0.27345
0.28109
0.32534
0.28572
0.25397
0.31087
0.26740
0.31171
0.29736
0.26008
0.15199
0.33689
0.33106
0.32352
0.33493
0.29851
0.39759
0.39617
0.28370
0.17947
0.31332
0.35592
0.29140
0.18945
0.31063
0.33340
0.25425
0.27221
0.33104
0.25808
0.25064
0.26079
0.34208
0.35374
0.38529
0.28589
0.31725
0.29506
0.39083
0.25818
0.30857
0.31819
0.35586
0.28372
0.17661
0.29862
0.44369
0.25772
0.38958
0.40764
0.19588
0.30125
0.36750
0.32269
0.28694
0.23532
0.30334
0.23733
0.29349
0.30867
0.29723
0.28179
0.37829
0.30711
0.30013
0.23337
0.22545
0.28467
0.40476
0.22133
0.09980
0.34312
0.16203
0.21260
0.40096
0.16349
0.22216
0.20981
0.29363
0.24162
0.40794
0.17825
0.34265
0.39300
0.24903
0.25459
0.25623
0.23644
0.23302
0.35696
0.17694
0.36937
0.35813
0.27001
0.25382
0.26750
0.33830
0.29376
0.20838
0.30260
0.39643
0.30950
0.30882
0.35712
0.35035
0.22094
0.24155
0.28862
0.39758
0.18830
0.24496
0.22712
0.36452
0.29659
0.25049
0.27625
0.32110
0.36774
0.24005
0.30905
0.34707
0.29969
0.28993
0.24356
0.38663
0.29951
0.26094
0.29448
0.30396
0.34748
0.27251
0.31516
0.23225
0.34551
0.26585
0.24446
0.32949
0.28268
0.26580
0.27597
0.18595
0.33247
0.15718
0.03528
0.11783
0.20773
0.24990
0.28274
0.24159
0.22186
0.37166
0.15914
0.07332
0.16174
0.04607
0.31777
0.25345
0.17831
0.22219
0.03892
0.12558
0.18273
0.23958
0.08814
0.14661
0.22558
0.28990
0.25802
0.21240
0.28455
0.04652
0.27823
0.25467
0.06399
0.07434
0.14888
0.28822
0.17124
0.19518
0.22921
0.30662
0.11798
0.08346
0.05410
0.10242
0.29678
0.08445
0.18816
0.11494
0.26493
0.15486
0.25413
0.20196
0.04848
0.29686
0.05454
0.06040
0.25126
0.18694
0.23380
0.06015
0.10354
0.20688
0.20366
0.26547
0.24029
0.00911
0.09325
0.18840
0.21821
0.14030
0.18472
0.07845
0.24912
0.18756
0.06182
0.23329
0.25059
0.09870
0.13902
0.12718
0.04300
0.04489
0.15178
0.13990
0.17811
0.23088
0.29362
0.19935
0.31221
0.26791
0.21453
0.19016
0.19144
0.21359
0.04111
0.27226
0.11466
0.05312
0.19868
0.24724
0.26814
0.26070
0.02326
0.05605
0.14642
0.21207
0.15859
0.19710
0.07775
0.20400
0.27629
0.09876
0.24751
0.08080
0.07528
0.06018
0.12774
0.07283
0.05976
0.23512
0.28259
0.12683
0.15573
0.06429
0.08901
0.09109
0.19378
