0.14156
0.10629
0.07778
0.23706
0.09941
0.15513
0.23135
0.15735
0.15945
0.06874
0.22189
0.12918
0.21675
0.13161
0.16146
0.23795
0.12955
0.16077
0.10444
0.12636
0.27850
0.15623
0.16723
0.07239
0.25615
0.18943
0.16154
0.27679
0.09837
0.22678
0.16653
0.27259
0.16432
0.09619
0.13965
0.09643
0.11260
0.10707
0.14520
0.18968
0.28343
0.28316
0.09410
0.15669
0.30407
0.20972
0.15168
0.27015
0.20846
0.16528
0.10040
0.17571
0.14321
0.29445
0.08912
0.22394
0.25043
0.15314
0.15958
0.10950
0.28455
0.30809
0.18869
0.18512
0.29732
0.30920
0.05673
0.16606
0.13005
0.07628
0.14847
0.32521
0.30024
0.21930
0.24925
0.17048
0.13247
0.05438
0.21255
0.17752
0.31338
0.22418
0.32865
0.26285
0.28944
0.36219
0.09457
0.15039
0.17602
0.24108
0.35056
0.18090
0.07710
0.26329
0.11904
0.21464
0.22359
0.22836
0.21995
0.18608
0.10488
0.18154
0.14725
0.14191
0.26311
0.26863
0.17451
0.17703
0.22440
0.27790
0.06127
0.27464
0.11909
0.22440
0.11076
0.19798
0.27607
0.09532
0.10940
0.20510
0.24309
0.11163
0.28797
0.05200
0.12670
0.15988
0.31031
0.26551
0.25864
0.22916
0.10969
0.15869
0.26671
0.35639
0.10153
0.16559
0.08770
0.26239
0.27238
0.09057
0.21906
0.07154
0.31274
0.24761
0.17048
0.22876
0.13863
0.35692
0.20931
0.09508
0.17979
0.29167
0.11344
0.32605
0.29907
0.31694
0.16621
0.12819
0.16794
0.27835
0.27717
0.26810
0.30325
0.33381
0.08802
0.14435
0.31949
0.29509
0.15191
0.30044
0.07605
0.25941
0.28083
0.05526
0.11857
0.24296
0.09764
0.12004
0.18492
0.22326
0.12076
0.10954
0.19966
0.19033
0.14244
0.19305
0.20576
0.26549
0.25179
0.17323
0.18924
0.12296
0.10338
0.16485
0.17651
0.25787
0.22098
0.15853
0.08642
0.30479
0.23423
0.11990
0.21400
0.14466
0.08379
0.26248
0.14877
0.21640
0.28701
0.13054
0.26139
0.24443
0.14044
0.25319
0.27639
0.23434
0.17013
0.28493
0.22726
0.36008
0.09155
0.25009
0.17236
0.10307
0.10354
0.07746
0.21353
0.21497
0.18081
0.08021
0.22085
0.16075
0.27964
0.16792
0.08252
0.25873
0.12119
0.07725
0.11215
0.27408
0.11003
0.25162
0.12229
0.11829
0.17629
0.21916
0.10920
0.04861
0.13880
0.09966
0.11523
0.15394
0.13419
0.30423
0.12511
0.19324
0.19942
0.13492
0.09334
0.15623
0.18215
0.17375
0.21758
0.19754
0.16433
0.26955
0.29436
0.10765
0.18291
0.07005
0.17451
0.15340
0.09311
0.06100
0.37560
0.20238
0.07907
0.22336
0.15760
0.07873
0.21170
0.34793
0.14363
0.10750
0.28283
0.11182
0.21083
0.24192
0.17799
0.17724
0.11992
0.11033
0.22565
0.22395
0.17755
0.10035
0.21545
0.19086
0.19427
0.14985
0.36876
0.30730
0.28392
0.19996
0.11973
0.27500
0.31159
0.35143
0.06686
0.28244
0.15275
0.29761
0.15900
0.12365
0.13541
0.14803
0.12683
0.24843
0.26688
0.11893
0.10492
0.11858
0.26828
0.22028
0.28495
0.19499
0.26283
0.25407
0.14014
0.10354
0.29023
0.25019
0.38455
0.25975
0.34114
0.22322
0.21571
0.26486
0.25129
0.29525
0.09860
0.09698
0.14123
0.25182
0.09191
0.11282
0.24932
0.13249
0.21244
0.16141
0.17622
0.15412
0.29325
0.27852
0.23317
0.21500
0.31653
0.12645
0.12518
0.31221
0.06894
0.20189
0.08287
0.09906
0.24232
0.07765
0.26168
0.33228
0.10973
0.10553
0.18180
0.24717
0.10574
0.07652
0.06875
0.06669
0.09526
0.14238
0.19626
0.10217
0.30072
0.18822
0.20444
0.09672
0.20272
0.30973
0.15952
0.25198
0.35590
0.16716
0.28686
0.29448
0.26024
0.27214
0.29225
0.20930
0.35015
0.21039
0.23401
0.22323
0.21608
0.26411
0.20196
0.37139
0.33053
0.26047
0.21196
0.25761
0.22850
0.33295
0.26754
0.21280
0.31772
0.33941
0.16958
0.19278
0.33616
0.26999
0.24211
0.24910
0.23435
0.31355
0.20955
0.22237
0.35194
0.20795
0.19202
0.28902
0.16242
0.30159
0.36208
0.28653
0.29618
0.29160
0.23574
0.24003
0.23230
0.34701
0.20560
0.26917
0.33181
0.22591
0.23222
0.29130
0.18103
0.25096
0.25715
0.28737
0.31502
0.29385
0.21346
0.18941
0.29844
0.36139
0.16425
0.28028
0.17236
0.16565
0.21682
0.34790
0.29594
0.32538
0.16069
0.35488
0.26667
0.27671
0.36712
0.30627
0.23640
0.27788
0.24431
0.26096
0.18608
0.36186
0.24774
0.23445
0.14898
0.29353
0.21167
0.24179
0.29120
0.25801
0.34699
0.33186
0.22502
0.32884
0.32424
0.20542
0.13625
0.23879
0.19181
0.19384
0.14694
0.28309
0.35357
0.21239
0.23701
0.23954
0.24317
0.21789
0.26423
0.24214
0.26278
0.21925
0.28124
0.24608
0.21914
0.18048
0.33365
0.30709
0.16773
0.29052
0.32226
0.24966
0.32879
0.31602
0.24883
0.24352
0.24116
0.29534
0.30224
0.23093
0.25586
0.22518
0.15943
0.27863
0.22501
0.26907
0.22766
0.23844
0.29044
0.29804
0.21007
0.24003
0.28679
0.21894
0.23757
0.20299
0.20376
0.22315
0.23951
0.17520
0.30151
0.32805
0.32793
0.18829
0.16739
0.32796
0.22493
0.16040
0.18282
0.29741
0.31858
0.17043
0.16989
0.27357
0.25598
0.17303
0.16964
0.20400
0.27305
0.16883
0.24428
0.21278
0.28803
0.17952
0.19603
0.28259
0.24666
0.20941
0.25525
0.26354
0.26594
0.35216
0.19199
0.29688
0.22672
0.36219
0.32210
0.21679
0.26784
0.25244
0.26182
0.21119
0.29949
0.27667
0.20627
0.29573
0.25564
0.34960
0.23891
0.28961
0.20706
0.35208
0.20595
0.24917
0.22688
0.22805
0.27767
0.24600
0.22411
0.18527
0.26225
0.30841
0.18478
0.29690
0.25584
0.21959
0.29901
0.29244
0.31351
0.13799
0.17266
0.33041
0.33474
0.21096
0.21535
0.25734
0.26910
0.21313
0.19276
0.30936
0.27498
0.25074
0.24756
0.22102
0.26031
0.31993
0.26189
0.22318
0.22914
0.33764
0.24448
0.14490
0.16456
0.29634
0.29222
0.23185
0.25511
0.22949
0.35078
0.35079
0.14874
0.24162
0.33123
0.25183
0.22083
0.28345
0.34029
0.22916
0.18630
0.18945
0.20349
0.22731
0.36383
0.28707
0.29556
0.23650
0.22029
0.24265
0.30915
0.28842
0.16057
0.33648
0.22486
0.22288
0.34601
0.30776
0.23176
0.23918
0.21159
0.30071
0.31530
0.34838
0.24223
0.28895
0.21937
0.28072
0.31651
0.13910
0.23379
0.20244
0.18263
0.23369
0.23825
0.22763
0.25279
0.21206
0.21102
0.21248
0.24657
0.34898
0.25214
0.19833
0.19952
0.30047
0.25033
0.22795
0.20387
0.33120
0.29457
0.32932
0.24942
0.23643
0.23122
0.26301
0.20844
0.27127
0.17945
0.33118
0.25246
0.33941
0.29322
0.31712
0.35444
0.26633
0.19525
0.25613
0.16713
0.19578
0.26543
0.19582
0.26216
0.31524
0.23935
0.30029
0.38457
0.31690
0.32696
0.26435
0.31118
0.28490
0.36634
0.20078
0.26184
0.33383
0.32624
0.25386
0.33125
0.38892
0.22753
0.22687
0.31160
0.20318
0.32692
0.32277
0.22624
0.25723
0.34901
0.23763
0.23022
0.31939
0.24039
0.19111
0.20993
0.21438
0.30060
0.29472
0.26774
0.29278
0.21059
0.25619
0.27024
0.28612
0.24723
0.27808
0.14816
0.32276
0.33295
0.36052
0.28700
0.30823
0.35655
0.35066
0.22997
0.18928
0.24689
0.38741
0.28501
0.22494
0.25098
0.35056
0.25389
0.20075
0.32042
0.22892
0.28628
0.23414
0.30992
0.35519
0.41606
0.28940
0.24596
0.24292
0.35220
0.30345
0.32615
0.25194
0.33195
0.20122
0.17352
0.31770
0.43400
0.26223
0.36207
0.36984
0.21430
0.24224
0.31247
0.29290
0.30118
0.22141
0.25150
0.21097
0.30106
0.26385
0.28664
0.32014
0.34461
0.22638
0.25708
0.23742
0.18001
0.20202
0.35041
0.23874
0.12608
0.35086
0.17417
0.17478
0.36487
0.15341
0.24904
0.22800
0.24384
0.23072
0.42608
0.19642
0.30622
0.36823
0.23210
0.22930
0.20618
0.24239
0.21377
0.31688
0.18943
0.37312
0.35318
0.20453
0.25197
0.21864
0.34246
0.25681
0.22611
0.33954
0.41578
0.31846
0.27286
0.32669
0.31674
0.18931
0.27145
0.27668
0.39049
0.18687
0.23210
0.22725
0.35733
0.23537
0.23715
0.23146
0.34731
0.37728
0.25602
0.24633
0.31038
0.29016
0.24795
0.26054
0.35329
0.26768
0.29904
0.26167
0.27923
0.33832
0.27191
0.29083
0.24621
0.33143
0.26600
0.18835
0.29372
0.26900
0.22313
0.29222
0.21135
0.30220
0.22330
0.07836
0.14956
0.24468
0.26294
0.30100
0.19650
0.27394
0.37457
0.25521
0.06512
0.20352
0.10270
0.31760
0.26952
0.19717
0.27416
0.07117
0.17902
0.20837
0.25239
0.13646
0.15364
0.22778
0.25946
0.20129
0.22246
0.30191
0.09594
0.32835
0.19953
0.10709
0.07381
0.11604
0.24454
0.16549
0.25500
0.21159
0.28557
0.15835
0.10160
0.11612
0.11526
0.28648
0.13795
0.19657
0.20825
0.29229
0.19376
0.33260
0.22888
0.10505
0.26745
0.12579
0.11015
0.29856
0.21015
0.25444
0.09920
0.10583
0.24022
0.21140
0.28810
0.23849
0.10655
0.07713
0.19448
0.19536
0.16439
0.20277
0.15353
0.31540
0.13511
0.16117
0.25923
0.27148
0.10267
0.17197
0.20914
0.11261
0.06127
0.21342
0.14143
0.17386
0.25053
0.31354
0.19961
0.34518
0.25858
0.29273
0.17641
0.21707
0.21036
0.08676
0.25330
0.11135
0.12109
0.22210
0.26383
0.32195
0.22284
0.06406
0.08785
0.14798
0.25527
0.26056
0.31359
0.11631
0.23207
0.31555
0.13495
0.22485
0.14687
0.04750
0.07551
0.16481
0.07486
0.15143
0.25373
0.29234
0.14564
0.16450
0.04797
0.09660
0.10407
0.29965
