0.14066
0.09055
0.08428
0.24734
0.11667
0.17234
0.22743
0.15499
0.17680
0.10537
0.17914
0.11898
0.17908
0.14598
0.17877
0.22637
0.12315
0.18152
0.10373
0.16090
0.31015
0.16512
0.19827
0.10636
0.24485
0.17713
0.14764
0.23619
0.13009
0.20229
0.19683
0.26689
0.18013
0.11183
0.13933
0.10650
0.13218
0.10247
0.15489
0.17685
0.27336
0.28401
0.06725
0.12210
0.29713
0.19028
0.13063
0.26901
0.22659
0.16504
0.11494
0.17118
0.11926
0.29384
0.10403
0.23553
0.24899
0.15480
0.12395
0.10967
0.29135
0.28996
0.17775
0.19615
0.27922
0.30845
0.08314
0.20403
0.15807
0.07419
0.13704
0.31520
0.34011
0.20449
0.27114
0.15038
0.10668
0.06414
0.19965
0.15272
0.32935
0.21545
0.31755
0.27886
0.25318
0.30414
0.10467
0.15331
0.17037
0.24802
0.34578
0.16913
0.07269
0.25822
0.11696
0.19285
0.17557
0.22602
0.19184
0.17131
0.09939
0.21791
0.13814
0.12420
0.23822
0.28500
0.17145
0.21341
0.18039
0.29942
0.02214
0.26612
0.14427
0.23859
0.14232
0.14654
0.29221
0.07812
0.10041
0.18668
0.24864
0.06913
0.29555
0.02451
0.13085
0.13265
0.32347
0.27647
0.18255
0.25018
0.10523
0.15689
0.29526
0.33857
0.11420
0.19403
0.10392
0.30938
0.25173
0.05623
0.18091
0.06117
0.31122
0.19112
0.18279
0.25663
0.11827
0.35119
0.22018
0.10245
0.15687
0.28680
0.13529
0.32973
0.29772
0.32693
0.17058
0.13419
0.15441
0.25578
0.24664
0.28568
0.27611
0.32507
0.09138
0.16884
0.28093
0.27097
0.13200
0.29051
0.08512
0.24806
0.26550
0.07357
0.14641
0.20996
0.08078
0.09063
0.19809
0.28362
0.10522
0.11743
0.24248
0.19798
0.08598
0.18820
0.25212
0.22587
0.23686
0.19477
0.18610
0.09592
0.06328
0.14505
0.15688
0.24616
0.24873
0.17853
0.12524
0.24750
0.25731
0.09969
0.18245
0.15869
0.09100
0.23878
0.15039
0.24542
0.26155
0.09771
0.25388
0.25720
0.15470
0.23911
0.24930
0.23473
0.15547
0.26646
0.23411
0.34093
0.12257
0.20875
0.12666
0.10615
0.11325
0.06996
0.19668
0.19853
0.17275
0.08054
0.24155
0.14560
0.29034
0.15539
0.05084
0.27948
0.13478
0.08385
0.13366
0.25345
0.12027
0.29616
0.12041
0.11861
0.13500
0.22221
0.10714
0.06599
0.14967
0.10523
0.11649
0.17521
0.13939
0.21390
0.14150
0.17963
0.18766
0.09878
0.10088
0.16470
0.13901
0.19342
0.20272
0.21184
0.11040
0.23486
0.28604
0.10800
0.14712
0.05489
0.11585
0.14875
0.09609
0.07568
0.33273
0.18356
0.08398
0.19352
0.14959
0.10249
0.19454
0.33661
0.15001
0.10422
0.27427
0.11865
0.20249
0.22321
0.19046
0.20414
0.13778
0.09235
0.21042
0.22151
0.20591
0.10021
0.17420
0.20378
0.16571
0.17152
0.33969
0.32052
0.25202
0.17347
0.15980
0.29061
0.33044
0.33254
0.08229
0.26219
0.14064
0.29841
0.17889
0.11353
0.17691
0.17018
0.10472
0.24494
0.23562
0.11839
0.12079
0.11846
0.25649
0.15664
0.25511
0.17525
0.24022
0.23822
0.13801
0.05885
0.26212
0.27484
0.33265
0.23579
0.32939
0.20936
0.22756
0.29124
0.26369
0.23824
0.10232
0.11370
0.15807
0.22611
0.05920
0.08570
0.23399
0.13167
0.24862
0.16054
0.18715
0.16494
0.29196
0.27462
0.25931
0.18018
0.27174
0.18309
0.17717
0.33268
0.08612
0.25748
0.04874
0.12150
0.23016
0.11515
0.24008
0.34051
0.10846
0.09551
0.18511
0.26405
0.12075
0.10575
0.11463
0.07385
0.10902
0.15006
0.21192
0.13118
0.29670
0.21578
0.17958
0.13059
0.19810
0.28433
0.20769
0.28395
0.33801
0.15692
0.28779
0.30193
0.30445
0.30598
0.27319
0.24927
0.34243
0.25075
0.23204
0.28166
0.21292
0.30792
0.20230
0.35656
0.34102
0.27286
0.28259
0.25501
0.25707
0.36098
0.28720
0.24666
0.29703
0.32399
0.23018
0.28035
0.32157
0.27012
0.22895
0.25339
0.31019
0.29009
0.24230
0.21629
0.34088
0.25186
0.26221
0.32231
0.19238
0.28222
0.34881
0.26796
0.28411
0.31864
0.29535
0.22860
0.28361
0.33893
0.22256
0.31101
0.31475
0.28492
0.28428
0.29429
0.20107
0.31002
0.23982
0.27524
0.30758
0.28859
0.28960
0.17594
0.27859
0.35086
0.10650
0.28093
0.21870
0.19207
0.19774
0.36160
0.30718
0.32067
0.17074
0.34320
0.26111
0.24782
0.36210
0.29264
0.32623
0.28285
0.24882
0.26062
0.19339
0.34748
0.29520
0.24152
0.18134
0.29791
0.21304
0.28035
0.28316
0.25642
0.35032
0.30922
0.19845
0.32464
0.27388
0.17656
0.20788
0.29729
0.17735
0.20684
0.15639
0.31555
0.33510
0.28586
0.27797
0.24421
0.30308
0.19206
0.31433
0.27335
0.30208
0.20713
0.27491
0.29191
0.23267
0.17850
0.32680
0.29612
0.17319
0.33858
0.30947
0.25763
0.35117
0.29574
0.22402
0.30390
0.18952
0.28935
0.30200
0.28371
0.28739
0.25440
0.17214
0.30441
0.23612
0.28510
0.21494
0.30402
0.33539
0.27790
0.19573
0.23236
0.28171
0.21917
0.29211
0.19429
0.24068
0.22827
0.23208
0.23069
0.29318
0.29044
0.33261
0.24422
0.20851
0.32073
0.20495
0.18027
0.21702
0.27641
0.30679
0.16379
0.19602
0.29240
0.29365
0.23725
0.16554
0.22409
0.25543
0.25485
0.25115
0.26855
0.32365
0.17435
0.24097
0.27375
0.29302
0.19070
0.30236
0.30533
0.25955
0.34709
0.19765
0.32013
0.21535
0.35221
0.30888
0.26677
0.27123
0.29356
0.25451
0.19816
0.29723
0.30280
0.27129
0.26655
0.28744
0.32612
0.24728
0.27569
0.24425
0.32785
0.24585
0.30973
0.23636
0.26895
0.27532
0.28206
0.22775
0.26314
0.28034
0.28492
0.22984
0.31469
0.22128
0.28050
0.27969
0.27903
0.30476
0.16725
0.21405
0.31896
0.31750
0.26919
0.29879
0.31257
0.25598
0.25214
0.21228
0.28721
0.27162
0.27613
0.24768
0.19286
0.30608
0.30524
0.24041
0.27615
0.25056
0.32279
0.28201
0.22024
0.21394
0.28150
0.29687
0.29782
0.27171
0.26898
0.32972
0.35538
0.16388
0.23725
0.31021
0.27439
0.28493
0.29232
0.31235
0.23438
0.22408
0.19854
0.28422
0.29335
0.34837
0.28907
0.29380
0.29469
0.23400
0.24671
0.26467
0.25989
0.19295
0.32534
0.21093
0.22869
0.32998
0.30581
0.26499
0.25499
0.27980
0.27315
0.34263
0.32299
0.26494
0.25657
0.19868
0.31141
0.32485
0.13707
0.24585
0.20194
0.24824
0.28176
0.23101
0.30728
0.22679
0.27648
0.23556
0.22130
0.25430
0.34954
0.27761
0.27295
0.20331
0.27795
0.25709
0.21463
0.19553
0.33574
0.29723
0.32060
0.27366
0.25697
0.29751
0.25770
0.22069
0.25781
0.18887
0.33750
0.27507
0.31793
0.26590
0.32270
0.34442
0.26965
0.27440
0.30309
0.18970
0.19966
0.29607
0.25806
0.30125
0.28254
0.28545
0.31394
0.36740
0.30926
0.29429
0.26010
0.30032
0.28337
0.35457
0.25898
0.26908
0.32587
0.30230
0.30542
0.31742
0.37355
0.24415
0.28453
0.32030
0.26847
0.30585
0.29394
0.25028
0.24973
0.36583
0.23185
0.29950
0.29930
0.30213
0.26353
0.24572
0.27992
0.27267
0.27632
0.31508
0.28476
0.25760
0.29599
0.27979
0.30023
0.28245
0.28692
0.15121
0.30817
0.30850
0.36778
0.30793
0.31153
0.41116
0.40290
0.26703
0.19960
0.31601
0.38667
0.29488
0.21192
0.30188
0.34913
0.25488
0.24302
0.30883
0.25137
0.28692
0.28090
0.33089
0.35723
0.42963
0.30625
0.30824
0.24035
0.39051
0.30845
0.30839
0.28678
0.36110
0.26222
0.17603
0.31306
0.46423
0.24543
0.41304
0.40691
0.22403
0.26581
0.36798
0.29708
0.28106
0.25699
0.26438
0.22948
0.29669
0.32300
0.30237
0.30511
0.39181
0.28392
0.27326
0.27007
0.16218
0.27304
0.37471
0.26228
0.11913
0.32982
0.12910
0.21085
0.40720
0.15642
0.28107
0.22574
0.28932
0.23457
0.43341
0.18601
0.33220
0.39635
0.24969
0.23121
0.26305
0.27249
0.21376
0.36916
0.18334
0.37003
0.36927
0.25978
0.25336
0.24694
0.34744
0.29734
0.20795
0.33195
0.42438
0.33642
0.30314
0.37076
0.37134
0.21658
0.28512
0.28627
0.39304
0.22317
0.24576
0.24134
0.35027
0.28103
0.26413
0.26978
0.33973
0.38330
0.24682
0.29488
0.34219
0.29960
0.30109
0.25186
0.38778
0.30172
0.25969
0.29638
0.29526
0.34070
0.26038
0.30589
0.23355
0.35640
0.25977
0.23006
0.28592
0.33337
0.23578
0.31964
0.18589
0.28600
0.21169
0.07664
0.18501
0.26434
0.21661
0.28035
0.22384
0.24272
0.30630
0.26531
0.11521
0.18306
0.10916
0.25696
0.24883
0.21357
0.29899
0.09671
0.12235
0.21197
0.19830
0.14786
0.19186
0.18153
0.26715
0.20336
0.24202
0.19289
0.11377
0.31945
0.24271
0.02068
0.10185
0.15184
0.25049
0.15923
0.20652
0.16398
0.28455
0.10020
0.10726
0.06997
0.12280
0.25803
0.13938
0.13201
0.20054
0.30510
0.19213
0.25672
0.22804
0.09543
0.29321
0.12601
0.09743
0.30416
0.20961
0.23831
0.07343
0.13098
0.21666
0.18659
0.24919
0.24332
0.11767
0.07534
0.20456
0.20308
0.20007
0.23206
0.16825
0.29635
0.17066
0.16228
0.27949
0.31123
0.13367
0.18910
0.17468
0.09454
0.08722
0.22649
0.14451
0.19692
0.26920
0.26885
0.21171
0.30104
0.25768
0.19294
0.18683
0.24233
0.24936
0.07631
0.24690
0.08730
0.10171
0.21005
0.25519
0.27510
0.26180
0.09794
0.10076
0.17274
0.22335
0.22492
0.25020
0.16052
0.22208
0.25281
0.13438
0.24692
0.12270
0.05625
0.07249
0.18087
0.10726
0.12270
0.30543
0.26627
0.13473
0.15615
0.10551
0.08779
0.16575
0.19842
