0.10449
0.09574
0.04389
0.27474
0.10785
0.13178
0.25269
0.17593
0.16659
0.09725
0.20462
0.11808
0.17712
0.11388
0.13558
0.22374
0.11453
0.15112
0.09090
0.14420
0.29179
0.14368
0.15300
0.05362
0.22123
0.15890
0.13331
0.28310
0.13781
0.21713
0.14037
0.26881
0.15781
0.10356
0.05943
0.09665
0.12664
0.08963
0.15932
0.17967
0.31211
0.28562
0.06988
0.11461
0.28684
0.19803
0.17508
0.26084
0.18812
0.18641
0.09967
0.12279
0.13766
0.29986
0.09422
0.24978
0.25003
0.12264
0.12667
0.09871
0.26600
0.30289
0.11207
0.22481
0.29172
0.32609
0.04732
0.17307
0.15161
0.03286
0.12785
0.32394
0.33593
0.22439
0.24713
0.15032
0.12103
0.02658
0.21866
0.17330
0.32115
0.20380
0.34787
0.26672
0.29024
0.36848
0.09484
0.14491
0.15900
0.23986
0.33416
0.19801
0.08650
0.28328
0.06238
0.16537
0.22311
0.21587
0.20351
0.17952
0.09661
0.22613
0.11666
0.12656
0.21743
0.27956
0.16779
0.15695
0.21555
0.29486
0.06720
0.27909
0.10739
0.25111
0.12393
0.18463
0.26110
0.07104
0.07059
0.16334
0.23229
0.09105
0.30682
0.01440
0.12321
0.16531
0.30444
0.28923
0.19787
0.26596
0.09842
0.13461
0.29825
0.36100
0.10340
0.18881
0.05735
0.29293
0.28110
0.04587
0.19786
0.05692
0.31087
0.18173
0.16632
0.27960
0.10897
0.36898
0.19233
0.09326
0.18925
0.27611
0.11473
0.30532
0.32101
0.33480
0.16641
0.16038
0.13225
0.20687
0.28533
0.29001
0.29273
0.33963
0.09906
0.14750
0.28105
0.27340
0.09455
0.27577
0.06434
0.24541
0.25263
0.05757
0.10671
0.22762
0.06992
0.07581
0.19535
0.27352
0.08747
0.09711
0.20667
0.16842
0.08147
0.20637
0.25014
0.25344
0.24310
0.19803
0.13747
0.06064
0.06496
0.12350
0.15450
0.24603
0.24093
0.19675
0.11653
0.27845
0.20187
0.08028
0.19192
0.14794
0.05807
0.23638
0.13731
0.21080
0.25846
0.15319
0.27402
0.22759
0.15334
0.24906
0.25802
0.25479
0.13735
0.33614
0.24364
0.31495
0.11815
0.23939
0.10270
0.05799
0.08468
0.06398
0.20674
0.21473
0.14657
0.12534
0.27392
0.12846
0.24173
0.13305
0.05788
0.25888
0.10784
0.02765
0.12292
0.24863
0.07358
0.29853
0.08212
0.10463
0.17238
0.20261
0.11498
0.03798
0.12129
0.10044
0.12249
0.13990
0.13350
0.28041
0.12051
0.15114
0.18221
0.08581
0.05144
0.13522
0.18962
0.17542
0.21199
0.16308
0.15312
0.29414
0.32336
0.09053
0.15834
0.08900
0.10240
0.11829
0.06031
0.04099
0.36110
0.18823
0.06972
0.19829
0.16751
0.07447
0.17594
0.34079
0.11396
0.11587
0.31355
0.12280
0.23776
0.17665
0.21783
0.20559
0.08033
0.09328
0.22360
0.22435
0.20099
0.09635
0.20881
0.18404
0.17554
0.18129
0.35107
0.29079
0.28507
0.15322
0.09725
0.29947
0.33750
0.32554
0.04307
0.28549
0.14082
0.28012
0.18315
0.09338
0.13648
0.11999
0.10297
0.21005
0.24437
0.08849
0.08510
0.07468
0.25535
0.20430
0.26722
0.18288
0.23569
0.26871
0.15795
0.06636
0.29468
0.31102
0.36635
0.25183
0.31866
0.22605
0.25314
0.30280
0.28057
0.28394
0.05476
0.11549
0.16630
0.22743
0.06723
0.09151
0.23636
0.13941
0.25377
0.12417
0.18973
0.13720
0.28708
0.26601
0.25544
0.21713
0.30998
0.15783
0.14339
0.32529
0.07210
0.24203
0.04322
0.10095
0.24715
0.06055
0.23561
0.34786
0.08678
0.04372
0.15208
0.25244
0.11101
0.05268
0.11021
0.05720
0.08965
0.08117
0.19880
0.09483
0.27837
0.17809
0.25284
0.11250
0.19295
0.30553
0.17829
0.25344
0.33490
0.19259
0.26767
0.31640
0.29432
0.31387
0.27193
0.24719
0.34739
0.24074
0.24862
0.26085
0.20412
0.30018
0.18856
0.36659
0.33064
0.24275
0.23456
0.25674
0.24956
0.34048
0.28982
0.23680
0.32013
0.33916
0.22908
0.24656
0.31583
0.26555
0.22128
0.25661
0.28903
0.30445
0.25529
0.19328
0.35390
0.26529
0.22822
0.31114
0.19963
0.27218
0.35003
0.27170
0.29947
0.30586
0.27857
0.23752
0.29289
0.34154
0.18884
0.26216
0.31988
0.26050
0.28460
0.30337
0.21941
0.30675
0.25812
0.28501
0.31779
0.28342
0.25998
0.18832
0.25876
0.35683
0.10071
0.28220
0.18993
0.17598
0.16545
0.36401
0.27001
0.33834
0.17054
0.35395
0.27242
0.27306
0.37637
0.32409
0.27484
0.28221
0.23882
0.25172
0.15419
0.33759
0.28680
0.24871
0.17441
0.30553
0.18375
0.25749
0.29036
0.25191
0.34850
0.32911
0.20378
0.30508
0.33059
0.14649
0.17428
0.29237
0.17500
0.20219
0.14489
0.29394
0.35333
0.28382
0.27525
0.23886
0.29056
0.18613
0.29515
0.27485
0.28797
0.24281
0.27962
0.28886
0.23661
0.16438
0.32195
0.28479
0.18687
0.30243
0.29887
0.25201
0.32928
0.32003
0.21899
0.26034
0.18157
0.30301
0.27697
0.26925
0.27167
0.23868
0.19075
0.31099
0.21886
0.29771
0.19677
0.27143
0.31166
0.29777
0.18442
0.21670
0.27749
0.19018
0.27591
0.18596
0.24511
0.25197
0.21818
0.21308
0.28045
0.31817
0.32560
0.22886
0.20675
0.32874
0.21850
0.21551
0.20488
0.29869
0.31258
0.15775
0.19192
0.28994
0.28084
0.21044
0.15976
0.20910
0.26428
0.19810
0.22069
0.25992
0.30969
0.17932
0.23071
0.26647
0.27177
0.17912
0.27832
0.27934
0.25422
0.34003
0.20022
0.29276
0.24383
0.35966
0.30595
0.23918
0.25565
0.29149
0.25162
0.19882
0.28579
0.28839
0.25979
0.29419
0.26832
0.34429
0.22633
0.30682
0.25044
0.33585
0.22680
0.28710
0.23129
0.23909
0.26060
0.27492
0.19573
0.24027
0.25087
0.28545
0.22509
0.30881
0.22702
0.25836
0.28462
0.29701
0.26496
0.16964
0.21675
0.31609
0.34514
0.24536
0.28050
0.29256
0.25059
0.21957
0.21743
0.30710
0.26865
0.27961
0.22163
0.15494
0.29565
0.31403
0.25120
0.25950
0.20559
0.34653
0.28864
0.15401
0.21580
0.29296
0.28201
0.29072
0.25984
0.26268
0.35578
0.34493
0.14928
0.22570
0.31514
0.26837
0.27379
0.29907
0.34636
0.21367
0.21273
0.18731
0.23925
0.27286
0.36071
0.30410
0.28058
0.27661
0.22042
0.25046
0.31714
0.28531
0.18770
0.33042
0.22772
0.22369
0.32219
0.28888
0.26320
0.22064
0.26182
0.29918
0.32239
0.34879
0.25502
0.28571
0.20138
0.29631
0.27798
0.13413
0.26433
0.17876
0.23257
0.28040
0.22819
0.25555
0.22423
0.25217
0.22858
0.22841
0.26183
0.35153
0.25621
0.25684
0.21275
0.29835
0.24870
0.22296
0.20922
0.32651
0.25012
0.32173
0.26799
0.24594
0.27436
0.25389
0.24644
0.24735
0.19790
0.30579
0.25683
0.33606
0.28121
0.27573
0.34368
0.24106
0.25232
0.28909
0.19953
0.21966
0.28989
0.24228
0.29357
0.31383
0.26429
0.32533
0.38090
0.31679
0.31853
0.24813
0.30829
0.25042
0.36099
0.24441
0.25449
0.33279
0.32481
0.29207
0.32884
0.38490
0.23538
0.25486
0.30392
0.24725
0.32116
0.30044
0.22858
0.25179
0.33564
0.22799
0.27354
0.33150
0.25643
0.23113
0.27069
0.24927
0.27654
0.29698
0.30572
0.28037
0.23296
0.30222
0.26421
0.30470
0.27399
0.28100
0.14827
0.32706
0.32306
0.34401
0.31874
0.29156
0.37466
0.39135
0.28499
0.19021
0.30046
0.39717
0.26627
0.18837
0.31099
0.31456
0.22295
0.23436
0.30779
0.25981
0.25796
0.23678
0.32861
0.33218
0.37996
0.29436
0.31260
0.28347
0.37353
0.27995
0.31027
0.30719
0.34758
0.25888
0.17812
0.30819
0.42857
0.23640
0.37931
0.39089
0.20421
0.30790
0.34294
0.31738
0.28330
0.25770
0.28706
0.21465
0.27434
0.29730
0.29202
0.30843
0.36487
0.28507
0.29520
0.22313
0.22232
0.27640
0.40620
0.20846
0.09921
0.34162
0.12645
0.18614
0.39358
0.13607
0.24526
0.20894
0.26599
0.23741
0.43558
0.16264
0.32573
0.36960
0.23157
0.22489
0.24915
0.23900
0.18952
0.35214
0.14562
0.36075
0.32838
0.25975
0.22509
0.26097
0.33891
0.28909
0.19672
0.34116
0.41239
0.31031
0.28425
0.36452
0.36725
0.21900
0.23057
0.27919
0.38709
0.17846
0.23218
0.22630
0.34927
0.28757
0.24389
0.27310
0.31875
0.35229
0.22042
0.29848
0.33770
0.27219
0.29792
0.24805
0.37771
0.28989
0.26315
0.29328
0.31090
0.34383
0.27520
0.30844
0.23531
0.30454
0.26940
0.25615
0.32079
0.31218
0.23113
0.29492
0.13507
0.33079
0.22300
0.03431
0.14373
0.25899
0.23828
0.27941
0.21875
0.23042
0.34682
0.18575
0.07461
0.15894
0.09001
0.28479
0.23669
0.19838
0.25590
0.07429
0.09134
0.18612
0.20963
0.07620
0.13521
0.20204
0.33030
0.20116
0.20983
0.23196
0.07616
0.30361
0.25447
0.07045
0.06989
0.13792
0.26186
0.20666
0.27358
0.18397
0.29720
0.09886
0.06184
0.10439
0.10229
0.31781
0.16811
0.08695
0.25914
0.27137
0.15170
0.26563
0.21751
0.02869
0.28204
0.05361
0.09039
0.25819
0.18731
0.28259
0.06778
0.10086
0.21096
0.20624
0.26916
0.27473
0.03394
0.05823
0.18472
0.21331
0.20828
0.18062
0.13480
0.26266
0.16957
0.09303
0.24330
0.33185
0.12646
0.12714
0.13325
0.03729
0.04559
0.27207
0.09535
0.18803
0.23313
0.28844
0.19790
0.32535
0.25043
0.20949
0.26095
0.26171
0.22191
0.04929
0.23428
0.08253
0.11612
0.22657
0.23459
0.29202
0.25140
0.04469
0.10987
0.16543
0.23663
0.19574
0.29473
0.13234
0.21876
0.33516
0.11067
0.23161
0.12265
0.03472
0.04120
0.12538
0.08020
0.10527
0.26384
0.31820
0.11063
0.08923
0.02885
0.11806
0.12702
0.30578
