0.10166
0.10151
0.05243
0.25105
0.08038
0.13998
0.18633
0.14819
0.18656
0.09714
0.13934
0.13447
0.11587
0.15376
0.06837
0.25036
0.13230
0.10527
0.05404
0.17550
0.27743
0.16507
0.14808
0.06638
0.17046
0.13802
0.12071
0.23554
0.06130
0.17224
0.13613
0.23830
0.13191
0.11430
0.06318
0.09818
0.14122
0.09719
0.09268
0.14864
0.28031
0.23757
0.06582
0.12052
0.24931
0.23473
0.11037
0.19489
0.21305
0.12948
0.10015
0.15899
0.12211
0.30189
0.09820
0.24129
0.21379
0.14368
0.10163
0.10730
0.26971
0.24559
0.15388
0.26633
0.28463
0.31120
0.07777
0.15635
0.10649
0.06367
0.14327
0.29144
0.20741
0.15814
0.22860
0.10280
0.11218
0.03846
0.18495
0.17680
0.27391
0.15111
0.31508
0.29525
0.28242
0.26515
0.10034
0.08700
0.14254
0.27011
0.27874
0.15811
0.04117
0.20360
0.06099
0.14466
0.21802
0.20497
0.18927
0.15034
0.09789
0.17412
0.11389
0.11663
0.17235
0.30466
0.13662
0.18106
0.11428
0.29314
0.01952
0.21762
0.08168
0.20675
0.10834
0.18802
0.26068
0.05792
0.08571
0.13254
0.24610
0.11379
0.29601
0.02487
0.07356
0.08220
0.28669
0.24740
0.09921
0.25721
0.08737
0.10595
0.26484
0.34626
0.11374
0.12924
0.03945
0.30294
0.25819
0.02579
0.12632
0.02863
0.27209
0.18603
0.13866
0.34301
0.05447
0.30387
0.14559
0.08846
0.16181
0.25218
0.10388
0.30353
0.32116
0.32903
0.11776
0.13013
0.16813
0.13836
0.26212
0.24630
0.24784
0.30009
0.08858
0.08826
0.23518
0.25980
0.09923
0.26898
0.03639
0.21293
0.24905
0.03957
0.16282
0.19353
0.05278
0.10271
0.15770
0.24066
0.07700
0.09996
0.17418
0.15454
0.05578
0.25551
0.20399
0.20179
0.25118
0.17180
0.07048
0.05935
0.07117
0.15250
0.09708
0.21993
0.13176
0.17753
0.10485
0.27537
0.23967
0.09635
0.17119
0.18077
0.05453
0.16697
0.07964
0.17791
0.23379
0.07421
0.23285
0.21035
0.08548
0.23566
0.24631
0.21210
0.12080
0.21157
0.25492
0.32755
0.09882
0.23721
0.13047
0.04656
0.05099
0.09045
0.15393
0.10602
0.17445
0.03919
0.25692
0.12700
0.22335
0.08541
0.04016
0.24315
0.11402
0.05175
0.09476
0.27724
0.07157
0.31619
0.11502
0.10681
0.17127
0.20692
0.15329
0.05185
0.09295
0.10797
0.12802
0.11207
0.09515
0.19879
0.17266
0.15457
0.17017
0.08917
0.06609
0.13996
0.23380
0.16659
0.24737
0.16315
0.16624
0.27726
0.30133
0.09769
0.19392
0.04344
0.09073
0.12119
0.04701
0.03666
0.33419
0.18100
0.03575
0.18277
0.12083
0.07755
0.13971
0.32397
0.13401
0.04083
0.29055
0.13204
0.14830
0.12022
0.14634
0.17787
0.11526
0.10654
0.18691
0.22742
0.16518
0.10929
0.09904
0.20424
0.22171
0.13659
0.32985
0.24869
0.26666
0.19268
0.11431
0.28486
0.30031
0.32629
0.06567
0.26880
0.10207
0.24861
0.13327
0.08910
0.12574
0.10918
0.08952
0.16493
0.21960
0.07465
0.12775
0.04179
0.25642
0.12464
0.25758
0.14241
0.19822
0.25115
0.09350
0.07731
0.22386
0.29447
0.35422
0.22404
0.31499
0.20669
0.24139
0.23952
0.27072
0.24290
0.05919
0.08253
0.12160
0.21496
0.03154
0.06613
0.18174
0.13196
0.13833
0.12496
0.16823
0.08832
0.30567
0.21206
0.20455
0.21052
0.24490
0.10521
0.12551
0.29993
0.05021
0.26828
0.04503
0.07987
0.14770
0.03252
0.23805
0.33215
0.04231
0.06829
0.12698
0.25298
0.11242
0.04776
0.05999
0.06251
0.05807
0.09309
0.15810
0.10803
0.26359
0.17549
0.21450
0.10581
0.13726
0.29627
0.20001
0.28971
0.34881
0.18804
0.28299
0.29675
0.31696
0.34413
0.29212
0.24056
0.34193
0.23045
0.19610
0.25849
0.17298
0.34147
0.14960
0.37098
0.30167
0.19071
0.24931
0.21505
0.25002
0.34869
0.32712
0.27901
0.29196
0.33165
0.24171
0.30481
0.29271
0.23158
0.22437
0.24947
0.32204
0.29556
0.24528
0.18632
0.35130
0.22359
0.24560
0.31783
0.15043
0.31099
0.32080
0.25438
0.28906
0.32142
0.27905
0.19372
0.30864
0.33901
0.24122
0.32805
0.30669
0.26046
0.33732
0.26845
0.10474
0.33409
0.21906
0.27282
0.30688
0.29756
0.27134
0.13900
0.27053
0.33705
0.07239
0.28493
0.17682
0.17193
0.12727
0.37097
0.29408
0.31460
0.14348
0.31803
0.24673
0.27145
0.35859
0.29856
0.34788
0.27951
0.23550
0.26114
0.14616
0.35124
0.33700
0.27315
0.16915
0.30801
0.15093
0.25178
0.29582
0.23234
0.34784
0.27563
0.18843
0.31811
0.28650
0.10798
0.17106
0.27838
0.16818
0.14407
0.15397
0.27460
0.33312
0.28635
0.28771
0.23666
0.34521
0.20721
0.33562
0.28599
0.32148
0.18270
0.28405
0.29061
0.16230
0.18334
0.34853
0.29832
0.16748
0.33828
0.30327
0.23375
0.35760
0.30582
0.20709
0.27802
0.18082
0.28090
0.31327
0.31541
0.26319
0.22653
0.14241
0.28395
0.19800
0.28204
0.20769
0.29307
0.34652
0.29246
0.15955
0.24190
0.28471
0.18773
0.28953
0.16994
0.24253
0.20563
0.19083
0.22973
0.30066
0.31505
0.30193
0.21160
0.18766
0.32559
0.15861
0.18408
0.17239
0.29369
0.27819
0.16553
0.16971
0.22492
0.30938
0.20318
0.12085
0.18107
0.27115
0.21606
0.20980
0.26788
0.35146
0.13110
0.25324
0.25830
0.29578
0.15123
0.28117
0.25490
0.22415
0.38541
0.16521
0.28745
0.18615
0.36970
0.30909
0.26149
0.25975
0.33130
0.22513
0.15141
0.30356
0.25026
0.29744
0.27587
0.24589
0.33299
0.18182
0.25615
0.20891
0.32517
0.25545
0.27695
0.20862
0.27019
0.29054
0.25216
0.18926
0.27506
0.21546
0.29788
0.17925
0.29959
0.17841
0.26481
0.29319
0.27982
0.28630
0.12242
0.21947
0.31924
0.32436
0.27149
0.31806
0.31715
0.24200
0.23992
0.24020
0.28747
0.27683
0.33120
0.21420
0.09388
0.33062
0.29650
0.22971
0.32716
0.17497
0.31582
0.28530
0.21619
0.16201
0.28930
0.26499
0.31477
0.27306
0.23078
0.35646
0.31910
0.14162
0.20997
0.31197
0.30049
0.30305
0.27620
0.32377
0.21871
0.20441
0.17242
0.29617
0.32540
0.34349
0.27076
0.26442
0.32359
0.18058
0.21654
0.25874
0.27151
0.15649
0.32737
0.22573
0.19515
0.34409
0.27379
0.28143
0.21797
0.26585
0.28753
0.37051
0.33074
0.19961
0.25799
0.16638
0.30941
0.32345
0.10092
0.27616
0.11579
0.29060
0.30534
0.15230
0.28385
0.22572
0.31464
0.18054
0.25097
0.20747
0.32996
0.27174
0.28874
0.15520
0.27497
0.24169
0.20534
0.17295
0.29829
0.28314
0.30987
0.24284
0.23081
0.32770
0.23678
0.28587
0.28492
0.14715
0.31898
0.24098
0.30329
0.24964
0.25198
0.34579
0.27251
0.29405
0.34068
0.13810
0.21391
0.33755
0.16332
0.33439
0.30465
0.27541
0.33064
0.37784
0.28829
0.32767
0.24061
0.28354
0.30306
0.35859
0.28048
0.26410
0.32638
0.32056
0.33236
0.33153
0.37830
0.15395
0.27839
0.33544
0.23940
0.29734
0.33960
0.21802
0.24438
0.31881
0.21363
0.29963
0.30061
0.29077
0.23549
0.26002
0.27538
0.27628
0.29980
0.36032
0.30634
0.24883
0.29652
0.28606
0.34317
0.33135
0.26818
0.09714
0.31299
0.33421
0.35811
0.33749
0.29527
0.39479
0.40684
0.27779
0.13450
0.32359
0.39647
0.27069
0.18402
0.33447
0.31479
0.21128
0.26014
0.31389
0.26064
0.28000
0.26249
0.33564
0.34257
0.38100
0.30049
0.32572
0.26229
0.38921
0.29381
0.27451
0.33170
0.35117
0.28547
0.12257
0.30566
0.44205
0.20456
0.40091
0.41185
0.15345
0.30853
0.36015
0.32010
0.29270
0.26858
0.28745
0.20350
0.29385
0.30775
0.26244
0.30221
0.37594
0.31874
0.29287
0.20530
0.20754
0.29150
0.39164
0.19140
0.09100
0.30762
0.14494
0.16453
0.39345
0.13280
0.21481
0.18177
0.29052
0.21532
0.43869
0.17054
0.33224
0.37909
0.23885
0.18173
0.26434
0.25683
0.18443
0.34961
0.14362
0.33935
0.31817
0.24080
0.24422
0.25626
0.32685
0.26386
0.17776
0.34652
0.42007
0.29481
0.28322
0.36475
0.36281
0.22377
0.22588
0.29268
0.35067
0.15880
0.19042
0.22570
0.33243
0.29130
0.24784
0.29250
0.32683
0.34060
0.19757
0.33509
0.33296
0.27826
0.30561
0.25243
0.36800
0.32289
0.24172
0.30172
0.31995
0.30573
0.25616
0.31455
0.23084
0.33733
0.24029
0.28911
0.30320
0.27826
0.28079
0.30754
0.15383
0.22934
0.25291
0.02850
0.08526
0.16142
0.23309
0.28883
0.17916
0.30101
0.33751
0.20157
0.05255
0.16908
0.04509
0.30939
0.23995
0.18998
0.27342
0.06626
0.20416
0.19102
0.14250
0.12034
0.13034
0.25947
0.29138
0.24243
0.21781
0.24194
0.01406
0.34337
0.19195
0.05915
0.07231
0.07353
0.31557
0.11874
0.20543
0.22347
0.28671
0.02232
0.05567
0.04343
0.09332
0.22623
0.11464
0.12096
0.15476
0.30303
0.12932
0.21237
0.22399
0.04206
0.23225
0.06958
0.06912
0.24355
0.19740
0.20009
0.04362
0.04315
0.22301
0.21909
0.27473
0.27728
0.03383
0.08586
0.17466
0.18585
0.17613
0.21091
0.13673
0.25821
0.19415
0.11134
0.30750
0.26355
0.08338
0.12663
0.12320
0.12991
0.02799
0.20069
0.07269
0.16026
0.20681
0.25016
0.18193
0.33149
0.22115
0.18355
0.17013
0.21123
0.14940
0.01046
0.24367
0.05302
0.06323
0.12782
0.21856
0.25775
0.15537
0.05942
0.04451
0.14354
0.13212
0.18064
0.30736
0.13679
0.20275
0.30306
0.06870
0.22675
0.16076
0.03204
0.02999
0.18560
0.05909
0.08345
0.29015
0.27047
0.08756
0.18128
0.03673
0.04271
0.05260
0.30318
