0.09280
0.09999
0.07587
0.24630
0.11519
0.14685
0.24066
0.13854
0.18186
0.09692
0.19868
0.15566
0.16791
0.11437
0.14316
0.24661
0.18013
0.13509
0.07861
0.14169
0.28981
0.11994
0.15041
0.06161
0.26178
0.17415
0.13240
0.24129
0.10427
0.12545
0.11927
0.24090
0.14455
0.09343
0.07099
0.09580
0.12072
0.09006
0.12580
0.18392
0.26295
0.26645
0.07394
0.15672
0.26989
0.19535
0.16622
0.25409
0.17793
0.14280
0.09085
0.15699
0.14963
0.28771
0.11375
0.24804
0.20849
0.12647
0.16104
0.07991
0.26096
0.26329
0.14943
0.22686
0.28746
0.28436
0.05972
0.18854
0.11254
0.04264
0.13763
0.27940
0.29448
0.19039
0.23303
0.13674
0.12995
0.04806
0.20068
0.19401
0.29635
0.18208
0.32786
0.28588
0.25668
0.36018
0.09769
0.08606
0.13320
0.25643
0.31797
0.17927
0.10037
0.24758
0.05318
0.17065
0.21224
0.21162
0.20132
0.15231
0.09183
0.19195
0.10891
0.10566
0.19933
0.31681
0.14110
0.16109
0.18948
0.28274
0.05422
0.25718
0.10272
0.23646
0.10036
0.14827
0.27901
0.05204
0.07228
0.20645
0.23595
0.10566
0.26754
0.03383
0.09618
0.13149
0.31105
0.27630
0.21810
0.24500
0.10182
0.13503
0.31790
0.30043
0.11274
0.14428
0.07585
0.28642
0.24118
0.03970
0.20997
0.02532
0.29620
0.18697
0.11584
0.30328
0.11021
0.32595
0.19345
0.09484
0.15562
0.25709
0.10626
0.32428
0.29211
0.33695
0.09496
0.13395
0.16699
0.17985
0.20829
0.27004
0.26830
0.30900
0.08588
0.15036
0.25681
0.25918
0.08880
0.24857
0.09575
0.24350
0.20608
0.02782
0.10244
0.21316
0.05698
0.05155
0.15376
0.28474
0.10273
0.11094
0.21365
0.16561
0.08460
0.19007
0.22372
0.24684
0.27186
0.19940
0.12315
0.10147
0.08219
0.19427
0.17920
0.23791
0.18087
0.17022
0.13003
0.26920
0.25070
0.11065
0.17655
0.15495
0.06228
0.24109
0.08710
0.20530
0.26158
0.10556
0.24115
0.25420
0.10638
0.25657
0.26102
0.26558
0.16149
0.26367
0.23523
0.32515
0.11568
0.15798
0.10582
0.06741
0.09726
0.05919
0.19428
0.18424
0.13760
0.08385
0.27784
0.10514
0.23653
0.11336
0.10658
0.26631
0.11798
0.04444
0.10206
0.27318
0.07406
0.28701
0.09782
0.12887
0.14109
0.19176
0.11099
0.05059
0.14503
0.14603
0.10965
0.11854
0.10633
0.25902
0.13864
0.15099
0.21430
0.08037
0.06790
0.12423
0.21961
0.17212
0.23121
0.15678
0.12274
0.24671
0.29085
0.09531
0.16971
0.05324
0.06187
0.11671
0.08296
0.05977
0.32925
0.18563
0.07072
0.20616
0.15312
0.08193
0.14062
0.34131
0.14574
0.06912
0.29184
0.12081
0.19589
0.21632
0.23447
0.14581
0.10613
0.08593
0.20814
0.23588
0.18997
0.11142
0.18827
0.15652
0.18821
0.18122
0.31028
0.30031
0.26542
0.14565
0.10528
0.31874
0.25934
0.32659
0.01973
0.27272
0.14242
0.26878
0.15005
0.07773
0.12441
0.18072
0.13088
0.19090
0.24736
0.06327
0.09278
0.06672
0.26292
0.18979
0.26229
0.13110
0.23134
0.19240
0.16449
0.08479
0.24460
0.26522
0.35762
0.20337
0.30602
0.22015
0.26093
0.30994
0.27919
0.25592
0.06664
0.10650
0.16593
0.20692
0.08535
0.05669
0.20558
0.12609
0.25636
0.11588
0.18327
0.09775
0.28769
0.26922
0.24492
0.20679
0.28844
0.17388
0.15359
0.32604
0.09098
0.21850
0.06416
0.11539
0.16989
0.07157
0.24365
0.34523
0.05790
0.10150
0.12168
0.24286
0.11698
0.04833
0.07317
0.06761
0.07309
0.14356
0.20279
0.06050
0.25761
0.15602
0.19171
0.08729
0.20887
0.29916
0.26002
0.27548
0.35237
0.19693
0.27405
0.31286
0.29128
0.31610
0.28598
0.24000
0.33636
0.28335
0.23446
0.25423
0.22811
0.29507
0.18877
0.37881
0.32463
0.26784
0.24874
0.25448
0.26448
0.34174
0.28161
0.24403
0.29891
0.33379
0.22602
0.24952
0.32537
0.25902
0.25934
0.26531
0.28674
0.31182
0.27984
0.21525
0.34508
0.27863
0.25303
0.34851
0.21674
0.28365
0.33509
0.28943
0.29881
0.30366
0.29254
0.22823
0.26726
0.33941
0.21252
0.27457
0.31389
0.24626
0.27229
0.31065
0.21049
0.30228
0.24203
0.25260
0.31364
0.29589
0.26867
0.16978
0.29204
0.35689
0.13878
0.26798
0.23463
0.20115
0.18347
0.35171
0.30271
0.32568
0.17703
0.32803
0.27126
0.26547
0.34609
0.30082
0.29106
0.30315
0.24985
0.26194
0.18300
0.37622
0.28278
0.23046
0.19513
0.32292
0.21342
0.24989
0.29038
0.27110
0.33513
0.30145
0.19805
0.29946
0.27595
0.16005
0.20565
0.28647
0.18110
0.17604
0.15998
0.31570
0.33040
0.27707
0.25424
0.24577
0.28886
0.20586
0.28811
0.28310
0.27188
0.22091
0.29489
0.28786
0.20109
0.18049
0.34844
0.28717
0.22579
0.33457
0.30903
0.25990
0.35212
0.29214
0.20978
0.30267
0.18057
0.28683
0.32394
0.28805
0.29593
0.24887
0.18514
0.31566
0.21137
0.29967
0.21094
0.26762
0.30599
0.27622
0.19386
0.22750
0.29238
0.21231
0.28948
0.19225
0.25326
0.23701
0.22728
0.20164
0.30361
0.31417
0.33623
0.24971
0.22699
0.31044
0.22178
0.25063
0.24601
0.26640
0.33059
0.16068
0.19143
0.27715
0.26374
0.23135
0.15526
0.22116
0.26458
0.23781
0.24639
0.25772
0.30803
0.17294
0.27438
0.27504
0.27719
0.17651
0.28295
0.28628
0.23659
0.36711
0.20108
0.32454
0.22684
0.35120
0.32280
0.28175
0.26887
0.28975
0.28020
0.18153
0.28128
0.29583
0.26707
0.27217
0.26808
0.33107
0.23970
0.27041
0.25302
0.35247
0.22683
0.30641
0.23682
0.25570
0.29426
0.27857
0.23394
0.25584
0.26861
0.32097
0.23970
0.31043
0.21398
0.26062
0.27131
0.26529
0.30116
0.16058
0.24087
0.32475
0.31615
0.26533
0.29242
0.33807
0.26920
0.24285
0.23943
0.29544
0.28908
0.27436
0.24507
0.17825
0.29357
0.30981
0.23572
0.26817
0.24917
0.32181
0.30272
0.23086
0.21611
0.28525
0.29204
0.28517
0.27334
0.27587
0.35450
0.35317
0.15019
0.24045
0.30920
0.26346
0.27307
0.29172
0.33249
0.20377
0.21723
0.17067
0.27066
0.27405
0.34713
0.30069
0.28391
0.28668
0.22204
0.26627
0.29944
0.26475
0.18467
0.32586
0.22603
0.23389
0.34237
0.30377
0.26948
0.23969
0.27966
0.30103
0.32827
0.32192
0.26609
0.27473
0.18953
0.31589
0.31612
0.11966
0.28351
0.20594
0.26242
0.27446
0.24009
0.30900
0.22701
0.27591
0.23846
0.24379
0.26500
0.34154
0.30133
0.26848
0.21195
0.27092
0.25011
0.24034
0.22528
0.33326
0.28277
0.32391
0.28473
0.26358
0.29075
0.27332
0.24753
0.26789
0.18632
0.32439
0.25889
0.33556
0.21667
0.29057
0.33458
0.26836
0.27318
0.29693
0.19939
0.20497
0.28923
0.24778
0.30662
0.30912
0.29287
0.32627
0.37254
0.29626
0.32767
0.25920
0.28604
0.27755
0.35330
0.25840
0.26595
0.32234
0.31575
0.28871
0.32780
0.38699
0.22810
0.26334
0.31945
0.26103
0.31864
0.32462
0.23160
0.26193
0.34570
0.23511
0.27039
0.29796
0.28283
0.27928
0.26138
0.27370
0.24027
0.29511
0.32608
0.30143
0.24822
0.29521
0.28989
0.29142
0.26189
0.29527
0.13906
0.32498
0.32129
0.36197
0.29252
0.31250
0.40765
0.42503
0.26344
0.18998
0.30112
0.39153
0.30259
0.22785
0.30102
0.35229
0.23334
0.24247
0.32628
0.24871
0.28260
0.24969
0.33549
0.37437
0.43294
0.32691
0.29705
0.26815
0.39671
0.29102
0.31141
0.30970
0.36753
0.26352
0.20810
0.32576
0.46579
0.27364
0.43533
0.41221
0.21806
0.29357
0.37319
0.32632
0.32002
0.22877
0.28472
0.24103
0.31074
0.30547
0.30520
0.30510
0.38222
0.27973
0.26920
0.26722
0.19372
0.25642
0.40816
0.27742
0.15978
0.35138
0.16332
0.20248
0.41040
0.16279
0.27474
0.23028
0.28130
0.26490
0.40276
0.20572
0.33309
0.39228
0.24871
0.24036
0.25306
0.25061
0.21753
0.35262
0.19538
0.36461
0.36114
0.24403
0.27259
0.23378
0.35411
0.30847
0.21094
0.32440
0.41046
0.33949
0.29681
0.37896
0.39529
0.20542
0.27444
0.28714
0.40890
0.21596
0.22562
0.26141
0.37081
0.26763
0.26696
0.24982
0.31190
0.38544
0.23259
0.29026
0.34757
0.30900
0.29845
0.25976
0.39281
0.28542
0.28864
0.26902
0.31041
0.34509
0.28319
0.30677
0.23391
0.35033
0.27296
0.23738
0.30818
0.27558
0.23927
0.28785
0.14435
0.30419
0.22364
0.03161
0.14198
0.17840
0.24446
0.31162
0.20941
0.29607
0.35350
0.20303
0.10191
0.19422
0.03429
0.30198
0.29072
0.17186
0.29609
0.06168
0.08715
0.13370
0.23808
0.09309
0.18559
0.16888
0.31375
0.15772
0.22902
0.23506
0.05935
0.29908
0.23585
0.05349
0.10623
0.10496
0.27773
0.14619
0.23063
0.22403
0.29759
0.08810
0.04943
0.04975
0.09116
0.28865
0.13956
0.10229
0.24747
0.27362
0.09116
0.25306
0.19891
0.14900
0.23863
0.07775
0.04383
0.22299
0.19678
0.18612
0.03276
0.04591
0.23903
0.20219
0.30521
0.28866
0.02982
0.04100
0.13867
0.21453
0.17242
0.22724
0.09354
0.27648
0.19535
0.15975
0.24156
0.27494
0.12278
0.19898
0.21490
0.05646
0.05777
0.17415
0.15968
0.18802
0.25950
0.23293
0.19849
0.29660
0.21675
0.26421
0.20574
0.22768
0.16933
0.01679
0.26387
0.14213
0.09189
0.21175
0.24148
0.30437
0.25386
0.05524
0.06794
0.11623
0.16172
0.13551
0.27690
0.11994
0.15410
0.28775
0.13634
0.26060
0.12537
0.04235
0.02595
0.14396
0.03923
0.06460
0.26767
0.28417
0.06474
0.13002
0.06908
0.09857
0.11343
0.21119
