0.14892
0.10355
0.06027
0.21742
0.07132
0.13935
0.25283
0.13489
0.19350
0.05964
0.23098
0.14184
0.14133
0.13240
0.10692
0.23107
0.13178
0.15342
0.07779
0.12213
0.27142
0.15006
0.15972
0.06824
0.26320
0.14713
0.12628
0.25649
0.06701
0.15661
0.14523
0.25400
0.13606
0.10696
0.07956
0.09359
0.15271
0.09151
0.12688
0.16280
0.29655
0.26414
0.11748
0.11536
0.27598
0.22534
0.15452
0.20650
0.16438
0.16017
0.09428
0.14319
0.16352
0.30907
0.11451
0.24282
0.21940
0.10031
0.12934
0.06577
0.26794
0.28138
0.11612
0.24109
0.29814
0.30818
0.06132
0.16755
0.10034
0.05759
0.13488
0.28477
0.27665
0.20434
0.25095
0.11738
0.09461
0.05014
0.17569
0.15165
0.31694
0.16622
0.28070
0.26690
0.23957
0.33958
0.09886
0.08741
0.13725
0.26847
0.30444
0.18447
0.06820
0.23926
0.06160
0.18114
0.17276
0.24136
0.22743
0.14684
0.09100
0.18441
0.11172
0.13165
0.20879
0.29905
0.12491
0.16712
0.15044
0.30524
0.05569
0.26149
0.08060
0.25710
0.10583
0.18888
0.24625
0.05332
0.07698
0.20213
0.22627
0.10124
0.27026
0.01366
0.10487
0.11845
0.25911
0.29235
0.18077
0.25017
0.08911
0.12949
0.29864
0.33374
0.11724
0.14136
0.07135
0.28320
0.26028
0.05538
0.17736
0.06163
0.27470
0.19003
0.13461
0.28433
0.12689
0.32726
0.16243
0.09619
0.15308
0.23282
0.11438
0.33048
0.33232
0.31180
0.07055
0.14695
0.16167
0.23526
0.25681
0.26659
0.27231
0.30048
0.10324
0.12977
0.27294
0.26115
0.07738
0.24588
0.04112
0.25927
0.22618
0.02801
0.07322
0.23529
0.08927
0.06461
0.15382
0.25601
0.07929
0.10970
0.21222
0.12005
0.07452
0.18784
0.22489
0.25884
0.26399
0.16248
0.13039
0.06694
0.04681
0.21342
0.14949
0.23070
0.20426
0.17371
0.08215
0.24595
0.23383
0.10437
0.20900
0.15764
0.05877
0.24256
0.08380
0.19463
0.25261
0.11230
0.24830
0.23756
0.09346
0.26161
0.25128
0.23635
0.12991
0.24565
0.16444
0.29819
0.14008
0.22328
0.09141
0.10112
0.08212
0.04575
0.19108
0.19536
0.12685
0.12209
0.22434
0.10287
0.22203
0.11831
0.06591
0.27233
0.10975
0.03323
0.10965
0.27030
0.08791
0.27037
0.12878
0.10664
0.15605
0.22873
0.11668
0.02723
0.08924
0.11333
0.10239
0.10895
0.08656
0.27443
0.15126
0.14631
0.20754
0.04464
0.07158
0.13613
0.25491
0.16537
0.22934
0.15347
0.14831
0.25901
0.27839
0.09225
0.13850
0.08181
0.12563
0.12203
0.08620
0.05434
0.35277
0.19410
0.05704
0.21969
0.18365
0.08228
0.15927
0.35172
0.17624
0.10783
0.28899
0.11944
0.21374
0.18959
0.14463
0.16036
0.09870
0.05744
0.17869
0.21520
0.15996
0.10143
0.16012
0.12442
0.19758
0.13527
0.32539
0.28502
0.26978
0.13913
0.07369
0.27690
0.30771
0.30076
0.04499
0.26385
0.15117
0.26643
0.14015
0.09475
0.12323
0.09847
0.11469
0.19695
0.23928
0.07493
0.05199
0.09959
0.28276
0.16656
0.19439
0.16739
0.23822
0.23831
0.17571
0.07862
0.26626
0.25554
0.35991
0.20309
0.30013
0.24953
0.25314
0.28872
0.28143
0.26007
0.05559
0.08040
0.15560
0.24095
0.07820
0.04950
0.19062
0.13984
0.24069
0.11920
0.15222
0.10166
0.25766
0.26772
0.24240
0.22321
0.31422
0.12467
0.12850
0.32600
0.07476
0.19725
0.05052
0.08002
0.20667
0.07581
0.27514
0.28946
0.08571
0.12753
0.12513
0.24820
0.11516
0.05301
0.07655
0.05832
0.06337
0.12780
0.18529
0.08702
0.29076
0.17505
0.20781
0.08942
0.19033
0.30848
0.20573
0.25588
0.35807
0.19614
0.29785
0.29700
0.26838
0.31694
0.29122
0.24079
0.34405
0.23995
0.24798
0.21584
0.21622
0.26810
0.19075
0.37324
0.32678
0.26057
0.25195
0.25077
0.25816
0.33817
0.28551
0.21950
0.32274
0.33907
0.19637
0.25082
0.32217
0.26953
0.25834
0.25979
0.27545
0.31070
0.24483
0.19167
0.35118
0.23419
0.23114
0.29571
0.18154
0.31756
0.35245
0.28765
0.29130
0.28181
0.27430
0.23699
0.29575
0.34071
0.20240
0.29423
0.32814
0.25698
0.29361
0.30218
0.19342
0.28136
0.26214
0.28225
0.31731
0.30618
0.25702
0.19912
0.28863
0.36680
0.15961
0.27065
0.21153
0.19055
0.17203
0.36258
0.30196
0.32891
0.17257
0.35452
0.27732
0.27444
0.36899
0.31282
0.28469
0.29426
0.24958
0.27799
0.17317
0.35099
0.26724
0.20920
0.16528
0.32852
0.19692
0.27305
0.28975
0.25844
0.35817
0.32607
0.21833
0.32893
0.31797
0.13423
0.19997
0.28379
0.19902
0.17464
0.15541
0.29462
0.34485
0.25650
0.24097
0.24552
0.29512
0.23303
0.28272
0.24720
0.28654
0.20838
0.29250
0.25881
0.23059
0.16848
0.35192
0.30327
0.17897
0.29122
0.32576
0.23242
0.35840
0.31770
0.24364
0.26938
0.23295
0.29499
0.31642
0.25856
0.26797
0.23063
0.17109
0.31518
0.21207
0.27418
0.23171
0.24696
0.29434
0.29142
0.20604
0.19448
0.28877
0.21347
0.29160
0.19427
0.22335
0.23706
0.23573
0.17227
0.31106
0.32576
0.32940
0.21220
0.17873
0.32677
0.20377
0.18214
0.20002
0.30447
0.29026
0.16177
0.17776
0.28366
0.27472
0.19951
0.15058
0.22822
0.26766
0.21912
0.25364
0.24141
0.29376
0.16398
0.21795
0.27959
0.26494
0.19471
0.28370
0.25722
0.24777
0.37383
0.20177
0.26604
0.23314
0.35969
0.32047
0.23443
0.27048
0.27384
0.27586
0.18961
0.31035
0.26311
0.24632
0.29543
0.27165
0.34637
0.24924
0.29372
0.22204
0.34519
0.19933
0.28917
0.23150
0.22691
0.28676
0.26398
0.23295
0.21004
0.23174
0.31897
0.19603
0.31610
0.24770
0.25445
0.29758
0.29366
0.29400
0.15030
0.21443
0.32671
0.33019
0.24961
0.26879
0.28745
0.27281
0.22582
0.18918
0.31153
0.29842
0.25934
0.26197
0.17585
0.27888
0.31296
0.26167
0.27451
0.18221
0.33969
0.26784
0.18650
0.20237
0.28995
0.28586
0.26823
0.27146
0.23427
0.34776
0.35911
0.16054
0.24346
0.33032
0.24581
0.24927
0.29889
0.34057
0.23410
0.20303
0.15259
0.25442
0.24985
0.36449
0.28906
0.29113
0.26141
0.23680
0.27006
0.30760
0.29383
0.17578
0.33526
0.20231
0.23874
0.34509
0.30981
0.23321
0.23070
0.25690
0.29051
0.31951
0.34233
0.25154
0.28073
0.19615
0.29113
0.31652
0.12389
0.25077
0.20429
0.23325
0.27247
0.23429
0.26040
0.26932
0.24465
0.22805
0.23370
0.23323
0.34082
0.25803
0.24391
0.21096
0.30433
0.25722
0.23303
0.20903
0.33195
0.29116
0.34083
0.24678
0.22268
0.25990
0.25600
0.23339
0.27983
0.18137
0.33231
0.26471
0.33342
0.28579
0.30152
0.34701
0.27759
0.24870
0.27861
0.16388
0.19468
0.26695
0.21114
0.27352
0.31311
0.24454
0.29933
0.38708
0.32037
0.33317
0.27483
0.31307
0.29467
0.36443
0.22047
0.26617
0.33190
0.32253
0.27814
0.33499
0.38359
0.23752
0.24783
0.31394
0.23144
0.32747
0.33097
0.23984
0.24052
0.34858
0.23664
0.24809
0.31405
0.26445
0.23161
0.22164
0.24496
0.29757
0.28943
0.29840
0.29335
0.20122
0.28625
0.27383
0.29928
0.26977
0.25939
0.11859
0.32375
0.31792
0.36066
0.30618
0.27085
0.35531
0.36684
0.26198
0.17657
0.28691
0.40695
0.25095
0.15575
0.29128
0.32420
0.26836
0.22183
0.33374
0.26592
0.28535
0.22829
0.30520
0.33421
0.38052
0.27304
0.27660
0.23316
0.34560
0.29040
0.25416
0.27903
0.32231
0.21509
0.14877
0.32621
0.40154
0.22848
0.37420
0.36084
0.20085
0.26271
0.32346
0.30269
0.29842
0.25443
0.26041
0.21704
0.29718
0.27039
0.27664
0.30758
0.35044
0.26835
0.28529
0.22767
0.19081
0.24137
0.36945
0.19570
0.12356
0.34711
0.11453
0.18885
0.37507
0.16628
0.21296
0.20969
0.26510
0.22571
0.43066
0.17881
0.30307
0.33821
0.21627
0.23829
0.22125
0.22986
0.20062
0.32846
0.18354
0.34358
0.32513
0.24028
0.22865
0.22605
0.33512
0.25896
0.20951
0.35865
0.41730
0.29809
0.25877
0.34096
0.32687
0.19833
0.25865
0.27729
0.38683
0.19649
0.21466
0.22265
0.32824
0.26800
0.23075
0.27104
0.31673
0.34645
0.19868
0.28483
0.33034
0.31625
0.26468
0.24220
0.35921
0.29628
0.28794
0.26881
0.27424
0.31244
0.24479
0.30219
0.24134
0.32724
0.25748
0.23976
0.31172
0.26400
0.17812
0.25308
0.13677
0.28187
0.21620
0.02440
0.16244
0.22999
0.21576
0.28613
0.21801
0.25874
0.35322
0.24592
0.04179
0.21877
0.04502
0.29202
0.26765
0.20180
0.31794
0.08577
0.10683
0.17739
0.18547
0.11613
0.12246
0.20568
0.28192
0.21747
0.20657
0.27397
0.05035
0.32633
0.26168
0.05814
0.07542
0.09173
0.29374
0.16468
0.17237
0.18128
0.29571
0.05405
0.04968
0.03560
0.08351
0.25267
0.09731
0.13570
0.18952
0.32073
0.12184
0.25703
0.22234
0.06697
0.30492
0.06697
0.04071
0.28382
0.17444
0.28948
0.07868
0.04617
0.20150
0.20778
0.29595
0.23175
0.03394
0.04243
0.17242
0.21874
0.23831
0.19435
0.07330
0.29153
0.18384
0.14720
0.23742
0.27123
0.09265
0.13638
0.20575
0.03391
0.07506
0.20097
0.17136
0.18263
0.22607
0.26088
0.19790
0.33382
0.23757
0.27357
0.17892
0.20541
0.18679
0.02495
0.26987
0.11215
0.07737
0.22349
0.26551
0.25786
0.27179
0.03065
0.05708
0.08081
0.20026
0.25582
0.33198
0.07837
0.17303
0.31946
0.13490
0.24493
0.05812
0.04142
0.08341
0.16365
0.03523
0.05703
0.25394
0.26603
0.14157
0.12110
0.04498
0.08846
0.09515
0.29236
