0.11386
0.09610
0.06895
0.21646
0.05580
0.14411
0.20741
0.13420
0.12865
0.02717
0.17262
0.12954
0.13436
0.11725
0.08676
0.22331
0.11629
0.11000
0.08516
0.13680
0.29036
0.12738
0.11666
0.04559
0.18570
0.12979
0.12055
0.18695
0.08829
0.12957
0.14457
0.25009
0.16803
0.11092
0.10487
0.11188
0.06720
0.08050
0.12657
0.15400
0.25582
0.28862
0.08202
0.11750
0.27681
0.20143
0.13801
0.22334
0.15150
0.13897
0.09798
0.14872
0.16454
0.24567
0.10446
0.22568
0.19939
0.11137
0.09988
0.05470
0.26412
0.26489
0.08833
0.21798
0.28127
0.30736
0.03557
0.15938
0.08917
0.03673
0.17231
0.28318
0.26651
0.21049
0.19874
0.12208
0.06724
0.02322
0.23176
0.15468
0.29701
0.20638
0.28214
0.27830
0.25822
0.35202
0.09454
0.07909
0.10365
0.23061
0.29547
0.15866
0.07321
0.21814
0.05445
0.12644
0.21799
0.22917
0.22299
0.10150
0.09147
0.17281
0.10867
0.13051
0.21253
0.31067
0.13066
0.17152
0.17010
0.30459
0.03135
0.23847
0.06830
0.23458
0.13315
0.15092
0.28473
0.05594
0.05343
0.17852
0.16433
0.07633
0.25650
0.01773
0.08160
0.11667
0.30317
0.25690
0.15090
0.23725
0.05972
0.10394
0.28952
0.34773
0.10445
0.11262
0.04234
0.28660
0.24889
0.05087
0.16195
0.03482
0.28300
0.20343
0.14075
0.24449
0.05669
0.32578
0.15070
0.09365
0.20008
0.24707
0.10172
0.30025
0.30511
0.32730
0.06432
0.15784
0.14219
0.15409
0.26378
0.20530
0.27980
0.33674
0.09146
0.10666
0.24586
0.27655
0.04394
0.23780
0.04333
0.20839
0.25794
0.01634
0.10862
0.19511
0.04504
0.07652
0.16982
0.26299
0.07285
0.11076
0.23431
0.13381
0.05052
0.19849
0.20777
0.24229
0.25051
0.15809
0.08427
0.05676
0.02876
0.11415
0.12460
0.24521
0.15015
0.15624
0.10076
0.28955
0.21494
0.06130
0.15299
0.18930
0.03819
0.18410
0.07022
0.18146
0.26245
0.13680
0.26231
0.22567
0.08449
0.26211
0.26731
0.25652
0.13507
0.21966
0.19354
0.33248
0.08377
0.17390
0.09734
0.04830
0.06050
0.05180
0.15375
0.21768
0.10592
0.05005
0.22920
0.09646
0.22599
0.10368
0.05994
0.21054
0.11336
0.03976
0.09933
0.29557
0.05018
0.29061
0.10273
0.12380
0.15788
0.18350
0.10656
0.03879
0.08978
0.10920
0.10633
0.08469
0.12063
0.27805
0.13866
0.15407
0.20694
0.06366
0.04830
0.15063
0.21195
0.14191
0.23396
0.15050
0.09773
0.21380
0.24823
0.10214
0.15782
0.04115
0.08772
0.12887
0.05871
0.01941
0.39534
0.12394
0.06779
0.18542
0.15896
0.06508
0.11725
0.33538
0.13605
0.05171
0.31210
0.12039
0.18269
0.17454
0.17415
0.12071
0.06855
0.06644
0.17800
0.22454
0.12272
0.10767
0.18170
0.15289
0.16822
0.11398
0.32604
0.26800
0.25986
0.12889
0.11005
0.29634
0.30363
0.29933
0.02482
0.25431
0.17772
0.26467
0.14337
0.08288
0.12257
0.10159
0.09415
0.15463
0.21279
0.05611
0.06462
0.05115
0.25928
0.17623
0.21366
0.15567
0.25087
0.19124
0.12104
0.04518
0.22669
0.24911
0.34397
0.22889
0.33579
0.20863
0.22855
0.29722
0.28356
0.30458
0.05684
0.06615
0.12505
0.20384
0.04507
0.06580
0.15780
0.12714
0.23851
0.07961
0.15724
0.11649
0.26184
0.29313
0.25937
0.20588
0.30925
0.11747
0.13682
0.31088
0.04174
0.16657
0.06536
0.05320
0.18521
0.07331
0.24710
0.34476
0.05798
0.06203
0.13964
0.20438
0.10428
0.04160
0.04258
0.04191
0.06457
0.09916
0.18398
0.05491
0.29173
0.10603
0.16841
0.07876
0.19733
0.31055
0.22180
0.26891
0.35847
0.19033
0.30590
0.30323
0.28829
0.31905
0.28628
0.23144
0.37470
0.26142
0.26351
0.24067
0.22940
0.31167
0.20984
0.38998
0.33722
0.26237
0.22232
0.26326
0.27104
0.35347
0.29847
0.25831
0.29393
0.34499
0.21084
0.27217
0.30906
0.30393
0.24316
0.23845
0.29144
0.30715
0.21938
0.20705
0.37212
0.27229
0.23778
0.33079
0.23871
0.29269
0.36767
0.29871
0.30719
0.30695
0.31392
0.23789
0.31224
0.34765
0.18966
0.30646
0.33065
0.25592
0.28954
0.30424
0.22441
0.32136
0.25749
0.28931
0.32440
0.31261
0.26160
0.19658
0.29471
0.37131
0.16178
0.28474
0.20693
0.15249
0.20798
0.36079
0.31560
0.33143
0.20634
0.35030
0.28068
0.28787
0.37546
0.30332
0.32333
0.29837
0.25204
0.28069
0.17596
0.36603
0.30985
0.24364
0.17431
0.33507
0.19183
0.26677
0.29066
0.25848
0.36005
0.33107
0.21383
0.34238
0.32348
0.17945
0.18510
0.30484
0.18625
0.23465
0.16426
0.29704
0.35322
0.28362
0.26057
0.25517
0.31674
0.20179
0.30415
0.26607
0.29169
0.22705
0.28497
0.30041
0.23360
0.19002
0.33740
0.30825
0.22492
0.30687
0.32336
0.26647
0.35030
0.31705
0.24420
0.26487
0.21813
0.28342
0.30965
0.28416
0.28019
0.23532
0.19364
0.30242
0.23737
0.31356
0.21395
0.27303
0.32681
0.30995
0.21288
0.22316
0.28177
0.20002
0.31248
0.20716
0.25212
0.24235
0.24044
0.16989
0.29477
0.33264
0.33038
0.22333
0.23575
0.33024
0.21843
0.19252
0.20537
0.31926
0.32216
0.17424
0.21815
0.28721
0.27406
0.17957
0.17424
0.24821
0.25493
0.23381
0.24377
0.24813
0.33123
0.18048
0.26012
0.26834
0.30233
0.19327
0.30034
0.27801
0.26366
0.35507
0.20721
0.30234
0.22592
0.38451
0.32042
0.27791
0.27864
0.31362
0.26122
0.19918
0.29920
0.28350
0.28847
0.27702
0.28394
0.35711
0.25658
0.29208
0.25812
0.36369
0.24392
0.27209
0.24259
0.23800
0.26464
0.26785
0.23407
0.27167
0.26687
0.29648
0.21564
0.31128
0.23921
0.25979
0.31084
0.29654
0.28119
0.17167
0.22348
0.33072
0.33056
0.26989
0.30098
0.30074
0.26817
0.22878
0.23165
0.30254
0.29305
0.28734
0.24602
0.19945
0.31681
0.31130
0.26897
0.30981
0.17978
0.34912
0.30167
0.23087
0.22703
0.27629
0.30208
0.31377
0.26281
0.25364
0.36195
0.35556
0.17901
0.25158
0.34252
0.29112
0.29302
0.30446
0.34492
0.23664
0.20704
0.21342
0.26341
0.27781
0.36720
0.31230
0.29953
0.29608
0.24055
0.26833
0.30682
0.29601
0.19964
0.34884
0.23959
0.24335
0.35561
0.31610
0.26385
0.23568
0.24915
0.30173
0.35318
0.34878
0.23345
0.29058
0.20461
0.30548
0.32028
0.15343
0.26327
0.19607
0.23901
0.28039
0.23573
0.26454
0.23665
0.29345
0.24872
0.23775
0.25225
0.33439
0.28368
0.27203
0.21943
0.31232
0.23712
0.24975
0.20560
0.30659
0.29705
0.33720
0.26839
0.24268
0.31179
0.28335
0.23872
0.27578
0.19822
0.33165
0.28387
0.34880
0.28570
0.29593
0.35806
0.27441
0.27380
0.32364
0.19122
0.18791
0.30693
0.21398
0.27945
0.31539
0.28630
0.34442
0.39117
0.32492
0.32370
0.28558
0.32742
0.26586
0.37412
0.26878
0.27139
0.34472
0.33089
0.30818
0.34693
0.39249
0.24472
0.23791
0.33659
0.24308
0.30760
0.31091
0.25594
0.24828
0.34876
0.22497
0.28789
0.34190
0.27687
0.20399
0.23799
0.28247
0.30352
0.29771
0.31119
0.29071
0.23194
0.31169
0.27223
0.32513
0.30553
0.28620
0.14688
0.34252
0.32069
0.37016
0.34095
0.33216
0.40359
0.42204
0.27252
0.20583
0.30336
0.38260
0.27044
0.22702
0.30295
0.36082
0.25628
0.23782
0.33975
0.25236
0.27228
0.26650
0.32884
0.36493
0.39878
0.31989
0.32262
0.26463
0.37485
0.28870
0.32202
0.30974
0.36419
0.25151
0.20306
0.31416
0.44196
0.27129
0.39932
0.41828
0.22233
0.29739
0.36484
0.32906
0.28098
0.24232
0.30490
0.20748
0.29746
0.31163
0.29565
0.30927
0.36855
0.29179
0.30512
0.26561
0.19858
0.27086
0.41233
0.21803
0.11515
0.32939
0.17624
0.21284
0.40046
0.16377
0.23640
0.23610
0.28513
0.25653
0.44724
0.21429
0.34219
0.39267
0.24222
0.24932
0.22107
0.25393
0.23794
0.35731
0.19517
0.38605
0.35242
0.28188
0.24073
0.23703
0.35307
0.30264
0.22066
0.35897
0.41510
0.33416
0.30715
0.37391
0.38954
0.24646
0.28313
0.30089
0.40208
0.21660
0.24963
0.26022
0.37405
0.30236
0.25855
0.26146
0.31066
0.35859
0.26535
0.32133
0.35995
0.30827
0.28981
0.26174
0.40181
0.31203
0.27186
0.30314
0.30994
0.34802
0.27303
0.30214
0.23043
0.34212
0.26818
0.24474
0.33230
0.28757
0.24255
0.29942
0.21192
0.28724
0.23318
0.06743
0.17143
0.12914
0.29453
0.26581
0.21104
0.29762
0.31795
0.12868
0.03818
0.15269
0.05376
0.34970
0.25516
0.18012
0.26144
0.06602
0.11527
0.22249
0.18573
0.07182
0.11502
0.23171
0.28436
0.18705
0.21526
0.25922
0.05658
0.29523
0.15140
0.09613
0.04699
0.10567
0.29802
0.10629
0.24411
0.19677
0.26795
0.08862
0.04466
0.08765
0.09322
0.30204
0.06977
0.06932
0.16489
0.25111
0.11177
0.28555
0.23298
0.02071
0.25182
0.11184
0.02118
0.20893
0.19910
0.21003
0.06726
0.05934
0.21940
0.19703
0.26778
0.24735
0.03754
0.04801
0.15656
0.21414
0.10614
0.18979
0.12442
0.25188
0.21037
0.08727
0.27163
0.30221
0.07946
0.16327
0.11814
0.03965
0.03286
0.17081
0.07330
0.19283
0.23704
0.28603
0.20011
0.31820
0.18799
0.16941
0.15967
0.20697
0.21492
0.01360
0.24625
0.05340
0.08849
0.19139
0.24458
0.27676
0.23749
0.04529
0.05676
0.13415
0.15348
0.21556
0.27280
0.07175
0.19618
0.28333
0.14964
0.21849
0.09639
0.04345
0.03676
0.09486
0.06331
0.06172
0.26185
0.27356
0.13868
0.13333
0.05644
0.03417
0.04711
0.25116
