0.14841
0.09828
0.06976
0.25784
0.12047
0.15304
0.22314
0.17224
0.19226
0.10393
0.21116
0.13098
0.21172
0.15443
0.15297
0.22823
0.16285
0.14976
0.10951
0.16600
0.28449
0.19648
0.17081
0.09905
0.23853
0.18678
0.17671
0.27858
0.10099
0.20753
0.17482
0.26692
0.18075
0.10842
0.14167
0.09489
0.13140
0.15034
0.15861
0.21403
0.28097
0.28672
0.11470
0.14673
0.28366
0.25488
0.16187
0.27294
0.19602
0.16638
0.09876
0.16128
0.15635
0.30001
0.09510
0.22809
0.22768
0.16723
0.12896
0.11740
0.25929
0.29644
0.16101
0.23686
0.30229
0.29825
0.05290
0.19159
0.12214
0.04747
0.14163
0.30712
0.29283
0.20387
0.25569
0.16490
0.08032
0.03981
0.19487
0.15173
0.30798
0.21453
0.34120
0.25445
0.25667
0.34010
0.10081
0.14129
0.15722
0.25953
0.32657
0.18886
0.07537
0.24730
0.06585
0.16585
0.21874
0.23450
0.19114
0.17146
0.10893
0.20528
0.16078
0.14228
0.23898
0.27793
0.18557
0.22309
0.20316
0.25693
0.05856
0.26232
0.10521
0.25307
0.18110
0.19147
0.26413
0.09882
0.07826
0.18588
0.22569
0.08690
0.28202
0.04257
0.14629
0.17830
0.28334
0.26775
0.22678
0.25549
0.12878
0.15339
0.28852
0.35687
0.10341
0.18598
0.10296
0.29446
0.26618
0.06526
0.20282
0.06697
0.29521
0.20318
0.19328
0.27248
0.10299
0.35182
0.18286
0.09391
0.22269
0.29603
0.11503
0.30124
0.30930
0.33999
0.18980
0.14872
0.14783
0.14870
0.29052
0.23938
0.25335
0.30450
0.08954
0.15150
0.28771
0.23421
0.09816
0.25115
0.06835
0.22505
0.23614
0.07699
0.15587
0.22812
0.10311
0.07738
0.21433
0.29721
0.10310
0.10675
0.23565
0.19754
0.14898
0.16965
0.23641
0.24301
0.24715
0.24124
0.17040
0.11355
0.05618
0.15286
0.18645
0.26851
0.20913
0.18389
0.10169
0.26956
0.25460
0.15296
0.16261
0.18018
0.07869
0.24988
0.14558
0.24993
0.25611
0.10749
0.27348
0.23126
0.13465
0.25994
0.24766
0.26810
0.15834
0.28068
0.21874
0.30997
0.09184
0.23136
0.10075
0.13216
0.12085
0.09840
0.18930
0.19135
0.20389
0.08789
0.23569
0.13172
0.22652
0.17230
0.06390
0.28807
0.10847
0.04728
0.14048
0.27471
0.11573
0.29171
0.10413
0.10900
0.22279
0.21282
0.10587
0.08065
0.12860
0.10622
0.11737
0.14468
0.16769
0.25869
0.15836
0.15604
0.19321
0.13084
0.07861
0.13482
0.21931
0.16567
0.22025
0.20334
0.15849
0.26876
0.27404
0.09996
0.22395
0.09801
0.12750
0.13315
0.09877
0.06687
0.35814
0.16660
0.11451
0.20810
0.18374
0.10818
0.14724
0.34069
0.10694
0.14808
0.32836
0.12894
0.19358
0.20290
0.20485
0.19274
0.13585
0.10756
0.24456
0.20160
0.20017
0.10701
0.19927
0.20450
0.16364
0.16775
0.32680
0.31319
0.29413
0.19394
0.13614
0.30698
0.29046
0.32653
0.08303
0.26139
0.15124
0.27631
0.20491
0.11456
0.17905
0.15388
0.10674
0.25125
0.21915
0.07542
0.11824
0.10566
0.28577
0.15682
0.26483
0.16161
0.23641
0.25523
0.16081
0.05987
0.28569
0.23609
0.36528
0.26987
0.31110
0.23023
0.27183
0.28520
0.27652
0.24955
0.07631
0.08789
0.19254
0.24814
0.07196
0.10252
0.21834
0.17553
0.26548
0.17243
0.21153
0.14016
0.29215
0.26252
0.23142
0.20574
0.27785
0.17621
0.17080
0.32559
0.07814
0.24386
0.06544
0.11132
0.19642
0.05105
0.24784
0.31971
0.09674
0.10800
0.21726
0.24995
0.11783
0.08462
0.13190
0.08145
0.10149
0.11493
0.20434
0.12898
0.26469
0.20167
0.17514
0.13356
0.21047
0.29413
0.18438
0.27718
0.35492
0.18191
0.26350
0.30229
0.28840
0.31812
0.27281
0.23900
0.33140
0.21344
0.25496
0.23860
0.22820
0.30418
0.19983
0.37517
0.29620
0.27711
0.23842
0.25198
0.25650
0.34261
0.30877
0.27218
0.31224
0.31809
0.19521
0.29129
0.31561
0.27067
0.24677
0.24086
0.28670
0.32018
0.25299
0.19871
0.33819
0.24708
0.23805
0.31790
0.16723
0.31405
0.34759
0.28070
0.29685
0.34428
0.26541
0.23316
0.30910
0.31948
0.22104
0.30227
0.31094
0.27286
0.28694
0.28997
0.17688
0.31437
0.26711
0.28109
0.30385
0.28942
0.27877
0.17935
0.28276
0.35329
0.12936
0.27070
0.20650
0.19726
0.19834
0.35475
0.31364
0.32092
0.16758
0.34588
0.27163
0.28044
0.35440
0.31518
0.32835
0.28713
0.24474
0.27301
0.20056
0.35086
0.30392
0.23230
0.15789
0.32423
0.20546
0.26589
0.28564
0.24876
0.34285
0.32372
0.21925
0.31136
0.30219
0.17501
0.17206
0.30496
0.18448
0.17878
0.14036
0.27604
0.34085
0.25984
0.28240
0.24447
0.29499
0.21701
0.31633
0.26751
0.30704
0.19896
0.28585
0.31572
0.20816
0.17030
0.35012
0.30424
0.19489
0.32801
0.32004
0.27109
0.35801
0.31127
0.25157
0.25582
0.20258
0.28721
0.29338
0.25021
0.28323
0.24994
0.13976
0.30533
0.23316
0.30520
0.22540
0.28406
0.33349
0.29345
0.20934
0.25022
0.27847
0.20100
0.28043
0.21029
0.22417
0.24996
0.24020
0.22342
0.30250
0.32065
0.32435
0.25342
0.21501
0.32408
0.21581
0.19685
0.18305
0.28329
0.29837
0.17066
0.17639
0.29296
0.30226
0.20906
0.15512
0.19441
0.25734
0.20120
0.24350
0.26667
0.34451
0.18391
0.22403
0.27265
0.25723
0.17045
0.31602
0.24461
0.23994
0.38072
0.18224
0.29449
0.22495
0.34423
0.30528
0.25586
0.25246
0.29645
0.29184
0.20205
0.31256
0.27417
0.26050
0.29108
0.26980
0.33899
0.20618
0.25229
0.21435
0.34558
0.23726
0.27534
0.22843
0.23230
0.27387
0.25244
0.22623
0.26227
0.24030
0.32355
0.19572
0.32251
0.23318
0.28760
0.29200
0.28559
0.29523
0.13938
0.23166
0.32166
0.32476
0.25255
0.30300
0.29505
0.25870
0.23991
0.21912
0.30669
0.28887
0.27860
0.25781
0.19248
0.29654
0.31114
0.26336
0.27507
0.22741
0.33933
0.28111
0.19813
0.23131
0.29373
0.29308
0.31120
0.25517
0.22743
0.34901
0.33393
0.14314
0.23425
0.30998
0.27650
0.26506
0.32152
0.34114
0.23864
0.19901
0.21214
0.26211
0.30157
0.34841
0.28475
0.29365
0.31548
0.23428
0.26188
0.28505
0.27633
0.16597
0.32530
0.20704
0.24705
0.34465
0.30225
0.24878
0.23879
0.24234
0.30410
0.37159
0.34269
0.24931
0.27432
0.20341
0.31875
0.29940
0.12571
0.24323
0.20662
0.21248
0.30276
0.22510
0.25945
0.25075
0.28403
0.20649
0.21166
0.21597
0.32494
0.26898
0.26840
0.19384
0.26672
0.25007
0.21863
0.20178
0.33718
0.27428
0.34203
0.24501
0.21680
0.26600
0.25420
0.22549
0.27583
0.17067
0.31704
0.24333
0.34113
0.27220
0.31725
0.35193
0.26530
0.29916
0.32920
0.18143
0.23877
0.32144
0.20462
0.28935
0.30627
0.28983
0.34458
0.37197
0.29017
0.32576
0.28129
0.29583
0.30505
0.34044
0.28412
0.27589
0.31838
0.32649
0.30253
0.32242
0.37762
0.23581
0.22874
0.33221
0.21686
0.31309
0.32085
0.23833
0.24552
0.36073
0.23977
0.27925
0.28488
0.25249
0.23430
0.23954
0.26359
0.26399
0.29208
0.31696
0.29194
0.25195
0.30331
0.27734
0.32641
0.30195
0.26536
0.12177
0.30678
0.33544
0.35689
0.32256
0.31508
0.41351
0.41564
0.27470
0.16400
0.31026
0.38454
0.29487
0.19631
0.31072
0.33682
0.23612
0.21331
0.31784
0.24878
0.26465
0.26522
0.33208
0.35244
0.44658
0.29435
0.30036
0.30082
0.38585
0.28301
0.27142
0.30133
0.33566
0.27845
0.17365
0.31960
0.45974
0.24831
0.40804
0.42463
0.21823
0.30482
0.35985
0.30455
0.29131
0.23686
0.26488
0.20315
0.29228
0.29617
0.30706
0.29207
0.38612
0.27494
0.28017
0.25188
0.19202
0.27344
0.39783
0.24785
0.12956
0.33302
0.17286
0.21731
0.42053
0.15300
0.22040
0.19815
0.25225
0.20547
0.42494
0.19266
0.32007
0.40909
0.26253
0.24316
0.25790
0.27250
0.24056
0.36906
0.15536
0.37845
0.36085
0.24339
0.23657
0.23362
0.33240
0.28008
0.19024
0.34980
0.42187
0.32063
0.30860
0.34143
0.37075
0.20810
0.27796
0.30963
0.38176
0.20713
0.20646
0.20966
0.33966
0.27407
0.25627
0.24382
0.30755
0.38076
0.22571
0.28357
0.33485
0.29245
0.28895
0.24394
0.37090
0.27429
0.26287
0.28651
0.29761
0.34915
0.27861
0.28527
0.24020
0.32924
0.24914
0.26073
0.30887
0.28024
0.22450
0.25574
0.18035
0.30570
0.21831
0.07654
0.14522
0.18975
0.25723
0.29257
0.21927
0.24240
0.34893
0.26505
0.11806
0.21646
0.09955
0.28705
0.23442
0.21520
0.30415
0.07612
0.10960
0.19397
0.21660
0.15804
0.09437
0.24954
0.23686
0.15289
0.20731
0.26866
0.11781
0.30172
0.24737
0.13757
0.10749
0.15655
0.24577
0.08874
0.23754
0.19746
0.29715
0.09969
0.06410
0.09956
0.10459
0.25257
0.15881
0.14709
0.20084
0.30636
0.15175
0.26994
0.21461
0.12080
0.26940
0.10139
0.09299
0.28163
0.17589
0.25671
0.12995
0.14663
0.20703
0.19482
0.26990
0.25647
0.06247
0.13465
0.15213
0.21258
0.19328
0.23568
0.16796
0.26258
0.21454
0.14014
0.28136
0.24530
0.10602
0.06869
0.17910
0.12593
0.08674
0.28264
0.12859
0.21376
0.23735
0.25690
0.19126
0.32885
0.25076
0.29337
0.22061
0.26659
0.17943
0.15513
0.24622
0.11644
0.16582
0.20249
0.24312
0.23772
0.22284
0.05876
0.10693
0.22007
0.21962
0.26525
0.28978
0.10710
0.23061
0.31542
0.10744
0.25015
0.17803
0.04885
0.10455
0.12496
0.11236
0.14518
0.24386
0.26933
0.13149
0.17672
0.07184
0.07852
0.11910
0.26549
