0.07404
0.09247
0.04907
0.25729
0.11610
0.12920
0.24363
0.17114
0.15409
0.05510
0.21122
0.16309
0.16004
0.12495
0.10363
0.24916
0.11506
0.13918
0.07697
0.17283
0.27898
0.11063
0.14546
0.06575
0.25343
0.14515
0.11776
0.21143
0.08048
0.15703
0.13894
0.21006
0.15596
0.11123
0.05994
0.09830
0.15135
0.06417
0.10571
0.14714
0.31283
0.30119
0.09732
0.12687
0.31507
0.21633
0.20674
0.22436
0.18699
0.12938
0.09782
0.14222
0.12481
0.24573
0.08636
0.20868
0.23060
0.14366
0.17443
0.08794
0.26296
0.28498
0.11582
0.20696
0.27509
0.30816
0.03428
0.15259
0.07978
0.03585
0.16959
0.31695
0.27023
0.19756
0.23596
0.09804
0.06199
0.03705
0.20123
0.18695
0.30546
0.14693
0.36609
0.28234
0.24842
0.31477
0.10972
0.13514
0.12216
0.24832
0.34341
0.13321
0.09472
0.18451
0.04935
0.15195
0.19383
0.21584
0.21145
0.16904
0.09394
0.22277
0.11909
0.12365
0.22965
0.28255
0.14029
0.16581
0.13139
0.26736
0.02868
0.26405
0.06486
0.23577
0.11641
0.15742
0.25130
0.04626
0.05255
0.13144
0.19908
0.08630
0.28762
0.02752
0.08460
0.16780
0.22422
0.17585
0.14379
0.26640
0.07546
0.11724
0.28245
0.31752
0.10204
0.11326
0.04229
0.28695
0.27176
0.06146
0.15906
0.04999
0.32263
0.14062
0.15252
0.25537
0.08207
0.36880
0.14372
0.09475
0.15551
0.26305
0.10755
0.33847
0.31104
0.33639
0.09622
0.20234
0.14982
0.16365
0.20208
0.29525
0.23253
0.32380
0.09450
0.08580
0.29325
0.27452
0.06214
0.24251
0.05081
0.25338
0.21364
0.04311
0.08784
0.22011
0.05385
0.06931
0.15524
0.28678
0.04494
0.11586
0.21487
0.14629
0.08622
0.15813
0.21864
0.27042
0.26388
0.14577
0.11430
0.04591
0.05652
0.12411
0.13817
0.24372
0.18963
0.14981
0.08419
0.24614
0.24087
0.06552
0.20364
0.14520
0.05259
0.19481
0.11993
0.22186
0.24727
0.09749
0.25856
0.22796
0.10502
0.24274
0.28055
0.22476
0.12645
0.21556
0.19993
0.36169
0.11033
0.14965
0.10913
0.07296
0.07759
0.04060
0.12627
0.14731
0.12461
0.05470
0.18679
0.08909
0.27025
0.11784
0.05035
0.25302
0.11269
0.05304
0.11280
0.18773
0.07084
0.27740
0.08960
0.11859
0.11534
0.20347
0.11317
0.03699
0.12310
0.10884
0.09700
0.11202
0.10003
0.27550
0.15550
0.16173
0.21244
0.03990
0.07059
0.14987
0.21397
0.14683
0.21149
0.13417
0.11300
0.19847
0.24775
0.09924
0.16620
0.06142
0.06214
0.12880
0.05610
0.04177
0.33440
0.14731
0.07621
0.19933
0.15618
0.07415
0.12480
0.34969
0.11123
0.08179
0.30094
0.11435
0.20371
0.15382
0.16729
0.13216
0.07394
0.06279
0.18769
0.20767
0.17082
0.10472
0.17768
0.13940
0.15128
0.17723
0.33371
0.29940
0.25322
0.14581
0.12188
0.28994
0.31572
0.33054
0.03660
0.26516
0.10624
0.24880
0.14340
0.06706
0.15662
0.10815
0.11175
0.15376
0.25712
0.06363
0.05465
0.05495
0.27518
0.15135
0.25333
0.12832
0.19638
0.17090
0.12893
0.06033
0.30874
0.23254
0.31499
0.23298
0.28885
0.22407
0.24429
0.30912
0.26251
0.23703
0.04071
0.09506
0.11416
0.22421
0.05442
0.07082
0.19882
0.15374
0.21334
0.11266
0.19426
0.09948
0.28316
0.26100
0.24662
0.20861
0.31964
0.15478
0.16548
0.32502
0.04661
0.21997
0.07037
0.09382
0.18012
0.04815
0.24443
0.27704
0.08530
0.05774
0.12379
0.25482
0.13823
0.04597
0.08349
0.05773
0.07668
0.10918
0.22852
0.05876
0.27606
0.12075
0.17372
0.07588
0.18351
0.30845
0.20328
0.26932
0.36672
0.18607
0.30617
0.32639
0.29325
0.31475
0.29275
0.22120
0.36360
0.25137
0.25224
0.24773
0.24474
0.30571
0.20426
0.38382
0.32347
0.23786
0.23087
0.26393
0.26759
0.35595
0.28834
0.25300
0.32641
0.33305
0.21427
0.25465
0.33743
0.28935
0.22467
0.25372
0.29088
0.30905
0.25816
0.20373
0.35909
0.27445
0.24066
0.33173
0.20194
0.30633
0.36096
0.30771
0.28940
0.30368
0.28604
0.25320
0.28203
0.35122
0.20872
0.27875
0.32735
0.25391
0.25850
0.32209
0.21998
0.28912
0.26454
0.28812
0.31451
0.29474
0.25582
0.19623
0.28064
0.37589
0.15181
0.30110
0.22981
0.21312
0.20752
0.36896
0.29655
0.34164
0.15608
0.35967
0.27791
0.29232
0.38023
0.32015
0.31340
0.30617
0.24481
0.28822
0.17445
0.36924
0.28804
0.23441
0.15976
0.32240
0.19687
0.26582
0.29228
0.26236
0.35196
0.32682
0.22682
0.32695
0.32772
0.17062
0.18028
0.29148
0.16560
0.20456
0.14256
0.29555
0.32759
0.26261
0.26316
0.24050
0.30031
0.23170
0.29282
0.27095
0.27278
0.21638
0.28631
0.27449
0.20478
0.17206
0.35948
0.30979
0.22659
0.33328
0.32402
0.23137
0.36296
0.31645
0.24722
0.25806
0.20129
0.29438
0.30921
0.28491
0.28638
0.26135
0.16338
0.32161
0.22191
0.28252
0.23194
0.26708
0.31571
0.29458
0.20211
0.20526
0.30199
0.20455
0.28393
0.19895
0.25215
0.23365
0.23654
0.19666
0.32189
0.32517
0.31927
0.25234
0.20800
0.33619
0.21507
0.21104
0.21002
0.30613
0.30498
0.15718
0.17197
0.28534
0.27299
0.22174
0.15390
0.22619
0.27517
0.23595
0.22418
0.26062
0.30319
0.17143
0.26070
0.27251
0.27486
0.18347
0.30547
0.28856
0.24318
0.36806
0.18509
0.30800
0.23362
0.37935
0.32683
0.26298
0.26895
0.29937
0.27041
0.20104
0.31193
0.29431
0.27181
0.28427
0.28714
0.35092
0.24078
0.28917
0.25429
0.35544
0.23419
0.29148
0.22679
0.28409
0.28028
0.26482
0.19660
0.24015
0.27521
0.29311
0.22588
0.33166
0.26087
0.27651
0.30648
0.28386
0.29222
0.14605
0.22602
0.33498
0.34177
0.26380
0.24790
0.29083
0.24580
0.24311
0.23500
0.30610
0.28650
0.26473
0.25478
0.19777
0.29364
0.31919
0.26736
0.26963
0.20361
0.34334
0.28083
0.20589
0.21740
0.28711
0.30023
0.28097
0.26889
0.26882
0.36369
0.36499
0.16091
0.22401
0.32565
0.27799
0.27490
0.31600
0.34536
0.24220
0.21263
0.18120
0.24904
0.28154
0.36830
0.30176
0.29071
0.28149
0.23843
0.23657
0.30656
0.28657
0.18250
0.33881
0.23369
0.23749
0.34201
0.31961
0.25019
0.26160
0.24969
0.29696
0.32955
0.35000
0.25625
0.28571
0.20346
0.31382
0.31789
0.12522
0.28540
0.18757
0.25782
0.27831
0.22215
0.27916
0.24613
0.26952
0.22180
0.23731
0.25238
0.35655
0.28641
0.25705
0.21561
0.31065
0.24278
0.23754
0.21900
0.33619
0.29696
0.34838
0.27391
0.25448
0.28462
0.26565
0.23208
0.28701
0.19534
0.33549
0.28315
0.34524
0.28772
0.29325
0.35344
0.27992
0.25884
0.29491
0.18788
0.22654
0.29623
0.23576
0.28907
0.32095
0.27534
0.32333
0.39034
0.31124
0.33080
0.27073
0.30957
0.28071
0.37394
0.25126
0.29150
0.33225
0.32530
0.28970
0.34444
0.40888
0.23108
0.26330
0.33780
0.24892
0.31474
0.33134
0.24639
0.26564
0.35569
0.23750
0.26853
0.31900
0.27985
0.22885
0.25308
0.27604
0.28816
0.30242
0.32117
0.29362
0.23974
0.29623
0.28023
0.30965
0.27965
0.28362
0.15098
0.34260
0.33836
0.36728
0.30766
0.31718
0.35758
0.39296
0.27453
0.19229
0.31242
0.40089
0.27411
0.20746
0.30843
0.32267
0.24313
0.24529
0.33740
0.25434
0.26482
0.23263
0.35536
0.33982
0.38628
0.29815
0.32159
0.31384
0.40009
0.28834
0.30082
0.32185
0.37841
0.29446
0.19612
0.31569
0.44980
0.25402
0.40626
0.38279
0.22425
0.30024
0.35131
0.29413
0.29029
0.26145
0.31223
0.23501
0.30846
0.29417
0.31181
0.31268
0.38883
0.29601
0.29875
0.25283
0.18998
0.27234
0.39367
0.19154
0.12117
0.35009
0.13891
0.20108
0.40758
0.15000
0.23645
0.20808
0.28567
0.24607
0.47029
0.19599
0.34511
0.39889
0.24232
0.25112
0.25828
0.25151
0.20939
0.37102
0.17190
0.37991
0.36082
0.27077
0.23160
0.25218
0.35386
0.28904
0.22004
0.35922
0.42874
0.31437
0.28473
0.38059
0.36693
0.23681
0.25921
0.28719
0.39880
0.19968
0.24019
0.22910
0.35963
0.27992
0.26177
0.28889
0.32653
0.35088
0.25591
0.29030
0.34994
0.30598
0.30242
0.24888
0.40558
0.30602
0.28102
0.30495
0.32584
0.34965
0.26626
0.31649
0.24009
0.33177
0.25727
0.25550
0.33504
0.31120
0.26224
0.28143
0.22019
0.34555
0.23476
0.06851
0.12940
0.22229
0.22814
0.24893
0.19903
0.23508
0.35815
0.24555
0.07411
0.15945
0.05263
0.24195
0.18901
0.18923
0.28566
0.05415
0.09012
0.19468
0.16587
0.09409
0.10183
0.20032
0.27517
0.12725
0.21546
0.24716
0.04167
0.30496
0.17421
0.08640
0.04971
0.17754
0.29020
0.16464
0.23227
0.21142
0.32391
0.07324
0.06405
0.11457
0.07088
0.25797
0.13635
0.13443
0.20244
0.29361
0.10425
0.28045
0.20489
0.03086
0.29570
0.06526
0.07456
0.31321
0.19120
0.30020
0.10271
0.04461
0.20467
0.20242
0.23891
0.22792
0.04304
0.06317
0.17475
0.21215
0.20870
0.19361
0.10208
0.20099
0.18465
0.09852
0.22596
0.28825
0.07645
0.16139
0.14791
0.08049
0.03584
0.24940
0.10331
0.19188
0.23575
0.18863
0.20092
0.31235
0.21771
0.24128
0.18476
0.20451
0.21956
0.03645
0.29157
0.12997
0.05645
0.17664
0.22073
0.22110
0.23540
0.05932
0.12156
0.14064
0.15749
0.24524
0.28681
0.08023
0.19982
0.30074
0.16166
0.21937
0.12529
0.05555
0.03966
0.11923
0.04330
0.05735
0.22612
0.24719
0.07190
0.03687
0.01546
0.08086
0.05909
0.28286
