0.18263
0.17859
0.16749
0.25122
0.14593
0.16132
0.24694
0.15590
0.18055
0.15278
0.25098
0.20578
0.18780
0.18304
0.17871
0.22197
0.15965
0.13831
0.15018
0.21516
0.25873
0.18401
0.16806
0.10464
0.24308
0.19080
0.20786
0.23603
0.16964
0.16732
0.15234
0.24987
0.24772
0.15798
0.15047
0.12384
0.17779
0.11992
0.24644
0.20841
0.29592
0.28290
0.21105
0.17842
0.28339
0.25561
0.17177
0.27650
0.20213
0.21335
0.18228
0.16714
0.18494
0.27488
0.14964
0.24116
0.25861
0.17718
0.21552
0.11662
0.24169
0.31032
0.20772
0.24783
0.26977
0.31322
0.13756
0.18811
0.19935
0.08976
0.23303
0.29371
0.35508
0.23477
0.26191
0.15581
0.16371
0.10374
0.19717
0.21880
0.29890
0.21712
0.33436
0.26528
0.23475
0.34722
0.15377
0.16924
0.16015
0.22936
0.34096
0.19809
0.12657
0.26733
0.15829
0.21858
0.19315
0.24963
0.23249
0.19049
0.15954
0.22331
0.19432
0.19097
0.23526
0.29851
0.20736
0.21996
0.17802
0.24447
0.12808
0.25158
0.18050
0.24090
0.17570
0.17250
0.26217
0.13853
0.14865
0.17440
0.21883
0.17014
0.29080
0.13826
0.14826
0.18634
0.28471
0.27493
0.18833
0.25652
0.15101
0.16608
0.27205
0.32965
0.16104
0.19424
0.15609
0.27481
0.23710
0.10240
0.17209
0.14336
0.29731
0.23480
0.26959
0.27486
0.15335
0.35672
0.20236
0.13586
0.25419
0.32420
0.18958
0.31685
0.30963
0.33572
0.14429
0.18475
0.19987
0.22544
0.28986
0.28702
0.28191
0.33056
0.14324
0.17475
0.32077
0.25477
0.12608
0.29202
0.14975
0.24817
0.22523
0.11604
0.12425
0.25208
0.17235
0.19718
0.22851
0.29727
0.13488
0.15406
0.20634
0.21790
0.15496
0.25806
0.25238
0.24099
0.24637
0.20827
0.19020
0.14110
0.10237
0.18875
0.24445
0.22873
0.23983
0.21867
0.16401
0.30075
0.22322
0.15392
0.20751
0.23953
0.10075
0.23646
0.16746
0.27391
0.25361
0.18456
0.27300
0.24881
0.18395
0.25787
0.24955
0.24174
0.20031
0.26125
0.23911
0.34501
0.18100
0.19060
0.18757
0.09704
0.12332
0.14069
0.22361
0.24877
0.18117
0.18721
0.25123
0.17225
0.30147
0.15930
0.17260
0.26327
0.15487
0.16641
0.21725
0.24350
0.17486
0.28391
0.17446
0.15176
0.22501
0.22764
0.20341
0.11060
0.18497
0.17409
0.14713
0.17549
0.13003
0.23742
0.20227
0.21239
0.20579
0.11738
0.18346
0.19681
0.20884
0.17039
0.25194
0.20051
0.21903
0.25049
0.30283
0.13877
0.18722
0.12377
0.19166
0.19058
0.11406
0.13128
0.36524
0.19007
0.13648
0.25215
0.19193
0.21610
0.17983
0.34101
0.20744
0.14185
0.30105
0.18331
0.23399
0.21317
0.26710
0.27943
0.12893
0.14410
0.22116
0.21403
0.21657
0.18885
0.20818
0.23534
0.19525
0.22228
0.34299
0.30465
0.28055
0.17735
0.15871
0.30081
0.31389
0.34753
0.15769
0.26332
0.18693
0.29033
0.21370
0.13431
0.18048
0.17898
0.20018
0.29484
0.27424
0.17556
0.14676
0.16237
0.26906
0.23781
0.28498
0.19481
0.22484
0.25938
0.13773
0.12442
0.24721
0.30419
0.36839
0.24829
0.30021
0.24017
0.24774
0.31527
0.26206
0.21538
0.14903
0.12831
0.18525
0.22966
0.08371
0.13039
0.24303
0.17795
0.27126
0.16249
0.21542
0.26294
0.27594
0.25767
0.23552
0.22744
0.32352
0.22228
0.20045
0.34073
0.11792
0.22498
0.13379
0.17594
0.24538
0.18977
0.26242
0.33510
0.18268
0.14384
0.23319
0.28144
0.16725
0.16215
0.10276
0.16904
0.14310
0.21788
0.19853
0.18116
0.26841
0.17854
0.19359
0.15396
0.18829
0.28341
0.22641
0.27857
0.34863
0.18528
0.27549
0.31332
0.31602
0.33448
0.27515
0.24437
0.33866
0.26962
0.24692
0.26075
0.21210
0.31245
0.20805
0.35946
0.30327
0.26226
0.26887
0.26746
0.27446
0.35734
0.30314
0.25580
0.32214
0.32241
0.21981
0.27759
0.31789
0.28866
0.24821
0.24190
0.32054
0.30740
0.29415
0.21227
0.33967
0.28091
0.26702
0.32098
0.17688
0.31415
0.34870
0.31563
0.31552
0.31679
0.31165
0.26151
0.30198
0.32961
0.25590
0.29066
0.32280
0.27384
0.29562
0.30008
0.21042
0.28658
0.27615
0.27056
0.30018
0.27922
0.28115
0.20327
0.27784
0.36043
0.16307
0.28879
0.24861
0.24186
0.19283
0.37284
0.30328
0.30714
0.18815
0.34691
0.27855
0.29721
0.36168
0.30463
0.30774
0.29359
0.24264
0.27721
0.18748
0.33863
0.28810
0.23112
0.17703
0.32588
0.21332
0.26206
0.29095
0.25295
0.33730
0.31704
0.22779
0.31397
0.31319
0.16999
0.19833
0.29341
0.20236
0.19900
0.16341
0.28060
0.32267
0.28444
0.28936
0.24988
0.31259
0.21262
0.31406
0.28317
0.30722
0.21002
0.27408
0.29905
0.24468
0.17974
0.36107
0.28028
0.20088
0.31599
0.30548
0.26273
0.34794
0.31955
0.23229
0.29291
0.21326
0.28086
0.28600
0.24660
0.27086
0.23650
0.17770
0.31768
0.24502
0.29490
0.22788
0.28970
0.31678
0.28129
0.22493
0.18225
0.28054
0.20223
0.31529
0.20655
0.23659
0.24276
0.22909
0.22846
0.32202
0.31264
0.29739
0.26583
0.21306
0.30469
0.20967
0.23374
0.22128
0.27872
0.29904
0.16720
0.19701
0.27957
0.30200
0.22466
0.17307
0.20637
0.25693
0.25789
0.24457
0.27514
0.33029
0.19413
0.25112
0.26427
0.27607
0.19687
0.27703
0.28018
0.26385
0.38450
0.20468
0.29453
0.25519
0.35766
0.29793
0.28396
0.28577
0.28781
0.27265
0.21323
0.31146
0.28452
0.27202
0.28425
0.27284
0.33594
0.25021
0.26582
0.22911
0.32841
0.25520
0.32558
0.23048
0.26708
0.27041
0.26703
0.23847
0.26071
0.26831
0.32493
0.22335
0.31872
0.24534
0.28801
0.27524
0.28749
0.27506
0.16474
0.24000
0.32483
0.33501
0.27698
0.30200
0.32083
0.24950
0.22779
0.23317
0.29458
0.30561
0.31037
0.26498
0.20203
0.29126
0.30888
0.27636
0.27397
0.22129
0.31160
0.29923
0.23070
0.21446
0.27569
0.30004
0.31382
0.27399
0.24391
0.34984
0.34721
0.16323
0.26856
0.29667
0.25674
0.28096
0.32264
0.31739
0.22462
0.20714
0.19056
0.28627
0.26316
0.34882
0.29794
0.30484
0.28803
0.25205
0.26606
0.26257
0.26832
0.19103
0.32007
0.20946
0.24114
0.32768
0.30613
0.27013
0.25678
0.25770
0.28042
0.33976
0.32550
0.25230
0.26851
0.19423
0.31451
0.28698
0.14276
0.29318
0.20532
0.24816
0.29439
0.22620
0.27473
0.24729
0.25215
0.23819
0.26430
0.24260
0.32750
0.26680
0.28693
0.20864
0.27609
0.24819
0.23112
0.25479
0.31926
0.29414
0.33978
0.24690
0.25948
0.28336
0.26894
0.25218
0.26353
0.19851
0.30990
0.28115
0.32109
0.26526
0.29557
0.33518
0.25142
0.27988
0.31083
0.17433
0.20923
0.31630
0.24212
0.30732
0.28332
0.27515
0.33626
0.37324
0.30746
0.31997
0.27019
0.30928
0.27163
0.33958
0.24781
0.26643
0.32151
0.30541
0.31460
0.30132
0.38604
0.22801
0.29012
0.29061
0.25326
0.29655
0.32435
0.23999
0.25428
0.33851
0.22558
0.27618
0.31567
0.29428
0.24670
0.25902
0.26588
0.28793
0.26218
0.32872
0.28717
0.24756
0.29309
0.27288
0.31615
0.29505
0.26414
0.16374
0.33334
0.30585
0.35392
0.31124
0.31367
0.36908
0.41829
0.27102
0.21318
0.31584
0.39485
0.26994
0.22955
0.30166
0.34405
0.24280
0.18770
0.32989
0.24575
0.28028
0.23669
0.31924
0.36554
0.39600
0.31792
0.29783
0.25436
0.38052
0.30555
0.30138
0.30281
0.38456
0.26631
0.22502
0.30248
0.42413
0.25763
0.36768
0.38199
0.20447
0.24897
0.36186
0.29988
0.31444
0.25447
0.28331
0.22159
0.29339
0.27388
0.29799
0.31225
0.37114
0.27607
0.28012
0.26097
0.21647
0.24747
0.38823
0.23720
0.16080
0.35006
0.12631
0.21969
0.41153
0.16267
0.26346
0.24739
0.25889
0.24509
0.42487
0.20023
0.30762
0.38413
0.24608
0.25399
0.22107
0.26485
0.24339
0.34231
0.18840
0.37967
0.34429
0.21831
0.23375
0.24610
0.35078
0.27069
0.21298
0.36177
0.42115
0.31379
0.28304
0.33897
0.35140
0.20541
0.26585
0.31544
0.37560
0.23450
0.25006
0.25599
0.35300
0.27981
0.24038
0.26094
0.34792
0.37570
0.24235
0.31828
0.33331
0.31119
0.30345
0.25292
0.40817
0.27529
0.32395
0.28075
0.28247
0.33207
0.26144
0.30218
0.23507
0.32604
0.26621
0.23151
0.28369
0.30589
0.20431
0.27149
0.22231
0.33658
0.22257
0.14601
0.20064
0.20816
0.23832
0.28111
0.20324
0.25567
0.39881
0.27959
0.17308
0.21171
0.08574
0.32145
0.27182
0.21684
0.24596
0.09382
0.21466
0.17221
0.20307
0.17539
0.19450
0.23760
0.27395
0.12178
0.24766
0.25682
0.09324
0.33273
0.26450
0.19452
0.11943
0.16903
0.27927
0.19547
0.21792
0.20474
0.26897
0.14346
0.14331
0.18712
0.12453
0.29954
0.20143
0.24183
0.26452
0.28492
0.17866
0.31833
0.23302
0.09967
0.26268
0.13246
0.19196
0.29783
0.18650
0.27432
0.18559
0.09827
0.20726
0.18210
0.26903
0.24107
0.14507
0.15190
0.15229
0.24422
0.24969
0.26954
0.25763
0.20146
0.17379
0.23331
0.30634
0.26071
0.23386
0.20891
0.25098
0.15544
0.10972
0.22230
0.24555
0.19010
0.25166
0.23395
0.20701
0.31510
0.25064
0.27464
0.22412
0.19177
0.17568
0.14603
0.24837
0.17830
0.18083
0.23845
0.23788
0.31686
0.27201
0.18785
0.15153
0.21323
0.20783
0.23328
0.27769
0.15849
0.24995
0.31071
0.19767
0.25307
0.21187
0.15973
0.14134
0.21548
0.16640
0.18154
0.28152
0.23411
0.22041
0.20031
0.14370
0.15616
0.11952
0.26623
