0.14873
0.13364
0.09444
0.24100
0.12386
0.12180
0.22967
0.16913
0.15372
0.08647
0.18378
0.14209
0.17776
0.12046
0.13729
0.21771
0.15211
0.15275
0.10566
0.12186
0.30930
0.13851
0.21518
0.11947
0.23380
0.17268
0.13289
0.25382
0.14513
0.17855
0.16585
0.27035
0.18221
0.11210
0.11449
0.09836
0.12402
0.11285
0.14999
0.16396
0.28379
0.27969
0.09253
0.17356
0.29283
0.23077
0.16179
0.27028
0.23823
0.19903
0.10108
0.15026
0.12882
0.31349
0.09082
0.23460
0.24928
0.15888
0.16186
0.09999
0.28997
0.29566
0.16536
0.17568
0.28586
0.32033
0.06322
0.20043
0.16278
0.05722
0.13808
0.31528
0.32688
0.20481
0.28426
0.15289
0.10629
0.06656
0.24155
0.15114
0.33618
0.25283
0.32610
0.25124
0.29034
0.35272
0.09746
0.10020
0.16863
0.26867
0.33647
0.19207
0.10995
0.28329
0.10127
0.20734
0.20829
0.22337
0.19900
0.15987
0.09555
0.18591
0.11940
0.13181
0.24169
0.26583
0.18214
0.16256
0.20264
0.28355
0.07125
0.27581
0.11757
0.25069
0.13549
0.15388
0.28706
0.06703
0.11298
0.18501
0.25723
0.09153
0.30360
0.06015
0.11744
0.17841
0.29126
0.28921
0.20502
0.25352
0.12662
0.19226
0.31726
0.36807
0.12446
0.17879
0.09372
0.29165
0.24819
0.07617
0.15251
0.06770
0.29017
0.19522
0.18444
0.24646
0.13083
0.36246
0.18719
0.08973
0.21531
0.25851
0.11723
0.32176
0.29360
0.31369
0.14154
0.17100
0.14690
0.24728
0.29522
0.26850
0.27702
0.33198
0.09798
0.12878
0.32416
0.28083
0.13093
0.26237
0.09867
0.25142
0.25445
0.05206
0.12667
0.19424
0.07159
0.10852
0.20915
0.26757
0.06631
0.10275
0.22844
0.16499
0.11901
0.17338
0.23814
0.25263
0.24593
0.18032
0.16602
0.11469
0.06752
0.15989
0.19205
0.24479
0.24432
0.23369
0.12275
0.27529
0.18113
0.10814
0.19309
0.16455
0.06876
0.23380
0.13555
0.22671
0.25490
0.11549
0.26420
0.22859
0.16000
0.25079
0.25960
0.23184
0.14514
0.28754
0.22333
0.34518
0.11047
0.19949
0.12855
0.11734
0.10117
0.08512
0.17907
0.24089
0.18044
0.12661
0.23071
0.15157
0.27328
0.16590
0.07161
0.26609
0.13592
0.08616
0.10985
0.26649
0.12487
0.30608
0.12499
0.11383
0.20653
0.20623
0.10903
0.07649
0.12916
0.10099
0.16488
0.14164
0.10651
0.24677
0.12874
0.18057
0.16736
0.13479
0.13992
0.15429
0.14415
0.19075
0.19638
0.21387
0.18934
0.25271
0.30796
0.09728
0.18613
0.13644
0.15463
0.14944
0.08296
0.08665
0.36005
0.19172
0.10353
0.21075
0.17041
0.09375
0.16803
0.34558
0.11969
0.14396
0.28794
0.12986
0.21161
0.21126
0.16902
0.18969
0.12777
0.11170
0.20795
0.21250
0.16239
0.11610
0.17967
0.24938
0.19166
0.16000
0.30664
0.29956
0.26851
0.18700
0.09699
0.31778
0.31383
0.30904
0.07023
0.27148
0.13904
0.30332
0.16723
0.10266
0.18008
0.17091
0.11628
0.26626
0.21666
0.13727
0.08347
0.07645
0.24849
0.22391
0.24164
0.11581
0.23703
0.21937
0.14792
0.09017
0.27357
0.24468
0.38043
0.27025
0.30789
0.23183
0.24210
0.29458
0.26146
0.28338
0.10589
0.11344
0.17377
0.22401
0.09346
0.14334
0.22715
0.17026
0.24595
0.10764
0.18421
0.19926
0.26444
0.27928
0.26562
0.19290
0.27905
0.15396
0.15731
0.31972
0.13584
0.16479
0.05851
0.13443
0.17965
0.07714
0.24448
0.33670
0.09932
0.08783
0.17845
0.27287
0.11604
0.07736
0.06995
0.09782
0.11563
0.12743
0.19403
0.14366
0.27753
0.19914
0.18989
0.10349
0.15474
0.29800
0.17614
0.25994
0.35141
0.17456
0.27841
0.30197
0.27699
0.31500
0.28419
0.23201
0.34615
0.25595
0.25320
0.28676
0.19890
0.28079
0.20152
0.37602
0.33776
0.22608
0.24280
0.24812
0.25202
0.35021
0.27006
0.26305
0.29782
0.32915
0.20990
0.25634
0.32456
0.26257
0.23061
0.24071
0.26918
0.30883
0.21592
0.21696
0.33004
0.26483
0.20473
0.29875
0.18903
0.28968
0.34549
0.28257
0.27501
0.31829
0.29009
0.22406
0.25808
0.33433
0.18104
0.28826
0.33242
0.26279
0.29114
0.28458
0.18947
0.30217
0.26564
0.27205
0.30434
0.29133
0.24126
0.19255
0.28532
0.35772
0.13175
0.27124
0.19275
0.17438
0.19032
0.35795
0.28631
0.31772
0.16578
0.34316
0.26979
0.27296
0.36011
0.31950
0.29969
0.28129
0.23838
0.27907
0.18356
0.33681
0.30137
0.24918
0.15861
0.32718
0.19630
0.23501
0.29906
0.24582
0.35291
0.33734
0.19733
0.32635
0.31519
0.17472
0.16297
0.30614
0.18023
0.18448
0.14095
0.30387
0.32349
0.26376
0.26542
0.24675
0.30115
0.19719
0.31634
0.25497
0.28079
0.21262
0.28580
0.30429
0.21465
0.17735
0.34782
0.30186
0.18377
0.32455
0.32885
0.23290
0.34494
0.31123
0.23709
0.26375
0.19870
0.29981
0.28803
0.26564
0.26715
0.25836
0.15432
0.31442
0.21236
0.26872
0.22082
0.28353
0.33222
0.28131
0.19617
0.20884
0.26049
0.21081
0.30035
0.18675
0.25099
0.20207
0.21019
0.22087
0.29077
0.31890
0.31985
0.24009
0.21514
0.32841
0.21027
0.18182
0.19417
0.31857
0.30849
0.16417
0.18379
0.27506
0.27800
0.20176
0.16594
0.22764
0.25618
0.21927
0.24122
0.25018
0.32326
0.17722
0.19575
0.27009
0.29038
0.19172
0.30178
0.26141
0.26139
0.35085
0.19694
0.31246
0.23661
0.35199
0.31064
0.25606
0.26525
0.29358
0.26331
0.18899
0.31413
0.28605
0.26610
0.28520
0.27791
0.34004
0.24160
0.27744
0.21950
0.34416
0.21074
0.24712
0.23023
0.25940
0.27093
0.26463
0.20617
0.27886
0.25450
0.30611
0.22194
0.29824
0.22529
0.27220
0.29069
0.28681
0.30199
0.15197
0.19869
0.33043
0.32878
0.24693
0.25813
0.28624
0.26873
0.21859
0.19408
0.29908
0.27814
0.25947
0.22400
0.16737
0.26340
0.31716
0.25025
0.26601
0.20139
0.32251
0.27945
0.17277
0.20649
0.29657
0.29285
0.30860
0.26391
0.27538
0.34810
0.35211
0.14875
0.24689
0.30819
0.26523
0.26548
0.29101
0.33175
0.22131
0.19318
0.20154
0.25130
0.28736
0.35544
0.29515
0.28464
0.29180
0.23957
0.26121
0.29333
0.28254
0.17525
0.31805
0.21956
0.20908
0.33243
0.31310
0.25178
0.22991
0.22750
0.29571
0.33893
0.34424
0.23759
0.26905
0.21568
0.28655
0.30691
0.12964
0.24415
0.17595
0.23627
0.29523
0.20864
0.25441
0.23921
0.25395
0.20392
0.20679
0.22859
0.32844
0.25914
0.24760
0.18823
0.28873
0.25184
0.22929
0.18222
0.31623
0.30100
0.32469
0.26905
0.24111
0.31393
0.25761
0.23987
0.27055
0.18785
0.32931
0.26293
0.33525
0.27126
0.29700
0.33281
0.24451
0.25853
0.31935
0.18149
0.21312
0.30302
0.19741
0.27277
0.30554
0.28070
0.29958
0.37741
0.29497
0.32922
0.26316
0.31657
0.31616
0.33853
0.25448
0.26621
0.32354
0.31045
0.31101
0.32512
0.37766
0.22098
0.26246
0.34857
0.21739
0.31835
0.33625
0.22542
0.25597
0.34746
0.23320
0.24994
0.31556
0.24498
0.24935
0.22267
0.23632
0.26076
0.29448
0.31019
0.29753
0.24454
0.29578
0.27816
0.31557
0.29320
0.27487
0.15729
0.32062
0.33086
0.33620
0.30051
0.31552
0.40251
0.37012
0.28293
0.18538
0.28467
0.39654
0.27368
0.19187
0.28623
0.32150
0.24512
0.23522
0.31480
0.25374
0.27601
0.23349
0.33403
0.35996
0.42076
0.27870
0.29785
0.22615
0.38050
0.30949
0.32667
0.29266
0.34915
0.26656
0.20645
0.31083
0.45408
0.24669
0.37816
0.40960
0.21579
0.28871
0.33617
0.28512
0.29810
0.26089
0.29550
0.22436
0.29388
0.30132
0.28313
0.29560
0.37969
0.27266
0.29008
0.23586
0.17249
0.27542
0.37524
0.22062
0.14857
0.34425
0.15660
0.18624
0.39909
0.15602
0.25173
0.23516
0.28683
0.20696
0.42901
0.19913
0.32912
0.38642
0.25473
0.24355
0.24050
0.25266
0.21007
0.36835
0.17370
0.34729
0.34270
0.24079
0.24722
0.22407
0.34261
0.27709
0.21884
0.34288
0.41243
0.33099
0.28653
0.36326
0.37266
0.20652
0.27054
0.28169
0.37197
0.19689
0.24988
0.22931
0.36554
0.26886
0.24581
0.27213
0.32566
0.36257
0.23943
0.28242
0.33916
0.29427
0.26448
0.25817
0.38376
0.30200
0.27125
0.27303
0.28610
0.35213
0.25981
0.31527
0.24708
0.34369
0.25262
0.25768
0.31697
0.29447
0.19627
0.26128
0.18729
0.29006
0.23024
0.05077
0.12040
0.21223
0.17147
0.28075
0.16308
0.22093
0.36425
0.23263
0.07432
0.17288
0.08046
0.25945
0.27655
0.19555
0.29365
0.10187
0.17156
0.21452
0.22234
0.12369
0.15957
0.21821
0.28648
0.18945
0.21422
0.21888
0.11019
0.32116
0.26667
0.07349
0.11720
0.12192
0.30214
0.09490
0.26351
0.19771
0.29686
0.03275
0.10833
0.10043
0.07618
0.26024
0.10126
0.14239
0.18158
0.27953
0.17342
0.32414
0.19991
0.11138
0.24967
0.09046
0.06735
0.25644
0.17729
0.24615
0.11420
0.08111
0.21943
0.20318
0.24005
0.23613
0.04557
0.11259
0.16134
0.22098
0.15661
0.18940
0.12208
0.19610
0.18804
0.17401
0.28008
0.25468
0.15324
0.15715
0.15386
0.06896
0.09866
0.25165
0.15322
0.18585
0.27494
0.26996
0.19691
0.34348
0.17859
0.25487
0.17964
0.20435
0.20327
0.03650
0.27028
0.12794
0.11478
0.22697
0.25167
0.22391
0.27331
0.09016
0.08164
0.14903
0.21979
0.22603
0.30341
0.11494
0.21669
0.35102
0.14636
0.23975
0.12794
0.05955
0.08407
0.17426
0.08055
0.13125
0.26235
0.27839
0.12420
0.13086
0.03040
0.09858
0.11953
0.29854
