0.13796
0.12376
0.08800
0.25256
0.10905
0.13128
0.22522
0.16864
0.16599
0.10073
0.18175
0.14330
0.17449
0.11759
0.15313
0.21754
0.12664
0.16316
0.10768
0.11711
0.30142
0.15532
0.20823
0.11133
0.22059
0.17194
0.15180
0.26988
0.14257
0.18760
0.17592
0.27251
0.18347
0.10953
0.10536
0.09499
0.12185
0.09785
0.16797
0.16040
0.28277
0.28142
0.09201
0.14870
0.29100
0.23653
0.16449
0.28020
0.23893
0.19980
0.10064
0.14277
0.12922
0.32824
0.09138
0.23321
0.24270
0.16361
0.16966
0.10074
0.28502
0.31318
0.14358
0.18720
0.29543
0.32156
0.06327
0.19726
0.16485
0.06302
0.14714
0.30805
0.32081
0.22866
0.28009
0.17238
0.08707
0.05637
0.24696
0.14430
0.33613
0.25874
0.30853
0.25760
0.28565
0.35958
0.09564
0.11102
0.15918
0.28103
0.35149
0.17965
0.10461
0.28327
0.10518
0.21496
0.21095
0.22491
0.18636
0.16033
0.09300
0.17085
0.13584
0.14190
0.23101
0.27968
0.19851
0.18825
0.20849
0.29007
0.10118
0.27396
0.11405
0.25790
0.15342
0.15613
0.28233
0.07938
0.09768
0.18136
0.24160
0.09098
0.30964
0.05019
0.11582
0.18363
0.29700
0.28413
0.20665
0.24742
0.11380
0.17767
0.28546
0.35178
0.12181
0.18834
0.10031
0.29163
0.25837
0.07719
0.16793
0.06688
0.29503
0.20510
0.18751
0.25990
0.12097
0.37413
0.19425
0.09016
0.22172
0.26390
0.12796
0.33183
0.30140
0.32972
0.13946
0.16117
0.13918
0.24510
0.30110
0.25892
0.26360
0.33552
0.09976
0.11303
0.32032
0.24565
0.11866
0.26071
0.09999
0.24692
0.24902
0.06469
0.12554
0.19930
0.07943
0.11296
0.21656
0.29341
0.07648
0.10693
0.23151
0.16912
0.15977
0.20226
0.23712
0.26479
0.25458
0.16393
0.17022
0.11359
0.05719
0.16967
0.19012
0.22154
0.25008
0.21476
0.12720
0.26446
0.16578
0.10073
0.21874
0.16223
0.07343
0.21436
0.13723
0.22082
0.25686
0.09769
0.27570
0.23484
0.14796
0.24996
0.25150
0.24878
0.13543
0.29134
0.23115
0.35157
0.11253
0.19075
0.10840
0.08958
0.09294
0.07486
0.17017
0.24580
0.17703
0.12907
0.23006
0.14715
0.27397
0.16813
0.08174
0.28188
0.14378
0.08485
0.11024
0.27212
0.14384
0.31976
0.11494
0.11675
0.18812
0.21895
0.10942
0.07098
0.12291
0.11377
0.15316
0.13050
0.11988
0.24947
0.12752
0.18135
0.16135
0.12982
0.15171
0.14901
0.13494
0.16937
0.19694
0.20708
0.18041
0.26121
0.31420
0.09795
0.17446
0.11203
0.14719
0.14794
0.08262
0.09079
0.36395
0.16890
0.10152
0.19598
0.16107
0.08171
0.15272
0.35367
0.13341
0.11961
0.29381
0.13654
0.20523
0.22885
0.20600
0.19281
0.11656
0.11989
0.19145
0.21439
0.17778
0.12430
0.17225
0.25130
0.19313
0.14388
0.32574
0.31983
0.27689
0.19773
0.09609
0.31013
0.32038
0.34895
0.09530
0.26545
0.12849
0.28334
0.17408
0.10414
0.18472
0.15791
0.09809
0.27786
0.23009
0.12398
0.10538
0.09426
0.25916
0.22173
0.27326
0.13899
0.22265
0.22147
0.16347
0.07583
0.28646
0.25411
0.37586
0.26517
0.31538
0.24937
0.24243
0.30105
0.27129
0.28205
0.10375
0.11578
0.17559
0.22942
0.09819
0.13173
0.23133
0.14103
0.24479
0.11961
0.18719
0.19598
0.26036
0.26005
0.25016
0.19754
0.27631
0.17362
0.15952
0.31271
0.11589
0.16843
0.06031
0.11385
0.19818
0.08496
0.24919
0.33532
0.11254
0.11050
0.16772
0.27935
0.11853
0.07615
0.07984
0.12450
0.12683
0.12625
0.21544
0.11545
0.28739
0.18033
0.19693
0.10320
0.15382
0.30000
0.18501
0.28580
0.35035
0.19303
0.27965
0.30061
0.28510
0.32252
0.28276
0.24672
0.35109
0.25677
0.24869
0.27327
0.19905
0.29188
0.19547
0.38309
0.33195
0.22743
0.25236
0.24770
0.27393
0.34852
0.27746
0.26273
0.30537
0.33571
0.23747
0.25111
0.31576
0.25849
0.21554
0.25219
0.28481
0.31743
0.24297
0.22152
0.34394
0.27471
0.22280
0.31604
0.18672
0.28564
0.34525
0.28256
0.28835
0.30821
0.28781
0.22547
0.27801
0.33909
0.17939
0.28791
0.31433
0.26819
0.29875
0.29011
0.20173
0.29317
0.26789
0.27235
0.30719
0.27968
0.28282
0.18522
0.28026
0.36059
0.12099
0.27511
0.19792
0.20901
0.19248
0.35595
0.28667
0.32921
0.16418
0.35485
0.27063
0.27291
0.37845
0.31398
0.29366
0.27759
0.23397
0.27051
0.17846
0.34726
0.29026
0.24442
0.16967
0.31989
0.19185
0.24165
0.28478
0.25923
0.34785
0.33179
0.18932
0.32123
0.30918
0.16610
0.16755
0.29986
0.17662
0.18085
0.13121
0.30256
0.33394
0.26147
0.27277
0.24523
0.30407
0.19186
0.30393
0.26299
0.27768
0.21931
0.27912
0.29685
0.22384
0.17888
0.34935
0.29968
0.18848
0.31682
0.31543
0.22876
0.34528
0.31799
0.23810
0.29352
0.20095
0.29346
0.30653
0.27442
0.28734
0.26502
0.15064
0.34093
0.21203
0.27304
0.21880
0.26933
0.31737
0.28826
0.19174
0.21082
0.26593
0.20889
0.28773
0.18307
0.25706
0.21484
0.21006
0.22892
0.29770
0.31440
0.32581
0.24792
0.21482
0.33069
0.20629
0.18866
0.20645
0.30370
0.30672
0.16122
0.18243
0.28844
0.27786
0.22421
0.16195
0.22629
0.26139
0.23143
0.23348
0.27859
0.31454
0.16588
0.21285
0.27252
0.29307
0.18520
0.30882
0.28099
0.26073
0.36185
0.19085
0.31857
0.23966
0.35737
0.31572
0.25115
0.26858
0.28110
0.25289
0.19170
0.31178
0.30130
0.28298
0.27321
0.27558
0.33966
0.24435
0.26865
0.24591
0.35329
0.22035
0.27679
0.23026
0.25304
0.27301
0.26500
0.21541
0.28109
0.27013
0.31028
0.21707
0.29972
0.23976
0.26955
0.28294
0.28090
0.30008
0.14557
0.24785
0.32632
0.33775
0.23904
0.29086
0.30245
0.25327
0.23706
0.19959
0.30248
0.28857
0.27295
0.22637
0.16543
0.27091
0.32515
0.24803
0.26520
0.19201
0.33717
0.29738
0.18970
0.20700
0.29444
0.28309
0.30280
0.27936
0.27514
0.35183
0.36112
0.14951
0.23267
0.32561
0.26264
0.26634
0.28942
0.33497
0.20961
0.19851
0.19397
0.26580
0.27710
0.35185
0.29802
0.27890
0.28319
0.23299
0.26145
0.29707
0.28695
0.18310
0.32364
0.22259
0.22004
0.34440
0.30779
0.24028
0.22349
0.25673
0.29380
0.32747
0.34383
0.25292
0.26071
0.21278
0.31559
0.31073
0.12636
0.28187
0.15859
0.25616
0.28770
0.19631
0.26193
0.24424
0.25780
0.18826
0.22009
0.25067
0.33338
0.27036
0.27662
0.19201
0.30418
0.25477
0.23387
0.17786
0.31638
0.29019
0.33452
0.27028
0.23648
0.29413
0.25541
0.23789
0.27995
0.19398
0.31772
0.26798
0.32856
0.24565
0.30598
0.34141
0.24954
0.26162
0.30772
0.20053
0.20945
0.29871
0.20167
0.30538
0.31181
0.28589
0.30281
0.38488
0.31099
0.33323
0.25565
0.31646
0.28988
0.34940
0.24320
0.26325
0.33042
0.32584
0.29201
0.32727
0.39030
0.22451
0.28523
0.35684
0.24138
0.31750
0.31754
0.24287
0.25951
0.34983
0.23765
0.27608
0.32468
0.26340
0.28806
0.24132
0.25342
0.24793
0.29459
0.31660
0.29891
0.25314
0.29222
0.28588
0.31725
0.29268
0.29018
0.14727
0.32379
0.33169
0.35171
0.32385
0.30318
0.42775
0.39298
0.30001
0.18281
0.31875
0.38842
0.28382
0.16292
0.30687
0.32224
0.23995
0.26466
0.31498
0.25969
0.26964
0.25216
0.34144
0.35401
0.40564
0.29222
0.31560
0.25257
0.39217
0.29556
0.31738
0.30328
0.35323
0.27089
0.18011
0.32858
0.46520
0.24152
0.42125
0.44462
0.20867
0.28581
0.36972
0.30761
0.30542
0.26703
0.29268
0.22858
0.28895
0.32500
0.28500
0.29162
0.39509
0.28918
0.31052
0.23945
0.18767
0.27117
0.38386
0.23027
0.11351
0.33323
0.13269
0.16625
0.41306
0.15495
0.25576
0.21218
0.27964
0.20201
0.44146
0.19153
0.32572
0.40839
0.26409
0.21582
0.25791
0.25818
0.22765
0.37412
0.16526
0.35934
0.34533
0.26491
0.23565
0.24374
0.34299
0.30174
0.21456
0.33083
0.43491
0.32575
0.29780
0.37683
0.38084
0.23852
0.26683
0.29689
0.37011
0.19361
0.23107
0.21383
0.36406
0.29055
0.24297
0.28511
0.31624
0.37418
0.22826
0.30288
0.31229
0.29247
0.28841
0.27533
0.39536
0.29301
0.27154
0.29048
0.31086
0.35527
0.26743
0.30829
0.23901
0.33913
0.25062
0.27037
0.32240
0.31489
0.20855
0.30330
0.17208
0.29153
0.24360
0.06090
0.13473
0.20460
0.19070
0.27647
0.21253
0.23186
0.37703
0.24885
0.07863
0.19998
0.07311
0.30272
0.25506
0.20787
0.28902
0.08998
0.16066
0.22132
0.20370
0.12878
0.14087
0.23594
0.30075
0.17694
0.21294
0.20096
0.10785
0.32065
0.23663
0.08246
0.10326
0.14602
0.26947
0.11433
0.28209
0.21311
0.28237
0.05022
0.12729
0.09449
0.08572
0.28572
0.09868
0.14146
0.16730
0.25817
0.20784
0.28754
0.19908
0.13330
0.26546
0.06556
0.06032
0.29069
0.17632
0.28205
0.10830
0.08829
0.19083
0.21576
0.23813
0.23545
0.06313
0.10876
0.15083
0.20769
0.17192
0.20415
0.12004
0.18954
0.16855
0.17017
0.28496
0.28226
0.16206
0.14301
0.16631
0.03938
0.08321
0.24527
0.13294
0.18182
0.29348
0.20239
0.20218
0.33456
0.16862
0.21459
0.17896
0.20865
0.20078
0.05232
0.25691
0.12433
0.14671
0.21492
0.26972
0.24544
0.25166
0.09155
0.10312
0.17170
0.22157
0.24573
0.30932
0.12517
0.19296
0.31352
0.16044
0.26266
0.12622
0.07057
0.07427
0.18389
0.06818
0.16777
0.23618
0.25998
0.12105
0.11721
0.03300
0.09811
0.10471
0.27167
