0.23372
0.16751
0.18604
0.26909
0.11811
0.16860
0.26888
0.17568
0.23069
0.14691
0.23773
0.19362
0.21641
0.16939
0.19730
0.23227
0.16523
0.20035
0.14424
0.18830
0.29009
0.19988
0.21457
0.16353
0.26289
0.21248
0.22998
0.27421
0.16281
0.24410
0.21562
0.28234
0.22119
0.15560
0.16675
0.15008
0.17597
0.15413
0.23422
0.21356
0.29360
0.27284
0.22825
0.20562
0.28184
0.24462
0.18025
0.30237
0.23843
0.21027
0.14022
0.20243
0.16624
0.29958
0.11720
0.23157
0.26677
0.19621
0.21392
0.14055
0.29213
0.28175
0.18470
0.22891
0.29022
0.33421
0.17347
0.19841
0.21109
0.10499
0.20695
0.33024
0.33937
0.22958
0.28226
0.17913
0.20833
0.13630
0.22408
0.18357
0.32545
0.26035
0.32890
0.24295
0.27456
0.37824
0.10865
0.20106
0.21043
0.26362
0.32481
0.22743
0.13533
0.29678
0.15929
0.20525
0.21544
0.23047
0.21860
0.20583
0.15448
0.20577
0.16770
0.19308
0.26444
0.27490
0.19668
0.20995
0.23930
0.28818
0.10416
0.27464
0.16546
0.25777
0.22957
0.20147
0.27479
0.13296
0.12682
0.21316
0.28257
0.13818
0.31976
0.12099
0.17702
0.21238
0.32465
0.27585
0.21381
0.25683
0.18435
0.17983
0.33518
0.35292
0.11727
0.22046
0.16813
0.29675
0.25150
0.13568
0.24985
0.08612
0.30081
0.26213
0.20782
0.31066
0.16062
0.37784
0.21609
0.11384
0.24078
0.32993
0.17150
0.33389
0.31243
0.34415
0.22067
0.21943
0.20905
0.25093
0.30205
0.29297
0.31381
0.34591
0.11238
0.22121
0.32943
0.27521
0.15942
0.29771
0.13572
0.28679
0.24009
0.11366
0.14817
0.20704
0.13639
0.17497
0.24056
0.29078
0.14475
0.13257
0.25614
0.21165
0.16148
0.24066
0.26114
0.25163
0.24504
0.23733
0.18844
0.11555
0.16777
0.18842
0.24005
0.27476
0.26364
0.21624
0.18792
0.29068
0.26398
0.17748
0.21844
0.20025
0.13128
0.28838
0.15279
0.23464
0.26398
0.21356
0.27481
0.21744
0.17651
0.25445
0.27607
0.22745
0.20838
0.33432
0.22687
0.36875
0.19969
0.23802
0.20595
0.17066
0.16553
0.14197
0.22351
0.23601
0.20699
0.14711
0.27011
0.16755
0.28688
0.19219
0.12580
0.28512
0.14947
0.10363
0.17838
0.29939
0.14889
0.31941
0.18715
0.16378
0.22424
0.19735
0.16437
0.13779
0.21994
0.15848
0.14221
0.22221
0.18956
0.28992
0.16054
0.19521
0.21840
0.17418
0.13643
0.17074
0.25138
0.21833
0.23777
0.26532
0.22390
0.25077
0.29507
0.13041
0.24341
0.17201
0.15588
0.13513
0.17055
0.16221
0.36830
0.22363
0.13762
0.24267
0.19895
0.12761
0.21628
0.36434
0.13501
0.20312
0.31649
0.17068
0.21986
0.22241
0.24840
0.23141
0.19295
0.17723
0.26310
0.24125
0.22367
0.14647
0.21366
0.25001
0.20878
0.22650
0.30907
0.30161
0.28712
0.21381
0.16781
0.31462
0.31060
0.35378
0.12597
0.26489
0.16754
0.30474
0.26189
0.15223
0.20852
0.18865
0.11950
0.29502
0.26170
0.13006
0.20063
0.12744
0.27450
0.22157
0.27882
0.22401
0.26098
0.23430
0.21379
0.16518
0.28055
0.31673
0.37008
0.28347
0.32406
0.20137
0.26799
0.31533
0.29558
0.25687
0.13269
0.17043
0.20674
0.24855
0.12683
0.18162
0.24111
0.20000
0.26409
0.18138
0.24876
0.23208
0.27226
0.28718
0.26298
0.19152
0.31671
0.19174
0.22986
0.33527
0.19282
0.24069
0.14250
0.17358
0.21667
0.13125
0.26286
0.32848
0.16230
0.15354
0.26382
0.24607
0.17067
0.12696
0.16176
0.15420
0.16380
0.18855
0.22979
0.15889
0.24504
0.24145
0.25284
0.15835
0.19574
0.29662
0.23632
0.29559
0.35174
0.20618
0.27903
0.33365
0.32258
0.34856
0.27960
0.27824
0.34809
0.28698
0.27015
0.28241
0.23921
0.32667
0.21711
0.37927
0.32837
0.26878
0.27705
0.27434
0.28167
0.36493
0.31435
0.26730
0.31131
0.33652
0.23575
0.28381
0.32525
0.31001
0.26139
0.26934
0.32317
0.31143
0.28628
0.24676
0.34610
0.30472
0.27078
0.35880
0.22233
0.33058
0.35194
0.31854
0.32001
0.33329
0.32449
0.28661
0.31112
0.34197
0.24370
0.30186
0.31553
0.26608
0.31303
0.33224
0.24042
0.31853
0.28977
0.27253
0.30148
0.28554
0.29292
0.22439
0.27298
0.36306
0.16797
0.30072
0.25276
0.21709
0.22558
0.37891
0.32059
0.33202
0.18761
0.34863
0.28383
0.29550
0.37495
0.31623
0.32370
0.31520
0.24639
0.30901
0.20006
0.36246
0.30715
0.26074
0.18078
0.35340
0.22023
0.27956
0.29959
0.29263
0.34698
0.31715
0.24553
0.32380
0.30712
0.18104
0.17357
0.31979
0.18403
0.22546
0.16165
0.31125
0.35210
0.29341
0.28329
0.25286
0.31831
0.24495
0.31671
0.30335
0.31247
0.19754
0.27710
0.31178
0.24034
0.20098
0.36066
0.29050
0.23587
0.31275
0.31361
0.28086
0.36969
0.29788
0.26878
0.30703
0.23814
0.28484
0.31465
0.29959
0.29741
0.26906
0.19278
0.33673
0.25185
0.31087
0.26237
0.28998
0.34367
0.28749
0.21031
0.24037
0.29609
0.19401
0.31237
0.23104
0.26985
0.25459
0.26165
0.23361
0.32699
0.32048
0.32206
0.28047
0.24652
0.32343
0.23960
0.24246
0.24901
0.29293
0.33601
0.18809
0.21077
0.27733
0.30883
0.24038
0.17875
0.23797
0.26485
0.23689
0.26323
0.27195
0.34273
0.20431
0.26472
0.27991
0.29834
0.23274
0.31264
0.28999
0.27920
0.39199
0.20809
0.31955
0.27082
0.36931
0.30381
0.28876
0.29616
0.31912
0.27566
0.23191
0.31715
0.31602
0.28068
0.28450
0.28372
0.34141
0.29296
0.28792
0.23498
0.34942
0.25038
0.30944
0.22849
0.29033
0.27195
0.27309
0.22938
0.27073
0.28456
0.32833
0.23036
0.33746
0.27985
0.29609
0.28830
0.27678
0.31872
0.15369
0.24729
0.32672
0.32009
0.28979
0.31014
0.33620
0.28142
0.26381
0.25463
0.29397
0.31877
0.28088
0.24603
0.20900
0.31516
0.30623
0.28934
0.28491
0.23961
0.32684
0.31714
0.23708
0.22056
0.27991
0.30227
0.32327
0.30031
0.26979
0.35082
0.35327
0.15714
0.28705
0.31369
0.30044
0.30501
0.33592
0.34165
0.25264
0.20127
0.21358
0.27157
0.30395
0.35766
0.32257
0.30223
0.30725
0.26585
0.27735
0.30274
0.28459
0.19931
0.33561
0.23873
0.25994
0.33779
0.31627
0.28070
0.27996
0.28281
0.29055
0.37036
0.33802
0.26779
0.27441
0.24245
0.33503
0.31624
0.12716
0.29558
0.22057
0.27264
0.31093
0.25694
0.29253
0.23933
0.28784
0.26072
0.25916
0.27291
0.34067
0.29279
0.29108
0.20375
0.28534
0.25253
0.27490
0.22364
0.34099
0.28288
0.36171
0.28878
0.28798
0.31223
0.29470
0.26378
0.27314
0.21680
0.33890
0.30901
0.33374
0.26871
0.29646
0.35188
0.28716
0.28939
0.32907
0.19708
0.26142
0.32065
0.27021
0.32330
0.30495
0.32082
0.35035
0.37971
0.31135
0.32118
0.28593
0.30581
0.29357
0.35972
0.28361
0.31475
0.32014
0.31763
0.32945
0.33110
0.40011
0.26373
0.29329
0.34862
0.27217
0.30992
0.33385
0.27441
0.25475
0.34931
0.23576
0.28790
0.30928
0.30494
0.25061
0.26939
0.28157
0.25866
0.28367
0.35159
0.29218
0.26098
0.32688
0.27479
0.31930
0.30821
0.29367
0.15653
0.34390
0.34783
0.38267
0.34247
0.31862
0.42590
0.42724
0.29762
0.23071
0.34371
0.40765
0.30036
0.18939
0.33152
0.33765
0.27194
0.25979
0.33514
0.24678
0.28213
0.25994
0.37440
0.36985
0.39361
0.31460
0.33148
0.29280
0.42445
0.32718
0.31762
0.32808
0.38874
0.29771
0.21159
0.33263
0.48177
0.24115
0.43254
0.44331
0.23441
0.28494
0.38633
0.28444
0.28424
0.26811
0.31974
0.25153
0.29617
0.33258
0.32053
0.33025
0.39914
0.31010
0.31411
0.27716
0.20953
0.29635
0.42622
0.24239
0.13793
0.35353
0.17732
0.20526
0.44127
0.17604
0.26011
0.27147
0.30053
0.27447
0.48028
0.19476
0.36483
0.42803
0.27011
0.23709
0.27998
0.28697
0.23700
0.39808
0.20820
0.36103
0.34005
0.29184
0.27222
0.25931
0.35776
0.30028
0.24122
0.37088
0.45311
0.34514
0.29329
0.38953
0.39316
0.24004
0.28300
0.29980
0.38678
0.22764
0.25133
0.27150
0.39113
0.30422
0.27372
0.28131
0.37569
0.37193
0.26558
0.32285
0.36028
0.31630
0.31983
0.28621
0.41458
0.32788
0.29739
0.31875
0.32989
0.38115
0.29757
0.31055
0.25524
0.34484
0.28406
0.26408
0.34357
0.33560
0.24968
0.31251
0.18667
0.33576
0.24436
0.10715
0.21536
0.20034
0.24147
0.31102
0.20610
0.26968
0.38046
0.25123
0.15616
0.21673
0.12269
0.29524
0.27158
0.19865
0.28917
0.07328
0.22057
0.20169
0.26906
0.11746
0.17676
0.21952
0.27040
0.15609
0.22584
0.29231
0.11018
0.34045
0.20719
0.10079
0.10765
0.15002
0.27490
0.08363
0.21765
0.20499
0.27993
0.14918
0.15874
0.09899
0.11020
0.31244
0.17326
0.18440
0.20800
0.31497
0.17350
0.32855
0.23065
0.12664
0.23532
0.12243
0.15174
0.30727
0.15706
0.26937
0.22063
0.16452
0.20488
0.21059
0.29647
0.23698
0.12461
0.08257
0.13449
0.18351
0.18547
0.22141
0.20531
0.33598
0.21250
0.23532
0.26532
0.29077
0.19034
0.17169
0.26971
0.16193
0.09955
0.24547
0.20232
0.16429
0.27466
0.28747
0.20739
0.32934
0.25903
0.27935
0.16517
0.21975
0.22329
0.09256
0.25133
0.19333
0.19098
0.22427
0.24509
0.31021
0.24866
0.13733
0.12438
0.17921
0.22096
0.28044
0.27532
0.19606
0.27620
0.32623
0.18373
0.22376
0.16963
0.13871
0.11722
0.20583
0.18178
0.14727
0.26545
0.24918
0.15099
0.14588
0.12029
0.14569
0.19090
0.29514
