0.12906
0.09337
0.05573
0.24022
0.07466
0.12507
0.25312
0.15972
0.20861
0.04468
0.20661
0.14409
0.17326
0.10842
0.17494
0.24846
0.15874
0.14729
0.05577
0.12102
0.30079
0.19312
0.19243
0.07993
0.22299
0.16388
0.13253
0.24429
0.07498
0.18444
0.14030
0.26934
0.17646
0.09315
0.15558
0.09058
0.12534
0.07801
0.10177
0.19545
0.30447
0.27518
0.14322
0.15416
0.30403
0.18837
0.17523
0.25647
0.19020
0.14345
0.09267
0.15377
0.13324
0.29381
0.09051
0.23219
0.24927
0.11315
0.18277
0.07848
0.23609
0.29873
0.14193
0.19570
0.29533
0.31437
0.07345
0.17652
0.11266
0.08270
0.13048
0.30704
0.31600
0.18663
0.23567
0.12022
0.08570
0.03604
0.19044
0.18045
0.29468
0.20635
0.32898
0.26570
0.26866
0.36124
0.10444
0.07791
0.13495
0.26516
0.30458
0.20142
0.07655
0.24525
0.06547
0.23582
0.25689
0.22881
0.21611
0.15557
0.08661
0.18842
0.13019
0.11024
0.22086
0.29457
0.14562
0.15734
0.16387
0.27476
0.04605
0.26551
0.11232
0.25259
0.12265
0.17395
0.27707
0.04146
0.06262
0.22101
0.23846
0.10640
0.28956
0.02963
0.08539
0.13913
0.28953
0.27705
0.18138
0.25228
0.11799
0.08965
0.29725
0.32046
0.12499
0.08905
0.08298
0.29596
0.26919
0.05455
0.15432
0.04872
0.28408
0.19190
0.16549
0.24933
0.10089
0.33645
0.18527
0.10030
0.16636
0.27704
0.10383
0.32790
0.30738
0.31476
0.15638
0.18534
0.15662
0.17275
0.28231
0.28144
0.27157
0.30653
0.09354
0.13018
0.28726
0.30257
0.07722
0.27118
0.05711
0.23812
0.22391
0.03246
0.10967
0.21654
0.09072
0.07841
0.18766
0.27086
0.07859
0.09909
0.23245
0.15291
0.11081
0.18083
0.25203
0.24123
0.26273
0.16578
0.13563
0.06983
0.07475
0.15524
0.17537
0.28972
0.18637
0.19192
0.12844
0.27589
0.22986
0.07400
0.20959
0.14897
0.05404
0.27101
0.09743
0.18675
0.26841
0.09221
0.23788
0.24301
0.10169
0.26187
0.24845
0.26922
0.12010
0.20333
0.22857
0.34133
0.12926
0.18661
0.13714
0.10140
0.06700
0.06964
0.16865
0.18091
0.14531
0.06182
0.25388
0.12062
0.25539
0.11069
0.04487
0.29061
0.10802
0.07886
0.10398
0.28580
0.12897
0.28625
0.12838
0.11177
0.14202
0.24521
0.11319
0.07276
0.13674
0.11531
0.10480
0.10639
0.11868
0.25530
0.12383
0.18366
0.21466
0.11447
0.06980
0.13497
0.19724
0.15227
0.18725
0.15843
0.16321
0.24831
0.27110
0.08958
0.18572
0.09988
0.07098
0.11304
0.11088
0.03764
0.36099
0.18777
0.09183
0.26971
0.19102
0.08353
0.09036
0.32409
0.12685
0.08619
0.29602
0.11131
0.22080
0.19936
0.18445
0.17000
0.11002
0.08177
0.20885
0.23891
0.16193
0.09605
0.21351
0.16662
0.19441
0.13128
0.31858
0.29494
0.25790
0.19828
0.18531
0.29300
0.30518
0.32388
0.03932
0.28358
0.13145
0.29344
0.12665
0.08339
0.11660
0.11575
0.09194
0.18892
0.26184
0.07105
0.13971
0.10567
0.30573
0.22341
0.29099
0.18383
0.25162
0.22864
0.19642
0.06656
0.28336
0.26223
0.34647
0.24227
0.28394
0.23883
0.26120
0.27505
0.25800
0.23283
0.08222
0.08854
0.14387
0.24359
0.05302
0.05461
0.19273
0.10842
0.22940
0.10283
0.17041
0.11091
0.26424
0.27079
0.22093
0.21800
0.33814
0.15287
0.11513
0.32324
0.04622
0.19306
0.10308
0.09764
0.21569
0.09013
0.24720
0.35204
0.09229
0.07645
0.15570
0.24310
0.10822
0.06124
0.05250
0.06323
0.07739
0.09921
0.17319
0.07825
0.27585
0.19192
0.16301
0.11205
0.19435
0.28113
0.16558
0.24831
0.33888
0.16462
0.26844
0.29523
0.28049
0.31298
0.28628
0.22722
0.34707
0.25432
0.22125
0.22769
0.21461
0.27030
0.18091
0.34814
0.31531
0.25854
0.23066
0.23758
0.23207
0.34167
0.24764
0.20637
0.31092
0.33106
0.19843
0.23949
0.31790
0.26843
0.25665
0.25602
0.26355
0.30575
0.24171
0.22527
0.33967
0.24213
0.22109
0.29726
0.19484
0.29751
0.34333
0.28616
0.28701
0.27871
0.27100
0.21994
0.26421
0.33990
0.19407
0.25375
0.30091
0.23977
0.26183
0.29237
0.19644
0.28477
0.23293
0.27048
0.31796
0.28740
0.24873
0.17560
0.24842
0.33867
0.10821
0.25616
0.16828
0.15018
0.16751
0.35936
0.30300
0.31780
0.19380
0.35179
0.25999
0.27781
0.35626
0.30392
0.26769
0.27889
0.23097
0.26727
0.20041
0.35317
0.26502
0.23943
0.17525
0.31590
0.20373
0.25779
0.28936
0.24953
0.33509
0.31416
0.21856
0.28802
0.28657
0.16193
0.14759
0.26307
0.19277
0.20619
0.16584
0.31143
0.30459
0.26215
0.26275
0.24910
0.27914
0.21109
0.28092
0.25229
0.25940
0.18961
0.26855
0.27216
0.22147
0.19017
0.32614
0.29054
0.15681
0.27899
0.32353
0.24961
0.35132
0.30494
0.20634
0.25900
0.19289
0.28302
0.28966
0.27587
0.24535
0.25113
0.18215
0.29053
0.22438
0.27504
0.21627
0.24091
0.29717
0.28402
0.20107
0.22833
0.27622
0.20642
0.25909
0.18520
0.21954
0.18718
0.24416
0.20370
0.30878
0.31738
0.31635
0.21512
0.20656
0.31930
0.22067
0.20063
0.18678
0.30417
0.32295
0.17764
0.19476
0.26882
0.24045
0.19721
0.15822
0.22015
0.26097
0.18322
0.24120
0.24068
0.30570
0.15211
0.20544
0.27338
0.25548
0.19388
0.25981
0.25425
0.27508
0.34597
0.20839
0.28446
0.22315
0.34217
0.32260
0.21918
0.25581
0.28075
0.26278
0.19420
0.29340
0.28139
0.24271
0.28362
0.26402
0.33670
0.23576
0.26015
0.19997
0.33263
0.20993
0.26716
0.23999
0.21214
0.27498
0.27253
0.21990
0.22793
0.25517
0.29521
0.19584
0.31215
0.23780
0.22587
0.28005
0.28322
0.29798
0.16229
0.19722
0.31328
0.32616
0.24310
0.24668
0.26701
0.25086
0.21736
0.20594
0.30934
0.27640
0.26447
0.25907
0.21765
0.28579
0.29532
0.25126
0.24375
0.23824
0.32105
0.27190
0.13944
0.16790
0.28820
0.29061
0.28330
0.22889
0.22629
0.32681
0.34335
0.16611
0.23717
0.30037
0.24300
0.24406
0.28786
0.34197
0.23902
0.22233
0.18339
0.24204
0.26346
0.35823
0.30123
0.28982
0.26348
0.22870
0.25598
0.29444
0.26657
0.18911
0.34416
0.23995
0.24506
0.33941
0.28029
0.22148
0.22947
0.23301
0.29179
0.30472
0.32508
0.24100
0.28159
0.19887
0.26735
0.30724
0.14355
0.25096
0.19922
0.22786
0.26928
0.23380
0.25553
0.22981
0.23835
0.20692
0.21918
0.25335
0.33541
0.25500
0.24465
0.18668
0.29485
0.25088
0.23817
0.17760
0.31713
0.27737
0.31360
0.28077
0.22406
0.25624
0.25570
0.23582
0.25884
0.17463
0.31670
0.26130
0.34073
0.27240
0.28398
0.33504
0.24329
0.24514
0.27407
0.12287
0.21441
0.25747
0.18655
0.26285
0.30605
0.26365
0.30123
0.37870
0.31018
0.32155
0.27384
0.30199
0.28199
0.35375
0.21300
0.26581
0.30589
0.31048
0.26125
0.31715
0.38536
0.21404
0.22817
0.33024
0.22919
0.32695
0.32392
0.23996
0.24738
0.33761
0.21858
0.24450
0.29977
0.25346
0.22427
0.22284
0.24397
0.24392
0.27393
0.29180
0.27864
0.21223
0.29601
0.26349
0.27160
0.25560
0.28856
0.14508
0.30772
0.28860
0.32766
0.32404
0.29528
0.37306
0.38119
0.28363
0.18714
0.30269
0.36473
0.26366
0.19308
0.29164
0.33858
0.26009
0.20773
0.31567
0.23921
0.28315
0.23107
0.32100
0.34927
0.38186
0.25774
0.29516
0.27605
0.35838
0.28722
0.28668
0.26771
0.34609
0.25563
0.15366
0.29099
0.43123
0.24659
0.37577
0.37533
0.21883
0.27519
0.34979
0.31204
0.30667
0.24900
0.26030
0.21667
0.28856
0.27846
0.28879
0.29588
0.35525
0.27763
0.27973
0.22923
0.14804
0.24237
0.38213
0.19952
0.12686
0.33937
0.16468
0.17686
0.37915
0.17440
0.23844
0.19168
0.30020
0.22644
0.44572
0.19496
0.32506
0.38037
0.24280
0.21442
0.26546
0.24094
0.22889
0.34368
0.16257
0.36954
0.35301
0.23856
0.24336
0.24637
0.33118
0.25850
0.21674
0.34923
0.39496
0.31676
0.26784
0.35769
0.35281
0.21565
0.25863
0.28258
0.40446
0.18561
0.19830
0.20930
0.33552
0.27070
0.24916
0.25481
0.33068
0.36710
0.21407
0.28439
0.32509
0.29994
0.28395
0.23606
0.35286
0.29610
0.26604
0.27605
0.26373
0.33395
0.26025
0.30411
0.23647
0.31519
0.27143
0.22982
0.31463
0.26956
0.21721
0.27513
0.21855
0.34575
0.19253
0.04156
0.15150
0.21120
0.23908
0.26882
0.22785
0.28537
0.34637
0.22174
0.05576
0.18232
0.01879
0.31366
0.26846
0.17183
0.26832
0.07304
0.13352
0.21139
0.26155
0.08426
0.14529
0.25809
0.27912
0.21763
0.21164
0.27485
0.10705
0.31556
0.25954
0.09605
0.07451
0.08439
0.29333
0.13909
0.20290
0.21783
0.27973
0.05871
0.07235
0.09871
0.08919
0.30028
0.11354
0.08670
0.16878
0.28754
0.10110
0.26073
0.20783
0.08782
0.29116
0.06617
0.04871
0.26911
0.19185
0.23808
0.11412
0.06809
0.20815
0.20952
0.29956
0.26545
0.05189
0.04382
0.14398
0.21936
0.24328
0.18261
0.08372
0.22761
0.17314
0.15517
0.24331
0.26346
0.11607
0.10837
0.17128
0.10927
0.05467
0.23545
0.16579
0.21742
0.27555
0.29607
0.21118
0.31104
0.26782
0.26425
0.15198
0.22280
0.19564
0.01087
0.25639
0.07566
0.07369
0.22393
0.25698
0.28241
0.27168
0.12470
0.07200
0.08337
0.24235
0.26065
0.30260
0.04858
0.20500
0.33639
0.14018
0.23729
0.07512
0.04838
0.07048
0.11675
0.07765
0.08351
0.25595
0.26002
0.07929
0.10324
0.03092
0.03254
0.10286
0.27675
