0.15058
0.09684
0.05288
0.21337
0.08985
0.15296
0.21279
0.14609
0.18428
0.06260
0.21699
0.12112
0.12940
0.11741
0.12009
0.21348
0.16084
0.10546
0.08516
0.15875
0.30188
0.13668
0.17209
0.11972
0.24358
0.14270
0.13534
0.26375
0.08589
0.18917
0.16461
0.28213
0.14808
0.11767
0.14272
0.09706
0.17662
0.07651
0.09729
0.18768
0.28077
0.27250
0.10665
0.11455
0.29519
0.22012
0.16812
0.20587
0.19080
0.19897
0.09682
0.12366
0.16413
0.32724
0.08788
0.20370
0.23984
0.13341
0.15452
0.07462
0.30766
0.29536
0.13772
0.20028
0.27218
0.31859
0.05902
0.18225
0.08934
0.06209
0.14817
0.31445
0.32817
0.18333
0.25277
0.12556
0.07702
0.05289
0.20287
0.20058
0.31081
0.23126
0.32674
0.27419
0.26482
0.35595
0.09647
0.08120
0.12154
0.28215
0.31695
0.16513
0.09362
0.25329
0.07743
0.13724
0.19442
0.22858
0.22192
0.17071
0.09312
0.15750
0.12576
0.15638
0.22854
0.29229
0.12267
0.19245
0.22865
0.29172
0.02884
0.25567
0.10741
0.28620
0.13116
0.12975
0.26751
0.06132
0.08629
0.19068
0.22458
0.04858
0.28244
0.04622
0.14105
0.12895
0.29654
0.27640
0.21055
0.26450
0.09410
0.16482
0.31798
0.32115
0.11790
0.15054
0.04947
0.29292
0.24351
0.06407
0.18338
0.05194
0.28126
0.15570
0.13902
0.30664
0.13924
0.34011
0.19868
0.08495
0.19668
0.24154
0.11526
0.32902
0.30478
0.33188
0.13962
0.14742
0.15041
0.24682
0.30487
0.28153
0.26226
0.30385
0.10841
0.13170
0.28938
0.25255
0.08899
0.28387
0.06438
0.23677
0.26808
0.05826
0.11408
0.19252
0.05457
0.08032
0.13141
0.27353
0.05118
0.11932
0.26273
0.13995
0.07272
0.16734
0.21841
0.26008
0.25980
0.22186
0.19895
0.11883
0.07521
0.19389
0.14001
0.27456
0.23145
0.17281
0.08567
0.27820
0.22006
0.08931
0.18148
0.17170
0.07962
0.26055
0.14605
0.21308
0.25368
0.10215
0.23316
0.23504
0.11494
0.28055
0.25467
0.22875
0.13194
0.29266
0.20724
0.33917
0.11406
0.23986
0.14819
0.10199
0.08717
0.05229
0.21190
0.17017
0.17216
0.06193
0.23447
0.11116
0.25341
0.14454
0.07656
0.25850
0.11367
0.05414
0.12541
0.25629
0.07421
0.28815
0.09595
0.12095
0.16623
0.22749
0.10846
0.05346
0.10375
0.13271
0.10646
0.14923
0.07542
0.25781
0.12863
0.17984
0.18935
0.14258
0.08736
0.13331
0.20230
0.14475
0.20594
0.19598
0.15400
0.25314
0.28644
0.10086
0.17304
0.07286
0.11038
0.13976
0.08739
0.04699
0.36089
0.17057
0.08630
0.18133
0.15495
0.10052
0.17741
0.33298
0.11581
0.10008
0.30104
0.12917
0.23749
0.22347
0.17339
0.11918
0.07658
0.04936
0.19630
0.21963
0.12719
0.12157
0.22385
0.20830
0.19688
0.13339
0.31208
0.29282
0.27915
0.18695
0.10999
0.32490
0.31848
0.33390
0.05307
0.28201
0.14411
0.28657
0.14361
0.10643
0.19153
0.12919
0.10504
0.20536
0.21593
0.08761
0.12956
0.05721
0.25605
0.19454
0.22610
0.19169
0.24384
0.24117
0.19280
0.05986
0.23202
0.26986
0.37061
0.31449
0.33388
0.23986
0.26245
0.28611
0.30280
0.29303
0.06763
0.07086
0.15752
0.23540
0.07171
0.08144
0.19584
0.11125
0.22771
0.12239
0.13880
0.14023
0.26807
0.27514
0.27125
0.20473
0.32264
0.12594
0.15048
0.30738
0.06113
0.18418
0.07640
0.09248
0.18395
0.06412
0.23238
0.30759
0.09114
0.12125
0.14243
0.27914
0.12239
0.06824
0.09352
0.06023
0.08722
0.12497
0.14806
0.06961
0.29156
0.19751
0.19246
0.08445
0.17293
0.29352
0.17740
0.26847
0.35912
0.19343
0.30745
0.30414
0.28731
0.28433
0.27928
0.23080
0.35273
0.20256
0.23077
0.23979
0.22305
0.28406
0.18972
0.37562
0.31511
0.25880
0.23947
0.24688
0.19479
0.33588
0.30034
0.21177
0.30849
0.35168
0.20361
0.23743
0.32567
0.26626
0.25368
0.25897
0.25675
0.30901
0.22804
0.22154
0.35939
0.24196
0.23077
0.30462
0.16901
0.31608
0.35818
0.29296
0.26795
0.27243
0.26055
0.23461
0.27491
0.33709
0.19727
0.28704
0.32485
0.23190
0.26207
0.29080
0.17219
0.29116
0.25380
0.29560
0.31064
0.30202
0.24590
0.16643
0.29225
0.36666
0.11016
0.27253
0.20214
0.20409
0.17546
0.35124
0.31228
0.30885
0.15885
0.35184
0.26521
0.27664
0.36179
0.29362
0.28561
0.28933
0.21443
0.28087
0.17331
0.36772
0.26989
0.24205
0.17864
0.32355
0.21383
0.24553
0.28853
0.26918
0.34884
0.31089
0.19343
0.33921
0.30097
0.16491
0.17644
0.25643
0.18910
0.20097
0.15360
0.28798
0.34718
0.27190
0.24468
0.23372
0.25701
0.21293
0.27831
0.25517
0.26864
0.22892
0.27610
0.25678
0.20155
0.17765
0.34021
0.30765
0.17889
0.30273
0.31718
0.26827
0.35005
0.30252
0.23350
0.25149
0.20947
0.29708
0.31503
0.23952
0.26047
0.25457
0.14727
0.29227
0.23050
0.27752
0.22853
0.26995
0.29423
0.30068
0.18717
0.21083
0.29352
0.21568
0.26755
0.17548
0.21280
0.24538
0.21350
0.17933
0.30408
0.31869
0.32963
0.19913
0.16039
0.32507
0.19814
0.18711
0.19372
0.30689
0.29677
0.18196
0.16789
0.28251
0.24221
0.17708
0.14456
0.21753
0.26328
0.20911
0.24255
0.23098
0.30038
0.17503
0.22376
0.26545
0.26904
0.18194
0.27667
0.24633
0.22075
0.37412
0.17845
0.26954
0.23361
0.36690
0.31448
0.23796
0.25763
0.27027
0.27997
0.18855
0.30393
0.27276
0.25039
0.28858
0.28137
0.33914
0.21719
0.30523
0.23964
0.33565
0.20520
0.26285
0.21366
0.23755
0.28177
0.24291
0.20471
0.23826
0.24461
0.32022
0.20296
0.32423
0.22904
0.24765
0.31233
0.28398
0.28654
0.13844
0.19516
0.33159
0.31499
0.22375
0.26423
0.29643
0.27066
0.24123
0.18528
0.30032
0.29336
0.26196
0.21814
0.16566
0.28330
0.31949
0.25500
0.25390
0.23569
0.32404
0.24384
0.17180
0.20329
0.28461
0.25979
0.26237
0.27138
0.24406
0.35036
0.35876
0.14540
0.24131
0.32325
0.25939
0.24693
0.28957
0.33091
0.22623
0.18323
0.19370
0.24198
0.25539
0.35872
0.27851
0.29204
0.26493
0.21842
0.28099
0.30945
0.28055
0.15581
0.32893
0.20985
0.21556
0.33612
0.29810
0.25131
0.22843
0.23276
0.28811
0.31385
0.33079
0.21831
0.28243
0.19623
0.29920
0.31385
0.11636
0.25632
0.19445
0.23251
0.24546
0.22288
0.25433
0.26093
0.24422
0.21475
0.23079
0.21822
0.33161
0.26580
0.25028
0.18755
0.29040
0.24621
0.24327
0.20571
0.32353
0.28078
0.33053
0.24065
0.25174
0.26167
0.25113
0.22351
0.27653
0.15526
0.33025
0.22643
0.33639
0.29413
0.30130
0.34113
0.28034
0.22284
0.27024
0.16808
0.21056
0.25324
0.18647
0.26496
0.31649
0.25941
0.29439
0.37675
0.29723
0.33918
0.26011
0.30511
0.29943
0.35907
0.23685
0.28611
0.32339
0.31398
0.27246
0.33039
0.38103
0.19709
0.23953
0.32151
0.22127
0.32387
0.32033
0.23997
0.23771
0.34799
0.23882
0.26242
0.31558
0.26131
0.23534
0.21668
0.24035
0.30873
0.29138
0.29720
0.29056
0.24244
0.29617
0.27207
0.27883
0.24845
0.26177
0.11656
0.33147
0.30481
0.33202
0.29158
0.30598
0.38175
0.35207
0.24524
0.18054
0.27022
0.38365
0.27040
0.15381
0.29490
0.36379
0.25893
0.21363
0.31904
0.23968
0.28314
0.23383
0.30449
0.35241
0.40877
0.30946
0.28148
0.24239
0.34370
0.28745
0.31784
0.25550
0.32390
0.23478
0.20705
0.32166
0.40733
0.26196
0.34777
0.40864
0.22069
0.28096
0.31820
0.33442
0.29894
0.22976
0.26919
0.21641
0.29625
0.25113
0.31680
0.31970
0.34864
0.25224
0.26780
0.24669
0.18493
0.24230
0.34232
0.23215
0.13639
0.33493
0.19027
0.18933
0.36273
0.15862
0.22929
0.21179
0.26555
0.22545
0.42354
0.20443
0.30083
0.34523
0.23908
0.16985
0.23146
0.25158
0.21640
0.33108
0.17690
0.36511
0.35270
0.22389
0.23449
0.22882
0.33293
0.23362
0.21942
0.33082
0.41259
0.30465
0.26153
0.33562
0.34326
0.20297
0.27060
0.25990
0.38022
0.21325
0.21650
0.20521
0.36334
0.24583
0.23383
0.23904
0.32739
0.34136
0.18287
0.29553
0.27725
0.30094
0.27461
0.23642
0.35803
0.29484
0.25892
0.26639
0.27457
0.32375
0.23414
0.30034
0.24441
0.34326
0.25252
0.20385
0.30350
0.26933
0.20154
0.26718
0.23922
0.31994
0.23478
0.07577
0.18465
0.18533
0.28362
0.25089
0.21330
0.27889
0.35277
0.26976
0.07238
0.20985
0.04095
0.31837
0.22161
0.20499
0.31170
0.06461
0.14746
0.19945
0.22248
0.09510
0.13639
0.24899
0.30545
0.24421
0.20715
0.23393
0.08308
0.32392
0.21965
0.09933
0.02861
0.12532
0.28934
0.13452
0.26749
0.22644
0.27423
0.07535
0.08662
0.04878
0.10727
0.23555
0.10865
0.19377
0.19174
0.31761
0.08729
0.25139
0.20590
0.03583
0.28618
0.07089
0.07852
0.26781
0.20140
0.29545
0.07319
0.09311
0.19959
0.21642
0.23500
0.21549
0.04507
0.06087
0.17703
0.20626
0.16728
0.16690
0.11497
0.30000
0.17897
0.12753
0.24845
0.28101
0.09178
0.13785
0.16570
0.10575
0.06824
0.22066
0.11539
0.20554
0.24129
0.24324
0.21123
0.35220
0.27272
0.21910
0.23359
0.23436
0.24163
0.02829
0.22707
0.10125
0.09314
0.23230
0.25080
0.30429
0.23609
0.03451
0.10273
0.13470
0.24557
0.18652
0.26149
0.09522
0.17702
0.30350
0.10589
0.24751
0.11744
0.03203
0.06016
0.17165
0.04732
0.08042
0.21286
0.28453
0.06640
0.15381
0.04808
0.04664
0.06287
0.25239
