0.08034
0.09662
0.06356
0.24857
0.05954
0.12198
0.25303
0.13927
0.18312
0.05089
0.17417
0.13992
0.17966
0.10792
0.12534
0.24041
0.14251
0.09162
0.06772
0.12374
0.31050
0.14111
0.15235
0.04179
0.25596
0.14135
0.10304
0.17120
0.07574
0.12535
0.13996
0.20104
0.15306
0.10430
0.06666
0.09117
0.13161
0.08560
0.11511
0.14222
0.25745
0.28027
0.08493
0.11020
0.27797
0.16111
0.16188
0.25384
0.16610
0.14121
0.09314
0.09704
0.14305
0.31070
0.10510
0.23763
0.18308
0.12118
0.12532
0.08448
0.29304
0.32005
0.12363
0.26167
0.28539
0.30930
0.03709
0.21056
0.07127
0.05185
0.15605
0.31748
0.26486
0.20246
0.24990
0.07650
0.06846
0.05026
0.20301
0.15626
0.31479
0.10950
0.32649
0.27425
0.26048
0.31296
0.09064
0.07322
0.13825
0.23754
0.34377
0.19135
0.05928
0.25223
0.05920
0.15745
0.17770
0.21642
0.19529
0.17240
0.09556
0.20536
0.10561
0.10953
0.21551
0.30209
0.16089
0.15967
0.14294
0.29381
0.04024
0.26989
0.10108
0.22876
0.11391
0.11968
0.26462
0.04236
0.05610
0.22548
0.24473
0.05275
0.30690
0.02174
0.08471
0.12795
0.25699
0.27491
0.19272
0.26544
0.11325
0.08802
0.30097
0.34155
0.09617
0.10642
0.07476
0.29864
0.25717
0.04232
0.17088
0.04498
0.30029
0.19729
0.11910
0.27825
0.06395
0.33824
0.17236
0.08501
0.11793
0.26164
0.11262
0.31294
0.32711
0.33473
0.09988
0.16872
0.15248
0.19897
0.20064
0.26013
0.26227
0.34125
0.09054
0.08457
0.25130
0.25978
0.06805
0.26356
0.08968
0.23525
0.21428
0.05115
0.06442
0.20062
0.05140
0.05900
0.16524
0.28877
0.09326
0.10062
0.17973
0.14509
0.06149
0.19942
0.20462
0.26606
0.25397
0.17291
0.09777
0.08256
0.05193
0.15495
0.13337
0.20340
0.16125
0.19723
0.10486
0.26080
0.26162
0.10523
0.16586
0.14356
0.06015
0.16100
0.07216
0.20124
0.23593
0.10901
0.26391
0.23721
0.07652
0.24694
0.26356
0.24494
0.11558
0.18908
0.22586
0.33601
0.11495
0.16691
0.07603
0.08111
0.05673
0.04381
0.15483
0.13905
0.10232
0.08448
0.24740
0.08659
0.18249
0.09281
0.05311
0.24756
0.11197
0.03433
0.10151
0.24342
0.06836
0.31425
0.09048
0.10480
0.13705
0.22195
0.10997
0.05392
0.11266
0.13291
0.10609
0.09969
0.12417
0.21529
0.13902
0.15703
0.20121
0.04863
0.03252
0.12798
0.24812
0.14505
0.26173
0.16710
0.13191
0.21568
0.30833
0.09307
0.19373
0.04884
0.06463
0.11617
0.06872
0.03608
0.33571
0.17993
0.05733
0.21160
0.15536
0.08443
0.10429
0.34641
0.10890
0.04802
0.30728
0.11471
0.17262
0.17630
0.22031
0.13606
0.07869
0.08798
0.19713
0.23368
0.16472
0.09465
0.18398
0.13371
0.18743
0.15323
0.35061
0.27836
0.27439
0.11024
0.11306
0.31354
0.30116
0.33206
0.03922
0.24015
0.10222
0.29848
0.14279
0.06897
0.15366
0.12079
0.11007
0.11911
0.19411
0.03767
0.06096
0.06040
0.26403
0.12375
0.26902
0.16855
0.23346
0.24197
0.10730
0.03398
0.26246
0.24325
0.32459
0.19007
0.26882
0.21830
0.23443
0.29509
0.29406
0.22420
0.05656
0.10113
0.10454
0.22193
0.03820
0.03375
0.16963
0.09158
0.19368
0.11184
0.16462
0.08513
0.29045
0.21270
0.22982
0.22488
0.27844
0.18540
0.13038
0.30770
0.06661
0.20531
0.06872
0.06727
0.21739
0.04478
0.23727
0.31015
0.05749
0.08338
0.13140
0.21217
0.10984
0.04548
0.07188
0.06536
0.03655
0.11606
0.21776
0.08681
0.25912
0.13320
0.13812
0.12455
0.19645
0.26176
0.22901
0.27248
0.33727
0.18326
0.26786
0.31839
0.30897
0.32341
0.26784
0.24899
0.33780
0.26750
0.27068
0.28334
0.22055
0.30698
0.21296
0.36887
0.30139
0.25086
0.27258
0.25451
0.26859
0.35744
0.30498
0.23882
0.30833
0.32080
0.23235
0.27200
0.30989
0.28780
0.24767
0.25054
0.29514
0.28979
0.25555
0.18815
0.33168
0.27390
0.25023
0.30909
0.20047
0.31268
0.34081
0.30694
0.28791
0.30465
0.28133
0.25532
0.29960
0.30533
0.23056
0.28708
0.30484
0.26478
0.29625
0.30532
0.20774
0.29922
0.26589
0.26954
0.28209
0.27884
0.27069
0.19966
0.25754
0.35620
0.13030
0.27411
0.23558
0.22133
0.18043
0.37076
0.29772
0.32080
0.17179
0.34393
0.27077
0.26005
0.36788
0.29449
0.29811
0.28890
0.23652
0.28349
0.17465
0.34377
0.30377
0.21003
0.18200
0.31886
0.19693
0.25614
0.29255
0.25243
0.34069
0.29732
0.21815
0.32155
0.30836
0.17193
0.18990
0.28555
0.18246
0.19992
0.13865
0.27854
0.33845
0.26916
0.27251
0.24312
0.31028
0.21933
0.31036
0.27354
0.28190
0.18068
0.27171
0.30002
0.19104
0.18162
0.34596
0.27943
0.22494
0.28743
0.29687
0.26004
0.35273
0.28662
0.23549
0.29707
0.20327
0.28337
0.29298
0.30104
0.26103
0.23475
0.17429
0.31117
0.22658
0.28761
0.22526
0.29622
0.32484
0.26290
0.19502
0.22017
0.28285
0.19025
0.29680
0.19951
0.22196
0.24960
0.23369
0.20827
0.30282
0.30029
0.31028
0.25835
0.25357
0.29262
0.21477
0.24985
0.23851
0.27519
0.29118
0.16706
0.19610
0.28712
0.29333
0.21906
0.16199
0.23408
0.25177
0.24912
0.24960
0.28347
0.31698
0.18546
0.24535
0.25777
0.29413
0.21350
0.29129
0.25726
0.25893
0.36506
0.18622
0.28896
0.25117
0.36627
0.29951
0.25368
0.27848
0.30002
0.26724
0.19122
0.29158
0.27093
0.26439
0.26386
0.28474
0.32379
0.26216
0.26391
0.23539
0.32437
0.24414
0.27745
0.21556
0.28061
0.27007
0.25699
0.21451
0.26411
0.25112
0.32414
0.20943
0.32693
0.24651
0.28371
0.27632
0.25725
0.27771
0.13451
0.24196
0.31242
0.29422
0.26884
0.30502
0.30481
0.25712
0.23504
0.24094
0.27518
0.29102
0.28374
0.24966
0.19655
0.28763
0.28560
0.26858
0.27837
0.18883
0.32316
0.29166
0.21727
0.19579
0.25402
0.28118
0.30471
0.24981
0.25274
0.35211
0.34085
0.14183
0.25909
0.30589
0.26164
0.28208
0.31776
0.33248
0.22435
0.19622
0.16939
0.25114
0.28371
0.34651
0.29370
0.28412
0.29656
0.22410
0.24618
0.27550
0.25977
0.18932
0.31360
0.22440
0.23615
0.32607
0.30530
0.27483
0.24581
0.24704
0.28112
0.33146
0.33135
0.27150
0.25995
0.20490
0.31086
0.29018
0.12675
0.27484
0.20762
0.24492
0.28970
0.23260
0.27341
0.23911
0.26246
0.20237
0.25074
0.25602
0.31933
0.28075
0.27788
0.21162
0.26839
0.24847
0.24853
0.21328
0.28904
0.26553
0.34082
0.25178
0.25966
0.28839
0.26446
0.24845
0.25713
0.18911
0.31497
0.28718
0.31739
0.25856
0.25563
0.33410
0.26026
0.27408
0.29766
0.19339
0.21659
0.29690
0.22154
0.30134
0.29529
0.29358
0.33036
0.36925
0.27359
0.30504
0.26237
0.28067
0.28696
0.35375
0.27209
0.27355
0.31238
0.30401
0.30043
0.32324
0.37934
0.24572
0.27937
0.33564
0.23522
0.29058
0.31235
0.25294
0.26739
0.33601
0.22665
0.29303
0.28716
0.28742
0.23191
0.25655
0.27285
0.30129
0.28086
0.31348
0.27895
0.26932
0.30258
0.28034
0.30172
0.28123
0.26799
0.14801
0.31667
0.33954
0.35521
0.33010
0.30172
0.40642
0.40519
0.29297
0.16888
0.33522
0.38892
0.28124
0.16736
0.32187
0.33653
0.23711
0.27156
0.31179
0.25773
0.24894
0.26528
0.33624
0.34596
0.36554
0.29169
0.33295
0.28318
0.38701
0.28172
0.30228
0.31145
0.35110
0.30561
0.19114
0.28225
0.44324
0.22078
0.40395
0.42069
0.20586
0.30518
0.37230
0.31147
0.27340
0.26952
0.31577
0.23752
0.25518
0.31426
0.28192
0.29224
0.38269
0.30046
0.31102
0.23060
0.23094
0.29861
0.40162
0.18942
0.07639
0.35012
0.11902
0.19914
0.41148
0.12950
0.23693
0.20708
0.30917
0.24886
0.44423
0.18148
0.35089
0.38261
0.24991
0.21642
0.28241
0.22096
0.21194
0.37097
0.15009
0.36039
0.33516
0.26890
0.24622
0.27276
0.35209
0.28154
0.19305
0.31910
0.42912
0.31268
0.28717
0.35957
0.37080
0.25650
0.24126
0.27929
0.38977
0.18555
0.23211
0.24980
0.35829
0.31247
0.25261
0.29008
0.31585
0.34149
0.22127
0.32579
0.35025
0.27509
0.31949
0.24664
0.37920
0.32879
0.24221
0.31310
0.32887
0.35614
0.27210
0.30574
0.21898
0.33387
0.24207
0.27264
0.32600
0.31822
0.26941
0.31606
0.18449
0.34970
0.18335
0.02722
0.17500
0.23069
0.26119
0.26278
0.22561
0.24744
0.34105
0.20410
0.04323
0.17201
0.01605
0.26994
0.21793
0.20221
0.28450
0.09020
0.11388
0.17286
0.18533
0.04855
0.12756
0.21626
0.26963
0.18286
0.21459
0.26256
0.05491
0.28848
0.19538
0.03564
0.05696
0.14402
0.28898
0.18575
0.18430
0.23065
0.29971
0.03245
0.06488
0.05566
0.06275
0.21026
0.08326
0.14767
0.25584
0.31096
0.10606
0.26701
0.21678
0.05512
0.28922
0.05525
0.01757
0.27592
0.18596
0.23365
0.04763
0.06136
0.20910
0.18908
0.28582
0.23462
0.02345
0.03550
0.18224
0.22158
0.21016
0.09058
0.11299
0.24136
0.08625
0.12169
0.26735
0.25288
0.08578
0.17102
0.16673
0.02218
0.01497
0.23300
0.18970
0.20131
0.24031
0.29595
0.20812
0.33029
0.23382
0.23388
0.17842
0.23436
0.18308
0.03812
0.25015
0.06763
0.02935
0.07909
0.26369
0.26451
0.23953
0.05456
0.06428
0.09354
0.16901
0.20036
0.28866
0.07179
0.15502
0.34534
0.10149
0.21643
0.09963
0.01021
0.02025
0.12557
0.04141
0.04136
0.23254
0.27599
0.11476
0.07884
0.02569
0.05733
0.07569
0.27682
