0.12289
0.09394
0.07374
0.22743
0.09475
0.13606
0.19820
0.15631
0.18900
0.04034
0.23660
0.14698
0.15999
0.11157
0.12370
0.23152
0.15502
0.14095
0.08187
0.16872
0.31668
0.13011
0.16158
0.09328
0.23564
0.16305
0.10798
0.25665
0.10868
0.15922
0.14727
0.25252
0.15820
0.10621
0.05663
0.09583
0.14785
0.07598
0.12455
0.16012
0.32613
0.28262
0.10203
0.14443
0.29378
0.21813
0.16296
0.26787
0.20511
0.13103
0.10807
0.13145
0.11667
0.30992
0.09087
0.27585
0.18374
0.14263
0.15483
0.08003
0.27753
0.26230
0.14608
0.19842
0.27291
0.31390
0.05885
0.19280
0.09731
0.04672
0.14764
0.29688
0.27685
0.19527
0.24147
0.11148
0.11096
0.03476
0.21929
0.17126
0.32110
0.16165
0.32829
0.28382
0.29343
0.34609
0.10865
0.08452
0.12810
0.26596
0.33736
0.17266
0.06578
0.29353
0.05658
0.14185
0.25683
0.21419
0.20278
0.17423
0.08971
0.17212
0.11003
0.12936
0.20505
0.27782
0.16326
0.17866
0.19890
0.28899
0.03710
0.28104
0.07921
0.24031
0.13858
0.15106
0.28427
0.06579
0.05107
0.17032
0.21014
0.06162
0.25144
0.03056
0.09972
0.15055
0.32586
0.26862
0.17710
0.25485
0.09512
0.11995
0.28209
0.33781
0.11358
0.13561
0.08389
0.28700
0.28155
0.04316
0.18575
0.05005
0.28883
0.14688
0.14364
0.30180
0.09064
0.36127
0.20698
0.08579
0.17215
0.27145
0.11735
0.30366
0.29717
0.32067
0.10485
0.19839
0.18037
0.18946
0.25725
0.26725
0.29123
0.31066
0.09533
0.07901
0.28592
0.27735
0.14079
0.29479
0.07306
0.22390
0.23690
0.05307
0.10758
0.21833
0.04567
0.07770
0.15616
0.27902
0.11258
0.10747
0.23101
0.18423
0.10837
0.14484
0.23007
0.25416
0.25570
0.21189
0.12031
0.06484
0.06914
0.13266
0.15778
0.24312
0.16763
0.19725
0.13154
0.26933
0.24144
0.12884
0.17242
0.18005
0.06963
0.23509
0.07986
0.24086
0.25529
0.09328
0.25550
0.25758
0.11988
0.25732
0.26875
0.23668
0.13607
0.24013
0.18962
0.33579
0.12052
0.21462
0.11232
0.05027
0.07213
0.06687
0.21693
0.19003
0.14271
0.04275
0.20108
0.10750
0.26132
0.13251
0.05952
0.25322
0.10647
0.04711
0.12682
0.27420
0.07226
0.30166
0.11763
0.11027
0.16041
0.21037
0.10774
0.03827
0.11121
0.09470
0.12606
0.14713
0.09353
0.27491
0.14931
0.16400
0.21466
0.09271
0.06644
0.13838
0.19832
0.16675
0.21423
0.17238
0.13664
0.24079
0.26628
0.09451
0.17495
0.04351
0.05758
0.13190
0.05372
0.06099
0.36834
0.17671
0.07962
0.20651
0.13508
0.07246
0.16669
0.34052
0.13251
0.08765
0.29541
0.11920
0.20253
0.17930
0.26253
0.13316
0.11033
0.06226
0.23091
0.21809
0.20336
0.10045
0.16106
0.17768
0.16670
0.17580
0.32002
0.28285
0.28361
0.17750
0.11200
0.29983
0.29681
0.33037
0.04292
0.28584
0.10044
0.29120
0.16567
0.07875
0.15834
0.16535
0.10963
0.19529
0.26327
0.10107
0.09268
0.07977
0.29597
0.16051
0.24089
0.14747
0.23884
0.21529
0.15406
0.09312
0.21450
0.26925
0.37827
0.25473
0.33734
0.22120
0.25275
0.30231
0.27412
0.30978
0.06281
0.06666
0.13131
0.23730
0.06166
0.05127
0.20520
0.15818
0.23561
0.11584
0.19122
0.12816
0.23513
0.25737
0.28117
0.20073
0.29477
0.14432
0.16738
0.31745
0.07010
0.24731
0.07399
0.08840
0.20298
0.03766
0.23105
0.32887
0.08393
0.07971
0.13749
0.23893
0.12216
0.06770
0.07872
0.05742
0.08191
0.11459
0.20622
0.10931
0.27829
0.12432
0.21582
0.09379
0.19399
0.29575
0.21486
0.27853
0.35092
0.19265
0.27129
0.30589
0.30758
0.30998
0.27557
0.26804
0.35104
0.24062
0.23573
0.25160
0.20898
0.30928
0.19219
0.37164
0.30717
0.27484
0.26844
0.25289
0.26415
0.35228
0.30144
0.25810
0.31076
0.34038
0.20387
0.25239
0.32722
0.26895
0.23092
0.25660
0.30582
0.30721
0.26874
0.20865
0.34455
0.22834
0.25384
0.33656
0.19993
0.29963
0.35449
0.29306
0.31838
0.30495
0.29629
0.24329
0.27000
0.33732
0.24751
0.30373
0.32557
0.26672
0.27331
0.31055
0.18111
0.31073
0.25635
0.28449
0.31064
0.29976
0.28312
0.17168
0.29123
0.35040
0.14370
0.28468
0.22740
0.20679
0.20242
0.35821
0.29576
0.32714
0.15288
0.37088
0.25439
0.27811
0.36953
0.32409
0.29519
0.28774
0.25386
0.26276
0.18957
0.36643
0.29079
0.25671
0.16408
0.30656
0.20928
0.26408
0.29489
0.26610
0.35599
0.33026
0.20671
0.32764
0.31455
0.17019
0.20427
0.29540
0.16222
0.17367
0.14000
0.31253
0.33093
0.27401
0.24953
0.24109
0.30902
0.20544
0.29108
0.23411
0.31164
0.19398
0.28935
0.28678
0.18947
0.17348
0.34800
0.30035
0.20325
0.32347
0.32888
0.25389
0.34852
0.32024
0.23678
0.28659
0.17388
0.29633
0.31004
0.26768
0.27264
0.24830
0.15999
0.27910
0.21777
0.28815
0.22492
0.28693
0.32268
0.28445
0.20651
0.21815
0.29046
0.19821
0.29671
0.18874
0.24067
0.22086
0.21498
0.21388
0.30624
0.32737
0.31106
0.23016
0.21362
0.33521
0.22394
0.21425
0.19592
0.31262
0.31207
0.14839
0.16807
0.25579
0.28043
0.19626
0.14703
0.20366
0.26126
0.24061
0.25043
0.26154
0.32673
0.17837
0.23697
0.28059
0.29819
0.16489
0.29119
0.27714
0.24694
0.36972
0.18244
0.31206
0.22645
0.35791
0.31287
0.25282
0.26187
0.26760
0.26616
0.19776
0.31152
0.26451
0.26023
0.28454
0.27792
0.33255
0.23174
0.27384
0.22777
0.34004
0.22951
0.27643
0.23949
0.27393
0.28660
0.26707
0.22459
0.25035
0.25537
0.29924
0.21004
0.29777
0.23287
0.28675
0.30360
0.29386
0.30660
0.14086
0.20482
0.31987
0.34183
0.27169
0.30457
0.29584
0.24146
0.24079
0.22748
0.31370
0.27603
0.28415
0.24024
0.18682
0.29584
0.30178
0.26569
0.27153
0.24167
0.33169
0.28065
0.20472
0.19056
0.27992
0.27549
0.30330
0.27348
0.26454
0.34886
0.35575
0.14377
0.22377
0.31854
0.28058
0.26377
0.26588
0.33530
0.23326
0.19860
0.18497
0.27570
0.27637
0.35458
0.27886
0.29967
0.29604
0.21799
0.26157
0.29204
0.28016
0.16936
0.33126
0.21937
0.23689
0.34089
0.31045
0.27851
0.24024
0.23562
0.29483
0.33650
0.34977
0.25068
0.27989
0.18142
0.31025
0.30468
0.11449
0.25599
0.20472
0.23207
0.28510
0.24113
0.27366
0.25804
0.29348
0.21754
0.22223
0.22332
0.34611
0.27201
0.27772
0.19276
0.27959
0.24768
0.21857
0.20246
0.33481
0.30230
0.33449
0.22906
0.25590
0.28108
0.24225
0.24570
0.27580
0.17959
0.31135
0.26278
0.33847
0.27088
0.30243
0.35827
0.28057
0.27920
0.30773
0.14967
0.19358
0.29957
0.21183
0.31439
0.30169
0.30455
0.32746
0.38142
0.30433
0.32618
0.25401
0.29196
0.28941
0.35478
0.27119
0.27360
0.32901
0.32570
0.30324
0.33184
0.36521
0.23178
0.24861
0.33825
0.24984
0.31873
0.32944
0.24623
0.23716
0.34037
0.22735
0.28541
0.31260
0.28520
0.25168
0.23620
0.29641
0.27709
0.29745
0.29842
0.29611
0.27895
0.29030
0.27669
0.30200
0.29337
0.26687
0.12735
0.31460
0.30969
0.34921
0.32217
0.31739
0.40683
0.40050
0.26705
0.17531
0.31495
0.37244
0.29335
0.21355
0.32040
0.31896
0.24464
0.26159
0.33609
0.21594
0.27426
0.24991
0.33640
0.36593
0.41773
0.27017
0.29817
0.27070
0.38840
0.26043
0.32049
0.31268
0.36279
0.29476
0.19270
0.31602
0.44829
0.24756
0.40876
0.42610
0.21692
0.29695
0.36747
0.32237
0.29673
0.23994
0.26487
0.22745
0.31030
0.32062
0.28105
0.28001
0.37767
0.27546
0.27849
0.24192
0.15885
0.27758
0.39828
0.24048
0.13372
0.34127
0.17707
0.19651
0.39378
0.15972
0.26977
0.19670
0.28753
0.23724
0.43364
0.20287
0.33273
0.40237
0.24690
0.20998
0.26172
0.26940
0.21146
0.36109
0.16396
0.37831
0.35858
0.27321
0.25951
0.24166
0.34542
0.28846
0.21616
0.34736
0.41711
0.31985
0.28047
0.36922
0.38451
0.21983
0.27254
0.28517
0.40236
0.20678
0.23306
0.23547
0.35096
0.24772
0.25234
0.26628
0.34108
0.37877
0.23806
0.28617
0.35376
0.32196
0.27012
0.24553
0.37638
0.30361
0.26835
0.27871
0.31270
0.34530
0.25375
0.30887
0.22898
0.32593
0.26517
0.22436
0.30277
0.28884
0.25944
0.28794
0.19001
0.32698
0.20356
0.03315
0.08325
0.13514
0.22704
0.29755
0.21189
0.23703
0.34141
0.19510
0.07899
0.16127
0.06978
0.31447
0.28174
0.20074
0.29136
0.06859
0.11293
0.17972
0.21033
0.05627
0.08333
0.24823
0.25716
0.20221
0.21826
0.27158
0.10238
0.31084
0.20557
0.04963
0.09818
0.14327
0.29574
0.17531
0.24610
0.22047
0.27501
0.09899
0.08036
0.03764
0.05748
0.29350
0.12335
0.10567
0.16574
0.27773
0.11953
0.23014
0.21024
0.10977
0.30662
0.06367
0.10901
0.27702
0.19727
0.26667
0.05332
0.06451
0.19114
0.21114
0.28275
0.23156
0.05289
0.05613
0.18419
0.21264
0.14600
0.23639
0.11347
0.21133
0.15087
0.14189
0.24988
0.29975
0.06189
0.19811
0.17137
0.09331
0.06112
0.13611
0.06277
0.22041
0.23462
0.28586
0.20070
0.32045
0.20863
0.18871
0.19787
0.25695
0.24019
0.04361
0.25532
0.13366
0.05935
0.23477
0.26357
0.26639
0.26836
0.09178
0.09169
0.10192
0.21804
0.15749
0.25175
0.08251
0.22615
0.32736
0.13373
0.20595
0.11277
0.06926
0.02262
0.08861
0.04894
0.10391
0.23521
0.28245
0.09821
0.11175
0.09342
0.09657
0.04218
0.25049
