0.10117
0.09345
0.07063
0.23159
0.08052
0.13891
0.21087
0.13819
0.17195
0.05329
0.20407
0.12151
0.17621
0.12253
0.15277
0.23685
0.14377
0.13787
0.10581
0.17740
0.29069
0.13113
0.15554
0.04465
0.22496
0.14720
0.08525
0.23232
0.07389
0.14406
0.12517
0.23736
0.14462
0.10594
0.09754
0.10655
0.16327
0.07279
0.10941
0.13764
0.30671
0.26992
0.08054
0.13968
0.28292
0.22856
0.16194
0.27981
0.21378
0.12602
0.09826
0.15101
0.14029
0.29874
0.09263
0.21651
0.24601
0.10115
0.15052
0.05710
0.28350
0.27913
0.13254
0.22838
0.27570
0.31672
0.04025
0.20141
0.12887
0.04506
0.13991
0.29306
0.32862
0.20670
0.27721
0.09773
0.06349
0.04428
0.18468
0.16943
0.28993
0.17937
0.30664
0.29372
0.27079
0.35320
0.10327
0.08037
0.13604
0.26609
0.32452
0.18550
0.05527
0.28681
0.04979
0.16834
0.17635
0.20753
0.20755
0.17029
0.09664
0.16012
0.13594
0.10969
0.22879
0.26846
0.17556
0.16083
0.17156
0.27897
0.04624
0.24606
0.07522
0.24757
0.11530
0.14256
0.29215
0.06315
0.07631
0.16236
0.24729
0.05534
0.28140
0.04506
0.08864
0.15714
0.31267
0.28641
0.15238
0.25869
0.10540
0.11435
0.28743
0.33249
0.10224
0.11266
0.08707
0.28880
0.24921
0.03918
0.16403
0.03607
0.28646
0.15879
0.13423
0.29149
0.11304
0.35012
0.19358
0.09418
0.15638
0.28481
0.11129
0.30609
0.30457
0.33683
0.09149
0.14820
0.16199
0.25328
0.29058
0.28068
0.27020
0.31608
0.10759
0.10200
0.29825
0.28296
0.08113
0.28831
0.06863
0.23935
0.25525
0.03899
0.09494
0.21149
0.06074
0.07821
0.17961
0.28965
0.06213
0.11522
0.18942
0.16263
0.08987
0.17405
0.24993
0.25055
0.27413
0.22192
0.13774
0.06651
0.04969
0.15647
0.14057
0.26742
0.19498
0.19637
0.11740
0.28240
0.22693
0.09900
0.15186
0.16382
0.04302
0.21673
0.12127
0.17618
0.24626
0.08431
0.26302
0.23311
0.08779
0.26283
0.25633
0.27009
0.13510
0.26486
0.20458
0.33841
0.11194
0.21845
0.12860
0.04001
0.06512
0.03881
0.17702
0.16260
0.13365
0.07723
0.24341
0.08209
0.25360
0.12783
0.06397
0.29127
0.12973
0.04405
0.09472
0.25902
0.08861
0.31845
0.09255
0.12344
0.14166
0.21015
0.10869
0.05353
0.11584
0.11130
0.12968
0.12159
0.10079
0.25382
0.14482
0.15427
0.21768
0.07790
0.04215
0.12962
0.18858
0.14669
0.19426
0.12676
0.12447
0.23223
0.28582
0.10478
0.17078
0.05087
0.13217
0.11923
0.06852
0.06746
0.36927
0.15069
0.07461
0.23495
0.14728
0.08858
0.13521
0.32941
0.11858
0.07459
0.31023
0.12765
0.20023
0.19958
0.23083
0.12232
0.08152
0.09114
0.18899
0.21458
0.15975
0.10108
0.22174
0.18438
0.20156
0.12795
0.33055
0.29826
0.27336
0.11435
0.10324
0.28986
0.31133
0.31757
0.01406
0.26387
0.11804
0.32197
0.13065
0.08807
0.17652
0.10135
0.09359
0.20352
0.24572
0.07524
0.07505
0.11925
0.24685
0.20936
0.23326
0.11795
0.24036
0.26748
0.12616
0.06874
0.26737
0.26512
0.38236
0.26113
0.31371
0.23889
0.25628
0.25863
0.25323
0.24357
0.04804
0.08175
0.12515
0.22258
0.03383
0.10310
0.25087
0.10587
0.22759
0.08073
0.16361
0.12292
0.25551
0.27675
0.26328
0.18094
0.30635
0.12547
0.15004
0.33836
0.05870
0.20091
0.04998
0.06103
0.21446
0.03849
0.22845
0.32741
0.05140
0.08437
0.12012
0.26808
0.12022
0.06122
0.07444
0.05624
0.06241
0.11986
0.22215
0.06801
0.29899
0.14211
0.15757
0.11360
0.20523
0.30323
0.17403
0.22288
0.36075
0.18422
0.31423
0.28788
0.22494
0.28429
0.27966
0.17096
0.35637
0.21458
0.24531
0.18711
0.22457
0.22671
0.19055
0.37701
0.32487
0.25000
0.21054
0.25106
0.20476
0.32978
0.21501
0.15452
0.32363
0.33056
0.17130
0.20470
0.33477
0.26563
0.25044
0.23708
0.22682
0.31563
0.19718
0.21568
0.35176
0.21351
0.18336
0.28075
0.16973
0.28470
0.36360
0.29562
0.25154
0.23588
0.24412
0.22610
0.26618
0.34655
0.14414
0.23479
0.34237
0.20805
0.22667
0.29644
0.20363
0.24045
0.24415
0.29438
0.32028
0.31103
0.20554
0.20213
0.30062
0.36248
0.15570
0.27055
0.15870
0.15505
0.19455
0.33638
0.28289
0.33868
0.16518
0.35372
0.26907
0.27995
0.36582
0.31431
0.25879
0.28070
0.23598
0.26677
0.18194
0.37098
0.22185
0.17366
0.19229
0.29757
0.22780
0.26712
0.29483
0.24622
0.36250
0.34501
0.20914
0.33044
0.32156
0.17867
0.18542
0.22812
0.20501
0.21476
0.17054
0.27814
0.35702
0.23077
0.19423
0.24129
0.26263
0.22536
0.24182
0.20882
0.22434
0.23945
0.28603
0.24142
0.20638
0.18263
0.31915
0.29641
0.16594
0.28775
0.32608
0.26420
0.32483
0.32137
0.21732
0.23186
0.21067
0.29642
0.28524
0.23116
0.27649
0.24218
0.17580
0.27729
0.22506
0.25063
0.22364
0.22690
0.26934
0.29969
0.21700
0.24090
0.26241
0.20092
0.26071
0.20488
0.23223
0.23292
0.23209
0.13100
0.27265
0.31698
0.33072
0.16514
0.14053
0.34134
0.18821
0.16497
0.18019
0.31318
0.32357
0.17585
0.18515
0.24927
0.20398
0.13296
0.16900
0.20112
0.26748
0.20018
0.26035
0.19509
0.25257
0.16524
0.17506
0.25877
0.23239
0.18685
0.24389
0.25304
0.24492
0.33481
0.20275
0.30996
0.22658
0.35420
0.32864
0.21337
0.26149
0.23457
0.26114
0.19216
0.28835
0.28943
0.21553
0.28702
0.28547
0.34667
0.22294
0.29985
0.21525
0.34206
0.17197
0.25273
0.23408
0.20156
0.26216
0.26786
0.21940
0.19157
0.24955
0.27416
0.21263
0.30950
0.23049
0.19868
0.30754
0.29354
0.29711
0.15621
0.14929
0.34599
0.33481
0.18987
0.21838
0.27167
0.26313
0.19089
0.14388
0.31682
0.26448
0.22026
0.23530
0.21393
0.23397
0.32122
0.25403
0.20704
0.24351
0.34434
0.23983
0.12975
0.19624
0.29049
0.30333
0.24360
0.23403
0.23581
0.36012
0.35273
0.15242
0.24865
0.32106
0.20602
0.20365
0.28006
0.34579
0.24542
0.20940
0.20286
0.18481
0.21785
0.36366
0.31346
0.29969
0.23931
0.23442
0.23403
0.31666
0.29005
0.17781
0.34356
0.21242
0.22907
0.35750
0.29364
0.20398
0.23140
0.19156
0.30689
0.28379
0.34746
0.22478
0.29706
0.22637
0.22391
0.31256
0.13674
0.23196
0.21652
0.18272
0.23160
0.23316
0.23576
0.22986
0.20582
0.23623
0.17130
0.24120
0.34929
0.25712
0.21732
0.20161
0.30857
0.23777
0.23035
0.15255
0.33194
0.28941
0.31757
0.27433
0.19683
0.24140
0.27384
0.21144
0.26916
0.20837
0.33137
0.24565
0.34605
0.28739
0.30655
0.35695
0.24972
0.18428
0.23611
0.16476
0.14913
0.24739
0.14741
0.26211
0.32293
0.22149
0.26787
0.38270
0.30653
0.33227
0.26818
0.30914
0.28068
0.35498
0.17499
0.25984
0.33927
0.32897
0.23715
0.33642
0.38060
0.24127
0.21033
0.31629
0.22325
0.31232
0.28853
0.22527
0.23076
0.34366
0.23116
0.18886
0.31867
0.23770
0.20089
0.17091
0.21448
0.31601
0.29440
0.26669
0.28357
0.19738
0.24354
0.25332
0.21644
0.20877
0.28169
0.15148
0.32774
0.28652
0.35197
0.27104
0.28656
0.35193
0.37306
0.24581
0.17332
0.23640
0.38315
0.29419
0.23851
0.23732
0.33883
0.23980
0.21811
0.32984
0.23832
0.28483
0.18127
0.27611
0.36563
0.42754
0.27723
0.24486
0.24304
0.33850
0.30844
0.31161
0.27930
0.33545
0.21462
0.21566
0.32019
0.41171
0.26262
0.36729
0.36909
0.20006
0.28761
0.32831
0.28824
0.31863
0.19051
0.25834
0.21000
0.27609
0.25902
0.28541
0.33199
0.33672
0.27189
0.20470
0.24795
0.19016
0.21957
0.36341
0.25920
0.13261
0.31700
0.18990
0.20599
0.37317
0.14420
0.24760
0.20958
0.29079
0.24252
0.43284
0.18402
0.28322
0.34932
0.22934
0.22819
0.22731
0.25639
0.18061
0.32397
0.18451
0.34504
0.34072
0.18254
0.25472
0.19300
0.32995
0.26675
0.20601
0.33883
0.41551
0.32198
0.26739
0.32607
0.32820
0.15255
0.26874
0.28798
0.37588
0.18976
0.22644
0.26185
0.33382
0.20872
0.22646
0.22375
0.31159
0.37719
0.25112
0.27470
0.29384
0.31040
0.25712
0.25304
0.35433
0.27182
0.29847
0.23985
0.28102
0.33293
0.27485
0.29196
0.24357
0.33038
0.26598
0.18050
0.28207
0.26303
0.24795
0.23004
0.19803
0.25754
0.22590
0.02734
0.13949
0.21364
0.28350
0.27021
0.21073
0.28833
0.38862
0.18620
0.03960
0.15856
0.08300
0.30930
0.24343
0.17182
0.26952
0.05498
0.15909
0.22231
0.21665
0.04755
0.11157
0.23070
0.30030
0.25596
0.21628
0.28164
0.03544
0.32101
0.16171
0.06576
0.05685
0.12537
0.31270
0.11971
0.14696
0.20991
0.25531
0.05945
0.04195
0.05723
0.10248
0.29755
0.09691
0.15437
0.18548
0.26662
0.19640
0.23598
0.22365
0.03108
0.27529
0.06237
0.03129
0.26624
0.18978
0.24833
0.04540
0.04968
0.21789
0.22314
0.29707
0.23248
0.06282
0.04151
0.17865
0.20926
0.18587
0.18546
0.06574
0.27583
0.18125
0.06143
0.22170
0.32278
0.08756
0.11622
0.14738
0.09394
0.05905
0.20403
0.08072
0.19613
0.27304
0.27462
0.19753
0.30212
0.23079
0.24900
0.18755
0.21033
0.17277
0.07214
0.21967
0.10013
0.06570
0.22471
0.25460
0.31743
0.28188
0.04132
0.05423
0.17014
0.24137
0.23138
0.27026
0.05543
0.22852
0.24144
0.12605
0.21471
0.07955
0.05529
0.05125
0.18729
0.03808
0.06008
0.26003
0.31805
0.06483
0.12691
0.05062
0.07718
0.08933
0.22901
