0.08204
0.09153
0.05402
0.25381
0.08034
0.13031
0.25903
0.16808
0.21117
0.04848
0.15862
0.12154
0.17190
0.11004
0.16312
0.23329
0.10897
0.16383
0.11172
0.12922
0.30470
0.10882
0.15742
0.05066
0.21537
0.15502
0.12611
0.21860
0.07495
0.15265
0.19815
0.27072
0.13107
0.10401
0.05209
0.10205
0.13860
0.08678
0.10981
0.18457
0.28750
0.27093
0.05052
0.15733
0.29204
0.19151
0.17483
0.18579
0.19324
0.14726
0.10090
0.18163
0.10739
0.30211
0.10131
0.21646
0.23101
0.12781
0.09702
0.08148
0.24456
0.30573
0.16502
0.26226
0.27604
0.32835
0.03683
0.15709
0.11720
0.04429
0.12112
0.28680
0.31629
0.18388
0.22137
0.11628
0.06289
0.04449
0.17422
0.16141
0.31185
0.18157
0.34670
0.26848
0.28710
0.32685
0.09297
0.07761
0.13423
0.24578
0.31764
0.20090
0.11758
0.27482
0.07971
0.16138
0.19032
0.20954
0.17033
0.17742
0.09150
0.17144
0.12285
0.10781
0.22722
0.30660
0.17645
0.17766
0.16407
0.28960
0.08752
0.28565
0.13981
0.21352
0.09981
0.16455
0.27348
0.03712
0.05571
0.16009
0.23101
0.05732
0.30716
0.02688
0.10525
0.09621
0.31681
0.28150
0.18467
0.24418
0.13093
0.11997
0.31552
0.33646
0.11273
0.10840
0.10822
0.29571
0.27401
0.02892
0.16872
0.04763
0.28672
0.16379
0.14440
0.33345
0.06325
0.35824
0.18747
0.09597
0.11930
0.29500
0.09831
0.32292
0.32020
0.32967
0.11743
0.17012
0.17721
0.16714
0.24143
0.29653
0.27022
0.30787
0.09564
0.08681
0.30013
0.25215
0.06344
0.27226
0.08832
0.24603
0.27333
0.04362
0.12814
0.22726
0.07592
0.06453
0.19160
0.26741
0.04959
0.10773
0.17734
0.12388
0.09171
0.20647
0.24430
0.26889
0.25523
0.15600
0.10457
0.10342
0.06684
0.16720
0.16560
0.25029
0.16399
0.15548
0.08937
0.24392
0.19157
0.09767
0.18550
0.13329
0.08658
0.22035
0.08680
0.18031
0.23608
0.09004
0.24132
0.24053
0.12211
0.23657
0.26038
0.24034
0.11652
0.20838
0.22424
0.32991
0.13565
0.19645
0.14520
0.10706
0.07745
0.07670
0.19835
0.14705
0.17195
0.10511
0.26972
0.11324
0.20556
0.10798
0.06301
0.25028
0.11053
0.08766
0.10302
0.26633
0.07842
0.31067
0.10769
0.11036
0.16472
0.20362
0.11473
0.05689
0.13936
0.09562
0.10570
0.12220
0.11907
0.27752
0.14049
0.13608
0.19871
0.08244
0.09518
0.14237
0.23222
0.15132
0.24858
0.17742
0.17447
0.21530
0.31318
0.09480
0.19549
0.02858
0.08769
0.12935
0.07313
0.03572
0.34105
0.18403
0.07075
0.17070
0.14028
0.10199
0.12022
0.34992
0.13210
0.09396
0.30629
0.12802
0.21785
0.18567
0.17042
0.18050
0.09781
0.08562
0.19533
0.23982
0.17666
0.09551
0.22278
0.19460
0.17203
0.17743
0.33940
0.23614
0.27280
0.11364
0.18975
0.29584
0.31806
0.35119
0.05792
0.24977
0.12544
0.26577
0.12692
0.09317
0.10619
0.11598
0.08872
0.14711
0.24114
0.05563
0.07291
0.10849
0.25293
0.14174
0.26147
0.16372
0.23589
0.24558
0.19178
0.05100
0.27826
0.24908
0.32565
0.23828
0.30723
0.25159
0.24287
0.31191
0.30410
0.25065
0.05516
0.09690
0.14792
0.22820
0.06500
0.08560
0.19779
0.14359
0.26515
0.14270
0.17836
0.11136
0.25917
0.25938
0.23192
0.20776
0.30200
0.12839
0.11025
0.32399
0.04158
0.18987
0.07954
0.10363
0.16289
0.03496
0.23351
0.32708
0.05999
0.11271
0.12267
0.23797
0.10536
0.06024
0.07075
0.07197
0.07303
0.08738
0.21754
0.07783
0.29111
0.19621
0.18592
0.13728
0.14731
0.27322
0.26875
0.28819
0.33095
0.19902
0.23440
0.29670
0.31539
0.33908
0.27175
0.27355
0.33220
0.29398
0.24146
0.28873
0.21368
0.31344
0.17365
0.35103
0.30786
0.24283
0.27370
0.23263
0.27470
0.33271
0.30650
0.26726
0.29273
0.31373
0.28170
0.28187
0.30454
0.22872
0.22323
0.26190
0.31545
0.28066
0.30634
0.21494
0.32275
0.30104
0.27644
0.33777
0.22615
0.27705
0.32764
0.29941
0.33683
0.31919
0.32298
0.24144
0.30621
0.32435
0.24266
0.31487
0.30288
0.28514
0.29388
0.29413
0.19079
0.31865
0.22464
0.28599
0.29338
0.26827
0.29666
0.14397
0.25822
0.30986
0.08941
0.27932
0.25812
0.22763
0.15271
0.34763
0.28858
0.24444
0.19092
0.33566
0.26827
0.25370
0.34687
0.29607
0.31944
0.28797
0.25421
0.30402
0.16137
0.33966
0.30912
0.27071
0.17096
0.31854
0.17241
0.23422
0.29721
0.24425
0.32923
0.31753
0.18515
0.30188
0.28151
0.14443
0.20617
0.32451
0.14402
0.14271
0.18152
0.30060
0.31129
0.29706
0.29409
0.24300
0.31267
0.19837
0.31207
0.30493
0.30841
0.18094
0.26961
0.30990
0.20499
0.21303
0.33878
0.26966
0.24049
0.32666
0.29733
0.24001
0.37318
0.29546
0.19707
0.30837
0.18102
0.28143
0.29412
0.30467
0.27417
0.26269
0.17771
0.33991
0.20596
0.31385
0.21659
0.30405
0.33008
0.28066
0.15071
0.22421
0.29745
0.17978
0.32127
0.17024
0.25677
0.21283
0.19957
0.23980
0.31128
0.29382
0.29266
0.26778
0.24525
0.29660
0.18981
0.23354
0.25907
0.27334
0.31243
0.13670
0.18399
0.29000
0.29497
0.24200
0.14322
0.17620
0.22550
0.25554
0.22019
0.28343
0.32842
0.15389
0.26897
0.26396
0.30439
0.16533
0.30489
0.29288
0.22710
0.38701
0.18326
0.30109
0.20374
0.33633
0.29141
0.30397
0.27160
0.30781
0.26825
0.15557
0.27219
0.29022
0.29089
0.26234
0.25741
0.33415
0.22323
0.25221
0.22348
0.33430
0.26647
0.32539
0.21143
0.30135
0.25768
0.27262
0.24057
0.26619
0.25246
0.30453
0.21932
0.32039
0.20977
0.29786
0.27872
0.25980
0.26953
0.13691
0.25803
0.30414
0.29657
0.29803
0.30713
0.33415
0.21917
0.27564
0.24947
0.29580
0.27097
0.28139
0.21929
0.13901
0.31376
0.29645
0.22227
0.29076
0.21225
0.30875
0.31767
0.24537
0.18919
0.27148
0.27185
0.31170
0.28757
0.25566
0.31922
0.33327
0.12856
0.22999
0.28711
0.29558
0.30712
0.29846
0.31466
0.20038
0.22223
0.13932
0.31335
0.29878
0.34353
0.30148
0.25515
0.30452
0.22820
0.24527
0.26967
0.26616
0.19197
0.30835
0.25249
0.20744
0.31191
0.27657
0.27796
0.25309
0.30186
0.26860
0.34821
0.34392
0.21977
0.24855
0.17715
0.32640
0.29710
0.11120
0.30802
0.17018
0.26533
0.28812
0.20386
0.32178
0.20070
0.27984
0.18567
0.28607
0.25931
0.32284
0.30164
0.29227
0.18970
0.26059
0.24273
0.23571
0.25236
0.34143
0.27258
0.31086
0.27425
0.26082
0.30352
0.27015
0.28079
0.27483
0.18610
0.30345
0.26759
0.30762
0.25504
0.25296
0.33706
0.25924
0.28170
0.31142
0.18053
0.24868
0.31385
0.27462
0.32608
0.29390
0.31010
0.34183
0.36657
0.30303
0.30433
0.25308
0.25962
0.26855
0.33842
0.28464
0.25208
0.30294
0.29129
0.31266
0.31407
0.37393
0.20358
0.29421
0.33582
0.27059
0.30906
0.33329
0.20891
0.26483
0.34639
0.23217
0.30066
0.29229
0.31876
0.26662
0.28264
0.28054
0.22836
0.27167
0.34506
0.28321
0.27456
0.31404
0.29055
0.31689
0.29650
0.29076
0.13174
0.29865
0.34336
0.34183
0.33125
0.30377
0.41860
0.41381
0.29767
0.15280
0.32435
0.39993
0.28854
0.17469
0.31908
0.33067
0.25141
0.26471
0.32115
0.26870
0.24846
0.27451
0.33958
0.34366
0.39036
0.28200
0.32978
0.27991
0.39444
0.28468
0.27854
0.31924
0.33484
0.29281
0.12605
0.30419
0.44005
0.23385
0.40485
0.41796
0.16780
0.30967
0.37819
0.32281
0.28559
0.27133
0.28532
0.25295
0.29012
0.32115
0.29221
0.28336
0.37596
0.31156
0.29189
0.22667
0.25785
0.27704
0.40165
0.22955
0.09933
0.31761
0.12074
0.12712
0.41529
0.14306
0.25855
0.17481
0.28727
0.24227
0.42588
0.17212
0.34066
0.39490
0.25431
0.24382
0.27604
0.24483
0.18472
0.37447
0.15046
0.36197
0.34119
0.28870
0.25820
0.25569
0.33113
0.29032
0.19763
0.35604
0.43045
0.32352
0.28989
0.36559
0.37714
0.24241
0.22352
0.28636
0.39352
0.22582
0.19409
0.24508
0.35748
0.28728
0.25409
0.28805
0.30400
0.33409
0.21284
0.30415
0.33337
0.29250
0.30323
0.25761
0.38851
0.31322
0.27584
0.30303
0.31394
0.33415
0.26891
0.29983
0.21900
0.32210
0.27017
0.27497
0.33553
0.33040
0.26214
0.29844
0.22513
0.32679
0.20112
0.06363
0.14196
0.16707
0.24699
0.26040
0.19897
0.22977
0.35497
0.22034
0.07801
0.16182
0.04099
0.28521
0.29543
0.18681
0.31615
0.11820
0.16941
0.18453
0.14951
0.07451
0.14161
0.23562
0.24038
0.20420
0.21454
0.28607
0.08532
0.29933
0.24511
0.05233
0.09359
0.13850
0.32146
0.20161
0.28149
0.21804
0.31347
0.08348
0.07783
0.09401
0.10772
0.26631
0.09207
0.17244
0.20426
0.29086
0.15125
0.26160
0.21311
0.03433
0.28605
0.04912
0.00767
0.21596
0.20079
0.26169
0.01905
0.05050
0.21506
0.19861
0.27893
0.26883
0.01582
0.05968
0.21068
0.21273
0.16807
0.20093
0.09752
0.25888
0.23442
0.12843
0.26388
0.30837
0.09519
0.17449
0.10823
0.09186
0.02555
0.19105
0.13105
0.16196
0.20989
0.26571
0.19302
0.35902
0.24159
0.19819
0.24717
0.19041
0.20965
0.04418
0.25025
0.08195
0.07689
0.11745
0.24137
0.28259
0.23892
0.04319
0.09185
0.09101
0.19901
0.21973
0.27380
0.10676
0.19822
0.30472
0.18863
0.22636
0.11875
0.02881
0.04759
0.14989
0.06207
0.06554
0.24226
0.28451
0.05753
0.11423
0.04942
0.06223
0.07250
0.28802
