0.06199
0.12092
0.04704
0.27168
0.05977
0.16407
0.24775
0.11836
0.12349
0.06715
0.18567
0.14713
0.13355
0.16114
0.07310
0.22120
0.09679
0.10646
0.06366
0.14660
0.27449
0.12895
0.11947
0.03845
0.21102
0.13616
0.09356
0.21654
0.08879
0.12630
0.13561
0.20684
0.16009
0.09057
0.06784
0.09669
0.07828
0.07152
0.10848
0.10790
0.26906
0.25763
0.07429
0.10855
0.28671
0.22001
0.12794
0.19586
0.13853
0.13116
0.09053
0.11480
0.15176
0.28338
0.08585
0.20925
0.19551
0.11504
0.14777
0.06239
0.25607
0.27055
0.07950
0.18177
0.28757
0.30286
0.04685
0.08835
0.09862
0.03947
0.13807
0.29328
0.29845
0.15690
0.23233
0.08663
0.06150
0.01387
0.20025
0.14395
0.30357
0.12648
0.25219
0.25013
0.22332
0.34532
0.10038
0.11817
0.10331
0.24103
0.30634
0.15949
0.08254
0.20277
0.06632
0.12510
0.17369
0.23324
0.21599
0.14471
0.09408
0.18557
0.10672
0.11809
0.21490
0.30831
0.09171
0.17141
0.19388
0.28070
0.03127
0.22458
0.04462
0.24018
0.11088
0.11117
0.25603
0.03966
0.07497
0.17542
0.20698
0.05597
0.24068
0.02224
0.06409
0.15014
0.21224
0.23523
0.11718
0.24855
0.11378
0.11821
0.28838
0.28992
0.10469
0.10962
0.05183
0.28006
0.25179
0.05085
0.14966
0.04991
0.29156
0.13175
0.14268
0.21977
0.09302
0.33845
0.16202
0.08844
0.15360
0.21213
0.11799
0.31106
0.31362
0.35055
0.09996
0.15640
0.14458
0.17115
0.22096
0.19248
0.27744
0.29525
0.09456
0.08401
0.29901
0.27515
0.02840
0.21954
0.05826
0.15668
0.20591
0.01741
0.07189
0.21877
0.04882
0.07294
0.13837
0.24858
0.08936
0.10651
0.24151
0.12510
0.11513
0.13317
0.21097
0.23561
0.25625
0.17881
0.09749
0.08382
0.04136
0.13271
0.14185
0.18808
0.22277
0.15897
0.07636
0.27779
0.19627
0.05387
0.14317
0.13788
0.04653
0.19581
0.10912
0.19493
0.24377
0.06154
0.22454
0.22238
0.08759
0.24315
0.25324
0.24957
0.12011
0.25604
0.18501
0.33705
0.07210
0.17208
0.06973
0.08188
0.06819
0.05074
0.13870
0.21351
0.12475
0.02930
0.23206
0.12431
0.25169
0.09230
0.07395
0.24654
0.11111
0.04166
0.11398
0.25395
0.07619
0.25760
0.08194
0.12216
0.13681
0.17755
0.10858
0.04167
0.07905
0.11307
0.10779
0.09971
0.07456
0.23571
0.15013
0.15932
0.18936
0.03606
0.07648
0.14620
0.17101
0.12998
0.19264
0.16054
0.11085
0.17724
0.25997
0.09563
0.11898
0.02835
0.11358
0.11917
0.06202
0.03092
0.32857
0.12467
0.04834
0.16374
0.15215
0.06809
0.12697
0.30276
0.11086
0.08210
0.31753
0.11965
0.18184
0.16433
0.17726
0.11534
0.07990
0.06662
0.14612
0.18670
0.13420
0.10383
0.11575
0.13509
0.19631
0.13190
0.32378
0.21933
0.25661
0.15955
0.08147
0.29787
0.31016
0.32907
0.02504
0.24919
0.12565
0.27690
0.10895
0.06468
0.13419
0.09970
0.12361
0.18118
0.17393
0.05940
0.05081
0.05191
0.28808
0.11296
0.20513
0.09288
0.21252
0.17136
0.14353
0.05162
0.22470
0.24998
0.35206
0.20760
0.29574
0.20417
0.23897
0.26559
0.27419
0.23439
0.05858
0.06868
0.08950
0.21511
0.02287
0.06553
0.15264
0.13378
0.23836
0.09257
0.15180
0.09180
0.27597
0.28629
0.24586
0.14929
0.30689
0.12852
0.16993
0.30369
0.08294
0.17609
0.04859
0.07523
0.18715
0.03905
0.20180
0.31229
0.05765
0.04981
0.13017
0.25928
0.10929
0.04917
0.04206
0.04319
0.05362
0.07406
0.19091
0.07327
0.29212
0.11785
0.14975
0.07853
0.16374
0.29440
0.24004
0.25839
0.35675
0.18736
0.29169
0.31400
0.30226
0.32681
0.28289
0.25208
0.34229
0.25510
0.24682
0.25312
0.24171
0.30176
0.16225
0.37843
0.31744
0.25647
0.24800
0.25286
0.23495
0.35587
0.30316
0.23277
0.30885
0.32498
0.21229
0.24369
0.32921
0.29598
0.26083
0.24929
0.29227
0.30507
0.24606
0.22655
0.35271
0.26494
0.21634
0.30912
0.22084
0.32271
0.35674
0.27612
0.30006
0.31675
0.30600
0.24109
0.28480
0.35244
0.18969
0.29382
0.31694
0.23320
0.24099
0.29953
0.17826
0.30540
0.25349
0.27380
0.31092
0.29352
0.27395
0.17541
0.29640
0.35218
0.15013
0.28607
0.19526
0.21064
0.21870
0.37575
0.30417
0.32364
0.16543
0.34506
0.28653
0.29688
0.36140
0.28652
0.27874
0.30239
0.25434
0.26527
0.19122
0.36566
0.28038
0.22688
0.17586
0.33710
0.20647
0.27800
0.27950
0.26387
0.34617
0.33095
0.21309
0.32589
0.29541
0.16628
0.20082
0.28202
0.18947
0.21211
0.15407
0.28976
0.34114
0.26796
0.25041
0.25413
0.30867
0.20357
0.28250
0.27639
0.28828
0.21506
0.27899
0.30108
0.20675
0.17898
0.35983
0.30336
0.19734
0.29511
0.32801
0.25511
0.35881
0.30924
0.25299
0.26735
0.20426
0.27681
0.30166
0.28995
0.26649
0.24992
0.16133
0.31924
0.23997
0.28766
0.21820
0.26409
0.33022
0.28608
0.23289
0.25265
0.30082
0.23500
0.30600
0.19196
0.22254
0.25479
0.20118
0.19036
0.31016
0.31970
0.31501
0.20797
0.20134
0.32710
0.19168
0.19336
0.20332
0.29795
0.30295
0.19701
0.18574
0.27662
0.28935
0.20863
0.14682
0.17752
0.25789
0.23707
0.27539
0.26503
0.32867
0.18677
0.18929
0.26816
0.27706
0.17063
0.28413
0.24818
0.24735
0.36404
0.19125
0.32081
0.23102
0.37924
0.31617
0.22967
0.27920
0.29673
0.30309
0.18585
0.31303
0.28641
0.25984
0.28224
0.28037
0.34513
0.22810
0.26385
0.22503
0.35463
0.22964
0.28925
0.23583
0.27500
0.27937
0.25730
0.23020
0.25483
0.24750
0.31511
0.21730
0.32217
0.24301
0.25672
0.29766
0.26977
0.29633
0.14714
0.20287
0.33111
0.33214
0.26002
0.27405
0.30121
0.25498
0.22840
0.21928
0.29527
0.30285
0.26733
0.23281
0.14819
0.30209
0.30812
0.27936
0.25592
0.23474
0.33265
0.29219
0.20599
0.20305
0.28491
0.30228
0.29585
0.27697
0.22159
0.36212
0.34083
0.14367
0.25576
0.31988
0.26540
0.27863
0.33158
0.33114
0.24560
0.19947
0.21432
0.25538
0.28044
0.35082
0.30091
0.30451
0.29291
0.23067
0.25997
0.29078
0.27341
0.16792
0.33474
0.22320
0.23991
0.34742
0.32151
0.24839
0.23399
0.24344
0.28218
0.33692
0.34478
0.23404
0.27825
0.17126
0.29194
0.33126
0.13139
0.24338
0.20263
0.23784
0.28637
0.20580
0.26919
0.24444
0.25536
0.22618
0.21300
0.19392
0.33778
0.29452
0.26517
0.18911
0.28678
0.25134
0.22108
0.21321
0.31553
0.29082
0.34003
0.25921
0.21923
0.27614
0.25606
0.23434
0.27753
0.15807
0.34647
0.26049
0.31962
0.26495
0.29269
0.33315
0.26935
0.24296
0.31203
0.16782
0.21990
0.29778
0.21343
0.28087
0.31584
0.28638
0.33579
0.36884
0.31274
0.30903
0.28998
0.30326
0.31896
0.36900
0.20631
0.25506
0.33067
0.32882
0.30562
0.33382
0.38501
0.21668
0.25345
0.33525
0.23633
0.28055
0.33358
0.24928
0.22989
0.36730
0.24176
0.26442
0.30214
0.27908
0.25654
0.24900
0.29379
0.28908
0.28363
0.32034
0.30650
0.24468
0.31339
0.28567
0.31201
0.26559
0.28380
0.14008
0.32787
0.29797
0.36733
0.27690
0.32349
0.37126
0.38749
0.22858
0.21626
0.26001
0.38467
0.26528
0.22664
0.28981
0.35586
0.25273
0.25280
0.33470
0.24997
0.27621
0.24119
0.34207
0.35664
0.45207
0.27581
0.30094
0.25747
0.37147
0.31206
0.28870
0.27540
0.36983
0.24540
0.19934
0.32591
0.44414
0.25462
0.39034
0.40384
0.24423
0.27070
0.33701
0.30172
0.29479
0.22045
0.23393
0.18997
0.30109
0.28093
0.31907
0.31705
0.37957
0.26793
0.25414
0.26353
0.18427
0.21730
0.38082
0.22995
0.15561
0.32994
0.14466
0.16636
0.40957
0.17128
0.28656
0.23945
0.23729
0.23535
0.43813
0.19971
0.29936
0.38534
0.23910
0.24415
0.22892
0.24340
0.21339
0.34558
0.19630
0.36419
0.34557
0.23771
0.24837
0.22058
0.35554
0.27457
0.21067
0.34175
0.42362
0.34101
0.25470
0.35069
0.34584
0.18633
0.26921
0.28554
0.39818
0.21945
0.24236
0.24407
0.39226
0.21020
0.23373
0.24281
0.35884
0.37300
0.22754
0.25263
0.33712
0.32089
0.25967
0.21620
0.39754
0.27992
0.27428
0.23298
0.30361
0.35835
0.27929
0.28940
0.23532
0.34291
0.25844
0.23701
0.30291
0.29312
0.25078
0.29084
0.19003
0.30415
0.17837
0.06018
0.18967
0.19833
0.23793
0.20975
0.24460
0.24291
0.33919
0.13570
0.06397
0.15357
0.03420
0.28372
0.17428
0.19914
0.29169
0.03756
0.10325
0.16692
0.12228
0.13335
0.11403
0.25093
0.26632
0.10749
0.21069
0.22068
0.06596
0.25258
0.22821
0.04670
0.03895
0.13335
0.26328
0.06439
0.20721
0.20335
0.29724
0.04993
0.05280
0.07509
0.04329
0.24928
0.11527
0.15317
0.22446
0.25950
0.14822
0.27577
0.21843
0.01647
0.24228
0.05191
0.04153
0.21951
0.20181
0.16663
0.05346
0.05927
0.19431
0.20702
0.28183
0.21699
0.04943
0.07686
0.15813
0.20574
0.09727
0.14465
0.08671
0.22445
0.09766
0.08363
0.23356
0.24876
0.06142
0.11612
0.22431
0.03743
0.03647
0.27262
0.09602
0.20317
0.27162
0.19614
0.20710
0.30607
0.20768
0.22624
0.19041
0.19446
0.17868
0.03067
0.23944
0.08020
0.05541
0.21241
0.26270
0.28573
0.24794
0.07187
0.02869
0.11327
0.18796
0.17608
0.30401
0.07718
0.16980
0.30039
0.07684
0.23343
0.06880
0.05822
0.06803
0.15114
0.05162
0.07198
0.25374
0.20149
0.10424
0.06186
0.04084
0.11560
0.04132
0.28306
