0.13087
0.11232
0.10033
0.22031
0.14263
0.15087
0.22943
0.19278
0.19379
0.09881
0.21757
0.16269
0.18907
0.13441
0.15965
0.24233
0.15039
0.20016
0.10949
0.16522
0.27163
0.17176
0.18484
0.08430
0.21306
0.22162
0.19295
0.24467
0.15181
0.22154
0.18621
0.23504
0.18865
0.10231
0.18911
0.10250
0.13330
0.13210
0.19316
0.20780
0.30107
0.28574
0.14045
0.20063
0.25986
0.23982
0.17592
0.27191
0.21340
0.19180
0.12593
0.15462
0.11726
0.28421
0.10347
0.25193
0.21000
0.18580
0.12715
0.14324
0.27639
0.30652
0.18923
0.24264
0.27603
0.31270
0.11199
0.20004
0.19084
0.07873
0.16316
0.29490
0.33927
0.25797
0.27301
0.17532
0.14422
0.07303
0.22078
0.18849
0.28829
0.21511
0.31328
0.24670
0.28419
0.34565
0.12387
0.15958
0.18362
0.27973
0.32011
0.21122
0.10232
0.25957
0.13212
0.20378
0.22758
0.23707
0.22790
0.20057
0.11928
0.21069
0.16237
0.12139
0.25014
0.27044
0.21531
0.20419
0.21788
0.26767
0.08524
0.27175
0.16623
0.25648
0.15530
0.19806
0.26252
0.10924
0.14212
0.20596
0.26262
0.11498
0.28425
0.05260
0.15045
0.18258
0.31649
0.29147
0.23332
0.26008
0.13551
0.16457
0.31347
0.32945
0.11669
0.16972
0.11015
0.28428
0.22046
0.08063
0.21241
0.09361
0.29480
0.26056
0.19745
0.25629
0.13172
0.33632
0.22081
0.10192
0.21782
0.29274
0.14540
0.31359
0.31028
0.30641
0.16090
0.21452
0.19932
0.22840
0.28705
0.30505
0.29177
0.30674
0.09598
0.20355
0.28845
0.28413
0.16402
0.25658
0.09276
0.25827
0.26925
0.10436
0.17539
0.20860
0.09434
0.13941
0.21342
0.28285
0.12460
0.12268
0.23185
0.20225
0.14623
0.26940
0.24179
0.25383
0.25103
0.22834
0.18929
0.17205
0.07696
0.15964
0.20067
0.24458
0.23071
0.21379
0.15682
0.28395
0.21314
0.14890
0.20265
0.15913
0.08223
0.26587
0.19512
0.26020
0.25950
0.18434
0.24789
0.25372
0.17447
0.26645
0.25595
0.23600
0.18204
0.27646
0.21524
0.32007
0.14545
0.24722
0.11917
0.14051
0.10207
0.12835
0.20023
0.26622
0.23164
0.13324
0.29151
0.15495
0.26020
0.16714
0.06669
0.26123
0.13586
0.07755
0.17211
0.29120
0.17050
0.29252
0.16829
0.13218
0.21779
0.21870
0.12042
0.06416
0.18858
0.12154
0.14482
0.22399
0.18873
0.28174
0.15263
0.19145
0.19869
0.14886
0.08684
0.17184
0.18973
0.18126
0.20118
0.22719
0.12813
0.27257
0.28350
0.11840
0.23616
0.08827
0.14495
0.17621
0.10342
0.09763
0.33982
0.17036
0.14205
0.21228
0.17317
0.11208
0.19248
0.32225
0.14936
0.15189
0.29206
0.13670
0.22054
0.21616
0.20711
0.24980
0.16101
0.11797
0.24833
0.26326
0.21554
0.13979
0.19308
0.22388
0.18441
0.19961
0.32835
0.29120
0.24053
0.19856
0.18566
0.29364
0.32600
0.30509
0.09112
0.24747
0.14246
0.28961
0.23245
0.15217
0.15950
0.16257
0.14259
0.28334
0.22321
0.10722
0.10812
0.11682
0.27848
0.24342
0.26258
0.24481
0.24136
0.23968
0.15794
0.11078
0.30512
0.28229
0.38221
0.24889
0.32532
0.26081
0.24125
0.28634
0.23840
0.27042
0.12349
0.15937
0.18525
0.23551
0.07677
0.10292
0.24825
0.17373
0.26883
0.18394
0.20984
0.17972
0.26992
0.26690
0.25947
0.21612
0.30068
0.18726
0.18238
0.30408
0.11039
0.24051
0.10636
0.19536
0.22091
0.12188
0.24879
0.32204
0.15431
0.13563
0.22699
0.24965
0.16810
0.10438
0.14823
0.09001
0.13516
0.15643
0.22105
0.18182
0.27186
0.23192
0.19425
0.13932
0.19587
0.27005
0.23193
0.29331
0.30139
0.18059
0.22563
0.31719
0.32188
0.33265
0.26318
0.28254
0.29536
0.27914
0.22985
0.27505
0.22487
0.30619
0.21790
0.33289
0.27531
0.23535
0.26989
0.26881
0.27871
0.36508
0.32142
0.26945
0.29561
0.29475
0.24745
0.28271
0.28202
0.28962
0.23959
0.25053
0.30973
0.27226
0.27171
0.20264
0.31805
0.29641
0.26675
0.33095
0.20288
0.31083
0.31546
0.29171
0.32614
0.31413
0.30575
0.25142
0.29729
0.30554
0.27074
0.32783
0.27889
0.28651
0.30986
0.31811
0.19948
0.33070
0.27403
0.24716
0.29555
0.26054
0.29612
0.18652
0.23970
0.33100
0.12362
0.27870
0.21627
0.21532
0.17978
0.37060
0.30437
0.29874
0.16235
0.31758
0.27827
0.26122
0.33144
0.28089
0.31574
0.29861
0.24557
0.27320
0.17330
0.30353
0.29766
0.24616
0.17249
0.33704
0.21245
0.27205
0.26495
0.26866
0.31504
0.27011
0.22518
0.27360
0.28089
0.16112
0.18949
0.31583
0.19926
0.19196
0.15585
0.29722
0.31924
0.29947
0.30096
0.24298
0.32081
0.21592
0.30816
0.27852
0.31827
0.22147
0.26190
0.30844
0.22162
0.19339
0.35147
0.26703
0.23055
0.30367
0.27811
0.25746
0.35480
0.27685
0.24133
0.29763
0.20883
0.26355
0.30051
0.29609
0.27164
0.24984
0.17494
0.34821
0.22520
0.31271
0.23644
0.28525
0.31809
0.25214
0.19741
0.20943
0.27804
0.20673
0.28970
0.19678
0.23544
0.25444
0.22552
0.22851
0.31512
0.26660
0.30426
0.27334
0.24742
0.29126
0.23272
0.24107
0.21587
0.24439
0.29725
0.18298
0.19416
0.28762
0.29861
0.25967
0.16961
0.20567
0.26114
0.26027
0.24953
0.29170
0.32901
0.18386
0.24614
0.24980
0.31009
0.20437
0.32806
0.27496
0.25389
0.37533
0.19174
0.28945
0.25797
0.32754
0.27238
0.27594
0.27633
0.30507
0.23995
0.20036
0.30631
0.26859
0.29632
0.24290
0.26180
0.30740
0.23001
0.24314
0.23342
0.30731
0.26714
0.29535
0.23716
0.27148
0.26051
0.26219
0.24648
0.26753
0.24006
0.31150
0.22485
0.32535
0.24978
0.27961
0.26531
0.23557
0.26048
0.12780
0.27571
0.29666
0.29803
0.28232
0.30799
0.31683
0.26431
0.26522
0.24352
0.26219
0.30510
0.29645
0.25210
0.15856
0.31944
0.26358
0.27574
0.29305
0.22059
0.30139
0.30946
0.21160
0.21422
0.27822
0.28847
0.31740
0.27731
0.24010
0.30120
0.31003
0.15596
0.25626
0.27168
0.30243
0.28380
0.31210
0.31001
0.23231
0.19398
0.20561
0.27718
0.29870
0.32406
0.28158
0.29065
0.30685
0.24260
0.26173
0.28072
0.25786
0.18194
0.29195
0.19744
0.23394
0.30350
0.30066
0.28514
0.22521
0.28280
0.26251
0.33304
0.31096
0.23537
0.23808
0.19632
0.31986
0.27443
0.14144
0.30529
0.19818
0.26339
0.29685
0.21607
0.28529
0.23388
0.29671
0.23027
0.27859
0.25271
0.29738
0.30562
0.28601
0.20547
0.26990
0.25051
0.25804
0.20865
0.30114
0.22938
0.34284
0.25320
0.26523
0.30819
0.27130
0.28132
0.25194
0.21508
0.31757
0.28405
0.30901
0.25040
0.25747
0.31975
0.25250
0.28857
0.30256
0.19142
0.25421
0.30356
0.23176
0.32379
0.28180
0.31104
0.34624
0.35141
0.28937
0.27371
0.25941
0.25879
0.26383
0.32600
0.27165
0.28010
0.30291
0.29087
0.29487
0.30376
0.36629
0.24635
0.29794
0.29727
0.25753
0.28629
0.32699
0.24486
0.25994
0.30135
0.22645
0.29878
0.27894
0.29296
0.25651
0.26476
0.28687
0.23555
0.24672
0.34026
0.27157
0.26091
0.30723
0.25850
0.30880
0.29828
0.25682
0.15155
0.29396
0.31578
0.34597
0.31293
0.30053
0.40733
0.39225
0.27426
0.19471
0.30777
0.36410
0.26838
0.17115
0.30762
0.32257
0.25441
0.25135
0.32118
0.24701
0.25515
0.25734
0.33163
0.34481
0.38029
0.28645
0.32491
0.25094
0.37335
0.28645
0.31162
0.29501
0.34594
0.27650
0.23205
0.29914
0.42691
0.23691
0.39504
0.41566
0.18605
0.28704
0.36191
0.31004
0.27067
0.27130
0.28125
0.22857
0.27495
0.31729
0.26733
0.29046
0.36023
0.29889
0.28734
0.26260
0.22111
0.27004
0.39199
0.20481
0.11535
0.34633
0.15834
0.19316
0.39465
0.15415
0.22558
0.22762
0.28482
0.23477
0.43162
0.18380
0.33239
0.38861
0.23642
0.22997
0.27264
0.24658
0.21056
0.35213
0.16997
0.36250
0.33354
0.27297
0.22888
0.25793
0.33792
0.28300
0.19163
0.33853
0.41263
0.30415
0.26011
0.34146
0.35856
0.21534
0.27015
0.28862
0.40256
0.19754
0.23526
0.24596
0.35022
0.29354
0.25145
0.26150
0.31802
0.33917
0.24893
0.31285
0.32574
0.27424
0.30488
0.24941
0.36166
0.29007
0.24569
0.27950
0.29237
0.33458
0.26308
0.30278
0.23777
0.33215
0.23011
0.24582
0.32452
0.30253
0.22500
0.30324
0.21708
0.33106
0.25847
0.07820
0.18987
0.26272
0.24136
0.24752
0.21093
0.24309
0.32674
0.28764
0.11692
0.23007
0.09542
0.29934
0.26561
0.18094
0.27841
0.09768
0.16025
0.16587
0.21584
0.16782
0.12622
0.21090
0.29603
0.17420
0.24298
0.26782
0.14854
0.32187
0.20368
0.10388
0.17145
0.16558
0.27391
0.16981
0.23816
0.16857
0.30330
0.12643
0.15088
0.19571
0.16436
0.23890
0.18649
0.16364
0.14732
0.31201
0.22168
0.29110
0.21988
0.15238
0.29598
0.10468
0.14190
0.30315
0.19772
0.32307
0.12889
0.12195
0.21974
0.18862
0.26868
0.29775
0.09953
0.13944
0.17907
0.23083
0.20821
0.20033
0.19046
0.26328
0.18162
0.15279
0.24226
0.29183
0.17504
0.17576
0.26045
0.14096
0.08474
0.23860
0.19299
0.19828
0.27780
0.32615
0.18730
0.35148
0.22014
0.28577
0.23312
0.23753
0.22004
0.06439
0.25622
0.15039
0.14800
0.21809
0.23323
0.29909
0.29966
0.13402
0.14207
0.23057
0.21462
0.26014
0.30943
0.17361
0.28841
0.33596
0.13669
0.21717
0.17195
0.06294
0.09984
0.16383
0.12246
0.09396
0.28020
0.28348
0.20037
0.17928
0.05116
0.12922
0.16936
0.27109
