0.12002
0.13927
0.09133
0.27001
0.12467
0.12264
0.20720
0.17397
0.22216
0.04354
0.16832
0.13230
0.16785
0.10463
0.15200
0.23029
0.09194
0.14991
0.09988
0.15154
0.27674
0.18321
0.22142
0.08612
0.18926
0.17838
0.13049
0.23530
0.09614
0.15030
0.20924
0.26345
0.13418
0.11155
0.11720
0.09178
0.09256
0.10325
0.10125
0.15687
0.24363
0.24542
0.11616
0.14722
0.27173
0.21584
0.18168
0.24775
0.22760
0.17174
0.10630
0.23260
0.10983
0.26664
0.09097
0.18584
0.23648
0.15532
0.16864
0.08862
0.26303
0.27117
0.14115
0.19762
0.25767
0.31001
0.05419
0.18441
0.09886
0.06072
0.13833
0.30328
0.23497
0.15200
0.24098
0.10627
0.06735
0.05621
0.21315
0.17643
0.29559
0.13004
0.32081
0.26102
0.26327
0.28758
0.09766
0.10791
0.18146
0.26149
0.32608
0.15952
0.07532
0.23938
0.11902
0.17400
0.23271
0.21595
0.19293
0.18827
0.10608
0.17056
0.11236
0.11173
0.24920
0.31273
0.16175
0.13444
0.15046
0.28419
0.04162
0.22180
0.10897
0.21423
0.11001
0.17224
0.25200
0.07664
0.08537
0.18427
0.26536
0.10089
0.26812
0.01659
0.11611
0.13862
0.30157
0.27118
0.12737
0.25754
0.13119
0.08969
0.29534
0.29104
0.10495
0.13022
0.08980
0.27882
0.24427
0.04916
0.18153
0.06501
0.28163
0.15321
0.14879
0.25840
0.12365
0.30481
0.16646
0.08802
0.13853
0.29969
0.10357
0.29862
0.30388
0.33421
0.16333
0.18231
0.14459
0.17029
0.25790
0.31484
0.25168
0.29055
0.09086
0.13697
0.26205
0.26130
0.09894
0.20939
0.04200
0.26297
0.23120
0.04771
0.10328
0.19968
0.08654
0.09593
0.14301
0.30246
0.10093
0.10538
0.20788
0.13319
0.11975
0.12994
0.22979
0.25180
0.26230
0.21865
0.11222
0.11715
0.07696
0.19480
0.12694
0.23294
0.18468
0.18058
0.19357
0.29610
0.19238
0.10254
0.22621
0.13989
0.08919
0.21254
0.11545
0.18188
0.24435
0.06828
0.25666
0.22567
0.13732
0.23853
0.23855
0.22517
0.13081
0.24248
0.22491
0.30545
0.10648
0.22597
0.10375
0.13055
0.09782
0.06330
0.16916
0.18652
0.18437
0.08817
0.20373
0.11865
0.25989
0.14843
0.06642
0.27795
0.10680
0.04866
0.09336
0.25220
0.05059
0.30380
0.13804
0.11104
0.12954
0.19338
0.12688
0.07636
0.09477
0.10324
0.11965
0.16567
0.13254
0.22174
0.14910
0.15608
0.19600
0.08390
0.07375
0.12048
0.20760
0.17139
0.26888
0.17422
0.16448
0.27680
0.29797
0.09430
0.20189
0.06469
0.11654
0.12977
0.09562
0.07017
0.35104
0.18864
0.09387
0.21745
0.15893
0.13290
0.14834
0.32018
0.17536
0.14020
0.30099
0.11922
0.18519
0.17075
0.25318
0.16831
0.11378
0.14517
0.20805
0.20675
0.20251
0.10732
0.14258
0.17983
0.16490
0.19178
0.35429
0.29178
0.26640
0.21491
0.11935
0.27940
0.30127
0.33619
0.05355
0.25459
0.13138
0.29205
0.12053
0.11587
0.17709
0.15189
0.11800
0.12607
0.21598
0.08216
0.06288
0.04964
0.27240
0.20003
0.26850
0.15511
0.22131
0.22417
0.16511
0.08605
0.24913
0.27572
0.31240
0.25383
0.32605
0.21375
0.23199
0.27893
0.23580
0.26379
0.07216
0.09719
0.18961
0.22847
0.06731
0.06400
0.24596
0.13631
0.23183
0.12291
0.18022
0.07788
0.28332
0.29412
0.25285
0.21396
0.33295
0.15658
0.11212
0.31917
0.12024
0.25191
0.08095
0.06229
0.19801
0.03818
0.23408
0.32658
0.04913
0.07272
0.12978
0.27288
0.10272
0.05564
0.07873
0.07018
0.06356
0.12127
0.19536
0.12581
0.25981
0.20712
0.26761
0.10785
0.17685
0.28522
0.15507
0.27216
0.34661
0.14757
0.29652
0.28293
0.26620
0.28779
0.28772
0.22175
0.34611
0.22601
0.24845
0.26056
0.21569
0.27932
0.19362
0.36336
0.32149
0.23331
0.21701
0.25150
0.24645
0.33093
0.28082
0.23769
0.31911
0.32828
0.21363
0.24510
0.33705
0.25067
0.21204
0.23569
0.27563
0.30404
0.21197
0.21720
0.34635
0.23946
0.19103
0.33198
0.15715
0.28401
0.34624
0.27976
0.26816
0.29405
0.27651
0.23258
0.24610
0.32856
0.18167
0.26297
0.32362
0.23875
0.27447
0.27421
0.18657
0.29331
0.24402
0.28014
0.31264
0.28498
0.22979
0.18318
0.28623
0.35947
0.14302
0.25595
0.18154
0.17480
0.20865
0.35078
0.27259
0.33683
0.15787
0.34688
0.24973
0.25053
0.36739
0.30963
0.26735
0.28271
0.24779
0.26457
0.18186
0.35892
0.27987
0.20608
0.17033
0.30398
0.20256
0.23323
0.29640
0.24783
0.34485
0.30520
0.19571
0.31090
0.31760
0.16994
0.14783
0.26241
0.17155
0.17088
0.13815
0.29380
0.33346
0.26509
0.25805
0.24099
0.27553
0.19504
0.30220
0.27115
0.24015
0.21317
0.28497
0.26206
0.21280
0.17457
0.33586
0.29185
0.17214
0.30669
0.31855
0.26893
0.32151
0.32338
0.22039
0.26033
0.18732
0.28717
0.28792
0.24616
0.27759
0.24917
0.16397
0.28531
0.21674
0.26107
0.22113
0.26657
0.29834
0.28101
0.17146
0.20594
0.26259
0.21028
0.24451
0.18196
0.24982
0.22387
0.21879
0.19915
0.27821
0.31473
0.31206
0.22660
0.21138
0.32989
0.18708
0.19087
0.18979
0.29669
0.31204
0.15106
0.18512
0.27145
0.27297
0.16462
0.15198
0.20226
0.25914
0.16806
0.25144
0.24049
0.29902
0.16599
0.22770
0.28228
0.27573
0.18987
0.28382
0.27268
0.25902
0.33580
0.18077
0.29569
0.22315
0.36302
0.32131
0.23272
0.25957
0.26941
0.24770
0.18588
0.28651
0.28128
0.20269
0.28585
0.28324
0.33661
0.22384
0.30534
0.23076
0.33811
0.19130
0.25432
0.22792
0.22106
0.25979
0.26426
0.20454
0.26899
0.26031
0.29153
0.20062
0.30543
0.21989
0.23094
0.29135
0.29131
0.28492
0.12761
0.20061
0.32956
0.31325
0.22936
0.24957
0.25950
0.23771
0.22159
0.20948
0.30392
0.27276
0.25570
0.22266
0.17685
0.25852
0.31374
0.23762
0.26403
0.20296
0.32466
0.23791
0.15792
0.19759
0.29428
0.28487
0.26485
0.25841
0.26445
0.34595
0.35304
0.14644
0.23341
0.32302
0.26912
0.25243
0.28677
0.33290
0.22610
0.20473
0.18675
0.21946
0.26735
0.35563
0.30952
0.26466
0.26783
0.20772
0.24766
0.30126
0.27932
0.18443
0.33388
0.22427
0.23626
0.33497
0.29263
0.22281
0.23137
0.20558
0.29785
0.32053
0.33957
0.23989
0.28522
0.18760
0.29680
0.30032
0.12323
0.23542
0.19322
0.22721
0.26911
0.23413
0.24317
0.23948
0.24116
0.20003
0.20712
0.24412
0.34076
0.25177
0.24609
0.18367
0.30012
0.24109
0.23346
0.19237
0.33453
0.29711
0.32475
0.26287
0.22568
0.27528
0.23731
0.19777
0.26112
0.17614
0.32478
0.25123
0.32841
0.26748
0.29692
0.33258
0.26097
0.24380
0.29091
0.17316
0.20558
0.26873
0.19953
0.25878
0.32133
0.26187
0.31118
0.37784
0.31384
0.32087
0.22908
0.32083
0.28833
0.36426
0.24132
0.25448
0.31357
0.31975
0.28747
0.33329
0.37822
0.21679
0.21064
0.32901
0.22393
0.29320
0.30508
0.22937
0.26645
0.34309
0.21968
0.21017
0.31291
0.26231
0.23514
0.19193
0.23823
0.26074
0.28180
0.29223
0.26944
0.20403
0.27330
0.26829
0.30517
0.27528
0.26884
0.13101
0.34679
0.30764
0.36609
0.29225
0.30874
0.38009
0.37096
0.26828
0.19494
0.30820
0.40178
0.29433
0.19056
0.29067
0.33048
0.24109
0.22532
0.31655
0.23577
0.25552
0.25031
0.31942
0.35431
0.39567
0.32570
0.28856
0.27395
0.38003
0.30232
0.31415
0.26536
0.34320
0.28504
0.14910
0.32445
0.43325
0.25297
0.37917
0.40911
0.21263
0.27845
0.34506
0.31775
0.30761
0.24317
0.28842
0.21611
0.28239
0.24772
0.30485
0.31511
0.35754
0.25503
0.28908
0.24252
0.19616
0.25757
0.38742
0.22541
0.13459
0.31778
0.19388
0.20057
0.39167
0.16016
0.22700
0.21562
0.28497
0.24177
0.43658
0.18097
0.33117
0.37086
0.26163
0.25429
0.25766
0.24381
0.23539
0.34256
0.17250
0.37130
0.36136
0.24805
0.25111
0.23394
0.35482
0.28817
0.21656
0.34413
0.42504
0.31723
0.28760
0.36034
0.35141
0.22509
0.28153
0.28688
0.38519
0.21585
0.24007
0.25935
0.35504
0.27271
0.23750
0.26560
0.32877
0.36245
0.22285
0.29412
0.33672
0.29797
0.28864
0.25959
0.38221
0.29660
0.29106
0.30473
0.31431
0.32286
0.28957
0.30809
0.24251
0.33223
0.27564
0.21879
0.31151
0.26117
0.24006
0.29373
0.17460
0.29198
0.20902
0.04146
0.17952
0.24696
0.16143
0.27234
0.20648
0.27240
0.34062
0.27554
0.10283
0.19695
0.03862
0.28553
0.21847
0.17896
0.28155
0.08160
0.15336
0.18092
0.20749
0.08332
0.11141
0.22960
0.27982
0.25280
0.21075
0.23150
0.05466
0.30994
0.19340
0.04693
0.11522
0.13932
0.28855
0.15167
0.24852
0.16115
0.30020
0.08830
0.07939
0.09840
0.05842
0.23647
0.16603
0.11075
0.12411
0.31396
0.13752
0.25472
0.21897
0.06355
0.26962
0.10733
0.11935
0.27895
0.20126
0.28338
0.12356
0.06829
0.22721
0.19995
0.25613
0.28672
0.05552
0.09576
0.17293
0.20471
0.21079
0.19677
0.16621
0.23549
0.16965
0.17525
0.26598
0.23725
0.09096
0.16780
0.16399
0.03792
0.05454
0.22393
0.20399
0.19747
0.26676
0.25144
0.20159
0.30422
0.21966
0.26127
0.22796
0.21158
0.20436
0.02902
0.27649
0.10174
0.07670
0.22188
0.21807
0.31356
0.24260
0.02665
0.07849
0.21272
0.20900
0.21219
0.27487
0.14543
0.22997
0.32274
0.09242
0.17070
0.14587
0.07656
0.03682
0.20159
0.09932
0.08270
0.28360
0.27788
0.14010
0.11976
0.02522
0.04730
0.08587
0.25361
