0.07927
0.09383
0.04327
0.23098
0.08348
0.12999
0.21873
0.12821
0.17722
0.05328
0.17479
0.12258
0.13259
0.12416
0.06469
0.20144
0.11760
0.12502
0.07538
0.14166
0.30159
0.12181
0.13520
0.01747
0.19432
0.13642
0.11519
0.19907
0.08647
0.14157
0.12920
0.23143
0.14025
0.08821
0.07831
0.11868
0.10489
0.07560
0.14301
0.13742
0.28212
0.24013
0.07001
0.11153
0.27877
0.22062
0.15636
0.24381
0.18567
0.11286
0.10372
0.11699
0.15198
0.27554
0.09027
0.22412
0.21026
0.12596
0.12455
0.05260
0.28067
0.27698
0.10218
0.21800
0.27784
0.31456
0.06798
0.16559
0.07284
0.04408
0.13442
0.30700
0.26090
0.19424
0.26937
0.10608
0.09166
0.04153
0.19214
0.14890
0.30241
0.15567
0.30920
0.27140
0.24150
0.33730
0.09541
0.06167
0.14758
0.24738
0.31024
0.19172
0.05555
0.24440
0.05483
0.12400
0.19804
0.21917
0.21041
0.14065
0.09425
0.17885
0.11287
0.13245
0.22470
0.27882
0.13275
0.18245
0.18271
0.27088
0.01382
0.25518
0.08422
0.24143
0.10851
0.13438
0.27275
0.07989
0.04429
0.15063
0.20463
0.04698
0.24708
0.02149
0.08995
0.14005
0.22349
0.27085
0.15999
0.26265
0.09487
0.11919
0.24904
0.32233
0.10417
0.11964
0.03371
0.28757
0.25429
0.09396
0.15004
0.05150
0.29462
0.16259
0.14004
0.21849
0.07434
0.33313
0.16253
0.08509
0.16894
0.22990
0.11424
0.32102
0.32121
0.32757
0.07426
0.11291
0.14153
0.21319
0.17201
0.22095
0.24187
0.29682
0.08957
0.07882
0.25476
0.27884
0.05281
0.24079
0.03544
0.18513
0.23635
0.02291
0.06911
0.19385
0.06572
0.06883
0.18887
0.26472
0.05228
0.11804
0.17135
0.13236
0.10098
0.13025
0.22243
0.25510
0.25742
0.14846
0.12697
0.08570
0.07232
0.13315
0.10359
0.20608
0.15968
0.15049
0.06370
0.28551
0.21356
0.07967
0.14015
0.14379
0.05725
0.16562
0.11714
0.19805
0.23778
0.12035
0.22787
0.21998
0.09772
0.27440
0.26656
0.22404
0.12262
0.22012
0.20043
0.31477
0.07503
0.12520
0.10600
0.06838
0.07109
0.08896
0.15570
0.14518
0.10559
0.06220
0.20715
0.09888
0.20635
0.10268
0.06865
0.26119
0.11176
0.03795
0.10423
0.27568
0.08473
0.28443
0.06558
0.10898
0.15927
0.19959
0.10843
0.03741
0.08305
0.11025
0.11019
0.09293
0.11944
0.23082
0.13477
0.14730
0.19601
0.03066
0.06750
0.13422
0.18208
0.14303
0.20865
0.15346
0.15642
0.22087
0.28319
0.10273
0.15076
0.06972
0.08848
0.12153
0.05799
0.03038
0.32404
0.13897
0.05679
0.15929
0.14476
0.06753
0.11511
0.33690
0.13623
0.07109
0.30314
0.11559
0.17583
0.16595
0.19902
0.12349
0.07642
0.05515
0.16060
0.20025
0.21211
0.09666
0.17738
0.12888
0.16260
0.12082
0.31755
0.28289
0.25675
0.09638
0.10443
0.28193
0.31170
0.32640
0.02062
0.25880
0.14326
0.29863
0.11564
0.07955
0.10132
0.10227
0.08703
0.18280
0.23992
0.08966
0.08493
0.08106
0.28101
0.13227
0.21517
0.17839
0.21677
0.25718
0.11094
0.05028
0.26199
0.22245
0.36607
0.23707
0.30997
0.22644
0.21266
0.27801
0.28258
0.23874
0.03514
0.08381
0.10333
0.24451
0.04936
0.04752
0.16328
0.11218
0.20426
0.09801
0.15002
0.11214
0.29730
0.27169
0.23668
0.18680
0.32744
0.13803
0.16856
0.31698
0.05941
0.19526
0.05528
0.11275
0.22808
0.06654
0.23478
0.35609
0.09783
0.07066
0.11732
0.24953
0.10350
0.04628
0.05862
0.06419
0.06989
0.07637
0.20471
0.06145
0.24549
0.12805
0.17782
0.07566
0.15502
0.29220
0.22548
0.25832
0.34625
0.17698
0.28774
0.29288
0.26683
0.32767
0.28803
0.22981
0.31996
0.25520
0.20517
0.24306
0.21586
0.27764
0.17453
0.37162
0.30559
0.22859
0.24732
0.24403
0.26194
0.35343
0.27722
0.25791
0.28854
0.30450
0.23103
0.26406
0.32293
0.25547
0.23792
0.25436
0.28931
0.28289
0.26300
0.18821
0.33981
0.25924
0.22439
0.34374
0.18551
0.27378
0.33838
0.27000
0.31987
0.31977
0.28117
0.21382
0.28283
0.31844
0.23295
0.29440
0.31703
0.23529
0.30015
0.29976
0.15039
0.31399
0.23521
0.27339
0.31887
0.29005
0.27043
0.17434
0.27372
0.33336
0.10580
0.28104
0.24222
0.20661
0.16173
0.36573
0.30309
0.31707
0.14597
0.34338
0.26614
0.27106
0.35640
0.30798
0.29092
0.28917
0.23308
0.25496
0.15603
0.36975
0.30616
0.25026
0.15478
0.28230
0.17964
0.26362
0.29308
0.23942
0.33691
0.31155
0.21176
0.31193
0.30865
0.13656
0.16726
0.26815
0.15997
0.15677
0.13556
0.26873
0.29528
0.24547
0.27883
0.22988
0.29067
0.19562
0.30801
0.27276
0.27010
0.18196
0.29706
0.28592
0.22225
0.13577
0.36107
0.27828
0.18598
0.28900
0.31584
0.20104
0.34131
0.29838
0.21037
0.28193
0.18187
0.28866
0.31878
0.28431
0.23663
0.22391
0.14377
0.32734
0.20417
0.29517
0.20422
0.25474
0.30838
0.26581
0.19945
0.21459
0.29287
0.21282
0.26363
0.16606
0.23051
0.19801
0.20454
0.22419
0.28685
0.31085
0.31532
0.23978
0.21843
0.31706
0.18329
0.17887
0.21121
0.25993
0.28523
0.14248
0.16005
0.25456
0.27962
0.20576
0.14803
0.20121
0.25913
0.21147
0.22566
0.26957
0.30148
0.14972
0.21491
0.27704
0.27276
0.15945
0.27983
0.25084
0.23928
0.36461
0.15567
0.28707
0.19912
0.38067
0.30200
0.26649
0.26769
0.30768
0.25866
0.18096
0.31404
0.26244
0.24885
0.29461
0.25814
0.33406
0.20943
0.30541
0.18851
0.31399
0.23218
0.29278
0.22656
0.25974
0.28171
0.25441
0.18328
0.24406
0.23195
0.28815
0.20047
0.27947
0.21011
0.27257
0.29817
0.26952
0.29720
0.13477
0.25609
0.33465
0.33091
0.24574
0.27605
0.28698
0.23301
0.22743
0.21143
0.29401
0.29267
0.26177
0.22215
0.15862
0.30129
0.29261
0.25445
0.27931
0.22281
0.32851
0.27658
0.20120
0.17136
0.28798
0.28682
0.30630
0.24694
0.23845
0.35617
0.34467
0.14330
0.21089
0.30843
0.30079
0.27662
0.27557
0.31078
0.18566
0.19895
0.17443
0.26747
0.29029
0.32617
0.26712
0.26640
0.28635
0.20948
0.23143
0.28254
0.27968
0.16920
0.34136
0.21333
0.23149
0.34484
0.31010
0.26859
0.21386
0.27736
0.27360
0.33434
0.32910
0.23080
0.23770
0.18949
0.30487
0.31233
0.11803
0.27966
0.15376
0.21687
0.29634
0.19778
0.26436
0.25659
0.25539
0.18692
0.25154
0.21709
0.31343
0.23517
0.24689
0.18226
0.28034
0.25135
0.20395
0.17191
0.33858
0.29936
0.33557
0.23540
0.21858
0.27401
0.25510
0.25592
0.28866
0.15998
0.30931
0.26445
0.31352
0.26827
0.26588
0.30094
0.24415
0.25649
0.29645
0.15353
0.20625
0.28483
0.25060
0.30258
0.31770
0.27366
0.31508
0.36347
0.29410
0.30193
0.26158
0.30460
0.25174
0.35344
0.26986
0.25068
0.32296
0.32038
0.29329
0.31338
0.37372
0.20579
0.27394
0.29116
0.21787
0.29510
0.31400
0.20181
0.26588
0.33984
0.23176
0.27621
0.25889
0.28442
0.24777
0.24435
0.24642
0.24157
0.28396
0.31624
0.31172
0.23217
0.28690
0.28159
0.29050
0.29650
0.25706
0.10991
0.33156
0.32850
0.34993
0.32319
0.27018
0.38017
0.37218
0.27874
0.13973
0.30120
0.37295
0.25137
0.14440
0.30582
0.31186
0.19231
0.24061
0.30957
0.27060
0.25876
0.23457
0.32523
0.31913
0.37472
0.27882
0.29262
0.28266
0.36583
0.29704
0.29508
0.29367
0.33461
0.28939
0.13861
0.31682
0.41406
0.20179
0.38583
0.40167
0.15062
0.31198
0.34363
0.32613
0.26982
0.26467
0.26969
0.16323
0.29545
0.26852
0.26235
0.28348
0.35534
0.28969
0.29104
0.17581
0.17860
0.25079
0.39108
0.17219
0.05405
0.31120
0.14712
0.15873
0.37925
0.08205
0.22611
0.14795
0.29419
0.21121
0.44855
0.15439
0.32458
0.36825
0.23390
0.21199
0.26921
0.22509
0.18870
0.34087
0.11031
0.35055
0.32921
0.22309
0.20965
0.25852
0.32650
0.21966
0.15587
0.33818
0.40419
0.29236
0.27697
0.33694
0.34817
0.20643
0.21318
0.29618
0.36799
0.15247
0.17712
0.19327
0.33459
0.24461
0.24083
0.29315
0.33726
0.32555
0.19556
0.30948
0.33466
0.26657
0.26899
0.23817
0.35521
0.29879
0.27803
0.30233
0.30284
0.31531
0.24512
0.30968
0.22956
0.31336
0.23033
0.26076
0.30543
0.26744
0.25952
0.28033
0.19026
0.31983
0.19416
0.01925
0.11645
0.22461
0.26026
0.24079
0.19777
0.23901
0.32268
0.12564
0.04453
0.11600
0.03360
0.34115
0.23749
0.17845
0.30383
0.04609
0.13655
0.18960
0.21966
0.10304
0.12807
0.23308
0.20322
0.20804
0.20978
0.26203
0.02858
0.29666
0.22279
0.04100
0.06857
0.10093
0.29560
0.09206
0.16978
0.20850
0.29475
0.05841
0.04415
0.07189
0.05383
0.23100
0.12038
0.10806
0.20885
0.30557
0.16230
0.22477
0.21844
0.06068
0.28097
0.05319
0.05367
0.23146
0.18954
0.21589
0.04833
0.05204
0.20325
0.20221
0.26476
0.25317
0.02714
0.04567
0.19001
0.19978
0.15735
0.18285
0.08684
0.22102
0.15909
0.08035
0.25360
0.26641
0.10872
0.13231
0.12556
0.06955
0.02385
0.25049
0.14551
0.20270
0.25180
0.23696
0.19618
0.33434
0.25156
0.24518
0.15579
0.24004
0.18900
0.02889
0.23088
0.06350
0.03389
0.21369
0.25904
0.31126
0.24182
0.05428
0.09706
0.19045
0.15978
0.22911
0.21971
0.07312
0.15874
0.33387
0.09470
0.19238
0.13467
0.02879
0.06612
0.10430
0.05923
0.10315
0.25412
0.28673
0.10051
0.09820
0.07747
0.04442
0.06150
0.25197
