0.09224
0.08951
0.06745
0.24089
0.06377
0.15164
0.21693
0.12482
0.13166
0.05508
0.21464
0.14146
0.14451
0.11260
0.05498
0.22562
0.13999
0.12793
0.05333
0.13002
0.29773
0.13991
0.15712
0.05214
0.23561
0.14468
0.14885
0.24636
0.10606
0.20744
0.12322
0.28150
0.12788
0.10131
0.06141
0.09842
0.12207
0.08446
0.08931
0.16656
0.29138
0.26338
0.07931
0.14713
0.30164
0.24405
0.13028
0.23784
0.15218
0.13745
0.09553
0.11135
0.13790
0.29810
0.08962
0.23085
0.20133
0.10451
0.12611
0.06272
0.27738
0.28967
0.12227
0.23775
0.27712
0.30206
0.05237
0.18031
0.13164
0.03354
0.11939
0.30275
0.27537
0.18788
0.23965
0.14655
0.11597
0.02995
0.20319
0.15875
0.33551
0.20904
0.30423
0.28646
0.26578
0.33508
0.09597
0.04729
0.12906
0.23671
0.32331
0.15817
0.09189
0.28876
0.04388
0.12704
0.16720
0.22200
0.14844
0.14190
0.08793
0.17762
0.13348
0.13389
0.22719
0.30176
0.10576
0.18082
0.18266
0.28366
0.01759
0.27794
0.07704
0.21188
0.14594
0.15546
0.28704
0.04150
0.05317
0.18870
0.22579
0.06586
0.28107
0.03952
0.10034
0.12980
0.30204
0.28237
0.18508
0.23677
0.07937
0.11489
0.31989
0.33350
0.11309
0.14674
0.07267
0.28056
0.25720
0.04895
0.15455
0.06281
0.27051
0.14475
0.11879
0.31732
0.09932
0.34602
0.19156
0.09466
0.15167
0.23314
0.11140
0.31362
0.33839
0.30425
0.10179
0.15818
0.17598
0.23245
0.27190
0.23974
0.27837
0.31067
0.10550
0.08393
0.25837
0.25346
0.05474
0.24108
0.05146
0.20770
0.26095
0.04168
0.11674
0.17567
0.03579
0.06389
0.15341
0.25614
0.02702
0.10380
0.19386
0.15319
0.10588
0.15041
0.19465
0.23921
0.24260
0.15512
0.11546
0.06566
0.03212
0.13453
0.09732
0.22635
0.24152
0.13199
0.04532
0.27393
0.21960
0.05335
0.17445
0.12984
0.04539
0.23820
0.08514
0.18129
0.26078
0.11605
0.27376
0.23937
0.12216
0.23114
0.23956
0.22739
0.11997
0.26920
0.19283
0.33767
0.11448
0.20133
0.16023
0.08133
0.11337
0.03222
0.14886
0.13967
0.12977
0.09006
0.25186
0.10824
0.26451
0.12296
0.04755
0.26248
0.14324
0.06464
0.12473
0.26110
0.08431
0.30056
0.07646
0.11752
0.15980
0.24241
0.10849
0.04096
0.10707
0.11518
0.12020
0.12694
0.08717
0.23501
0.15737
0.17427
0.21587
0.07216
0.10068
0.12595
0.19711
0.18950
0.19486
0.18986
0.12112
0.25561
0.25717
0.09391
0.12102
0.02847
0.06181
0.12140
0.05739
0.03039
0.34911
0.13489
0.03498
0.20658
0.14787
0.05629
0.16452
0.31352
0.15012
0.08027
0.30874
0.13606
0.20327
0.14646
0.14568
0.12519
0.10893
0.05169
0.19417
0.18769
0.13783
0.10076
0.18914
0.16452
0.16334
0.10868
0.32976
0.28324
0.27118
0.08509
0.11450
0.31873
0.30514
0.32311
0.02908
0.24815
0.12588
0.24784
0.11640
0.09471
0.14586
0.11861
0.09313
0.22445
0.25807
0.07654
0.11224
0.05157
0.29051
0.15971
0.24431
0.15151
0.23805
0.22263
0.15941
0.03817
0.22769
0.30519
0.33548
0.29768
0.30321
0.24942
0.23569
0.27792
0.28594
0.22634
0.06078
0.06512
0.11787
0.23658
0.05004
0.06699
0.19741
0.11275
0.19778
0.12007
0.14858
0.11145
0.27598
0.28109
0.24330
0.17786
0.28383
0.10948
0.13815
0.30278
0.09490
0.18784
0.06827
0.08657
0.18507
0.05641
0.25711
0.32649
0.08654
0.09855
0.12151
0.24837
0.11670
0.03082
0.04732
0.07841
0.05811
0.10949
0.16437
0.08138
0.27138
0.19902
0.18225
0.05930
0.15575
0.28058
0.21284
0.27625
0.35226
0.18657
0.28502
0.30418
0.29507
0.32876
0.28045
0.26296
0.34710
0.27055
0.23942
0.23603
0.22865
0.30034
0.18751
0.36093
0.31606
0.20703
0.27805
0.24224
0.27891
0.33581
0.30520
0.24654
0.30677
0.32974
0.21782
0.27917
0.32665
0.26340
0.24623
0.25834
0.29064
0.31115
0.27698
0.20898
0.34571
0.25829
0.25742
0.31581
0.16254
0.31677
0.34781
0.28175
0.31595
0.31522
0.28947
0.23366
0.30527
0.33175
0.22707
0.30988
0.31483
0.26277
0.28789
0.29518
0.18376
0.31701
0.25906
0.28918
0.30917
0.29281
0.28358
0.16512
0.28803
0.36419
0.12371
0.27962
0.23209
0.21195
0.18466
0.35995
0.29893
0.32171
0.16062
0.34628
0.26723
0.26502
0.35935
0.30472
0.31034
0.29046
0.24128
0.28253
0.16839
0.35563
0.29217
0.24870
0.17839
0.32685
0.17273
0.25825
0.28774
0.25693
0.34485
0.29831
0.21484
0.32681
0.31098
0.17225
0.20955
0.29132
0.16538
0.16234
0.13944
0.27802
0.33960
0.27801
0.27134
0.24694
0.30288
0.22165
0.31085
0.28381
0.30789
0.20479
0.28820
0.28287
0.20443
0.16563
0.35787
0.28869
0.21506
0.26975
0.31569
0.25123
0.36648
0.30399
0.24245
0.28112
0.21322
0.27546
0.31775
0.28611
0.26168
0.22650
0.16987
0.32401
0.21218
0.30082
0.23921
0.28336
0.32066
0.28686
0.18191
0.19459
0.28286
0.20714
0.30406
0.17196
0.23441
0.23908
0.22092
0.20795
0.31479
0.31964
0.32410
0.25561
0.22184
0.31419
0.20745
0.23452
0.22173
0.29551
0.29500
0.14080
0.17979
0.29134
0.28334
0.21295
0.14815
0.22220
0.26742
0.26288
0.21875
0.27169
0.31888
0.16173
0.26382
0.25970
0.30579
0.19745
0.30014
0.24895
0.25378
0.37201
0.18378
0.28340
0.23066
0.35910
0.31136
0.27234
0.26783
0.29096
0.28482
0.17326
0.29513
0.29236
0.27681
0.28461
0.27833
0.33852
0.25039
0.28656
0.22264
0.33707
0.25491
0.30317
0.22922
0.26570
0.28613
0.25339
0.20174
0.24573
0.23926
0.31689
0.21547
0.30259
0.23498
0.29051
0.29778
0.29083
0.30955
0.13921
0.24247
0.31983
0.31647
0.26478
0.29544
0.29677
0.25846
0.26586
0.22712
0.29768
0.31337
0.29047
0.24168
0.14960
0.29206
0.31335
0.25526
0.27961
0.20206
0.32745
0.31484
0.22268
0.19609
0.27676
0.29156
0.29793
0.26579
0.24610
0.32961
0.34209
0.15430
0.24945
0.32197
0.27114
0.28578
0.30835
0.32604
0.24203
0.20613
0.16218
0.27870
0.28663
0.35688
0.28437
0.27207
0.30962
0.23519
0.26255
0.29633
0.27362
0.17294
0.33669
0.21842
0.18858
0.33572
0.30969
0.27621
0.23073
0.26744
0.29438
0.35085
0.33856
0.26348
0.27367
0.16373
0.32591
0.31594
0.10956
0.27478
0.14146
0.24279
0.28519
0.22740
0.27894
0.25887
0.27986
0.19604
0.23932
0.23993
0.33296
0.28331
0.27494
0.19780
0.29614
0.25585
0.23744
0.20413
0.32295
0.29126
0.32801
0.26551
0.25820
0.30267
0.26554
0.25553
0.26782
0.17127
0.32382
0.26965
0.32852
0.28700
0.29811
0.34299
0.27220
0.28613
0.30446
0.18520
0.19319
0.30299
0.23744
0.30702
0.30526
0.29185
0.33699
0.37506
0.30479
0.33669
0.26646
0.30797
0.30440
0.35771
0.27106
0.27579
0.32121
0.32206
0.30647
0.32517
0.38105
0.22025
0.27992
0.34391
0.22818
0.31155
0.33866
0.25571
0.25696
0.36061
0.23856
0.27100
0.31343
0.29586
0.25165
0.26810
0.29106
0.26856
0.28767
0.32020
0.28543
0.26335
0.30696
0.27181
0.31163
0.29276
0.26723
0.12544
0.31080
0.32998
0.31908
0.33472
0.29665
0.41230
0.38986
0.29210
0.17852
0.31755
0.35429
0.28481
0.17702
0.31260
0.32955
0.24353
0.26380
0.31793
0.26976
0.26200
0.24459
0.33445
0.33015
0.38035
0.29879
0.29878
0.25889
0.37833
0.26374
0.26530
0.32019
0.37463
0.26838
0.17332
0.30598
0.43538
0.23758
0.40141
0.41804
0.17956
0.31438
0.36195
0.32635
0.29147
0.25637
0.28471
0.23818
0.28827
0.30056
0.29990
0.27387
0.37886
0.30713
0.30364
0.25143
0.22480
0.27369
0.39212
0.21433
0.12522
0.33816
0.15371
0.20915
0.39352
0.15315
0.25917
0.21620
0.27110
0.24992
0.43984
0.20604
0.32374
0.38183
0.23367
0.26293
0.24925
0.24660
0.20252
0.35658
0.16856
0.37663
0.33034
0.27028
0.25715
0.26827
0.34355
0.27030
0.21332
0.32383
0.41334
0.29987
0.28355
0.34714
0.37103
0.24913
0.25325
0.28330
0.38896
0.20090
0.22434
0.25960
0.37192
0.29253
0.25097
0.29222
0.33107
0.32774
0.24393
0.29792
0.33605
0.29782
0.28613
0.24822
0.39815
0.28593
0.24729
0.28574
0.32021
0.33099
0.26099
0.29683
0.24318
0.33632
0.26489
0.26142
0.32679
0.31208
0.24812
0.29595
0.20663
0.32418
0.17539
0.04756
0.11187
0.24944
0.23878
0.20946
0.20150
0.24821
0.34422
0.25473
0.06125
0.18246
0.02054
0.28023
0.28154
0.19556
0.32403
0.06708
0.11227
0.18457
0.25495
0.10938
0.11600
0.25876
0.27164
0.19622
0.21178
0.27259
0.04205
0.33090
0.26002
0.04353
0.06974
0.10242
0.30352
0.13739
0.21199
0.22848
0.31886
0.02592
0.07321
0.08036
0.08449
0.30553
0.08094
0.15060
0.16935
0.34047
0.11417
0.32525
0.21948
0.10433
0.31168
0.05161
0.08901
0.32835
0.18452
0.23745
0.05064
0.09444
0.22146
0.20652
0.27328
0.23746
0.05150
0.06382
0.17658
0.18892
0.20295
0.13543
0.12381
0.29341
0.19424
0.10106
0.26279
0.29150
0.08672
0.14937
0.11707
0.03377
0.01786
0.22694
0.19261
0.20034
0.26068
0.27977
0.20469
0.35850
0.20406
0.27945
0.19946
0.21741
0.19057
0.01072
0.25424
0.08071
0.07383
0.21168
0.25580
0.32549
0.25738
0.04554
0.01664
0.11802
0.20818
0.19056
0.27331
0.10565
0.18574
0.32452
0.10685
0.19952
0.06995
0.05343
0.04270
0.15306
0.05988
0.13938
0.25337
0.26827
0.10184
0.07324
0.04809
0.11728
0.06749
0.27196
