0.09291
0.10479
0.04658
0.22032
0.08000
0.13907
0.25677
0.13866
0.13084
0.05421
0.17915
0.12350
0.12647
0.11509
0.11324
0.21917
0.16977
0.12289
0.09525
0.13135
0.28085
0.12161
0.14439
0.04565
0.24367
0.11816
0.14205
0.23291
0.07107
0.17606
0.17918
0.20642
0.12947
0.09326
0.03240
0.09874
0.14135
0.02661
0.11506
0.11520
0.23230
0.26343
0.12595
0.13218
0.28454
0.20687
0.17231
0.19334
0.18099
0.13036
0.09064
0.13299
0.12680
0.27141
0.09417
0.26346
0.14935
0.09968
0.17107
0.06192
0.23368
0.29016
0.10081
0.24845
0.25966
0.32594
0.06080
0.13925
0.08709
0.06463
0.12236
0.30962
0.24977
0.16143
0.23925
0.08606
0.08906
0.06983
0.19323
0.17529
0.30584
0.17635
0.34131
0.25328
0.21729
0.31458
0.10092
0.08032
0.11819
0.21205
0.33493
0.16250
0.09606
0.21544
0.06332
0.12920
0.17544
0.19402
0.20411
0.15445
0.09660
0.16204
0.10729
0.10317
0.17468
0.27558
0.12219
0.17456
0.13702
0.28931
0.01896
0.28457
0.08630
0.23591
0.11722
0.14359
0.25405
0.04368
0.03948
0.16972
0.24986
0.07016
0.25734
0.03170
0.07343
0.11237
0.22928
0.26142
0.15175
0.25984
0.06520
0.08574
0.25072
0.34010
0.09600
0.08549
0.08105
0.26762
0.27878
0.08042
0.12383
0.07843
0.28004
0.18319
0.08726
0.21980
0.07411
0.34100
0.12435
0.10240
0.16298
0.23457
0.10428
0.29216
0.30472
0.34676
0.08980
0.18404
0.13213
0.18400
0.18678
0.22708
0.26204
0.32138
0.08971
0.11050
0.25905
0.25728
0.04175
0.24730
0.05688
0.21151
0.20598
0.02808
0.04676
0.21575
0.08398
0.06140
0.18487
0.26850
0.09311
0.11203
0.19602
0.12566
0.06550
0.10580
0.17477
0.27148
0.25196
0.13635
0.09054
0.06940
0.05278
0.12970
0.16481
0.18384
0.20890
0.14446
0.07736
0.26121
0.22361
0.11342
0.20454
0.13954
0.07989
0.18578
0.07930
0.17433
0.25651
0.13487
0.23743
0.22029
0.06124
0.22620
0.24719
0.22519
0.12333
0.17209
0.16933
0.35027
0.13123
0.14824
0.13357
0.06555
0.06904
0.03149
0.11748
0.16642
0.08680
0.07158
0.21118
0.12350
0.23021
0.09510
0.08691
0.22266
0.11492
0.04709
0.10174
0.23753
0.10793
0.27315
0.10285
0.13710
0.14208
0.21779
0.11870
0.04132
0.09301
0.09423
0.09990
0.13806
0.09278
0.21797
0.12710
0.16300
0.21050
0.07172
0.07121
0.14427
0.22700
0.14723
0.21189
0.17180
0.14920
0.20858
0.29894
0.09284
0.12658
0.07429
0.06395
0.12147
0.07033
0.03396
0.27950
0.14121
0.04954
0.17528
0.14232
0.07896
0.11265
0.33532
0.13745
0.07392
0.30542
0.14861
0.22575
0.13398
0.18639
0.15201
0.08364
0.04955
0.14884
0.20423
0.17221
0.09493
0.16249
0.13174
0.17719
0.13017
0.32345
0.24037
0.26306
0.09970
0.10181
0.29684
0.27126
0.31719
0.03425
0.27273
0.10024
0.25393
0.12820
0.09564
0.10426
0.07352
0.08132
0.14417
0.22948
0.08918
0.05129
0.06261
0.26810
0.12924
0.22356
0.19754
0.18256
0.21357
0.10384
0.04022
0.26872
0.24285
0.33942
0.17418
0.25103
0.21064
0.21977
0.27869
0.27733
0.28237
0.09664
0.10404
0.11835
0.22913
0.04036
0.04992
0.18908
0.12152
0.22807
0.07824
0.14490
0.07817
0.26920
0.27090
0.20895
0.17475
0.29600
0.12405
0.12283
0.28809
0.08102
0.20752
0.05707
0.08427
0.19203
0.05424
0.26877
0.27647
0.04986
0.07218
0.11790
0.25163
0.10616
0.03457
0.06935
0.06375
0.04016
0.08432
0.18841
0.06293
0.27190
0.10921
0.12927
0.07766
0.15792
0.29778
0.16631
0.24232
0.34460
0.18398
0.26688
0.30589
0.26952
0.31184
0.29145
0.23790
0.34030
0.23632
0.23425
0.22456
0.19707
0.26646
0.19050
0.37132
0.32759
0.21718
0.24019
0.24475
0.22646
0.33556
0.28382
0.22724
0.31061
0.32646
0.20881
0.24537
0.32483
0.27564
0.24824
0.23016
0.27166
0.31252
0.20527
0.22297
0.34620
0.22139
0.18458
0.28914
0.20103
0.29145
0.34761
0.28858
0.28228
0.28622
0.27511
0.23540
0.25924
0.33793
0.19037
0.26857
0.31234
0.22294
0.26360
0.28481
0.20229
0.29618
0.24926
0.27629
0.31932
0.28222
0.24973
0.16819
0.28233
0.35204
0.14167
0.27376
0.18509
0.19195
0.18530
0.35299
0.31534
0.30541
0.16138
0.35311
0.27858
0.29030
0.35528
0.31290
0.28423
0.28356
0.22857
0.27039
0.18950
0.35483
0.26408
0.20963
0.14789
0.32494
0.19190
0.26250
0.28205
0.25034
0.35312
0.30482
0.21310
0.30185
0.30704
0.14295
0.17274
0.29326
0.18898
0.20571
0.15432
0.29536
0.33911
0.25070
0.23235
0.24888
0.27976
0.20493
0.28786
0.21404
0.27612
0.21092
0.27576
0.26736
0.20286
0.16613
0.33591
0.30538
0.17032
0.27092
0.32868
0.25716
0.34992
0.30431
0.22994
0.24162
0.19484
0.29256
0.29946
0.26768
0.23686
0.22347
0.15635
0.27344
0.19713
0.26202
0.18570
0.25800
0.31596
0.28760
0.19906
0.23186
0.29597
0.21256
0.28813
0.18413
0.22397
0.24832
0.22565
0.17910
0.30095
0.32434
0.32573
0.19625
0.16469
0.33116
0.21552
0.16297
0.21080
0.30114
0.29975
0.17572
0.18085
0.29221
0.26617
0.18582
0.15634
0.20425
0.27168
0.19470
0.25055
0.23361
0.29147
0.19151
0.20512
0.27945
0.28052
0.17312
0.26032
0.24500
0.23912
0.37191
0.18226
0.28675
0.20860
0.35197
0.31715
0.22115
0.26886
0.29367
0.28162
0.18499
0.31601
0.28900
0.23752
0.29559
0.23936
0.35674
0.22965
0.27629
0.21690
0.35434
0.20423
0.25469
0.23479
0.24683
0.27876
0.26931
0.18191
0.23171
0.24036
0.30269
0.21559
0.29901
0.22710
0.24163
0.28220
0.28065
0.28498
0.14149
0.19051
0.33263
0.33014
0.23188
0.25069
0.26752
0.24771
0.19804
0.19748
0.29446
0.28146
0.24598
0.25769
0.17898
0.26973
0.30597
0.26027
0.25047
0.19274
0.31507
0.25770
0.17373
0.20339
0.28337
0.29131
0.27930
0.24864
0.25029
0.34763
0.33581
0.14556
0.23209
0.31699
0.24626
0.24182
0.30091
0.33181
0.23131
0.19289
0.16855
0.24319
0.25677
0.35730
0.28811
0.28771
0.26386
0.23495
0.25696
0.29545
0.28849
0.16413
0.33459
0.20431
0.24123
0.34413
0.30644
0.20770
0.22200
0.21390
0.29485
0.31288
0.33208
0.26766
0.28139
0.17092
0.27974
0.31653
0.13424
0.23047
0.18896
0.22070
0.26155
0.24353
0.24783
0.24269
0.23036
0.21586
0.19918
0.21674
0.33335
0.25197
0.23503
0.20367
0.29642
0.26261
0.20634
0.15295
0.32493
0.27918
0.31342
0.25161
0.21955
0.28141
0.23897
0.20382
0.26521
0.17751
0.32452
0.24494
0.33200
0.27043
0.31117
0.34701
0.26252
0.22847
0.26545
0.19349
0.20296
0.28463
0.18392
0.25584
0.31188
0.25439
0.30350
0.38698
0.30456
0.33171
0.28657
0.31277
0.30625
0.35554
0.22424
0.25115
0.30891
0.32243
0.27743
0.31869
0.38222
0.17026
0.22356
0.33986
0.22981
0.31323
0.33211
0.25989
0.25064
0.35774
0.24411
0.22741
0.30586
0.25008
0.21926
0.22564
0.25420
0.26904
0.27951
0.28547
0.28894
0.22726
0.29186
0.27956
0.29168
0.26180
0.27533
0.12114
0.29398
0.32375
0.36255
0.29251
0.29941
0.38234
0.40355
0.29279
0.17711
0.30304
0.38102
0.28037
0.17604
0.31598
0.33891
0.24751
0.24027
0.32175
0.22908
0.28411
0.26823
0.32560
0.36034
0.41413
0.32888
0.31778
0.28064
0.38491
0.29549
0.31062
0.30949
0.37331
0.27928
0.14994
0.32084
0.45545
0.24999
0.40533
0.39063
0.20929
0.31223
0.34512
0.32347
0.28421
0.25214
0.28335
0.21197
0.30027
0.29812
0.28255
0.29038
0.37583
0.28571
0.28055
0.25457
0.22194
0.27531
0.38982
0.23538
0.12987
0.33644
0.14431
0.16866
0.39424
0.14398
0.18957
0.21901
0.25848
0.26243
0.45219
0.19360
0.33682
0.38973
0.25686
0.23041
0.25963
0.26282
0.21240
0.35678
0.17933
0.36898
0.35272
0.26611
0.24889
0.24863
0.33870
0.28013
0.21399
0.36764
0.43055
0.33025
0.28441
0.35068
0.36800
0.22900
0.26462
0.29745
0.39085
0.20724
0.21143
0.27739
0.35931
0.29302
0.26846
0.27705
0.33118
0.33261
0.22722
0.30660
0.33028
0.30902
0.29222
0.25746
0.40284
0.29927
0.26146
0.28523
0.30694
0.34780
0.27792
0.30400
0.23405
0.33092
0.26740
0.25403
0.31528
0.30804
0.23500
0.29296
0.20065
0.32856
0.19164
0.07142
0.10763
0.14144
0.19886
0.29211
0.24247
0.22977
0.33269
0.20709
0.08500
0.17273
0.02831
0.28064
0.25902
0.17381
0.30890
0.01820
0.13812
0.22059
0.19050
0.08110
0.10060
0.24404
0.28255
0.17357
0.21726
0.24705
0.05175
0.31074
0.19641
0.03932
0.07716
0.11136
0.30981
0.13746
0.21568
0.20127
0.29114
0.03153
0.05935
0.06897
0.09754
0.23739
0.13291
0.17204
0.16101
0.18414
0.09136
0.30187
0.22367
0.02529
0.25422
0.04946
0.05060
0.28417
0.19461
0.27820
0.05853
0.06153
0.19657
0.20132
0.27019
0.24460
0.01229
0.04221
0.16763
0.19534
0.16623
0.17148
0.08054
0.21054
0.09318
0.14649
0.25953
0.28185
0.10539
0.14674
0.14244
0.03904
0.06014
0.18814
0.15294
0.21522
0.26714
0.25331
0.20459
0.35708
0.25105
0.26924
0.16579
0.17306
0.15081
0.01187
0.23228
0.10951
0.05129
0.23436
0.25736
0.21803
0.24235
0.03095
0.07789
0.10738
0.19085
0.20847
0.25186
0.08022
0.19348
0.32766
0.14502
0.22006
0.10480
0.01532
0.04436
0.14504
0.04133
0.06480
0.25107
0.28150
0.10542
0.05559
0.03755
0.06625
0.06286
0.29860
