0.08682
0.12050
0.05190
0.24881
0.07180
0.11974
0.18647
0.11974
0.15255
0.04813
0.16510
0.15592
0.16449
0.11706
0.06978
0.21504
0.08897
0.11724
0.07812
0.14649
0.27488
0.14555
0.16753
0.05412
0.21001
0.12109
0.13079
0.22229
0.13317
0.13556
0.08934
0.24154
0.15968
0.10615
0.07403
0.08984
0.12324
0.06843
0.11755
0.12716
0.26635
0.22672
0.09717
0.11094
0.26724
0.22902
0.12754
0.27857
0.17717
0.10056
0.11107
0.09951
0.14731
0.32162
0.08922
0.20626
0.24008
0.10691
0.14119
0.04679
0.26905
0.28730
0.12588
0.22107
0.29353
0.32113
0.06919
0.16256
0.10785
0.04215
0.13969
0.29042
0.32700
0.20802
0.21407
0.08308
0.05853
0.03718
0.22342
0.17838
0.30507
0.15271
0.32805
0.27004
0.25119
0.32858
0.10279
0.08495
0.16028
0.22910
0.30559
0.16754
0.05226
0.28547
0.03910
0.13593
0.18195
0.22030
0.17400
0.14306
0.10159
0.17586
0.14178
0.12366
0.20490
0.27490
0.17421
0.15289
0.16526
0.27615
0.04249
0.22174
0.07369
0.24726
0.11777
0.09343
0.27361
0.06533
0.06551
0.15179
0.23353
0.05804
0.27652
0.02919
0.08611
0.14646
0.31418
0.27635
0.13966
0.24128
0.07003
0.08731
0.27895
0.33702
0.12051
0.12303
0.04602
0.27737
0.28843
0.03997
0.14215
0.02281
0.27711
0.14157
0.18902
0.29334
0.04997
0.35534
0.17494
0.08900
0.20062
0.24452
0.10461
0.31400
0.26623
0.31530
0.11247
0.17822
0.16167
0.14888
0.25579
0.24232
0.25401
0.30959
0.10853
0.08303
0.28139
0.28331
0.05122
0.26898
0.03954
0.18790
0.20887
0.04447
0.07202
0.20711
0.06519
0.06578
0.16398
0.26501
0.05337
0.11015
0.23472
0.14564
0.08080
0.18790
0.22248
0.24013
0.24992
0.15620
0.11105
0.05612
0.05589
0.17297
0.11686
0.23690
0.17330
0.14794
0.07193
0.28955
0.22499
0.04650
0.13130
0.14819
0.03690
0.20271
0.07553
0.21104
0.24965
0.08849
0.16160
0.23410
0.10213
0.25891
0.26578
0.24617
0.13013
0.26511
0.24199
0.33617
0.08135
0.15506
0.10551
0.05339
0.05804
0.05904
0.17085
0.17596
0.15292
0.04401
0.24054
0.09478
0.21535
0.11112
0.04774
0.26016
0.11124
0.05217
0.11235
0.25494
0.07428
0.28894
0.06317
0.11039
0.18156
0.20242
0.12238
0.03852
0.12182
0.10623
0.12473
0.08893
0.09320
0.25448
0.15930
0.16929
0.16770
0.08808
0.11054
0.14674
0.18894
0.14281
0.20079
0.13577
0.10695
0.26798
0.27165
0.09564
0.16343
0.04499
0.07573
0.12448
0.05375
0.02680
0.32347
0.13769
0.06808
0.23114
0.17060
0.06311
0.08712
0.33701
0.13028
0.09026
0.30199
0.11366
0.18883
0.16672
0.19434
0.14301
0.06092
0.04914
0.19625
0.15108
0.13357
0.11440
0.14013
0.17710
0.19846
0.13289
0.32467
0.26913
0.28474
0.12911
0.09188
0.30633
0.32275
0.35259
0.05145
0.27182
0.14510
0.26667
0.12771
0.07028
0.13231
0.12626
0.09124
0.21188
0.21582
0.05257
0.05976
0.07433
0.26925
0.13475
0.25606
0.11470
0.23077
0.24537
0.11576
0.05349
0.23850
0.28630
0.34536
0.27650
0.31786
0.20378
0.24161
0.30158
0.27574
0.24144
0.03624
0.05508
0.11486
0.23609
0.04439
0.08615
0.20992
0.11065
0.19041
0.06812
0.18280
0.13083
0.29027
0.28143
0.24716
0.16790
0.28030
0.13522
0.18638
0.30704
0.02764
0.20403
0.04582
0.11473
0.15907
0.05110
0.22104
0.33850
0.08299
0.07597
0.15555
0.28200
0.11479
0.03784
0.04972
0.05233
0.06104
0.10688
0.18872
0.05932
0.25930
0.13279
0.16885
0.08432
0.18452
0.29437
0.24141
0.30436
0.33620
0.19530
0.26497
0.30742
0.33087
0.35345
0.27779
0.27995
0.32787
0.30548
0.21816
0.28017
0.22593
0.32439
0.18330
0.37027
0.33031
0.26938
0.28181
0.23781
0.28253
0.34554
0.32702
0.25906
0.27743
0.31186
0.25634
0.28340
0.31173
0.24337
0.24370
0.24856
0.32484
0.31103
0.29629
0.22706
0.32186
0.29003
0.27667
0.36660
0.20534
0.29057
0.33768
0.29469
0.34152
0.31641
0.31519
0.23699
0.30364
0.33327
0.23900
0.32714
0.29830
0.27458
0.30516
0.30182
0.19498
0.33179
0.25861
0.25658
0.30393
0.28126
0.31720
0.16113
0.25796
0.35072
0.11989
0.28354
0.25011
0.21676
0.20480
0.35492
0.30545
0.30781
0.18557
0.35363
0.26585
0.25474
0.34719
0.29821
0.33075
0.30314
0.24621
0.26389
0.18172
0.35968
0.30844
0.25123
0.17996
0.31705
0.19087
0.23753
0.27896
0.25320
0.32861
0.31167
0.19170
0.29828
0.27035
0.16017
0.19051
0.32370
0.15761
0.16168
0.15793
0.32606
0.32121
0.31113
0.29465
0.24306
0.32465
0.20528
0.31287
0.30072
0.30703
0.20484
0.27872
0.31447
0.20264
0.21328
0.35573
0.26814
0.23295
0.33875
0.31601
0.26180
0.36766
0.30584
0.21092
0.30680
0.19174
0.28303
0.32810
0.31849
0.31352
0.26111
0.16334
0.34982
0.20885
0.33218
0.21343
0.30108
0.32815
0.27123
0.18452
0.21268
0.29055
0.19283
0.32561
0.18013
0.25368
0.22806
0.21931
0.23294
0.30740
0.31485
0.31393
0.27746
0.25031
0.30848
0.21870
0.25961
0.23724
0.29706
0.32378
0.13563
0.17647
0.27992
0.29946
0.23495
0.15977
0.18746
0.27161
0.25478
0.26590
0.28554
0.33378
0.15928
0.27863
0.26715
0.31397
0.18577
0.29717
0.31569
0.23024
0.38461
0.16715
0.33093
0.19028
0.37491
0.31561
0.29457
0.26337
0.31385
0.28890
0.19034
0.28868
0.28392
0.28745
0.26710
0.25359
0.32836
0.22605
0.26968
0.24503
0.33566
0.26514
0.32462
0.23398
0.29901
0.29817
0.26362
0.22626
0.26338
0.26505
0.31997
0.21899
0.31903
0.19813
0.30139
0.27167
0.28258
0.28951
0.13005
0.26487
0.31604
0.31351
0.28585
0.31347
0.34801
0.26628
0.27027
0.26503
0.27107
0.30208
0.29641
0.25319
0.18835
0.33102
0.28569
0.24743
0.28997
0.25848
0.30751
0.33312
0.23701
0.19846
0.28356
0.28612
0.30305
0.30485
0.27904
0.32966
0.35967
0.13023
0.24233
0.30285
0.29269
0.29267
0.30638
0.32724
0.22127
0.20557
0.17025
0.29785
0.30270
0.34310
0.31790
0.27672
0.31175
0.20471
0.25902
0.27786
0.26573
0.19303
0.34273
0.23680
0.22902
0.33593
0.31518
0.29257
0.22701
0.29729
0.28330
0.36927
0.33090
0.23521
0.27166
0.20287
0.33215
0.33034
0.10735
0.31307
0.18617
0.27440
0.29675
0.21695
0.31584
0.23212
0.29188
0.23109
0.26568
0.25898
0.34280
0.30788
0.29255
0.19390
0.28077
0.25302
0.24177
0.22893
0.35950
0.29387
0.32750
0.29265
0.28095
0.31951
0.26063
0.27427
0.27637
0.18517
0.32906
0.26394
0.33553
0.23108
0.29484
0.34103
0.27417
0.29183
0.32170
0.16498
0.26071
0.32093
0.26840
0.33531
0.27088
0.32066
0.35122
0.38462
0.31611
0.30340
0.27539
0.28823
0.30264
0.35141
0.28713
0.26297
0.31028
0.31341
0.31945
0.32311
0.38742
0.22139
0.29892
0.32948
0.27924
0.32476
0.31649
0.23021
0.26107
0.36591
0.23140
0.31831
0.29603
0.30795
0.28279
0.28072
0.29205
0.24456
0.28102
0.35934
0.30259
0.28803
0.32163
0.27491
0.32846
0.28922
0.32017
0.12549
0.30635
0.33854
0.37623
0.33879
0.32717
0.42700
0.43377
0.27742
0.16738
0.32161
0.39942
0.30030
0.23431
0.32034
0.34893
0.26246
0.24223
0.31438
0.23750
0.29991
0.26698
0.35872
0.37624
0.41447
0.30761
0.31903
0.26801
0.41607
0.32415
0.29141
0.32104
0.36258
0.28791
0.18156
0.30667
0.48535
0.25106
0.44409
0.43310
0.19600
0.30637
0.37646
0.32656
0.30220
0.25409
0.28184
0.25186
0.31762
0.33024
0.31684
0.30608
0.41030
0.29008
0.28642
0.26817
0.23394
0.26465
0.42366
0.25438
0.11746
0.34880
0.17585
0.17973
0.43650
0.16051
0.28183
0.19996
0.28744
0.23593
0.43608
0.18734
0.34843
0.42983
0.27326
0.22494
0.24203
0.29627
0.19104
0.38506
0.19693
0.37188
0.34812
0.27599
0.27427
0.23815
0.34549
0.30361
0.21118
0.32739
0.43348
0.34979
0.31271
0.36936
0.40948
0.21292
0.25040
0.28676
0.39440
0.21683
0.22939
0.24544
0.36522
0.28997
0.27099
0.26458
0.31440
0.37961
0.25422
0.30376
0.36368
0.32393
0.30481
0.27409
0.41784
0.30171
0.27837
0.28897
0.32003
0.36255
0.28923
0.31350
0.22970
0.34841
0.28341
0.26503
0.33371
0.34470
0.24058
0.29481
0.20417
0.27815
0.19782
0.04886
0.12066
0.18090
0.22408
0.26689
0.22359
0.23431
0.37960
0.18115
0.09838
0.22479
0.04949
0.30764
0.24168
0.20164
0.25019
0.04904
0.09314
0.22478
0.24023
0.07888
0.15891
0.23425
0.26116
0.21306
0.21293
0.26165
0.08035
0.32575
0.23544
0.05987
0.06958
0.16493
0.28326
0.09216
0.17426
0.18227
0.32246
0.04823
0.04074
0.06052
0.11171
0.27957
0.12288
0.09725
0.13808
0.18652
0.15130
0.27732
0.21360
0.05573
0.28606
0.06320
0.06485
0.22510
0.19474
0.28304
0.04037
0.05393
0.19991
0.19735
0.29474
0.23888
0.03234
0.06682
0.17807
0.21407
0.12411
0.17195
0.12172
0.29738
0.18327
0.12544
0.26649
0.31662
0.14080
0.09955
0.14111
0.08770
0.03605
0.20010
0.13856
0.19268
0.26601
0.28333
0.20253
0.33518
0.23169
0.22467
0.21461
0.19142
0.19906
0.03429
0.26341
0.11262
0.11634
0.19892
0.26079
0.29756
0.23672
0.09905
0.06394
0.12921
0.22781
0.15350
0.29252
0.11242
0.20393
0.33097
0.13911
0.24032
0.10960
0.02659
0.06474
0.10360
0.06561
0.05822
0.26969
0.27930
0.12836
0.05095
0.03877
0.08354
0.08212
0.23300
