0.14894
0.10874
0.08406
0.26159
0.09539
0.14432
0.21669
0.17508
0.19943
0.07370
0.24748
0.15056
0.18195
0.10937
0.16738
0.23559
0.12050
0.15300
0.11398
0.16336
0.27939
0.17321
0.19934
0.08000
0.23885
0.20371
0.16265
0.27804
0.11599
0.17897
0.19495
0.29004
0.18790
0.10425
0.20224
0.09424
0.13217
0.11078
0.18429
0.20788
0.29073
0.28108
0.12164
0.14643
0.28970
0.25108
0.17341
0.26906
0.22601
0.14946
0.09583
0.15587
0.12175
0.28800
0.09839
0.24946
0.30505
0.14138
0.16479
0.12349
0.23781
0.27897
0.13034
0.16548
0.27152
0.31950
0.07735
0.18954
0.16428
0.05670
0.13908
0.32311
0.31430
0.25400
0.25587
0.18084
0.09209
0.05836
0.24329
0.16119
0.32859
0.24946
0.30619
0.26267
0.27804
0.35527
0.09933
0.14029
0.19584
0.24110
0.33881
0.22392
0.08381
0.27215
0.08454
0.16249
0.23196
0.22769
0.16763
0.18019
0.11472
0.20262
0.12872
0.12198
0.21969
0.30290
0.18002
0.17134
0.16140
0.28949
0.08308
0.26195
0.14852
0.22424
0.12515
0.17151
0.28030
0.05334
0.09465
0.20631
0.25835
0.09752
0.28589
0.03425
0.12546
0.16455
0.33717
0.25485
0.21203
0.25002
0.14857
0.12593
0.30066
0.34608
0.11764
0.18999
0.12265
0.28148
0.28431
0.09984
0.19133
0.06314
0.31302
0.21750
0.19621
0.21118
0.11399
0.36364
0.21099
0.10236
0.19940
0.30674
0.13616
0.30951
0.31124
0.30700
0.22635
0.16398
0.15810
0.15152
0.28024
0.30388
0.30685
0.33002
0.09135
0.16603
0.32180
0.27122
0.18189
0.29481
0.08913
0.25139
0.26840
0.10295
0.16207
0.24449
0.12211
0.10526
0.23157
0.27702
0.07629
0.12153
0.25845
0.19725
0.13736
0.20542
0.23463
0.28156
0.25300
0.20892
0.16949
0.10900
0.07168
0.13862
0.17439
0.27704
0.24186
0.19871
0.12118
0.29313
0.21601
0.12307
0.20557
0.16514
0.09071
0.26909
0.15569
0.24526
0.27372
0.08864
0.26054
0.25291
0.15782
0.24223
0.26446
0.27078
0.14292
0.29565
0.24987
0.32922
0.08907
0.25075
0.10834
0.11346
0.08879
0.07814
0.18805
0.22474
0.23756
0.09733
0.27177
0.15043
0.25966
0.16351
0.08736
0.27952
0.11675
0.06700
0.12874
0.25329
0.13668
0.29842
0.11976
0.12257
0.17977
0.23592
0.11636
0.10788
0.16263
0.11627
0.12192
0.19584
0.11682
0.25360
0.13862
0.16247
0.19084
0.16450
0.06540
0.14803
0.15637
0.18301
0.20033
0.17372
0.19685
0.26619
0.30547
0.09925
0.21069
0.10184
0.09532
0.15006
0.08607
0.06255
0.33861
0.16658
0.13630
0.20958
0.16512
0.09056
0.13679
0.35538
0.16293
0.12134
0.27869
0.12078
0.21415
0.21053
0.17156
0.22643
0.12282
0.08846
0.21195
0.22044
0.21769
0.10420
0.20059
0.21213
0.18067
0.19212
0.31050
0.27613
0.26836
0.16425
0.16890
0.29542
0.30905
0.32333
0.07791
0.26129
0.12309
0.29072
0.16793
0.09938
0.16326
0.15215
0.11650
0.23796
0.26880
0.11989
0.12524
0.14642
0.24386
0.22887
0.27025
0.14830
0.24994
0.24884
0.15419
0.09259
0.27158
0.26262
0.34069
0.29692
0.32386
0.20859
0.24694
0.29858
0.29113
0.25437
0.07998
0.10271
0.18942
0.24896
0.08166
0.14555
0.24574
0.17141
0.24029
0.13804
0.20482
0.14091
0.27604
0.25752
0.24400
0.21687
0.29211
0.17348
0.18529
0.30779
0.12833
0.20275
0.08259
0.14273
0.26415
0.07473
0.25199
0.33260
0.09483
0.09813
0.18233
0.26152
0.12970
0.08499
0.09493
0.09948
0.11328
0.15584
0.19040
0.15224
0.28069
0.23055
0.20829
0.12155
0.21529
0.26168
0.24370
0.28635
0.33338
0.18165
0.25147
0.32586
0.29996
0.33131
0.26343
0.26486
0.30668
0.28014
0.25353
0.26393
0.23763
0.33075
0.17835
0.36352
0.29059
0.27190
0.28836
0.25960
0.27908
0.36546
0.30026
0.26666
0.26680
0.30111
0.25601
0.28838
0.27950
0.29910
0.25938
0.26418
0.31510
0.28857
0.25746
0.23342
0.31501
0.26151
0.26473
0.33680
0.19220
0.31842
0.32356
0.31622
0.29916
0.32713
0.30206
0.27389
0.30992
0.31059
0.24739
0.31743
0.30932
0.28343
0.29536
0.30810
0.17766
0.32937
0.26482
0.25918
0.27586
0.23955
0.28270
0.20136
0.25128
0.33769
0.15568
0.29235
0.23732
0.24266
0.22980
0.37593
0.32314
0.29844
0.17666
0.33465
0.27872
0.27570
0.34587
0.26942
0.32074
0.29955
0.25300
0.30063
0.19464
0.34052
0.31325
0.24929
0.16968
0.34776
0.20268
0.27442
0.28514
0.27551
0.31686
0.26769
0.22043
0.28863
0.26842
0.16133
0.18354
0.30620
0.19961
0.20161
0.17761
0.29738
0.30313
0.27992
0.29445
0.23982
0.30750
0.22743
0.31832
0.28773
0.31201
0.21671
0.28574
0.29522
0.23087
0.19723
0.36713
0.26997
0.23852
0.29986
0.28801
0.26928
0.37810
0.27699
0.25133
0.28142
0.23218
0.27491
0.32781
0.28382
0.28135
0.25975
0.16038
0.31684
0.24340
0.30875
0.25466
0.29734
0.34340
0.26515
0.21070
0.25843
0.30462
0.18362
0.30295
0.20035
0.26361
0.24223
0.22044
0.24534
0.32510
0.30310
0.30227
0.24783
0.21839
0.30607
0.19764
0.22463
0.25192
0.24925
0.30056
0.17342
0.19731
0.29822
0.30460
0.23759
0.16090
0.25566
0.26087
0.21313
0.25086
0.26801
0.34112
0.19651
0.26635
0.25583
0.31125
0.21075
0.29257
0.26719
0.25553
0.40680
0.19457
0.30009
0.23928
0.34330
0.27619
0.27818
0.27997
0.30298
0.27429
0.23015
0.32665
0.28559
0.28610
0.24827
0.30058
0.31458
0.25653
0.22310
0.24119
0.31787
0.25403
0.27144
0.23597
0.27449
0.28401
0.26057
0.23611
0.28077
0.24511
0.33714
0.20607
0.32829
0.24261
0.28386
0.26369
0.26835
0.28293
0.16468
0.22937
0.28049
0.30219
0.28515
0.31177
0.30553
0.27959
0.26252
0.24511
0.27694
0.29841
0.29631
0.24929
0.21609
0.29231
0.29142
0.28561
0.28793
0.19628
0.30031
0.31175
0.22339
0.21780
0.26830
0.29553
0.31934
0.27209
0.26030
0.35000
0.31809
0.16476
0.26658
0.27536
0.30450
0.29318
0.34109
0.30515
0.25420
0.20280
0.20639
0.29668
0.30195
0.34539
0.27429
0.31368
0.31155
0.24518
0.28125
0.23544
0.25075
0.17568
0.29898
0.20318
0.23600
0.32437
0.31418
0.25228
0.24785
0.27361
0.27777
0.35045
0.33082
0.26163
0.22872
0.21968
0.32323
0.31214
0.12680
0.27950
0.22794
0.27472
0.27872
0.22010
0.26500
0.23662
0.25059
0.23829
0.25010
0.23773
0.30711
0.28355
0.28159
0.18977
0.24702
0.26102
0.25803
0.24287
0.30565
0.24782
0.34586
0.25261
0.26342
0.31860
0.25718
0.24487
0.28086
0.18608
0.30975
0.28203
0.29567
0.24671
0.28409
0.32072
0.28034
0.29122
0.32076
0.19718
0.23757
0.32360
0.25532
0.32391
0.27318
0.30868
0.34270
0.36961
0.28462
0.28642
0.29046
0.25373
0.29753
0.32398
0.27337
0.30358
0.30266
0.28474
0.32408
0.30309
0.35562
0.25924
0.27390
0.32547
0.25868
0.30299
0.34703
0.25513
0.23837
0.33890
0.23980
0.29648
0.28487
0.27302
0.27325
0.27927
0.27106
0.24693
0.26248
0.32801
0.30044
0.25943
0.31762
0.28996
0.31778
0.29995
0.28075
0.16572
0.30827
0.33462
0.34492
0.31116
0.30791
0.40591
0.41267
0.27708
0.19781
0.32501
0.40292
0.27587
0.23626
0.32083
0.34014
0.26873
0.24867
0.32127
0.23531
0.27615
0.24233
0.34586
0.36155
0.44138
0.32444
0.32206
0.27332
0.39310
0.31473
0.29993
0.29686
0.37045
0.28047
0.17823
0.31395
0.46461
0.24191
0.43090
0.40647
0.22216
0.28875
0.35429
0.30710
0.29312
0.24573
0.28584
0.22874
0.28399
0.30931
0.31555
0.30710
0.38163
0.29570
0.28717
0.25177
0.22095
0.27415
0.40545
0.26816
0.15094
0.32786
0.17085
0.18706
0.41162
0.16663
0.23945
0.25233
0.27198
0.25743
0.43786
0.21129
0.33917
0.38738
0.25091
0.23070
0.26515
0.26819
0.23527
0.38077
0.18376
0.36745
0.37157
0.28235
0.25405
0.24219
0.34956
0.30103
0.22357
0.34983
0.44621
0.31845
0.30688
0.37146
0.36368
0.23383
0.27756
0.29868
0.38732
0.20991
0.23761
0.26163
0.36305
0.28721
0.26571
0.25804
0.34176
0.38911
0.27255
0.29643
0.34480
0.31486
0.29142
0.24117
0.39969
0.30470
0.24607
0.28797
0.31030
0.35386
0.28261
0.31086
0.23508
0.35096
0.29372
0.24093
0.32818
0.31442
0.21879
0.28667
0.18884
0.32360
0.20226
0.03454
0.20559
0.21912
0.21794
0.25742
0.20629
0.25288
0.33525
0.23040
0.12041
0.21176
0.09540
0.30861
0.24730
0.19665
0.27712
0.12083
0.10007
0.23088
0.29374
0.07784
0.11895
0.25374
0.29690
0.23091
0.20827
0.25085
0.11944
0.30932
0.21056
0.08412
0.13173
0.14132
0.24527
0.17611
0.20469
0.19135
0.30249
0.11388
0.14295
0.08973
0.08343
0.23174
0.19084
0.08057
0.21516
0.30245
0.18957
0.29807
0.22734
0.09798
0.28587
0.08158
0.04516
0.29983
0.20433
0.26729
0.09476
0.09467
0.21264
0.17543
0.25697
0.27723
0.09875
0.06307
0.19424
0.21593
0.21610
0.22692
0.05689
0.26442
0.17684
0.12729
0.25210
0.26190
0.12415
0.15090
0.21706
0.05013
0.07619
0.26136
0.15549
0.20260
0.25765
0.27584
0.20297
0.34094
0.21912
0.21922
0.20607
0.21793
0.17839
0.08113
0.26735
0.13919
0.07419
0.20139
0.27928
0.25701
0.24807
0.13832
0.08854
0.20465
0.17233
0.25396
0.26929
0.16911
0.28548
0.28748
0.11299
0.27517
0.10431
0.10520
0.04326
0.15421
0.10192
0.10423
0.26368
0.26481
0.13102
0.08417
0.07579
0.12118
0.13450
0.31578
