0.11708
0.10542
0.05713
0.21493
0.07503
0.11461
0.22414
0.08730
0.16068
0.05913
0.16100
0.14631
0.11805
0.11848
0.11047
0.22937
0.07304
0.10957
0.06653
0.12179
0.27851
0.11986
0.15129
0.05232
0.24022
0.10376
0.08691
0.19730
0.05795
0.12728
0.09217
0.23120
0.14029
0.10201
0.06704
0.11339
0.10804
0.07550
0.09567
0.10563
0.22916
0.20871
0.08821
0.10886
0.26999
0.17401
0.14775
0.24840
0.16342
0.09497
0.09997
0.12116
0.16187
0.25420
0.09102
0.22904
0.17622
0.10345
0.13946
0.04866
0.22687
0.28988
0.07818
0.21744
0.28383
0.29321
0.05230
0.16800
0.07027
0.03451
0.12258
0.28734
0.23029
0.15681
0.19102
0.05054
0.08459
0.05175
0.18958
0.14007
0.29108
0.14390
0.30313
0.26171
0.21347
0.26937
0.09890
0.03873
0.12034
0.24497
0.33558
0.16263
0.02542
0.28108
0.02902
0.14314
0.16189
0.23064
0.17395
0.11953
0.09104
0.13908
0.11586
0.13539
0.11199
0.29154
0.10956
0.13210
0.13374
0.28633
0.00879
0.21860
0.08176
0.21459
0.10506
0.11884
0.28018
0.07374
0.04741
0.12859
0.22459
0.06657
0.26437
0.02108
0.05217
0.11428
0.25761
0.28333
0.10293
0.26858
0.06042
0.13461
0.18252
0.30186
0.11698
0.10418
0.06005
0.25680
0.25915
0.05344
0.17017
0.04203
0.26837
0.16369
0.11447
0.29257
0.05745
0.34198
0.17239
0.08812
0.16431
0.23058
0.11127
0.29710
0.24753
0.29671
0.06818
0.14108
0.14965
0.15421
0.18022
0.22516
0.23034
0.30044
0.09403
0.09331
0.25449
0.25637
0.03735
0.23726
0.05530
0.18231
0.20458
0.04320
0.06359
0.19334
0.03461
0.05418
0.15698
0.26419
0.04781
0.10004
0.18402
0.13483
0.05484
0.12171
0.19776
0.26504
0.24469
0.14313
0.10351
0.07578
0.05521
0.09195
0.10373
0.17254
0.15879
0.12175
0.05647
0.26836
0.19096
0.10778
0.15729
0.15068
0.03845
0.17844
0.06734
0.19102
0.24385
0.05536
0.26816
0.21849
0.07757
0.22638
0.21217
0.25962
0.12079
0.17152
0.25462
0.33057
0.09533
0.09848
0.11023
0.04090
0.06374
0.06444
0.13736
0.10336
0.10905
0.03419
0.23930
0.08460
0.22853
0.09654
0.06254
0.24201
0.10704
0.07796
0.12275
0.26657
0.03273
0.29144
0.06785
0.10456
0.11896
0.20785
0.12736
0.03230
0.10550
0.10538
0.09604
0.09113
0.08297
0.19462
0.15296
0.16164
0.21472
0.06307
0.05019
0.13892
0.21551
0.13462
0.23042
0.13676
0.11278
0.24795
0.24827
0.08960
0.12044
0.06619
0.07471
0.11493
0.04420
0.02574
0.32193
0.14124
0.07166
0.22873
0.12792
0.07308
0.10088
0.32807
0.14579
0.03856
0.28135
0.12063
0.19183
0.13571
0.25056
0.09159
0.07644
0.04911
0.20195
0.16419
0.15249
0.10609
0.13960
0.11411
0.15864
0.12187
0.32589
0.27907
0.25646
0.12155
0.09445
0.27871
0.24329
0.30814
0.01485
0.25686
0.11920
0.25377
0.12646
0.06581
0.14367
0.11355
0.07445
0.13784
0.21323
0.04253
0.07304
0.03604
0.25467
0.10886
0.27497
0.11919
0.17912
0.18750
0.11012
0.06369
0.18438
0.24207
0.32763
0.21993
0.25176
0.24339
0.18973
0.27342
0.24981
0.24894
0.07136
0.04979
0.10149
0.22402
0.03760
0.05088
0.16704
0.05962
0.20397
0.07498
0.13781
0.07415
0.27456
0.19252
0.19193
0.17003
0.33479
0.13282
0.13135
0.31758
0.05260
0.16794
0.05096
0.09753
0.16528
0.05676
0.25126
0.31708
0.05075
0.05450
0.12753
0.23441
0.11634
0.04617
0.05920
0.04469
0.04613
0.12726
0.12488
0.07041
0.21167
0.10628
0.17353
0.05114
0.18826
0.28615
0.21979
0.27278
0.34763
0.19978
0.28023
0.31190
0.28445
0.31382
0.27196
0.25002
0.32966
0.26662
0.25295
0.24907
0.24790
0.28712
0.17742
0.36954
0.32433
0.25022
0.26927
0.27024
0.25804
0.35503
0.28553
0.22036
0.31232
0.32097
0.24002
0.23852
0.31294
0.28118
0.25471
0.26519
0.27731
0.30737
0.26991
0.22773
0.34334
0.25377
0.25232
0.32545
0.20809
0.32536
0.33819
0.30185
0.29415
0.29116
0.28164
0.25542
0.26738
0.32801
0.21888
0.27448
0.32897
0.25209
0.24902
0.31337
0.18813
0.28771
0.25259
0.27889
0.30237
0.28733
0.25655
0.17881
0.28359
0.35252
0.13432
0.29150
0.22805
0.20670
0.19465
0.35410
0.31048
0.31645
0.17174
0.34252
0.26612
0.26615
0.36301
0.30530
0.28317
0.28930
0.23712
0.29293
0.19085
0.35500
0.27527
0.22827
0.17670
0.32764
0.20989
0.27885
0.27964
0.27667
0.34409
0.32626
0.23661
0.32473
0.31016
0.18610
0.16699
0.29309
0.17991
0.18819
0.15310
0.29092
0.34548
0.23722
0.24884
0.24457
0.29199
0.23117
0.27492
0.25721
0.26924
0.17745
0.27933
0.27939
0.22812
0.16827
0.36586
0.27493
0.20693
0.30695
0.30917
0.27502
0.36207
0.29611
0.25247
0.27529
0.23047
0.29226
0.31087
0.28529
0.26169
0.20293
0.15995
0.34021
0.22646
0.27435
0.25167
0.26456
0.30117
0.29121
0.22380
0.21839
0.29239
0.20235
0.29269
0.18950
0.24017
0.20152
0.23176
0.20818
0.32555
0.31737
0.32092
0.22502
0.18483
0.31764
0.20760
0.19348
0.21786
0.28931
0.28971
0.16082
0.17867
0.27579
0.26383
0.20674
0.13665
0.23467
0.27078
0.21715
0.22122
0.26164
0.29971
0.16568
0.23171
0.27287
0.28234
0.19764
0.28387
0.24971
0.26569
0.37854
0.18603
0.30983
0.24166
0.35475
0.30207
0.23588
0.27566
0.27914
0.26881
0.18730
0.32264
0.26282
0.23816
0.28013
0.26924
0.34148
0.24866
0.29323
0.20640
0.34721
0.22749
0.28408
0.21702
0.26608
0.28154
0.25887
0.19837
0.23226
0.26645
0.32313
0.19404
0.31059
0.24334
0.25682
0.29694
0.28774
0.28434
0.13975
0.23573
0.31219
0.31979
0.23340
0.26437
0.30707
0.27519
0.23080
0.21197
0.29724
0.30552
0.25541
0.23115
0.18371
0.29119
0.29980
0.27367
0.25133
0.25877
0.32519
0.27273
0.20944
0.18919
0.28813
0.30504
0.28386
0.25843
0.24080
0.33361
0.35006
0.16177
0.23069
0.30807
0.24930
0.26782
0.31161
0.32213
0.23404
0.19915
0.18862
0.27016
0.25613
0.34932
0.29626
0.29667
0.26790
0.25130
0.25642
0.29546
0.27978
0.16943
0.31604
0.23408
0.25025
0.33301
0.29743
0.25024
0.23864
0.26754
0.28889
0.32336
0.33741
0.23791
0.27319
0.21257
0.28884
0.30286
0.11632
0.27433
0.21117
0.22546
0.26222
0.23352
0.27154
0.25783
0.24007
0.21133
0.24193
0.24540
0.33300
0.25569
0.25531
0.19995
0.28250
0.24981
0.24470
0.18673
0.34998
0.28972
0.33353
0.25419
0.23409
0.26526
0.25756
0.23541
0.27397
0.16773
0.32289
0.28122
0.33237
0.25461
0.31120
0.34790
0.28284
0.24629
0.28181
0.18470
0.19345
0.28282
0.23396
0.29536
0.29146
0.28439
0.30915
0.37617
0.32783
0.32801
0.28109
0.30730
0.30233
0.34469
0.25409
0.27473
0.31900
0.31243
0.27989
0.32573
0.38092
0.24763
0.27138
0.32187
0.24316
0.31279
0.33074
0.26394
0.24153
0.33772
0.23413
0.25633
0.31607
0.28118
0.26136
0.23232
0.23901
0.27615
0.28051
0.29242
0.28888
0.25555
0.28117
0.26963
0.29398
0.26266
0.27873
0.13897
0.31095
0.32321
0.35635
0.28991
0.32337
0.40026
0.40463
0.27375
0.19555
0.30265
0.37921
0.28958
0.22859
0.28545
0.34270
0.24756
0.21861
0.32291
0.23674
0.29166
0.25039
0.31744
0.37651
0.43748
0.29008
0.28805
0.24100
0.38653
0.30982
0.31548
0.28529
0.34209
0.26082
0.18526
0.31180
0.45505
0.26170
0.42486
0.39888
0.23207
0.26269
0.33968
0.28013
0.30800
0.25057
0.25151
0.20561
0.30376
0.27450
0.28875
0.29856
0.36030
0.28122
0.26305
0.26150
0.21130
0.25847
0.37994
0.25528
0.14953
0.33872
0.17841
0.16160
0.39190
0.19014
0.26434
0.21736
0.27700
0.21335
0.44579
0.20029
0.28541
0.38177
0.25178
0.24553
0.24776
0.28389
0.16622
0.34782
0.20227
0.37713
0.35207
0.25729
0.23990
0.22037
0.32638
0.29779
0.22391
0.34428
0.43117
0.30963
0.29384
0.33936
0.36839
0.21727
0.28568
0.29029
0.40656
0.23888
0.23068
0.24858
0.35458
0.26753
0.25553
0.25209
0.34951
0.35513
0.26021
0.27445
0.32530
0.30795
0.27763
0.25254
0.38150
0.28103
0.29002
0.26688
0.28456
0.34292
0.26339
0.29904
0.23981
0.33695
0.26903
0.21400
0.31115
0.31113
0.22955
0.26689
0.15416
0.30429
0.21847
0.04657
0.16518
0.17766
0.17518
0.23900
0.24521
0.24991
0.23868
0.18725
0.04858
0.11154
0.03153
0.30369
0.20201
0.17762
0.25822
0.04468
0.15233
0.18200
0.21915
0.03923
0.06470
0.24986
0.29998
0.20531
0.21127
0.27454
0.03935
0.30639
0.24665
0.02855
0.03610
0.08556
0.28928
0.09014
0.15752
0.15697
0.28288
0.04338
0.03935
0.03481
0.04799
0.23600
0.03306
0.13528
0.14832
0.26525
0.08733
0.28895
0.22758
0.05749
0.25915
0.06980
0.06208
0.26537
0.17574
0.25495
0.13034
0.08768
0.21148
0.22734
0.31737
0.26078
0.02022
0.02134
0.13912
0.21338
0.19335
0.16539
0.08330
0.22992
0.17848
0.18542
0.27926
0.28563
0.10101
0.13903
0.18933
0.08483
0.04219
0.26828
0.15661
0.20629
0.23378
0.26981
0.19651
0.31466
0.22647
0.16966
0.09222
0.19066
0.20313
0.03381
0.22737
0.08573
0.05756
0.18235
0.25664
0.24390
0.27450
0.06296
0.04889
0.08419
0.14365
0.16094
0.26217
0.07521
0.12679
0.31752
0.07002
0.20393
0.06319
0.04529
0.04432
0.12376
0.05979
0.05056
0.28276
0.27688
0.04468
0.09917
0.02613
0.07622
0.06752
0.27473
