0.17950
0.10181
0.06732
0.24878
0.08867
0.14311
0.24295
0.14957
0.19466
0.07306
0.18207
0.14817
0.22259
0.14678
0.11241
0.20579
0.13127
0.17601
0.08132
0.14160
0.27318
0.14920
0.20385
0.08506
0.24684
0.16248
0.12412
0.23850
0.09585
0.17515
0.16382
0.28567
0.16091
0.11079
0.10527
0.10013
0.11377
0.08618
0.13066
0.15379
0.30038
0.27316
0.10517
0.13753
0.28644
0.22496
0.20496
0.26616
0.21984
0.14547
0.10777
0.15315
0.12534
0.29954
0.09515
0.21037
0.22074
0.17323
0.12039
0.09696
0.24019
0.27026
0.14975
0.21417
0.27300
0.29271
0.06120
0.16125
0.13413
0.04475
0.12506
0.30314
0.26124
0.20310
0.24019
0.13231
0.09251
0.04061
0.18205
0.16301
0.30779
0.13947
0.35001
0.25014
0.26527
0.31064
0.10371
0.07392
0.16719
0.26519
0.32707
0.19011
0.06599
0.27191
0.05430
0.18246
0.20914
0.24024
0.20217
0.17947
0.09256
0.20608
0.11186
0.13845
0.23704
0.29450
0.15758
0.16623
0.16199
0.26536
0.02860
0.26819
0.10833
0.22530
0.11945
0.14946
0.26582
0.08767
0.05548
0.20745
0.27143
0.10708
0.28634
0.02844
0.11032
0.14881
0.28865
0.26177
0.13665
0.25851
0.11632
0.15108
0.29377
0.29587
0.10250
0.13316
0.07899
0.28074
0.27030
0.08576
0.15977
0.02762
0.29928
0.13750
0.13909
0.28597
0.06882
0.32843
0.21060
0.10381
0.15506
0.26712
0.10883
0.31719
0.26017
0.30771
0.15224
0.15576
0.14595
0.16954
0.18478
0.25698
0.25831
0.30176
0.08810
0.13870
0.24527
0.28524
0.08559
0.23368
0.05710
0.27053
0.17971
0.06146
0.09918
0.19327
0.04323
0.08883
0.16997
0.28390
0.08915
0.10728
0.20432
0.16007
0.11958
0.14994
0.23251
0.27094
0.27589
0.21489
0.13388
0.06612
0.04758
0.17887
0.19186
0.22160
0.16851
0.21603
0.10789
0.25417
0.22302
0.12325
0.19913
0.18107
0.05346
0.21887
0.09067
0.22005
0.24823
0.07409
0.26178
0.21989
0.14612
0.26990
0.25752
0.25966
0.12952
0.22974
0.26129
0.34616
0.13094
0.14267
0.10365
0.09168
0.09704
0.07883
0.14336
0.18204
0.14798
0.09646
0.22066
0.08477
0.27813
0.12180
0.08001
0.27833
0.11427
0.06100
0.13470
0.26797
0.09855
0.30387
0.09949
0.10890
0.16475
0.21604
0.11487
0.05306
0.14952
0.09754
0.11496
0.13797
0.14856
0.22955
0.15360
0.15865
0.22878
0.07374
0.04347
0.13976
0.19899
0.18005
0.23052
0.19874
0.11609
0.24775
0.29260
0.09819
0.16863
0.03804
0.11513
0.13411
0.07575
0.05996
0.33226
0.16755
0.06912
0.16575
0.19743
0.09529
0.14509
0.34046
0.15952
0.09742
0.28883
0.11641
0.21048
0.15684
0.22734
0.12142
0.13272
0.09937
0.23436
0.21737
0.21982
0.09559
0.19697
0.13409
0.17250
0.15780
0.31234
0.29990
0.28524
0.09490
0.10055
0.30703
0.29897
0.34666
0.04899
0.25031
0.13513
0.23503
0.13626
0.09547
0.17215
0.12243
0.10716
0.16543
0.22856
0.11159
0.11825
0.03354
0.26037
0.15418
0.29011
0.11184
0.25043
0.23005
0.18050
0.09983
0.24461
0.22402
0.32521
0.24133
0.27730
0.23036
0.23864
0.27450
0.26836
0.20987
0.07974
0.09766
0.14654
0.22703
0.04984
0.05295
0.24206
0.14263
0.26734
0.09745
0.20282
0.09955
0.28126
0.28712
0.23901
0.21032
0.30507
0.15028
0.19792
0.31791
0.08430
0.25286
0.05507
0.13774
0.21616
0.06182
0.26721
0.32447
0.06094
0.09386
0.15061
0.24887
0.11238
0.07259
0.10684
0.08925
0.07499
0.11907
0.20717
0.05985
0.24223
0.20180
0.18595
0.12091
0.15529
0.29840
0.21266
0.24621
0.34256
0.17633
0.24762
0.31498
0.28497
0.29237
0.27610
0.24430
0.35849
0.23856
0.24706
0.25298
0.18856
0.27596
0.20256
0.37343
0.33164
0.24596
0.22681
0.26115
0.22453
0.35321
0.27782
0.22410
0.31526
0.34464
0.22456
0.24635
0.32240
0.28028
0.25921
0.26494
0.26905
0.30680
0.25216
0.22512
0.35593
0.25350
0.21273
0.31296
0.19882
0.31264
0.34115
0.30339
0.31398
0.27717
0.26881
0.22647
0.26722
0.31875
0.22772
0.27498
0.31436
0.24812
0.26535
0.31679
0.20638
0.29680
0.25770
0.28192
0.31820
0.28378
0.27396
0.20638
0.26784
0.35889
0.13596
0.28822
0.22299
0.17734
0.21128
0.36302
0.31770
0.32775
0.17874
0.35496
0.27254
0.25718
0.37904
0.29786
0.27070
0.30002
0.24988
0.28191
0.19603
0.35238
0.27132
0.22657
0.17969
0.33494
0.20355
0.26490
0.29397
0.26947
0.36618
0.32162
0.22340
0.32045
0.32256
0.15342
0.17414
0.27938
0.18951
0.18567
0.18166
0.28520
0.34414
0.25864
0.26452
0.24975
0.28085
0.21061
0.28750
0.25006
0.26994
0.21166
0.26757
0.27911
0.21408
0.19711
0.34584
0.29558
0.18652
0.26476
0.31034
0.26536
0.34296
0.30799
0.23581
0.26842
0.19173
0.30129
0.31733
0.26971
0.26875
0.23506
0.17780
0.30070
0.22288
0.27652
0.22015
0.26858
0.31178
0.26651
0.20540
0.24573
0.29220
0.21022
0.25653
0.20038
0.24640
0.24157
0.23325
0.21474
0.31443
0.32108
0.34442
0.22818
0.22526
0.33314
0.21632
0.21625
0.23636
0.30571
0.29229
0.18881
0.19156
0.29800
0.26377
0.18981
0.16781
0.22773
0.26581
0.19115
0.25434
0.25397
0.28575
0.15993
0.24132
0.27402
0.26475
0.20612
0.27515
0.27129
0.27248
0.37824
0.21347
0.26880
0.23045
0.36920
0.30979
0.25294
0.27879
0.28767
0.27206
0.21086
0.31430
0.26087
0.23627
0.28515
0.27432
0.34726
0.25028
0.29801
0.23875
0.33417
0.21887
0.28102
0.22194
0.22306
0.28870
0.26194
0.17190
0.23965
0.25312
0.32394
0.21268
0.33038
0.24682
0.24901
0.29332
0.29044
0.28371
0.17190
0.22520
0.33392
0.31752
0.23399
0.27235
0.28933
0.28842
0.23294
0.22830
0.30730
0.29394
0.24809
0.23768
0.18906
0.29093
0.30049
0.26673
0.24804
0.20272
0.34089
0.27243
0.19612
0.19607
0.29249
0.28443
0.28420
0.25596
0.23759
0.35001
0.35513
0.17607
0.24374
0.31035
0.25199
0.25706
0.30508
0.33201
0.24113
0.21563
0.20660
0.23027
0.25859
0.36467
0.28615
0.30764
0.26914
0.24226
0.27445
0.30678
0.26013
0.18402
0.29581
0.20344
0.24935
0.34144
0.31289
0.23087
0.22879
0.25148
0.29230
0.32028
0.34210
0.25249
0.25794
0.21540
0.30361
0.31002
0.14534
0.25418
0.20525
0.22721
0.26715
0.24999
0.27090
0.25129
0.24960
0.21988
0.22830
0.25240
0.33241
0.26657
0.26483
0.20960
0.28925
0.25391
0.25409
0.20247
0.30928
0.28893
0.33909
0.25679
0.24751
0.28699
0.28201
0.22530
0.27792
0.19165
0.32272
0.27948
0.33903
0.28216
0.28603
0.35930
0.27663
0.26493
0.26280
0.17058
0.16604
0.25631
0.22079
0.28876
0.31901
0.26817
0.29308
0.38967
0.27742
0.33156
0.28176
0.29052
0.29559
0.33913
0.26188
0.28642
0.32666
0.32713
0.29045
0.32821
0.37649
0.24814
0.24628
0.30596
0.23935
0.33218
0.33192
0.24788
0.25275
0.33142
0.22994
0.26301
0.32376
0.27739
0.23913
0.25251
0.25252
0.30072
0.30262
0.31325
0.29175
0.24595
0.30561
0.27505
0.28646
0.26334
0.24788
0.15773
0.33557
0.30855
0.36540
0.30765
0.28253
0.36872
0.38793
0.26487
0.19635
0.27838
0.41544
0.26521
0.15335
0.29079
0.33922
0.25301
0.23818
0.32399
0.24721
0.28381
0.22204
0.31390
0.35372
0.38690
0.29894
0.29009
0.25656
0.38980
0.32378
0.32735
0.31071
0.32556
0.26085
0.20815
0.31605
0.41109
0.24735
0.39458
0.36205
0.19871
0.27832
0.32227
0.30803
0.30617
0.23492
0.27280
0.19755
0.28959
0.28889
0.28513
0.30742
0.37215
0.26930
0.28765
0.25263
0.20013
0.25748
0.38053
0.19036
0.13848
0.34532
0.17972
0.19306
0.37399
0.16798
0.20295
0.22519
0.25139
0.24898
0.43242
0.19271
0.31076
0.35348
0.21348
0.20740
0.23905
0.25464
0.22877
0.33939
0.18764
0.37841
0.33077
0.25268
0.24792
0.22229
0.32338
0.28566
0.20514
0.34155
0.41775
0.30837
0.28378
0.34320
0.36153
0.22252
0.28259
0.28272
0.37902
0.19151
0.20589
0.24237
0.34200
0.27431
0.23943
0.26712
0.29855
0.37242
0.21970
0.28103
0.32659
0.29053
0.27539
0.21086
0.36427
0.28214
0.25617
0.27525
0.28322
0.33408
0.25834
0.28467
0.25529
0.33960
0.24952
0.25129
0.30743
0.30600
0.22602
0.27691
0.20483
0.31545
0.20839
0.05717
0.23109
0.24989
0.20399
0.24707
0.18439
0.24508
0.26611
0.28193
0.09134
0.24915
0.06588
0.30865
0.22530
0.18627
0.27070
0.09993
0.11147
0.19216
0.19637
0.13496
0.15117
0.22546
0.26332
0.16851
0.21315
0.29368
0.04248
0.34435
0.25063
0.12055
0.08775
0.18201
0.34073
0.18285
0.24127
0.18549
0.31051
0.05968
0.12224
0.10540
0.07873
0.27819
0.16922
0.15823
0.23688
0.25148
0.16198
0.28381
0.20746
0.06646
0.28980
0.03926
0.07851
0.25527
0.20790
0.26949
0.11587
0.13447
0.22803
0.20054
0.27574
0.20879
0.05337
0.05231
0.17217
0.20387
0.19913
0.24675
0.05410
0.26748
0.20430
0.13159
0.28900
0.25795
0.06767
0.09948
0.19833
0.07505
0.03724
0.26453
0.15063
0.19930
0.24327
0.24645
0.20304
0.32179
0.27223
0.24291
0.11069
0.21086
0.24294
0.02004
0.25776
0.13256
0.12186
0.20117
0.26511
0.24990
0.18765
0.14177
0.07908
0.19482
0.24361
0.23852
0.30482
0.12192
0.27961
0.29223
0.13447
0.24779
0.14458
0.06877
0.07104
0.09460
0.08229
0.13997
0.27768
0.25318
0.08412
0.13998
0.04635
0.11652
0.10028
0.28279
