0.11304
0.10333
0.07190
0.26455
0.08900
0.11277
0.25460
0.14696
0.21157
0.09177
0.21473
0.12338
0.23317
0.10766
0.17634
0.22521
0.15148
0.16296
0.10562
0.14134
0.29776
0.16684
0.18160
0.04505
0.25944
0.18612
0.12115
0.24555
0.13257
0.15224
0.20681
0.29757
0.15539
0.10002
0.09312
0.10079
0.12182
0.13287
0.14620
0.16382
0.28936
0.27184
0.09971
0.16626
0.28634
0.22524
0.15654
0.24326
0.22037
0.15630
0.11320
0.16550
0.11855
0.26708
0.08823
0.21822
0.22963
0.15243
0.09215
0.08256
0.26523
0.31557
0.14105
0.22101
0.29958
0.32694
0.04995
0.18371
0.10333
0.05068
0.15017
0.32325
0.28823
0.15958
0.21489
0.12635
0.06761
0.02259
0.21230
0.18853
0.31686
0.17035
0.33310
0.26145
0.26151
0.31960
0.09478
0.09428
0.16821
0.27120
0.33400
0.17607
0.09848
0.25102
0.11364
0.14748
0.22101
0.21984
0.21227
0.16477
0.09197
0.19806
0.11486
0.10827
0.23430
0.29949
0.17178
0.16271
0.16518
0.28384
0.03460
0.25715
0.14229
0.25692
0.12006
0.16840
0.27178
0.05868
0.09997
0.16502
0.21891
0.11225
0.30742
0.03540
0.10063
0.16820
0.32676
0.25646
0.13130
0.27034
0.12997
0.11497
0.29763
0.33207
0.13294
0.16599
0.06300
0.27880
0.27762
0.07587
0.15734
0.02989
0.33102
0.17197
0.12728
0.31800
0.11375
0.36934
0.17085
0.08666
0.14801
0.28527
0.10709
0.32965
0.27641
0.32992
0.14766
0.17140
0.13316
0.16385
0.22469
0.29872
0.26041
0.33413
0.09195
0.12574
0.29474
0.24855
0.11962
0.25227
0.06514
0.22944
0.21307
0.04169
0.13913
0.23355
0.06918
0.07131
0.15656
0.29707
0.07437
0.10690
0.19215
0.18055
0.14007
0.21022
0.22410
0.28166
0.25530
0.19444
0.09583
0.06901
0.05692
0.19900
0.15456
0.23306
0.20833
0.17868
0.10673
0.26473
0.19962
0.11018
0.16709
0.13368
0.07197
0.21025
0.10266
0.21981
0.25657
0.08129
0.29010
0.19584
0.14312
0.23891
0.25035
0.24090
0.13984
0.24595
0.23838
0.32961
0.14253
0.20090
0.15193
0.07694
0.11951
0.07795
0.16667
0.20101
0.20863
0.07704
0.22886
0.14061
0.24311
0.12013
0.06613
0.28238
0.10895
0.03529
0.11659
0.24225
0.08780
0.29160
0.14477
0.10401
0.12513
0.22097
0.13205
0.04706
0.11410
0.11462
0.10107
0.15738
0.15243
0.24861
0.15168
0.16828
0.19066
0.07270
0.07755
0.14879
0.24297
0.16873
0.24699
0.17262
0.15750
0.25323
0.28933
0.09467
0.20131
0.03813
0.13243
0.12501
0.05459
0.05983
0.35946
0.16423
0.09634
0.20769
0.19450
0.08220
0.15478
0.36441
0.17002
0.07050
0.32399
0.14235
0.21423
0.18478
0.22311
0.16721
0.13505
0.10569
0.22351
0.24675
0.14302
0.10281
0.13202
0.18186
0.17940
0.15898
0.33800
0.27198
0.28835
0.17641
0.11755
0.31517
0.29599
0.33215
0.03603
0.22652
0.12780
0.28505
0.12601
0.09628
0.15756
0.16738
0.10193
0.16652
0.20854
0.07952
0.10785
0.05801
0.25024
0.16019
0.26025
0.14754
0.18987
0.19839
0.15578
0.05531
0.26810
0.29045
0.35842
0.25398
0.32569
0.21736
0.25494
0.30462
0.27445
0.26165
0.05018
0.11333
0.15335
0.22795
0.06638
0.08355
0.19954
0.14860
0.24498
0.10609
0.21280
0.08668
0.30268
0.25049
0.22758
0.22236
0.30090
0.15537
0.16683
0.32542
0.10854
0.24601
0.07124
0.09707
0.17756
0.09711
0.22148
0.30061
0.07119
0.10912
0.14078
0.27274
0.11037
0.05937
0.06836
0.05715
0.06520
0.11688
0.18418
0.07708
0.25394
0.18139
0.19733
0.13197
0.21265
0.30095
0.19504
0.25251
0.35916
0.16524
0.28588
0.32053
0.26236
0.31249
0.28681
0.20510
0.35194
0.23785
0.24377
0.23693
0.25097
0.26810
0.20319
0.36593
0.32702
0.25310
0.24054
0.25892
0.25364
0.36842
0.24916
0.20785
0.31881
0.32729
0.20265
0.22618
0.33141
0.28620
0.26313
0.26666
0.25576
0.30504
0.24292
0.23984
0.34254
0.23735
0.22761
0.31664
0.18691
0.31884
0.34966
0.30091
0.28382
0.29403
0.25813
0.26295
0.25910
0.33073
0.19307
0.27524
0.31683
0.24377
0.24612
0.30931
0.21162
0.28137
0.26705
0.27064
0.31313
0.28866
0.24653
0.19450
0.25250
0.36174
0.14193
0.29223
0.22136
0.21813
0.20599
0.37356
0.30416
0.32749
0.19537
0.35274
0.27981
0.26594
0.36616
0.30952
0.27439
0.28938
0.25203
0.28420
0.18155
0.37373
0.27326
0.21207
0.19627
0.34245
0.21332
0.27167
0.27653
0.26019
0.36396
0.32947
0.24119
0.32055
0.33065
0.20331
0.17149
0.26636
0.18299
0.18736
0.15707
0.29687
0.33922
0.24970
0.25349
0.25360
0.26524
0.23864
0.27573
0.25701
0.24989
0.19920
0.28685
0.25816
0.25058
0.20516
0.34239
0.30776
0.19266
0.31603
0.31795
0.26643
0.36084
0.29715
0.25916
0.28021
0.24005
0.28182
0.32476
0.25509
0.28571
0.25253
0.19723
0.32751
0.24327
0.27498
0.23571
0.24808
0.29717
0.27842
0.23407
0.24745
0.29668
0.21983
0.26992
0.19877
0.23495
0.25595
0.23900
0.20594
0.30148
0.29663
0.33634
0.24279
0.18838
0.32143
0.24332
0.22460
0.23696
0.28400
0.31605
0.18314
0.20951
0.28980
0.25380
0.19890
0.17586
0.23974
0.26800
0.23655
0.26043
0.28379
0.29635
0.19271
0.24847
0.27767
0.29166
0.21877
0.27973
0.28566
0.27494
0.38646
0.20929
0.30755
0.24182
0.36308
0.32390
0.24815
0.28905
0.28130
0.27025
0.20446
0.31373
0.28663
0.23299
0.27851
0.27604
0.35112
0.23758
0.30653
0.23509
0.33128
0.23526
0.27557
0.23274
0.24795
0.28286
0.28753
0.21243
0.23267
0.26099
0.33119
0.23325
0.33536
0.26452
0.24599
0.29344
0.28071
0.27560
0.15728
0.23508
0.32707
0.34747
0.23449
0.26036
0.28488
0.26964
0.23481
0.19003
0.27910
0.31325
0.25294
0.26402
0.22188
0.27430
0.30514
0.27850
0.23499
0.25219
0.34006
0.29093
0.20697
0.20408
0.28670
0.28866
0.27463
0.26135
0.26586
0.33288
0.35818
0.18678
0.24496
0.30916
0.25091
0.27158
0.31485
0.33625
0.25591
0.21753
0.19921
0.24596
0.25609
0.35618
0.29525
0.30686
0.26468
0.25608
0.27242
0.29889
0.29003
0.19846
0.33319
0.20931
0.22294
0.33277
0.32398
0.22914
0.28061
0.26008
0.26679
0.30455
0.34679
0.28105
0.26852
0.20788
0.26976
0.33179
0.15267
0.26453
0.21597
0.23094
0.25591
0.24238
0.26159
0.24126
0.24407
0.22055
0.23437
0.26773
0.33408
0.26020
0.24200
0.20660
0.29586
0.25072
0.26000
0.20319
0.31276
0.28573
0.33752
0.26019
0.23086
0.24906
0.28385
0.22797
0.28296
0.20262
0.34082
0.29935
0.33579
0.26818
0.29320
0.35210
0.25891
0.24495
0.27546
0.21749
0.21697
0.27314
0.22363
0.27641
0.31692
0.28207
0.30287
0.37466
0.31707
0.32829
0.26367
0.30452
0.29135
0.37196
0.22008
0.27138
0.34645
0.31682
0.25591
0.33209
0.38522
0.25709
0.26547
0.34014
0.24335
0.30197
0.31724
0.26379
0.25033
0.35735
0.24069
0.25425
0.28925
0.26660
0.24439
0.24796
0.23178
0.28295
0.29824
0.28936
0.29121
0.22677
0.26472
0.26670
0.27585
0.23973
0.27116
0.16497
0.31483
0.34026
0.34805
0.30429
0.30814
0.37001
0.39390
0.26803
0.18996
0.29996
0.38911
0.27172
0.20718
0.30849
0.32979
0.25170
0.25527
0.30831
0.24417
0.28675
0.22876
0.30801
0.35507
0.41793
0.30776
0.29548
0.27411
0.38122
0.31795
0.30795
0.28445
0.34484
0.27167
0.15445
0.31530
0.43502
0.24171
0.38550
0.39012
0.20863
0.29929
0.34434
0.32193
0.31420
0.27227
0.27506
0.23819
0.31181
0.28008
0.31547
0.29529
0.37080
0.27487
0.27989
0.24754
0.23032
0.25889
0.37430
0.26941
0.12591
0.34820
0.12867
0.18253
0.39530
0.18184
0.24508
0.24209
0.26953
0.24272
0.45552
0.18737
0.31327
0.38418
0.26436
0.23303
0.24306
0.27300
0.20645
0.34718
0.18557
0.36166
0.33399
0.24475
0.25969
0.24541
0.32799
0.29693
0.20074
0.31329
0.42694
0.32711
0.27465
0.34903
0.35583
0.20545
0.25375
0.29485
0.39846
0.20144
0.21830
0.26344
0.34783
0.27996
0.26037
0.26576
0.33665
0.36701
0.22331
0.30953
0.32765
0.31096
0.27261
0.26491
0.39719
0.25709
0.27129
0.26824
0.31184
0.34865
0.27090
0.30069
0.24311
0.34047
0.26038
0.25356
0.29985
0.31271
0.24806
0.28187
0.22831
0.32056
0.23171
0.07920
0.18315
0.24042
0.21865
0.28936
0.20837
0.21103
0.33701
0.23167
0.08955
0.18573
0.05184
0.32479
0.23774
0.18372
0.31086
0.10280
0.13997
0.20815
0.19540
0.12056
0.09791
0.27747
0.28983
0.19412
0.20421
0.27317
0.06473
0.32148
0.17370
0.06504
0.07472
0.17649
0.29059
0.10621
0.23377
0.16728
0.28761
0.03882
0.09488
0.04373
0.09464
0.28819
0.07417
0.15669
0.16252
0.32378
0.18231
0.30244
0.22286
0.04780
0.30333
0.14291
0.03846
0.33762
0.21190
0.32246
0.06571
0.09018
0.19700
0.18655
0.25130
0.24642
0.03908
0.07827
0.16753
0.22396
0.19478
0.20354
0.11872
0.22947
0.19655
0.17820
0.24217
0.29102
0.12591
0.14301
0.19447
0.11174
0.07242
0.28036
0.15741
0.18775
0.23231
0.21704
0.20737
0.36918
0.27809
0.27439
0.15393
0.18255
0.16923
0.04405
0.28889
0.11734
0.05552
0.19623
0.20152
0.30679
0.17731
0.06558
0.04366
0.21671
0.17715
0.26612
0.28185
0.14261
0.25363
0.34619
0.05647
0.24104
0.15101
0.03649
0.04105
0.19785
0.06783
0.08403
0.24332
0.28375
0.10287
0.05564
0.04332
0.11181
0.06956
0.29302
