0.15906
0.11337
0.05379
0.24749
0.09370
0.14499
0.23781
0.16518
0.21985
0.10329
0.21600
0.12895
0.16344
0.12571
0.16852
0.22596
0.14914
0.12254
0.08752
0.13111
0.29367
0.18436
0.17574
0.08501
0.20746
0.16242
0.11779
0.26088
0.07792
0.21756
0.13933
0.24893
0.14418
0.12078
0.07746
0.11187
0.14232
0.13857
0.13500
0.19208
0.28462
0.26109
0.08582
0.11924
0.29589
0.24247
0.20014
0.22678
0.19028
0.18617
0.10389
0.16584
0.13852
0.27775
0.09640
0.25281
0.22829
0.14138
0.11735
0.10027
0.26200
0.30942
0.11980
0.24988
0.27522
0.34074
0.07704
0.22511
0.11098
0.04803
0.11690
0.32334
0.36189
0.19127
0.25808
0.17829
0.10061
0.05220
0.22777
0.14804
0.30535
0.20380
0.32416
0.26563
0.29328
0.34924
0.09114
0.07841
0.13300
0.26791
0.31917
0.15593
0.08558
0.25678
0.11824
0.18864
0.22856
0.23839
0.18954
0.17316
0.09856
0.18619
0.12054
0.12343
0.19803
0.31748
0.15995
0.19931
0.14240
0.27874
0.04686
0.27346
0.09613
0.22063
0.09978
0.17809
0.26348
0.05616
0.07447
0.19164
0.19265
0.09461
0.29529
0.02549
0.13571
0.13325
0.29886
0.25596
0.23218
0.24772
0.12179
0.14966
0.31313
0.37421
0.11184
0.18625
0.08778
0.29176
0.24214
0.06527
0.20898
0.07704
0.30644
0.21589
0.14678
0.28899
0.15012
0.36092
0.18762
0.10084
0.17068
0.25759
0.11370
0.33254
0.29590
0.33910
0.16040
0.19557
0.16290
0.22574
0.27829
0.26694
0.26376
0.32611
0.09306
0.12907
0.30586
0.27297
0.13500
0.24438
0.06515
0.23116
0.22342
0.04499
0.11166
0.22268
0.09876
0.07643
0.18196
0.29990
0.08890
0.10172
0.21187
0.17613
0.07080
0.24951
0.25284
0.24305
0.25113
0.21307
0.18083
0.09247
0.09198
0.18740
0.12200
0.26766
0.18917
0.21099
0.11020
0.28481
0.24631
0.09660
0.22914
0.17155
0.07157
0.26286
0.12225
0.19895
0.25374
0.14630
0.24628
0.22508
0.13702
0.24196
0.26347
0.24329
0.12937
0.30250
0.21846
0.32757
0.15254
0.19784
0.12416
0.08330
0.09162
0.06616
0.17843
0.19159
0.19818
0.06278
0.29109
0.14918
0.23413
0.15256
0.03712
0.25955
0.10712
0.05821
0.10718
0.28171
0.08141
0.30171
0.11830
0.11267
0.15698
0.21729
0.10972
0.05557
0.11156
0.09918
0.10950
0.14843
0.12074
0.27704
0.12486
0.15610
0.20840
0.09049
0.06509
0.13493
0.18823
0.13870
0.19993
0.15513
0.18938
0.29086
0.26790
0.10678
0.20043
0.06473
0.12881
0.12225
0.07544
0.06205
0.36344
0.19863
0.06804
0.15758
0.16022
0.05672
0.13894
0.32405
0.12240
0.12903
0.31016
0.15087
0.20552
0.19765
0.19080
0.17086
0.07785
0.10242
0.15913
0.27081
0.19320
0.09449
0.16821
0.18308
0.20181
0.20985
0.32861
0.30885
0.25817
0.14494
0.14140
0.30693
0.32364
0.34561
0.06373
0.28141
0.14280
0.29571
0.20826
0.13638
0.15851
0.14636
0.13314
0.19891
0.25349
0.09480
0.14283
0.13233
0.26266
0.24834
0.22637
0.21515
0.24263
0.24775
0.12757
0.07595
0.26717
0.29871
0.36533
0.23555
0.31886
0.25325
0.25030
0.29759
0.29299
0.28956
0.07787
0.11083
0.17851
0.21493
0.05944
0.04763
0.19669
0.10576
0.21439
0.12064
0.17539
0.16003
0.28061
0.25920
0.25415
0.22895
0.32002
0.17397
0.12872
0.32378
0.04245
0.19116
0.08716
0.05842
0.21051
0.12109
0.24410
0.33673
0.09970
0.06828
0.16822
0.23943
0.11025
0.07877
0.10791
0.06173
0.06156
0.15430
0.21950
0.10696
0.28908
0.22245
0.20758
0.08711
0.19962
0.30387
0.20005
0.28222
0.34996
0.16758
0.27558
0.31686
0.30962
0.31220
0.29267
0.25179
0.35861
0.21644
0.24286
0.25799
0.24183
0.30554
0.18065
0.37100
0.33116
0.27353
0.23005
0.25931
0.26075
0.34719
0.29789
0.24702
0.31783
0.32809
0.22049
0.25821
0.32066
0.27776
0.25032
0.27046
0.29623
0.31058
0.23235
0.21755
0.34094
0.26738
0.23604
0.34031
0.17537
0.30508
0.34876
0.29960
0.29380
0.30454
0.26567
0.22657
0.27855
0.32882
0.21527
0.29232
0.32260
0.25457
0.25781
0.28847
0.18683
0.31274
0.27386
0.28058
0.31256
0.30394
0.25505
0.18991
0.29290
0.35607
0.17411
0.28079
0.21616
0.16295
0.19763
0.36847
0.31518
0.31358
0.17789
0.34516
0.26897
0.28108
0.36864
0.31190
0.28575
0.29602
0.25040
0.28763
0.18609
0.34223
0.27299
0.20951
0.18160
0.30815
0.19390
0.25839
0.28413
0.26211
0.35034
0.33028
0.21034
0.31531
0.33395
0.19220
0.17060
0.27675
0.21841
0.20669
0.16475
0.31394
0.34759
0.27919
0.25726
0.24218
0.30155
0.22906
0.29565
0.29564
0.25540
0.21490
0.28353
0.28040
0.23018
0.16255
0.33839
0.29541
0.19062
0.29339
0.31833
0.27211
0.34918
0.30425
0.21685
0.26709
0.18431
0.29351
0.31713
0.27794
0.28687
0.23503
0.16560
0.30711
0.24449
0.29667
0.22596
0.26940
0.31282
0.29982
0.21728
0.21872
0.28836
0.21915
0.29254
0.19427
0.23315
0.22662
0.23079
0.22715
0.31140
0.32746
0.31700
0.23736
0.22227
0.32367
0.21817
0.22308
0.21811
0.30137
0.31111
0.18922
0.18637
0.28766
0.27343
0.20033
0.16880
0.22070
0.27020
0.20916
0.27642
0.25708
0.30070
0.18027
0.27495
0.26472
0.28227
0.19713
0.28456
0.29124
0.27553
0.37910
0.21071
0.29719
0.22954
0.36628
0.31465
0.29574
0.24971
0.30552
0.26730
0.21554
0.30743
0.28023
0.25617
0.29092
0.25093
0.33982
0.25530
0.29206
0.24344
0.34666
0.23777
0.28166
0.23147
0.26865
0.27919
0.25065
0.21565
0.23574
0.25381
0.29789
0.21581
0.30454
0.24428
0.24584
0.28169
0.28832
0.29256
0.16964
0.23061
0.31607
0.32996
0.25461
0.27487
0.29548
0.26835
0.26038
0.22050
0.30569
0.28512
0.27153
0.25163
0.22747
0.29128
0.31237
0.24629
0.24673
0.23332
0.33041
0.27844
0.18820
0.19742
0.29014
0.28689
0.26481
0.24391
0.25129
0.34857
0.35788
0.15129
0.24029
0.30918
0.25176
0.28204
0.27849
0.33178
0.24031
0.22708
0.22738
0.23129
0.29384
0.35991
0.30192
0.28573
0.30266
0.23839
0.25704
0.29279
0.28567
0.18607
0.33785
0.22379
0.25084
0.34601
0.30005
0.25928
0.25552
0.26556
0.30137
0.34377
0.34463
0.25099
0.27805
0.21356
0.30448
0.30317
0.13221
0.26657
0.22157
0.23678
0.28711
0.22731
0.27188
0.24900
0.23832
0.23507
0.24104
0.25427
0.34118
0.27909
0.25247
0.20733
0.28178
0.25286
0.24121
0.20861
0.34336
0.29361
0.32964
0.25737
0.26541
0.28808
0.26986
0.22700
0.26411
0.17166
0.31991
0.25037
0.33796
0.28362
0.30945
0.34876
0.28302
0.26018
0.29628
0.15516
0.21019
0.27335
0.22762
0.31423
0.28728
0.26365
0.31979
0.37669
0.31725
0.33872
0.28924
0.31031
0.28031
0.34369
0.25884
0.28942
0.32136
0.33006
0.28236
0.32728
0.39417
0.22786
0.24169
0.33204
0.24657
0.31392
0.31743
0.23737
0.24293
0.36722
0.23730
0.28023
0.31324
0.28128
0.23714
0.25489
0.27794
0.29799
0.28629
0.33002
0.28216
0.24002
0.29938
0.27729
0.30229
0.26916
0.28562
0.16299
0.32172
0.34118
0.35830
0.31708
0.32716
0.39720
0.40427
0.25166
0.18338
0.29309
0.37888
0.28528
0.22586
0.29995
0.34513
0.24148
0.22361
0.33197
0.23124
0.27110
0.20290
0.32142
0.36069
0.42258
0.32239
0.30056
0.27746
0.40168
0.29579
0.28277
0.27704
0.34243
0.25441
0.17572
0.30680
0.47144
0.23763
0.42619
0.40678
0.20417
0.30732
0.35157
0.31997
0.29267
0.25013
0.27194
0.21438
0.30057
0.26755
0.28781
0.30278
0.38870
0.24865
0.27658
0.22282
0.21550
0.22195
0.39229
0.23078
0.10603
0.34312
0.17763
0.16743
0.41563
0.18782
0.28502
0.18413
0.24900
0.25050
0.44788
0.20514
0.31670
0.40127
0.25224
0.21148
0.25443
0.25701
0.20735
0.36221
0.15372
0.36306
0.34722
0.25742
0.24661
0.22008
0.35056
0.27241
0.20918
0.35002
0.41373
0.33985
0.28503
0.36216
0.37393
0.19917
0.28492
0.29677
0.38141
0.20616
0.20206
0.22880
0.36564
0.25241
0.26546
0.26287
0.32009
0.37060
0.24751
0.27640
0.32293
0.29661
0.26702
0.24418
0.37240
0.28529
0.30185
0.26824
0.31317
0.34018
0.25435
0.28904
0.24634
0.33286
0.24324
0.25006
0.29262
0.28460
0.22327
0.25931
0.20757
0.27229
0.18376
0.07252
0.13522
0.15113
0.21429
0.25247
0.21082
0.23629
0.30224
0.15139
0.12290
0.25579
0.04765
0.27686
0.25112
0.20684
0.31162
0.06575
0.15974
0.12497
0.21113
0.09572
0.11499
0.22412
0.25380
0.25185
0.21009
0.26184
0.09586
0.31115
0.18579
0.05738
0.06784
0.08886
0.30710
0.18485
0.25457
0.20480
0.28339
0.09041
0.06727
0.07763
0.10869
0.28478
0.11005
0.14325
0.19728
0.28940
0.17566
0.29819
0.22022
0.02551
0.28513
0.07653
0.08890
0.34159
0.17519
0.26000
0.08992
0.05431
0.21259
0.21545
0.26617
0.22383
0.06713
0.10577
0.17474
0.20066
0.19106
0.18940
0.12291
0.29003
0.18005
0.13185
0.24617
0.30865
0.14566
0.16954
0.14623
0.09137
0.05362
0.19794
0.09760
0.19399
0.25104
0.26484
0.19876
0.32038
0.21551
0.24463
0.20683
0.21846
0.16365
0.01563
0.26750
0.11753
0.04108
0.20390
0.23973
0.29495
0.26901
0.08807
0.07693
0.16814
0.23179
0.25333
0.28793
0.10878
0.23790
0.29181
0.16704
0.23452
0.08654
0.02071
0.02467
0.15316
0.07706
0.06435
0.20451
0.29891
0.10178
0.18378
0.01815
0.09854
0.08379
0.26869
