0.09204
0.09835
0.05250
0.23047
0.07772
0.13907
0.25561
0.16029
0.13592
0.06473
0.18979
0.14617
0.15605
0.13102
0.07839
0.22741
0.15816
0.09573
0.07903
0.12964
0.31369
0.15371
0.15162
0.06944
0.24052
0.14638
0.14288
0.24149
0.13360
0.17706
0.20771
0.19554
0.14277
0.12187
0.13941
0.09313
0.16010
0.05915
0.09943
0.14651
0.25533
0.26445
0.08761
0.14638
0.28771
0.19935
0.17587
0.24136
0.18562
0.13430
0.09708
0.12691
0.16374
0.25373
0.08812
0.21248
0.19378
0.12730
0.14088
0.09258
0.27648
0.31254
0.11850
0.18833
0.26617
0.31168
0.04577
0.17645
0.10391
0.06769
0.17732
0.31614
0.30574
0.20091
0.22129
0.12990
0.07841
0.04901
0.20286
0.14676
0.31185
0.18939
0.32958
0.27505
0.24562
0.32804
0.11105
0.05714
0.10854
0.27598
0.32127
0.14675
0.08425
0.22518
0.10466
0.12210
0.21407
0.22253
0.19795
0.14498
0.09268
0.20156
0.11005
0.12301
0.24283
0.30117
0.15130
0.18327
0.11750
0.28685
0.05050
0.26346
0.09350
0.24548
0.13814
0.16757
0.27890
0.08602
0.04927
0.20365
0.21974
0.08149
0.28306
0.02167
0.10290
0.12951
0.31717
0.27811
0.18645
0.25793
0.11107
0.08078
0.23386
0.35938
0.09270
0.10543
0.06664
0.28025
0.28159
0.07034
0.16558
0.05610
0.31443
0.21315
0.13067
0.22174
0.12520
0.34965
0.18429
0.09812
0.18917
0.28127
0.10981
0.31118
0.31165
0.30686
0.10154
0.18412
0.13964
0.21446
0.23055
0.20479
0.25045
0.30688
0.09949
0.09866
0.22749
0.25346
0.07735
0.21514
0.06796
0.22047
0.19186
0.04894
0.08343
0.22054
0.07334
0.06895
0.18638
0.25667
0.09162
0.10609
0.21870
0.18827
0.10341
0.13671
0.23494
0.26640
0.24745
0.15982
0.13842
0.06928
0.05520
0.13263
0.13771
0.18934
0.20038
0.18537
0.11337
0.26252
0.22213
0.09479
0.18961
0.17754
0.06191
0.20075
0.09319
0.22690
0.23351
0.08108
0.27491
0.21729
0.10077
0.24386
0.24322
0.25233
0.14115
0.23836
0.24382
0.30970
0.12316
0.18058
0.11616
0.05177
0.09047
0.06680
0.15417
0.20096
0.13737
0.08073
0.24869
0.10047
0.23750
0.11932
0.08073
0.21230
0.10271
0.04385
0.11639
0.24593
0.08944
0.31314
0.11291
0.11539
0.16501
0.23896
0.10334
0.03795
0.11586
0.10396
0.10930
0.10738
0.12990
0.23966
0.14997
0.17984
0.18219
0.11703
0.08526
0.14788
0.19876
0.13986
0.23097
0.19164
0.12913
0.24718
0.32533
0.09226
0.17752
0.07390
0.08952
0.13170
0.08304
0.04626
0.33556
0.17629
0.07445
0.18633
0.16871
0.07675
0.13926
0.34992
0.14453
0.11033
0.29036
0.12991
0.15693
0.15036
0.21635
0.15215
0.13266
0.12765
0.18881
0.22965
0.17329
0.10084
0.15917
0.14586
0.15388
0.10798
0.33939
0.29702
0.26695
0.17336
0.16695
0.28235
0.24853
0.32922
0.02159
0.22990
0.13246
0.23782
0.15936
0.09551
0.09660
0.11312
0.12512
0.17725
0.17520
0.09157
0.09197
0.08136
0.25579
0.19615
0.27665
0.20368
0.24225
0.24123
0.14323
0.06390
0.27796
0.25680
0.34771
0.19992
0.31917
0.22718
0.24635
0.28362
0.28192
0.24070
0.09406
0.11478
0.10982
0.22841
0.04753
0.07661
0.20236
0.12276
0.22815
0.09099
0.18003
0.11820
0.25563
0.22312
0.20759
0.23521
0.28615
0.14446
0.14615
0.30714
0.06806
0.18626
0.07842
0.05946
0.21473
0.07151
0.24828
0.32282
0.10589
0.10376
0.15149
0.26388
0.12415
0.06736
0.06429
0.09242
0.07103
0.08115
0.21018
0.06061
0.27421
0.14853
0.18027
0.12170
0.21134
0.24243
0.25149
0.28678
0.32851
0.19597
0.23315
0.31261
0.31684
0.33292
0.24319
0.28115
0.32043
0.28517
0.25627
0.27239
0.22907
0.30302
0.18485
0.35157
0.27004
0.25321
0.28461
0.25735
0.28354
0.36495
0.29040
0.25655
0.28588
0.31517
0.25190
0.28387
0.25861
0.27840
0.24093
0.24672
0.31448
0.27064
0.30065
0.20438
0.30912
0.28646
0.27297
0.33925
0.21404
0.29282
0.29364
0.29150
0.32515
0.31107
0.31739
0.23414
0.29668
0.25549
0.22998
0.32331
0.26023
0.28036
0.30364
0.28800
0.17484
0.31162
0.24938
0.24014
0.27530
0.25950
0.28826
0.17882
0.24352
0.28448
0.11516
0.27295
0.25958
0.23379
0.15850
0.37438
0.30915
0.30030
0.16143
0.33284
0.26925
0.26848
0.29821
0.26902
0.31964
0.28873
0.24502
0.26873
0.17795
0.32326
0.30133
0.24893
0.15682
0.33370
0.18474
0.25883
0.27402
0.25461
0.31316
0.25805
0.19668
0.28385
0.26532
0.16582
0.21388
0.29581
0.16968
0.17838
0.16752
0.29377
0.27228
0.27501
0.29153
0.24444
0.30989
0.21238
0.31171
0.30035
0.30061
0.21074
0.28279
0.30442
0.22068
0.16872
0.35577
0.22907
0.22185
0.30241
0.27699
0.24350
0.36445
0.25587
0.19707
0.29896
0.18598
0.27657
0.30198
0.28626
0.27357
0.23564
0.17732
0.30710
0.21647
0.31092
0.19990
0.30508
0.32996
0.24436
0.19121
0.21490
0.28390
0.21066
0.32173
0.18253
0.23928
0.23483
0.22225
0.25350
0.31705
0.27374
0.28643
0.26244
0.24145
0.26829
0.23076
0.23539
0.24685
0.24553
0.29687
0.14874
0.19783
0.28503
0.28942
0.23961
0.15092
0.22879
0.24612
0.22711
0.25982
0.27811
0.32817
0.17813
0.26750
0.25998
0.30060
0.17922
0.31414
0.24456
0.25451
0.38485
0.19107
0.29447
0.20219
0.33793
0.27810
0.28662
0.28013
0.30445
0.25780
0.18953
0.29972
0.27306
0.28113
0.24892
0.25003
0.28624
0.24573
0.22780
0.22435
0.28127
0.25023
0.30446
0.23226
0.26283
0.28759
0.26117
0.23147
0.25811
0.23347
0.29537
0.19012
0.31932
0.22296
0.29673
0.23033
0.25683
0.27262
0.16492
0.25528
0.29174
0.26355
0.29325
0.31324
0.31321
0.25773
0.26592
0.23368
0.25881
0.28283
0.28536
0.25405
0.16177
0.31238
0.24697
0.25777
0.28194
0.22086
0.27184
0.31285
0.21929
0.21296
0.24801
0.27290
0.31028
0.28047
0.23689
0.30222
0.30254
0.15291
0.24101
0.25747
0.28347
0.30368
0.30324
0.28371
0.23153
0.22241
0.16842
0.28208
0.30627
0.33243
0.27408
0.28325
0.30366
0.22573
0.25452
0.26044
0.23405
0.18269
0.28748
0.21581
0.23129
0.29155
0.29964
0.26984
0.23220
0.27158
0.26397
0.34085
0.30056
0.27741
0.24508
0.21482
0.32346
0.26503
0.12592
0.28032
0.19726
0.26518
0.28843
0.23742
0.27346
0.21842
0.29496
0.20527
0.26848
0.23774
0.28937
0.29234
0.29897
0.19637
0.23859
0.24494
0.23698
0.24996
0.30235
0.25974
0.32368
0.26456
0.26760
0.29860
0.25362
0.28237
0.27463
0.18768
0.29243
0.26603
0.29183
0.23546
0.24453
0.31051
0.23843
0.27949
0.31960
0.19201
0.23258
0.32105
0.25754
0.31030
0.27645
0.31834
0.33143
0.35990
0.25878
0.30751
0.27423
0.26285
0.27007
0.33240
0.27508
0.27581
0.26145
0.30048
0.30606
0.28862
0.35124
0.23423
0.25964
0.29621
0.25173
0.27148
0.33120
0.23577
0.25805
0.28679
0.22421
0.30712
0.26037
0.29668
0.26112
0.26691
0.29402
0.26447
0.26089
0.32822
0.26931
0.28572
0.30976
0.28619
0.31027
0.29862
0.27685
0.13630
0.32379
0.32812
0.34471
0.32584
0.30148
0.40085
0.39497
0.28798
0.19085
0.30570
0.35122
0.28587
0.21847
0.30307
0.34584
0.25249
0.23686
0.31569
0.25959
0.24166
0.25939
0.34035
0.33299
0.39238
0.27345
0.31488
0.28208
0.37881
0.23732
0.30059
0.30741
0.33348
0.28190
0.14419
0.29155
0.44504
0.22005
0.40694
0.41468
0.20931
0.30973
0.35807
0.32011
0.26241
0.25582
0.28396
0.23997
0.26964
0.31854
0.28938
0.26795
0.38418
0.29936
0.28657
0.23361
0.23071
0.27682
0.40077
0.21495
0.12639
0.30658
0.11183
0.21323
0.40391
0.17749
0.22919
0.21436
0.28489
0.23573
0.40444
0.19051
0.32710
0.38807
0.26047
0.25238
0.26115
0.23999
0.20825
0.35987
0.16376
0.37651
0.34558
0.28587
0.25796
0.25329
0.34326
0.27916
0.19648
0.32730
0.38722
0.31096
0.29502
0.37115
0.37512
0.23834
0.26267
0.29062
0.39933
0.20187
0.21671
0.23926
0.34429
0.29523
0.25635
0.27355
0.29692
0.36742
0.24790
0.29927
0.33552
0.28456
0.28403
0.25394
0.38242
0.29377
0.21504
0.29808
0.31089
0.34074
0.26064
0.30866
0.22744
0.34651
0.26219
0.27027
0.32477
0.31026
0.22950
0.28594
0.21972
0.34479
0.22542
0.09362
0.16296
0.22391
0.23399
0.23644
0.19400
0.23621
0.32395
0.21221
0.06358
0.15761
0.05539
0.29803
0.27041
0.19929
0.23192
0.08729
0.11871
0.12744
0.26469
0.09744
0.12800
0.22291
0.23255
0.23291
0.21267
0.24252
0.06006
0.27459
0.22855
0.03503
0.09778
0.17029
0.28979
0.20093
0.26644
0.21669
0.32445
0.03647
0.06032
0.07199
0.05548
0.26506
0.10555
0.12265
0.22865
0.32840
0.17887
0.26381
0.23448
0.06051
0.28325
0.06342
0.07095
0.30347
0.16388
0.30655
0.08863
0.06259
0.21444
0.19649
0.26610
0.21841
0.04937
0.05021
0.17181
0.20753
0.17037
0.20173
0.10119
0.25755
0.19026
0.12337
0.27362
0.29216
0.11350
0.09200
0.15758
0.05348
0.05923
0.25938
0.17520
0.21685
0.22425
0.25020
0.20483
0.34342
0.24927
0.26514
0.10448
0.21446
0.17172
0.03049
0.24316
0.13387
0.06554
0.22776
0.22540
0.31123
0.25063
0.03678
0.09444
0.11379
0.13135
0.24540
0.27540
0.11482
0.20520
0.30588
0.19163
0.22882
0.06647
0.02266
0.03670
0.13975
0.08118
0.09725
0.26380
0.24135
0.14148
0.07320
0.02822
0.08797
0.10596
0.28998
