0.12051
0.11761
0.05460
0.21318
0.05753
0.12974
0.22099
0.12290
0.14008
0.06945
0.16734
0.11512
0.17886
0.11660
0.09764
0.23569
0.14164
0.11997
0.05821
0.17312
0.28301
0.12748
0.12067
0.04823
0.22199
0.13163
0.09736
0.27583
0.07426
0.17688
0.12394
0.28574
0.14038
0.12332
0.05332
0.09686
0.12820
0.06431
0.10069
0.14787
0.28260
0.25531
0.09648
0.11661
0.28075
0.25158
0.15645
0.20173
0.15143
0.16047
0.08946
0.16813
0.14232
0.25644
0.08774
0.20196
0.21085
0.10342
0.16867
0.06961
0.28385
0.27031
0.13803
0.16344
0.23543
0.31582
0.02638
0.17078
0.10496
0.05936
0.12342
0.30198
0.29885
0.21109
0.19722
0.11330
0.06557
0.04850
0.23141
0.16123
0.31088
0.13465
0.32076
0.25171
0.24732
0.36551
0.09607
0.11006
0.11321
0.23802
0.32126
0.13888
0.05409
0.27318
0.07236
0.14284
0.21212
0.21913
0.18844
0.15126
0.09773
0.16880
0.12206
0.10997
0.19346
0.28949
0.10029
0.15732
0.17907
0.29434
0.02318
0.27052
0.06329
0.25806
0.13998
0.15579
0.26486
0.03679
0.06650
0.19437
0.21743
0.07500
0.25256
0.04072
0.10329
0.16042
0.30582
0.27870
0.15963
0.28276
0.08002
0.12206
0.31376
0.31390
0.09130
0.14427
0.04302
0.29304
0.26752
0.04817
0.19772
0.03397
0.28352
0.15171
0.13645
0.22635
0.12851
0.34211
0.17917
0.09463
0.17055
0.21566
0.10808
0.30722
0.29570
0.35040
0.09265
0.13967
0.13537
0.22737
0.25051
0.23924
0.25562
0.32604
0.09764
0.10927
0.31478
0.29262
0.06625
0.27062
0.06356
0.19253
0.19156
0.04500
0.08392
0.24314
0.07954
0.05026
0.15100
0.27594
0.08261
0.10975
0.21283
0.14929
0.05953
0.12633
0.20727
0.27044
0.23456
0.13838
0.09845
0.04454
0.06302
0.15845
0.11379
0.24222
0.19747
0.11843
0.06159
0.28899
0.24003
0.04420
0.18701
0.15662
0.03315
0.20024
0.11569
0.18452
0.26281
0.08704
0.25118
0.23646
0.12118
0.27261
0.26739
0.22119
0.11849
0.25101
0.20797
0.34748
0.11919
0.19994
0.12731
0.04551
0.07340
0.02805
0.15873
0.18573
0.17696
0.03690
0.23065
0.10356
0.23673
0.09493
0.05308
0.28888
0.12685
0.03173
0.10839
0.27929
0.05983
0.30133
0.09544
0.12501
0.15384
0.17968
0.10960
0.06702
0.10453
0.09377
0.11979
0.06970
0.08493
0.28021
0.13735
0.14500
0.20852
0.04789
0.10045
0.13338
0.23719
0.13418
0.19020
0.15348
0.13493
0.21251
0.28849
0.10342
0.16783
0.06513
0.09516
0.11952
0.06037
0.04614
0.38992
0.18176
0.06263
0.20374
0.15099
0.07560
0.13545
0.30969
0.11787
0.06989
0.29767
0.11914
0.23574
0.17084
0.18337
0.12468
0.05282
0.07264
0.19164
0.18633
0.18643
0.09875
0.18692
0.13152
0.17279
0.13792
0.33380
0.24364
0.28491
0.10746
0.10797
0.31263
0.29001
0.31726
0.05365
0.28348
0.13048
0.28493
0.11478
0.06552
0.11539
0.11105
0.10709
0.20029
0.25586
0.04545
0.07717
0.06566
0.26956
0.13330
0.20791
0.18322
0.24533
0.19640
0.13195
0.06770
0.23438
0.26698
0.37234
0.26134
0.31186
0.24722
0.25831
0.29258
0.27123
0.28740
0.07759
0.06031
0.13752
0.22797
0.04617
0.07293
0.18110
0.15006
0.19954
0.11188
0.14545
0.13758
0.27572
0.30421
0.24067
0.20483
0.31605
0.09650
0.13575
0.28332
0.06345
0.17080
0.04333
0.05919
0.19283
0.03940
0.24232
0.34219
0.07678
0.09376
0.11569
0.23217
0.11419
0.03799
0.06377
0.05140
0.06720
0.06274
0.18432
0.04375
0.30018
0.14962
0.15947
0.10557
0.18788
0.29383
0.17908
0.27944
0.35373
0.16559
0.28500
0.31033
0.30641
0.30875
0.28299
0.22827
0.35723
0.25932
0.27292
0.24901
0.23111
0.29157
0.18803
0.37551
0.32908
0.27697
0.26877
0.25549
0.25899
0.35177
0.26068
0.21366
0.31810
0.33304
0.19295
0.22414
0.32270
0.26499
0.25781
0.25716
0.24903
0.31131
0.25143
0.23402
0.35791
0.22964
0.23370
0.29531
0.17777
0.31989
0.34945
0.28233
0.28855
0.29914
0.26118
0.25288
0.29106
0.32055
0.18201
0.28792
0.31905
0.21280
0.24241
0.31004
0.18220
0.27785
0.27574
0.28812
0.32367
0.29628
0.25757
0.17817
0.28856
0.36333
0.15459
0.28131
0.19845
0.15768
0.22613
0.36613
0.31205
0.32064
0.16226
0.35194
0.26693
0.28103
0.37164
0.31271
0.27636
0.28581
0.24444
0.27940
0.19762
0.36423
0.30683
0.24960
0.18185
0.33446
0.22291
0.26708
0.28591
0.26014
0.35804
0.31269
0.23787
0.32171
0.31997
0.17233
0.18869
0.27073
0.19107
0.22047
0.17915
0.28370
0.34744
0.24422
0.27095
0.24625
0.29023
0.23772
0.30703
0.21350
0.27779
0.20932
0.28547
0.26678
0.22275
0.18725
0.35928
0.30417
0.18168
0.27056
0.32098
0.27359
0.35278
0.32164
0.23863
0.26978
0.22336
0.29282
0.31473
0.23789
0.25513
0.20509
0.15874
0.32271
0.23047
0.28526
0.23281
0.27230
0.31030
0.29290
0.21849
0.20387
0.29002
0.22214
0.27956
0.20205
0.20808
0.22674
0.24012
0.20336
0.30587
0.32128
0.32884
0.23561
0.19920
0.33418
0.20586
0.17384
0.19417
0.30391
0.29220
0.18996
0.18873
0.29835
0.24897
0.18973
0.16162
0.20290
0.26912
0.21686
0.22213
0.26723
0.32841
0.18472
0.21766
0.27102
0.26773
0.21814
0.26784
0.25087
0.24942
0.37694
0.18726
0.28482
0.22358
0.36651
0.31734
0.24460
0.27486
0.25903
0.27168
0.18554
0.30872
0.27439
0.27867
0.29897
0.28315
0.33949
0.22707
0.29833
0.19588
0.34502
0.22899
0.27984
0.21922
0.26293
0.28241
0.25377
0.20589
0.22186
0.23416
0.31321
0.21170
0.30850
0.24727
0.26227
0.29083
0.28024
0.29672
0.13880
0.21453
0.33612
0.33165
0.23901
0.25970
0.27624
0.27057
0.23952
0.20128
0.30567
0.29179
0.27059
0.26118
0.17105
0.26201
0.30973
0.26572
0.24427
0.24692
0.34006
0.27993
0.17570
0.20010
0.28555
0.27504
0.25275
0.23898
0.22967
0.34839
0.36298
0.15324
0.24058
0.32824
0.22621
0.23225
0.30900
0.34713
0.23811
0.19573
0.18982
0.24955
0.27578
0.36029
0.27439
0.30323
0.26521
0.24142
0.27386
0.30708
0.28244
0.18253
0.32891
0.21982
0.24605
0.34474
0.29987
0.26744
0.25472
0.24958
0.29014
0.30977
0.34211
0.22387
0.27964
0.21050
0.27705
0.31650
0.13386
0.26722
0.20300
0.19415
0.28768
0.23769
0.25135
0.26218
0.25245
0.22839
0.21366
0.23670
0.34115
0.26565
0.22740
0.19878
0.29949
0.25615
0.23853
0.18679
0.33386
0.29800
0.32826
0.24635
0.26146
0.27065
0.27247
0.24192
0.27616
0.16602
0.33040
0.26339
0.34305
0.28196
0.30488
0.34933
0.27922
0.23039
0.28546
0.18109
0.17795
0.27644
0.21778
0.29913
0.31031
0.24902
0.29933
0.38430
0.30884
0.32507
0.28214
0.31269
0.29349
0.36091
0.22549
0.27877
0.32215
0.32694
0.26917
0.31908
0.39524
0.23617
0.25134
0.33494
0.21687
0.32021
0.33170
0.24005
0.23190
0.34822
0.23957
0.24533
0.31306
0.24442
0.22146
0.22352
0.25309
0.27556
0.29524
0.28637
0.28815
0.26248
0.29616
0.28131
0.31708
0.25279
0.26370
0.12462
0.34416
0.31787
0.35571
0.27164
0.30083
0.37368
0.37382
0.23547
0.20850
0.25947
0.39281
0.30411
0.21534
0.27332
0.33401
0.25542
0.17063
0.32852
0.21607
0.28499
0.21461
0.30445
0.37469
0.44392
0.31848
0.25986
0.25435
0.36986
0.32047
0.31232
0.27689
0.35916
0.25460
0.15841
0.32773
0.46232
0.25623
0.38693
0.40424
0.23068
0.27232
0.33085
0.31306
0.30588
0.24159
0.22925
0.18277
0.29571
0.24866
0.31141
0.31922
0.36364
0.21769
0.22386
0.24972
0.16574
0.19571
0.36413
0.22405
0.15885
0.35256
0.22265
0.19156
0.37062
0.16704
0.26615
0.23038
0.25385
0.25068
0.42657
0.21138
0.28864
0.36393
0.24567
0.21416
0.19405
0.27388
0.24294
0.33184
0.19408
0.37849
0.35332
0.22163
0.25715
0.19431
0.33907
0.28323
0.22801
0.34957
0.41825
0.32695
0.27807
0.36021
0.34537
0.16631
0.28228
0.28305
0.38596
0.21070
0.22956
0.22735
0.34244
0.22225
0.25295
0.23788
0.32849
0.37734
0.27081
0.26142
0.32154
0.30367
0.25463
0.24527
0.36680
0.24473
0.29074
0.25379
0.28340
0.32379
0.26261
0.30377
0.25199
0.32539
0.27000
0.22156
0.28576
0.26832
0.19464
0.23188
0.19563
0.25735
0.18909
0.06560
0.17255
0.23184
0.24562
0.23835
0.20600
0.26609
0.34814
0.12571
0.03164
0.21129
0.02581
0.30184
0.24435
0.18964
0.28865
0.07978
0.09724
0.16467
0.19366
0.04663
0.13714
0.23347
0.24434
0.23936
0.21295
0.29328
0.06291
0.32292
0.22378
0.09296
0.06446
0.09668
0.28396
0.10898
0.20651
0.21299
0.29137
0.03730
0.04763
0.10498
0.08449
0.26118
0.11214
0.11285
0.17426
0.23399
0.12163
0.28076
0.22454
0.09058
0.28184
0.03348
0.05439
0.22992
0.19004
0.16915
0.05528
0.05647
0.20234
0.20165
0.28941
0.27061
0.05350
0.07638
0.18107
0.20871
0.15428
0.21351
0.09835
0.22548
0.15386
0.13886
0.24311
0.29598
0.06462
0.10681
0.11900
0.06799
0.01860
0.09963
0.09564
0.19745
0.23724
0.26803
0.20855
0.34538
0.25428
0.21867
0.15337
0.24183
0.21948
0.04286
0.24635
0.10179
0.05684
0.23449
0.22487
0.31012
0.24649
0.07960
0.07340
0.12702
0.24465
0.13806
0.31077
0.06066
0.17491
0.35912
0.11246
0.23349
0.08625
0.02929
0.05083
0.10415
0.03440
0.06071
0.23575
0.30219
0.05054
0.12345
0.03828
0.08168
0.08436
0.24628
