0.19079
0.21639
0.17724
0.27913
0.15285
0.19592
0.25293
0.18482
0.14603
0.14860
0.23522
0.20331
0.25131
0.17268
0.12142
0.22658
0.18710
0.21044
0.14686
0.22441
0.30065
0.16838
0.18161
0.14683
0.25759
0.21477
0.25555
0.26771
0.17693
0.22563
0.21019
0.29427
0.23868
0.17702
0.15270
0.16598
0.22216
0.12836
0.25046
0.21230
0.28062
0.28344
0.20091
0.24878
0.28798
0.21227
0.16708
0.29558
0.22097
0.16424
0.24809
0.22143
0.20448
0.29022
0.17908
0.23395
0.26165
0.20283
0.22562
0.13700
0.26351
0.29471
0.19301
0.26705
0.29143
0.30298
0.14594
0.19243
0.18255
0.13380
0.24554
0.31500
0.28490
0.24017
0.26291
0.19222
0.18850
0.10741
0.21168
0.23936
0.30886
0.23527
0.34980
0.26975
0.26417
0.33539
0.18371
0.16528
0.17683
0.28018
0.36032
0.21382
0.15849
0.26128
0.15717
0.18542
0.22288
0.24446
0.20345
0.15242
0.18878
0.20218
0.24968
0.25277
0.24363
0.30510
0.21370
0.23284
0.22167
0.28696
0.08584
0.28236
0.19097
0.24037
0.25539
0.19846
0.27953
0.18740
0.20468
0.22331
0.23469
0.16387
0.29924
0.12245
0.16833
0.21733
0.29311
0.27324
0.18280
0.24273
0.11688
0.15892
0.27662
0.34900
0.21627
0.19039
0.10899
0.27693
0.25668
0.17180
0.20821
0.10506
0.31308
0.20302
0.24026
0.34436
0.16757
0.36981
0.22806
0.15976
0.26801
0.32652
0.19439
0.34271
0.26235
0.34117
0.17808
0.23276
0.22933
0.25868
0.29180
0.31312
0.27256
0.33762
0.18132
0.22713
0.31682
0.26946
0.08328
0.26476
0.13933
0.28094
0.26582
0.15098
0.16034
0.22805
0.12125
0.16142
0.19642
0.30424
0.14299
0.22540
0.22206
0.23151
0.18728
0.24024
0.25235
0.28948
0.24154
0.25926
0.20927
0.12594
0.10086
0.25586
0.26279
0.26008
0.23065
0.22205
0.14579
0.27556
0.23503
0.18237
0.21670
0.23625
0.12354
0.24586
0.16880
0.28407
0.26751
0.22785
0.27874
0.25652
0.20181
0.22559
0.23550
0.24668
0.23895
0.30112
0.25362
0.34201
0.18462
0.22710
0.23998
0.10090
0.16794
0.16323
0.21679
0.22756
0.19209
0.15634
0.19747
0.14267
0.29746
0.20181
0.15688
0.27446
0.20889
0.14382
0.19848
0.27247
0.18456
0.29496
0.14958
0.21190
0.23028
0.19905
0.20936
0.09765
0.25795
0.23226
0.23732
0.14439
0.19770
0.28598
0.22452
0.21658
0.20997
0.18429
0.14290
0.17535
0.23987
0.20026
0.27136
0.21314
0.19458
0.21818
0.28730
0.14746
0.20202
0.09131
0.20840
0.17374
0.13995
0.13966
0.37616
0.18022
0.17079
0.20943
0.18792
0.10789
0.25820
0.34528
0.20233
0.17971
0.31438
0.19272
0.22975
0.20422
0.27210
0.26203
0.15533
0.18403
0.27207
0.22302
0.23583
0.24010
0.19213
0.22426
0.20891
0.21984
0.33808
0.34306
0.29070
0.16808
0.16603
0.30813
0.31151
0.33137
0.14073
0.26651
0.22676
0.31651
0.24297
0.18047
0.20732
0.19029
0.17138
0.25461
0.26767
0.17534
0.11229
0.13788
0.28374
0.23565
0.26787
0.19169
0.22269
0.23906
0.22309
0.14838
0.32360
0.29450
0.34914
0.27169
0.33591
0.22787
0.24605
0.29441
0.28442
0.24912
0.16904
0.18458
0.18960
0.23894
0.12419
0.18446
0.26401
0.22008
0.26585
0.16749
0.23463
0.24351
0.31065
0.28296
0.26463
0.20188
0.32114
0.18403
0.22590
0.33614
0.15473
0.25103
0.15993
0.22127
0.19903
0.21273
0.28057
0.34012
0.19803
0.20494
0.25497
0.25285
0.24764
0.14476
0.18473
0.15623
0.17914
0.14404
0.24684
0.14553
0.29539
0.18609
0.23381
0.13433
0.21522
0.30314
0.18341
0.25899
0.33783
0.14931
0.29347
0.29313
0.27791
0.28735
0.28236
0.22188
0.34195
0.24645
0.24334
0.24750
0.22306
0.27740
0.17267
0.36665
0.32048
0.24866
0.21807
0.24533
0.23454
0.33892
0.27097
0.21823
0.31609
0.32414
0.20934
0.22597
0.31676
0.26097
0.24032
0.26032
0.26727
0.31116
0.25775
0.23401
0.33601
0.25819
0.24071
0.30132
0.18288
0.30321
0.33873
0.29215
0.29184
0.27726
0.25283
0.23454
0.27568
0.33467
0.17616
0.25810
0.32532
0.23255
0.27013
0.28399
0.19502
0.27750
0.26154
0.27938
0.30441
0.29180
0.24202
0.18282
0.28573
0.34295
0.11756
0.27719
0.20333
0.16699
0.16599
0.34502
0.28753
0.31500
0.16608
0.34958
0.27035
0.28656
0.35100
0.31343
0.27170
0.28685
0.24639
0.27407
0.17527
0.35339
0.26764
0.24733
0.17166
0.30894
0.18904
0.24489
0.28144
0.25561
0.34815
0.32590
0.21487
0.32157
0.30594
0.16798
0.15238
0.26956
0.19234
0.19526
0.17479
0.29189
0.34316
0.23967
0.25124
0.24129
0.27488
0.22501
0.27403
0.21611
0.24926
0.21617
0.28312
0.26192
0.24569
0.16081
0.34061
0.26550
0.17408
0.30242
0.31755
0.28207
0.34787
0.30978
0.23217
0.27446
0.21657
0.28729
0.29879
0.25688
0.27817
0.24873
0.14732
0.30375
0.23523
0.26635
0.22434
0.25657
0.28229
0.29162
0.19507
0.21215
0.28757
0.20904
0.26023
0.18029
0.20383
0.22998
0.22222
0.23458
0.30057
0.31988
0.32733
0.22253
0.17382
0.32479
0.18619
0.20731
0.20926
0.30681
0.30406
0.16310
0.17834
0.27124
0.25598
0.21375
0.14183
0.21674
0.26763
0.17318
0.23295
0.24341
0.28896
0.17658
0.24396
0.27342
0.26836
0.18985
0.28651
0.27092
0.24882
0.36425
0.18228
0.29377
0.22337
0.33467
0.31499
0.25715
0.25258
0.25178
0.26402
0.20093
0.29327
0.28059
0.22476
0.28316
0.26194
0.31788
0.24295
0.27299
0.24237
0.33168
0.22611
0.26317
0.22392
0.24511
0.27217
0.25422
0.20952
0.21718
0.24763
0.30728
0.22603
0.32662
0.24879
0.24198
0.29535
0.28951
0.29516
0.13949
0.21724
0.31684
0.33449
0.23953
0.26309
0.27851
0.26631
0.20961
0.22590
0.29738
0.28081
0.25302
0.24657
0.17556
0.28410
0.30411
0.25733
0.22830
0.25693
0.32539
0.26571
0.17952
0.18002
0.27562
0.29860
0.27015
0.25613
0.24565
0.33564
0.35277
0.13889
0.24781
0.30836
0.26559
0.24958
0.29978
0.33481
0.22002
0.20062
0.19773
0.24202
0.24488
0.35923
0.29478
0.29643
0.24328
0.23518
0.25687
0.30541
0.28171
0.17233
0.32844
0.21997
0.22094
0.33832
0.29053
0.23533
0.22946
0.25058
0.28882
0.29868
0.34214
0.24160
0.27838
0.18441
0.28540
0.30743
0.11977
0.25648
0.20046
0.22204
0.25288
0.22128
0.26479
0.24567
0.22311
0.23569
0.20950
0.25440
0.33602
0.24949
0.23734
0.17579
0.29371
0.25197
0.23106
0.19535
0.33773
0.29057
0.31402
0.25996
0.21690
0.24821
0.25764
0.21546
0.26759
0.16952
0.31371
0.25788
0.33878
0.28897
0.31305
0.34870
0.28570
0.23320
0.25694
0.15328
0.18721
0.24772
0.22666
0.29224
0.30900
0.23951
0.30104
0.38206
0.32993
0.32903
0.25912
0.30588
0.28533
0.34382
0.22429
0.27790
0.31766
0.32130
0.26659
0.32287
0.38144
0.23800
0.25316
0.28798
0.24911
0.32521
0.30918
0.22207
0.25121
0.33948
0.23150
0.25472
0.31058
0.26546
0.22063
0.22978
0.24228
0.27883
0.28528
0.26828
0.28268
0.23229
0.27288
0.26138
0.27204
0.24767
0.28192
0.13109
0.31381
0.30068
0.35489
0.31521
0.31742
0.41186
0.41527
0.25237
0.21579
0.30133
0.39400
0.28456
0.22520
0.29823
0.32379
0.24214
0.23835
0.31917
0.20368
0.27981
0.24600
0.32704
0.37427
0.41563
0.30117
0.28802
0.25911
0.37388
0.32291
0.30374
0.27151
0.37527
0.24745
0.17928
0.32075
0.45222
0.26425
0.41177
0.40961
0.20831
0.23152
0.35334
0.31261
0.28461
0.22736
0.25331
0.19854
0.29334
0.28879
0.31173
0.30269
0.34930
0.25944
0.28816
0.26150
0.19137
0.22549
0.41349
0.22210
0.19375
0.34229
0.15715
0.21628
0.41336
0.17033
0.28998
0.23382
0.25372
0.25492
0.44458
0.22020
0.33109
0.39298
0.23595
0.23555
0.23876
0.26228
0.25052
0.36806
0.21060
0.36517
0.36072
0.24666
0.24632
0.21288
0.34067
0.27819
0.23632
0.35428
0.43039
0.31104
0.29266
0.36560
0.35285
0.20881
0.28865
0.28931
0.37487
0.20353
0.23869
0.23468
0.32898
0.26234
0.26614
0.24598
0.33094
0.35768
0.24952
0.27694
0.34214
0.30292
0.28129
0.25262
0.37452
0.24305
0.29401
0.28088
0.29552
0.30497
0.27892
0.27496
0.24859
0.34282
0.27225
0.25444
0.29710
0.29544
0.20669
0.27500
0.20985
0.32164
0.22032
0.15521
0.21643
0.21278
0.26558
0.24909
0.20361
0.25875
0.34902
0.23492
0.24708
0.22597
0.18813
0.31765
0.24447
0.20405
0.29837
0.22482
0.21464
0.21931
0.21872
0.17360
0.17690
0.26326
0.29692
0.22095
0.20808
0.19722
0.16145
0.30806
0.23709
0.20430
0.14123
0.21775
0.27398
0.21287
0.24852
0.17343
0.29931
0.17512
0.22986
0.16236
0.19555
0.27487
0.18926
0.18023
0.23218
0.28584
0.23045
0.27620
0.19808
0.18235
0.28561
0.21043
0.20178
0.30124
0.17556
0.26012
0.23731
0.17947
0.20300
0.20058
0.27605
0.25298
0.05656
0.17190
0.18203
0.17890
0.24407
0.26923
0.22917
0.29832
0.20020
0.21033
0.23267
0.27590
0.16202
0.16470
0.23237
0.14441
0.14038
0.24204
0.18845
0.19545
0.25409
0.26745
0.18328
0.35310
0.25322
0.24809
0.22722
0.23125
0.22667
0.16455
0.22138
0.16811
0.22046
0.19830
0.23630
0.30778
0.23363
0.16639
0.17040
0.21652
0.23546
0.25943
0.31357
0.18618
0.27476
0.30091
0.21047
0.24435
0.16490
0.13009
0.19436
0.23788
0.14978
0.18482
0.23180
0.27991
0.22005
0.21431
0.15765
0.15823
0.19785
0.29090
