0.12220
0.10535
0.07867
0.25514
0.07170
0.16653
0.23843
0.16922
0.11776
0.08990
0.20237
0.12650
0.13773
0.11690
0.11482
0.21702
0.09733
0.16869
0.05967
0.15292
0.28661
0.08830
0.11924
0.03477
0.21408
0.14072
0.16833
0.28164
0.11093
0.18298
0.14239
0.27146
0.13327
0.11786
0.07800
0.09650
0.14685
0.09326
0.12515
0.16425
0.27993
0.27017
0.06880
0.12462
0.28301
0.26038
0.18338
0.22670
0.15281
0.14243
0.09495
0.18756
0.14879
0.27439
0.09192
0.21697
0.22230
0.13588
0.16072
0.07849
0.25977
0.24989
0.14850
0.20518
0.29112
0.33538
0.04062
0.14288
0.10529
0.02725
0.12847
0.29225
0.32014
0.21749
0.23261
0.14771
0.07106
0.02254
0.24255
0.17834
0.31358
0.21473
0.29276
0.25050
0.25673
0.37141
0.09656
0.04713
0.10871
0.27784
0.31607
0.16510
0.11262
0.24505
0.05508
0.17431
0.23081
0.20320
0.21045
0.16078
0.09436
0.18065
0.11726
0.10990
0.22171
0.28742
0.12811
0.18002
0.20845
0.28272
0.03828
0.26153
0.06951
0.20953
0.09879
0.20064
0.24669
0.03970
0.07211
0.17570
0.20285
0.09273
0.26689
0.02511
0.11980
0.17277
0.31489
0.26790
0.21987
0.24835
0.10467
0.16281
0.29163
0.32664
0.11159
0.18975
0.07499
0.29807
0.26078
0.06259
0.16763
0.02840
0.28103
0.19327
0.12703
0.20255
0.07518
0.34898
0.16547
0.10587
0.18341
0.22396
0.14642
0.30581
0.29738
0.34033
0.14119
0.15446
0.15328
0.21897
0.29514
0.28510
0.30671
0.34176
0.10539
0.10992
0.30108
0.24075
0.05751
0.23952
0.04943
0.23673
0.22135
0.04991
0.15676
0.19992
0.11114
0.12136
0.16156
0.22863
0.12682
0.11388
0.24706
0.12243
0.11251
0.16740
0.21399
0.22186
0.26120
0.17784
0.11342
0.08148
0.04415
0.14818
0.16334
0.23186
0.20001
0.19930
0.08194
0.28615
0.24581
0.07291
0.21034
0.17236
0.05510
0.25129
0.11628
0.19309
0.28202
0.11944
0.19915
0.22706
0.11016
0.26343
0.24011
0.25675
0.11488
0.28218
0.15208
0.33181
0.10346
0.21729
0.13588
0.05924
0.08890
0.04759
0.18577
0.19029
0.21538
0.08394
0.22490
0.12471
0.27613
0.11416
0.04734
0.27669
0.10968
0.05403
0.09323
0.27771
0.06085
0.27268
0.10996
0.15330
0.18142
0.18081
0.11108
0.04592
0.12445
0.10156
0.09199
0.09918
0.10642
0.27779
0.14501
0.15083
0.20410
0.07068
0.07250
0.13136
0.21313
0.15529
0.20201
0.16649
0.15315
0.26494
0.28266
0.09102
0.17618
0.08944
0.11701
0.12561
0.06693
0.05026
0.36056
0.20174
0.09922
0.21188
0.17442
0.09337
0.21631
0.32126
0.12975
0.08020
0.29886
0.11449
0.20733
0.18228
0.11962
0.14175
0.09383
0.08979
0.18168
0.21186
0.17089
0.09361
0.17266
0.13478
0.20976
0.13090
0.33840
0.25729
0.26289
0.16189
0.08553
0.28088
0.28203
0.30649
0.06854
0.27100
0.13175
0.25907
0.12175
0.08062
0.14607
0.12715
0.11401
0.23951
0.23727
0.05712
0.05748
0.05568
0.29157
0.13466
0.21430
0.18894
0.23667
0.23808
0.14542
0.05317
0.25731
0.26272
0.36210
0.27009
0.31081
0.24799
0.24468
0.29917
0.29044
0.27628
0.09252
0.08455
0.11634
0.21998
0.06182
0.09039
0.20410
0.14332
0.21309
0.12730
0.17014
0.14396
0.27891
0.26037
0.25296
0.19146
0.30402
0.10174
0.15859
0.29319
0.07362
0.24972
0.05300
0.05607
0.20925
0.03965
0.25541
0.35620
0.07043
0.10152
0.11938
0.21853
0.12248
0.04945
0.08121
0.07375
0.06876
0.09361
0.20908
0.06227
0.26945
0.15071
0.22580
0.09798
0.18429
0.29981
0.18194
0.26952
0.36132
0.18401
0.29589
0.29693
0.30185
0.32086
0.28378
0.25788
0.36487
0.25971
0.24838
0.24851
0.22142
0.29510
0.20825
0.37543
0.32970
0.27146
0.27905
0.25886
0.27944
0.33597
0.32485
0.22677
0.31280
0.34094
0.21374
0.27415
0.34222
0.26103
0.23682
0.25500
0.29037
0.31191
0.25197
0.24535
0.34991
0.22666
0.20573
0.30964
0.16411
0.30797
0.36731
0.28702
0.32346
0.31414
0.29722
0.23408
0.29582
0.34699
0.21822
0.29693
0.32319
0.21678
0.27338
0.29924
0.18204
0.30926
0.26931
0.28681
0.31691
0.30831
0.26135
0.19413
0.30187
0.36377
0.16368
0.27000
0.20051
0.16491
0.21710
0.35643
0.29864
0.32602
0.15326
0.35250
0.26070
0.28418
0.36946
0.31886
0.29507
0.26715
0.23860
0.27212
0.20607
0.36615
0.30144
0.25865
0.16230
0.30950
0.21479
0.26924
0.29463
0.25996
0.35648
0.32695
0.21510
0.33268
0.31434
0.19126
0.19197
0.30291
0.19484
0.19704
0.14891
0.28272
0.34444
0.27445
0.27627
0.24710
0.29161
0.21838
0.30885
0.25174
0.29201
0.18754
0.28442
0.27307
0.22819
0.17386
0.34320
0.31081
0.15099
0.28240
0.32667
0.25122
0.34547
0.31909
0.24300
0.26903
0.21038
0.29332
0.29719
0.28371
0.23586
0.22212
0.15795
0.31192
0.21574
0.28299
0.23078
0.28635
0.33840
0.30255
0.21602
0.24505
0.28563
0.22677
0.31039
0.20707
0.21140
0.21718
0.23109
0.18693
0.30613
0.32666
0.33093
0.23294
0.20449
0.33035
0.20921
0.20060
0.20856
0.31343
0.29768
0.17550
0.17668
0.27327
0.29086
0.20443
0.16122
0.22472
0.25062
0.20887
0.27187
0.25876
0.32517
0.18356
0.22801
0.26913
0.26134
0.20296
0.27397
0.25905
0.23347
0.35970
0.19265
0.26215
0.23267
0.35784
0.32259
0.24167
0.27783
0.30954
0.27455
0.19296
0.30309
0.26708
0.23653
0.30211
0.28037
0.34665
0.25247
0.30469
0.21283
0.34013
0.25401
0.27680
0.23862
0.22705
0.27421
0.27224
0.22592
0.24809
0.23201
0.30520
0.20667
0.28180
0.25334
0.28647
0.30771
0.29570
0.28953
0.14633
0.20918
0.33872
0.32995
0.25343
0.27732
0.30644
0.26572
0.24058
0.17755
0.30401
0.27401
0.28370
0.24895
0.20387
0.30780
0.31613
0.25692
0.25635
0.24632
0.33627
0.28716
0.20085
0.16228
0.28757
0.28816
0.26319
0.23877
0.22476
0.35907
0.36379
0.15601
0.22830
0.32513
0.24857
0.25823
0.29147
0.34535
0.23756
0.19705
0.19636
0.24089
0.25804
0.37033
0.28775
0.29603
0.28894
0.23597
0.26894
0.31088
0.28606
0.17234
0.33985
0.21430
0.23842
0.35286
0.29939
0.24882
0.22764
0.25062
0.29713
0.35129
0.34841
0.26224
0.28804
0.19525
0.33464
0.32451
0.13014
0.24379
0.17777
0.20890
0.28238
0.24819
0.25106
0.23870
0.23427
0.21808
0.22997
0.24272
0.34147
0.26407
0.24120
0.20590
0.30064
0.25382
0.22020
0.18671
0.32466
0.29495
0.32014
0.24016
0.23883
0.29231
0.24802
0.24332
0.27111
0.16362
0.32101
0.26265
0.34779
0.29337
0.31180
0.34637
0.27397
0.25967
0.30003
0.14841
0.20344
0.29345
0.20910
0.28222
0.31731
0.26933
0.32913
0.39794
0.31569
0.33567
0.26502
0.31030
0.29405
0.35462
0.24522
0.27010
0.33526
0.32915
0.31251
0.33289
0.39395
0.20960
0.25895
0.31706
0.20238
0.33398
0.31906
0.24947
0.22271
0.35046
0.23152
0.26246
0.31040
0.27306
0.24289
0.23228
0.27631
0.27678
0.28185
0.29907
0.29563
0.26053
0.30156
0.28107
0.32068
0.28289
0.25581
0.14474
0.33125
0.32310
0.35214
0.27463
0.32880
0.37079
0.36259
0.27912
0.20413
0.26533
0.37660
0.27958
0.17848
0.27741
0.35062
0.23567
0.23378
0.33701
0.24460
0.28608
0.20518
0.31440
0.35718
0.40875
0.29349
0.28709
0.24397
0.35187
0.31620
0.27694
0.27430
0.33935
0.23480
0.18270
0.33113
0.41474
0.25627
0.37948
0.38272
0.19176
0.27549
0.30282
0.30910
0.30686
0.25550
0.27120
0.19557
0.29218
0.28031
0.28910
0.30702
0.33089
0.26436
0.28033
0.25836
0.20232
0.23385
0.36255
0.24369
0.16168
0.34491
0.18237
0.22031
0.37661
0.17555
0.28084
0.23242
0.25830
0.24537
0.42753
0.21676
0.30469
0.35097
0.22621
0.24165
0.25154
0.24569
0.19913
0.33880
0.19951
0.35092
0.35735
0.22985
0.24368
0.23088
0.35208
0.25506
0.22020
0.36167
0.41424
0.30332
0.25638
0.32609
0.34037
0.19795
0.27409
0.28618
0.40557
0.22409
0.24156
0.22579
0.36920
0.26896
0.25392
0.26894
0.31548
0.35176
0.22414
0.28055
0.30124
0.29484
0.26306
0.23975
0.34174
0.25107
0.27218
0.26061
0.27731
0.31846
0.23898
0.27882
0.24917
0.32658
0.24816
0.19684
0.30515
0.26541
0.22555
0.22343
0.20267
0.29497
0.24961
0.09661
0.11678
0.15533
0.25407
0.26969
0.21240
0.28656
0.29533
0.16700
0.04306
0.20184
0.03199
0.27528
0.26368
0.17184
0.29357
0.06204
0.13677
0.19653
0.20900
0.11435
0.09912
0.22853
0.27210
0.22546
0.21343
0.29234
0.05970
0.32255
0.18672
0.05222
0.06100
0.11403
0.26054
0.07510
0.26353
0.23990
0.26918
0.06279
0.07872
0.07672
0.07649
0.26024
0.14431
0.10227
0.16857
0.21737
0.11943
0.27398
0.21247
0.08096
0.25966
0.06465
0.08723
0.16545
0.18323
0.27177
0.06676
0.06368
0.21185
0.20265
0.29439
0.26853
0.02746
0.01728
0.20036
0.20494
0.18816
0.17882
0.11014
0.19537
0.15400
0.13282
0.27326
0.28132
0.06836
0.15155
0.14810
0.03733
0.07470
0.16580
0.09065
0.19171
0.28602
0.26508
0.20111
0.30503
0.20017
0.20478
0.10022
0.22589
0.23652
0.04051
0.27800
0.12954
0.10114
0.17606
0.23135
0.32617
0.26320
0.05325
0.07616
0.13718
0.24772
0.18192
0.22977
0.05221
0.11962
0.28024
0.17215
0.22444
0.11339
0.05844
0.06683
0.16299
0.06151
0.06088
0.28075
0.26575
0.07882
0.15276
0.04291
0.10888
0.10425
0.18685
