0.10164
0.09475
0.05593
0.23408
0.09745
0.13951
0.22651
0.15800
0.19171
0.05789
0.19140
0.13222
0.12270
0.11340
0.12727
0.22912
0.13314
0.14373
0.05976
0.14126
0.27161
0.12280
0.13933
0.04711
0.20703
0.14022
0.07394
0.21266
0.05423
0.12600
0.09039
0.23837
0.12193
0.09857
0.05177
0.09054
0.13344
0.08504
0.09275
0.15735
0.29202
0.23074
0.06787
0.10945
0.27645
0.24884
0.17029
0.24067
0.16215
0.12998
0.09765
0.12722
0.11878
0.31603
0.08825
0.21362
0.19393
0.13493
0.10413
0.09897
0.25536
0.28056
0.11350
0.25325
0.30521
0.32141
0.02843
0.22664
0.09861
0.03016
0.11772
0.29023
0.31281
0.17066
0.26259
0.08118
0.06940
0.02852
0.20900
0.17149
0.30806
0.09606
0.30020
0.29422
0.21643
0.35793
0.10201
0.06431
0.12030
0.22541
0.32816
0.16974
0.07542
0.26549
0.07534
0.14271
0.21529
0.21206
0.19956
0.16948
0.09284
0.18043
0.09744
0.10903
0.21652
0.30157
0.11894
0.15225
0.13474
0.27754
0.02788
0.24813
0.08336
0.25399
0.10544
0.13495
0.25983
0.06927
0.09809
0.15659
0.22970
0.07632
0.29271
0.03073
0.07393
0.13373
0.30383
0.28933
0.14688
0.25719
0.09219
0.11944
0.30125
0.33793
0.09847
0.12015
0.04404
0.28831
0.23027
0.04826
0.14266
0.03393
0.30139
0.14324
0.12790
0.29214
0.09226
0.32314
0.19687
0.08547
0.15684
0.22979
0.10136
0.31530
0.30535
0.33125
0.10539
0.12654
0.15598
0.22626
0.21748
0.27148
0.26413
0.31531
0.09080
0.09662
0.25814
0.27117
0.05236
0.24344
0.03773
0.22797
0.20952
0.03274
0.10114
0.21046
0.05529
0.08136
0.16499
0.24947
0.09610
0.10945
0.18889
0.18037
0.05862
0.25145
0.22593
0.24849
0.26833
0.18199
0.11450
0.05384
0.03968
0.14675
0.12928
0.22850
0.14235
0.14649
0.08792
0.26474
0.20909
0.07525
0.16646
0.13764
0.06609
0.21157
0.09353
0.18941
0.25106
0.07277
0.25006
0.23387
0.10292
0.25571
0.24281
0.24131
0.11538
0.18924
0.16554
0.32532
0.09061
0.15335
0.09843
0.06882
0.06126
0.06002
0.12704
0.13113
0.15376
0.04776
0.26871
0.06123
0.24296
0.10994
0.05744
0.26622
0.11179
0.01619
0.09882
0.26026
0.05782
0.29220
0.09950
0.11512
0.13301
0.19460
0.10945
0.02676
0.13212
0.10755
0.10085
0.08222
0.11391
0.20904
0.13073
0.14658
0.20182
0.05893
0.06809
0.12946
0.23325
0.15504
0.22356
0.16178
0.12386
0.28225
0.28867
0.09962
0.16892
0.03616
0.04991
0.12092
0.06076
0.03236
0.36787
0.17674
0.07061
0.19266
0.14057
0.07890
0.10567
0.31865
0.12039
0.07313
0.30277
0.11594
0.20057
0.17581
0.15561
0.13148
0.07930
0.07504
0.16335
0.22192
0.18221
0.09153
0.15914
0.14370
0.19018
0.14768
0.33772
0.26622
0.28730
0.14715
0.11170
0.29278
0.29917
0.31377
0.01932
0.26364
0.11661
0.30842
0.12967
0.07177
0.12944
0.10258
0.09984
0.14185
0.21629
0.07842
0.09815
0.06114
0.27677
0.13081
0.20472
0.13102
0.23715
0.25955
0.15255
0.04901
0.21574
0.26056
0.34469
0.21563
0.30361
0.22295
0.24316
0.28747
0.29394
0.21991
0.05197
0.05631
0.11501
0.21522
0.02553
0.05050
0.18794
0.13078
0.21022
0.10036
0.17039
0.08122
0.29232
0.25122
0.23029
0.20591
0.30944
0.11574
0.11088
0.32114
0.04289
0.18487
0.04357
0.07305
0.18087
0.03351
0.23865
0.33668
0.08105
0.06857
0.12854
0.23472
0.10587
0.04018
0.05281
0.05483
0.04769
0.06376
0.20433
0.08585
0.25033
0.15966
0.17510
0.07691
0.19204
0.29311
0.18931
0.27235
0.35441
0.17854
0.29042
0.31140
0.28821
0.30249
0.28318
0.26464
0.33739
0.23013
0.21931
0.25184
0.22565
0.28252
0.19032
0.37687
0.29702
0.26410
0.26239
0.22143
0.24949
0.36133
0.27496
0.25089
0.29839
0.33960
0.22984
0.25568
0.31142
0.28065
0.27115
0.27614
0.29316
0.29836
0.24710
0.20998
0.34846
0.25219
0.24260
0.30996
0.19708
0.31087
0.34527
0.28671
0.28321
0.28817
0.26966
0.23148
0.24898
0.30722
0.19648
0.30403
0.32670
0.26070
0.29235
0.30566
0.17769
0.28846
0.26155
0.26455
0.30643
0.29379
0.27946
0.18392
0.29073
0.36477
0.16911
0.29223
0.20361
0.18743
0.22406
0.36494
0.31049
0.30210
0.15962
0.33328
0.27598
0.27372
0.36321
0.29429
0.29798
0.29921
0.22624
0.28867
0.18898
0.35603
0.27475
0.23849
0.19710
0.33600
0.21226
0.27864
0.29412
0.26680
0.34745
0.30506
0.22064
0.30972
0.27517
0.14026
0.18176
0.30184
0.18531
0.20550
0.14862
0.28727
0.33068
0.23009
0.27052
0.24853
0.29443
0.19890
0.28286
0.24341
0.28616
0.21729
0.27852
0.29636
0.23876
0.16708
0.36972
0.29410
0.19311
0.31351
0.30700
0.28215
0.35599
0.31032
0.24865
0.27295
0.18019
0.28225
0.32590
0.27689
0.24630
0.23569
0.14722
0.30001
0.23744
0.28357
0.21288
0.28027
0.31352
0.26901
0.21082
0.22579
0.29526
0.22308
0.29581
0.20229
0.21726
0.24561
0.24255
0.23694
0.31108
0.30099
0.32446
0.21656
0.21765
0.31128
0.21190
0.20109
0.23129
0.28824
0.31035
0.18227
0.17644
0.28520
0.26102
0.20673
0.15517
0.21268
0.25833
0.20179
0.25858
0.24607
0.29937
0.18225
0.23375
0.25570
0.26555
0.18368
0.27967
0.25142
0.24661
0.38058
0.18854
0.30307
0.22399
0.35568
0.30549
0.27243
0.26639
0.27905
0.27850
0.20093
0.32638
0.27421
0.25842
0.26555
0.28140
0.33669
0.23202
0.27665
0.24151
0.33497
0.23879
0.26820
0.22253
0.26287
0.27321
0.26716
0.23415
0.24486
0.21504
0.31326
0.22129
0.31201
0.23212
0.25763
0.28774
0.27805
0.26024
0.14979
0.23610
0.32710
0.30925
0.26351
0.29618
0.28181
0.24233
0.22904
0.23900
0.29378
0.29278
0.26294
0.25330
0.20505
0.27746
0.31589
0.26641
0.26367
0.23225
0.33012
0.26341
0.20204
0.20348
0.28967
0.29110
0.28012
0.25497
0.27561
0.37318
0.32312
0.13589
0.22550
0.31730
0.27306
0.27803
0.31041
0.32206
0.23203
0.19638
0.21693
0.25818
0.25220
0.34999
0.29919
0.30024
0.28341
0.23378
0.26042
0.27819
0.27503
0.17762
0.33019
0.20331
0.23183
0.32586
0.31762
0.25711
0.23263
0.25236
0.29188
0.33517
0.33087
0.25092
0.27284
0.19801
0.28886
0.32556
0.14874
0.26244
0.21320
0.28227
0.28150
0.22893
0.26228
0.24964
0.25443
0.22823
0.23618
0.22848
0.32493
0.28783
0.26474
0.20671
0.28683
0.24804
0.23918
0.17870
0.33606
0.26069
0.34698
0.25485
0.25490
0.29669
0.28249
0.22923
0.28308
0.16789
0.32785
0.27240
0.34577
0.28366
0.28527
0.33134
0.25236
0.23898
0.30466
0.18341
0.20915
0.30359
0.22617
0.31294
0.30418
0.27953
0.29187
0.36917
0.30139
0.31957
0.26802
0.29333
0.30767
0.35809
0.26090
0.28335
0.30960
0.31553
0.28204
0.31360
0.38642
0.23242
0.25851
0.34361
0.22848
0.30983
0.31164
0.22076
0.26119
0.34285
0.23229
0.30194
0.30145
0.25090
0.23186
0.25715
0.26073
0.29481
0.27866
0.30202
0.30782
0.24495
0.28430
0.27059
0.29200
0.27170
0.27480
0.15041
0.33156
0.32342
0.34724
0.29998
0.30911
0.39644
0.39319
0.25478
0.15799
0.29201
0.38634
0.29048
0.24267
0.29080
0.32860
0.24512
0.23669
0.32052
0.25575
0.28715
0.23298
0.31929
0.36393
0.43667
0.30998
0.30376
0.25347
0.38065
0.29713
0.29383
0.30387
0.34124
0.28032
0.16982
0.30836
0.44411
0.26778
0.39186
0.41949
0.21762
0.27143
0.35000
0.32348
0.29366
0.26276
0.23554
0.18400
0.28927
0.28885
0.28256
0.28724
0.36942
0.29901
0.26892
0.25934
0.21857
0.21231
0.37734
0.22046
0.13571
0.31852
0.18390
0.16002
0.38478
0.12354
0.24593
0.19905
0.23888
0.23460
0.43709
0.19028
0.31752
0.39758
0.23798
0.19698
0.23947
0.24768
0.18731
0.32329
0.15363
0.36574
0.35274
0.25031
0.24185
0.22704
0.34696
0.28234
0.20511
0.33952
0.40842
0.31790
0.28975
0.35187
0.36802
0.19950
0.26728
0.27525
0.39413
0.18452
0.19538
0.23161
0.36088
0.24261
0.25252
0.25226
0.32584
0.37314
0.21907
0.27572
0.32053
0.30834
0.26981
0.24097
0.36245
0.26480
0.25779
0.27570
0.29700
0.34918
0.27227
0.28930
0.24400
0.33755
0.25836
0.25898
0.30658
0.28972
0.21909
0.28933
0.17077
0.30326
0.19458
0.04213
0.15420
0.18866
0.18548
0.30569
0.22365
0.25004
0.34684
0.12152
0.07720
0.22179
0.02784
0.32474
0.25314
0.16967
0.22701
0.06463
0.11234
0.16243
0.14938
0.09889
0.15236
0.20547
0.26790
0.20335
0.21429
0.20701
0.05026
0.30787
0.25680
0.00963
0.06426
0.09311
0.26760
0.10895
0.20589
0.18152
0.28447
0.07166
0.06538
0.05802
0.08149
0.26119
0.08240
0.13998
0.15588
0.25100
0.10947
0.28119
0.22056
0.04263
0.30270
0.02711
0.09219
0.29245
0.18926
0.21422
0.05647
0.08666
0.20352
0.20461
0.27540
0.22418
0.02445
0.11799
0.20272
0.21582
0.23216
0.17101
0.09739
0.24740
0.20823
0.12618
0.25341
0.28662
0.08344
0.07910
0.12735
0.04909
0.05993
0.23389
0.18270
0.18806
0.26041
0.24241
0.19389
0.33370
0.21129
0.19728
0.16275
0.22117
0.22867
0.03582
0.25380
0.09488
0.04359
0.21037
0.23590
0.24960
0.26631
0.09314
0.02992
0.15063
0.24545
0.20604
0.27487
0.10281
0.19655
0.28531
0.11979
0.21955
0.10001
0.01855
0.01760
0.15518
0.08138
0.04517
0.26966
0.24829
0.09547
0.10808
0.02770
0.07246
0.06278
0.23999
