0.22363
0.17972
0.22132
0.24561
0.15286
0.18900
0.25177
0.18772
0.22186
0.15406
0.24910
0.20159
0.21981
0.19904
0.17461
0.23626
0.18296
0.22997
0.17739
0.22781
0.30041
0.20963
0.18185
0.17026
0.26480
0.21431
0.20661
0.26144
0.16105
0.19945
0.14755
0.29885
0.21452
0.16393
0.21341
0.14830
0.19794
0.14995
0.26875
0.24690
0.29100
0.30126
0.24076
0.22834
0.29119
0.24025
0.19053
0.28008
0.24724
0.19347
0.16317
0.22876
0.21571
0.32219
0.12009
0.27364
0.26411
0.20345
0.20482
0.16629
0.28506
0.31258
0.19117
0.24232
0.26887
0.31210
0.20044
0.20325
0.20903
0.14708
0.22319
0.32574
0.33582
0.27613
0.25858
0.23827
0.21722
0.14067
0.21766
0.23408
0.28938
0.26474
0.34464
0.27587
0.27268
0.34819
0.18434
0.21031
0.21861
0.27038
0.34638
0.23394
0.19642
0.28649
0.17827
0.22458
0.22838
0.22769
0.21323
0.19351
0.16090
0.22531
0.23104
0.23706
0.23804
0.29835
0.19132
0.23405
0.23998
0.28392
0.13071
0.27873
0.20966
0.27067
0.26267
0.26011
0.27523
0.17467
0.19504
0.20451
0.23989
0.19893
0.30749
0.17344
0.18202
0.21892
0.32182
0.27445
0.22627
0.25023
0.16128
0.20437
0.29460
0.35462
0.19966
0.20471
0.17039
0.30737
0.28212
0.16013
0.19354
0.12543
0.31587
0.24601
0.22714
0.36351
0.20798
0.35369
0.20776
0.18760
0.25418
0.29919
0.18917
0.33406
0.32453
0.33114
0.20341
0.23129
0.22007
0.26504
0.30123
0.28428
0.28766
0.32615
0.18330
0.22820
0.29119
0.28660
0.19890
0.28849
0.15093
0.27838
0.25506
0.08623
0.18074
0.21375
0.17211
0.20152
0.23463
0.30483
0.16981
0.16005
0.26168
0.22421
0.15899
0.24833
0.24648
0.26474
0.26497
0.26915
0.23644
0.17275
0.15841
0.22742
0.25151
0.27503
0.30564
0.26355
0.17134
0.28664
0.25593
0.22025
0.22131
0.22658
0.18341
0.28854
0.20352
0.27860
0.27443
0.21462
0.24466
0.25304
0.19211
0.26603
0.26917
0.23368
0.25049
0.31913
0.26556
0.36508
0.20829
0.25584
0.21738
0.14826
0.16135
0.19990
0.23807
0.26192
0.22375
0.15523
0.26328
0.16572
0.29094
0.20236
0.19777
0.28840
0.17341
0.19020
0.18263
0.24564
0.15440
0.30333
0.18872
0.17043
0.24353
0.23081
0.17897
0.14967
0.26028
0.21261
0.17260
0.19948
0.19798
0.27161
0.18146
0.27273
0.21967
0.18752
0.16743
0.21561
0.22180
0.22612
0.26700
0.25096
0.21566
0.27169
0.27771
0.15005
0.22236
0.19001
0.22600
0.22775
0.18102
0.18085
0.35373
0.18942
0.15867
0.22542
0.19089
0.18443
0.22138
0.35101
0.21521
0.16095
0.29286
0.16071
0.25070
0.24223
0.23766
0.26157
0.19899
0.18018
0.25855
0.24622
0.22346
0.13452
0.19826
0.27435
0.22684
0.21750
0.32438
0.33079
0.26022
0.19820
0.20817
0.30379
0.30647
0.34974
0.19820
0.26057
0.20071
0.31444
0.23053
0.20234
0.21399
0.22864
0.19294
0.29659
0.26794
0.18943
0.21216
0.18925
0.28104
0.25753
0.27663
0.25685
0.25333
0.25900
0.22236
0.14346
0.28572
0.28846
0.34326
0.26864
0.34386
0.22494
0.25635
0.30129
0.26975
0.28722
0.21049
0.18860
0.19700
0.23154
0.11258
0.23556
0.25517
0.21282
0.24474
0.15837
0.24221
0.26947
0.27881
0.30678
0.29909
0.24199
0.31701
0.18306
0.21273
0.31247
0.21204
0.23817
0.16709
0.20773
0.24107
0.17580
0.25792
0.33637
0.20889
0.16491
0.24898
0.26070
0.18597
0.19250
0.20914
0.18574
0.19570
0.23703
0.23380
0.17970
0.28003
0.19820
0.24534
0.14330
0.22360
0.27973
0.21969
0.27296
0.35292
0.18524
0.27262
0.32372
0.29495
0.30417
0.28134
0.25857
0.33972
0.27349
0.26110
0.23334
0.24208
0.29018
0.20056
0.36842
0.31917
0.25031
0.23079
0.26882
0.23788
0.35531
0.29615
0.21393
0.31413
0.33273
0.22260
0.24099
0.31826
0.28065
0.26424
0.27408
0.27346
0.31251
0.26472
0.23185
0.33977
0.26772
0.24432
0.32054
0.17475
0.30401
0.35144
0.30494
0.28840
0.29483
0.27137
0.25662
0.27390
0.32257
0.19635
0.26120
0.31993
0.18401
0.27485
0.32253
0.21345
0.28284
0.27694
0.27564
0.30691
0.28873
0.24440
0.20173
0.28901
0.35686
0.16340
0.28821
0.23333
0.19657
0.23360
0.36607
0.32287
0.32532
0.19795
0.34856
0.27805
0.28480
0.36149
0.30124
0.26817
0.30335
0.24522
0.29568
0.20117
0.36094
0.27470
0.21879
0.18008
0.32571
0.20135
0.26191
0.29088
0.26988
0.34774
0.31432
0.24026
0.31724
0.29794
0.19533
0.19592
0.29615
0.19662
0.20886
0.18740
0.29429
0.34361
0.23809
0.24010
0.25735
0.30247
0.24005
0.31081
0.24670
0.26919
0.22227
0.29162
0.28144
0.24247
0.16143
0.34940
0.28947
0.20848
0.31211
0.32113
0.26121
0.35298
0.30071
0.22283
0.27976
0.23609
0.29881
0.30969
0.25516
0.26328
0.24225
0.19047
0.32285
0.23849
0.28431
0.24802
0.27938
0.31331
0.28607
0.21389
0.24151
0.29625
0.21860
0.28769
0.21217
0.25284
0.23860
0.24653
0.20722
0.32159
0.32329
0.32568
0.26143
0.21487
0.32539
0.20863
0.21701
0.22618
0.29353
0.30140
0.17662
0.19991
0.29127
0.27939
0.19424
0.17595
0.24477
0.27340
0.21399
0.27425
0.23571
0.29598
0.19830
0.25724
0.27860
0.26657
0.21460
0.28846
0.26618
0.27065
0.39000
0.21323
0.30142
0.22679
0.35050
0.29644
0.28283
0.28691
0.28197
0.25956
0.21885
0.30192
0.30396
0.26067
0.28185
0.26184
0.33847
0.24812
0.29747
0.23517
0.34667
0.21542
0.29901
0.20821
0.24976
0.27316
0.26386
0.21903
0.24041
0.27116
0.31614
0.21746
0.34213
0.24884
0.26202
0.27959
0.28220
0.29895
0.15794
0.23617
0.32137
0.32568
0.24805
0.30912
0.30574
0.28246
0.25589
0.24740
0.30175
0.29459
0.26036
0.24581
0.22404
0.29191
0.31785
0.26704
0.26881
0.24118
0.32020
0.27755
0.22677
0.20074
0.28192
0.29237
0.27135
0.26489
0.26654
0.35501
0.34358
0.17367
0.23398
0.31073
0.28199
0.26411
0.30284
0.33114
0.22428
0.21034
0.23058
0.25637
0.25737
0.35901
0.30637
0.31196
0.28884
0.25002
0.27919
0.28317
0.27299
0.19168
0.32642
0.22123
0.24872
0.34138
0.30239
0.26761
0.25517
0.24371
0.28831
0.35472
0.34329
0.26996
0.26780
0.22936
0.32919
0.30622
0.14774
0.27843
0.22205
0.23899
0.25540
0.25796
0.27120
0.25524
0.25144
0.23149
0.24758
0.24060
0.33201
0.27507
0.26529
0.20836
0.29159
0.25328
0.25297
0.21478
0.33620
0.27817
0.33931
0.25892
0.24523
0.25753
0.28301
0.23467
0.27093
0.19946
0.31637
0.29862
0.33715
0.27604
0.31859
0.34543
0.28701
0.26094
0.29407
0.19021
0.18104
0.27493
0.25875
0.30663
0.29974
0.27471
0.33671
0.37769
0.29838
0.31804
0.28760
0.28449
0.30365
0.35363
0.25607
0.29835
0.32462
0.31048
0.28499
0.32972
0.38931
0.26056
0.24830
0.32055
0.24894
0.32642
0.32421
0.24703
0.24855
0.34615
0.23238
0.25970
0.30457
0.28896
0.26171
0.22040
0.27792
0.25612
0.29334
0.32699
0.28338
0.22388
0.30626
0.26923
0.29317
0.27196
0.27629
0.16702
0.33417
0.30259
0.36519
0.30060
0.32680
0.39407
0.37915
0.27262
0.20708
0.30314
0.40353
0.27949
0.19903
0.31055
0.35921
0.25524
0.25434
0.30183
0.22478
0.30568
0.22155
0.35862
0.35469
0.42121
0.31225
0.32562
0.29204
0.37742
0.30645
0.31992
0.28684
0.35581
0.27717
0.21582
0.32932
0.45750
0.26004
0.41304
0.37709
0.22901
0.27300
0.35021
0.31765
0.28595
0.19989
0.30761
0.22191
0.29943
0.30595
0.31230
0.29659
0.36734
0.30342
0.29382
0.26060
0.18236
0.26791
0.39836
0.25529
0.16447
0.31993
0.18160
0.19688
0.41031
0.18492
0.28928
0.23655
0.26874
0.25731
0.43665
0.21223
0.36029
0.38159
0.25213
0.24382
0.26111
0.28315
0.23246
0.36745
0.22192
0.34719
0.34314
0.25674
0.25818
0.23311
0.32060
0.27783
0.23120
0.35661
0.41795
0.32682
0.29203
0.34882
0.35847
0.23574
0.30794
0.28643
0.38200
0.24446
0.22994
0.24278
0.36360
0.30362
0.25693
0.24323
0.32776
0.36086
0.17052
0.31016
0.34615
0.31426
0.28881
0.24803
0.38346
0.28696
0.28141
0.30150
0.30492
0.32978
0.27987
0.29378
0.24533
0.34449
0.24725
0.23704
0.31380
0.28430
0.22961
0.28909
0.19267
0.33650
0.25196
0.12217
0.20345
0.20925
0.22005
0.31136
0.17688
0.26697
0.37627
0.22692
0.14557
0.21565
0.19456
0.30738
0.24513
0.19934
0.21907
0.18853
0.23781
0.20271
0.21056
0.17005
0.18915
0.22509
0.23510
0.22189
0.23524
0.26049
0.15526
0.30583
0.22741
0.19957
0.14852
0.20547
0.30170
0.17933
0.27002
0.17083
0.31570
0.17407
0.15536
0.20191
0.15762
0.26016
0.16404
0.22493
0.23719
0.29162
0.18664
0.31223
0.21263
0.17274
0.32691
0.23895
0.17590
0.30403
0.17398
0.31692
0.22156
0.19313
0.21361
0.16802
0.29656
0.25473
0.15806
0.19057
0.19385
0.19655
0.25275
0.23910
0.20881
0.29300
0.23391
0.19729
0.24934
0.27114
0.20413
0.22443
0.29117
0.22476
0.12442
0.26278
0.20096
0.21257
0.25981
0.27626
0.14768
0.34337
0.23761
0.27140
0.22944
0.22564
0.20124
0.16648
0.27687
0.17247
0.19599
0.20766
0.23089
0.27791
0.25616
0.15883
0.17844
0.21024
0.25545
0.26008
0.30504
0.21851
0.27612
0.29699
0.23220
0.24648
0.19076
0.19155
0.13219
0.22039
0.17003
0.20312
0.25678
0.28738
0.18383
0.17463
0.16810
0.18992
0.22866
0.30834
