0.18021
0.15680
0.19096
0.28318
0.13354
0.20707
0.26441
0.20394
0.19964
0.15595
0.24043
0.19723
0.23914
0.16953
0.18852
0.22951
0.17812
0.22755
0.14850
0.23794
0.32738
0.20112
0.21746
0.17884
0.24958
0.23175
0.23605
0.24843
0.14575
0.20408
0.20032
0.28004
0.22770
0.17581
0.16869
0.15706
0.17580
0.13529
0.18395
0.24979
0.30477
0.28744
0.22486
0.21458
0.28366
0.22730
0.21175
0.28054
0.24584
0.21837
0.17952
0.19679
0.16902
0.31951
0.15665
0.28603
0.27740
0.20011
0.22812
0.17479
0.28604
0.28537
0.21165
0.26390
0.28233
0.30206
0.17513
0.23584
0.22597
0.14284
0.20173
0.32611
0.33908
0.22902
0.27782
0.20183
0.20361
0.13631
0.20456
0.22820
0.30215
0.25509
0.31026
0.25453
0.31220
0.35985
0.16827
0.19136
0.20498
0.27716
0.35094
0.19223
0.17073
0.27274
0.18816
0.23441
0.22388
0.21100
0.19817
0.20959
0.16248
0.21857
0.19991
0.20899
0.25942
0.30158
0.21538
0.24122
0.21318
0.28361
0.10478
0.27595
0.19185
0.27095
0.22286
0.23715
0.26838
0.15988
0.18478
0.22759
0.25900
0.17699
0.28563
0.12602
0.16293
0.22214
0.30877
0.27148
0.21693
0.25677
0.18142
0.17894
0.32240
0.35417
0.20592
0.21526
0.16859
0.28715
0.27067
0.15526
0.20206
0.12007
0.30989
0.22023
0.21109
0.31926
0.21016
0.34998
0.23577
0.14481
0.24748
0.31120
0.18201
0.30910
0.30468
0.32089
0.18286
0.22019
0.21000
0.25116
0.27333
0.29784
0.28648
0.33859
0.15319
0.21668
0.30972
0.27629
0.16439
0.28446
0.14630
0.28342
0.25147
0.12147
0.18373
0.24197
0.14666
0.18809
0.24235
0.28877
0.18805
0.17590
0.25977
0.20768
0.17246
0.24796
0.24257
0.26104
0.25038
0.22964
0.22827
0.16564
0.12141
0.19153
0.23694
0.23814
0.28965
0.25336
0.17188
0.27612
0.24965
0.19062
0.25020
0.22821
0.18828
0.25148
0.21230
0.27508
0.26572
0.18956
0.25524
0.26467
0.19187
0.26958
0.27878
0.27170
0.22879
0.29169
0.26361
0.32583
0.19566
0.22471
0.21623
0.18655
0.19179
0.14874
0.22711
0.27352
0.24096
0.15044
0.25448
0.17927
0.28805
0.21215
0.15442
0.27641
0.18954
0.15277
0.20694
0.26403
0.18181
0.29961
0.20224
0.19748
0.21668
0.22152
0.15557
0.14151
0.22206
0.20260
0.17800
0.23484
0.18430
0.28977
0.22756
0.23769
0.20895
0.16315
0.13618
0.19742
0.22529
0.20623
0.27911
0.25302
0.21038
0.24544
0.26547
0.16599
0.22201
0.17714
0.22790
0.19535
0.20876
0.14330
0.35651
0.22445
0.16092
0.23565
0.18717
0.16242
0.23287
0.33345
0.19443
0.17013
0.29990
0.18810
0.23897
0.23232
0.24608
0.21126
0.20105
0.16997
0.25742
0.26796
0.20585
0.18180
0.23053
0.24182
0.21664
0.24312
0.31430
0.29964
0.25007
0.21461
0.22773
0.29853
0.30369
0.31809
0.12808
0.26816
0.21138
0.31094
0.21179
0.20015
0.19829
0.19880
0.19318
0.26827
0.24471
0.15800
0.18225
0.18004
0.27455
0.26692
0.28721
0.23099
0.25090
0.26553
0.18211
0.11559
0.28180
0.28905
0.35464
0.28404
0.33088
0.22473
0.27075
0.30342
0.27509
0.23066
0.16316
0.18543
0.22725
0.25146
0.14420
0.19425
0.25975
0.23260
0.22381
0.16152
0.22629
0.20957
0.28871
0.27210
0.22499
0.24593
0.31788
0.22285
0.19307
0.32728
0.15689
0.22251
0.17440
0.17875
0.23723
0.15737
0.25530
0.33770
0.18417
0.20156
0.23573
0.25811
0.20835
0.17760
0.20368
0.14841
0.14775
0.22198
0.26341
0.12325
0.28935
0.22696
0.20853
0.13929
0.22144
0.29903
0.24633
0.28380
0.32781
0.19709
0.25736
0.32221
0.32105
0.31456
0.29255
0.27907
0.33147
0.26997
0.26359
0.27657
0.22221
0.28154
0.21568
0.35160
0.30743
0.27493
0.26659
0.26781
0.24815
0.36428
0.29568
0.24227
0.31862
0.29396
0.24303
0.26296
0.31891
0.27748
0.23812
0.25021
0.29223
0.27906
0.27759
0.22286
0.31081
0.29531
0.25897
0.34049
0.19232
0.31655
0.34044
0.30040
0.33283
0.30267
0.31987
0.22456
0.28460
0.31947
0.24035
0.30843
0.30286
0.26583
0.29561
0.31627
0.18200
0.30979
0.24788
0.26664
0.32020
0.29526
0.27351
0.21176
0.27806
0.33436
0.15172
0.25846
0.21232
0.23434
0.20208
0.38009
0.31747
0.29796
0.18957
0.35471
0.27439
0.27616
0.35546
0.24753
0.31254
0.27696
0.25272
0.29355
0.21833
0.35959
0.30383
0.23990
0.16782
0.34124
0.22959
0.25871
0.27710
0.26778
0.33437
0.30826
0.21049
0.32499
0.31575
0.18416
0.21032
0.30858
0.20099
0.21081
0.18322
0.30714
0.32425
0.28109
0.28223
0.24989
0.30709
0.22138
0.27150
0.29629
0.30087
0.21756
0.28962
0.28406
0.22017
0.18970
0.36946
0.28150
0.23010
0.32520
0.31842
0.28224
0.36326
0.29294
0.22078
0.28287
0.23387
0.29016
0.33478
0.29773
0.26873
0.23979
0.17625
0.29277
0.23017
0.32540
0.21681
0.26337
0.29970
0.27068
0.20294
0.25162
0.27866
0.21675
0.32059
0.19984
0.23439
0.24463
0.25459
0.22674
0.30110
0.31726
0.32672
0.27703
0.23934
0.28986
0.24233
0.22469
0.23753
0.28910
0.30256
0.19002
0.19701
0.29967
0.26462
0.22458
0.17517
0.22289
0.25965
0.22677
0.26941
0.25996
0.31983
0.18826
0.27205
0.27692
0.29633
0.20804
0.28738
0.29810
0.27469
0.39597
0.21670
0.29146
0.24171
0.34035
0.28547
0.30593
0.28715
0.30738
0.26492
0.22744
0.32581
0.24603
0.28633
0.26665
0.26297
0.31962
0.26076
0.26269
0.25312
0.32700
0.25609
0.26555
0.23846
0.28259
0.28956
0.27697
0.24647
0.24011
0.24041
0.31308
0.21309
0.30461
0.26211
0.26209
0.28846
0.25652
0.27455
0.16690
0.21879
0.28586
0.29378
0.27532
0.27654
0.29138
0.27568
0.25625
0.26556
0.29336
0.28266
0.26749
0.26645
0.21923
0.31527
0.28002
0.26434
0.29007
0.23711
0.32128
0.33010
0.22875
0.20843
0.28288
0.26887
0.30522
0.26480
0.23790
0.34431
0.34580
0.16400
0.23991
0.29746
0.27696
0.29485
0.30704
0.31157
0.25778
0.21543
0.21607
0.29356
0.27155
0.36369
0.29425
0.31630
0.29478
0.22746
0.26312
0.29028
0.27726
0.18823
0.32212
0.22253
0.24556
0.33157
0.31833
0.25591
0.25114
0.28522
0.26807
0.33144
0.32277
0.26883
0.25899
0.23024
0.30405
0.29579
0.14618
0.29906
0.22034
0.25495
0.28256
0.25247
0.27442
0.22842
0.26313
0.23307
0.25391
0.25598
0.30267
0.28382
0.27147
0.20595
0.26841
0.24733
0.23655
0.20783
0.32999
0.28651
0.34052
0.26428
0.27335
0.31485
0.26960
0.26205
0.28708
0.21424
0.33004
0.27542
0.31676
0.27817
0.29019
0.34193
0.26281
0.26364
0.31097
0.17186
0.22762
0.30192
0.23179
0.29804
0.29287
0.29373
0.33473
0.36583
0.27696
0.30710
0.27513
0.29065
0.29314
0.35179
0.27255
0.29219
0.32599
0.31626
0.27021
0.32569
0.35779
0.25050
0.25747
0.32026
0.23808
0.31857
0.33156
0.22206
0.25728
0.33061
0.23291
0.26374
0.31519
0.28834
0.22892
0.28317
0.26774
0.27633
0.28753
0.33677
0.29935
0.25416
0.31108
0.28570
0.30117
0.29039
0.28118
0.16274
0.33081
0.32334
0.34841
0.33979
0.32442
0.40067
0.41432
0.27239
0.20228
0.31117
0.37499
0.25470
0.22167
0.29806
0.34608
0.26083
0.23163
0.33340
0.24498
0.26631
0.25292
0.31362
0.36289
0.43256
0.27022
0.29845
0.27747
0.39591
0.28513
0.30461
0.30369
0.36106
0.25427
0.19876
0.30109
0.45832
0.27652
0.42053
0.40637
0.22936
0.30138
0.35085
0.31688
0.30252
0.24309
0.27624
0.19407
0.30412
0.31722
0.29713
0.29413
0.36948
0.29567
0.27761
0.25379
0.18000
0.25712
0.37232
0.23533
0.12473
0.35053
0.20955
0.19841
0.38669
0.16478
0.25736
0.23019
0.27250
0.21005
0.44130
0.20252
0.32931
0.35873
0.26695
0.23907
0.26666
0.25920
0.18974
0.35404
0.19101
0.37811
0.35026
0.27508
0.23462
0.24743
0.34262
0.28285
0.21582
0.34071
0.41821
0.33529
0.31091
0.34590
0.37743
0.21751
0.27133
0.30467
0.38703
0.18337
0.24419
0.19551
0.37182
0.27761
0.25421
0.24699
0.32200
0.36460
0.23657
0.27950
0.34675
0.30323
0.31368
0.26498
0.38250
0.29243
0.26243
0.27890
0.30394
0.33913
0.24785
0.30696
0.24292
0.34828
0.26212
0.25790
0.31885
0.28110
0.20702
0.28799
0.16828
0.25856
0.20659
0.19196
0.18743
0.26971
0.21075
0.29671
0.21960
0.23709
0.32615
0.23235
0.17809
0.18562
0.09122
0.30249
0.23915
0.20362
0.31653
0.20027
0.18687
0.21735
0.22223
0.18087
0.18013
0.26976
0.27742
0.21546
0.23088
0.27370
0.19193
0.33718
0.23586
0.18664
0.09480
0.20683
0.27372
0.20554
0.23953
0.19416
0.27790
0.16816
0.16428
0.13781
0.21850
0.27538
0.15870
0.28294
0.23430
0.28117
0.23770
0.30021
0.22817
0.17157
0.29778
0.14279
0.15798
0.31022
0.14855
0.29375
0.23848
0.19600
0.21865
0.19243
0.25393
0.22313
0.10337
0.16878
0.19208
0.22154
0.24999
0.26055
0.19784
0.26530
0.16584
0.22832
0.28357
0.25943
0.21817
0.20473
0.31276
0.17550
0.12510
0.18718
0.23785
0.19103
0.26534
0.29640
0.19550
0.34713
0.24610
0.31316
0.20823
0.20130
0.25630
0.16055
0.25238
0.16460
0.18242
0.20603
0.21440
0.30034
0.19703
0.20407
0.19038
0.21558
0.25739
0.21578
0.30101
0.18573
0.25397
0.33383
0.22701
0.27412
0.21045
0.18310
0.10117
0.22851
0.17479
0.15408
0.19403
0.30417
0.15549
0.19927
0.18959
0.18058
0.15735
0.24587
