0.13584
0.10246
0.09870
0.26023
0.07681
0.14429
0.22637
0.16064
0.18769
0.08837
0.22000
0.13507
0.16846
0.11820
0.19841
0.23774
0.12815
0.17735
0.06685
0.13722
0.28865
0.14235
0.17652
0.09341
0.21536
0.18498
0.17030
0.25219
0.11462
0.18419
0.16465
0.27533
0.14912
0.10606
0.14179
0.09486
0.12637
0.11847
0.15903
0.17266
0.32953
0.28096
0.16063
0.18304
0.29695
0.21697
0.19665
0.27568
0.20932
0.17822
0.10296
0.15952
0.12977
0.27945
0.09269
0.22589
0.23269
0.16471
0.12548
0.12526
0.27339
0.26233
0.13271
0.20150
0.28345
0.30858
0.07197
0.17361
0.09564
0.06219
0.13908
0.30166
0.33100
0.18024
0.27318
0.11112
0.07088
0.06309
0.22446
0.14451
0.30269
0.16575
0.34810
0.26400
0.27130
0.33890
0.09289
0.15572
0.17626
0.28737
0.32726
0.17698
0.10429
0.23210
0.08274
0.17276
0.21789
0.21135
0.20559
0.18396
0.09847
0.18922
0.11750
0.12312
0.25890
0.28737
0.18284
0.15800
0.19962
0.28932
0.06223
0.24446
0.10716
0.21485
0.11012
0.16345
0.26136
0.06707
0.07415
0.19757
0.27248
0.09246
0.29166
0.02435
0.11860
0.15526
0.27602
0.26565
0.18192
0.24529
0.13966
0.12007
0.31614
0.33040
0.09569
0.15618
0.09543
0.29350
0.29396
0.14690
0.20336
0.06996
0.30432
0.24400
0.13174
0.22367
0.12498
0.35874
0.20473
0.09027
0.16908
0.30930
0.11777
0.30689
0.30751
0.29761
0.13936
0.21146
0.14568
0.21238
0.25378
0.29546
0.28983
0.32387
0.08849
0.14212
0.32477
0.28326
0.09812
0.25162
0.07277
0.25673
0.22684
0.06734
0.13539
0.23946
0.14297
0.10894
0.20604
0.27258
0.12499
0.11059
0.21355
0.21547
0.14411
0.21127
0.23582
0.26128
0.24350
0.20241
0.12693
0.09120
0.08526
0.17974
0.18503
0.22642
0.25244
0.19978
0.13350
0.27437
0.20181
0.14302
0.22494
0.16010
0.08852
0.25452
0.14416
0.21737
0.25044
0.13191
0.25581
0.24512
0.13709
0.26093
0.23796
0.22587
0.11994
0.24927
0.24693
0.32692
0.13573
0.22519
0.14866
0.09163
0.12472
0.07076
0.19265
0.19520
0.16184
0.11089
0.22984
0.13149
0.24195
0.14696
0.10664
0.27265
0.12008
0.07475
0.09976
0.28374
0.10661
0.28133
0.15880
0.11453
0.15931
0.23037
0.11357
0.06428
0.14736
0.11311
0.10290
0.15445
0.16047
0.26656
0.14860
0.15988
0.19253
0.09237
0.09877
0.13564
0.21322
0.17895
0.22926
0.22929
0.15530
0.20934
0.29608
0.09046
0.19648
0.05236
0.12135
0.11979
0.10355
0.07371
0.36501
0.20048
0.09026
0.23376
0.22290
0.08459
0.15415
0.31657
0.16481
0.09967
0.30059
0.11137
0.22062
0.20937
0.16965
0.16474
0.10275
0.14741
0.21512
0.22827
0.19352
0.09694
0.18174
0.17240
0.19377
0.16336
0.33237
0.24645
0.24960
0.18253
0.12909
0.28755
0.32950
0.34071
0.05361
0.28854
0.11480
0.30830
0.16436
0.14353
0.12895
0.12288
0.10684
0.16623
0.23082
0.08620
0.13472
0.07052
0.28470
0.15560
0.26189
0.19359
0.23175
0.27005
0.16293
0.08514
0.26412
0.22112
0.36887
0.24137
0.29977
0.21641
0.26445
0.27477
0.27772
0.26644
0.05635
0.09899
0.16951
0.23992
0.06157
0.09148
0.21643
0.18567
0.25824
0.13217
0.18997
0.12882
0.27001
0.29131
0.25055
0.21161
0.32155
0.15949
0.13082
0.30010
0.10002
0.22114
0.06741
0.08331
0.22680
0.05559
0.26045
0.34228
0.09599
0.13447
0.16987
0.25031
0.11366
0.06690
0.13580
0.12118
0.10251
0.11990
0.19004
0.10687
0.28456
0.19761
0.23718
0.15205
0.17880
0.29881
0.20622
0.27435
0.35878
0.19598
0.30134
0.30826
0.27876
0.32041
0.29063
0.21233
0.36474
0.23940
0.25120
0.25170
0.20865
0.28785
0.20195
0.37306
0.33325
0.22307
0.24294
0.26148
0.25717
0.34632
0.26590
0.21917
0.32209
0.31461
0.20362
0.23620
0.34397
0.28039
0.23649
0.24425
0.27835
0.31725
0.26435
0.22192
0.35345
0.25358
0.23292
0.30500
0.19672
0.31212
0.35766
0.30236
0.29388
0.30367
0.28674
0.25282
0.27674
0.34256
0.20044
0.27879
0.32636
0.27060
0.31183
0.30267
0.21829
0.29026
0.25995
0.28827
0.31972
0.29228
0.24986
0.19312
0.29386
0.36178
0.11288
0.27637
0.21914
0.21234
0.20742
0.35026
0.29509
0.32790
0.16858
0.35313
0.28363
0.28588
0.36767
0.30540
0.29547
0.28981
0.23673
0.28162
0.19621
0.36414
0.28971
0.26519
0.19914
0.33024
0.21429
0.26474
0.29925
0.25530
0.35338
0.33038
0.22323
0.33888
0.33365
0.17746
0.18128
0.29243
0.19258
0.19402
0.14668
0.28525
0.35026
0.26669
0.27546
0.24824
0.29743
0.21215
0.29844
0.28169
0.27469
0.23471
0.28520
0.27604
0.22338
0.19565
0.34949
0.27527
0.20395
0.32371
0.32067
0.25205
0.35513
0.31619
0.23246
0.29288
0.19448
0.30134
0.29767
0.26124
0.27707
0.22063
0.15902
0.33070
0.20381
0.26991
0.22226
0.25832
0.31325
0.28721
0.20065
0.24758
0.28742
0.18412
0.27936
0.20893
0.25295
0.23185
0.23353
0.23022
0.29362
0.31177
0.32853
0.23633
0.19636
0.32347
0.21712
0.21212
0.20246
0.29492
0.31166
0.16994
0.20087
0.30293
0.27737
0.21813
0.16758
0.22250
0.24950
0.22517
0.26402
0.28725
0.31507
0.18344
0.22359
0.27605
0.28089
0.18700
0.28145
0.27745
0.26382
0.37389
0.19420
0.30198
0.22852
0.36547
0.33345
0.25648
0.27144
0.29004
0.27781
0.19900
0.31984
0.30127
0.24437
0.29062
0.27270
0.33431
0.25725
0.28493
0.23224
0.33864
0.21507
0.26687
0.22403
0.25643
0.27077
0.27632
0.20276
0.23882
0.26149
0.32116
0.21867
0.31282
0.24591
0.25443
0.29626
0.28237
0.27268
0.14947
0.22769
0.33745
0.34545
0.24896
0.26797
0.29852
0.26028
0.24691
0.19210
0.28914
0.30295
0.26937
0.23619
0.20912
0.27698
0.31094
0.26110
0.26552
0.20968
0.33142
0.28800
0.20044
0.21046
0.28166
0.28316
0.28657
0.26235
0.26726
0.35549
0.35918
0.16007
0.24306
0.30609
0.28431
0.27225
0.30644
0.33526
0.24123
0.19627
0.20179
0.26953
0.27150
0.36655
0.30677
0.28198
0.28227
0.24511
0.26157
0.29967
0.28186
0.18281
0.33211
0.22050
0.22718
0.34357
0.30492
0.23400
0.25766
0.26791
0.29049
0.33281
0.34268
0.26316
0.27220
0.22403
0.30058
0.32484
0.15169
0.27033
0.19827
0.23615
0.29298
0.24267
0.26215
0.23240
0.25633
0.22913
0.22765
0.24710
0.34647
0.26840
0.25995
0.21492
0.29752
0.25483
0.23488
0.21582
0.32094
0.28805
0.34795
0.25985
0.23465
0.26030
0.26655
0.22967
0.27357
0.20415
0.34177
0.26840
0.34068
0.28792
0.30139
0.34847
0.27648
0.23758
0.29973
0.22017
0.22141
0.28921
0.21169
0.28892
0.31319
0.27100
0.31071
0.38772
0.29926
0.32199
0.27166
0.30843
0.27592
0.36612
0.23617
0.26396
0.32744
0.33039
0.27451
0.33287
0.39942
0.24169
0.27026
0.34646
0.25712
0.31284
0.30282
0.25727
0.26121
0.35926
0.23460
0.26033
0.30420
0.27267
0.24998
0.24705
0.25377
0.25666
0.28595
0.30290
0.30034
0.24285
0.28922
0.27915
0.29919
0.26096
0.27983
0.16971
0.31056
0.33551
0.35098
0.30357
0.31581
0.39657
0.38224
0.27594
0.20573
0.31494
0.37193
0.28250
0.16883
0.32197
0.33939
0.26600
0.26145
0.32056
0.24265
0.26353
0.25801
0.33531
0.34965
0.40144
0.31425
0.31057
0.26638
0.38810
0.31647
0.29844
0.30761
0.36392
0.27845
0.20253
0.31475
0.45264
0.25650
0.40123
0.40309
0.22160
0.28166
0.35920
0.29376
0.30527
0.27174
0.29055
0.21227
0.29778
0.30635
0.31139
0.29152
0.37741
0.29094
0.29341
0.25226
0.22301
0.27670
0.38451
0.23452
0.12334
0.34599
0.15978
0.21173
0.39756
0.16413
0.22530
0.23012
0.29071
0.26059
0.43781
0.20260
0.32545
0.38376
0.24811
0.25948
0.25473
0.24358
0.21981
0.36915
0.18731
0.37095
0.33386
0.27330
0.25077
0.23961
0.36721
0.29760
0.21958
0.35728
0.42405
0.33144
0.29281
0.37765
0.35791
0.21564
0.25959
0.30646
0.37918
0.21258
0.25539
0.23405
0.35861
0.28076
0.26586
0.27691
0.32205
0.36004
0.23098
0.29634
0.33657
0.30057
0.29834
0.26839
0.38914
0.29013
0.25390
0.29016
0.32378
0.34307
0.28092
0.30974
0.24622
0.32790
0.24962
0.26690
0.31178
0.30355
0.23413
0.28486
0.17934
0.32384
0.21998
0.04479
0.10666
0.23716
0.17459
0.31683
0.20588
0.29020
0.34397
0.18521
0.09807
0.21717
0.06364
0.30070
0.23866
0.17942
0.28456
0.03888
0.12318
0.20195
0.23529
0.13113
0.13932
0.24310
0.26934
0.21830
0.20878
0.27211
0.08891
0.30043
0.25320
0.06147
0.11895
0.09056
0.27495
0.16244
0.27604
0.18881
0.24510
0.12116
0.11754
0.04456
0.08820
0.25802
0.16078
0.19701
0.21574
0.30040
0.15506
0.26322
0.21542
0.07900
0.26169
0.09409
0.03291
0.32720
0.18005
0.23567
0.07512
0.08340
0.20511
0.20591
0.29020
0.28725
0.05228
0.08462
0.22047
0.20815
0.21098
0.21730
0.10954
0.24108
0.22031
0.14847
0.25053
0.29991
0.14852
0.14431
0.15165
0.12388
0.06367
0.23840
0.20447
0.18396
0.24441
0.29518
0.19867
0.34039
0.24175
0.25212
0.18679
0.18372
0.21767
0.06081
0.28789
0.12418
0.06131
0.19964
0.27291
0.30143
0.23949
0.03174
0.11589
0.14452
0.20195
0.21604
0.26406
0.08674
0.20469
0.32189
0.09764
0.22762
0.09568
0.02376
0.06035
0.18935
0.08622
0.14015
0.26198
0.23254
0.10615
0.09324
0.03012
0.08962
0.12301
0.20151
