0.09723
0.09470
0.04383
0.26524
0.07041
0.14576
0.22004
0.14745
0.14529
0.07111
0.15303
0.13272
0.12318
0.11776
0.14520
0.21938
0.15339
0.10782
0.10950
0.16114
0.29609
0.15147
0.14495
0.03295
0.19061
0.13699
0.13315
0.22636
0.10602
0.15182
0.17227
0.23288
0.13558
0.10134
0.06413
0.10238
0.15673
0.08721
0.11211
0.15469
0.25925
0.28489
0.06810
0.14439
0.27948
0.19030
0.12618
0.19805
0.19943
0.13764
0.09027
0.14318
0.14014
0.25795
0.10836
0.23746
0.20070
0.12275
0.08913
0.07418
0.25805
0.29275
0.11934
0.23710
0.28825
0.32719
0.06722
0.15659
0.11436
0.03332
0.12819
0.30892
0.30543
0.20490
0.26797
0.12611
0.11223
0.04977
0.21900
0.15901
0.29882
0.13521
0.31554
0.27888
0.26516
0.33237
0.09320
0.05741
0.12521
0.24374
0.31811
0.17222
0.10185
0.23921
0.04129
0.16072
0.24292
0.21488
0.19849
0.14294
0.09189
0.19375
0.10960
0.11108
0.20380
0.30963
0.14828
0.21451
0.17017
0.30121
0.04513
0.26142
0.11362
0.24314
0.10210
0.13534
0.27689
0.07614
0.06085
0.17141
0.24128
0.06137
0.27062
0.02937
0.08428
0.15145
0.26764
0.26904
0.13789
0.24173
0.08720
0.09170
0.23114
0.33212
0.11271
0.12510
0.07762
0.28762
0.28458
0.03668
0.16635
0.06966
0.30611
0.18122
0.14170
0.25883
0.07263
0.34999
0.20736
0.08960
0.17702
0.24743
0.10825
0.29922
0.31423
0.33967
0.07892
0.11567
0.13294
0.19795
0.18460
0.17417
0.20500
0.33083
0.09495
0.09603
0.25770
0.26300
0.08505
0.26968
0.04541
0.21117
0.21714
0.02806
0.10419
0.18838
0.09692
0.06214
0.22117
0.27975
0.09256
0.10390
0.20548
0.17471
0.07485
0.12907
0.23279
0.24520
0.27262
0.16875
0.11412
0.04673
0.05128
0.14574
0.17410
0.22479
0.17431
0.15014
0.10468
0.26602
0.22941
0.07177
0.14946
0.12708
0.08242
0.13608
0.09334
0.19861
0.24361
0.13496
0.23006
0.26060
0.10150
0.23353
0.23334
0.24544
0.11712
0.21945
0.20529
0.31538
0.10328
0.20361
0.08533
0.08330
0.08550
0.06012
0.14241
0.19918
0.11216
0.07209
0.24826
0.10824
0.18514
0.09330
0.06744
0.25953
0.10766
0.05297
0.10146
0.27514
0.07049
0.29030
0.07219
0.10394
0.15529
0.20812
0.11360
0.04107
0.10899
0.09918
0.09835
0.09637
0.13684
0.28223
0.13772
0.16105
0.21232
0.03641
0.05343
0.14462
0.22053
0.16296
0.20655
0.16333
0.10721
0.24181
0.28090
0.09492
0.16556
0.07510
0.09828
0.12590
0.05975
0.03456
0.34617
0.15140
0.03268
0.20695
0.19808
0.08736
0.15682
0.35620
0.11190
0.04798
0.29933
0.13843
0.16362
0.16885
0.16446
0.16146
0.08288
0.05822
0.18510
0.21964
0.21024
0.09386
0.22729
0.11776
0.16892
0.14411
0.32472
0.27665
0.25993
0.13110
0.11150
0.30924
0.30634
0.31469
0.04728
0.27235
0.11169
0.30130
0.15318
0.07976
0.13961
0.09867
0.09491
0.17245
0.23326
0.04978
0.09853
0.08348
0.26755
0.13799
0.24736
0.14978
0.25567
0.21724
0.14168
0.03375
0.29607
0.27840
0.36450
0.15738
0.32501
0.22945
0.23107
0.27367
0.27879
0.26839
0.05799
0.07831
0.12493
0.23090
0.06359
0.07658
0.18158
0.09907
0.24973
0.09670
0.19059
0.11545
0.28336
0.25817
0.22879
0.20844
0.29201
0.11701
0.15197
0.32696
0.08476
0.17869
0.03847
0.09886
0.16996
0.08545
0.25977
0.35213
0.07011
0.07898
0.14059
0.27465
0.09946
0.05065
0.06565
0.06381
0.05823
0.05596
0.19457
0.09401
0.29763
0.11656
0.14777
0.10184
0.17118
0.27170
0.19954
0.29262
0.35738
0.19374
0.27740
0.29769
0.28976
0.29895
0.27944
0.20998
0.34341
0.26305
0.23422
0.25447
0.20972
0.29130
0.19447
0.35337
0.31953
0.24482
0.24642
0.26281
0.23603
0.36296
0.30354
0.23553
0.32029
0.31843
0.21288
0.27538
0.31268
0.27902
0.24905
0.24188
0.28618
0.30297
0.24024
0.20796
0.34164
0.26959
0.23914
0.30438
0.16620
0.31029
0.35707
0.28431
0.29485
0.30455
0.29746
0.23801
0.24693
0.31185
0.19125
0.30140
0.32471
0.24179
0.26606
0.29230
0.19257
0.30619
0.25733
0.27298
0.29070
0.29365
0.26433
0.18796
0.28887
0.36219
0.12493
0.28119
0.21505
0.22266
0.19041
0.36663
0.31359
0.30928
0.17545
0.34299
0.27216
0.29390
0.36943
0.29144
0.29929
0.28838
0.26262
0.27747
0.17078
0.34642
0.28276
0.25526
0.21243
0.31627
0.19392
0.27726
0.27899
0.24963
0.33648
0.31135
0.19521
0.31374
0.30836
0.15216
0.19186
0.28730
0.18001
0.19589
0.11787
0.31027
0.33994
0.25393
0.27020
0.24585
0.27870
0.22587
0.29784
0.27925
0.29780
0.21471
0.28059
0.28340
0.21286
0.15591
0.34755
0.24789
0.19875
0.29920
0.31906
0.24298
0.35535
0.30554
0.23873
0.26690
0.20756
0.30448
0.30742
0.22165
0.25823
0.23109
0.16101
0.31967
0.23862
0.28409
0.22624
0.30069
0.31152
0.28310
0.20614
0.22709
0.28931
0.22724
0.29099
0.19945
0.22239
0.24439
0.21982
0.20074
0.30104
0.30782
0.31193
0.25848
0.19360
0.32639
0.20828
0.18703
0.19631
0.27664
0.30397
0.15978
0.18840
0.27882
0.27822
0.19096
0.17129
0.22285
0.25244
0.20324
0.24947
0.24682
0.31727
0.17578
0.22795
0.26847
0.27696
0.19249
0.30054
0.28085
0.26632
0.37823
0.20059
0.29724
0.24436
0.36710
0.29172
0.25695
0.27574
0.28767
0.27314
0.19164
0.30968
0.29134
0.26695
0.28434
0.26699
0.32987
0.25507
0.28316
0.22048
0.34396
0.23770
0.26618
0.21834
0.26512
0.26812
0.27139
0.22590
0.27626
0.24657
0.31989
0.21584
0.29632
0.25928
0.24730
0.29955
0.27231
0.29471
0.15302
0.20132
0.31844
0.30834
0.25798
0.28872
0.29772
0.25447
0.21942
0.17439
0.29821
0.28888
0.29387
0.25316
0.18923
0.27710
0.30696
0.25696
0.27105
0.23220
0.31304
0.28406
0.18609
0.17300
0.28296
0.29645
0.29095
0.26685
0.27515
0.33731
0.35656
0.15068
0.21861
0.29994
0.29541
0.25810
0.31231
0.32201
0.22689
0.22344
0.19804
0.23899
0.29057
0.34749
0.28994
0.29310
0.29224
0.23813
0.24009
0.28760
0.28116
0.18454
0.31011
0.23252
0.23802
0.33213
0.30372
0.26088
0.23403
0.23098
0.28671
0.31921
0.32716
0.26725
0.26551
0.20051
0.28240
0.32071
0.12575
0.25011
0.17033
0.24352
0.27183
0.21847
0.27158
0.25738
0.26754
0.20688
0.21644
0.24011
0.33669
0.28947
0.24707
0.20328
0.28908
0.25451
0.22517
0.20963
0.30171
0.29008
0.34624
0.25903
0.24500
0.28328
0.25521
0.25163
0.27233
0.16790
0.32930
0.27524
0.33267
0.25424
0.29660
0.34796
0.27311
0.24540
0.30497
0.20599
0.22269
0.30680
0.20401
0.27663
0.29912
0.30058
0.32965
0.37283
0.29329
0.31831
0.28353
0.31399
0.28875
0.34326
0.22228
0.26466
0.31001
0.29641
0.29007
0.31626
0.36830
0.25426
0.27660
0.33921
0.22378
0.30156
0.32285
0.23499
0.24244
0.33789
0.23125
0.25837
0.30374
0.25811
0.26622
0.21566
0.25900
0.27864
0.28528
0.32080
0.29749
0.24552
0.30272
0.28987
0.29757
0.28593
0.28163
0.13405
0.32022
0.33718
0.34678
0.32763
0.29407
0.39099
0.38976
0.25071
0.17202
0.30711
0.38330
0.27310
0.20113
0.29954
0.32796
0.21674
0.22143
0.31693
0.26444
0.24404
0.24133
0.34220
0.33190
0.37972
0.27244
0.29838
0.27954
0.39394
0.25826
0.29060
0.30321
0.34716
0.27998
0.14722
0.29821
0.44226
0.21394
0.39882
0.39840
0.17636
0.31228
0.37206
0.32265
0.29271
0.26536
0.28133
0.21652
0.29328
0.26480
0.28386
0.31139
0.37187
0.30168
0.29882
0.21859
0.22203
0.25287
0.38774
0.19653
0.09729
0.31460
0.14877
0.17597
0.39910
0.13131
0.22201
0.18359
0.25943
0.21328
0.43720
0.17982
0.33737
0.39776
0.24729
0.22252
0.26429
0.23996
0.19058
0.34235
0.14113
0.35568
0.33017
0.21593
0.22511
0.25169
0.34237
0.25674
0.19964
0.32795
0.40718
0.31745
0.28994
0.35314
0.35342
0.21357
0.25316
0.28446
0.37911
0.19901
0.21937
0.19709
0.35254
0.27227
0.26146
0.29470
0.33764
0.34996
0.22557
0.30108
0.30118
0.28775
0.29280
0.23534
0.37652
0.29749
0.25935
0.28475
0.32263
0.31597
0.25551
0.32100
0.23626
0.32354
0.24095
0.26907
0.28748
0.26936
0.24536
0.31230
0.21571
0.31797
0.21788
0.06534
0.18306
0.15860
0.27473
0.17964
0.20308
0.27566
0.25708
0.20400
0.07175
0.17705
0.03534
0.29172
0.23133
0.19696
0.31290
0.05592
0.11518
0.19226
0.13080
0.04812
0.11052
0.21743
0.26838
0.18368
0.21411
0.23372
0.08943
0.30543
0.24551
0.03614
0.03371
0.11614
0.21058
0.14005
0.25433
0.19435
0.26823
0.05539
0.08865
0.11090
0.07570
0.23813
0.16770
0.08301
0.14714
0.29025
0.11984
0.24961
0.21424
0.09609
0.29704
0.09401
0.04687
0.19521
0.19637
0.26730
0.05821
0.04907
0.20865
0.20374
0.29345
0.28539
0.01263
0.06456
0.17151
0.22498
0.15578
0.13978
0.08388
0.23908
0.11513
0.08358
0.22615
0.27199
0.16272
0.08146
0.16786
0.05369
0.04454
0.17541
0.08275
0.18938
0.24812
0.23894
0.20173
0.30544
0.26832
0.24086
0.19233
0.21581
0.15702
0.07336
0.25989
0.08088
0.04564
0.24002
0.24474
0.29714
0.29800
0.04245
0.16669
0.13904
0.19771
0.22458
0.25242
0.06598
0.20439
0.32757
0.10721
0.21563
0.11719
0.02252
0.01038
0.12363
0.08314
0.04395
0.23182
0.30000
0.09356
0.14405
0.03407
0.05712
0.04593
0.29457
