0.08845
0.11389
0.07516
0.22862
0.08827
0.13723
0.21548
0.12491
0.17960
0.04551
0.16107
0.11856
0.13978
0.11434
0.09630
0.22300
0.10134
0.11605
0.04244
0.16578
0.29368
0.10385
0.14051
0.06877
0.22692
0.13068
0.13564
0.22931
0.11619
0.16321
0.12619
0.26652
0.16653
0.11479
0.09930
0.10063
0.13672
0.08177
0.10186
0.14641
0.29528
0.27658
0.05600
0.09833
0.28850
0.19062
0.13015
0.23806
0.19871
0.15786
0.12247
0.10105
0.16918
0.24059
0.09453
0.23833
0.23788
0.09905
0.09423
0.08572
0.24535
0.29562
0.09630
0.21527
0.27263
0.30016
0.06578
0.16214
0.09261
0.01396
0.12223
0.30357
0.30201
0.19439
0.22480
0.09261
0.09303
0.05790
0.20147
0.16704
0.32752
0.13477
0.29286
0.28374
0.22546
0.35182
0.10003
0.11664
0.13260
0.22055
0.34356
0.16778
0.04757
0.25892
0.04812
0.17038
0.15772
0.22986
0.18417
0.15401
0.10029
0.17775
0.12967
0.12062
0.22212
0.27321
0.09700
0.17150
0.14617
0.29161
0.01325
0.26789
0.07718
0.22620
0.11788
0.10087
0.28946
0.05857
0.06228
0.13440
0.24983
0.05831
0.28908
0.03805
0.09578
0.12267
0.27456
0.27020
0.14893
0.22947
0.08287
0.10112
0.29138
0.34352
0.11341
0.16147
0.09630
0.28901
0.26605
0.04284
0.19075
0.05134
0.31291
0.18759
0.14269
0.28542
0.06510
0.33202
0.18009
0.08999
0.20083
0.23170
0.11341
0.30684
0.31223
0.31189
0.09048
0.14117
0.15127
0.19687
0.27592
0.27637
0.22784
0.32586
0.10342
0.07043
0.30336
0.26527
0.03138
0.21442
0.03275
0.18544
0.23652
0.02681
0.06016
0.20762
0.05375
0.08061
0.13259
0.27421
0.06187
0.10605
0.20488
0.10915
0.09052
0.18968
0.22513
0.21169
0.23346
0.19326
0.13122
0.08440
0.04027
0.12249
0.13390
0.22497
0.19745
0.14720
0.06943
0.26466
0.19766
0.04082
0.14770
0.14660
0.05133
0.21022
0.10164
0.19579
0.24541
0.08229
0.25237
0.21902
0.09996
0.24982
0.25360
0.23787
0.12714
0.25020
0.23356
0.31032
0.09997
0.18776
0.06651
0.09617
0.08898
0.03756
0.18094
0.19543
0.12381
0.10925
0.24625
0.08264
0.24095
0.10591
0.08501
0.25417
0.11163
0.02316
0.11312
0.28652
0.08989
0.28279
0.07435
0.11416
0.16671
0.23246
0.10955
0.04602
0.09392
0.11283
0.12355
0.10290
0.07595
0.26073
0.13101
0.15255
0.20964
0.06333
0.04171
0.13630
0.16871
0.13005
0.17198
0.12008
0.09161
0.28004
0.29520
0.09920
0.13522
0.02226
0.07969
0.11824
0.06288
0.03124
0.36232
0.11414
0.06242
0.18684
0.13164
0.06647
0.10205
0.34991
0.14372
0.08162
0.30970
0.11421
0.17467
0.20753
0.17833
0.13917
0.06059
0.07102
0.16462
0.16012
0.16353
0.12770
0.13436
0.16086
0.16994
0.13697
0.31271
0.29103
0.28081
0.16593
0.11546
0.32177
0.32577
0.33352
0.04329
0.27439
0.13140
0.30750
0.17480
0.09637
0.11736
0.09483
0.09666
0.19022
0.21726
0.03211
0.03579
0.09207
0.27865
0.14356
0.20062
0.13881
0.21502
0.25045
0.14631
0.03453
0.24245
0.27075
0.34260
0.23650
0.32210
0.23680
0.24579
0.28350
0.24427
0.27258
0.05771
0.09316
0.13467
0.24758
0.03345
0.03388
0.21916
0.10192
0.24979
0.09184
0.17147
0.13683
0.29008
0.29835
0.27122
0.14108
0.31867
0.12555
0.16980
0.33616
0.04986
0.21605
0.04607
0.08917
0.22950
0.03043
0.22200
0.34122
0.09351
0.07211
0.13410
0.26705
0.12041
0.04677
0.06068
0.05024
0.07031
0.07043
0.18157
0.10047
0.27802
0.15119
0.19725
0.06381
0.20122
0.29453
0.16960
0.24416
0.34327
0.16603
0.25267
0.28857
0.25738
0.30171
0.28088
0.19911
0.33726
0.22067
0.22020
0.23950
0.20834
0.27243
0.18400
0.35145
0.33708
0.25756
0.19877
0.24229
0.20704
0.33546
0.25511
0.19773
0.30079
0.31450
0.21402
0.20788
0.31432
0.27167
0.23246
0.23494
0.25847
0.31144
0.23591
0.22011
0.34938
0.23215
0.20880
0.28272
0.18607
0.29552
0.33759
0.28334
0.28035
0.27394
0.25320
0.22389
0.25364
0.33257
0.17487
0.23827
0.30695
0.22549
0.24424
0.25848
0.18532
0.26208
0.25148
0.26993
0.30081
0.28565
0.23382
0.17373
0.28870
0.35423
0.14133
0.26755
0.19040
0.17187
0.22334
0.35535
0.30575
0.30690
0.16765
0.34706
0.26830
0.24872
0.35700
0.30367
0.26879
0.26360
0.21821
0.26224
0.19483
0.33053
0.25723
0.21795
0.15276
0.31140
0.20980
0.24857
0.28468
0.24155
0.33681
0.30333
0.18418
0.29405
0.27997
0.16199
0.15083
0.25902
0.17050
0.19822
0.15388
0.29880
0.32627
0.22134
0.23092
0.23730
0.26470
0.21651
0.26772
0.22725
0.24931
0.20283
0.27693
0.25522
0.20951
0.17716
0.33013
0.30190
0.15480
0.28252
0.31406
0.24047
0.32783
0.31206
0.21169
0.26809
0.17863
0.28902
0.28927
0.24726
0.25911
0.23403
0.17317
0.30198
0.22622
0.26774
0.19857
0.24938
0.29098
0.27376
0.19439
0.24829
0.28114
0.19779
0.26505
0.19410
0.22590
0.24190
0.21760
0.19043
0.28038
0.31770
0.31459
0.19183
0.15339
0.31886
0.21057
0.15542
0.16565
0.27588
0.31232
0.16217
0.17144
0.29233
0.25142
0.16097
0.15554
0.22175
0.24945
0.17378
0.27440
0.23460
0.27664
0.17885
0.21624
0.26665
0.24314
0.17550
0.23003
0.25027
0.25788
0.35293
0.17686
0.31302
0.22146
0.33362
0.32357
0.21231
0.25711
0.25367
0.27078
0.19182
0.30121
0.28129
0.22686
0.29015
0.25830
0.32415
0.23986
0.26974
0.21109
0.34047
0.21016
0.25127
0.23988
0.25494
0.27481
0.25673
0.19512
0.21181
0.24537
0.30217
0.21159
0.29292
0.21185
0.21856
0.27871
0.28502
0.30736
0.14616
0.18648
0.31817
0.31156
0.21024
0.24132
0.26763
0.26487
0.19662
0.19499
0.29657
0.28832
0.23486
0.23623
0.20075
0.27055
0.31304
0.24813
0.20251
0.24473
0.32146
0.25322
0.15485
0.20180
0.28423
0.27640
0.26067
0.22590
0.23813
0.34935
0.32885
0.14394
0.25477
0.31864
0.22513
0.24108
0.29069
0.32473
0.22701
0.19795
0.20935
0.24254
0.25260
0.34892
0.30585
0.28392
0.25437
0.23344
0.26724
0.28540
0.27065
0.16520
0.31919
0.24444
0.24733
0.33652
0.27897
0.21197
0.23138
0.24535
0.30033
0.30936
0.33288
0.25085
0.27488
0.19974
0.26515
0.30571
0.12586
0.22790
0.19395
0.19844
0.24803
0.23480
0.26504
0.25361
0.20995
0.21688
0.20827
0.24042
0.32589
0.23155
0.22245
0.19225
0.28418
0.25744
0.20413
0.17351
0.33552
0.28390
0.31391
0.27657
0.20711
0.24224
0.23005
0.21229
0.27015
0.16704
0.29839
0.23337
0.33363
0.25395
0.31338
0.34549
0.27316
0.21547
0.24971
0.16642
0.23332
0.25074
0.19058
0.26827
0.28013
0.24112
0.29425
0.37010
0.29618
0.32944
0.27727
0.30690
0.29931
0.34544
0.19551
0.25606
0.32368
0.31405
0.25694
0.31300
0.38659
0.22764
0.23889
0.28134
0.24217
0.31468
0.32359
0.24013
0.24760
0.33791
0.23668
0.26871
0.29815
0.23929
0.22927
0.20883
0.23022
0.25138
0.28233
0.27344
0.28974
0.23466
0.26829
0.27539
0.27844
0.24523
0.29037
0.14634
0.30105
0.31784
0.36676
0.28789
0.29975
0.40355
0.39341
0.25289
0.19667
0.29438
0.38974
0.29485
0.24256
0.26504
0.35558
0.23742
0.20094
0.32808
0.21152
0.27100
0.24787
0.31496
0.36859
0.42771
0.28118
0.28663
0.24268
0.36381
0.29875
0.31041
0.26393
0.34755
0.25601
0.19440
0.31236
0.45504
0.25930
0.40042
0.40979
0.19581
0.26545
0.35630
0.31731
0.28497
0.24088
0.24795
0.22988
0.28684
0.30345
0.32446
0.30983
0.37304
0.25854
0.27298
0.24701
0.19213
0.21215
0.38490
0.24174
0.14381
0.32848
0.17621
0.20106
0.39407
0.17228
0.26852
0.23336
0.27319
0.22924
0.43257
0.20387
0.31913
0.37032
0.25134
0.24315
0.24306
0.24534
0.21867
0.35197
0.17743
0.36369
0.35965
0.20479
0.25950
0.19212
0.33645
0.27669
0.21539
0.34136
0.40445
0.33924
0.28486
0.34446
0.36582
0.17547
0.25705
0.27940
0.39149
0.20201
0.22423
0.27100
0.36039
0.25479
0.26360
0.25637
0.31605
0.38623
0.21845
0.27026
0.31353
0.28362
0.27489
0.24197
0.39045
0.26215
0.28568
0.26378
0.29169
0.33252
0.27173
0.28627
0.24307
0.30129
0.26625
0.20510
0.28977
0.30803
0.19516
0.28224
0.18885
0.30244
0.18769
0.03748
0.15193
0.14518
0.23826
0.18269
0.19160
0.24323
0.34576
0.19639
0.04018
0.20022
0.02701
0.20466
0.28451
0.20252
0.25445
0.02366
0.14295
0.21373
0.08952
0.05787
0.11438
0.22469
0.24568
0.12660
0.21403
0.21411
0.06626
0.26771
0.14105
0.05375
0.06803
0.11852
0.26826
0.16616
0.20965
0.19222
0.27566
0.06941
0.05938
0.04832
0.06772
0.26275
0.11746
0.12387
0.24324
0.27915
0.10210
0.21474
0.22827
0.03212
0.24200
0.08953
0.05868
0.23114
0.19647
0.28787
0.09657
0.04863
0.20479
0.22691
0.28966
0.23633
0.06233
0.07665
0.20128
0.21064
0.16384
0.17470
0.11551
0.27319
0.19965
0.10117
0.26745
0.29375
0.08710
0.11868
0.13037
0.07187
0.00586
0.23608
0.07073
0.21106
0.23834
0.24523
0.19972
0.31778
0.27860
0.19098
0.19951
0.19935
0.13783
0.03392
0.24296
0.13534
0.08990
0.12936
0.23527
0.19293
0.24072
0.04921
0.05206
0.13998
0.17635
0.22327
0.24822
0.07133
0.20970
0.29970
0.14742
0.25064
0.08706
0.03815
0.02121
0.12821
0.06364
0.05532
0.16720
0.26838
0.09474
0.10093
0.02817
0.08026
0.05280
0.22543
