0.07915
0.12014
0.04028
0.24043
0.07529
0.15136
0.22481
0.13337
0.12086
0.04302
0.18759
0.13030
0.12140
0.12752
0.05914
0.22261
0.09998
0.10669
0.08616
0.15767
0.30634
0.10317
0.11922
0.03205
0.20339
0.15156
0.13571
0.27974
0.07968
0.12409
0.15090
0.22677
0.14920
0.12821
0.08036
0.09881
0.11376
0.06529
0.10773
0.13383
0.29411
0.26193
0.06833
0.12296
0.28396
0.24528
0.14722
0.22613
0.16078
0.12373
0.09452
0.14595
0.15382
0.31288
0.09814
0.24500
0.17649
0.10880
0.13518
0.07293
0.28951
0.25241
0.12023
0.20161
0.26929
0.30648
0.03262
0.20004
0.08396
0.04827
0.13087
0.29685
0.32100
0.20083
0.27024
0.12855
0.06295
0.02638
0.21515
0.22083
0.33192
0.19233
0.30715
0.26051
0.29427
0.35122
0.09309
0.07313
0.10418
0.26677
0.33858
0.17600
0.09373
0.24069
0.03680
0.12520
0.22366
0.22547
0.19991
0.15791
0.09471
0.15144
0.13197
0.11094
0.22124
0.28434
0.13165
0.15115
0.16276
0.25695
0.02655
0.25740
0.04225
0.20963
0.12591
0.16943
0.27413
0.05441
0.06772
0.14431
0.22385
0.06361
0.25768
0.01537
0.07792
0.13483
0.34904
0.25813
0.14130
0.25832
0.05986
0.10879
0.28619
0.36183
0.09892
0.11256
0.03694
0.27642
0.23570
0.06962
0.15898
0.02169
0.28218
0.13897
0.14989
0.24934
0.08098
0.34087
0.17391
0.08886
0.16336
0.25898
0.12899
0.31415
0.29843
0.33857
0.10644
0.16180
0.13541
0.17127
0.25782
0.24046
0.30703
0.32422
0.08072
0.07965
0.30193
0.26217
0.07051
0.26483
0.04463
0.19830
0.17557
0.03605
0.07780
0.22993
0.04494
0.04801
0.12706
0.24779
0.07642
0.11762
0.23226
0.12496
0.11168
0.13350
0.18727
0.23512
0.24998
0.17873
0.08119
0.04087
0.01823
0.10969
0.11713
0.25542
0.21865
0.16029
0.06725
0.28433
0.18984
0.08235
0.15292
0.14911
0.03717
0.21577
0.06832
0.18234
0.24812
0.06686
0.23844
0.22002
0.09647
0.27092
0.27285
0.23544
0.13851
0.27935
0.18940
0.33579
0.11632
0.14249
0.13245
0.05745
0.10630
0.06960
0.13510
0.20951
0.13063
0.05694
0.26645
0.09760
0.24546
0.10744
0.06238
0.27050
0.13419
0.02730
0.10313
0.27633
0.09115
0.30044
0.08302
0.12274
0.14321
0.21757
0.10812
0.07204
0.08999
0.10087
0.11352
0.09273
0.11839
0.28922
0.16304
0.15509
0.21326
0.04153
0.08520
0.15125
0.19822
0.15713
0.19483
0.14813
0.13697
0.22168
0.29372
0.09936
0.13650
0.03974
0.06602
0.13048
0.06838
0.02827
0.38018
0.18702
0.08620
0.22618
0.13927
0.06145
0.10883
0.34311
0.14450
0.05677
0.29886
0.12079
0.21667
0.16190
0.17770
0.13403
0.09996
0.10451
0.17729
0.19690
0.16564
0.09809
0.22267
0.14209
0.20922
0.11986
0.32664
0.24621
0.26020
0.11937
0.12923
0.31042
0.33089
0.32407
0.05696
0.29327
0.11993
0.26823
0.09124
0.05568
0.12075
0.09378
0.08698
0.17386
0.26241
0.08449
0.10563
0.06832
0.27007
0.12287
0.22512
0.11596
0.25940
0.20690
0.12473
0.07271
0.24748
0.24285
0.34807
0.30397
0.32245
0.22826
0.22524
0.28050
0.28397
0.27921
0.04665
0.07426
0.11078
0.21499
0.05382
0.05602
0.19692
0.14820
0.18087
0.07290
0.16071
0.11928
0.26360
0.25190
0.28346
0.19009
0.30198
0.11561
0.15322
0.28598
0.08421
0.19582
0.04349
0.05754
0.22817
0.05108
0.21528
0.34186
0.06475
0.08507
0.14034
0.25978
0.11851
0.04531
0.04888
0.09141
0.07285
0.05426
0.20480
0.04678
0.26674
0.13952
0.19258
0.07489
0.17890
0.27358
0.21299
0.26508
0.33147
0.18463
0.26705
0.29573
0.30968
0.32605
0.26760
0.24999
0.33850
0.28630
0.20566
0.25723
0.22315
0.29674
0.18461
0.36202
0.30882
0.25692
0.27202
0.26190
0.25293
0.34962
0.29155
0.25261
0.29097
0.32379
0.23624
0.26658
0.30754
0.26707
0.23521
0.25407
0.29989
0.29099
0.26131
0.23401
0.33399
0.30708
0.27363
0.33497
0.20966
0.29271
0.33543
0.29676
0.31191
0.30688
0.29649
0.24038
0.29117
0.32815
0.24269
0.29754
0.31013
0.25722
0.27274
0.29091
0.20253
0.30137
0.26943
0.27910
0.31217
0.26115
0.28335
0.17692
0.28352
0.33458
0.13456
0.28721
0.23277
0.18992
0.19232
0.36419
0.29719
0.30948
0.16845
0.33880
0.27361
0.26374
0.35979
0.31099
0.29918
0.26836
0.23660
0.28177
0.18550
0.34456
0.29667
0.26338
0.18335
0.33154
0.21995
0.25150
0.29424
0.23557
0.32812
0.32374
0.19247
0.30124
0.30665
0.19558
0.14999
0.30697
0.17856
0.18678
0.16486
0.31648
0.33529
0.29895
0.26378
0.24169
0.30369
0.21374
0.28012
0.27975
0.29236
0.19982
0.27014
0.29668
0.21384
0.17386
0.36379
0.27682
0.20612
0.31180
0.30761
0.25606
0.36875
0.30545
0.21041
0.29363
0.20732
0.29371
0.32707
0.28713
0.26536
0.23143
0.15924
0.33077
0.19995
0.31669
0.20565
0.27703
0.31756
0.27598
0.19601
0.21559
0.28976
0.20466
0.30501
0.18493
0.23440
0.22099
0.22997
0.23651
0.29668
0.30819
0.31836
0.27865
0.21711
0.31599
0.20840
0.22932
0.21481
0.28747
0.31491
0.15896
0.18795
0.28404
0.26648
0.22507
0.16188
0.21046
0.27425
0.22936
0.25268
0.25781
0.32313
0.16539
0.23530
0.27555
0.28727
0.17198
0.30350
0.26886
0.24869
0.38435
0.18975
0.32437
0.21312
0.33666
0.28374
0.29355
0.26962
0.29018
0.26459
0.18459
0.30997
0.28528
0.29125
0.26675
0.27551
0.32831
0.21918
0.27975
0.22711
0.32222
0.23556
0.30392
0.22642
0.26897
0.29037
0.27578
0.21988
0.25393
0.23923
0.31776
0.22934
0.32327
0.22888
0.27575
0.28358
0.25079
0.29662
0.14542
0.22421
0.31402
0.30737
0.27441
0.29590
0.33048
0.25915
0.26518
0.23600
0.29751
0.28592
0.28354
0.25114
0.18110
0.30834
0.29833
0.24177
0.28100
0.27808
0.32651
0.29782
0.19439
0.20633
0.27904
0.29168
0.29104
0.28576
0.24508
0.32866
0.33865
0.14549
0.22752
0.29320
0.27880
0.28998
0.30110
0.34180
0.21336
0.21486
0.19574
0.27075
0.28902
0.35255
0.29185
0.27107
0.29807
0.23359
0.26778
0.28418
0.27279
0.17970
0.31839
0.25003
0.24852
0.31904
0.31416
0.28227
0.21363
0.27150
0.27137
0.33876
0.32716
0.24222
0.26084
0.20387
0.31387
0.32409
0.13663
0.27640
0.19297
0.26180
0.26864
0.23160
0.30128
0.20979
0.28555
0.22204
0.25078
0.24698
0.32477
0.31125
0.27937
0.18854
0.27628
0.25329
0.21744
0.20887
0.33010
0.28156
0.32510
0.26616
0.28094
0.29993
0.26309
0.24891
0.26954
0.16785
0.31789
0.25605
0.33630
0.26221
0.29813
0.32511
0.25928
0.26273
0.31172
0.17539
0.21724
0.29882
0.21298
0.31071
0.30304
0.30824
0.33377
0.37813
0.29907
0.32260
0.28150
0.30080
0.27744
0.34323
0.27543
0.27113
0.31130
0.29975
0.29731
0.32090
0.37279
0.22716
0.26825
0.32141
0.25883
0.30054
0.33941
0.22905
0.24151
0.31324
0.23741
0.28527
0.30734
0.32445
0.24843
0.25356
0.23443
0.25035
0.28326
0.33845
0.28702
0.27555
0.28734
0.27850
0.30410
0.27472
0.28393
0.13499
0.29285
0.32897
0.34617
0.29865
0.29085
0.42887
0.42324
0.27190
0.17079
0.29947
0.40518
0.30550
0.21328
0.29150
0.32768
0.24717
0.21212
0.32452
0.24349
0.27282
0.26760
0.34580
0.36536
0.42728
0.27492
0.32497
0.27234
0.40536
0.26853
0.29511
0.28937
0.34406
0.26870
0.17078
0.32346
0.46639
0.24248
0.41963
0.43480
0.21350
0.30032
0.34640
0.33993
0.29627
0.24662
0.26636
0.23899
0.28405
0.32230
0.31765
0.29429
0.38796
0.29273
0.27745
0.23490
0.16724
0.25058
0.40458
0.22441
0.11982
0.33949
0.17117
0.22005
0.40898
0.14153
0.25011
0.20100
0.28377
0.22375
0.43059
0.17840
0.33300
0.37777
0.25941
0.24245
0.24753
0.27226
0.20755
0.35652
0.16733
0.36042
0.36096
0.25481
0.26941
0.22968
0.32944
0.29436
0.20474
0.33964
0.41490
0.34219
0.30027
0.34814
0.38882
0.20692
0.25969
0.28764
0.39491
0.20686
0.22529
0.23801
0.37124
0.26424
0.26612
0.26991
0.33212
0.36881
0.23686
0.27375
0.33908
0.27278
0.28998
0.26994
0.37890
0.29390
0.27698
0.27744
0.30231
0.34479
0.27367
0.31435
0.24042
0.33561
0.26176
0.23362
0.31500
0.31407
0.23090
0.27482
0.24003
0.23104
0.22119
0.06574
0.11363
0.19727
0.22541
0.29598
0.21755
0.24588
0.35949
0.15376
0.03573
0.10416
0.02921
0.27179
0.27656
0.20206
0.30321
0.03333
0.10572
0.21598
0.20160
0.06605
0.09173
0.21590
0.29329
0.15816
0.21508
0.28600
0.06689
0.34209
0.24944
0.07116
0.05012
0.17665
0.31481
0.08871
0.23875
0.18111
0.30971
0.07325
0.05451
0.05101
0.05924
0.30697
0.07915
0.11396
0.12560
0.25851
0.08167
0.26768
0.21309
0.04797
0.24615
0.03520
0.01695
0.17729
0.20582
0.24501
0.07806
0.06902
0.21203
0.20068
0.28072
0.25790
0.03722
0.04807
0.13501
0.20983
0.17273
0.15834
0.14770
0.23827
0.17244
0.11879
0.25423
0.29707
0.10190
0.13456
0.19654
0.04411
0.03829
0.14014
0.11105
0.19425
0.25181
0.25821
0.19612
0.30908
0.22755
0.21277
0.15120
0.21661
0.20132
0.02118
0.25001
0.10139
0.02773
0.20111
0.24493
0.31389
0.25486
0.04314
0.06002
0.17618
0.23989
0.24335
0.27781
0.14015
0.16028
0.30592
0.18072
0.22390
0.08152
0.01468
0.05902
0.18424
0.04771
0.08837
0.27306
0.30349
0.07107
0.06412
0.02997
0.09024
0.11591
0.27001
