0.10688
0.08920
0.04728
0.21800
0.08144
0.12124
0.24998
0.12503
0.19193
0.04941
0.17129
0.13305
0.10647
0.11751
0.14834
0.21896
0.12351
0.10574
0.04775
0.12631
0.29066
0.16701
0.14797
0.05875
0.24481
0.14347
0.09001
0.22309
0.08210
0.09692
0.12774
0.21886
0.13352
0.09228
0.09093
0.09157
0.12063
0.08576
0.12533
0.14470
0.25974
0.26011
0.08291
0.12272
0.26583
0.20973
0.14216
0.20258
0.16234
0.14133
0.09132
0.12821
0.11707
0.28326
0.08581
0.22856
0.21887
0.10384
0.14418
0.07561
0.26433
0.30361
0.12024
0.22586
0.28621
0.29165
0.03212
0.18926
0.07523
0.03675
0.13292
0.31211
0.25958
0.15911
0.22750
0.09419
0.08485
0.05769
0.21894
0.17109
0.31142
0.14938
0.32988
0.28603
0.27118
0.36260
0.09509
0.08046
0.13123
0.25502
0.31915
0.23609
0.06531
0.25793
0.05193
0.18563
0.20470
0.23115
0.21013
0.16698
0.09177
0.18982
0.10260
0.11235
0.19385
0.29164
0.15376
0.14476
0.19506
0.28566
0.01899
0.25248
0.08639
0.26544
0.09477
0.17462
0.26562
0.03594
0.06600
0.19252
0.23790
0.09056
0.28268
0.01964
0.09484
0.12250
0.31341
0.26975
0.16538
0.26985
0.12713
0.11896
0.30088
0.28995
0.09078
0.14173
0.04814
0.27009
0.26843
0.04952
0.16231
0.04964
0.30664
0.18204
0.09245
0.28919
0.08247
0.35148
0.18862
0.09045
0.14849
0.24024
0.09942
0.34062
0.27766
0.34050
0.09999
0.12705
0.15531
0.20492
0.22745
0.26978
0.29343
0.31458
0.09362
0.12645
0.28386
0.31030
0.04040
0.23571
0.04961
0.23052
0.22766
0.04626
0.06321
0.22446
0.05284
0.06446
0.14546
0.24740
0.07067
0.10397
0.19355
0.15832
0.07086
0.16548
0.22197
0.25233
0.25580
0.18051
0.10598
0.08119
0.04630
0.16478
0.10491
0.23491
0.19886
0.17171
0.09467
0.24969
0.20825
0.05850
0.17061
0.14552
0.06735
0.22971
0.09281
0.20335
0.23202
0.09499
0.23647
0.20294
0.10904
0.25698
0.23431
0.24882
0.13428
0.22464
0.21403
0.33144
0.09212
0.17638
0.13007
0.08100
0.06596
0.05277
0.13299
0.15035
0.11258
0.03184
0.22527
0.08434
0.22180
0.11026
0.09131
0.27643
0.10746
0.05424
0.11832
0.28250
0.08190
0.26349
0.09643
0.10770
0.14043
0.20488
0.10169
0.05173
0.11252
0.10096
0.10008
0.10710
0.10196
0.25970
0.15346
0.16392
0.20603
0.05963
0.05669
0.13802
0.22562
0.14261
0.20502
0.15120
0.17886
0.21494
0.27508
0.08662
0.22920
0.06717
0.09013
0.12466
0.06688
0.02715
0.35754
0.19976
0.07735
0.21384
0.16090
0.08433
0.12127
0.33296
0.11366
0.07115
0.28121
0.11741
0.20547
0.18711
0.17636
0.12742
0.08630
0.07148
0.17221
0.22422
0.17829
0.09279
0.18537
0.15576
0.19700
0.16261
0.34436
0.27816
0.28633
0.14399
0.11771
0.28009
0.27659
0.33066
0.02700
0.26427
0.10866
0.28624
0.10701
0.07756
0.12149
0.11054
0.10814
0.14075
0.26050
0.07136
0.06994
0.03673
0.26917
0.13321
0.26112
0.14075
0.23436
0.20472
0.12446
0.06271
0.23487
0.23088
0.33998
0.24245
0.28823
0.21471
0.21697
0.28907
0.27127
0.25213
0.06176
0.05055
0.10930
0.24247
0.04877
0.03512
0.15153
0.11471
0.21262
0.08946
0.15796
0.11728
0.23909
0.25513
0.24863
0.20866
0.31417
0.12236
0.14676
0.30350
0.09346
0.19140
0.07126
0.05716
0.22136
0.05110
0.22928
0.30654
0.06199
0.08001
0.12599
0.23075
0.10255
0.04937
0.06774
0.07483
0.06332
0.07294
0.15757
0.10306
0.29626
0.12989
0.17725
0.08391
0.17345
0.30358
0.17464
0.22995
0.35866
0.16993
0.29179
0.30525
0.23675
0.28489
0.28542
0.19565
0.35900
0.23134
0.24599
0.19906
0.23088
0.25272
0.18828
0.37353
0.33701
0.25207
0.22653
0.24694
0.19211
0.34049
0.26001
0.19987
0.32017
0.33993
0.18259
0.19079
0.33879
0.27416
0.25733
0.25575
0.24332
0.31820
0.22558
0.22182
0.35957
0.21974
0.20533
0.29366
0.18097
0.29744
0.35430
0.28680
0.27830
0.26818
0.23047
0.24028
0.23179
0.33636
0.16833
0.23928
0.32850
0.21260
0.23088
0.29796
0.19520
0.27714
0.25774
0.28793
0.31964
0.30174
0.22104
0.19169
0.29505
0.36618
0.14724
0.27082
0.18447
0.16627
0.20076
0.36171
0.30661
0.34191
0.16098
0.36113
0.27616
0.28227
0.37474
0.31528
0.25236
0.28787
0.24338
0.27927
0.18720
0.36941
0.23347
0.21416
0.17228
0.32551
0.20404
0.26848
0.29083
0.26799
0.35729
0.32889
0.23602
0.32729
0.32883
0.17342
0.16062
0.24821
0.18618
0.18313
0.13578
0.28699
0.35755
0.22485
0.21384
0.24449
0.25292
0.21042
0.24243
0.22219
0.23960
0.20470
0.28559
0.22800
0.23818
0.20150
0.34050
0.29925
0.16958
0.26823
0.32299
0.25952
0.34898
0.31081
0.24034
0.24778
0.22044
0.29973
0.30059
0.23637
0.28235
0.23263
0.15901
0.29472
0.23438
0.27074
0.24247
0.23497
0.27047
0.29851
0.22815
0.24056
0.28701
0.22932
0.25790
0.19864
0.21630
0.22080
0.22930
0.18201
0.30574
0.32850
0.32948
0.18685
0.19365
0.33515
0.21026
0.17104
0.17620
0.30314
0.32022
0.16560
0.19601
0.28497
0.23143
0.16545
0.15982
0.23617
0.26976
0.18670
0.24258
0.21935
0.26882
0.18901
0.19931
0.27546
0.25114
0.21054
0.24693
0.26529
0.25984
0.35791
0.19492
0.31034
0.23573
0.36718
0.31888
0.22199
0.27152
0.24902
0.27209
0.18865
0.31183
0.27905
0.20762
0.30029
0.28338
0.34713
0.23255
0.30571
0.21624
0.35256
0.18728
0.24898
0.22005
0.20851
0.27087
0.25640
0.22022
0.19911
0.26120
0.31211
0.19454
0.30355
0.24065
0.22173
0.30623
0.29037
0.29465
0.14738
0.17497
0.33356
0.33912
0.20136
0.23064
0.25383
0.26835
0.21739
0.16336
0.30957
0.28321
0.21205
0.26077
0.20468
0.26444
0.31884
0.27179
0.19364
0.24004
0.34075
0.24212
0.15375
0.19039
0.29932
0.28147
0.25232
0.25685
0.25101
0.34855
0.36291
0.16519
0.22481
0.32989
0.23720
0.21402
0.30287
0.34345
0.24117
0.18371
0.17536
0.21701
0.22048
0.36254
0.29993
0.29574
0.24129
0.24676
0.25676
0.30926
0.29452
0.17211
0.33914
0.21092
0.25726
0.34661
0.30305
0.21088
0.24443
0.21512
0.29480
0.30477
0.34500
0.24976
0.28359
0.22133
0.27534
0.31985
0.12913
0.21520
0.20684
0.19487
0.21937
0.24557
0.24524
0.25639
0.21654
0.20560
0.20476
0.25350
0.34625
0.24771
0.22703
0.19358
0.29894
0.24952
0.23232
0.16000
0.33770
0.29511
0.32381
0.25284
0.25352
0.24361
0.25004
0.20471
0.27838
0.18205
0.32855
0.26070
0.34742
0.27589
0.29099
0.35408
0.27137
0.21892
0.25133
0.18070
0.19372
0.24768
0.19723
0.24388
0.31595
0.23070
0.28134
0.38250
0.32158
0.33158
0.27751
0.31919
0.29998
0.36454
0.19793
0.26935
0.32839
0.32930
0.23383
0.34273
0.39391
0.23808
0.23429
0.31287
0.22546
0.31863
0.32232
0.23709
0.25676
0.35556
0.23301
0.21438
0.32500
0.24761
0.22816
0.20061
0.18703
0.30289
0.29863
0.27753
0.29746
0.20885
0.26676
0.27103
0.24741
0.21826
0.28110
0.14648
0.32623
0.28468
0.36578
0.25381
0.31430
0.36632
0.37066
0.21629
0.19231
0.26564
0.38670
0.29843
0.24403
0.27982
0.33913
0.23918
0.20018
0.33655
0.19237
0.29073
0.22185
0.29410
0.38157
0.44649
0.31607
0.26536
0.24858
0.37509
0.30824
0.30584
0.25696
0.36530
0.24054
0.20850
0.32356
0.44721
0.25371
0.38836
0.39537
0.20396
0.22624
0.32462
0.28190
0.29546
0.21091
0.24415
0.19235
0.27921
0.25915
0.28935
0.32550
0.34940
0.22389
0.25536
0.25812
0.24123
0.20776
0.35878
0.24217
0.16517
0.34080
0.20432
0.17284
0.39217
0.15994
0.26064
0.22827
0.26170
0.25643
0.44497
0.20948
0.29308
0.36769
0.22896
0.22454
0.21224
0.26761
0.22871
0.31893
0.20741
0.37263
0.34387
0.19947
0.24395
0.16927
0.34923
0.27716
0.22875
0.35979
0.42540
0.31544
0.27353
0.33804
0.34972
0.20387
0.28773
0.29277
0.38726
0.22047
0.23269
0.24855
0.35410
0.23414
0.25241
0.21540
0.32547
0.39029
0.23799
0.25034
0.32018
0.30317
0.27078
0.25615
0.38738
0.26172
0.30534
0.27722
0.28291
0.32644
0.27643
0.27490
0.25344
0.33649
0.24982
0.20050
0.28255
0.27343
0.17401
0.24810
0.18884
0.32190
0.22186
0.06266
0.11728
0.22878
0.22762
0.27839
0.21508
0.23375
0.33132
0.20741
0.05438
0.12070
0.04750
0.30632
0.21740
0.17250
0.28402
0.08159
0.09364
0.18465
0.17651
0.06869
0.10136
0.23118
0.25883
0.18874
0.21648
0.27733
0.03257
0.28840
0.22368
0.03084
0.09634
0.14739
0.29504
0.12629
0.23480
0.22958
0.28524
0.03020
0.04562
0.06185
0.05263
0.29204
0.11181
0.13895
0.17823
0.23762
0.12800
0.30360
0.21267
0.08060
0.31109
0.07216
0.08135
0.25875
0.18851
0.26996
0.06907
0.06972
0.21165
0.20545
0.29849
0.20564
0.05861
0.06775
0.18489
0.20598
0.19925
0.23486
0.08870
0.25750
0.16508
0.15559
0.26771
0.31318
0.08862
0.14013
0.17758
0.05141
0.05385
0.26387
0.11781
0.21117
0.21013
0.21128
0.20502
0.31272
0.23509
0.23039
0.18549
0.19588
0.20279
0.02409
0.25491
0.09072
0.06220
0.19770
0.26769
0.30236
0.26241
0.05371
0.06174
0.12324
0.18880
0.20111
0.31587
0.10814
0.18526
0.28959
0.14574
0.24584
0.09374
0.03210
0.05580
0.15302
0.05489
0.05259
0.27978
0.25057
0.08252
0.09859
0.05046
0.08917
0.07163
0.28201
