0.10320
0.09850
0.07114
0.24123
0.06974
0.16200
0.22770
0.14386
0.15525
0.03812
0.22169
0.12775
0.14864
0.10918
0.11112
0.23086
0.12190
0.13560
0.09513
0.14818
0.29800
0.13133
0.15071
0.05347
0.25550
0.12768
0.13092
0.26002
0.09304
0.18719
0.15427
0.24594
0.13129
0.10664
0.06783
0.09170
0.14219
0.07692
0.12966
0.14587
0.30409
0.26682
0.11423
0.16401
0.27059
0.22292
0.18735
0.20402
0.20208
0.16590
0.09193
0.17011
0.13021
0.27664
0.09611
0.23510
0.22838
0.10670
0.13914
0.08532
0.26217
0.27743
0.12330
0.23507
0.27457
0.29689
0.04459
0.13065
0.10957
0.05988
0.11441
0.32294
0.29716
0.18869
0.25212
0.11602
0.10731
0.07417
0.18034
0.14833
0.30852
0.18566
0.32146
0.26808
0.25068
0.35025
0.09688
0.07391
0.14115
0.26700
0.30875
0.15664
0.08498
0.23714
0.09563
0.14713
0.22942
0.21196
0.17832
0.17590
0.10129
0.20812
0.12638
0.11103
0.20974
0.30969
0.15384
0.15911
0.18821
0.29134
0.02765
0.26775
0.09635
0.20850
0.11015
0.23934
0.26681
0.04110
0.07876
0.18091
0.22020
0.07041
0.30678
0.02873
0.10225
0.14063
0.32430
0.25339
0.20035
0.24399
0.07619
0.11587
0.28075
0.34147
0.10192
0.11541
0.06330
0.28006
0.27556
0.04975
0.18074
0.06998
0.32060
0.20913
0.11527
0.23266
0.09002
0.35326
0.17687
0.09792
0.15830
0.27626
0.10852
0.31189
0.29166
0.31183
0.09157
0.18945
0.15566
0.21338
0.27915
0.26352
0.27527
0.31767
0.08578
0.09347
0.30854
0.27262
0.06206
0.22961
0.05823
0.26396
0.24704
0.02827
0.09916
0.22097
0.08650
0.07168
0.15581
0.26679
0.09818
0.09837
0.22389
0.12569
0.09345
0.15155
0.22814
0.25269
0.26408
0.17037
0.09989
0.08535
0.05719
0.13872
0.11744
0.23970
0.19090
0.12912
0.09955
0.29258
0.23146
0.10824
0.24120
0.13829
0.03431
0.22800
0.12830
0.16695
0.25046
0.08528
0.24655
0.22979
0.10112
0.23519
0.24596
0.24098
0.11946
0.28032
0.20081
0.32294
0.14952
0.21658
0.16430
0.05625
0.07658
0.06627
0.19051
0.17757
0.15639
0.07641
0.25348
0.10127
0.23356
0.09765
0.08809
0.27044
0.10575
0.03892
0.10987
0.25004
0.07071
0.28463
0.10552
0.12182
0.11343
0.23118
0.11931
0.07507
0.11036
0.10444
0.10225
0.13943
0.12567
0.25502
0.14599
0.17086
0.21410
0.07697
0.03719
0.13520
0.24541
0.16205
0.22501
0.15938
0.18843
0.25456
0.31712
0.09350
0.21946
0.08208
0.11840
0.12230
0.05668
0.05363
0.33128
0.17529
0.05229
0.22954
0.16686
0.08373
0.20402
0.33007
0.13646
0.07205
0.29298
0.11987
0.23430
0.18739
0.19082
0.16278
0.08812
0.07897
0.19444
0.24729
0.16052
0.09496
0.22367
0.15151
0.16760
0.12331
0.32231
0.26614
0.25812
0.16548
0.15952
0.29152
0.33804
0.29925
0.03317
0.23561
0.10236
0.28206
0.14418
0.13222
0.13197
0.13004
0.08340
0.16949
0.23990
0.08619
0.07216
0.05412
0.25548
0.18861
0.25558
0.18606
0.24258
0.23201
0.11572
0.10000
0.26366
0.26994
0.38007
0.20344
0.34193
0.21672
0.23567
0.29612
0.27944
0.27386
0.06296
0.09071
0.12696
0.22153
0.06389
0.06283
0.20847
0.12126
0.18250
0.10941
0.16110
0.10056
0.29597
0.26183
0.24528
0.22586
0.31004
0.09761
0.14429
0.29554
0.05579
0.23148
0.07681
0.07827
0.17398
0.04434
0.24771
0.31426
0.06901
0.09259
0.13899
0.25724
0.10899
0.05327
0.10717
0.05642
0.04956
0.10240
0.19901
0.08396
0.24523
0.15407
0.20247
0.09609
0.21336
0.29083
0.19079
0.26032
0.35159
0.16942
0.28970
0.30016
0.30344
0.30064
0.28360
0.23134
0.36635
0.24252
0.24661
0.23566
0.23127
0.30185
0.17170
0.36721
0.32789
0.26899
0.25497
0.24394
0.25194
0.32608
0.27874
0.22000
0.31644
0.34086
0.19000
0.25601
0.30644
0.26684
0.25330
0.25086
0.26668
0.30815
0.23853
0.20305
0.34994
0.24019
0.22984
0.30075
0.18524
0.30784
0.34929
0.29169
0.29336
0.30168
0.26950
0.24616
0.26885
0.32465
0.21074
0.28765
0.31938
0.21543
0.27705
0.28746
0.17738
0.29456
0.25440
0.28769
0.31499
0.29774
0.26514
0.16245
0.28142
0.36077
0.14182
0.28059
0.20402
0.16931
0.17410
0.35108
0.31359
0.32393
0.16789
0.34894
0.26602
0.27740
0.36926
0.31089
0.28126
0.29093
0.23310
0.27687
0.18545
0.36011
0.30381
0.24411
0.15322
0.31458
0.16947
0.25192
0.29483
0.24748
0.35479
0.32430
0.22407
0.32519
0.32512
0.18765
0.15321
0.27481
0.17860
0.20496
0.16690
0.28002
0.35221
0.25619
0.27084
0.23550
0.28322
0.22787
0.30990
0.26158
0.27582
0.19935
0.28009
0.27350
0.18164
0.16209
0.32986
0.28545
0.18308
0.26407
0.31412
0.26124
0.34229
0.32013
0.23426
0.26691
0.18646
0.28998
0.31218
0.26473
0.24709
0.22169
0.16962
0.29017
0.21850
0.28211
0.20821
0.28111
0.31453
0.29539
0.19572
0.25339
0.28772
0.20362
0.27958
0.17971
0.22747
0.22085
0.23955
0.19794
0.30831
0.32564
0.32315
0.21560
0.19784
0.32629
0.20683
0.21388
0.20949
0.31136
0.29429
0.16947
0.17524
0.26668
0.28028
0.20042
0.14681
0.21387
0.26364
0.20510
0.26833
0.25225
0.30504
0.17973
0.22391
0.27945
0.26749
0.18789
0.27680
0.24330
0.25098
0.36214
0.18649
0.27730
0.22113
0.35597
0.31600
0.23842
0.26134
0.30347
0.26174
0.20240
0.29552
0.26893
0.25276
0.29759
0.26802
0.33323
0.24624
0.30377
0.21200
0.33599
0.22139
0.27257
0.22673
0.23442
0.27368
0.25490
0.21243
0.25821
0.22979
0.31014
0.21123
0.31670
0.23460
0.25483
0.29342
0.29729
0.27892
0.14441
0.19774
0.32637
0.32329
0.24463
0.26547
0.29153
0.26989
0.23075
0.20695
0.31251
0.28615
0.27229
0.25564
0.19418
0.29200
0.31185
0.26459
0.25433
0.18896
0.32649
0.27339
0.17850
0.18294
0.28795
0.28491
0.28157
0.25845
0.23741
0.35244
0.35922
0.15530
0.24107
0.31496
0.25224
0.24724
0.29451
0.33267
0.24520
0.20296
0.20979
0.23845
0.28349
0.36007
0.29253
0.28894
0.28036
0.23657
0.27226
0.30946
0.27917
0.16389
0.32111
0.20132
0.26271
0.33863
0.29395
0.25620
0.26949
0.23520
0.29158
0.32898
0.33565
0.22232
0.28978
0.22155
0.29740
0.30502
0.12220
0.24139
0.21024
0.23038
0.28179
0.23953
0.26482
0.24745
0.26282
0.20567
0.21124
0.24660
0.34154
0.27876
0.25631
0.18362
0.29498
0.25156
0.23536
0.19988
0.32089
0.29769
0.32133
0.23863
0.23982
0.28792
0.26613
0.25930
0.27248
0.15654
0.31314
0.25342
0.34252
0.29343
0.29766
0.34810
0.28509
0.25025
0.29532
0.14091
0.20088
0.27917
0.21509
0.28029
0.31415
0.26371
0.32119
0.38362
0.31533
0.32643
0.27108
0.30826
0.30107
0.35457
0.25753
0.27196
0.32166
0.31833
0.29114
0.32907
0.37773
0.25777
0.24989
0.33989
0.20511
0.32454
0.32778
0.25750
0.24299
0.33213
0.23355
0.25102
0.32216
0.26346
0.23972
0.22573
0.26002
0.27596
0.29434
0.30108
0.28498
0.25459
0.29890
0.26520
0.31301
0.27288
0.25319
0.11058
0.34160
0.32464
0.36028
0.29461
0.32824
0.37726
0.37324
0.27223
0.20236
0.29402
0.38643
0.29032
0.21598
0.28214
0.36950
0.24996
0.21248
0.32199
0.23379
0.29519
0.19560
0.31810
0.35662
0.40017
0.31949
0.28802
0.25302
0.38144
0.29918
0.27200
0.29215
0.32716
0.24331
0.15999
0.33350
0.44310
0.25923
0.38651
0.40117
0.22239
0.27753
0.32842
0.30681
0.30771
0.26253
0.26795
0.20625
0.28109
0.27650
0.28289
0.31574
0.34593
0.27856
0.26371
0.26176
0.20694
0.24058
0.38117
0.24883
0.13092
0.33577
0.16432
0.19117
0.39462
0.17642
0.28553
0.22896
0.26063
0.23711
0.42632
0.22297
0.31076
0.37615
0.23770
0.19083
0.23284
0.24224
0.22535
0.34046
0.20659
0.36395
0.37200
0.22749
0.26142
0.23384
0.35801
0.26051
0.20845
0.34622
0.41093
0.30253
0.27889
0.34925
0.34731
0.22762
0.28698
0.28094
0.39022
0.22418
0.24329
0.25822
0.34276
0.27741
0.25731
0.27904
0.30766
0.36182
0.22859
0.28629
0.31658
0.29589
0.29236
0.23260
0.34371
0.27151
0.28730
0.27466
0.30419
0.34517
0.25740
0.28454
0.22597
0.32056
0.24936
0.23987
0.31070
0.25694
0.22779
0.28179
0.20686
0.27239
0.23102
0.07023
0.13620
0.18541
0.26816
0.28908
0.17420
0.24221
0.39822
0.16665
0.01725
0.19619
0.02535
0.31296
0.19894
0.16337
0.29695
0.05489
0.14346
0.21193
0.21223
0.07122
0.08174
0.26272
0.26780
0.23182
0.21490
0.30335
0.04056
0.32616
0.25068
0.04458
0.08004
0.12376
0.27393
0.12226
0.26090
0.18697
0.32895
0.06991
0.04569
0.07280
0.08737
0.28381
0.13474
0.16792
0.14003
0.26248
0.12555
0.26151
0.22791
0.03632
0.25844
0.06989
0.07408
0.27861
0.19386
0.16982
0.07365
0.02774
0.21388
0.21208
0.26224
0.25151
0.03593
0.06087
0.17982
0.21075
0.17807
0.22123
0.08873
0.28406
0.19022
0.11973
0.26840
0.30032
0.11093
0.19896
0.13558
0.03812
0.04474
0.24277
0.11285
0.19755
0.26804
0.27990
0.19495
0.34977
0.19863
0.22843
0.16626
0.21074
0.27544
0.03079
0.28003
0.11293
0.05261
0.22212
0.21709
0.29868
0.28838
0.06391
0.08545
0.07068
0.22347
0.22547
0.26399
0.06207
0.17822
0.32351
0.10899
0.20448
0.13512
0.04652
0.03146
0.14255
0.04465
0.06146
0.21053
0.30522
0.05321
0.09402
0.04239
0.05223
0.08064
0.26359
