0.05629
0.09327
0.04976
0.22348
0.07598
0.11737
0.19776
0.12740
0.15456
0.07239
0.13937
0.11268
0.12696
0.11413
0.05412
0.22187
0.12889
0.07873
0.03381
0.12630
0.27895
0.12246
0.11195
0.03053
0.20812
0.11763
0.09252
0.26932
0.07180
0.14694
0.14681
0.21420
0.13258
0.09829
0.06362
0.09094
0.15557
0.04240
0.11690
0.13190
0.27654
0.25237
0.07296
0.10896
0.26542
0.23611
0.13052
0.18552
0.15550
0.12453
0.08991
0.11720
0.12697
0.27542
0.08957
0.23909
0.19729
0.08680
0.12127
0.08614
0.27731
0.26250
0.11387
0.21991
0.28886
0.31323
0.03893
0.16020
0.07861
0.04959
0.11824
0.28574
0.29957
0.17508
0.25609
0.08135
0.06199
0.02935
0.25570
0.14509
0.30764
0.14390
0.27012
0.28091
0.23758
0.37307
0.09906
0.07567
0.09475
0.24695
0.28315
0.15567
0.05936
0.26398
0.03885
0.14977
0.21240
0.22352
0.19365
0.13722
0.09434
0.14952
0.12242
0.10263
0.19522
0.29292
0.12728
0.16218
0.16203
0.28018
0.02008
0.24820
0.08858
0.23198
0.12244
0.14588
0.27534
0.05128
0.05714
0.16181
0.22045
0.05260
0.24946
0.01429
0.08097
0.13120
0.30273
0.26199
0.12574
0.26182
0.06791
0.09779
0.29193
0.32559
0.11753
0.11240
0.04860
0.27411
0.25970
0.04226
0.15156
0.02391
0.28660
0.16500
0.12131
0.25494
0.05920
0.32063
0.17698
0.08756
0.15505
0.22136
0.11344
0.29922
0.29500
0.31778
0.09949
0.11900
0.14806
0.14635
0.28029
0.24329
0.27972
0.30498
0.08304
0.07396
0.26842
0.30778
0.05953
0.25362
0.04611
0.20129
0.22108
0.02608
0.08793
0.17544
0.05365
0.04521
0.11783
0.23506
0.04645
0.11036
0.20619
0.09872
0.08648
0.12657
0.18690
0.19319
0.25363
0.15865
0.09157
0.03934
0.04351
0.13455
0.07594
0.22313
0.17698
0.12524
0.06323
0.24383
0.22199
0.06758
0.16971
0.15026
0.03927
0.18657
0.06942
0.16194
0.25631
0.06997
0.25756
0.22174
0.07569
0.25140
0.24722
0.24725
0.12597
0.21741
0.19776
0.31316
0.09086
0.17351
0.07519
0.05742
0.05758
0.05731
0.12319
0.17979
0.12275
0.04712
0.26956
0.08517
0.21988
0.08660
0.06450
0.22609
0.11235
0.03064
0.09636
0.26338
0.06597
0.29011
0.09914
0.10799
0.13617
0.21087
0.10669
0.03846
0.09354
0.10095
0.11081
0.09612
0.07910
0.24684
0.13015
0.14294
0.18595
0.09074
0.03811
0.14740
0.21343
0.12688
0.18898
0.13748
0.14000
0.25170
0.28525
0.08930
0.12759
0.06022
0.04833
0.13592
0.06327
0.02678
0.36808
0.13522
0.04339
0.21974
0.15426
0.07770
0.15890
0.32441
0.11044
0.05442
0.30095
0.11886
0.14091
0.15662
0.14200
0.13670
0.07237
0.06432
0.16623
0.21691
0.13900
0.09592
0.12881
0.13638
0.13921
0.12823
0.32341
0.24493
0.27207
0.11940
0.09798
0.30061
0.28998
0.28706
0.04114
0.28417
0.11568
0.28024
0.11276
0.08836
0.11126
0.08962
0.09174
0.18201
0.25892
0.06300
0.07722
0.04801
0.23163
0.17641
0.19597
0.15667
0.22852
0.23984
0.10194
0.04074
0.21855
0.28929
0.36600
0.23109
0.32625
0.18502
0.24285
0.28312
0.26681
0.29134
0.05435
0.06277
0.10034
0.23313
0.03980
0.04590
0.19779
0.12221
0.19209
0.07843
0.13819
0.09114
0.27956
0.27488
0.25757
0.17953
0.29014
0.09870
0.11616
0.32487
0.03363
0.17769
0.05465
0.05867
0.19275
0.06229
0.24081
0.33843
0.06079
0.11915
0.11339
0.26946
0.10897
0.05066
0.07456
0.07658
0.04739
0.07186
0.18158
0.06534
0.28762
0.14577
0.18182
0.06136
0.19119
0.30449
0.21428
0.28172
0.35958
0.17759
0.29122
0.31034
0.29962
0.31413
0.28789
0.26326
0.35967
0.25457
0.25415
0.22928
0.22887
0.30268
0.18432
0.37808
0.33186
0.25713
0.25063
0.23722
0.26343
0.33127
0.28499
0.22750
0.30998
0.34445
0.21182
0.25167
0.33033
0.23853
0.24782
0.27083
0.27989
0.31701
0.25680
0.22365
0.35844
0.25231
0.23781
0.32801
0.19297
0.30071
0.35879
0.28937
0.31103
0.28761
0.27794
0.24880
0.28448
0.34454
0.22106
0.28484
0.33110
0.23809
0.26450
0.30207
0.19600
0.31160
0.25493
0.29134
0.32301
0.30587
0.26386
0.18016
0.29213
0.36928
0.12897
0.28221
0.21717
0.16220
0.19321
0.35071
0.30571
0.33987
0.17229
0.35609
0.26676
0.26933
0.37598
0.31015
0.29166
0.27893
0.23000
0.28126
0.20066
0.36514
0.28389
0.23534
0.15721
0.31788
0.18313
0.24762
0.28880
0.26075
0.35959
0.32290
0.22372
0.33877
0.32646
0.15847
0.17409
0.28620
0.16549
0.17816
0.18020
0.30070
0.35253
0.26442
0.24748
0.24289
0.29284
0.20236
0.29622
0.27062
0.26335
0.20682
0.29399
0.28421
0.20540
0.17781
0.34135
0.30667
0.19805
0.27792
0.32652
0.26446
0.34684
0.31293
0.21540
0.25987
0.18236
0.29698
0.31414
0.27775
0.25882
0.22731
0.16781
0.30870
0.19750
0.28933
0.21980
0.27738
0.30411
0.30413
0.18347
0.21824
0.29546
0.20661
0.28496
0.19019
0.23278
0.21959
0.21239
0.21426
0.31445
0.32497
0.32708
0.22671
0.23099
0.32987
0.21557
0.20925
0.21714
0.31452
0.31026
0.16874
0.16824
0.28807
0.26320
0.19500
0.15054
0.23798
0.28113
0.19952
0.25550
0.22901
0.29905
0.18566
0.23440
0.28337
0.26096
0.19033
0.27731
0.27056
0.25236
0.37457
0.18767
0.30519
0.22488
0.36476
0.32770
0.26186
0.25333
0.28380
0.26709
0.19615
0.31123
0.28699
0.26432
0.28886
0.28386
0.34882
0.23288
0.29750
0.22430
0.34858
0.23433
0.28665
0.22585
0.24541
0.28741
0.26962
0.22776
0.24712
0.22446
0.31332
0.19205
0.31580
0.22380
0.25861
0.30122
0.29496
0.31357
0.14842
0.22448
0.33388
0.33957
0.24630
0.27596
0.30169
0.25773
0.23582
0.23097
0.31247
0.28185
0.26223
0.25005
0.17874
0.28426
0.30983
0.25517
0.25264
0.23528
0.34632
0.28485
0.19317
0.20753
0.28931
0.29656
0.29201
0.26205
0.22840
0.35633
0.35913
0.15052
0.24032
0.32508
0.25515
0.27528
0.28651
0.34360
0.22501
0.20142
0.21301
0.24901
0.28076
0.36285
0.30145
0.28614
0.28924
0.23103
0.27945
0.30798
0.28833
0.18149
0.32611
0.23391
0.24678
0.34126
0.29923
0.26551
0.24962
0.27052
0.29840
0.33925
0.35124
0.25184
0.28616
0.21364
0.31736
0.31836
0.13160
0.26836
0.19255
0.23365
0.27906
0.22501
0.27628
0.25196
0.25782
0.22323
0.23111
0.25836
0.34962
0.28669
0.25988
0.20364
0.29834
0.25467
0.24096
0.19670
0.34418
0.30616
0.32610
0.25758
0.26364
0.28665
0.27107
0.25103
0.27258
0.17353
0.32226
0.27115
0.33986
0.28979
0.31306
0.35948
0.29378
0.26241
0.30317
0.15304
0.16917
0.29049
0.22483
0.29979
0.30506
0.27687
0.32707
0.37895
0.33084
0.33994
0.27117
0.31945
0.29004
0.36660
0.26768
0.27985
0.32659
0.33010
0.28999
0.33572
0.40677
0.19624
0.23313
0.33362
0.23773
0.31943
0.32913
0.25318
0.24253
0.35731
0.23963
0.26795
0.31745
0.27846
0.23428
0.24331
0.27336
0.28606
0.29724
0.31775
0.28812
0.24514
0.30057
0.27329
0.30445
0.26129
0.28173
0.11918
0.35628
0.31435
0.35768
0.32081
0.31443
0.40314
0.39741
0.24627
0.21187
0.27706
0.40230
0.28346
0.23320
0.28380
0.35815
0.25675
0.18557
0.32017
0.22355
0.28843
0.21923
0.32607
0.35919
0.40815
0.31190
0.29821
0.23432
0.38723
0.30032
0.28913
0.29186
0.35747
0.22917
0.17404
0.33390
0.44826
0.25177
0.41230
0.40403
0.21593
0.30033
0.35503
0.32052
0.29750
0.21893
0.26185
0.21877
0.30106
0.28286
0.29838
0.31901
0.36090
0.26093
0.26209
0.23918
0.19723
0.19900
0.39397
0.24262
0.11495
0.34363
0.19042
0.20365
0.40980
0.18852
0.27703
0.20604
0.25302
0.22592
0.44587
0.19154
0.31912
0.39166
0.22518
0.23843
0.22574
0.24748
0.21602
0.34414
0.21630
0.35979
0.35250
0.24530
0.26964
0.20164
0.35607
0.27094
0.21927
0.36202
0.42249
0.33213
0.28695
0.35567
0.37000
0.20016
0.28273
0.28449
0.38458
0.19071
0.24421
0.25539
0.36176
0.25972
0.26312
0.26138
0.32086
0.36543
0.23043
0.27055
0.33410
0.30360
0.25405
0.24718
0.36898
0.30154
0.29524
0.25861
0.27630
0.34468
0.25883
0.28677
0.24915
0.32857
0.23695
0.25622
0.31453
0.28563
0.20907
0.27165
0.19859
0.28552
0.21067
0.03055
0.07899
0.13669
0.24574
0.26364
0.19781
0.24194
0.38082
0.18661
0.06122
0.15139
0.04020
0.28398
0.26201
0.15544
0.30808
0.06974
0.12175
0.19794
0.22891
0.08887
0.14971
0.25226
0.27312
0.20090
0.21351
0.30312
0.04773
0.33847
0.25608
0.08041
0.02560
0.12610
0.30480
0.10878
0.25826
0.22066
0.26486
0.00731
0.05886
0.01989
0.09209
0.27776
0.05947
0.07524
0.18807
0.24713
0.12531
0.23116
0.22589
0.05462
0.29940
0.04584
0.09221
0.27255
0.18735
0.22101
0.07383
0.02987
0.19351
0.21623
0.28417
0.25452
0.02982
0.07438
0.18683
0.21358
0.15574
0.16158
0.08975
0.17298
0.20382
0.09853
0.28816
0.29752
0.06770
0.16239
0.12988
0.06979
0.04640
0.12492
0.10173
0.18870
0.23521
0.28841
0.19727
0.34256
0.26375
0.23491
0.18220
0.21011
0.19839
0.01620
0.27598
0.07603
0.03394
0.19989
0.26775
0.25788
0.25019
0.02223
0.08452
0.13803
0.19824
0.13350
0.23293
0.07884
0.17119
0.31739
0.13067
0.22149
0.05817
0.02529
0.04325
0.08251
0.03892
0.08136
0.25545
0.31568
0.07404
0.04929
0.02630
0.09753
0.11023
0.23577
