0.12681
0.11582
0.08742
0.25825
0.10415
0.14485
0.20250
0.14039
0.20467
0.08783
0.20120
0.13547
0.19019
0.12261
0.13100
0.22956
0.14674
0.14486
0.09432
0.14357
0.29119
0.17187
0.15110
0.06007
0.23732
0.15119
0.11955
0.22819
0.09064
0.17257
0.11387
0.27349
0.19245
0.10705
0.14775
0.09908
0.13705
0.10728
0.11999
0.16905
0.31270
0.26681
0.10360
0.15162
0.29115
0.20907
0.12501
0.25394
0.21360
0.15145
0.10124
0.11805
0.15121
0.29696
0.09122
0.25551
0.25337
0.13055
0.10861
0.07328
0.26167
0.26122
0.09855
0.25392
0.28411
0.32972
0.05887
0.19658
0.14360
0.05103
0.13218
0.30358
0.33164
0.21275
0.24848
0.17173
0.08499
0.04056
0.22279
0.14041
0.31969
0.20911
0.32275
0.26731
0.24275
0.36481
0.09940
0.10690
0.14720
0.28189
0.32812
0.19051
0.06523
0.26351
0.05521
0.16170
0.20836
0.22648
0.19039
0.12554
0.10522
0.18955
0.13563
0.10951
0.21657
0.29107
0.15649
0.19411
0.21080
0.31036
0.02924
0.23679
0.11472
0.23315
0.12585
0.15548
0.27060
0.08211
0.07255
0.15794
0.24303
0.06971
0.27363
0.03147
0.12153
0.15474
0.28653
0.28305
0.17754
0.25436
0.09366
0.14481
0.30600
0.30945
0.12116
0.14175
0.07237
0.29007
0.23688
0.06664
0.17225
0.06255
0.29423
0.19793
0.18141
0.29928
0.07133
0.35691
0.18585
0.08732
0.17747
0.28091
0.11205
0.31366
0.31446
0.32485
0.12737
0.16105
0.17310
0.21339
0.25877
0.26837
0.24934
0.33083
0.09071
0.13241
0.26593
0.25194
0.10122
0.26821
0.05687
0.21791
0.23528
0.04352
0.09222
0.20335
0.07925
0.07982
0.17687
0.27545
0.06485
0.10068
0.22791
0.19393
0.10224
0.21630
0.23371
0.25187
0.24322
0.22356
0.14118
0.07647
0.07831
0.14184
0.17950
0.23584
0.17163
0.19219
0.15510
0.27318
0.20346
0.07131
0.14706
0.15706
0.07587
0.18448
0.14873
0.19580
0.25325
0.14342
0.24258
0.23133
0.10307
0.23877
0.25849
0.25059
0.14908
0.28248
0.22066
0.34963
0.10408
0.23011
0.13612
0.06758
0.10561
0.08709
0.17050
0.23557
0.18969
0.08766
0.29263
0.10651
0.20679
0.12322
0.03172
0.26526
0.11414
0.05836
0.11096
0.25763
0.07787
0.29557
0.10109
0.10425
0.16476
0.22110
0.10717
0.06756
0.14750
0.12763
0.10085
0.11223
0.13681
0.25811
0.13396
0.15101
0.18897
0.10778
0.09257
0.14133
0.20997
0.15085
0.20259
0.16405
0.14697
0.25229
0.25568
0.09689
0.18753
0.04375
0.08708
0.12963
0.07339
0.03435
0.37094
0.16194
0.10515
0.19830
0.15182
0.09229
0.14401
0.33597
0.12719
0.06624
0.29710
0.11432
0.21467
0.18556
0.20139
0.20117
0.11696
0.09523
0.18577
0.21075
0.20370
0.10338
0.16394
0.17239
0.15456
0.19073
0.31737
0.28433
0.26330
0.15197
0.15601
0.28918
0.29662
0.33479
0.05572
0.22548
0.12182
0.25721
0.14028
0.10982
0.17550
0.13773
0.09694
0.19156
0.22203
0.06328
0.09860
0.05451
0.27541
0.20241
0.26358
0.21947
0.23584
0.26842
0.16384
0.05581
0.28226
0.26634
0.34535
0.25017
0.32049
0.18485
0.25091
0.29833
0.27898
0.24176
0.07378
0.09686
0.12468
0.24799
0.05478
0.07654
0.20715
0.13279
0.27427
0.08037
0.17734
0.14073
0.29552
0.25617
0.25912
0.19081
0.28002
0.14380
0.18746
0.31092
0.07982
0.18881
0.07179
0.11691
0.22909
0.07278
0.23271
0.33166
0.09814
0.09991
0.17593
0.26126
0.11895
0.04951
0.06545
0.09190
0.07598
0.07634
0.18375
0.08880
0.27381
0.15697
0.18501
0.12083
0.17926
0.24489
0.25758
0.29870
0.31347
0.20648
0.23931
0.33366
0.33302
0.34745
0.25320
0.30562
0.31478
0.30464
0.24385
0.28917
0.22408
0.33893
0.19174
0.33217
0.26556
0.25056
0.30061
0.27400
0.29677
0.37674
0.32240
0.28075
0.23894
0.29358
0.25358
0.30226
0.25399
0.29904
0.25400
0.26705
0.33230
0.26909
0.30126
0.21302
0.31675
0.30487
0.29408
0.34518
0.23378
0.31235
0.30757
0.31222
0.33397
0.33625
0.30968
0.25992
0.32513
0.28402
0.27063
0.33506
0.25733
0.28704
0.31222
0.33590
0.18790
0.33209
0.27777
0.23586
0.25183
0.23069
0.31246
0.17828
0.21718
0.32182
0.13041
0.29467
0.27692
0.26205
0.18069
0.37960
0.31814
0.28167
0.17032
0.29770
0.28569
0.28112
0.32813
0.24436
0.33840
0.29804
0.24454
0.29572
0.17955
0.32010
0.32246
0.27272
0.15948
0.32540
0.20082
0.26724
0.26998
0.27540
0.30526
0.25219
0.23731
0.28017
0.27109
0.17060
0.20636
0.33176
0.16944
0.17248
0.16015
0.29657
0.30838
0.31631
0.30657
0.24209
0.33060
0.22224
0.32343
0.30622
0.32199
0.19461
0.26388
0.31550
0.22141
0.18851
0.36169
0.25927
0.25270
0.31593
0.25522
0.26558
0.36233
0.25903
0.23446
0.30194
0.21058
0.24023
0.29650
0.32111
0.27016
0.25089
0.18423
0.33204
0.24009
0.33362
0.23289
0.31357
0.34870
0.23774
0.18873
0.23111
0.28935
0.20193
0.33360
0.19523
0.24894
0.23087
0.22958
0.26614
0.32377
0.27353
0.29358
0.28096
0.26545
0.26382
0.22519
0.27166
0.27168
0.24366
0.30219
0.15420
0.18411
0.27747
0.31465
0.26653
0.16398
0.22423
0.23772
0.27950
0.24838
0.30447
0.34133
0.17351
0.29925
0.23027
0.32281
0.20002
0.32682
0.27421
0.27062
0.39373
0.19338
0.29599
0.24145
0.34826
0.25184
0.30895
0.28663
0.31979
0.26683
0.20815
0.31199
0.26285
0.30663
0.21936
0.23570
0.30117
0.25792
0.24444
0.25427
0.29646
0.28030
0.30563
0.23555
0.29445
0.26192
0.24752
0.22343
0.27978
0.25200
0.31439
0.21885
0.32432
0.24694
0.31112
0.24541
0.22986
0.25382
0.15550
0.27558
0.27745
0.27406
0.30872
0.32727
0.32458
0.27271
0.29922
0.27800
0.25271
0.30746
0.30840
0.23495
0.18458
0.31862
0.27440
0.28391
0.30429
0.23124
0.30007
0.33356
0.25165
0.22506
0.24187
0.25827
0.33033
0.31506
0.25154
0.33695
0.29989
0.15332
0.25363
0.26676
0.29211
0.31944
0.31176
0.28440
0.22796
0.20328
0.15593
0.31218
0.31561
0.32741
0.28196
0.29488
0.32317
0.24787
0.26892
0.24432
0.22277
0.18380
0.27810
0.21558
0.24772
0.27745
0.30969
0.30570
0.26085
0.29839
0.23682
0.36487
0.30800
0.25132
0.22196
0.20379
0.34539
0.26126
0.13030
0.31063
0.19146
0.29126
0.31702
0.21964
0.31229
0.22728
0.30501
0.21629
0.29050
0.24361
0.29516
0.32291
0.31422
0.20486
0.23601
0.25221
0.25563
0.25558
0.26444
0.21713
0.35757
0.26005
0.30230
0.33091
0.28598
0.29144
0.25360
0.18276
0.30840
0.29120
0.29143
0.22410
0.25067
0.29784
0.25464
0.31349
0.33125
0.19396
0.25434
0.32718
0.28322
0.33375
0.24695
0.33324
0.35070
0.34621
0.26325
0.27927
0.27669
0.26775
0.29507
0.31899
0.31017
0.29512
0.29731
0.27405
0.32915
0.28296
0.35390
0.22373
0.29148
0.31117
0.25644
0.27329
0.33330
0.24833
0.26173
0.28812
0.23403
0.32101
0.26112
0.32424
0.28233
0.30291
0.30289
0.26294
0.24944
0.34989
0.27265
0.28645
0.33039
0.27969
0.33663
0.31666
0.28314
0.15077
0.29907
0.34821
0.31540
0.34474
0.32563
0.42027
0.41736
0.29797
0.17430
0.34139
0.37242
0.28640
0.19907
0.32884
0.34640
0.24898
0.28232
0.32432
0.26723
0.25218
0.26877
0.35183
0.34301
0.38915
0.29281
0.34018
0.28438
0.41096
0.26611
0.28870
0.33591
0.37291
0.31057
0.16266
0.28524
0.46005
0.23554
0.42323
0.43113
0.19163
0.31548
0.37713
0.32328
0.26846
0.26699
0.30405
0.26199
0.26528
0.33541
0.29911
0.24143
0.39171
0.31099
0.31130
0.24610
0.23171
0.28610
0.41204
0.20972
0.10357
0.32797
0.14684
0.18841
0.42338
0.14040
0.20337
0.18973
0.30426
0.24163
0.45220
0.19073
0.35420
0.40958
0.25413
0.23820
0.28565
0.23767
0.23027
0.37885
0.16992
0.35821
0.34974
0.28606
0.24397
0.26683
0.34676
0.29194
0.20840
0.30556
0.43419
0.32489
0.29697
0.38624
0.39398
0.26128
0.26681
0.28990
0.37570
0.19493
0.22691
0.22197
0.35537
0.30343
0.26699
0.28691
0.29145
0.35726
0.21759
0.31567
0.36078
0.29506
0.31065
0.26470
0.40090
0.31795
0.25023
0.30884
0.32984
0.34772
0.27245
0.33266
0.23115
0.33524
0.25202
0.27706
0.33845
0.33159
0.26424
0.31527
0.20482
0.34811
0.19287
0.03588
0.09849
0.21963
0.23938
0.30131
0.22498
0.26639
0.33984
0.22354
0.06874
0.24225
0.05978
0.31436
0.27710
0.20157
0.29799
0.06398
0.09215
0.21034
0.20586
0.06351
0.11418
0.21494
0.26489
0.22646
0.21006
0.24848
0.09218
0.31682
0.23172
0.02476
0.09723
0.11768
0.28038
0.13310
0.25195
0.18913
0.31995
0.08078
0.04395
0.09437
0.06959
0.26995
0.09580
0.14513
0.20175
0.31066
0.16291
0.28948
0.20310
0.05707
0.29458
0.05419
0.07224
0.27641
0.18954
0.22962
0.05776
0.10086
0.22983
0.20327
0.26817
0.23106
0.04717
0.08801
0.17814
0.21108
0.19441
0.13683
0.14421
0.28225
0.19596
0.10498
0.26556
0.26464
0.13422
0.09121
0.25780
0.03467
0.04178
0.29221
0.21075
0.18064
0.27180
0.24895
0.20044
0.33696
0.26119
0.27782
0.18263
0.23050
0.23468
0.04435
0.24336
0.06966
0.07155
0.21096
0.20799
0.27093
0.24073
0.07946
0.07719
0.16941
0.25014
0.25807
0.19826
0.15938
0.27224
0.33655
0.15226
0.26145
0.11860
0.05700
0.05675
0.09362
0.10851
0.06434
0.27395
0.23519
0.09808
0.17527
0.03255
0.10601
0.10047
0.29927
