0.13411
0.11600
0.07612
0.23014
0.09754
0.11860
0.25234
0.13459
0.16848
0.04878
0.20086
0.13091
0.20711
0.14531
0.09931
0.21820
0.12663
0.16004
0.06489
0.15597
0.29711
0.11577
0.18089
0.06678
0.20860
0.17259
0.13097
0.26662
0.07472
0.13090
0.15949
0.21540
0.17428
0.11593
0.09615
0.09088
0.11844
0.07686
0.13452
0.15847
0.29519
0.25838
0.09139
0.11475
0.28228
0.21917
0.14805
0.27939
0.19762
0.11565
0.10809
0.13316
0.14816
0.26065
0.10090
0.25917
0.23089
0.11914
0.15681
0.07184
0.21284
0.28085
0.14560
0.18990
0.26709
0.31718
0.08915
0.16810
0.11459
0.03687
0.13593
0.33359
0.32812
0.19980
0.23422
0.10899
0.08095
0.03613
0.18092
0.17896
0.31492
0.13558
0.32301
0.28154
0.24499
0.35325
0.10775
0.10178
0.16756
0.25053
0.33590
0.19487
0.06905
0.26105
0.06672
0.13251
0.19936
0.21749
0.19783
0.15343
0.09622
0.18652
0.11433
0.13830
0.18196
0.30190
0.16378
0.19894
0.16714
0.29549
0.04267
0.21269
0.10754
0.23796
0.11629
0.12490
0.26898
0.06320
0.07999
0.14989
0.23576
0.05677
0.28670
0.03656
0.11323
0.13809
0.29750
0.27629
0.14608
0.24970
0.10999
0.12665
0.27958
0.30706
0.13035
0.15050
0.07463
0.29256
0.27890
0.06336
0.11898
0.02937
0.27397
0.14803
0.19322
0.24731
0.07975
0.31719
0.20703
0.09840
0.19486
0.25733
0.13261
0.31958
0.32156
0.28970
0.13774
0.10213
0.20803
0.17077
0.24329
0.25218
0.23917
0.32193
0.09546
0.12819
0.30787
0.29130
0.05202
0.24837
0.03087
0.21743
0.22377
0.03711
0.10200
0.22298
0.06540
0.08349
0.20340
0.29208
0.07727
0.11379
0.17818
0.15162
0.16220
0.17822
0.20820
0.22291
0.23239
0.23853
0.10082
0.06431
0.04929
0.18136
0.15998
0.22510
0.20375
0.20779
0.08045
0.22313
0.18748
0.09458
0.12882
0.14755
0.04211
0.22024
0.08844
0.24320
0.25307
0.09242
0.22821
0.20999
0.15958
0.21883
0.25941
0.24673
0.14170
0.22719
0.22043
0.33556
0.07481
0.16817
0.09413
0.07904
0.05550
0.05640
0.14169
0.18822
0.16931
0.08333
0.27485
0.08935
0.28203
0.14231
0.03876
0.25177
0.11617
0.06087
0.11391
0.26852
0.09401
0.30930
0.08574
0.11534
0.15925
0.17941
0.13312
0.04771
0.10876
0.11991
0.10837
0.12971
0.09569
0.26278
0.15817
0.15215
0.20284
0.07743
0.07529
0.16775
0.17920
0.15822
0.21810
0.16566
0.15626
0.25327
0.29084
0.10947
0.14956
0.06547
0.09213
0.15551
0.05155
0.04818
0.35582
0.11108
0.06465
0.20745
0.15857
0.07093
0.10701
0.31795
0.14897
0.07169
0.30773
0.12764
0.16463
0.17922
0.26386
0.16133
0.10802
0.07444
0.22195
0.15211
0.13677
0.09944
0.14991
0.17962
0.22044
0.17451
0.31659
0.29407
0.27036
0.13715
0.10998
0.28358
0.28390
0.31988
0.05711
0.25669
0.14508
0.29608
0.15577
0.08426
0.14512
0.13406
0.10413
0.21911
0.22603
0.09659
0.08193
0.05676
0.27387
0.10975
0.25076
0.13171
0.20983
0.23415
0.16441
0.04022
0.22920
0.30482
0.36277
0.27406
0.31415
0.22808
0.23349
0.31067
0.25076
0.20727
0.06536
0.07156
0.12139
0.23477
0.04234
0.08340
0.22530
0.09722
0.21684
0.10328
0.17396
0.13653
0.28395
0.24440
0.24097
0.15951
0.30942
0.12537
0.17100
0.30849
0.07261
0.25111
0.04426
0.13062
0.15980
0.06111
0.23163
0.34174
0.11017
0.10809
0.16458
0.25070
0.11894
0.05973
0.07050
0.09497
0.07071
0.09590
0.16483
0.05618
0.25540
0.16134
0.15836
0.07275
0.19214
0.28323
0.21771
0.25953
0.31811
0.17119
0.26390
0.31277
0.31765
0.32457
0.26546
0.26606
0.32227
0.26867
0.26700
0.27022
0.24244
0.30570
0.20099
0.36253
0.30162
0.24753
0.25797
0.27519
0.26037
0.36317
0.29488
0.25677
0.31080
0.30509
0.24257
0.27471
0.30242
0.28716
0.25738
0.25403
0.29869
0.28707
0.25956
0.22348
0.32530
0.27285
0.26409
0.34957
0.20058
0.31520
0.32484
0.29578
0.30845
0.30739
0.29532
0.26700
0.28204
0.32809
0.18701
0.31061
0.31568
0.27307
0.29960
0.31375
0.20114
0.32198
0.28083
0.26488
0.27833
0.27130
0.27172
0.20640
0.27045
0.35553
0.15072
0.29597
0.23543
0.23161
0.21521
0.37524
0.31064
0.30682
0.17325
0.34295
0.27708
0.28384
0.35934
0.29772
0.29876
0.29574
0.25492
0.29745
0.18559
0.33231
0.28732
0.25908
0.17488
0.33834
0.20288
0.27584
0.29166
0.27172
0.32451
0.30606
0.24436
0.29638
0.29719
0.17935
0.19384
0.30279
0.18959
0.20210
0.14007
0.32045
0.34130
0.25659
0.27642
0.24922
0.29684
0.23081
0.30903
0.27548
0.29219
0.16938
0.27748
0.30350
0.22653
0.19267
0.36341
0.28390
0.22561
0.31422
0.30837
0.26588
0.36327
0.29531
0.24221
0.28849
0.22955
0.29118
0.32702
0.30020
0.28403
0.23833
0.16971
0.31613
0.24002
0.30033
0.24386
0.29284
0.33078
0.26181
0.22862
0.22311
0.30052
0.22114
0.28904
0.20057
0.25321
0.22794
0.21999
0.24269
0.31363
0.30402
0.31315
0.24035
0.23936
0.31074
0.22105
0.22713
0.23458
0.26949
0.30825
0.17459
0.19456
0.25689
0.29117
0.21273
0.16701
0.23347
0.27983
0.20185
0.22255
0.26830
0.32487
0.19006
0.24299
0.26963
0.29636
0.22307
0.30429
0.28863
0.27040
0.38113
0.19116
0.30595
0.23386
0.35561
0.28495
0.26884
0.27718
0.29280
0.27489
0.20160
0.31692
0.28414
0.27332
0.26455
0.28484
0.32561
0.24504
0.26022
0.23055
0.33306
0.21915
0.29026
0.22721
0.26678
0.26818
0.27004
0.22609
0.22781
0.26481
0.33754
0.20736
0.33602
0.25305
0.25384
0.27784
0.25489
0.28364
0.14803
0.25505
0.30747
0.31879
0.25496
0.29263
0.28820
0.27997
0.22362
0.24601
0.27811
0.30842
0.28156
0.21902
0.18408
0.30686
0.28651
0.28012
0.28674
0.23408
0.30851
0.29866
0.18663
0.19377
0.28166
0.28836
0.30436
0.26428
0.24632
0.34181
0.33881
0.15917
0.25307
0.29567
0.30192
0.29635
0.33197
0.32753
0.21357
0.20640
0.18677
0.23380
0.28736
0.33388
0.28639
0.30221
0.29776
0.24127
0.26927
0.27277
0.26209
0.17920
0.30244
0.21767
0.22977
0.32403
0.28731
0.25459
0.25205
0.25230
0.29812
0.35143
0.32462
0.26230
0.25738
0.21130
0.33228
0.29693
0.13745
0.28925
0.20363
0.25742
0.29569
0.23809
0.26820
0.25445
0.27506
0.23848
0.24872
0.24465
0.32164
0.29183
0.26982
0.20072
0.26952
0.24946
0.26005
0.21974
0.31779
0.29153
0.33999
0.26409
0.25569
0.29782
0.28523
0.25268
0.26782
0.19170
0.31505
0.28647
0.31890
0.26004
0.27823
0.32984
0.28266
0.26143
0.30691
0.16790
0.23917
0.30600
0.24737
0.29660
0.29176
0.28820
0.31831
0.36273
0.29066
0.31670
0.27934
0.29467
0.28517
0.33416
0.27765
0.28282
0.30871
0.31091
0.29786
0.31609
0.37123
0.24835
0.24426
0.31554
0.24222
0.30873
0.33484
0.24714
0.23846
0.32465
0.23043
0.29192
0.28361
0.28922
0.24841
0.25420
0.28042
0.29946
0.27914
0.32489
0.28372
0.26338
0.31518
0.27114
0.31528
0.29165
0.29249
0.17771
0.30776
0.33355
0.34577
0.30899
0.32341
0.40488
0.38367
0.27631
0.22480
0.32374
0.38258
0.28382
0.20167
0.31342
0.34039
0.26182
0.23399
0.34679
0.24484
0.27154
0.23455
0.33042
0.34959
0.40419
0.28251
0.31692
0.25889
0.39984
0.29466
0.30268
0.25189
0.36246
0.28453
0.22837
0.31465
0.45231
0.26625
0.39528
0.41245
0.21928
0.25564
0.35609
0.30203
0.28103
0.25329
0.29846
0.23894
0.28275
0.28009
0.29964
0.28180
0.36643
0.27934
0.29995
0.27838
0.19159
0.28066
0.38969
0.23887
0.14448
0.31286
0.17321
0.22259
0.40374
0.18297
0.26306
0.25216
0.28629
0.25088
0.44276
0.20233
0.35193
0.38744
0.26115
0.24098
0.26471
0.27086
0.25033
0.36440
0.21383
0.37045
0.36368
0.21867
0.25210
0.24689
0.35311
0.28671
0.22840
0.32676
0.40908
0.33929
0.28466
0.34597
0.36580
0.24157
0.28975
0.29730
0.38965
0.22261
0.24947
0.25781
0.34970
0.29525
0.26455
0.28824
0.33741
0.36323
0.25235
0.31281
0.36585
0.31059
0.29385
0.24727
0.39299
0.30619
0.26689
0.30480
0.29632
0.35910
0.28694
0.29905
0.23964
0.35049
0.28052
0.23072
0.31248
0.30888
0.22853
0.28990
0.19971
0.31990
0.20848
0.06815
0.21830
0.20797
0.17644
0.24459
0.22602
0.25298
0.28443
0.25357
0.08888
0.21239
0.07052
0.28610
0.16194
0.21894
0.25928
0.10210
0.11824
0.22601
0.14650
0.11617
0.16644
0.20468
0.26369
0.08509
0.22584
0.26051
0.07358
0.32120
0.20087
0.00487
0.05342
0.14000
0.23726
0.14622
0.20391
0.20165
0.26794
0.03598
0.09318
0.04440
0.08546
0.29621
0.08047
0.12602
0.19038
0.28709
0.15631
0.29409
0.22175
0.10707
0.29100
0.09887
0.07060
0.30479
0.19023
0.26994
0.09060
0.05087
0.19909
0.20727
0.28859
0.24463
0.04610
0.10213
0.16302
0.20207
0.19715
0.18940
0.10020
0.19192
0.17217
0.14472
0.23091
0.32032
0.07440
0.10549
0.18153
0.05536
0.03549
0.27623
0.16979
0.17629
0.28065
0.27697
0.19661
0.33423
0.18841
0.25507
0.22795
0.23281
0.15261
0.08221
0.25566
0.11396
0.09809
0.19204
0.27103
0.23865
0.26790
0.10084
0.06368
0.16232
0.16476
0.17828
0.30348
0.14811
0.23759
0.32415
0.10734
0.24578
0.12799
0.03034
0.05166
0.12434
0.07825
0.08239
0.21293
0.26392
0.14407
0.08625
0.06023
0.10465
0.11750
0.26057
