0.09389
0.10643
0.05612
0.22811
0.10138
0.15230
0.21822
0.15296
0.18532
0.06242
0.15860
0.12646
0.14715
0.11313
0.11678
0.21218
0.12301
0.10189
0.09105
0.15900
0.27640
0.10738
0.14883
0.03009
0.22855
0.11341
0.10576
0.14737
0.08462
0.16572
0.14477
0.25568
0.15316
0.11665
0.10129
0.09640
0.12842
0.10548
0.08826
0.14074
0.27103
0.21950
0.09872
0.13447
0.30224
0.18093
0.15855
0.23697
0.19578
0.11649
0.10685
0.16476
0.11915
0.28144
0.09794
0.20590
0.20818
0.13286
0.13925
0.06569
0.27299
0.28186
0.12972
0.25501
0.26433
0.30504
0.06701
0.15880
0.11446
0.02400
0.11333
0.29622
0.31296
0.14691
0.26746
0.12466
0.08909
0.03607
0.19897
0.14500
0.29590
0.18762
0.29485
0.26667
0.27263
0.31718
0.09582
0.07573
0.13028
0.27900
0.32804
0.16754
0.08881
0.27570
0.06657
0.15300
0.18996
0.21514
0.18802
0.14904
0.09560
0.15317
0.11090
0.12863
0.20301
0.30119
0.14056
0.17041
0.14434
0.28657
0.02654
0.28903
0.08414
0.22644
0.10052
0.12884
0.27487
0.04987
0.06084
0.17153
0.22330
0.07720
0.24266
0.01424
0.08760
0.14844
0.31168
0.28034
0.14008
0.24760
0.10072
0.13451
0.31733
0.33299
0.09833
0.12779
0.05379
0.27385
0.24941
0.05741
0.12809
0.02683
0.27949
0.13673
0.10734
0.28225
0.08028
0.32100
0.18556
0.09338
0.17497
0.22286
0.09912
0.31126
0.29307
0.33781
0.10543
0.19180
0.15598
0.21646
0.25735
0.29613
0.28094
0.31763
0.09492
0.13292
0.30501
0.26049
0.04942
0.20003
0.05437
0.21470
0.21343
0.02828
0.11205
0.18669
0.05437
0.05011
0.15102
0.25955
0.05131
0.11107
0.21333
0.12568
0.06285
0.12657
0.21517
0.24937
0.26380
0.20879
0.11982
0.04457
0.05669
0.15322
0.13566
0.24387
0.16267
0.12756
0.10789
0.26997
0.19223
0.11295
0.18958
0.16920
0.03858
0.21716
0.07124
0.20451
0.24063
0.10115
0.24434
0.21126
0.11153
0.26925
0.25959
0.24891
0.12175
0.26797
0.18384
0.33726
0.09163
0.15396
0.12863
0.05394
0.05463
0.06042
0.17967
0.19367
0.14975
0.06159
0.23394
0.08083
0.26456
0.13382
0.06185
0.28375
0.10849
0.03373
0.10556
0.25811
0.05207
0.27549
0.08096
0.11979
0.13393
0.21025
0.10464
0.04931
0.13551
0.11556
0.10318
0.12988
0.12834
0.24556
0.13635
0.16461
0.18980
0.05530
0.04858
0.14191
0.21458
0.16659
0.22585
0.16620
0.14761
0.18496
0.29390
0.10037
0.15025
0.03882
0.08202
0.13005
0.05877
0.04649
0.34825
0.14549
0.08157
0.21459
0.13782
0.07833
0.16290
0.33143
0.12748
0.12390
0.30657
0.12351
0.21429
0.19050
0.17369
0.10381
0.07106
0.05336
0.19343
0.21085
0.17991
0.09413
0.15522
0.19091
0.14889
0.12693
0.30673
0.28331
0.29953
0.12186
0.06371
0.30225
0.30749
0.27532
0.03167
0.25007
0.12058
0.30728
0.11920
0.07476
0.19174
0.14910
0.07992
0.13535
0.24386
0.06163
0.08562
0.08446
0.27421
0.15090
0.25742
0.11686
0.24020
0.22747
0.15014
0.06167
0.19344
0.21596
0.32344
0.24676
0.34054
0.22193
0.20230
0.27565
0.26430
0.26381
0.06453
0.11357
0.11646
0.21614
0.04605
0.06469
0.19676
0.12633
0.20302
0.07876
0.14492
0.11324
0.26631
0.26352
0.27283
0.18923
0.27776
0.09282
0.12880
0.32687
0.06689
0.20112
0.05472
0.08421
0.16974
0.08153
0.23256
0.31377
0.06587
0.09338
0.11712
0.24084
0.11025
0.06409
0.05688
0.04880
0.08893
0.07935
0.18229
0.06811
0.26944
0.19969
0.19680
0.08410
0.18995
0.28316
0.18002
0.25034
0.34799
0.17630
0.28375
0.29984
0.28789
0.32054
0.26728
0.23608
0.35148
0.21940
0.23757
0.23715
0.21101
0.27801
0.19499
0.36511
0.33302
0.26061
0.23798
0.25568
0.24296
0.33754
0.28266
0.20944
0.31740
0.33244
0.18225
0.24321
0.32343
0.27704
0.23971
0.22243
0.24644
0.31091
0.22151
0.22217
0.34392
0.24062
0.21834
0.28371
0.18444
0.29955
0.35356
0.27288
0.30506
0.29468
0.25018
0.25092
0.27755
0.30575
0.17686
0.25490
0.29693
0.23155
0.22916
0.28701
0.17251
0.30115
0.24211
0.28105
0.31633
0.30096
0.24590
0.18370
0.29193
0.33974
0.15087
0.25111
0.17047
0.16410
0.21319
0.35041
0.28802
0.33407
0.14677
0.35033
0.27016
0.26652
0.34744
0.32330
0.27710
0.27123
0.24088
0.26712
0.20484
0.34866
0.27593
0.19893
0.15376
0.31964
0.19893
0.26555
0.30921
0.24211
0.34865
0.31786
0.21208
0.32283
0.30979
0.15112
0.16082
0.26437
0.16589
0.18307
0.14799
0.26170
0.34072
0.25429
0.25440
0.24220
0.28084
0.21512
0.29915
0.23430
0.28082
0.17210
0.27415
0.28073
0.21217
0.15828
0.33815
0.29025
0.18402
0.32779
0.32019
0.24753
0.34417
0.30782
0.23825
0.21257
0.21749
0.27859
0.28916
0.25936
0.25701
0.21008
0.13046
0.29270
0.17824
0.25547
0.23955
0.26417
0.30983
0.29124
0.20041
0.23291
0.26528
0.22285
0.25424
0.19669
0.23640
0.21628
0.22557
0.19790
0.29646
0.32683
0.31971
0.20649
0.20653
0.31754
0.20217
0.19970
0.20928
0.29710
0.29154
0.16427
0.17975
0.25052
0.27389
0.18109
0.14517
0.19509
0.28257
0.15722
0.25443
0.24825
0.29681
0.16945
0.21808
0.27932
0.27390
0.17495
0.27051
0.24459
0.24936
0.35560
0.16973
0.31146
0.22880
0.35926
0.31210
0.21234
0.26994
0.28359
0.27186
0.19959
0.30056
0.27540
0.22267
0.29485
0.26370
0.33820
0.23389
0.28606
0.21219
0.33093
0.20244
0.22378
0.22418
0.24102
0.26104
0.25012
0.22025
0.24283
0.21877
0.31287
0.19546
0.30973
0.20014
0.26262
0.28858
0.28915
0.30958
0.12644
0.19474
0.32284
0.31995
0.23164
0.24490
0.24550
0.24378
0.21500
0.19964
0.29507
0.29267
0.25774
0.26037
0.17673
0.29021
0.29695
0.25363
0.23840
0.25112
0.31961
0.26553
0.16331
0.16447
0.28802
0.30110
0.28073
0.26765
0.21444
0.34222
0.34329
0.14185
0.22582
0.32257
0.27426
0.23239
0.29327
0.32527
0.23507
0.17572
0.19276
0.23023
0.25739
0.34758
0.27175
0.27114
0.25601
0.22385
0.25290
0.30131
0.27985
0.15644
0.33750
0.21883
0.23249
0.33189
0.30000
0.22647
0.24502
0.20579
0.29799
0.34742
0.32585
0.20794
0.28986
0.18894
0.30180
0.31229
0.13093
0.25161
0.20434
0.20734
0.26650
0.23018
0.23580
0.21403
0.24446
0.22404
0.17092
0.20433
0.33425
0.24553
0.23141
0.17917
0.25025
0.23490
0.21800
0.14880
0.30959
0.28622
0.34202
0.23774
0.21943
0.26933
0.25558
0.20406
0.26445
0.16591
0.32533
0.25926
0.33549
0.28368
0.28360
0.34385
0.25208
0.25903
0.27446
0.16331
0.22773
0.27089
0.20818
0.26484
0.30494
0.26494
0.31778
0.38243
0.29639
0.31895
0.24900
0.29486
0.29221
0.35220
0.24589
0.26679
0.31474
0.32728
0.27249
0.31244
0.36622
0.23235
0.23438
0.33680
0.19778
0.30785
0.31637
0.24584
0.26738
0.33758
0.22066
0.22862
0.29517
0.25085
0.15834
0.23411
0.24777
0.25153
0.29093
0.28754
0.28885
0.21305
0.30262
0.27373
0.29240
0.25532
0.27416
0.11419
0.31770
0.33245
0.35094
0.32902
0.33003
0.41101
0.38381
0.27033
0.20847
0.31366
0.36083
0.29245
0.20230
0.32436
0.35056
0.25446
0.25972
0.32577
0.26913
0.25862
0.25658
0.33657
0.35707
0.40403
0.29624
0.30571
0.26967
0.38344
0.27806
0.30146
0.31684
0.37134
0.26586
0.17225
0.29080
0.46103
0.24378
0.41617
0.42615
0.20350
0.28737
0.38741
0.33646
0.29276
0.25217
0.29197
0.21697
0.28321
0.29465
0.31147
0.30659
0.38819
0.29552
0.28987
0.25787
0.22696
0.27086
0.41035
0.19389
0.12745
0.33670
0.12893
0.17141
0.42235
0.15662
0.24579
0.20864
0.29970
0.23530
0.44993
0.19342
0.34010
0.40962
0.24918
0.25109
0.25753
0.25966
0.22581
0.36168
0.19401
0.36826
0.35731
0.27269
0.25982
0.25260
0.34931
0.27591
0.22170
0.34199
0.41773
0.30524
0.30004
0.37213
0.37354
0.23695
0.24205
0.28018
0.39257
0.23015
0.25079
0.23914
0.36057
0.28950
0.26784
0.27981
0.34667
0.35473
0.24710
0.31349
0.33627
0.29105
0.30783
0.27205
0.38823
0.30401
0.26304
0.29622
0.31014
0.34630
0.27936
0.30334
0.23258
0.31784
0.26192
0.25493
0.31853
0.30953
0.25655
0.28023
0.18464
0.29582
0.20296
0.03671
0.14701
0.20111
0.20387
0.24216
0.19999
0.24041
0.33342
0.21855
0.06311
0.13928
0.04036
0.29344
0.26341
0.19369
0.28295
0.07836
0.16653
0.17846
0.23054
0.09161
0.07625
0.15838
0.25708
0.21126
0.20953
0.19825
0.09828
0.33315
0.21036
0.05717
0.08709
0.12651
0.23954
0.08221
0.23142
0.18479
0.31092
0.07237
0.03492
0.10696
0.06267
0.29656
0.11220
0.13115
0.18872
0.26471
0.13583
0.22055
0.21539
0.05277
0.28190
0.07947
0.05424
0.22423
0.19827
0.16260
0.06580
0.06928
0.20633
0.20886
0.27349
0.25666
0.04049
0.07394
0.19501
0.20917
0.13764
0.17034
0.11326
0.19378
0.21651
0.07176
0.25685
0.27620
0.11002
0.07800
0.15230
0.06151
0.05857
0.20704
0.15789
0.18399
0.25732
0.22341
0.19472
0.30920
0.22633
0.17598
0.16643
0.17910
0.21323
0.01195
0.21974
0.07123
0.05481
0.22983
0.25073
0.31295
0.22045
0.09326
0.06234
0.14657
0.20244
0.18100
0.21906
0.08684
0.18447
0.30032
0.15382
0.25197
0.14011
0.04509
0.03734
0.18736
0.07434
0.11001
0.26711
0.25690
0.10228
0.08031
0.01342
0.05461
0.10786
0.23002
