0.16135
0.11501
0.10043
0.25451
0.12775
0.15481
0.26448
0.18076
0.21392
0.13111
0.22376
0.15559
0.19985
0.13586
0.19444
0.22471
0.14493
0.19583
0.11764
0.17297
0.31091
0.18956
0.21863
0.08214
0.25832
0.19918
0.17752
0.24290
0.18779
0.21360
0.20031
0.28768
0.19231
0.10048
0.15939
0.11585
0.15408
0.15320
0.18933
0.19615
0.30021
0.27192
0.12496
0.23066
0.28576
0.21549
0.18492
0.28251
0.21884
0.21483
0.11715
0.16925
0.15282
0.29434
0.12349
0.25466
0.25298
0.16720
0.18514
0.14185
0.27010
0.30774
0.18791
0.22537
0.28614
0.30270
0.13493
0.20808
0.17366
0.11312
0.14543
0.31367
0.31826
0.23554
0.22004
0.16526
0.12040
0.11102
0.24462
0.18654
0.30578
0.24774
0.36332
0.23941
0.27311
0.34146
0.11038
0.15187
0.18855
0.27918
0.31381
0.19031
0.09617
0.25040
0.16452
0.22999
0.22757
0.21276
0.22219
0.17727
0.11957
0.22644
0.17162
0.13081
0.25077
0.29793
0.22619
0.17934
0.24607
0.27847
0.11385
0.27596
0.12206
0.25390
0.17235
0.19750
0.26259
0.08040
0.11443
0.22080
0.23221
0.14151
0.28932
0.05674
0.15155
0.16396
0.30659
0.26082
0.25628
0.24384
0.15454
0.13958
0.28557
0.33124
0.13803
0.23365
0.15737
0.27263
0.29081
0.13786
0.18555
0.10806
0.30678
0.24774
0.22655
0.30567
0.16333
0.34097
0.20816
0.10206
0.21855
0.31132
0.13557
0.31287
0.31186
0.31441
0.12687
0.21174
0.17422
0.24058
0.27903
0.27955
0.30137
0.30338
0.10319
0.17720
0.27951
0.24375
0.15483
0.26567
0.12606
0.26905
0.22363
0.07943
0.14955
0.24772
0.10298
0.11210
0.22790
0.26689
0.13220
0.11411
0.23992
0.21916
0.16543
0.24295
0.23605
0.27154
0.25284
0.19946
0.20792
0.10145
0.11894
0.18550
0.20622
0.24756
0.23316
0.24176
0.15680
0.25030
0.23793
0.11972
0.23417
0.21445
0.15907
0.26190
0.16244
0.25192
0.27231
0.15876
0.27439
0.20541
0.18890
0.22880
0.24533
0.21355
0.18362
0.27741
0.25117
0.32310
0.15820
0.27028
0.14769
0.16344
0.13369
0.13933
0.22505
0.26156
0.21610
0.12099
0.25127
0.15334
0.25627
0.19545
0.11505
0.26771
0.10867
0.08236
0.13947
0.23838
0.18054
0.30935
0.17283
0.12629
0.21187
0.20869
0.11418
0.06693
0.16649
0.11594
0.17292
0.18282
0.15916
0.27931
0.15004
0.18568
0.21675
0.18316
0.13961
0.14999
0.18235
0.17425
0.21330
0.18785
0.18441
0.25593
0.32127
0.11586
0.15384
0.08638
0.11877
0.17788
0.13358
0.09277
0.36068
0.18632
0.13629
0.21804
0.18070
0.12551
0.14604
0.33162
0.17290
0.15793
0.28171
0.11924
0.21703
0.22231
0.22896
0.23266
0.15554
0.13405
0.22349
0.24428
0.20149
0.12728
0.18196
0.25122
0.20514
0.21924
0.33389
0.31858
0.27392
0.20381
0.16852
0.30247
0.30602
0.32069
0.10228
0.27999
0.14269
0.29021
0.22648
0.10419
0.18016
0.22072
0.14113
0.26125
0.21145
0.14589
0.11281
0.11978
0.24717
0.30439
0.26026
0.18808
0.21602
0.25360
0.13876
0.11609
0.28569
0.26115
0.35369
0.28702
0.31864
0.24433
0.24432
0.30600
0.25476
0.26760
0.13107
0.13953
0.19642
0.24760
0.10651
0.15203
0.24959
0.16135
0.24783
0.15957
0.21154
0.19266
0.29640
0.20259
0.26318
0.21562
0.22936
0.21157
0.14512
0.30583
0.13790
0.22990
0.11015
0.15585
0.14377
0.13452
0.26186
0.31891
0.16370
0.15288
0.20095
0.25190
0.11400
0.13414
0.12347
0.09143
0.14230
0.15293
0.23195
0.14630
0.26793
0.23712
0.22306
0.16218
0.15582
0.25226
0.23274
0.30876
0.32473
0.18946
0.22535
0.31337
0.32387
0.33982
0.25734
0.28815
0.32013
0.27953
0.21592
0.28227
0.19738
0.32277
0.18777
0.34310
0.28595
0.20574
0.28609
0.25664
0.28816
0.35350
0.31674
0.26237
0.28325
0.30427
0.26907
0.28711
0.28050
0.26796
0.23074
0.25998
0.31158
0.26660
0.29730
0.20743
0.30595
0.29450
0.28084
0.34436
0.20476
0.29376
0.30749
0.28646
0.33013
0.31912
0.30761
0.22782
0.32152
0.31910
0.26025
0.29894
0.29677
0.28313
0.31417
0.30357
0.23089
0.31835
0.25611
0.27558
0.25127
0.22754
0.29649
0.15738
0.26691
0.33044
0.08477
0.27584
0.25653
0.23139
0.13999
0.36740
0.29975
0.26454
0.17398
0.29568
0.26934
0.25653
0.31769
0.27162
0.32477
0.27890
0.23404
0.27323
0.17245
0.33378
0.31312
0.27788
0.16603
0.34159
0.19076
0.25003
0.27178
0.24230
0.31564
0.28015
0.18255
0.29118
0.28884
0.11965
0.21637
0.31642
0.16974
0.16096
0.16350
0.28888
0.27247
0.30336
0.29347
0.24467
0.32014
0.18580
0.31980
0.30246
0.31489
0.20238
0.27012
0.31191
0.21388
0.17974
0.34555
0.23569
0.24054
0.31810
0.29318
0.24539
0.34694
0.26752
0.21044
0.31815
0.18297
0.27005
0.29465
0.31206
0.27230
0.25584
0.17880
0.33998
0.20845
0.31676
0.21273
0.30411
0.33520
0.25672
0.16749
0.19663
0.26806
0.19307
0.31650
0.16807
0.25364
0.24405
0.22265
0.25923
0.30894
0.29500
0.30734
0.27582
0.24149
0.28285
0.21607
0.23561
0.25619
0.25972
0.28655
0.14250
0.19107
0.29050
0.30202
0.25235
0.15092
0.17569
0.25043
0.25733
0.21837
0.28598
0.32977
0.14633
0.28497
0.25060
0.29068
0.16798
0.32233
0.27933
0.25326
0.37675
0.19264
0.29122
0.24040
0.29411
0.28037
0.29839
0.27346
0.30562
0.24947
0.16929
0.28776
0.28001
0.30113
0.25113
0.25258
0.31661
0.22949
0.19720
0.21313
0.31731
0.26673
0.31856
0.24040
0.29046
0.27746
0.25842
0.19237
0.27801
0.23530
0.31201
0.21609
0.32876
0.21891
0.30213
0.24697
0.24864
0.27774
0.14466
0.27418
0.30427
0.28994
0.28531
0.31462
0.33173
0.26390
0.28456
0.26531
0.28774
0.28305
0.30255
0.23124
0.14367
0.32427
0.28435
0.23803
0.30878
0.21644
0.28865
0.31450
0.24022
0.20283
0.26264
0.28892
0.31046
0.29538
0.23973
0.29015
0.32834
0.15909
0.22479
0.25084
0.28798
0.30641
0.29831
0.29650
0.20513
0.22713
0.15492
0.29249
0.30769
0.35356
0.28430
0.27214
0.31000
0.23045
0.26300
0.24025
0.22455
0.19332
0.28389
0.23184
0.19501
0.29661
0.29319
0.28700
0.22782
0.29295
0.26841
0.34798
0.30030
0.25949
0.22723
0.16614
0.33706
0.26766
0.11789
0.31043
0.16074
0.27019
0.30570
0.22439
0.30376
0.19101
0.29614
0.18423
0.27542
0.25894
0.31588
0.29618
0.29942
0.19522
0.23007
0.24370
0.24479
0.22278
0.29518
0.27656
0.32566
0.26370
0.28553
0.30631
0.26117
0.27758
0.26246
0.18424
0.29500
0.27297
0.29623
0.27513
0.27245
0.31626
0.22532
0.30129
0.32256
0.21018
0.23898
0.31172
0.27369
0.33204
0.26514
0.32011
0.34091
0.36356
0.27129
0.30276
0.24963
0.26820
0.26239
0.30547
0.29696
0.26825
0.27891
0.27236
0.31889
0.28930
0.36365
0.19959
0.28482
0.30730
0.26291
0.29112
0.31984
0.23040
0.27009
0.32257
0.23020
0.31448
0.25018
0.29893
0.27675
0.28653
0.29630
0.22166
0.26015
0.34425
0.27037
0.27984
0.32251
0.28275
0.32679
0.30317
0.27928
0.14591
0.26086
0.34130
0.34307
0.33771
0.31344
0.40769
0.40201
0.29404
0.18345
0.32773
0.38497
0.28540
0.14726
0.32864
0.34267
0.24740
0.27001
0.31040
0.26411
0.24575
0.27773
0.35433
0.33949
0.38850
0.26088
0.33053
0.29022
0.39785
0.25408
0.29966
0.31272
0.32610
0.30365
0.19736
0.29730
0.43688
0.24105
0.40406
0.42579
0.19252
0.31979
0.36317
0.31801
0.29030
0.26469
0.30945
0.24634
0.28663
0.32924
0.26569
0.28032
0.37377
0.31296
0.30285
0.25143
0.21543
0.28902
0.40589
0.21130
0.10047
0.32218
0.14211
0.19604
0.41795
0.17302
0.22442
0.23209
0.30054
0.22788
0.42659
0.18918
0.33972
0.40306
0.25866
0.20190
0.28075
0.21278
0.15110
0.37613
0.16631
0.33298
0.33729
0.29378
0.25722
0.26669
0.33137
0.28528
0.19568
0.33387
0.42469
0.32767
0.28898
0.36165
0.37713
0.25680
0.24526
0.28260
0.37644
0.18755
0.22081
0.23559
0.33915
0.30692
0.25051
0.29046
0.30940
0.34093
0.18962
0.31799
0.35832
0.29014
0.31498
0.24892
0.38372
0.31188
0.22399
0.30845
0.32504
0.31749
0.26771
0.31260
0.22410
0.33367
0.24958
0.26048
0.33312
0.31525
0.25379
0.30775
0.22123
0.30690
0.25314
0.07736
0.17151
0.19446
0.25165
0.24324
0.24134
0.25843
0.36411
0.25735
0.16176
0.21278
0.08802
0.23274
0.27432
0.19032
0.30397
0.17228
0.12125
0.24974
0.23946
0.13436
0.18762
0.25299
0.25139
0.20970
0.22663
0.24309
0.13660
0.29110
0.24806
0.08691
0.12823
0.17314
0.31938
0.16101
0.20394
0.20646
0.33913
0.11991
0.08431
0.06908
0.09600
0.26770
0.11536
0.22212
0.20674
0.34730
0.19199
0.33067
0.20440
0.10678
0.32266
0.10632
0.10135
0.31951
0.18011
0.28478
0.14449
0.10743
0.21431
0.18931
0.28962
0.21334
0.09721
0.09895
0.20358
0.20792
0.24660
0.16200
0.17776
0.26318
0.19341
0.15590
0.28310
0.28828
0.15316
0.19939
0.24236
0.15861
0.10857
0.29686
0.23599
0.20902
0.22514
0.26893
0.20137
0.34760
0.24552
0.29268
0.25725
0.25144
0.19911
0.08524
0.28097
0.14347
0.11851
0.22421
0.23762
0.26112
0.23109
0.19510
0.14128
0.16945
0.25341
0.26061
0.32900
0.16613
0.26052
0.33523
0.15250
0.23280
0.13871
0.08017
0.10068
0.08481
0.12277
0.12715
0.24234
0.28162
0.14188
0.08820
0.10289
0.16443
0.17202
0.32777
