0.11039
0.10621
0.06570
0.23535
0.09265
0.11716
0.20482
0.14582
0.20072
0.03587
0.21015
0.11396
0.18265
0.11253
0.14971
0.22718
0.13279
0.19030
0.07490
0.14928
0.30373
0.11786
0.18699
0.05990
0.24537
0.14367
0.10260
0.20889
0.10963
0.16197
0.17814
0.25494
0.12912
0.10834
0.05888
0.09376
0.16220
0.07375
0.07542
0.17489
0.27943
0.28042
0.11522
0.10119
0.29325
0.17223
0.15109
0.19244
0.23102
0.13138
0.12457
0.14986
0.13467
0.29340
0.09068
0.23050
0.24510
0.16554
0.15278
0.06706
0.24214
0.26704
0.13317
0.20311
0.26608
0.28184
0.03918
0.14293
0.07538
0.04242
0.16573
0.27860
0.22731
0.15480
0.22633
0.09421
0.07902
0.01995
0.18713
0.19661
0.29836
0.15487
0.31313
0.28208
0.27582
0.29770
0.09621
0.09800
0.13309
0.29955
0.29468
0.20090
0.05911
0.25580
0.07342
0.15721
0.21835
0.20388
0.16584
0.18552
0.09698
0.22250
0.12123
0.12623
0.19645
0.29876
0.16345
0.14654
0.15393
0.25717
0.03558
0.26468
0.10016
0.25321
0.10133
0.17512
0.26251
0.06206
0.07850
0.20824
0.20837
0.09591
0.26817
0.03192
0.11037
0.12906
0.33579
0.22247
0.15383
0.28208
0.13121
0.13343
0.29658
0.32956
0.09594
0.14833
0.05389
0.28831
0.25811
0.02668
0.16944
0.02744
0.28869
0.18028
0.12083
0.33490
0.06977
0.33515
0.17105
0.08837
0.13789
0.26279
0.11441
0.30865
0.30467
0.31497
0.13778
0.16125
0.16014
0.15344
0.23247
0.28184
0.30526
0.30313
0.09375
0.10942
0.26412
0.28971
0.09415
0.26261
0.04202
0.25152
0.16464
0.05802
0.11374
0.17214
0.08044
0.08865
0.18018
0.25896
0.11466
0.10143
0.20029
0.15150
0.07220
0.22764
0.20317
0.25274
0.25300
0.21090
0.07166
0.06240
0.05890
0.16921
0.12025
0.25745
0.19640
0.17287
0.08760
0.27130
0.21347
0.14088
0.13451
0.14956
0.04096
0.20022
0.08143
0.21845
0.24429
0.09139
0.28955
0.24794
0.11239
0.22562
0.20696
0.25753
0.14421
0.23646
0.23154
0.32517
0.11880
0.17339
0.12421
0.06534
0.08936
0.07186
0.18741
0.12673
0.21419
0.05535
0.23241
0.07509
0.23363
0.09573
0.03843
0.29622
0.12762
0.02873
0.12125
0.28240
0.06585
0.31029
0.11290
0.10603
0.15420
0.23819
0.13307
0.07327
0.12132
0.11401
0.10804
0.13242
0.16364
0.20109
0.15660
0.14657
0.20614
0.05942
0.03080
0.13041
0.24478
0.18707
0.24563
0.16633
0.12355
0.26316
0.30847
0.10009
0.21475
0.05027
0.10778
0.12398
0.04991
0.03369
0.34949
0.17335
0.06082
0.19636
0.18495
0.07246
0.15486
0.32514
0.13809
0.04450
0.29410
0.15123
0.16197
0.15690
0.19922
0.09904
0.11671
0.08847
0.24201
0.20718
0.15856
0.10076
0.14149
0.21333
0.19915
0.11893
0.31242
0.28175
0.25319
0.19197
0.07123
0.28605
0.29644
0.29539
0.03599
0.24048
0.10442
0.29482
0.11823
0.07669
0.18584
0.14607
0.08818
0.13847
0.19259
0.06545
0.08730
0.09201
0.21565
0.12248
0.23888
0.16717
0.19851
0.22979
0.16518
0.04941
0.22307
0.27407
0.31500
0.25281
0.29330
0.25113
0.22592
0.30426
0.29507
0.25213
0.05965
0.04946
0.15129
0.22263
0.07083
0.06634
0.16095
0.14506
0.25293
0.11224
0.18118
0.10428
0.24172
0.19219
0.22266
0.25096
0.28856
0.14335
0.13482
0.30306
0.06142
0.26258
0.05792
0.09511
0.21668
0.05665
0.24640
0.30206
0.06558
0.09753
0.13933
0.23806
0.10848
0.04453
0.08658
0.03217
0.03222
0.10449
0.15715
0.06444
0.26237
0.21784
0.24249
0.11438
0.16845
0.28342
0.19611
0.24545
0.32404
0.15946
0.24687
0.32505
0.27346
0.31611
0.27698
0.22625
0.32873
0.24287
0.25817
0.22587
0.23226
0.28538
0.19444
0.35842
0.30286
0.23288
0.22287
0.27114
0.27222
0.36923
0.25692
0.21456
0.29745
0.31097
0.18737
0.23643
0.31280
0.29347
0.27179
0.27195
0.26604
0.28955
0.24931
0.23281
0.33861
0.23544
0.22439
0.29491
0.18412
0.33010
0.32942
0.30702
0.29892
0.30883
0.26020
0.26317
0.27687
0.32587
0.20459
0.27402
0.28380
0.24735
0.27853
0.31758
0.17454
0.29933
0.27550
0.26108
0.30389
0.26870
0.26465
0.19168
0.27325
0.34151
0.14597
0.29134
0.20896
0.22298
0.18882
0.39086
0.32094
0.30385
0.17180
0.32816
0.27609
0.27907
0.35887
0.27852
0.27642
0.29924
0.25019
0.29521
0.16771
0.34709
0.28643
0.21682
0.18647
0.34516
0.20769
0.28462
0.26186
0.25727
0.32559
0.30935
0.21051
0.30423
0.31065
0.16055
0.19088
0.25773
0.19546
0.20954
0.17074
0.27530
0.31112
0.25249
0.27800
0.25153
0.28559
0.23885
0.30516
0.25986
0.27884
0.21807
0.27403
0.27046
0.21933
0.18991
0.35906
0.28863
0.22449
0.27013
0.29099
0.26834
0.36734
0.28831
0.25755
0.26916
0.20768
0.27495
0.30065
0.26185
0.23497
0.22919
0.17525
0.30407
0.25060
0.25553
0.24158
0.24635
0.32731
0.24889
0.20338
0.21351
0.28718
0.21613
0.26987
0.19063
0.20182
0.21331
0.20581
0.21390
0.32065
0.30793
0.30048
0.22010
0.21197
0.30021
0.16741
0.23032
0.20887
0.26006
0.29730
0.16292
0.20762
0.27995
0.25853
0.20619
0.16390
0.16795
0.25197
0.23118
0.26217
0.27837
0.32025
0.17515
0.23593
0.27023
0.27101
0.20587
0.26898
0.23433
0.28557
0.38554
0.20716
0.27783
0.25464
0.35478
0.29450
0.23617
0.29107
0.27386
0.27541
0.19623
0.30973
0.28844
0.23878
0.27567
0.26782
0.32428
0.24929
0.27836
0.20658
0.33185
0.23130
0.29274
0.21933
0.22757
0.27004
0.27597
0.19390
0.23902
0.24559
0.32367
0.22419
0.32758
0.25317
0.22444
0.26201
0.25611
0.27205
0.15032
0.22483
0.30907
0.30804
0.23914
0.26129
0.29054
0.27417
0.22387
0.22324
0.27569
0.30797
0.26885
0.22951
0.17548
0.26214
0.27277
0.28685
0.26802
0.23121
0.29911
0.28110
0.17792
0.23735
0.27079
0.25841
0.29733
0.25041
0.25542
0.31759
0.32460
0.17212
0.28244
0.28777
0.22595
0.25437
0.32579
0.31880
0.21660
0.20895
0.17331
0.24716
0.27039
0.33600
0.28365
0.31738
0.26776
0.24278
0.28060
0.28358
0.25995
0.18599
0.29794
0.22081
0.19276
0.31844
0.30367
0.24980
0.24812
0.23607
0.27763
0.30745
0.30894
0.22359
0.25493
0.20580
0.26567
0.30512
0.12581
0.26468
0.16842
0.23802
0.26958
0.23243
0.25793
0.25364
0.24643
0.21525
0.22901
0.23364
0.30917
0.27259
0.22576
0.20671
0.27585
0.24938
0.25719
0.20655
0.29793
0.25426
0.34279
0.24542
0.22667
0.25942
0.27783
0.23455
0.26683
0.18052
0.31025
0.27916
0.31679
0.25479
0.27516
0.32521
0.28235
0.25715
0.28836
0.18107
0.21701
0.29989
0.22198
0.27368
0.28176
0.25573
0.31575
0.36695
0.26600
0.31083
0.28584
0.28852
0.29499
0.34505
0.22944
0.28835
0.30543
0.30855
0.27159
0.30606
0.36725
0.21747
0.25795
0.33850
0.23805
0.31255
0.34559
0.24398
0.25039
0.33035
0.23456
0.27496
0.29701
0.27617
0.20024
0.25341
0.24435
0.27744
0.28886
0.28978
0.27881
0.25609
0.26596
0.27328
0.30341
0.26185
0.26744
0.16442
0.31446
0.31423
0.34812
0.30715
0.31603
0.37049
0.35574
0.25290
0.20249
0.29539
0.38309
0.25784
0.20790
0.30898
0.32694
0.25991
0.22270
0.31375
0.26294
0.27657
0.22721
0.31209
0.33745
0.38634
0.29033
0.27492
0.26968
0.37366
0.28910
0.29661
0.31815
0.37598
0.27222
0.18099
0.29937
0.42482
0.24234
0.35612
0.38741
0.18005
0.30650
0.35338
0.30296
0.27609
0.25257
0.27863
0.22661
0.28402
0.24054
0.30859
0.29536
0.32370
0.26892
0.28038
0.26949
0.22105
0.22473
0.37057
0.23643
0.13187
0.29525
0.13544
0.17276
0.38492
0.18606
0.21840
0.21977
0.26380
0.25195
0.46279
0.19914
0.31162
0.38934
0.23963
0.24443
0.24151
0.24852
0.21296
0.32651
0.18974
0.31848
0.34679
0.23911
0.24614
0.22807
0.32874
0.26979
0.21470
0.33484
0.42948
0.28612
0.29065
0.36325
0.32396
0.22156
0.27308
0.28207
0.37493
0.22444
0.23206
0.23322
0.37137
0.25702
0.26091
0.25775
0.31595
0.37405
0.23783
0.30513
0.31767
0.30173
0.29931
0.26469
0.40981
0.29287
0.26031
0.27484
0.32169
0.33358
0.26054
0.28301
0.23673
0.35531
0.27137
0.25469
0.28656
0.27339
0.23618
0.28407
0.15597
0.30823
0.21644
0.08941
0.20096
0.19580
0.20301
0.26998
0.16762
0.22192
0.30166
0.24837
0.05402
0.10926
0.01052
0.27135
0.24985
0.16651
0.30166
0.05222
0.04222
0.16631
0.25580
0.06051
0.17028
0.24179
0.30740
0.18813
0.20866
0.25810
0.02199
0.33437
0.13938
0.01916
0.04395
0.12681
0.31195
0.11998
0.20446
0.19355
0.28301
0.05903
0.06958
0.03212
0.04650
0.25239
0.12701
0.09170
0.22195
0.29672
0.09264
0.30565
0.20821
0.04635
0.27400
0.10440
0.03754
0.27173
0.18280
0.21334
0.04080
0.06285
0.20261
0.18463
0.22216
0.21108
0.02574
0.05046
0.22499
0.23484
0.24302
0.18164
0.10238
0.25261
0.16491
0.14096
0.25018
0.23520
0.10497
0.11065
0.24677
0.09835
0.03422
0.25964
0.19976
0.16981
0.20986
0.23674
0.20490
0.35327
0.24163
0.24889
0.14401
0.25192
0.17101
0.01193
0.23406
0.08339
0.08188
0.16531
0.24589
0.26026
0.19891
0.07898
0.08555
0.09231
0.16222
0.26767
0.31031
0.08525
0.18801
0.28633
0.11261
0.25952
0.10020
0.01637
0.04931
0.14532
0.05205
0.05777
0.23991
0.24872
0.07357
0.14246
0.04460
0.07594
0.09371
0.28680
