0.11215
0.11570
0.09331
0.23958
0.10371
0.15821
0.23624
0.16545
0.20460
0.08321
0.23304
0.14597
0.17317
0.11507
0.17858
0.21709
0.14108
0.12313
0.08241
0.16521
0.28183
0.13492
0.16659
0.04799
0.22217
0.17958
0.14622
0.27316
0.08745
0.13101
0.15361
0.26673
0.17550
0.09119
0.07648
0.08793
0.10569
0.11918
0.13080
0.16394
0.31242
0.25205
0.10625
0.18119
0.28385
0.23770
0.18830
0.21935
0.19524
0.13359
0.10299
0.16589
0.12752
0.25894
0.09017
0.23200
0.21684
0.15998
0.13859
0.06898
0.27765
0.26393
0.17129
0.20665
0.27958
0.31011
0.04836
0.16618
0.12279
0.03595
0.13188
0.27690
0.29632
0.18324
0.25521
0.11078
0.06984
0.03031
0.22138
0.16185
0.29950
0.20059
0.29212
0.27066
0.22435
0.34354
0.09158
0.08951
0.16105
0.26773
0.31939
0.18296
0.08971
0.25086
0.09804
0.15676
0.20771
0.23281
0.19764
0.17270
0.09985
0.17147
0.12946
0.12214
0.21858
0.30812
0.15386
0.14069
0.12806
0.28261
0.03967
0.24408
0.11236
0.21376
0.11201
0.12855
0.23317
0.07067
0.08399
0.18748
0.25644
0.06855
0.29840
0.02439
0.09953
0.12199
0.29182
0.23833
0.19139
0.27183
0.10722
0.12713
0.27075
0.31606
0.10411
0.14783
0.12172
0.28279
0.24760
0.07347
0.11988
0.02147
0.29337
0.12560
0.15418
0.27485
0.06965
0.32180
0.18731
0.09994
0.19190
0.28000
0.11662
0.31342
0.29471
0.30922
0.09099
0.17845
0.13338
0.18915
0.20918
0.28845
0.28012
0.30333
0.08836
0.11585
0.31058
0.28929
0.09319
0.24120
0.08557
0.22301
0.21543
0.04307
0.09967
0.22722
0.10425
0.04401
0.15570
0.27921
0.09426
0.10978
0.24893
0.18384
0.11813
0.15936
0.25149
0.25037
0.23814
0.16312
0.11900
0.06884
0.10199
0.14932
0.15032
0.25068
0.19386
0.17060
0.08611
0.27267
0.23067
0.09827
0.20097
0.13691
0.05951
0.22902
0.11454
0.21826
0.25530
0.10234
0.22562
0.24330
0.12574
0.25166
0.24970
0.25338
0.12919
0.25708
0.19108
0.31697
0.11252
0.17698
0.15405
0.07070
0.13094
0.05285
0.19525
0.18192
0.15291
0.07790
0.26092
0.09721
0.25977
0.14159
0.08973
0.27990
0.10894
0.05590
0.09765
0.27420
0.07483
0.28520
0.12937
0.14391
0.14323
0.17320
0.10550
0.04537
0.11797
0.11261
0.12428
0.12311
0.12223
0.26196
0.15270
0.16139
0.20246
0.08880
0.08517
0.13291
0.16767
0.20052
0.24092
0.17433
0.15746
0.20631
0.22055
0.09974
0.19284
0.06571
0.10786
0.12500
0.07160
0.02291
0.34965
0.20491
0.08807
0.18688
0.16166
0.07210
0.15807
0.32318
0.18231
0.10717
0.28723
0.11293
0.17278
0.17556
0.18228
0.15471
0.10178
0.07714
0.19090
0.23619
0.18387
0.10099
0.16117
0.17451
0.17169
0.15977
0.33131
0.24117
0.26191
0.11598
0.09692
0.28935
0.28653
0.31065
0.03528
0.27058
0.12439
0.26861
0.14411
0.05601
0.12401
0.10785
0.09870
0.17205
0.21378
0.09859
0.08140
0.08144
0.28363
0.17401
0.26167
0.18306
0.25004
0.24647
0.19681
0.04079
0.24974
0.25869
0.37088
0.26663
0.29161
0.23585
0.25472
0.28228
0.27654
0.25726
0.06962
0.09427
0.14369
0.23949
0.06669
0.07722
0.21131
0.14026
0.20446
0.17717
0.17721
0.10453
0.28581
0.25687
0.24854
0.21943
0.33537
0.14307
0.12951
0.31465
0.07612
0.22254
0.04661
0.10191
0.23821
0.06450
0.22573
0.33005
0.03963
0.11784
0.15713
0.23950
0.11209
0.04180
0.06174
0.05369
0.08760
0.14022
0.19002
0.08636
0.27103
0.15475
0.15921
0.11260
0.22001
0.29287
0.18077
0.28937
0.31339
0.16406
0.29097
0.30643
0.30094
0.31978
0.28235
0.26047
0.33071
0.24907
0.20680
0.27757
0.20083
0.28600
0.20094
0.34725
0.32617
0.27770
0.30554
0.24792
0.27517
0.35605
0.28870
0.24255
0.28479
0.31421
0.26561
0.28211
0.32584
0.27364
0.24869
0.25461
0.31770
0.30817
0.26923
0.24127
0.32514
0.24643
0.24332
0.30803
0.18958
0.29972
0.31797
0.27891
0.32211
0.30638
0.27697
0.22560
0.30775
0.31858
0.24445
0.28454
0.28594
0.28814
0.27813
0.30212
0.18459
0.29779
0.27084
0.26471
0.31320
0.25131
0.26274
0.17448
0.22804
0.32370
0.14575
0.25621
0.21363
0.17628
0.19003
0.35946
0.30334
0.31046
0.16319
0.34376
0.26967
0.26252
0.35355
0.29442
0.31458
0.27400
0.25266
0.25994
0.19516
0.32727
0.29497
0.26890
0.19432
0.32880
0.20992
0.25524
0.28049
0.25662
0.32626
0.29799
0.20748
0.27969
0.30835
0.18364
0.20536
0.27665
0.18083
0.19961
0.17373
0.30791
0.29783
0.25597
0.28454
0.24663
0.30215
0.19866
0.28710
0.27275
0.27437
0.20869
0.28508
0.29738
0.23279
0.17292
0.36575
0.29342
0.15969
0.32335
0.29968
0.26343
0.34805
0.28568
0.22938
0.31012
0.19940
0.24188
0.29472
0.28472
0.26634
0.25520
0.15963
0.32037
0.21290
0.27863
0.23237
0.27821
0.30601
0.26975
0.20398
0.24263
0.27240
0.22180
0.30133
0.19557
0.21851
0.23072
0.23762
0.23642
0.30516
0.29367
0.32539
0.20936
0.15927
0.30903
0.23373
0.20107
0.21387
0.27810
0.30523
0.15452
0.18944
0.28431
0.28282
0.25334
0.15848
0.22987
0.25406
0.23371
0.25443
0.28960
0.29515
0.18203
0.21594
0.24618
0.27537
0.19941
0.27771
0.26078
0.26007
0.39430
0.18162
0.29132
0.21898
0.35119
0.28865
0.24996
0.28611
0.29360
0.25333
0.20030
0.31325
0.26296
0.23284
0.26629
0.23050
0.31515
0.25835
0.27061
0.22380
0.30160
0.22203
0.29395
0.23601
0.25771
0.27785
0.27236
0.22751
0.23167
0.21266
0.31303
0.19857
0.31801
0.24401
0.28304
0.27345
0.27406
0.25559
0.14049
0.20988
0.32381
0.30470
0.27418
0.26561
0.30061
0.26997
0.25138
0.23050
0.29569
0.26419
0.26085
0.25292
0.19796
0.29794
0.29033
0.25437
0.25968
0.26155
0.32036
0.23460
0.21616
0.19699
0.28887
0.27433
0.29062
0.29115
0.23042
0.32288
0.35221
0.14627
0.23330
0.28404
0.25903
0.27871
0.29774
0.34402
0.22265
0.19062
0.19152
0.27830
0.25984
0.35160
0.26781
0.29352
0.26358
0.22086
0.25359
0.29138
0.27820
0.17741
0.32262
0.20183
0.23732
0.32101
0.29461
0.26866
0.22360
0.28625
0.24561
0.32976
0.31655
0.24827
0.27930
0.21605
0.31853
0.30948
0.13249
0.24869
0.18409
0.25708
0.28600
0.24791
0.24978
0.23438
0.23921
0.24073
0.23832
0.24157
0.32423
0.26504
0.26911
0.19500
0.28602
0.24305
0.23456
0.19485
0.29690
0.26390
0.33152
0.24110
0.22932
0.29038
0.25764
0.20983
0.27889
0.18461
0.30097
0.26676
0.34759
0.28496
0.28392
0.32102
0.23637
0.27765
0.29732
0.20191
0.16604
0.28914
0.24998
0.32361
0.27953
0.24212
0.31114
0.36909
0.28347
0.32062
0.25852
0.27630
0.30163
0.35804
0.22860
0.25236
0.30033
0.32703
0.30090
0.32473
0.36695
0.23893
0.26805
0.29518
0.23622
0.30823
0.31584
0.24987
0.24465
0.30309
0.23448
0.29328
0.31185
0.30355
0.28853
0.27830
0.24428
0.26824
0.27861
0.29476
0.29317
0.27378
0.29190
0.27488
0.29965
0.26539
0.28140
0.14185
0.31371
0.31549
0.32859
0.31747
0.30223
0.39710
0.38509
0.26358
0.19195
0.30310
0.36106
0.29183
0.22581
0.28565
0.33607
0.24711
0.25600
0.32638
0.23313
0.28150
0.24447
0.31958
0.36012
0.41832
0.31022
0.28223
0.23231
0.37085
0.28992
0.31218
0.29694
0.35431
0.26191
0.17507
0.31629
0.42567
0.26322
0.38101
0.41055
0.23144
0.29035
0.33566
0.32001
0.27278
0.25578
0.26286
0.20865
0.28665
0.30789
0.31134
0.29384
0.37193
0.27240
0.26556
0.25596
0.23109
0.24903
0.39126
0.22872
0.14172
0.34095
0.18139
0.17175
0.38608
0.16319
0.26017
0.23198
0.26990
0.24509
0.43184
0.18623
0.31740
0.37096
0.23404
0.20228
0.25400
0.24370
0.21944
0.34076
0.17474
0.35614
0.35675
0.26011
0.25999
0.24768
0.34683
0.29914
0.22450
0.28786
0.43664
0.33583
0.26062
0.35271
0.35541
0.19883
0.28184
0.27864
0.39618
0.21036
0.23300
0.23026
0.35261
0.26186
0.25229
0.27313
0.34580
0.35166
0.23906
0.27942
0.33154
0.30916
0.25941
0.26503
0.35653
0.27706
0.27390
0.26283
0.31294
0.35453
0.25554
0.29172
0.24786
0.34247
0.25507
0.25746
0.31070
0.31218
0.23865
0.27793
0.23950
0.30808
0.22136
0.03266
0.17592
0.23814
0.17657
0.25850
0.19335
0.24415
0.34756
0.11569
0.08625
0.15956
0.02463
0.32433
0.27007
0.17202
0.27431
0.08388
0.13986
0.18991
0.25504
0.09673
0.13567
0.21229
0.27870
0.20454
0.20695
0.27045
0.03608
0.34820
0.26391
0.05477
0.05656
0.16442
0.31683
0.14958
0.21884
0.14821
0.28196
0.08996
0.08035
0.05703
0.12299
0.29551
0.13762
0.13581
0.23513
0.32649
0.12273
0.27810
0.21151
0.04692
0.27312
0.08855
0.09602
0.19482
0.20082
0.29586
0.06933
0.05936
0.24309
0.20338
0.27502
0.25012
0.05104
0.06990
0.18768
0.20647
0.11845
0.22407
0.06431
0.24775
0.14402
0.10069
0.28440
0.27286
0.09385
0.14543
0.11819
0.04772
0.03083
0.25968
0.15238
0.19591
0.23504
0.28328
0.20113
0.34811
0.23991
0.26859
0.14142
0.24784
0.16631
0.05392
0.26840
0.10793
0.07348
0.22279
0.20824
0.31839
0.25153
0.05035
0.06890
0.15192
0.17409
0.22804
0.30538
0.06563
0.21318
0.33353
0.14979
0.24604
0.18604
0.02415
0.07799
0.12829
0.10380
0.05939
0.23069
0.26740
0.08344
0.11869
0.04137
0.07031
0.07363
0.15885
