0.05751
0.11981
0.04802
0.23134
0.05273
0.15626
0.25661
0.16058
0.13769
0.06009
0.21671
0.17372
0.14009
0.11797
0.08966
0.23246
0.11971
0.13555
0.06109
0.14250
0.29180
0.11583
0.12578
0.04565
0.21558
0.15782
0.11388
0.26293
0.09435
0.16679
0.11874
0.23418
0.13324
0.10687
0.05833
0.10092
0.11909
0.06928
0.10854
0.12223
0.31647
0.25968
0.09939
0.18647
0.29265
0.23708
0.15059
0.26772
0.19276
0.13587
0.09345
0.08462
0.14741
0.28063
0.09262
0.24823
0.22591
0.10559
0.19258
0.06712
0.29183
0.30453
0.11093
0.18041
0.29803
0.29670
0.03985
0.18740
0.10492
0.02224
0.12463
0.29090
0.26363
0.18249
0.27275
0.09777
0.09525
0.02642
0.21378
0.17735
0.31027
0.15504
0.34367
0.28465
0.25202
0.32800
0.09835
0.06231
0.12174
0.20111
0.31994
0.19761
0.06055
0.30879
0.04767
0.18119
0.20182
0.21415
0.18327
0.11294
0.09456
0.16341
0.12709
0.16060
0.23911
0.28785
0.13282
0.16855
0.14817
0.28593
0.01120
0.26197
0.07204
0.25334
0.14421
0.13931
0.28307
0.04153
0.06802
0.19513
0.18806
0.07622
0.28556
0.05053
0.09567
0.13125
0.32430
0.29763
0.13812
0.27440
0.07880
0.12685
0.30324
0.33769
0.14112
0.16456
0.05443
0.29594
0.27998
0.04588
0.18317
0.03857
0.29085
0.15587
0.12139
0.29019
0.10991
0.35202
0.19000
0.09114
0.17030
0.26094
0.11570
0.33491
0.32301
0.31484
0.07125
0.12918
0.14433
0.20321
0.24400
0.23003
0.26164
0.32630
0.09527
0.07705
0.28685
0.29022
0.08533
0.26564
0.03622
0.23449
0.22135
0.04691
0.09181
0.18919
0.07312
0.05965
0.12599
0.26877
0.08376
0.10104
0.18928
0.14548
0.09953
0.18766
0.21583
0.24569
0.25802
0.17893
0.10420
0.05758
0.03668
0.10695
0.11198
0.26407
0.18778
0.15565
0.10432
0.27415
0.23068
0.06995
0.17958
0.15836
0.03358
0.22041
0.07385
0.21080
0.25228
0.07771
0.23278
0.22642
0.07867
0.23075
0.25861
0.23358
0.12207
0.28195
0.21126
0.34092
0.10146
0.17447
0.17056
0.04028
0.09885
0.06128
0.15230
0.17397
0.12052
0.05714
0.25953
0.07395
0.25251
0.11589
0.07208
0.28699
0.12812
0.03143
0.13373
0.26825
0.06674
0.29091
0.07568
0.11823
0.15787
0.21853
0.10134
0.05395
0.13208
0.10182
0.12811
0.10878
0.10429
0.23104
0.13123
0.14694
0.21975
0.05342
0.05657
0.13180
0.21324
0.14462
0.19413
0.14545
0.14884
0.27801
0.29820
0.09598
0.15801
0.08687
0.10512
0.12437
0.05586
0.03003
0.36912
0.19106
0.05247
0.23732
0.13683
0.05712
0.15564
0.35646
0.15212
0.07815
0.29846
0.12203
0.23042
0.16194
0.18237
0.15294
0.07486
0.06830
0.20809
0.21643
0.13360
0.09264
0.19271
0.13797
0.18311
0.13596
0.32836
0.27159
0.26826
0.09792
0.08058
0.31301
0.31284
0.33613
0.02959
0.28557
0.14369
0.25518
0.13176
0.05771
0.12966
0.11676
0.11738
0.19063
0.28354
0.05023
0.08750
0.07452
0.26307
0.16036
0.26637
0.15470
0.24600
0.22622
0.11288
0.05296
0.26849
0.25413
0.36982
0.26477
0.28892
0.24909
0.25084
0.28479
0.29039
0.23841
0.05590
0.07073
0.10797
0.24680
0.06080
0.07323
0.21318
0.09359
0.20328
0.09980
0.17873
0.10787
0.26662
0.26356
0.25313
0.18296
0.32642
0.12326
0.18419
0.30937
0.03870
0.21521
0.05514
0.09906
0.20849
0.05843
0.26078
0.33541
0.05493
0.08697
0.15367
0.26517
0.10736
0.04282
0.04339
0.05464
0.05953
0.10036
0.21139
0.05204
0.28844
0.13559
0.20746
0.08508
0.19620
0.30328
0.18898
0.26176
0.35811
0.16112
0.25996
0.29268
0.29612
0.32389
0.28578
0.22869
0.35471
0.26066
0.25145
0.26443
0.21466
0.29626
0.18377
0.37401
0.32897
0.26718
0.26682
0.24767
0.25812
0.33205
0.29454
0.23618
0.31872
0.34338
0.23115
0.25241
0.32749
0.25641
0.24196
0.24125
0.28076
0.31826
0.26063
0.23202
0.33962
0.24180
0.23534
0.32319
0.19730
0.30076
0.34747
0.28880
0.29802
0.30347
0.28164
0.21740
0.28252
0.33112
0.20988
0.26535
0.32271
0.25571
0.26405
0.28186
0.20975
0.30087
0.23711
0.28331
0.32220
0.30434
0.26497
0.17171
0.30555
0.35745
0.13714
0.27706
0.19483
0.19180
0.18442
0.34530
0.30313
0.31146
0.17407
0.36233
0.26358
0.25938
0.36546
0.32440
0.28951
0.28228
0.23809
0.26281
0.19758
0.34547
0.28199
0.25312
0.16557
0.32002
0.20209
0.25393
0.29425
0.24982
0.35605
0.32431
0.19786
0.30446
0.31071
0.16624
0.17389
0.27994
0.18239
0.19177
0.16074
0.30122
0.33875
0.26375
0.26673
0.24158
0.28257
0.21085
0.30611
0.25090
0.26857
0.19674
0.27950
0.29581
0.21877
0.17810
0.32652
0.29423
0.16870
0.30028
0.32871
0.25628
0.34374
0.31330
0.21920
0.28849
0.17888
0.29571
0.30773
0.29521
0.25357
0.24191
0.17344
0.30737
0.20402
0.27994
0.20982
0.29010
0.32137
0.29028
0.19036
0.23462
0.28608
0.19781
0.28187
0.18209
0.22793
0.23890
0.23642
0.20835
0.31419
0.32424
0.33722
0.23678
0.19801
0.33235
0.22079
0.21963
0.20678
0.30762
0.30956
0.16303
0.17974
0.27967
0.27742
0.21285
0.15378
0.19913
0.26256
0.19317
0.24487
0.25438
0.31042
0.16232
0.23115
0.27873
0.29988
0.18776
0.26395
0.25815
0.25196
0.36479
0.19650
0.30483
0.21881
0.35537
0.32392
0.24557
0.27003
0.28392
0.26315
0.18478
0.29424
0.29616
0.23662
0.28501
0.23353
0.34805
0.24408
0.27528
0.21710
0.34288
0.24955
0.28233
0.23756
0.26420
0.28593
0.26812
0.19997
0.24137
0.23686
0.29715
0.21903
0.29473
0.21637
0.25982
0.29914
0.29159
0.29956
0.16112
0.21531
0.31911
0.33507
0.25178
0.28682
0.27762
0.25782
0.23480
0.22053
0.31245
0.28153
0.26497
0.24266
0.19180
0.28920
0.31272
0.24290
0.24015
0.24590
0.33950
0.29385
0.16521
0.20395
0.29458
0.29123
0.28414
0.26162
0.25753
0.35534
0.35892
0.14301
0.24954
0.32130
0.24989
0.25939
0.30091
0.34303
0.21796
0.20644
0.20109
0.25075
0.27610
0.35572
0.30836
0.28699
0.27640
0.23182
0.24505
0.30235
0.28522
0.18143
0.33137
0.22002
0.23900
0.35031
0.29181
0.25579
0.25057
0.24772
0.30157
0.34768
0.34911
0.25670
0.27963
0.19049
0.31010
0.32594
0.12926
0.25842
0.20863
0.22290
0.26451
0.23774
0.26020
0.23355
0.25326
0.23541
0.23185
0.24082
0.34500
0.27540
0.25563
0.19395
0.30698
0.24183
0.22499
0.20892
0.33735
0.29606
0.31300
0.27074
0.24916
0.28731
0.24942
0.23460
0.26751
0.17360
0.32429
0.25670
0.33372
0.27136
0.31352
0.35830
0.26799
0.25241
0.29663
0.18297
0.18967
0.27622
0.23191
0.30665
0.31165
0.27435
0.33284
0.38503
0.30711
0.34325
0.26869
0.30878
0.27187
0.36223
0.25208
0.26081
0.31664
0.33345
0.29639
0.30866
0.39589
0.20204
0.23539
0.33216
0.23213
0.32635
0.32202
0.25153
0.25492
0.34508
0.22179
0.27389
0.31164
0.27377
0.24923
0.24670
0.25881
0.27753
0.29144
0.31128
0.28345
0.26880
0.29947
0.26395
0.30065
0.27202
0.30328
0.12568
0.29689
0.33042
0.36465
0.30263
0.31942
0.40648
0.40379
0.27019
0.19446
0.29752
0.39091
0.30076
0.22429
0.30632
0.35855
0.25926
0.22539
0.33554
0.22721
0.28170
0.23499
0.32532
0.37204
0.40323
0.28866
0.30850
0.26432
0.38689
0.30681
0.29937
0.29795
0.34193
0.26755
0.19016
0.31829
0.46078
0.25350
0.40953
0.40508
0.22001
0.31053
0.36885
0.32894
0.29381
0.24501
0.25762
0.22633
0.29552
0.29387
0.30653
0.31621
0.38351
0.27664
0.27777
0.26038
0.20493
0.23914
0.41059
0.23656
0.14903
0.35635
0.17851
0.21770
0.41432
0.18394
0.29016
0.21988
0.24274
0.26066
0.43222
0.21059
0.34411
0.40689
0.24811
0.26232
0.25543
0.26235
0.21363
0.37207
0.20179
0.37093
0.36381
0.25836
0.26927
0.23400
0.34473
0.27285
0.22711
0.36631
0.40900
0.33066
0.31184
0.36228
0.36615
0.21706
0.26392
0.28095
0.40066
0.22318
0.24548
0.25654
0.35828
0.26944
0.26465
0.26901
0.32926
0.34952
0.23554
0.28940
0.33833
0.29304
0.29045
0.24202
0.39119
0.30272
0.30437
0.27874
0.29969
0.35402
0.27261
0.28855
0.24318
0.32956
0.26339
0.24804
0.33257
0.29356
0.21387
0.29273
0.19229
0.27668
0.21015
0.02250
0.16700
0.23060
0.25772
0.23681
0.21092
0.24765
0.35809
0.16104
0.06185
0.12074
0.05924
0.31156
0.28199
0.15866
0.28131
0.07066
0.13505
0.20384
0.28025
0.06379
0.08374
0.19677
0.26414
0.16601
0.21934
0.26843
0.06351
0.30784
0.24966
0.04158
0.05311
0.12597
0.32684
0.08511
0.23484
0.20742
0.29057
0.01542
0.06474
0.04703
0.03308
0.31879
0.13254
0.11377
0.19145
0.25622
0.09424
0.26592
0.22612
0.04870
0.26807
0.07342
0.09411
0.27697
0.18244
0.23644
0.05408
0.05471
0.19995
0.20690
0.31149
0.26543
0.03295
0.03261
0.18256
0.20769
0.10498
0.15534
0.11393
0.26208
0.18283
0.10469
0.22775
0.30015
0.10267
0.07354
0.13059
0.05323
0.02077
0.22834
0.11316
0.16534
0.23812
0.27660
0.20459
0.33442
0.19548
0.19484
0.14449
0.20454
0.14956
0.00598
0.24829
0.11177
0.10668
0.19807
0.26441
0.29057
0.28033
0.09104
0.04282
0.09414
0.23014
0.13530
0.26950
0.10465
0.22134
0.33081
0.16315
0.23403
0.10409
0.04378
0.08426
0.13741
0.05585
0.04101
0.25985
0.28942
0.08137
0.10020
0.06588
0.09309
0.05439
0.24535
