0.10208
0.09711
0.08353
0.23109
0.09163
0.11575
0.25007
0.13215
0.20465
0.05615
0.17716
0.12674
0.15262
0.11709
0.14277
0.22223
0.14847
0.11672
0.05965
0.12538
0.31575
0.12748
0.16692
0.04459
0.19845
0.14731
0.12435
0.22065
0.08847
0.13993
0.20014
0.26606
0.14169
0.09928
0.04984
0.09211
0.14103
0.08759
0.10457
0.17238
0.27336
0.24666
0.06427
0.12839
0.32280
0.19999
0.13459
0.19302
0.19287
0.14214
0.10422
0.16636
0.14319
0.30854
0.10240
0.23851
0.23704
0.11683
0.10226
0.08091
0.26481
0.32486
0.15749
0.19937
0.28939
0.31445
0.04776
0.18210
0.10319
0.05114
0.10899
0.33842
0.30649
0.18561
0.24842
0.11517
0.09098
0.02977
0.23006
0.20083
0.30539
0.17487
0.31515
0.30562
0.27577
0.32539
0.08766
0.07427
0.13428
0.22806
0.33086
0.19490
0.07120
0.25402
0.05574
0.18298
0.21173
0.21889
0.17338
0.19202
0.09094
0.16236
0.09094
0.10212
0.19488
0.29866
0.13088
0.16384
0.15005
0.29121
0.03872
0.27514
0.08945
0.20868
0.10233
0.15266
0.29395
0.06565
0.07841
0.20778
0.22841
0.09249
0.29315
0.02046
0.10103
0.13767
0.31681
0.27222
0.17428
0.26501
0.08384
0.10106
0.29758
0.32279
0.09004
0.14140
0.04413
0.28457
0.27535
0.03721
0.17091
0.02947
0.29158
0.16089
0.13836
0.30168
0.09062
0.35039
0.19195
0.09141
0.13186
0.24033
0.09217
0.32408
0.30666
0.32774
0.11522
0.14011
0.15788
0.18866
0.20728
0.28563
0.28308
0.32873
0.09806
0.14720
0.28945
0.29267
0.05667
0.25217
0.01855
0.24087
0.21664
0.02679
0.08047
0.20824
0.06775
0.06316
0.14892
0.29301
0.08668
0.10400
0.19867
0.12242
0.08760
0.21363
0.22131
0.24462
0.26694
0.18778
0.10838
0.07675
0.06128
0.21855
0.13169
0.23877
0.17419
0.19541
0.09421
0.25118
0.21163
0.07397
0.17734
0.14726
0.03909
0.25785
0.08646
0.16689
0.26764
0.11907
0.28413
0.21341
0.10928
0.22181
0.25526
0.24085
0.12217
0.24876
0.22531
0.33621
0.12691
0.20503
0.11728
0.08546
0.06984
0.05723
0.15650
0.17229
0.17854
0.07954
0.24693
0.07276
0.22864
0.12554
0.04587
0.28670
0.11063
0.04709
0.10439
0.28384
0.05973
0.26556
0.11867
0.10305
0.13555
0.20865
0.12724
0.04580
0.08394
0.09941
0.10042
0.11751
0.12706
0.27429
0.12764
0.15418
0.20560
0.07253
0.05179
0.12879
0.23256
0.15919
0.22387
0.17786
0.16469
0.23657
0.27813
0.09630
0.18861
0.04381
0.08106
0.11848
0.06801
0.03222
0.35786
0.14713
0.03555
0.16936
0.18798
0.09023
0.15109
0.34695
0.18520
0.05734
0.31330
0.11199
0.18639
0.19678
0.17419
0.17745
0.08249
0.04405
0.17839
0.23524
0.15827
0.09543
0.15498
0.16890
0.18397
0.15015
0.34161
0.26016
0.27241
0.14483
0.09974
0.29962
0.29995
0.30924
0.02726
0.25693
0.11967
0.29082
0.12081
0.07958
0.13089
0.16975
0.12783
0.16582
0.22720
0.05145
0.09278
0.04068
0.25011
0.15856
0.26196
0.17046
0.22797
0.26017
0.11941
0.07263
0.27833
0.26309
0.35182
0.24803
0.29264
0.21428
0.23430
0.29723
0.26201
0.24710
0.06596
0.06117
0.13806
0.24625
0.06244
0.05006
0.19032
0.12166
0.20810
0.09694
0.14958
0.08977
0.30432
0.26739
0.27064
0.20566
0.30041
0.11358
0.13852
0.33126
0.07418
0.20190
0.08074
0.10646
0.19139
0.05665
0.22911
0.33694
0.05648
0.05555
0.14695
0.25259
0.10113
0.05983
0.06993
0.04281
0.04814
0.09563
0.18390
0.07740
0.25301
0.18959
0.22499
0.06280
0.17497
0.27635
0.23378
0.27554
0.35340
0.18157
0.26905
0.32260
0.29359
0.31063
0.29104
0.25372
0.34882
0.23951
0.24446
0.26259
0.23159
0.30090
0.19622
0.37161
0.31218
0.25393
0.26563
0.27073
0.24497
0.36858
0.29324
0.25158
0.30297
0.33294
0.23412
0.26700
0.31382
0.29057
0.27250
0.27319
0.29432
0.31150
0.26005
0.23722
0.34167
0.25387
0.25391
0.32074
0.20714
0.32181
0.34773
0.30301
0.28378
0.30300
0.27278
0.26067
0.28324
0.31201
0.22727
0.30099
0.30844
0.24515
0.28804
0.31867
0.18436
0.29235
0.27669
0.27119
0.30354
0.28995
0.26854
0.19968
0.27523
0.36251
0.15276
0.27786
0.22281
0.22254
0.19206
0.37559
0.32174
0.31760
0.19211
0.35275
0.27959
0.29564
0.35954
0.30601
0.30353
0.29791
0.25658
0.29756
0.17352
0.35277
0.29356
0.21781
0.17107
0.34444
0.21047
0.26900
0.30360
0.27422
0.34157
0.30663
0.21668
0.30403
0.29809
0.17635
0.17201
0.28280
0.19992
0.23533
0.17460
0.28743
0.33800
0.27630
0.25789
0.24737
0.28934
0.21773
0.29697
0.26947
0.27766
0.20566
0.26845
0.27430
0.21509
0.18904
0.35433
0.27864
0.21660
0.28346
0.31294
0.23513
0.36333
0.30943
0.25137
0.26579
0.21274
0.30439
0.31108
0.27352
0.24063
0.22519
0.18237
0.30267
0.24443
0.29337
0.23610
0.28335
0.32271
0.29454
0.21895
0.24060
0.29066
0.19961
0.29577
0.21060
0.22440
0.23083
0.24221
0.21999
0.31056
0.32698
0.32125
0.23556
0.21211
0.31976
0.23063
0.22246
0.22582
0.30176
0.29719
0.18788
0.18483
0.28561
0.28145
0.19618
0.17446
0.24287
0.26331
0.23533
0.23493
0.26047
0.30689
0.18468
0.26585
0.25887
0.27655
0.20769
0.28940
0.27292
0.26046
0.37839
0.20643
0.28859
0.24170
0.35264
0.30025
0.25440
0.28184
0.29078
0.25499
0.21209
0.30413
0.26674
0.25842
0.27529
0.27256
0.33484
0.26875
0.25892
0.23397
0.33296
0.22376
0.29059
0.22739
0.27054
0.27675
0.26080
0.18375
0.25123
0.25034
0.30956
0.21171
0.31359
0.24847
0.28138
0.28863
0.27422
0.28078
0.15150
0.23170
0.31823
0.31029
0.25551
0.27966
0.30029
0.28008
0.25570
0.24046
0.29745
0.29871
0.26947
0.25444
0.20913
0.28905
0.30991
0.28687
0.26284
0.21096
0.31045
0.28146
0.21948
0.21294
0.28705
0.30249
0.27693
0.28439
0.23380
0.34941
0.33717
0.16623
0.27730
0.30802
0.27409
0.27727
0.31763
0.32522
0.23121
0.20009
0.19809
0.26485
0.28421
0.35241
0.27453
0.30475
0.28497
0.25279
0.28175
0.27959
0.27021
0.18506
0.32236
0.22180
0.26378
0.33161
0.30261
0.26222
0.26035
0.26460
0.29916
0.32706
0.33166
0.24672
0.28024
0.21112
0.30763
0.31898
0.14381
0.26422
0.18346
0.25842
0.27681
0.25726
0.27486
0.26002
0.28057
0.24465
0.24726
0.22918
0.33176
0.28565
0.27422
0.21093
0.26980
0.25093
0.25872
0.22824
0.33865
0.28801
0.34393
0.25763
0.26155
0.28858
0.29034
0.24570
0.26612
0.18537
0.31650
0.27642
0.33056
0.27963
0.30761
0.33782
0.28011
0.24902
0.30439
0.16323
0.20924
0.29405
0.23264
0.28346
0.29596
0.29195
0.32562
0.38332
0.30848
0.31335
0.26949
0.30088
0.29000
0.34690
0.27325
0.28487
0.30836
0.31387
0.30671
0.32002
0.37801
0.23642
0.23840
0.33143
0.23947
0.33087
0.33771
0.25812
0.24127
0.34274
0.22424
0.27900
0.30785
0.30106
0.24265
0.24084
0.24376
0.24690
0.26756
0.31452
0.28357
0.25449
0.29548
0.27992
0.31538
0.27713
0.27339
0.15138
0.31048
0.32723
0.33232
0.31397
0.33364
0.37554
0.38409
0.26402
0.20871
0.29359
0.37066
0.28309
0.21044
0.30516
0.36253
0.25300
0.23310
0.33313
0.24199
0.27404
0.25584
0.33184
0.34497
0.38954
0.28888
0.29152
0.26942
0.38471
0.25999
0.31703
0.29857
0.34314
0.26270
0.20542
0.31602
0.44224
0.27550
0.39224
0.37637
0.21741
0.29396
0.35708
0.30795
0.27456
0.25380
0.28004
0.22839
0.28245
0.29123
0.28862
0.29222
0.37516
0.28168
0.28115
0.26147
0.21004
0.25242
0.37829
0.21406
0.13685
0.32426
0.18148
0.21382
0.38634
0.19766
0.22024
0.23918
0.28046
0.24800
0.43799
0.22627
0.32433
0.38198
0.25456
0.21255
0.25236
0.21783
0.21755
0.35263
0.21607
0.36434
0.34715
0.26948
0.23138
0.25813
0.34621
0.26361
0.24030
0.33499
0.41180
0.31012
0.29189
0.34695
0.35051
0.23606
0.27150
0.27285
0.37202
0.22408
0.23156
0.24160
0.34344
0.26820
0.26009
0.28771
0.31169
0.36018
0.22783
0.27802
0.32381
0.29875
0.28245
0.24039
0.37689
0.30355
0.25879
0.30333
0.31714
0.31703
0.25862
0.29860
0.26480
0.33685
0.24283
0.26703
0.31347
0.29417
0.22046
0.29336
0.18413
0.31747
0.19140
0.05984
0.15757
0.23836
0.22978
0.28528
0.18548
0.23998
0.31388
0.22208
0.02506
0.18115
0.04214
0.28807
0.29126
0.14520
0.30026
0.06505
0.12258
0.21361
0.18778
0.09584
0.13499
0.20515
0.25162
0.17695
0.21574
0.27516
0.08629
0.31580
0.25379
0.06129
0.07502
0.09409
0.32332
0.05962
0.22332
0.20546
0.31115
0.07976
0.07395
0.04245
0.03670
0.30324
0.19803
0.13186
0.19732
0.30542
0.14656
0.27042
0.19660
0.05416
0.27433
0.12162
0.08229
0.28656
0.20873
0.21251
0.07598
0.10884
0.20539
0.20068
0.28298
0.25871
0.03235
0.07957
0.19595
0.21401
0.18815
0.16647
0.11032
0.27990
0.21133
0.09281
0.22590
0.30764
0.08644
0.14160
0.12515
0.05886
0.04476
0.18891
0.16124
0.20886
0.18366
0.27079
0.19528
0.33904
0.26445
0.21488
0.18138
0.25561
0.24572
0.03483
0.28032
0.08869
0.03808
0.19902
0.24778
0.28414
0.24871
0.04560
0.05848
0.08463
0.22874
0.18779
0.25656
0.05771
0.21971
0.28951
0.09499
0.18373
0.08207
0.03195
0.04629
0.19970
0.06743
0.07431
0.26645
0.29792
0.09170
0.12629
0.01983
0.05791
0.05039
0.26541
