0.18465
0.11691
0.10070
0.28304
0.12393
0.12981
0.22151
0.13885
0.22810
0.07525
0.21881
0.10853
0.21179
0.11932
0.18261
0.22320
0.12389
0.19055
0.11894
0.15567
0.27647
0.20091
0.20055
0.08968
0.23091
0.17673
0.10538
0.26220
0.09419
0.17621
0.19746
0.26090
0.17155
0.11339
0.16211
0.09830
0.12284
0.14524
0.12845
0.18460
0.28679
0.25273
0.12004
0.12404
0.29740
0.23658
0.16757
0.22742
0.22834
0.17192
0.11931
0.20268
0.13539
0.33738
0.11124
0.19264
0.24040
0.13253
0.13935
0.08417
0.27388
0.30248
0.16597
0.18825
0.26384
0.33015
0.08180
0.18830
0.19184
0.04867
0.14646
0.29819
0.33250
0.18561
0.23737
0.17825
0.09710
0.05216
0.19187
0.15879
0.30607
0.17882
0.30091
0.25950
0.27319
0.34672
0.11176
0.10836
0.20702
0.28051
0.29152
0.16813
0.08484
0.27140
0.10037
0.19266
0.21889
0.20364
0.18778
0.17638
0.10895
0.18333
0.12165
0.11818
0.20962
0.28566
0.18663
0.18171
0.16872
0.28805
0.04920
0.22444
0.12915
0.25195
0.13454
0.18482
0.27010
0.07797
0.08541
0.16472
0.23704
0.10918
0.30550
0.04057
0.12909
0.13697
0.32017
0.27787
0.20560
0.22567
0.11492
0.14626
0.30361
0.34053
0.11579
0.14161
0.08568
0.28649
0.27743
0.05670
0.15875
0.03381
0.28649
0.17306
0.21489
0.32293
0.11980
0.35268
0.15724
0.10369
0.16891
0.30804
0.11943
0.31795
0.32468
0.32162
0.17180
0.13415
0.16953
0.17811
0.29506
0.29101
0.22903
0.30622
0.10089
0.20645
0.29467
0.24723
0.13424
0.26762
0.06098
0.23800
0.23667
0.03831
0.11761
0.22155
0.10599
0.12102
0.19945
0.28561
0.11003
0.11843
0.20867
0.18977
0.10207
0.15764
0.24784
0.24275
0.26955
0.25215
0.17325
0.08161
0.11980
0.14565
0.17282
0.24876
0.24798
0.20002
0.11629
0.29661
0.19957
0.11634
0.15711
0.17654
0.07853
0.23284
0.09633
0.21214
0.25033
0.09152
0.25657
0.25362
0.18340
0.23249
0.26051
0.25104
0.14076
0.28051
0.23487
0.34255
0.11205
0.20736
0.15548
0.12708
0.07727
0.07676
0.18808
0.16649
0.19672
0.07367
0.22236
0.14570
0.26068
0.16613
0.06307
0.26236
0.12365
0.06521
0.09538
0.27673
0.17320
0.30930
0.13717
0.12205
0.12071
0.23099
0.12369
0.10127
0.11780
0.11647
0.10601
0.24109
0.13899
0.23534
0.15620
0.17884
0.17944
0.15563
0.11637
0.12961
0.23294
0.19071
0.19655
0.16921
0.18579
0.24233
0.31290
0.12963
0.18423
0.07848
0.12142
0.12264
0.05892
0.07757
0.35593
0.17279
0.08377
0.21082
0.20277
0.06975
0.11553
0.31625
0.11766
0.08900
0.29487
0.12889
0.23318
0.19205
0.19848
0.19805
0.10370
0.09460
0.19504
0.19795
0.17524
0.10481
0.17184
0.22742
0.17703
0.18797
0.32289
0.30017
0.25562
0.18757
0.11666
0.28810
0.32486
0.33235
0.07028
0.25750
0.13236
0.29643
0.14133
0.09972
0.20130
0.18334
0.12742
0.20752
0.25312
0.12818
0.09917
0.08143
0.27976
0.14334
0.25238
0.14978
0.25321
0.25012
0.18880
0.08350
0.23299
0.29402
0.36335
0.28892
0.31409
0.20923
0.25237
0.25477
0.25219
0.27048
0.08622
0.10077
0.16592
0.23644
0.11634
0.11014
0.25577
0.14367
0.24105
0.09171
0.17312
0.12997
0.24065
0.26602
0.26814
0.19336
0.30636
0.15975
0.16817
0.30148
0.11381
0.21742
0.06589
0.08891
0.20012
0.08951
0.23735
0.31722
0.08791
0.07572
0.15756
0.26205
0.10973
0.06958
0.07166
0.07220
0.06230
0.17068
0.19866
0.09604
0.26935
0.21218
0.17489
0.11895
0.18640
0.28424
0.19872
0.30062
0.33425
0.16797
0.27548
0.31178
0.31234
0.31814
0.27684
0.25974
0.34181
0.23871
0.22795
0.25102
0.24456
0.30023
0.17369
0.35250
0.32220
0.27367
0.28949
0.25260
0.24981
0.35459
0.28645
0.24901
0.31500
0.32686
0.23679
0.26771
0.28534
0.24646
0.25757
0.25866
0.29972
0.28745
0.24705
0.22073
0.33864
0.24349
0.24975
0.30052
0.18109
0.30716
0.32680
0.27439
0.28463
0.31550
0.28161
0.23173
0.31110
0.30813
0.20722
0.31051
0.32169
0.24829
0.28556
0.31784
0.16413
0.30432
0.25960
0.26750
0.29869
0.27553
0.29145
0.17858
0.27558
0.36211
0.15018
0.26174
0.18336
0.22191
0.19130
0.36363
0.31100
0.32589
0.16066
0.31770
0.25367
0.24328
0.34614
0.31271
0.32984
0.26204
0.23534
0.27875
0.18603
0.33603
0.29112
0.25033
0.16060
0.32244
0.21948
0.25239
0.27746
0.26495
0.34105
0.31034
0.21763
0.32243
0.32701
0.18228
0.19800
0.29354
0.18847
0.17820
0.14509
0.29257
0.32517
0.29289
0.28045
0.24373
0.29607
0.20290
0.28827
0.26287
0.29820
0.21077
0.28589
0.28458
0.22608
0.18465
0.34261
0.28959
0.21598
0.32441
0.30704
0.27623
0.33592
0.28818
0.24441
0.27170
0.19085
0.27006
0.32314
0.27649
0.28193
0.24910
0.16395
0.30454
0.22703
0.28173
0.21092
0.28809
0.31263
0.27863
0.17887
0.22790
0.28619
0.21874
0.30392
0.18924
0.23465
0.22120
0.21462
0.22612
0.30509
0.30633
0.31729
0.21507
0.19894
0.29920
0.18285
0.19876
0.19973
0.27581
0.30406
0.17491
0.18621
0.27834
0.28321
0.20743
0.15935
0.19528
0.27745
0.23351
0.25434
0.26130
0.31073
0.17231
0.26377
0.25623
0.27368
0.19248
0.29339
0.28804
0.24988
0.36493
0.19158
0.32297
0.22242
0.34132
0.30717
0.24830
0.26675
0.29696
0.27573
0.19378
0.30313
0.27831
0.29119
0.26172
0.25857
0.31789
0.21050
0.28822
0.24888
0.32336
0.22614
0.29139
0.22714
0.25970
0.28796
0.25100
0.21844
0.22143
0.24510
0.31845
0.22891
0.30547
0.23868
0.28151
0.29678
0.28098
0.29198
0.14878
0.25387
0.30980
0.29469
0.25839
0.31684
0.28031
0.27419
0.26460
0.25111
0.29108
0.30163
0.26791
0.24102
0.20941
0.30290
0.29322
0.25559
0.28987
0.23650
0.31931
0.29946
0.22405
0.20382
0.27757
0.28711
0.27476
0.30244
0.24422
0.34221
0.33993
0.15156
0.23987
0.30999
0.26733
0.28373
0.30069
0.31668
0.23247
0.20933
0.20177
0.27235
0.29554
0.33247
0.28342
0.29002
0.29317
0.22832
0.27049
0.28133
0.27772
0.16510
0.32273
0.23705
0.20843
0.31950
0.29009
0.20729
0.24061
0.25145
0.28072
0.34663
0.32088
0.23512
0.26877
0.18720
0.33544
0.29575
0.12260
0.27648
0.19930
0.23589
0.28728
0.22035
0.24594
0.22103
0.28149
0.21579
0.22886
0.25158
0.31986
0.28153
0.28033
0.18113
0.28299
0.24788
0.24407
0.18214
0.33028
0.27913
0.32929
0.26283
0.25696
0.30020
0.27012
0.24237
0.27428
0.16849
0.33031
0.26241
0.31788
0.28523
0.30010
0.32043
0.27358
0.28460
0.31550
0.15160
0.18932
0.30291
0.20817
0.30764
0.29511
0.29459
0.33283
0.35960
0.27574
0.32299
0.25688
0.29507
0.29409
0.34837
0.26973
0.27947
0.31522
0.31387
0.29831
0.30884
0.37764
0.22453
0.24293
0.30483
0.24489
0.30841
0.34378
0.20788
0.25593
0.34197
0.22769
0.30529
0.30181
0.26984
0.25179
0.27267
0.24167
0.27103
0.29979
0.32869
0.28596
0.22097
0.30423
0.26536
0.30678
0.28923
0.26011
0.12807
0.32578
0.33774
0.35393
0.32899
0.32776
0.39233
0.39231
0.26828
0.19678
0.31545
0.37284
0.28953
0.20676
0.30638
0.35629
0.23541
0.25256
0.33768
0.25412
0.26922
0.27005
0.35401
0.36807
0.40805
0.28521
0.30917
0.28068
0.38361
0.27889
0.29742
0.30379
0.33484
0.29351
0.17882
0.31457
0.44777
0.25973
0.40401
0.42157
0.22008
0.28810
0.35666
0.31172
0.28026
0.25196
0.30080
0.22913
0.28469
0.34605
0.28603
0.27689
0.38374
0.27589
0.29266
0.25645
0.17897
0.26754
0.38044
0.24586
0.14226
0.33974
0.15514
0.19629
0.39693
0.18108
0.25921
0.21969
0.30176
0.24860
0.42459
0.20157
0.33318
0.38729
0.27700
0.21974
0.25792
0.24794
0.21614
0.35928
0.18702
0.35650
0.35418
0.24057
0.26074
0.25971
0.34588
0.27045
0.21267
0.29485
0.40159
0.32954
0.27803
0.36273
0.37619
0.22715
0.28426
0.28131
0.38352
0.20973
0.19575
0.22018
0.32746
0.28067
0.25999
0.27632
0.34380
0.36349
0.25546
0.30858
0.34114
0.31227
0.30203
0.26683
0.38095
0.29321
0.23077
0.30571
0.32343
0.33220
0.26817
0.31575
0.24934
0.33926
0.24140
0.25617
0.31104
0.29149
0.27139
0.29437
0.22431
0.26523
0.23874
0.10475
0.18407
0.18329
0.20761
0.29516
0.21210
0.24777
0.36758
0.23731
0.10423
0.18660
0.08086
0.27040
0.24418
0.18335
0.29803
0.06638
0.11577
0.21498
0.20198
0.08423
0.17620
0.25328
0.28477
0.21946
0.20722
0.26424
0.10410
0.35101
0.25690
0.06514
0.11560
0.14238
0.29665
0.12431
0.21872
0.14605
0.30197
0.12029
0.04610
0.09387
0.10521
0.24752
0.19233
0.19577
0.15818
0.27079
0.16841
0.29460
0.21107
0.10180
0.29758
0.06462
0.08259
0.28938
0.18574
0.25679
0.09354
0.11340
0.19437
0.19199
0.25367
0.26626
0.05929
0.09251
0.16825
0.23152
0.23980
0.18039
0.18427
0.22633
0.17269
0.20941
0.27226
0.28896
0.10057
0.19586
0.20386
0.05674
0.08672
0.23507
0.15648
0.18242
0.21281
0.27869
0.18790
0.32007
0.27134
0.26634
0.23843
0.22026
0.13557
0.05015
0.25924
0.09914
0.06790
0.11854
0.22867
0.23683
0.25759
0.08153
0.08246
0.13298
0.20694
0.24666
0.30202
0.11429
0.25429
0.30371
0.17458
0.26499
0.11337
0.06476
0.06619
0.14060
0.07040
0.11031
0.25003
0.31284
0.13444
0.18075
0.05347
0.10886
0.11440
0.27057
