0.12469
0.10052
0.10266
0.23133
0.06935
0.15194
0.21104
0.15730
0.19596
0.04452
0.16647
0.14179
0.12614
0.11261
0.14324
0.23477
0.12693
0.16103
0.09225
0.14877
0.30867
0.15013
0.14363
0.07553
0.22050
0.15139
0.12366
0.26285
0.05839
0.17735
0.15408
0.23676
0.13809
0.11704
0.06927
0.10822
0.15597
0.05233
0.11598
0.13957
0.28294
0.23407
0.09824
0.11887
0.29571
0.19605
0.17407
0.20813
0.17853
0.14665
0.09114
0.14973
0.11958
0.28134
0.10669
0.22785
0.21496
0.12434
0.13290
0.07341
0.26043
0.31561
0.13986
0.22197
0.25765
0.30909
0.05604
0.16454
0.11988
0.06139
0.13378
0.31417
0.30079
0.19007
0.26403
0.11566
0.09639
0.08972
0.20845
0.17756
0.27548
0.13754
0.31784
0.25458
0.31442
0.33086
0.09620
0.08550
0.11427
0.27369
0.29237
0.15915
0.06081
0.26806
0.06309
0.17696
0.20096
0.21665
0.18759
0.17565
0.10288
0.16541
0.10891
0.11934
0.19137
0.30041
0.13385
0.15738
0.14476
0.27600
0.04209
0.26479
0.10229
0.21435
0.09716
0.19932
0.27038
0.05505
0.05545
0.16572
0.24083
0.08654
0.28607
0.03904
0.08799
0.12789
0.32810
0.27634
0.16761
0.22226
0.09169
0.14238
0.28224
0.35526
0.09899
0.15835
0.08100
0.28427
0.28768
0.03006
0.16874
0.05034
0.27186
0.19158
0.13184
0.29166
0.07042
0.36668
0.15968
0.09866
0.13688
0.27687
0.11821
0.32377
0.29658
0.33647
0.09893
0.14574
0.13183
0.20172
0.28901
0.29485
0.29739
0.33114
0.09992
0.13586
0.29216
0.31079
0.09617
0.27055
0.04937
0.22624
0.23728
0.02931
0.11606
0.20836
0.06548
0.06568
0.12822
0.22784
0.12987
0.10577
0.18295
0.12321
0.07919
0.19429
0.21563
0.22159
0.25330
0.22048
0.11901
0.08200
0.05103
0.16232
0.09965
0.26553
0.19545
0.15239
0.08612
0.28439
0.24199
0.14492
0.21216
0.14666
0.06648
0.24244
0.09625
0.17235
0.26064
0.11322
0.26440
0.20853
0.10790
0.25445
0.28674
0.24282
0.14757
0.21931
0.18360
0.35218
0.12601
0.16811
0.10196
0.10754
0.06033
0.06143
0.17194
0.17448
0.14397
0.04437
0.28766
0.10365
0.25055
0.10448
0.07404
0.28956
0.11105
0.04634
0.09249
0.28939
0.06688
0.29564
0.13137
0.11151
0.12352
0.20498
0.10821
0.04199
0.08424
0.11143
0.10427
0.13174
0.10686
0.29831
0.14740
0.15034
0.19827
0.10813
0.04681
0.13661
0.22507
0.15736
0.20833
0.14621
0.15440
0.27091
0.26556
0.09816
0.19440
0.07757
0.13080
0.12493
0.07596
0.04174
0.37076
0.18060
0.04765
0.21121
0.16343
0.07036
0.16173
0.33720
0.13945
0.07495
0.28074
0.13508
0.18640
0.19714
0.17760
0.17984
0.09932
0.06498
0.16976
0.22914
0.14463
0.10220
0.15670
0.17228
0.18000
0.14329
0.33041
0.24598
0.28438
0.17105
0.09829
0.29389
0.30618
0.32863
0.03500
0.25806
0.12269
0.29950
0.14033
0.12399
0.14280
0.13207
0.12041
0.15377
0.25191
0.04637
0.05768
0.09162
0.27246
0.16323
0.25171
0.15698
0.24771
0.25631
0.14817
0.05403
0.24062
0.29120
0.37208
0.22334
0.30530
0.20275
0.23267
0.28712
0.27925
0.29974
0.04886
0.05124
0.13907
0.21769
0.07228
0.06224
0.21638
0.10368
0.21577
0.12118
0.14573
0.09473
0.26939
0.28040
0.26184
0.19721
0.33411
0.15172
0.13136
0.30512
0.06193
0.19683
0.06243
0.09893
0.12543
0.07988
0.24673
0.34593
0.07430
0.06253
0.13879
0.20908
0.14236
0.04834
0.05939
0.05506
0.05834
0.09795
0.19762
0.06694
0.25067
0.19638
0.21672
0.07965
0.21096
0.30068
0.20186
0.25437
0.33914
0.18808
0.28705
0.29397
0.26195
0.30201
0.27913
0.23056
0.34586
0.20438
0.24254
0.24099
0.23108
0.26647
0.18244
0.35961
0.33059
0.27347
0.24638
0.24740
0.19559
0.32328
0.27339
0.24781
0.30232
0.33249
0.22847
0.24174
0.32572
0.25810
0.24143
0.25057
0.26603
0.31027
0.22110
0.23652
0.34326
0.21863
0.23505
0.29556
0.15905
0.30203
0.33812
0.29138
0.30736
0.29308
0.26403
0.23890
0.25772
0.33428
0.21403
0.27740
0.30951
0.23781
0.24311
0.28471
0.17722
0.28831
0.26322
0.28069
0.31716
0.30050
0.27190
0.20898
0.27804
0.35730
0.15440
0.27108
0.20376
0.17988
0.18795
0.34769
0.29471
0.31358
0.15376
0.34509
0.25808
0.26547
0.35963
0.30193
0.28005
0.26812
0.23779
0.27944
0.19939
0.36024
0.28214
0.20664
0.15503
0.31633
0.21663
0.25995
0.28571
0.25745
0.34195
0.31574
0.21900
0.32614
0.30439
0.19474
0.15086
0.24746
0.20772
0.16408
0.18005
0.29724
0.33118
0.23474
0.26345
0.24349
0.27509
0.22428
0.30233
0.23760
0.27971
0.20385
0.27690
0.28542
0.24473
0.15192
0.32617
0.30625
0.15242
0.27508
0.31740
0.26666
0.33875
0.31590
0.23097
0.25136
0.21400
0.28295
0.30885
0.23716
0.26551
0.22722
0.14789
0.30210
0.20560
0.26412
0.22813
0.27211
0.30802
0.29587
0.20458
0.25008
0.28871
0.21707
0.26932
0.19490
0.21934
0.19676
0.23564
0.19979
0.30688
0.33566
0.32220
0.20612
0.17236
0.32631
0.19927
0.18004
0.16229
0.29742
0.29823
0.16532
0.16833
0.24742
0.28288
0.17586
0.15015
0.21643
0.25831
0.19599
0.25849
0.23696
0.31953
0.17911
0.20046
0.27768
0.24847
0.19633
0.27511
0.25299
0.25292
0.36792
0.18802
0.30302
0.22746
0.35375
0.31959
0.21557
0.26174
0.27845
0.26394
0.19179
0.31341
0.26524
0.24973
0.28423
0.26437
0.33485
0.20920
0.28324
0.20986
0.34503
0.19886
0.25543
0.20584
0.23248
0.27572
0.24292
0.22302
0.23403
0.23221
0.30890
0.19191
0.29346
0.22181
0.24987
0.29423
0.29043
0.28410
0.13747
0.21056
0.32165
0.31322
0.21138
0.25679
0.29428
0.25691
0.20766
0.20617
0.30560
0.27765
0.24105
0.21828
0.18907
0.27142
0.30231
0.24717
0.26720
0.24429
0.33008
0.23019
0.17537
0.16149
0.29899
0.29647
0.28341
0.27076
0.23798
0.34753
0.35728
0.13407
0.24522
0.31616
0.28400
0.25482
0.27715
0.33519
0.21886
0.19319
0.19363
0.23193
0.27108
0.34984
0.28839
0.29564
0.25880
0.22106
0.25323
0.29752
0.28196
0.16495
0.33735
0.21605
0.22481
0.34415
0.28652
0.19588
0.22959
0.23501
0.30156
0.32718
0.33686
0.22933
0.28196
0.21488
0.31251
0.31823
0.10968
0.26803
0.20237
0.24376
0.27347
0.24618
0.24914
0.24259
0.25869
0.23179
0.20854
0.21098
0.33298
0.26350
0.24185
0.16946
0.29586
0.25316
0.22921
0.17764
0.33413
0.29421
0.31275
0.24985
0.20343
0.26761
0.25816
0.22396
0.26129
0.17096
0.31289
0.25996
0.33433
0.26684
0.30291
0.35096
0.27387
0.22943
0.30565
0.13087
0.12901
0.27583
0.21319
0.28819
0.30175
0.26687
0.28688
0.36987
0.29346
0.32064
0.25567
0.29898
0.28783
0.35285
0.20071
0.27018
0.32633
0.32878
0.27972
0.32948
0.37439
0.22401
0.22411
0.31982
0.21742
0.32178
0.31833
0.25242
0.23600
0.33959
0.22631
0.25998
0.30563
0.26908
0.24444
0.21977
0.21747
0.26662
0.29164
0.29422
0.28585
0.23435
0.28335
0.27083
0.30372
0.26163
0.27871
0.12723
0.31981
0.32438
0.35239
0.29578
0.32558
0.40315
0.38956
0.28909
0.21070
0.30328
0.38152
0.29126
0.23077
0.30475
0.36195
0.22989
0.23456
0.33486
0.23574
0.26662
0.23143
0.31592
0.37139
0.42732
0.29005
0.29389
0.27069
0.39034
0.29768
0.31197
0.27220
0.35244
0.27713
0.17204
0.32131
0.46680
0.24524
0.40047
0.40734
0.22682
0.28271
0.35643
0.29734
0.29855
0.23261
0.26946
0.20349
0.29350
0.27696
0.31701
0.31139
0.37633
0.27625
0.27690
0.23824
0.16361
0.24877
0.40149
0.26074
0.13299
0.31384
0.17589
0.19115
0.41900
0.20624
0.23872
0.22403
0.27285
0.24147
0.40434
0.20304
0.33962
0.39762
0.24904
0.24950
0.26391
0.25932
0.21222
0.36273
0.20989
0.35531
0.35218
0.24240
0.26687
0.21266
0.30951
0.25567
0.24032
0.34573
0.40563
0.31547
0.29542
0.36371
0.36450
0.21250
0.25002
0.28980
0.39468
0.23363
0.24091
0.22766
0.36248
0.27202
0.25907
0.23742
0.33097
0.37921
0.26681
0.28319
0.32891
0.30233
0.29406
0.25636
0.36247
0.26281
0.26954
0.27998
0.30722
0.34651
0.26658
0.28511
0.24959
0.31592
0.27930
0.22879
0.32793
0.27030
0.22606
0.27779
0.18745
0.31832
0.19857
0.06360
0.14471
0.20339
0.23379
0.29817
0.17971
0.25463
0.35336
0.18651
0.04671
0.18625
0.07686
0.27656
0.27920
0.14739
0.31815
0.09535
0.11545
0.20508
0.21129
0.07110
0.09917
0.17958
0.25730
0.21299
0.20360
0.27114
0.03773
0.34567
0.20633
0.07378
0.07943
0.10269
0.26071
0.14101
0.25541
0.21738
0.28520
0.04570
0.07621
0.04600
0.04918
0.28479
0.17781
0.17857
0.20067
0.26882
0.05624
0.26935
0.21282
0.09120
0.28613
0.05967
0.07704
0.29897
0.18287
0.23024
0.12584
0.04742
0.21197
0.22060
0.30632
0.24838
0.02868
0.06370
0.18976
0.23683
0.17973
0.20337
0.12367
0.28749
0.19655
0.15938
0.24863
0.30247
0.12308
0.15929
0.17279
0.04730
0.08977
0.25462
0.19383
0.20528
0.28522
0.27852
0.20418
0.32952
0.20671
0.17934
0.20356
0.24863
0.19213
0.05598
0.23281
0.08708
0.05971
0.20642
0.25064
0.29687
0.25264
0.06033
0.09893
0.10263
0.22833
0.25203
0.26516
0.10897
0.18279
0.30539
0.21317
0.24160
0.11082
0.07558
0.08104
0.17575
0.04859
0.08835
0.27707
0.30427
0.05530
0.11427
0.08149
0.13494
0.11005
0.24844
