0.14222
0.11001
0.12556
0.28372
0.13648
0.14024
0.26263
0.16307
0.21625
0.12677
0.22833
0.15983
0.21938
0.11673
0.19476
0.23488
0.17997
0.21388
0.14790
0.15789
0.27495
0.21801
0.21433
0.09826
0.29282
0.22961
0.20683
0.23881
0.14098
0.21366
0.21853
0.27104
0.20355
0.10572
0.15005
0.11061
0.14930
0.16417
0.20038
0.19798
0.27984
0.26655
0.14507
0.19125
0.28911
0.21535
0.18220
0.27238
0.23300
0.18725
0.11573
0.20186
0.16608
0.32202
0.10072
0.26204
0.24149
0.17898
0.13467
0.13864
0.27380
0.27740
0.17428
0.23147
0.27760
0.32588
0.07906
0.20885
0.14965
0.07566
0.19369
0.31416
0.36074
0.21511
0.25852
0.21378
0.13053
0.07492
0.21075
0.19398
0.29952
0.21935
0.33208
0.26576
0.27905
0.32781
0.10086
0.15706
0.19495
0.28347
0.34024
0.21503
0.11717
0.27520
0.15369
0.21442
0.24936
0.24091
0.21502
0.20546
0.10616
0.17175
0.13860
0.14148
0.25022
0.29440
0.18035
0.15123
0.24648
0.26481
0.07543
0.24468
0.17126
0.23020
0.14481
0.25248
0.26071
0.09892
0.15140
0.21674
0.26591
0.15789
0.29009
0.08047
0.15623
0.18421
0.30557
0.25866
0.21867
0.25632
0.16414
0.18174
0.29529
0.35351
0.12222
0.17280
0.16632
0.27977
0.25794
0.13991
0.21061
0.07944
0.29402
0.21541
0.20642
0.31653
0.12181
0.36935
0.18975
0.10443
0.18504
0.31551
0.14237
0.31959
0.28722
0.29877
0.16738
0.20283
0.18857
0.22662
0.32118
0.28896
0.28774
0.33817
0.09650
0.20308
0.29807
0.26354
0.13861
0.28307
0.07250
0.24455
0.22369
0.07852
0.13814
0.23282
0.13909
0.13863
0.23090
0.28165
0.13837
0.10212
0.24620
0.20994
0.12353
0.20993
0.24922
0.24159
0.24714
0.20940
0.13919
0.12244
0.09651
0.17685
0.21008
0.26356
0.25506
0.22351
0.18255
0.26031
0.22451
0.16173
0.23440
0.14973
0.08690
0.28915
0.17156
0.24021
0.27532
0.16341
0.27794
0.24084
0.16583
0.24324
0.25331
0.24135
0.14262
0.31061
0.23630
0.35158
0.14135
0.21146
0.15369
0.11404
0.14710
0.11926
0.23333
0.22774
0.22330
0.11261
0.25236
0.18669
0.29486
0.20010
0.06907
0.25647
0.12918
0.07486
0.14854
0.25077
0.11401
0.29582
0.17565
0.13941
0.14298
0.19946
0.11088
0.11564
0.14352
0.16476
0.11741
0.15675
0.17577
0.28904
0.14756
0.17709
0.19373
0.11063
0.11700
0.13966
0.21848
0.19318
0.23447
0.22122
0.20253
0.27894
0.30267
0.11089
0.22486
0.15022
0.15964
0.15197
0.08763
0.09628
0.36422
0.22868
0.13449
0.22739
0.18019
0.12204
0.17227
0.34563
0.15976
0.09517
0.31262
0.12132
0.22922
0.23166
0.22833
0.21104
0.14609
0.14018
0.24286
0.26163
0.24628
0.10327
0.22199
0.23948
0.19118
0.22760
0.30846
0.28625
0.29604
0.21262
0.16411
0.29101
0.31485
0.31786
0.09445
0.28642
0.13072
0.30561
0.18407
0.13679
0.24538
0.21853
0.15694
0.22148
0.25752
0.13584
0.17990
0.10234
0.28268
0.21968
0.27065
0.17740
0.22902
0.24510
0.21354
0.12629
0.23820
0.29769
0.34579
0.27230
0.34632
0.23456
0.26924
0.28995
0.25899
0.26048
0.10299
0.13847
0.20842
0.24449
0.12440
0.14971
0.18996
0.19718
0.23943
0.15607
0.21200
0.19245
0.27609
0.29087
0.27147
0.19743
0.31158
0.17915
0.13960
0.30872
0.13288
0.24935
0.12370
0.11223
0.21206
0.10452
0.27099
0.33649
0.12363
0.14561
0.20727
0.24573
0.10972
0.09376
0.07477
0.09735
0.10809
0.16002
0.19759
0.14220
0.29254
0.22683
0.25674
0.14068
0.20312
0.29614
0.19675
0.30951
0.35312
0.17782
0.28210
0.29713
0.33581
0.34732
0.28907
0.26418
0.34579
0.29005
0.23233
0.29129
0.22909
0.32857
0.20150
0.35484
0.32683
0.27272
0.29810
0.26019
0.28926
0.33907
0.30662
0.26459
0.32860
0.33199
0.25950
0.28298
0.32068
0.26696
0.24114
0.24633
0.33311
0.31190
0.27942
0.23725
0.34754
0.28623
0.26809
0.33857
0.19651
0.30248
0.34688
0.27863
0.31813
0.32539
0.32395
0.23823
0.31762
0.32838
0.22560
0.33039
0.31915
0.27579
0.30776
0.29023
0.18028
0.31067
0.25026
0.28426
0.31519
0.28880
0.28101
0.20455
0.27920
0.37456
0.12647
0.25873
0.22735
0.22226
0.20424
0.35005
0.29576
0.31414
0.17132
0.35595
0.27132
0.28579
0.35870
0.31775
0.33929
0.29372
0.25242
0.27715
0.21421
0.35283
0.31934
0.28667
0.15848
0.31410
0.22455
0.25188
0.29458
0.25893
0.35175
0.30573
0.20485
0.31278
0.28046
0.18051
0.18793
0.31589
0.18633
0.19249
0.16178
0.28635
0.33397
0.27601
0.27917
0.24346
0.33012
0.20062
0.31681
0.27049
0.31310
0.21061
0.28091
0.31933
0.22521
0.19138
0.33556
0.29912
0.19769
0.34151
0.33203
0.26825
0.35933
0.31244
0.22873
0.31595
0.24046
0.28344
0.31974
0.27993
0.29050
0.25179
0.15948
0.32349
0.23542
0.30574
0.21354
0.31717
0.33839
0.30299
0.19538
0.24790
0.28001
0.20113
0.33887
0.19370
0.23197
0.25131
0.24732
0.23805
0.30505
0.32625
0.32561
0.27991
0.21831
0.33181
0.23442
0.19539
0.20143
0.30402
0.30351
0.18541
0.19162
0.28579
0.31295
0.21689
0.17393
0.23976
0.27010
0.22391
0.24506
0.27435
0.33659
0.19504
0.22621
0.27693
0.29781
0.17333
0.31432
0.27560
0.25247
0.39033
0.18707
0.31401
0.22226
0.35256
0.31203
0.27998
0.27109
0.31233
0.27222
0.18460
0.29906
0.27091
0.29443
0.27940
0.25123
0.34548
0.23414
0.26972
0.19421
0.34083
0.24463
0.31246
0.23031
0.29868
0.27648
0.26388
0.20318
0.26077
0.24260
0.31149
0.18763
0.31882
0.23544
0.28100
0.30253
0.30023
0.27681
0.15136
0.22982
0.32612
0.32061
0.29264
0.32416
0.31219
0.26637
0.24060
0.21092
0.30327
0.29123
0.28729
0.27362
0.21174
0.30349
0.31445
0.24564
0.28411
0.26206
0.32790
0.31287
0.20482
0.19940
0.28432
0.28482
0.32414
0.29060
0.24670
0.33671
0.34375
0.15348
0.23937
0.31938
0.28621
0.29673
0.30366
0.32719
0.25983
0.20199
0.18401
0.27354
0.31462
0.35477
0.28540
0.28802
0.30447
0.23441
0.27343
0.29005
0.28601
0.16584
0.32983
0.20591
0.25314
0.33675
0.28940
0.26008
0.22630
0.26071
0.30311
0.36565
0.35256
0.27091
0.27426
0.21664
0.33907
0.30285
0.12481
0.29173
0.21250
0.25832
0.32317
0.24914
0.28594
0.25828
0.26476
0.22562
0.24122
0.23455
0.33880
0.28959
0.29473
0.20295
0.29449
0.25579
0.23485
0.19702
0.33896
0.27694
0.30353
0.24944
0.24899
0.30676
0.23616
0.27139
0.26612
0.18446
0.32203
0.25676
0.34646
0.28368
0.31595
0.35798
0.26935
0.26875
0.33968
0.18840
0.22961
0.33392
0.23016
0.33566
0.30403
0.29703
0.36260
0.38113
0.31345
0.33114
0.27042
0.31307
0.30449
0.34893
0.28171
0.25721
0.31605
0.32026
0.32994
0.32599
0.38591
0.23527
0.24123
0.30639
0.25291
0.33002
0.33120
0.24470
0.25225
0.33880
0.23701
0.28754
0.32109
0.28750
0.27146
0.26519
0.29133
0.26688
0.29094
0.33287
0.28431
0.29499
0.32971
0.27179
0.33481
0.31486
0.29467
0.14600
0.29420
0.30224
0.35777
0.34430
0.31237
0.42884
0.42167
0.29966
0.20723
0.33175
0.38105
0.29320
0.22416
0.31967
0.36911
0.27025
0.25776
0.33342
0.22818
0.27746
0.26193
0.35990
0.36751
0.41688
0.30368
0.34197
0.28629
0.42212
0.30546
0.30164
0.28808
0.37535
0.28380
0.18722
0.29863
0.47382
0.27896
0.43042
0.43006
0.24495
0.27749
0.37688
0.31017
0.27821
0.24177
0.29794
0.23178
0.28512
0.32097
0.30841
0.31196
0.39583
0.30770
0.30251
0.28308
0.20998
0.28589
0.42015
0.24166
0.13248
0.34420
0.15968
0.17990
0.44256
0.19032
0.24755
0.21970
0.29065
0.21853
0.46647
0.20727
0.34298
0.42915
0.25416
0.23660
0.27288
0.26643
0.20763
0.38903
0.21866
0.37309
0.36016
0.27820
0.25282
0.23887
0.34322
0.26905
0.23928
0.34523
0.42191
0.31746
0.32381
0.38849
0.39467
0.22384
0.28086
0.28217
0.39437
0.24492
0.25522
0.23040
0.36199
0.29132
0.27976
0.24833
0.34704
0.37853
0.25848
0.30989
0.34783
0.29110
0.29034
0.26957
0.37878
0.30526
0.27680
0.30463
0.28651
0.34427
0.28261
0.30230
0.25379
0.33723
0.26494
0.26795
0.32901
0.31032
0.23124
0.31337
0.20699
0.28336
0.23920
0.13097
0.21153
0.19629
0.26491
0.29737
0.24585
0.29754
0.34865
0.16703
0.16719
0.21330
0.06746
0.25993
0.24843
0.15043
0.30779
0.13412
0.17387
0.19108
0.22882
0.11448
0.13321
0.22107
0.28444
0.10322
0.22601
0.26737
0.09916
0.34257
0.25045
0.06404
0.17700
0.14826
0.26766
0.15691
0.23357
0.19387
0.29171
0.14023
0.14452
0.05664
0.10831
0.29225
0.18314
0.14727
0.20012
0.31201
0.20000
0.32522
0.20613
0.11601
0.21218
0.08517
0.12637
0.32383
0.18986
0.26646
0.13241
0.14182
0.21725
0.20254
0.28987
0.26022
0.10734
0.09829
0.17285
0.20853
0.17006
0.20323
0.20183
0.26054
0.18546
0.19458
0.27117
0.29587
0.12588
0.13127
0.23977
0.11403
0.06851
0.22321
0.15782
0.17665
0.19885
0.23687
0.20022
0.30078
0.27642
0.22331
0.19517
0.18425
0.21512
0.09534
0.26698
0.14940
0.15818
0.20661
0.24809
0.27994
0.23037
0.11933
0.07527
0.21033
0.25314
0.21347
0.33652
0.19832
0.23507
0.29029
0.13354
0.20756
0.13645
0.06760
0.11826
0.19824
0.11012
0.12537
0.26050
0.27558
0.15591
0.13314
0.09750
0.12102
0.17399
0.26462
