0.18244
0.10149
0.09662
0.28168
0.11851
0.15226
0.23940
0.19440
0.21010
0.07642
0.22783
0.14258
0.19867
0.11624
0.15110
0.24773
0.13115
0.15476
0.16153
0.16210
0.30475
0.20311
0.20349
0.12562
0.23471
0.20227
0.13309
0.24043
0.10596
0.22149
0.19391
0.28209
0.15159
0.11868
0.09073
0.09257
0.12860
0.13050
0.13587
0.21194
0.29445
0.26233
0.11304
0.18003
0.29610
0.24337
0.19909
0.23870
0.22793
0.18463
0.12137
0.20719
0.15747
0.29262
0.13848
0.21800
0.22109
0.15854
0.16682
0.11416
0.29369
0.29016
0.20286
0.20991
0.27116
0.30121
0.08426
0.20819
0.15698
0.06520
0.13185
0.29186
0.33163
0.18381
0.26736
0.15642
0.12163
0.07256
0.22226
0.17587
0.28856
0.19969
0.31009
0.26973
0.28623
0.30829
0.09511
0.08768
0.15166
0.27613
0.32367
0.17347
0.09983
0.27290
0.08105
0.17732
0.23341
0.23044
0.19138
0.18925
0.10433
0.21362
0.11618
0.13041
0.23980
0.31836
0.18886
0.15755
0.18187
0.27953
0.05753
0.27471
0.16825
0.23974
0.11120
0.19085
0.29268
0.08019
0.07289
0.22814
0.23685
0.16213
0.27577
0.02576
0.14706
0.14097
0.31561
0.25313
0.22156
0.26072
0.15196
0.14458
0.29815
0.32676
0.10980
0.15570
0.14230
0.30919
0.25293
0.08526
0.21069
0.05705
0.28727
0.18716
0.17042
0.28914
0.14915
0.34653
0.21596
0.09278
0.14925
0.30142
0.11715
0.30847
0.30710
0.32991
0.17617
0.15458
0.18035
0.24058
0.28810
0.25502
0.28703
0.34275
0.10739
0.20036
0.26838
0.27151
0.11183
0.29071
0.07365
0.28670
0.24761
0.07563
0.14090
0.21977
0.13804
0.13157
0.18419
0.27433
0.15745
0.12136
0.19433
0.18239
0.08781
0.19759
0.25671
0.24515
0.25311
0.24324
0.13160
0.09871
0.09496
0.14959
0.18780
0.25935
0.23777
0.22853
0.15035
0.27008
0.24440
0.12417
0.23023
0.17974
0.08483
0.26212
0.13858
0.20653
0.26484
0.16156
0.24096
0.24750
0.13574
0.25316
0.27758
0.25351
0.13520
0.29680
0.21132
0.34846
0.12303
0.24466
0.13893
0.13265
0.11980
0.09127
0.21098
0.22425
0.22822
0.06094
0.26917
0.15393
0.26194
0.18662
0.09471
0.32145
0.15357
0.05431
0.10642
0.28219
0.07918
0.31509
0.15536
0.12101
0.15414
0.20741
0.11272
0.10833
0.17319
0.10107
0.13716
0.20666
0.13224
0.26997
0.16147
0.19322
0.21230
0.13500
0.11544
0.13774
0.20674
0.20084
0.21974
0.15968
0.17069
0.25536
0.27851
0.09939
0.20125
0.08575
0.15337
0.14778
0.09054
0.08460
0.34407
0.21620
0.11791
0.21783
0.15524
0.10666
0.16126
0.31996
0.17091
0.11077
0.28997
0.12408
0.22420
0.24427
0.20152
0.21485
0.12464
0.11078
0.23931
0.24875
0.22090
0.10442
0.23313
0.25816
0.21143
0.18828
0.32385
0.27333
0.26292
0.19179
0.19016
0.28337
0.27755
0.33200
0.07715
0.29712
0.14401
0.30294
0.16197
0.14010
0.18672
0.20349
0.11300
0.23175
0.24800
0.11299
0.10244
0.10980
0.27938
0.21945
0.25778
0.17937
0.22991
0.24303
0.19819
0.12030
0.27825
0.30993
0.34221
0.26489
0.31673
0.25165
0.26203
0.28029
0.24896
0.26008
0.10739
0.12118
0.17445
0.23789
0.08303
0.10815
0.23545
0.14280
0.24168
0.14840
0.18110
0.14032
0.28830
0.28230
0.25998
0.22811
0.26597
0.18255
0.12704
0.33482
0.10581
0.22448
0.07613
0.12788
0.19070
0.11597
0.24102
0.35198
0.09607
0.12113
0.16816
0.26633
0.12034
0.11138
0.11141
0.09496
0.10172
0.14174
0.20314
0.10306
0.27050
0.23146
0.21178
0.13173
0.23906
0.27202
0.22139
0.20153
0.34524
0.17753
0.28655
0.29992
0.24915
0.26471
0.26705
0.20962
0.33996
0.24747
0.23538
0.21188
0.22818
0.23205
0.18570
0.35016
0.32606
0.25974
0.20848
0.26367
0.18915
0.34800
0.21158
0.17112
0.31765
0.32778
0.18315
0.20205
0.31237
0.28172
0.25996
0.26104
0.22788
0.30095
0.24366
0.25325
0.34341
0.24620
0.20202
0.28305
0.20134
0.28814
0.34955
0.29249
0.28844
0.22595
0.23757
0.23385
0.22942
0.32327
0.17185
0.25506
0.30755
0.21776
0.21985
0.28330
0.19998
0.25025
0.26873
0.27039
0.31443
0.31141
0.21308
0.19048
0.26365
0.33769
0.14942
0.26865
0.21244
0.16737
0.18218
0.36345
0.30508
0.32260
0.20196
0.34880
0.26717
0.27372
0.35140
0.29029
0.25786
0.29197
0.25059
0.26583
0.20301
0.33382
0.22655
0.17027
0.17477
0.29887
0.22097
0.25833
0.29616
0.24601
0.33997
0.31361
0.22467
0.31143
0.28684
0.20483
0.18880
0.24155
0.21147
0.18161
0.17596
0.31025
0.34481
0.24515
0.22342
0.25088
0.25750
0.21044
0.22233
0.24074
0.21226
0.18668
0.26540
0.22591
0.21941
0.19827
0.33396
0.28988
0.19456
0.31517
0.33091
0.25531
0.35430
0.30834
0.21945
0.24173
0.22634
0.28108
0.29936
0.26319
0.29272
0.25599
0.18093
0.28169
0.23258
0.26474
0.21262
0.19417
0.23829
0.28319
0.20915
0.24094
0.26942
0.21582
0.25711
0.20214
0.24970
0.20507
0.24043
0.17273
0.28733
0.31402
0.32889
0.17464
0.21985
0.31001
0.20847
0.21288
0.19061
0.29884
0.33499
0.19263
0.20046
0.25344
0.20384
0.17828
0.16820
0.23223
0.24830
0.18327
0.26936
0.20469
0.24361
0.18085
0.20482
0.25337
0.23991
0.19100
0.21431
0.28775
0.25152
0.35118
0.21610
0.31809
0.22417
0.34554
0.31538
0.21004
0.27186
0.25120
0.26116
0.21412
0.30285
0.30239
0.19877
0.27842
0.26103
0.32890
0.25236
0.26690
0.20685
0.32315
0.20192
0.27040
0.23046
0.24578
0.25935
0.29041
0.24664
0.20133
0.26800
0.29860
0.21837
0.29942
0.25025
0.22386
0.29064
0.28105
0.29123
0.15992
0.16887
0.31553
0.31672
0.21394
0.22376
0.26689
0.25358
0.16739
0.16394
0.29264
0.28419
0.23170
0.25309
0.20566
0.24757
0.28023
0.26751
0.22566
0.23694
0.31412
0.26200
0.15704
0.18242
0.27981
0.29404
0.23837
0.27071
0.25488
0.33694
0.34674
0.15964
0.22552
0.31722
0.21699
0.21943
0.28217
0.33671
0.23432
0.23164
0.20111
0.20811
0.22487
0.34950
0.33295
0.30793
0.24237
0.24176
0.25545
0.28363
0.26903
0.19904
0.34400
0.24798
0.23985
0.36119
0.29399
0.23196
0.25283
0.24312
0.29308
0.29552
0.33404
0.22403
0.28601
0.22932
0.25793
0.31896
0.14308
0.23998
0.22004
0.20535
0.23874
0.22745
0.25625
0.24294
0.28630
0.23126
0.21068
0.26523
0.33080
0.25363
0.21127
0.19639
0.27638
0.24758
0.24717
0.20249
0.32962
0.28379
0.33144
0.28362
0.19795
0.23240
0.26973
0.23419
0.26807
0.17794
0.31941
0.25926
0.33148
0.25457
0.29469
0.33680
0.25426
0.19424
0.24914
0.16403
0.20086
0.24306
0.20426
0.25916
0.29475
0.26305
0.28759
0.37531
0.30443
0.30863
0.27861
0.30645
0.28613
0.35355
0.21736
0.25372
0.30927
0.33413
0.23019
0.30837
0.37604
0.24148
0.22755
0.32931
0.26380
0.30635
0.32825
0.24712
0.22392
0.34491
0.21930
0.24059
0.31002
0.24837
0.16075
0.21807
0.20521
0.25900
0.26004
0.28963
0.28279
0.23438
0.24815
0.25318
0.23430
0.19557
0.29670
0.15772
0.31897
0.30310
0.33402
0.28940
0.29948
0.39315
0.39606
0.22313
0.19461
0.25689
0.38088
0.31291
0.25268
0.24709
0.33236
0.24868
0.18299
0.33164
0.22952
0.27381
0.21972
0.29465
0.37146
0.44579
0.28313
0.24464
0.19184
0.36769
0.30889
0.30621
0.26582
0.33363
0.18372
0.17820
0.30464
0.43261
0.26375
0.38352
0.39530
0.24067
0.25340
0.32792
0.30625
0.29100
0.21575
0.21060
0.20922
0.29134
0.23822
0.30497
0.30567
0.34637
0.20248
0.20794
0.25132
0.18606
0.17254
0.36717
0.26671
0.15443
0.33552
0.19611
0.19900
0.37527
0.18307
0.25545
0.22351
0.20269
0.25367
0.42854
0.21182
0.26986
0.36566
0.23477
0.25196
0.22470
0.27956
0.20433
0.31231
0.19944
0.36398
0.35037
0.19456
0.26862
0.16059
0.35141
0.28633
0.21425
0.34058
0.38851
0.35361
0.30441
0.33851
0.34863
0.16025
0.27801
0.29843
0.37320
0.21741
0.24903
0.24969
0.36258
0.20527
0.25996
0.21733
0.33005
0.37458
0.27107
0.22869
0.30454
0.29443
0.23964
0.24887
0.37297
0.24425
0.28251
0.23890
0.25614
0.33493
0.26583
0.28221
0.23495
0.33824
0.28400
0.20469
0.27488
0.24598
0.18907
0.21518
0.20773
0.29418
0.25671
0.06375
0.19312
0.19323
0.19656
0.25578
0.21568
0.23885
0.35515
0.15852
0.06666
0.22003
0.09755
0.29748
0.24897
0.18953
0.30226
0.08504
0.17100
0.14804
0.22744
0.08634
0.20016
0.18661
0.25939
0.21649
0.20389
0.29887
0.10552
0.30914
0.23770
0.08080
0.08953
0.12049
0.28408
0.18513
0.27077
0.23290
0.26514
0.08282
0.07844
0.12055
0.14619
0.32212
0.12521
0.20157
0.18158
0.23453
0.24075
0.23346
0.19040
0.06693
0.24703
0.05516
0.11715
0.27732
0.19452
0.19159
0.16975
0.07675
0.21540
0.20255
0.31504
0.26142
0.07658
0.11544
0.13912
0.21989
0.16584
0.19996
0.15964
0.31117
0.18976
0.15334
0.25124
0.31073
0.10873
0.21439
0.16048
0.06137
0.09700
0.20983
0.14968
0.21282
0.23033
0.24294
0.19919
0.30483
0.23948
0.16585
0.26499
0.16275
0.22197
0.03759
0.24583
0.11881
0.05399
0.21256
0.27585
0.24507
0.23906
0.09745
0.12840
0.14803
0.26928
0.19886
0.28802
0.10356
0.28842
0.29550
0.14005
0.23269
0.11514
0.08935
0.05068
0.21783
0.03986
0.10591
0.23905
0.24377
0.08861
0.14667
0.05578
0.10902
0.09717
0.22784
