0.09804
0.10071
0.04538
0.21658
0.06828
0.12490
0.23244
0.13562
0.16610
0.09495
0.16901
0.13521
0.15617
0.10834
0.09813
0.22694
0.14583
0.09197
0.06590
0.13488
0.30458
0.10193
0.10218
0.04067
0.24442
0.10451
0.11634
0.21690
0.07211
0.13560
0.18242
0.21658
0.11933
0.10684
0.09969
0.09239
0.15624
0.04523
0.09582
0.13593
0.27818
0.25782
0.08668
0.08979
0.30009
0.19634
0.15907
0.20941
0.15642
0.14350
0.09116
0.10440
0.12575
0.23460
0.09004
0.22624
0.20387
0.13016
0.14797
0.08741
0.27378
0.29461
0.11258
0.22368
0.26271
0.29323
0.03083
0.12643
0.07538
0.06907
0.14268
0.29799
0.26936
0.15553
0.25107
0.08133
0.08695
0.03629
0.20739
0.14882
0.29784
0.18206
0.35173
0.25045
0.24001
0.31760
0.10001
0.04608
0.09711
0.28151
0.32309
0.20260
0.07294
0.23444
0.08425
0.15887
0.22155
0.22522
0.20077
0.15305
0.09329
0.18551
0.10346
0.12110
0.17721
0.30292
0.16051
0.14792
0.16168
0.26621
0.02779
0.27616
0.06765
0.22152
0.09868
0.16187
0.26027
0.07316
0.05240
0.13897
0.20846
0.06709
0.26694
0.01924
0.09651
0.11258
0.32664
0.25808
0.13260
0.24779
0.07195
0.11369
0.30223
0.31093
0.09507
0.12384
0.04284
0.28366
0.28583
0.06701
0.16813
0.04827
0.28444
0.17845
0.09748
0.26212
0.07585
0.33705
0.15376
0.09835
0.16458
0.23521
0.12886
0.29381
0.30248
0.31305
0.10323
0.15948
0.13304
0.16918
0.24048
0.23832
0.28828
0.31851
0.09205
0.11143
0.27151
0.28859
0.07021
0.25041
0.04237
0.22496
0.18440
0.03299
0.11589
0.22428
0.05665
0.06596
0.22240
0.24974
0.05113
0.10224
0.20545
0.13221
0.10617
0.12634
0.17720
0.25588
0.23927
0.15606
0.08858
0.06972
0.04390
0.14235
0.15901
0.20997
0.15124
0.14882
0.07507
0.25921
0.25640
0.08378
0.17945
0.15784
0.07321
0.23121
0.08481
0.21460
0.23485
0.11955
0.25197
0.22055
0.10171
0.25386
0.26840
0.22164
0.11961
0.20774
0.21026
0.32950
0.11196
0.16142
0.11451
0.03943
0.10130
0.02511
0.17468
0.15271
0.12931
0.04763
0.27235
0.11125
0.18219
0.11576
0.06295
0.29221
0.10842
0.01792
0.10760
0.28968
0.06552
0.28065
0.09425
0.11132
0.11907
0.21418
0.11246
0.04704
0.11354
0.09978
0.09086
0.10237
0.10539
0.22740
0.14388
0.16650
0.20241
0.02942
0.04047
0.14295
0.24354
0.13637
0.23858
0.16101
0.14089
0.19706
0.26011
0.09460
0.17059
0.04554
0.08816
0.12536
0.07473
0.03473
0.33890
0.17398
0.07054
0.19130
0.16628
0.07255
0.13464
0.31377
0.10350
0.08342
0.29370
0.12950
0.19597
0.13909
0.17180
0.14127
0.08393
0.05928
0.16044
0.21568
0.16994
0.09237
0.16556
0.10340
0.14351
0.10983
0.32056
0.25639
0.26965
0.12907
0.09286
0.29576
0.29812
0.30323
0.05069
0.27195
0.09217
0.28914
0.12544
0.10121
0.12064
0.10775
0.08849
0.13423
0.23507
0.06182
0.11137
0.07122
0.27064
0.11295
0.24651
0.19335
0.22637
0.23773
0.11431
0.05144
0.21524
0.26174
0.33913
0.25826
0.28760
0.22388
0.22039
0.30268
0.28845
0.29192
0.05035
0.06133
0.11708
0.21687
0.04858
0.03457
0.16091
0.10437
0.18622
0.15466
0.15079
0.08698
0.26035
0.27781
0.21671
0.21276
0.29519
0.13118
0.13701
0.29873
0.03264
0.24316
0.07778
0.06368
0.20388
0.03663
0.26408
0.32391
0.05962
0.08427
0.12254
0.22912
0.09799
0.04930
0.06965
0.04710
0.03874
0.07763
0.15907
0.08945
0.30041
0.15420
0.18568
0.11313
0.17342
0.29345
0.20670
0.24688
0.34064
0.14650
0.26724
0.30534
0.28788
0.30400
0.27712
0.22808
0.34464
0.24495
0.24708
0.26379
0.19553
0.28092
0.19254
0.35806
0.31561
0.22916
0.25036
0.24855
0.23787
0.34328
0.27866
0.21820
0.32234
0.33001
0.20132
0.25582
0.30510
0.27932
0.23414
0.25129
0.26333
0.31116
0.24881
0.20145
0.33486
0.24400
0.20655
0.29321
0.17226
0.30242
0.33892
0.29102
0.27681
0.30676
0.26172
0.25578
0.27522
0.32234
0.18157
0.26149
0.31966
0.22726
0.27412
0.29476
0.19086
0.29921
0.24791
0.27412
0.31338
0.28765
0.25914
0.18599
0.27847
0.35172
0.12677
0.26776
0.20531
0.17764
0.16999
0.35744
0.29047
0.32639
0.15686
0.35423
0.27208
0.28453
0.36687
0.31191
0.27384
0.28569
0.23051
0.26942
0.16024
0.34985
0.28707
0.18434
0.15358
0.33294
0.19263
0.26657
0.29908
0.26204
0.34471
0.31656
0.21181
0.31100
0.32320
0.15424
0.16324
0.27637
0.17172
0.18538
0.11811
0.27735
0.34304
0.23671
0.26230
0.24142
0.27681
0.22119
0.30702
0.25892
0.27124
0.18569
0.27869
0.28879
0.19980
0.15827
0.33746
0.27811
0.17663
0.26938
0.30869
0.24312
0.34889
0.30660
0.23014
0.26971
0.19989
0.29665
0.29259
0.26698
0.24513
0.21325
0.17205
0.29103
0.20893
0.25465
0.22282
0.25402
0.31099
0.28383
0.19209
0.21594
0.28325
0.19569
0.26828
0.19875
0.22071
0.22390
0.22716
0.20897
0.29838
0.31702
0.31675
0.23733
0.21784
0.31782
0.20656
0.22965
0.20376
0.29556
0.28657
0.15935
0.19385
0.26743
0.27200
0.19975
0.15154
0.21532
0.25393
0.20232
0.22177
0.25231
0.29986
0.16885
0.20921
0.28476
0.27675
0.20526
0.26153
0.24922
0.25974
0.36357
0.17566
0.27485
0.23917
0.34818
0.30761
0.23317
0.27309
0.29758
0.27160
0.19265
0.29034
0.26750
0.25417
0.28788
0.27892
0.33849
0.23025
0.27516
0.20519
0.33308
0.21318
0.26192
0.22163
0.22744
0.26607
0.25943
0.19444
0.24300
0.24421
0.31444
0.19252
0.30608
0.23653
0.25501
0.28479
0.27559
0.27495
0.13453
0.21222
0.32475
0.32659
0.23288
0.26189
0.29224
0.25813
0.20997
0.19916
0.28529
0.29176
0.25112
0.24572
0.17703
0.27408
0.30746
0.26520
0.26869
0.17854
0.33289
0.26141
0.17935
0.18312
0.27089
0.27878
0.29933
0.24595
0.24287
0.32701
0.34744
0.14587
0.25301
0.31343
0.24770
0.26808
0.31027
0.33689
0.21705
0.17452
0.16336
0.22783
0.26536
0.35715
0.27286
0.28403
0.27512
0.24408
0.25587
0.29359
0.28137
0.17697
0.31720
0.19943
0.23354
0.32759
0.30422
0.25473
0.23243
0.21936
0.30037
0.32806
0.33552
0.24917
0.27860
0.20226
0.30463
0.29878
0.12965
0.24406
0.19389
0.23725
0.27547
0.22240
0.25582
0.24502
0.25307
0.21057
0.21912
0.23168
0.32870
0.26539
0.25824
0.19754
0.28497
0.24861
0.22895
0.17528
0.30980
0.29398
0.33253
0.23077
0.25200
0.28155
0.26068
0.22944
0.26175
0.18137
0.30860
0.27444
0.32655
0.28157
0.28639
0.34046
0.26625
0.24602
0.28503
0.17568
0.21816
0.26558
0.19448
0.26503
0.30652
0.25731
0.29988
0.37989
0.29903
0.31737
0.25872
0.29568
0.27420
0.35617
0.23811
0.26630
0.31716
0.32053
0.27445
0.32794
0.37548
0.24443
0.24880
0.31860
0.21543
0.31784
0.32205
0.23701
0.25302
0.32632
0.22528
0.25597
0.30585
0.25088
0.23027
0.22481
0.24308
0.26677
0.29233
0.29731
0.28325
0.22217
0.29429
0.26385
0.29617
0.26641
0.25110
0.14398
0.32226
0.32634
0.35958
0.29344
0.30183
0.37708
0.37552
0.27928
0.17696
0.31543
0.38904
0.26174
0.15920
0.31080
0.32983
0.22390
0.24406
0.31569
0.24029
0.24709
0.21477
0.33238
0.34276
0.39523
0.27796
0.30953
0.25347
0.38194
0.29781
0.29976
0.29004
0.35448
0.29531
0.19876
0.29931
0.43865
0.24027
0.37798
0.38963
0.19942
0.28518
0.35307
0.28912
0.30852
0.24913
0.28512
0.21082
0.26691
0.29765
0.28874
0.31491
0.37179
0.28533
0.29879
0.23670
0.21420
0.26846
0.38703
0.20000
0.12315
0.33229
0.09736
0.18747
0.40730
0.15841
0.25762
0.21588
0.28674
0.24932
0.44288
0.17951
0.32287
0.38310
0.23339
0.20423
0.24382
0.22280
0.19913
0.35878
0.16609
0.36695
0.33343
0.23391
0.23169
0.22149
0.34259
0.28018
0.21251
0.36286
0.42177
0.31163
0.27459
0.37335
0.36512
0.22001
0.25436
0.29346
0.37433
0.19719
0.22112
0.25502
0.34837
0.26505
0.24720
0.27579
0.30268
0.35012
0.22932
0.30641
0.33642
0.29142
0.28949
0.25500
0.36611
0.29050
0.27997
0.26757
0.29856
0.34607
0.25837
0.30795
0.23654
0.32133
0.24453
0.23408
0.29765
0.28252
0.24269
0.27638
0.18847
0.30056
0.24490
0.06326
0.15366
0.20483
0.20744
0.25306
0.22156
0.24903
0.34571
0.19945
0.04275
0.14305
0.02958
0.29674
0.22182
0.18143
0.29965
0.07230
0.07403
0.20335
0.15971
0.07939
0.10917
0.22955
0.24928
0.18107
0.21271
0.28380
0.06517
0.33490
0.23090
0.02735
0.07575
0.12014
0.29675
0.12752
0.21810
0.22029
0.27390
0.03162
0.08035
0.03733
0.05451
0.23620
0.13571
0.06371
0.16515
0.29822
0.10433
0.30170
0.22764
0.07946
0.25798
0.08374
0.03001
0.31788
0.20308
0.26002
0.07829
0.08193
0.21655
0.21384
0.31038
0.28315
0.01274
0.04232
0.19283
0.21538
0.18107
0.16541
0.12101
0.23429
0.12779
0.07518
0.25035
0.26210
0.08600
0.07915
0.16983
0.03594
0.01144
0.21743
0.13645
0.22180
0.20318
0.24832
0.21195
0.36369
0.24819
0.27466
0.15371
0.21825
0.19491
0.03455
0.24633
0.08608
0.05767
0.21051
0.27188
0.26341
0.23551
0.05239
0.06320
0.11743
0.19869
0.24589
0.28839
0.06871
0.16021
0.31948
0.10779
0.22635
0.14438
0.02798
0.02011
0.19125
0.06183
0.07028
0.25318
0.27388
0.07702
0.08288
0.02550
0.05488
0.09930
0.27568
