0.17336
0.09689
0.06221
0.27122
0.09463
0.14270
0.24273
0.15762
0.17245
0.06175
0.21804
0.13089
0.19485
0.14230
0.11771
0.23386
0.11246
0.15800
0.09725
0.13703
0.27939
0.12373
0.17367
0.10670
0.24495
0.15681
0.11362
0.27839
0.10983
0.19383
0.18380
0.27734
0.13316
0.10544
0.16412
0.09673
0.12818
0.08881
0.12716
0.17129
0.30000
0.27935
0.10717
0.15929
0.29711
0.24921
0.16960
0.25511
0.21415
0.16349
0.12300
0.18884
0.12615
0.25932
0.09068
0.25051
0.21296
0.15047
0.17218
0.13967
0.28217
0.31572
0.14840
0.21094
0.28143
0.31987
0.06978
0.20046
0.10884
0.04432
0.15934
0.28508
0.29857
0.18054
0.28858
0.10126
0.09392
0.05691
0.21878
0.17860
0.32478
0.15558
0.33521
0.27224
0.29598
0.35099
0.09141
0.09605
0.14893
0.25563
0.34553
0.15759
0.06843
0.28651
0.11069
0.16595
0.22487
0.23339
0.19308
0.18992
0.09416
0.18228
0.10976
0.14645
0.22282
0.31176
0.15832
0.16225
0.19335
0.26937
0.02751
0.24785
0.12632
0.21189
0.12790
0.20319
0.28602
0.07218
0.08449
0.19981
0.20501
0.11348
0.29022
0.04211
0.10701
0.11659
0.34551
0.26874
0.16825
0.27857
0.14190
0.17932
0.31109
0.33394
0.10201
0.15135
0.05604
0.30979
0.26910
0.06012
0.18165
0.04438
0.28293
0.19389
0.13208
0.27495
0.11601
0.34973
0.20862
0.09871
0.16855
0.23644
0.11198
0.30675
0.29735
0.32176
0.09735
0.15398
0.15885
0.25500
0.30010
0.28078
0.27944
0.35526
0.11323
0.12764
0.30055
0.27204
0.09655
0.28816
0.07175
0.25929
0.25142
0.07611
0.10115
0.19642
0.08984
0.07274
0.18564
0.28912
0.10341
0.10601
0.20412
0.19371
0.13895
0.20752
0.25769
0.25014
0.24808
0.24984
0.13213
0.11526
0.06387
0.15459
0.14882
0.27023
0.24007
0.18323
0.13718
0.27308
0.22793
0.12864
0.20427
0.14863
0.05971
0.21273
0.12792
0.24184
0.25046
0.09424
0.28378
0.24879
0.11868
0.25998
0.26617
0.23956
0.13948
0.24796
0.22920
0.35258
0.11689
0.25253
0.12478
0.04931
0.09706
0.06570
0.20681
0.15329
0.19179
0.10292
0.28344
0.11118
0.21019
0.10999
0.02829
0.24984
0.11787
0.04064
0.11115
0.29676
0.10777
0.27326
0.10390
0.11186
0.14948
0.24776
0.11042
0.05164
0.16880
0.11375
0.12135
0.12618
0.11923
0.27436
0.15480
0.15615
0.19551
0.07625
0.06793
0.12660
0.19329
0.17484
0.22621
0.21396
0.15055
0.27451
0.30351
0.09590
0.15410
0.06090
0.15578
0.12264
0.08795
0.03843
0.37257
0.16058
0.07635
0.20843
0.16995
0.08192
0.17131
0.33587
0.13276
0.08598
0.29627
0.11630
0.20498
0.19643
0.20967
0.15556
0.13255
0.10406
0.23809
0.23780
0.19160
0.10140
0.20790
0.17975
0.18999
0.16970
0.32559
0.28217
0.25494
0.19132
0.16065
0.30502
0.31893
0.34729
0.06098
0.28288
0.11180
0.28333
0.15612
0.11816
0.13348
0.12405
0.11885
0.20122
0.23825
0.08909
0.11193
0.07181
0.26766
0.15126
0.25565
0.19098
0.23959
0.24990
0.16270
0.10434
0.26941
0.27092
0.38037
0.25446
0.33749
0.24616
0.26672
0.28599
0.28250
0.29153
0.07080
0.10275
0.14215
0.25452
0.05775
0.06047
0.21634
0.12835
0.23968
0.10908
0.22223
0.10450
0.26333
0.27111
0.27081
0.20588
0.29727
0.17114
0.15261
0.33371
0.07559
0.25342
0.06967
0.12757
0.23465
0.03270
0.26678
0.36477
0.08814
0.09002
0.14021
0.28162
0.10435
0.06844
0.10284
0.10220
0.06321
0.08479
0.20107
0.09795
0.28140
0.18130
0.21619
0.09808
0.17004
0.29411
0.17273
0.24656
0.33908
0.14185
0.27301
0.30326
0.29045
0.30021
0.28234
0.23539
0.33052
0.24239
0.25993
0.24002
0.20805
0.28872
0.21232
0.37187
0.32096
0.22531
0.21967
0.25828
0.25926
0.34100
0.25056
0.24151
0.30598
0.32172
0.20113
0.24391
0.31550
0.27658
0.22600
0.24104
0.26214
0.31187
0.23760
0.21594
0.33441
0.24362
0.22895
0.29401
0.18925
0.30791
0.33248
0.29883
0.27321
0.29674
0.26597
0.24411
0.27865
0.32841
0.16256
0.24353
0.31503
0.25493
0.27799
0.28714
0.20771
0.29905
0.27327
0.26625
0.30156
0.27481
0.25904
0.19584
0.29774
0.34063
0.12276
0.27366
0.20352
0.18571
0.20623
0.35602
0.28946
0.31222
0.16183
0.34323
0.27446
0.27529
0.36324
0.31308
0.28076
0.28001
0.24446
0.28096
0.19117
0.34571
0.28518
0.22486
0.16039
0.32585
0.20863
0.26079
0.29539
0.25557
0.33728
0.31570
0.23009
0.30051
0.29990
0.17109
0.16794
0.28392
0.18392
0.20597
0.12827
0.28230
0.32124
0.24951
0.26728
0.24700
0.28805
0.20532
0.30391
0.27526
0.25975
0.18311
0.28722
0.27612
0.20652
0.15726
0.33740
0.29526
0.17931
0.28998
0.31772
0.23957
0.35400
0.31112
0.24164
0.25380
0.21640
0.28923
0.29533
0.25394
0.25870
0.25014
0.16338
0.29430
0.20463
0.24757
0.23030
0.25345
0.31317
0.26797
0.19960
0.22174
0.28233
0.21459
0.27927
0.20193
0.22881
0.25178
0.22918
0.22193
0.29761
0.32530
0.31187
0.23945
0.22641
0.31746
0.22357
0.19145
0.20173
0.29282
0.29306
0.17544
0.18075
0.28019
0.27467
0.17086
0.15604
0.22022
0.24139
0.18516
0.21715
0.25046
0.30966
0.17376
0.21567
0.27836
0.28558
0.19524
0.27274
0.25319
0.27745
0.35964
0.19334
0.28211
0.24095
0.35204
0.31071
0.23258
0.27963
0.29773
0.25113
0.20187
0.30469
0.28783
0.24677
0.27860
0.26859
0.34097
0.25127
0.26008
0.21139
0.33997
0.22692
0.27495
0.23050
0.26594
0.25991
0.26184
0.20872
0.25134
0.24745
0.31173
0.21403
0.30103
0.25567
0.23852
0.28156
0.28135
0.28757
0.13681
0.20824
0.32671
0.32578
0.23673
0.25608
0.27201
0.25378
0.20305
0.19712
0.29018
0.28798
0.24661
0.25143
0.18369
0.25910
0.29881
0.26286
0.24241
0.23505
0.32412
0.25817
0.17537
0.19194
0.27600
0.29614
0.31167
0.25357
0.23998
0.33819
0.33487
0.15286
0.24987
0.30485
0.25690
0.27112
0.31939
0.33022
0.25186
0.19704
0.17897
0.26612
0.27591
0.35323
0.28494
0.29287
0.27093
0.24439
0.25363
0.26221
0.27375
0.17781
0.32004
0.21527
0.24169
0.33645
0.28514
0.24039
0.23675
0.23506
0.29907
0.32805
0.33552
0.26683
0.26472
0.19289
0.28460
0.31955
0.12418
0.26904
0.17311
0.21637
0.28142
0.23866
0.25935
0.24912
0.25196
0.19438
0.21979
0.23636
0.34028
0.23456
0.24189
0.20342
0.28661
0.25072
0.23327
0.16557
0.33024
0.29647
0.32341
0.25943
0.22599
0.28677
0.24339
0.22083
0.27430
0.20177
0.31372
0.25973
0.32383
0.27518
0.28625
0.34503
0.26046
0.25459
0.28965
0.18290
0.21359
0.27815
0.23743
0.26686
0.30584
0.25057
0.30808
0.37686
0.30308
0.31508
0.26081
0.27994
0.28492
0.34678
0.25262
0.27295
0.31250
0.31558
0.28463
0.32338
0.38676
0.23714
0.25386
0.32316
0.24425
0.32023
0.32233
0.23451
0.24863
0.32408
0.23318
0.23321
0.29098
0.25362
0.19485
0.23618
0.24200
0.24294
0.28459
0.29068
0.28087
0.22821
0.28901
0.26934
0.28893
0.28114
0.27105
0.15886
0.31468
0.32213
0.35559
0.30556
0.28748
0.38295
0.36777
0.25888
0.18590
0.29790
0.37592
0.28173
0.17846
0.30404
0.31606
0.26102
0.22544
0.31383
0.24263
0.24131
0.23644
0.32536
0.33181
0.38449
0.26152
0.29672
0.27799
0.38243
0.27380
0.31209
0.28244
0.33399
0.29554
0.20112
0.31364
0.42798
0.26312
0.37112
0.39149
0.19305
0.29670
0.33248
0.30520
0.30081
0.26526
0.27985
0.23395
0.28438
0.28289
0.28184
0.29711
0.35938
0.26087
0.28600
0.23633
0.19458
0.26745
0.36748
0.21112
0.13989
0.35198
0.12718
0.22054
0.37884
0.17317
0.28812
0.22098
0.28458
0.23092
0.43608
0.17739
0.31347
0.37559
0.23583
0.23366
0.24635
0.20941
0.19520
0.35505
0.16479
0.37303
0.33646
0.22440
0.24823
0.24248
0.32973
0.27505
0.21096
0.34439
0.41615
0.31391
0.27130
0.34284
0.34391
0.22396
0.26709
0.29205
0.38213
0.20098
0.22394
0.23375
0.34810
0.26879
0.25132
0.28234
0.32553
0.34334
0.22097
0.28495
0.31733
0.29457
0.27314
0.25815
0.36441
0.29570
0.23730
0.26880
0.30891
0.34360
0.25655
0.30632
0.24353
0.32148
0.25055
0.22488
0.31293
0.29326
0.24506
0.28477
0.19913
0.31725
0.20920
0.06931
0.22117
0.22457
0.22405
0.26246
0.22376
0.23522
0.35810
0.26043
0.07848
0.23182
0.03802
0.26657
0.22377
0.17058
0.28009
0.05633
0.11113
0.20265
0.25641
0.08123
0.05374
0.24277
0.27278
0.20219
0.21204
0.25883
0.08298
0.31448
0.17919
0.06534
0.07389
0.12847
0.24322
0.11861
0.26253
0.20642
0.28104
0.04262
0.06190
0.10680
0.05467
0.19695
0.13212
0.11675
0.19366
0.30342
0.14875
0.27621
0.22537
0.12420
0.28383
0.15476
0.04710
0.32060
0.20073
0.28354
0.11086
0.05981
0.21730
0.19620
0.24876
0.22238
0.06862
0.10628
0.21977
0.21452
0.18507
0.20961
0.18436
0.22261
0.19088
0.14312
0.21999
0.26142
0.08101
0.14714
0.20720
0.09114
0.04754
0.29741
0.15479
0.19181
0.27687
0.28461
0.20464
0.31955
0.18706
0.25442
0.19452
0.25358
0.15180
0.02129
0.24646
0.07737
0.07390
0.21376
0.25687
0.28060
0.21196
0.06095
0.07520
0.17636
0.23366
0.22025
0.29326
0.08554
0.21504
0.33765
0.20470
0.24316
0.10785
0.01893
0.06543
0.20058
0.04233
0.08512
0.24186
0.28603
0.07997
0.08893
0.04385
0.09171
0.05287
0.23636
