0.08348
0.09404
0.01675
0.21954
0.10309
0.13854
0.23173
0.13177
0.21100
0.03606
0.18714
0.12029
0.16089
0.12374
0.12313
0.20971
0.13097
0.12590
0.07351
0.11565
0.26639
0.14115
0.14496
0.04835
0.20254
0.12060
0.09075
0.23610
0.06809
0.15179
0.13726
0.23259
0.14179
0.09949
0.10294
0.09957
0.11692
0.09850
0.07726
0.13827
0.28572
0.25044
0.05522
0.09948
0.29053
0.23530
0.13942
0.17121
0.16486
0.14125
0.09565
0.14974
0.13846
0.30422
0.09296
0.24041
0.19639
0.09797
0.10935
0.06741
0.28747
0.27767
0.11761
0.21734
0.28272
0.25934
0.03045
0.17845
0.11584
0.04322
0.12375
0.29779
0.27855
0.17872
0.26504
0.07815
0.06057
0.02945
0.23196
0.18820
0.29310
0.13945
0.25230
0.24918
0.23072
0.33457
0.09261
0.05351
0.09766
0.24805
0.31064
0.15747
0.05946
0.27059
0.05320
0.12964
0.19709
0.23307
0.19474
0.15451
0.10367
0.12629
0.10367
0.12931
0.19270
0.30172
0.11328
0.16085
0.18542
0.28751
0.02460
0.24978
0.08866
0.24512
0.10826
0.13420
0.25132
0.04955
0.09634
0.14282
0.20845
0.07709
0.25541
0.02026
0.08188
0.12953
0.25731
0.28192
0.17307
0.23338
0.06261
0.09852
0.27685
0.31463
0.09395
0.16908
0.04542
0.27103
0.20831
0.02235
0.19984
0.03553
0.23939
0.13809
0.11396
0.31914
0.08532
0.28882
0.21279
0.08495
0.17827
0.21674
0.10182
0.26149
0.26549
0.33212
0.07341
0.12267
0.17353
0.18505
0.23372
0.27965
0.27486
0.28469
0.10470
0.10098
0.26825
0.25566
0.05853
0.24042
0.05244
0.19152
0.17459
0.03459
0.09788
0.19074
0.05617
0.07654
0.16303
0.23697
0.05633
0.10659
0.21017
0.11783
0.05652
0.20283
0.21453
0.20639
0.24995
0.20290
0.09956
0.04227
0.04865
0.15719
0.12552
0.21462
0.18851
0.19458
0.09217
0.28764
0.19934
0.04490
0.17730
0.14135
0.02907
0.19620
0.09041
0.15552
0.24897
0.04202
0.24613
0.21321
0.08269
0.25643
0.24725
0.22521
0.11639
0.25447
0.16928
0.30520
0.08931
0.21400
0.09349
0.06540
0.05377
0.04596
0.15328
0.17459
0.16560
0.03878
0.25409
0.08866
0.23831
0.10184
0.04638
0.25828
0.11820
0.01637
0.10209
0.30201
0.04018
0.28212
0.07896
0.10575
0.12896
0.20915
0.11391
0.02703
0.06692
0.09879
0.10083
0.09724
0.09906
0.22498
0.12589
0.14256
0.19285
0.05144
0.05432
0.12250
0.19384
0.14685
0.20566
0.12613
0.14513
0.26976
0.27115
0.09760
0.18445
0.02395
0.09552
0.12702
0.04971
0.05205
0.37943
0.14892
0.03762
0.19376
0.16737
0.07284
0.12719
0.32096
0.11996
0.06613
0.27067
0.11652
0.16518
0.17616
0.16452
0.11982
0.06519
0.04026
0.16180
0.19847
0.14803
0.09306
0.11759
0.15888
0.16840
0.15848
0.31110
0.25809
0.23821
0.14201
0.07220
0.28393
0.28954
0.29019
0.01431
0.25029
0.11314
0.28791
0.12863
0.08814
0.16226
0.11524
0.12088
0.16114
0.22593
0.06171
0.05033
0.07055
0.25199
0.15896
0.19697
0.11821
0.23275
0.22398
0.09724
0.05113
0.20713
0.30017
0.34169
0.23421
0.32831
0.20741
0.23892
0.29153
0.25753
0.27921
0.08540
0.03869
0.11765
0.18785
0.05562
0.03104
0.17212
0.11545
0.23207
0.10979
0.13476
0.11842
0.21405
0.26517
0.26579
0.17043
0.31226
0.10651
0.12594
0.29364
0.03070
0.19621
0.06137
0.07671
0.20168
0.05586
0.25013
0.32037
0.04734
0.06532
0.10727
0.26002
0.11168
0.03529
0.05344
0.06240
0.05568
0.08698
0.15857
0.06683
0.29335
0.17772
0.20428
0.07123
0.15352
0.29131
0.23350
0.27414
0.35788
0.17593
0.29925
0.30544
0.28782
0.32693
0.26040
0.25849
0.35793
0.22839
0.25464
0.26673
0.22116
0.29708
0.19953
0.38590
0.29919
0.27213
0.28677
0.24962
0.26608
0.35312
0.29894
0.20929
0.32015
0.34177
0.23950
0.28196
0.32286
0.28276
0.25071
0.24842
0.28399
0.30624
0.27180
0.22710
0.35091
0.26800
0.27088
0.30414
0.17902
0.31650
0.36067
0.29679
0.30731
0.29984
0.29393
0.25391
0.29692
0.33473
0.19904
0.29875
0.32701
0.28900
0.31224
0.29960
0.19517
0.30610
0.26735
0.29013
0.31713
0.29195
0.27330
0.17205
0.29611
0.36951
0.15455
0.26726
0.19553
0.22634
0.21997
0.35397
0.28673
0.33246
0.15967
0.34269
0.26123
0.27417
0.36877
0.32081
0.33806
0.28459
0.25821
0.28039
0.19198
0.37696
0.27712
0.20321
0.16284
0.32004
0.21386
0.26725
0.30606
0.25880
0.35289
0.32480
0.21180
0.33943
0.32861
0.14672
0.19231
0.27110
0.17504
0.19528
0.15054
0.26612
0.35097
0.27515
0.26831
0.24670
0.31243
0.20750
0.29835
0.26988
0.28527
0.19216
0.29486
0.29575
0.21244
0.17149
0.35336
0.28967
0.16249
0.29691
0.30710
0.26552
0.35145
0.31054
0.24917
0.29313
0.20537
0.29287
0.31903
0.29310
0.25898
0.21589
0.16199
0.31025
0.23083
0.28237
0.22097
0.30621
0.30880
0.29634
0.20948
0.22179
0.28372
0.21002
0.31193
0.19615
0.21079
0.23504
0.22740
0.22396
0.30267
0.31515
0.32271
0.21893
0.19014
0.32508
0.21741
0.21917
0.20467
0.30658
0.28829
0.17831
0.17399
0.25942
0.28178
0.18097
0.15108
0.23158
0.26502
0.27288
0.22266
0.25230
0.30676
0.17969
0.23245
0.26625
0.28234
0.19585
0.31055
0.26581
0.22732
0.37749
0.17716
0.26621
0.22735
0.37841
0.31081
0.25576
0.26839
0.27167
0.25858
0.19305
0.30354
0.27120
0.29975
0.28546
0.28858
0.34317
0.24457
0.29937
0.24173
0.33439
0.23000
0.29196
0.22781
0.25095
0.26552
0.27102
0.22773
0.24735
0.23807
0.31612
0.22074
0.33968
0.23580
0.28646
0.29299
0.29905
0.30569
0.14232
0.20820
0.33077
0.31268
0.26464
0.30959
0.30304
0.25317
0.23898
0.22333
0.30906
0.28452
0.27249
0.24373
0.15956
0.29671
0.32529
0.24947
0.25221
0.23586
0.34537
0.29072
0.21382
0.17489
0.28172
0.27947
0.28436
0.27380
0.23874
0.35833
0.33306
0.14645
0.24611
0.32229
0.25269
0.28175
0.31057
0.33232
0.24364
0.19772
0.21640
0.27583
0.29780
0.35891
0.27200
0.28469
0.30654
0.22844
0.25891
0.30609
0.28274
0.17221
0.32727
0.22651
0.24896
0.33186
0.30572
0.27655
0.22993
0.23822
0.29804
0.33779
0.33225
0.23461
0.29033
0.20451
0.31004
0.31100
0.13565
0.28441
0.20839
0.25511
0.29430
0.23273
0.26533
0.23696
0.28322
0.24241
0.24199
0.22402
0.34181
0.29790
0.26289
0.19819
0.29506
0.24563
0.24676
0.20249
0.29025
0.26466
0.33455
0.23287
0.24698
0.31215
0.27450
0.24556
0.27025
0.16107
0.31978
0.28493
0.30588
0.28877
0.27552
0.35714
0.27156
0.27249
0.30297
0.18899
0.18502
0.28611
0.19903
0.31493
0.29962
0.29045
0.32135
0.38870
0.29608
0.34060
0.26261
0.29426
0.30213
0.35300
0.26498
0.27330
0.33874
0.33034
0.30388
0.33722
0.39089
0.22972
0.25378
0.34842
0.23365
0.32458
0.31815
0.25445
0.25234
0.35528
0.23996
0.28471
0.32685
0.30122
0.26997
0.25231
0.25198
0.29664
0.30590
0.31130
0.28400
0.24748
0.29202
0.27065
0.31519
0.29715
0.28384
0.12392
0.33576
0.32670
0.32353
0.33766
0.32003
0.39168
0.38606
0.28969
0.19070
0.31806
0.36916
0.28123
0.19824
0.31849
0.35555
0.24871
0.27281
0.31931
0.23543
0.27747
0.24911
0.34042
0.36212
0.39166
0.30524
0.32959
0.30458
0.37399
0.27687
0.29265
0.28660
0.33531
0.30542
0.16734
0.30265
0.42789
0.25828
0.39525
0.40614
0.21673
0.30243
0.37639
0.32249
0.28618
0.25580
0.30608
0.22910
0.28035
0.29880
0.28839
0.24774
0.36464
0.32015
0.32095
0.26241
0.18513
0.26655
0.39371
0.24067
0.11022
0.34290
0.19485
0.22117
0.40992
0.17151
0.20726
0.21501
0.30097
0.22730
0.44528
0.20667
0.34588
0.40659
0.24542
0.22754
0.27712
0.24325
0.20926
0.36830
0.19026
0.36395
0.35700
0.28893
0.26375
0.27530
0.33998
0.28775
0.23390
0.28677
0.41451
0.31174
0.29107
0.35683
0.35499
0.26959
0.25978
0.27868
0.39494
0.17212
0.24655
0.22783
0.35562
0.31101
0.24502
0.26116
0.33466
0.37727
0.24787
0.31621
0.34409
0.30054
0.31716
0.26697
0.37360
0.31611
0.20974
0.32593
0.30258
0.33688
0.25969
0.31188
0.22412
0.34131
0.25986
0.28989
0.32567
0.28914
0.24444
0.30862
0.16482
0.28823
0.16746
0.05063
0.14456
0.13324
0.22144
0.17938
0.22805
0.25515
0.31944
0.13410
0.07947
0.20553
0.02820
0.28447
0.24240
0.13880
0.16121
0.07243
0.07830
0.17069
0.21575
0.07687
0.13909
0.19009
0.29413
0.26561
0.21376
0.22546
0.03295
0.30103
0.25834
0.03662
0.06729
0.12123
0.28845
0.10671
0.21707
0.17749
0.28695
0.06147
0.05489
0.03430
0.04824
0.28622
0.11604
0.09882
0.17272
0.24788
0.10165
0.29680
0.22553
0.07635
0.24917
0.09417
0.07451
0.27081
0.20942
0.17601
0.03783
0.07840
0.22148
0.21407
0.24613
0.23688
0.03650
0.09769
0.16410
0.19734
0.18803
0.14075
0.07972
0.25313
0.13033
0.10505
0.23847
0.30864
0.08932
0.12190
0.12140
0.06460
0.05521
0.18666
0.11359
0.19704
0.26755
0.28784
0.19324
0.33086
0.27202
0.23013
0.13915
0.23615
0.22220
0.04136
0.23727
0.11014
0.01776
0.15520
0.25314
0.28667
0.19204
0.08848
0.02137
0.14367
0.23090
0.15240
0.14775
0.11944
0.17130
0.24946
0.19241
0.23342
0.10740
0.05142
0.05707
0.25237
0.06951
0.07005
0.26656
0.30228
0.06096
0.16691
0.02065
0.05068
0.04374
0.25415
