0.09617
0.08999
0.05398
0.24459
0.04870
0.13743
0.21027
0.13203
0.16394
0.04517
0.17424
0.12484
0.12418
0.10280
0.13058
0.22284
0.16696
0.09742
0.06034
0.13418
0.27526
0.12254
0.11877
0.03693
0.26880
0.13349
0.08260
0.21330
0.11601
0.14860
0.14434
0.20309
0.12097
0.10080
0.06816
0.10481
0.18620
0.07159
0.09380
0.12961
0.27503
0.27127
0.06302
0.15415
0.28118
0.25017
0.17198
0.22351
0.16680
0.16210
0.09135
0.09791
0.14218
0.27357
0.08648
0.22280
0.20739
0.09968
0.12083
0.06947
0.28605
0.31109
0.09709
0.20549
0.28134
0.32170
0.03757
0.15408
0.06944
0.06665
0.14541
0.33495
0.29424
0.17122
0.24392
0.10504
0.04480
0.03969
0.20215
0.14077
0.31744
0.13037
0.32039
0.26471
0.23854
0.33961
0.09962
0.07572
0.10519
0.21617
0.31770
0.15446
0.07559
0.26803
0.06364
0.14547
0.19863
0.23343
0.20344
0.15334
0.09278
0.19388
0.10474
0.12365
0.21055
0.31187
0.14177
0.14670
0.12259
0.27733
0.02609
0.26523
0.07325
0.23300
0.10735
0.15901
0.27639
0.03993
0.05007
0.19054
0.18892
0.04333
0.29320
0.02980
0.08796
0.13135
0.28692
0.25775
0.14055
0.23199
0.08414
0.08405
0.29505
0.33440
0.10027
0.10187
0.09873
0.29872
0.27076
0.04542
0.15035
0.05231
0.30917
0.14769
0.12123
0.24933
0.08598
0.35187
0.18049
0.08825
0.14549
0.25349
0.10202
0.31637
0.30772
0.34523
0.10359
0.17961
0.14093
0.14478
0.25436
0.24585
0.27473
0.30994
0.08772
0.07322
0.27634
0.26896
0.06446
0.22381
0.06454
0.24033
0.20092
0.01584
0.06800
0.20769
0.04036
0.06928
0.17594
0.27494
0.03960
0.10086
0.21517
0.13643
0.06124
0.13128
0.19012
0.24408
0.26518
0.15121
0.08431
0.05392
0.04115
0.14438
0.10304
0.25683
0.18510
0.15662
0.06364
0.27002
0.24308
0.08427
0.21987
0.15488
0.05931
0.19889
0.08878
0.18226
0.25906
0.08278
0.22519
0.22827
0.07316
0.25235
0.25373
0.23879
0.11242
0.19277
0.23052
0.33054
0.13176
0.18864
0.09530
0.07120
0.08350
0.02381
0.14769
0.19003
0.10872
0.03698
0.26510
0.10548
0.20905
0.10801
0.08616
0.25370
0.10131
0.04532
0.09682
0.28892
0.06214
0.28521
0.12585
0.10992
0.14197
0.22569
0.10643
0.04196
0.09125
0.09671
0.09199
0.10521
0.08444
0.24066
0.12586
0.15086
0.23140
0.08906
0.07681
0.13982
0.22384
0.14844
0.20848
0.13019
0.17910
0.19446
0.27749
0.08906
0.18564
0.06730
0.06525
0.11504
0.07711
0.04284
0.34208
0.15667
0.06087
0.23469
0.13179
0.08528
0.11639
0.34300
0.11052
0.05013
0.28266
0.11425
0.18681
0.15898
0.13516
0.12874
0.06063
0.08204
0.18309
0.25160
0.13250
0.09810
0.15021
0.12642
0.15397
0.12091
0.34559
0.28912
0.25504
0.14574
0.11862
0.29891
0.29118
0.33562
0.01447
0.28314
0.13992
0.28530
0.10294
0.08629
0.09131
0.09347
0.09343
0.14888
0.26177
0.05178
0.06222
0.10032
0.26151
0.14964
0.24922
0.17693
0.21558
0.20808
0.10959
0.04868
0.22501
0.24530
0.34738
0.21317
0.32345
0.22723
0.25741
0.29664
0.26729
0.29119
0.09807
0.07892
0.12076
0.23493
0.04240
0.02458
0.20533
0.11869
0.22788
0.12274
0.16492
0.10298
0.28230
0.25913
0.20665
0.21401
0.30124
0.09308
0.13298
0.32400
0.06006
0.19295
0.07217
0.04028
0.21463
0.06401
0.25149
0.31626
0.06233
0.08995
0.11940
0.24167
0.09865
0.05605
0.04201
0.04692
0.06041
0.06434
0.17848
0.07857
0.29270
0.12886
0.17541
0.08796
0.14773
0.30429
0.22282
0.26892
0.36493
0.19176
0.30148
0.30891
0.28830
0.32386
0.29423
0.26447
0.35931
0.27843
0.22628
0.26243
0.22258
0.27629
0.18765
0.38306
0.33419
0.24118
0.27385
0.23760
0.26114
0.33799
0.27741
0.22240
0.32092
0.34929
0.24576
0.24834
0.32249
0.27535
0.23198
0.26451
0.28779
0.32179
0.27419
0.24013
0.36551
0.26566
0.24937
0.33578
0.21495
0.30600
0.37043
0.28657
0.30908
0.29105
0.28975
0.23488
0.29494
0.34226
0.24239
0.31227
0.33260
0.26565
0.28642
0.29993
0.21539
0.29419
0.24718
0.28451
0.32600
0.32016
0.25764
0.17437
0.27487
0.36289
0.12021
0.28124
0.23694
0.19124
0.17158
0.34957
0.28785
0.33436
0.17225
0.37342
0.26745
0.27357
0.37421
0.33273
0.29879
0.29273
0.23671
0.27168
0.16887
0.37178
0.28264
0.24874
0.18800
0.33205
0.19117
0.25423
0.28907
0.26411
0.37003
0.31940
0.20233
0.34061
0.31685
0.16403
0.20869
0.28942
0.18105
0.16047
0.15441
0.31219
0.36344
0.27653
0.25630
0.24354
0.29440
0.20848
0.28447
0.26563
0.28460
0.22051
0.28052
0.28134
0.20994
0.17647
0.35013
0.31005
0.18621
0.30187
0.33009
0.24146
0.34993
0.32752
0.23818
0.29587
0.20846
0.28261
0.30529
0.28113
0.26438
0.25561
0.16783
0.33143
0.20851
0.29980
0.23451
0.28064
0.31014
0.30602
0.20322
0.20829
0.30581
0.20148
0.30238
0.17356
0.24541
0.23579
0.20025
0.22297
0.31395
0.32840
0.34189
0.24713
0.19082
0.34044
0.19447
0.21895
0.21755
0.31274
0.31596
0.14221
0.18929
0.28567
0.26868
0.22839
0.15138
0.18819
0.26691
0.23282
0.20749
0.26542
0.29661
0.15213
0.23438
0.26754
0.27497
0.17840
0.27419
0.27495
0.24536
0.36494
0.17932
0.29336
0.22032
0.36143
0.34054
0.26442
0.26731
0.27457
0.26057
0.17960
0.29431
0.29673
0.25917
0.28443
0.28929
0.34163
0.23488
0.30367
0.23991
0.36494
0.23537
0.30180
0.23148
0.26776
0.28902
0.26000
0.21987
0.23226
0.25158
0.31726
0.23636
0.29801
0.23160
0.27305
0.31711
0.30423
0.30054
0.15617
0.23715
0.34441
0.34090
0.26309
0.27632
0.30771
0.26239
0.25891
0.22727
0.30286
0.30301
0.25495
0.24488
0.16666
0.28473
0.32889
0.25117
0.26035
0.23672
0.33758
0.29550
0.21572
0.20024
0.28697
0.29480
0.28524
0.26990
0.25170
0.36139
0.35463
0.14312
0.24183
0.33276
0.28347
0.26863
0.31240
0.35835
0.20225
0.20348
0.15213
0.27012
0.26468
0.37496
0.30600
0.27436
0.27091
0.23216
0.26728
0.32356
0.29120
0.17821
0.34387
0.24020
0.20819
0.34875
0.29844
0.26519
0.20803
0.28649
0.30205
0.32257
0.34984
0.24529
0.29306
0.17158
0.30117
0.33389
0.11069
0.28207
0.17749
0.24425
0.27726
0.21276
0.29031
0.23735
0.25696
0.19839
0.24067
0.25363
0.34547
0.28404
0.25927
0.19518
0.31591
0.26136
0.23881
0.20704
0.34952
0.28605
0.31900
0.26676
0.23472
0.28366
0.25824
0.25073
0.27339
0.17445
0.32234
0.26594
0.32929
0.28331
0.31694
0.35676
0.28629
0.25186
0.28655
0.17501
0.21708
0.28818
0.23633
0.30876
0.32600
0.29998
0.32929
0.39681
0.31517
0.34402
0.26127
0.31992
0.29260
0.37067
0.25688
0.27569
0.33093
0.33933
0.30204
0.34105
0.40033
0.20870
0.28586
0.31056
0.25062
0.32696
0.32098
0.22599
0.24854
0.34158
0.24587
0.28215
0.32339
0.28842
0.26645
0.25243
0.26744
0.27986
0.28820
0.32433
0.29308
0.28583
0.29874
0.28032
0.29797
0.26647
0.29440
0.12613
0.33263
0.32929
0.36452
0.31672
0.31552
0.40884
0.41437
0.27313
0.19496
0.29789
0.39757
0.30095
0.22939
0.30474
0.33862
0.23436
0.23111
0.32290
0.23892
0.26190
0.25243
0.33532
0.37006
0.41918
0.30759
0.31841
0.27828
0.39044
0.30207
0.29911
0.29638
0.37028
0.26596
0.17620
0.32298
0.46473
0.25611
0.42654
0.40537
0.21718
0.29469
0.35718
0.29665
0.29733
0.23146
0.27545
0.23527
0.28789
0.32772
0.31295
0.30239
0.39089
0.27648
0.26500
0.24301
0.19874
0.24856
0.39688
0.26516
0.11503
0.30213
0.15854
0.21229
0.41859
0.16161
0.29317
0.22917
0.29419
0.25048
0.44104
0.20635
0.32600
0.41492
0.24977
0.21528
0.25720
0.27335
0.20212
0.36486
0.17919
0.34209
0.34245
0.29021
0.25982
0.23046
0.32556
0.29342
0.23346
0.35284
0.42669
0.34128
0.29632
0.37793
0.37531
0.21800
0.26242
0.29526
0.37008
0.20092
0.23071
0.25106
0.34971
0.27993
0.25035
0.25766
0.34031
0.35070
0.24599
0.27034
0.33895
0.30676
0.28943
0.25870
0.40010
0.29937
0.27658
0.27248
0.31170
0.33595
0.27832
0.30560
0.24965
0.32847
0.25637
0.24893
0.33556
0.30486
0.24682
0.28063
0.19696
0.32039
0.22936
0.02024
0.12195
0.20720
0.19025
0.26364
0.22837
0.24588
0.35210
0.19268
0.04383
0.16436
0.02891
0.28011
0.28524
0.17651
0.27956
0.03578
0.12698
0.19069
0.22029
0.06363
0.06698
0.23161
0.28782
0.21699
0.21473
0.28339
0.02208
0.27479
0.21406
0.07589
0.05769
0.16880
0.28695
0.13745
0.18746
0.23391
0.29508
0.01412
0.04374
0.06288
0.07142
0.24982
0.07488
0.14116
0.12364
0.30034
0.15737
0.29288
0.22551
0.08120
0.28876
0.01799
0.07615
0.26527
0.18361
0.22323
0.08654
0.06713
0.21445
0.20565
0.28432
0.23289
0.05504
0.03025
0.17708
0.19923
0.13735
0.14655
0.08219
0.22277
0.16661
0.14577
0.23944
0.27201
0.09153
0.11050
0.14415
0.07789
0.03441
0.19408
0.11820
0.21192
0.23467
0.25657
0.20460
0.32745
0.26927
0.26270
0.08658
0.24577
0.22469
0.01414
0.23402
0.09915
0.06099
0.19392
0.20643
0.29657
0.25017
0.04296
0.07366
0.12665
0.19749
0.21267
0.31394
0.06735
0.19021
0.29809
0.18402
0.24455
0.12509
0.05112
0.06324
0.11989
0.03224
0.06997
0.23993
0.26847
0.10463
0.05792
0.02487
0.05006
0.06686
0.25228
