0.16839
0.12177
0.11765
0.24944
0.12939
0.13508
0.23699
0.15611
0.20964
0.08648
0.18617
0.17041
0.22616
0.13215
0.12326
0.23774
0.14452
0.17565
0.10433
0.11981
0.29428
0.19245
0.19271
0.10358
0.26293
0.19578
0.12984
0.29901
0.10146
0.21806
0.17041
0.29825
0.13925
0.11427
0.08528
0.09944
0.12182
0.13992
0.17903
0.21736
0.30503
0.24044
0.14403
0.14958
0.29026
0.26228
0.17339
0.25267
0.22722
0.15700
0.10102
0.17007
0.11215
0.30357
0.09412
0.20392
0.27820
0.14872
0.14135
0.12401
0.28505
0.29913
0.13923
0.23248
0.27498
0.33536
0.04704
0.18239
0.13762
0.08746
0.13661
0.32093
0.31360
0.19475
0.25731
0.16899
0.12855
0.05859
0.23276
0.15339
0.33062
0.21352
0.33983
0.26866
0.28714
0.34952
0.10837
0.10286
0.18539
0.25361
0.33470
0.19249
0.06887
0.29063
0.09156
0.21228
0.22013
0.24121
0.19613
0.18117
0.09250
0.18961
0.11135
0.13437
0.20225
0.28153
0.14992
0.16256
0.22295
0.27963
0.04772
0.23584
0.14980
0.26642
0.12636
0.22777
0.26915
0.07242
0.09672
0.21759
0.24862
0.09817
0.29647
0.05093
0.15378
0.17259
0.29748
0.27671
0.21445
0.23799
0.10846
0.17532
0.33479
0.32752
0.11819
0.18024
0.07949
0.28338
0.28495
0.07014
0.21338
0.05756
0.30494
0.18248
0.17473
0.27444
0.10820
0.36098
0.21424
0.08843
0.18505
0.30256
0.11655
0.31429
0.30699
0.28807
0.18015
0.15222
0.18471
0.23722
0.26495
0.25681
0.26058
0.34447
0.09652
0.14874
0.28561
0.29153
0.10675
0.26420
0.08146
0.25916
0.24446
0.05276
0.10318
0.23661
0.10600
0.11795
0.20133
0.29275
0.12250
0.11958
0.24703
0.19159
0.13965
0.15548
0.24119
0.25894
0.25696
0.22579
0.14970
0.10172
0.08900
0.15701
0.16114
0.24737
0.21000
0.18575
0.10143
0.28430
0.20115
0.15163
0.18532
0.16305
0.08465
0.24416
0.14131
0.24518
0.26712
0.11378
0.22949
0.23629
0.14788
0.24397
0.26250
0.24658
0.12666
0.30708
0.23966
0.37184
0.11003
0.22082
0.15529
0.11213
0.12447
0.06828
0.20719
0.18660
0.23972
0.08466
0.22547
0.14380
0.28266
0.14849
0.08425
0.27349
0.12855
0.12512
0.10789
0.26410
0.19299
0.29968
0.13558
0.11866
0.18210
0.21592
0.11289
0.06617
0.15764
0.11846
0.12540
0.15962
0.11316
0.27707
0.18018
0.15499
0.20664
0.11707
0.09101
0.13388
0.17808
0.21028
0.21023
0.17613
0.15334
0.28292
0.26699
0.11550
0.18880
0.10738
0.14342
0.13699
0.07627
0.09631
0.36441
0.22259
0.10609
0.19687
0.15015
0.09135
0.17274
0.34637
0.14028
0.12907
0.29894
0.12418
0.20986
0.19759
0.18350
0.18605
0.11906
0.09790
0.21980
0.22394
0.20417
0.09981
0.19781
0.21088
0.18927
0.22452
0.30204
0.28895
0.29620
0.19411
0.17493
0.28916
0.31905
0.31899
0.08909
0.27949
0.14865
0.30486
0.15741
0.12234
0.16419
0.18026
0.15733
0.21167
0.23869
0.10008
0.11397
0.08739
0.28552
0.17130
0.23561
0.18130
0.24176
0.25898
0.20315
0.10513
0.27873
0.26753
0.37886
0.28334
0.32600
0.24267
0.24972
0.31078
0.25645
0.26524
0.08697
0.10491
0.17754
0.22889
0.13070
0.12935
0.23464
0.16448
0.24279
0.12085
0.18187
0.13091
0.27160
0.27746
0.24937
0.20930
0.31817
0.15486
0.15337
0.31408
0.13168
0.22619
0.09491
0.13727
0.22841
0.07836
0.25571
0.32653
0.08486
0.08961
0.15447
0.25574
0.11608
0.06256
0.08062
0.09084
0.08978
0.14947
0.18262
0.09576
0.30350
0.22315
0.21059
0.12540
0.18860
0.29887
0.20558
0.24997
0.34568
0.17317
0.27541
0.30654
0.27698
0.31029
0.29519
0.24646
0.32667
0.25708
0.26620
0.25573
0.23281
0.27991
0.19752
0.36819
0.31218
0.25141
0.24336
0.26405
0.24986
0.34636
0.27623
0.23189
0.31037
0.31206
0.21979
0.24178
0.30888
0.27740
0.24456
0.26187
0.28370
0.30773
0.25773
0.22629
0.33191
0.24438
0.22458
0.32134
0.17728
0.31718
0.34695
0.29049
0.28577
0.28702
0.28170
0.24998
0.27574
0.34187
0.19748
0.29050
0.33216
0.24575
0.26803
0.31101
0.21103
0.28124
0.27872
0.26521
0.30464
0.29198
0.26882
0.18840
0.28582
0.35813
0.15128
0.27676
0.21807
0.20653
0.20930
0.36698
0.30921
0.31444
0.16737
0.34398
0.27290
0.30390
0.36091
0.31313
0.28290
0.28559
0.25451
0.28498
0.19827
0.35753
0.26201
0.22731
0.18379
0.32441
0.21866
0.26939
0.28030
0.26717
0.33426
0.32555
0.23228
0.31362
0.31395
0.17925
0.20192
0.28796
0.20461
0.21099
0.16106
0.30136
0.33994
0.24500
0.26615
0.24845
0.28278
0.23390
0.26973
0.27078
0.28236
0.20535
0.28370
0.27922
0.23603
0.19892
0.35654
0.28580
0.19459
0.30917
0.31514
0.23031
0.34989
0.31686
0.25418
0.29051
0.24471
0.28799
0.31936
0.26728
0.28432
0.26874
0.16036
0.31851
0.22991
0.27737
0.24800
0.25759
0.29576
0.28689
0.21369
0.20758
0.29711
0.22149
0.28354
0.20993
0.22973
0.21595
0.22034
0.21647
0.31787
0.30774
0.31288
0.23040
0.18509
0.31850
0.21981
0.18477
0.21639
0.29754
0.31657
0.17209
0.20281
0.27877
0.26957
0.21422
0.16251
0.23296
0.27291
0.20265
0.24205
0.24949
0.29537
0.17812
0.22755
0.25104
0.25731
0.20829
0.27120
0.29292
0.27038
0.36801
0.20023
0.31499
0.25083
0.35325
0.32046
0.23943
0.28292
0.28350
0.27186
0.18557
0.31449
0.29431
0.25358
0.27623
0.27693
0.33312
0.24399
0.26078
0.21948
0.34051
0.21744
0.29857
0.22717
0.25041
0.27720
0.27223
0.22217
0.22436
0.25753
0.31888
0.22485
0.31327
0.26250
0.26327
0.29723
0.27683
0.29777
0.13991
0.22143
0.31648
0.33580
0.24791
0.25729
0.29878
0.27410
0.22441
0.20119
0.29415
0.29720
0.23961
0.22608
0.17990
0.28816
0.30986
0.27497
0.25137
0.24948
0.33215
0.27736
0.21373
0.19166
0.27930
0.29161
0.27595
0.27882
0.24021
0.34374
0.35245
0.16471
0.24071
0.30297
0.27201
0.27085
0.31717
0.33740
0.21771
0.20363
0.17148
0.25299
0.26276
0.35062
0.28883
0.30959
0.27746
0.24655
0.25812
0.29219
0.28069
0.18176
0.32600
0.20879
0.22308
0.33659
0.30538
0.20664
0.24722
0.26577
0.29404
0.32347
0.33847
0.26215
0.27640
0.21947
0.30428
0.30239
0.14177
0.22574
0.20969
0.23892
0.25471
0.25494
0.26656
0.23377
0.24519
0.21470
0.22561
0.25470
0.34121
0.26350
0.24858
0.20356
0.29327
0.25340
0.24374
0.22877
0.34978
0.29121
0.34302
0.26975
0.23068
0.27893
0.26594
0.22529
0.26423
0.16793
0.31953
0.28558
0.33572
0.25622
0.29460
0.33741
0.27643
0.24294
0.27446
0.17957
0.22664
0.28193
0.23999
0.29888
0.30485
0.27683
0.31099
0.37382
0.31887
0.31073
0.27418
0.32075
0.29112
0.33315
0.24375
0.27965
0.31868
0.31769
0.26360
0.33452
0.39758
0.23481
0.25422
0.33891
0.23689
0.32184
0.33671
0.24784
0.23817
0.36350
0.22571
0.26902
0.30238
0.27835
0.25195
0.22940
0.25197
0.26159
0.27351
0.30470
0.29003
0.24662
0.29160
0.27242
0.28652
0.26987
0.29695
0.15561
0.28418
0.30776
0.35654
0.28960
0.31786
0.39724
0.37139
0.27161
0.20791
0.27625
0.38255
0.30235
0.22955
0.28641
0.34949
0.25010
0.23846
0.33747
0.24452
0.28220
0.21041
0.32916
0.36544
0.43665
0.30905
0.29236
0.24049
0.38414
0.28281
0.28771
0.26798
0.37188
0.24820
0.18374
0.29798
0.45627
0.26267
0.39266
0.41428
0.21037
0.26405
0.34333
0.28698
0.30297
0.21082
0.25158
0.23014
0.30412
0.30841
0.31353
0.31155
0.36135
0.25412
0.24736
0.27683
0.23870
0.23576
0.38133
0.24162
0.14458
0.33998
0.19241
0.20186
0.41148
0.18021
0.27564
0.23928
0.24303
0.24488
0.43814
0.21845
0.30843
0.39865
0.23459
0.25093
0.21892
0.27306
0.20806
0.37071
0.21371
0.35866
0.35407
0.25104
0.25425
0.19878
0.35215
0.30042
0.26123
0.35580
0.41460
0.33527
0.26816
0.32303
0.35086
0.21091
0.28056
0.31143
0.39981
0.22389
0.22553
0.26035
0.33960
0.26195
0.26587
0.24025
0.33509
0.38194
0.23952
0.27202
0.32802
0.30738
0.25331
0.26132
0.38329
0.26358
0.28641
0.25067
0.25502
0.33097
0.28247
0.25811
0.24127
0.32707
0.26047
0.21724
0.31894
0.30481
0.22278
0.24458
0.20620
0.33212
0.22270
0.05782
0.22482
0.24864
0.17178
0.25421
0.20685
0.22719
0.36582
0.26954
0.09495
0.21547
0.06023
0.25842
0.25719
0.18351
0.26634
0.17857
0.13983
0.18657
0.27236
0.11189
0.14752
0.17657
0.25367
0.21421
0.20354
0.28391
0.13247
0.33768
0.16309
0.05374
0.09864
0.11544
0.25421
0.13494
0.27615
0.16809
0.33092
0.10550
0.07515
0.10262
0.10429
0.25949
0.19137
0.15893
0.22506
0.29462
0.13645
0.26740
0.21979
0.09976
0.30116
0.10210
0.07326
0.28889
0.19044
0.27745
0.11851
0.15494
0.19793
0.19690
0.30759
0.28413
0.06079
0.05123
0.19020
0.18684
0.19920
0.21099
0.16547
0.27669
0.20231
0.16005
0.24602
0.27329
0.07882
0.18353
0.23395
0.09105
0.07280
0.24832
0.16483
0.18039
0.23854
0.28314
0.19712
0.29083
0.25784
0.27584
0.17958
0.19444
0.20419
0.05675
0.24476
0.14710
0.06897
0.20831
0.22139
0.28245
0.25697
0.10810
0.11539
0.18425
0.27847
0.24686
0.25260
0.14315
0.26731
0.30168
0.15117
0.21891
0.12887
0.04524
0.09073
0.17763
0.07128
0.12038
0.24808
0.29107
0.09780
0.17417
0.04283
0.11156
0.08996
0.23395
