0.11878
0.10069
0.06871
0.23142
0.08483
0.13453
0.25124
0.16384
0.14065
0.06553
0.18524
0.14873
0.14098
0.12018
0.10334
0.24359
0.15785
0.12367
0.08358
0.12167
0.27276
0.15988
0.15375
0.05704
0.25977
0.16510
0.12805
0.25822
0.10384
0.20251
0.18370
0.25792
0.13620
0.12395
0.12000
0.09226
0.16087
0.07174
0.15909
0.16141
0.30725
0.27154
0.15338
0.15363
0.28373
0.21944
0.19236
0.25580
0.20025
0.13940
0.09400
0.15813
0.15324
0.29840
0.08884
0.17912
0.20052
0.15934
0.16329
0.10923
0.26149
0.29738
0.14563
0.20938
0.28338
0.30417
0.04229
0.17164
0.12926
0.04886
0.13035
0.32036
0.30822
0.21475
0.26258
0.14040
0.07502
0.03505
0.20035
0.16160
0.31371
0.24174
0.33067
0.27136
0.26191
0.35354
0.10295
0.06704
0.12209
0.25931
0.34261
0.14812
0.12114
0.24725
0.06593
0.14020
0.22036
0.23440
0.19425
0.15844
0.09428
0.18366
0.13307
0.13309
0.25485
0.28166
0.14816
0.18781
0.16965
0.29695
0.04341
0.28097
0.08269
0.22983
0.13996
0.19501
0.29861
0.06868
0.05446
0.22111
0.23006
0.05744
0.29165
0.03669
0.10941
0.14745
0.32105
0.25516
0.18838
0.26187
0.10100
0.10189
0.28338
0.34897
0.09907
0.13023
0.06500
0.28793
0.28334
0.06669
0.17002
0.04522
0.30301
0.19558
0.13559
0.21139
0.08062
0.36041
0.18577
0.09281
0.17784
0.29655
0.12795
0.32065
0.29733
0.32858
0.09494
0.18575
0.14001
0.23613
0.24051
0.21887
0.30409
0.33438
0.09366
0.13044
0.26475
0.29170
0.08167
0.24584
0.07037
0.23582
0.22301
0.05803
0.13923
0.22180
0.09014
0.09329
0.18007
0.27673
0.11765
0.10126
0.24610
0.16744
0.13204
0.17142
0.23436
0.28053
0.25750
0.18600
0.12882
0.06277
0.04774
0.14002
0.11787
0.23514
0.23952
0.15908
0.10548
0.27546
0.23396
0.08997
0.21535
0.15178
0.05426
0.23688
0.11842
0.20640
0.23711
0.11618
0.21612
0.22488
0.11645
0.24241
0.27267
0.25088
0.12070
0.28345
0.24487
0.35353
0.14659
0.20195
0.11044
0.06723
0.09306
0.04740
0.19019
0.22972
0.15000
0.14290
0.23951
0.13913
0.23512
0.13391
0.09543
0.24679
0.11181
0.05944
0.11283
0.27760
0.08673
0.31626
0.12605
0.10987
0.15908
0.23228
0.11143
0.04429
0.11735
0.10672
0.10575
0.13723
0.11055
0.28867
0.14205
0.16370
0.20881
0.12841
0.11347
0.13197
0.23728
0.17520
0.19422
0.21708
0.15465
0.26828
0.30380
0.10244
0.15731
0.06582
0.09250
0.13144
0.07587
0.04183
0.36764
0.18201
0.08391
0.20528
0.16674
0.08271
0.17633
0.34810
0.12485
0.09224
0.31669
0.11828
0.18988
0.18366
0.19345
0.15957
0.12073
0.13716
0.22538
0.25179
0.16409
0.10376
0.17481
0.16566
0.19700
0.14197
0.31795
0.31167
0.29489
0.16358
0.16585
0.31391
0.31293
0.35243
0.04302
0.26576
0.12104
0.27573
0.15340
0.10876
0.12747
0.11314
0.08947
0.21705
0.25323
0.11175
0.07697
0.11027
0.28822
0.19963
0.25732
0.17793
0.21646
0.22715
0.16765
0.05696
0.29369
0.25873
0.38232
0.25208
0.30719
0.24954
0.25736
0.29297
0.28350
0.25764
0.09813
0.12061
0.14403
0.22341
0.04420
0.06047
0.24253
0.09262
0.23762
0.12667
0.18764
0.14929
0.30812
0.28168
0.21565
0.21042
0.28896
0.12580
0.12170
0.32175
0.06827
0.25188
0.07764
0.04493
0.23790
0.10434
0.25701
0.33787
0.11583
0.09376
0.18062
0.26388
0.10708
0.05628
0.10404
0.08179
0.05268
0.06916
0.22026
0.09032
0.28167
0.12997
0.22436
0.09760
0.19042
0.28129
0.22438
0.29741
0.33863
0.15345
0.26876
0.31183
0.32346
0.34047
0.28431
0.28152
0.34529
0.27648
0.25734
0.26586
0.22371
0.32550
0.19729
0.36796
0.29595
0.26795
0.27676
0.24279
0.30410
0.34561
0.30653
0.27607
0.30610
0.32360
0.24692
0.28639
0.30174
0.27130
0.24526
0.26021
0.31122
0.29195
0.27508
0.24242
0.32922
0.27583
0.27043
0.32035
0.19911
0.31145
0.33245
0.28726
0.31719
0.33051
0.30080
0.23493
0.30376
0.31286
0.23934
0.30792
0.31098
0.27748
0.28557
0.29593
0.18011
0.34097
0.26862
0.27517
0.29741
0.27245
0.29267
0.17335
0.26054
0.35052
0.15838
0.28691
0.24131
0.20375
0.20239
0.36272
0.30358
0.31677
0.16942
0.34876
0.26605
0.25883
0.33600
0.30695
0.32137
0.28676
0.23058
0.28457
0.20436
0.33938
0.30809
0.26488
0.16099
0.33673
0.19970
0.24052
0.27643
0.25273
0.33281
0.29402
0.20850
0.29257
0.31201
0.18482
0.18311
0.32058
0.17554
0.16997
0.16850
0.30201
0.32276
0.28367
0.27309
0.24480
0.31612
0.21138
0.31666
0.30198
0.30588
0.19404
0.27321
0.30711
0.20215
0.17685
0.35230
0.27427
0.22522
0.31247
0.31514
0.27616
0.36368
0.29402
0.23075
0.28795
0.21510
0.27724
0.31012
0.28985
0.27314
0.24615
0.17076
0.31320
0.23058
0.30058
0.21271
0.29297
0.33260
0.25787
0.20334
0.24978
0.29820
0.19218
0.31864
0.19911
0.22502
0.22372
0.23168
0.22571
0.31541
0.30718
0.30154
0.25589
0.25145
0.30633
0.24713
0.22332
0.21388
0.27985
0.30601
0.17057
0.18077
0.27697
0.30751
0.23624
0.15114
0.25608
0.27042
0.23111
0.26272
0.28567
0.33591
0.17731
0.25782
0.26948
0.29987
0.19254
0.32071
0.25157
0.24545
0.38642
0.18084
0.30311
0.22747
0.34646
0.29554
0.27322
0.27014
0.31232
0.27934
0.19086
0.30594
0.27906
0.26887
0.26485
0.27647
0.31900
0.24047
0.28780
0.21640
0.32927
0.26122
0.29602
0.24630
0.29822
0.27717
0.25731
0.20998
0.26546
0.22937
0.32835
0.22004
0.32328
0.23628
0.28898
0.28941
0.26957
0.27935
0.15040
0.23283
0.30488
0.30319
0.28488
0.29663
0.30606
0.27626
0.26373
0.26024
0.29000
0.29834
0.28342
0.26317
0.20293
0.30378
0.29707
0.25888
0.29917
0.23372
0.31438
0.30583
0.22399
0.19738
0.26500
0.26550
0.31804
0.26824
0.23385
0.33769
0.33539
0.15005
0.26294
0.30343
0.29150
0.30633
0.31139
0.31826
0.23159
0.19694
0.21135
0.27154
0.31036
0.34929
0.28163
0.27550
0.31562
0.23568
0.27381
0.28139
0.27295
0.17427
0.31047
0.23532
0.25926
0.31462
0.29894
0.27952
0.25875
0.25956
0.28631
0.35959
0.32670
0.28070
0.26288
0.19194
0.33325
0.29905
0.13185
0.28731
0.21402
0.25912
0.31022
0.24776
0.27123
0.26414
0.30058
0.19792
0.25546
0.24348
0.32476
0.27179
0.28618
0.20226
0.28122
0.25185
0.24786
0.21913
0.31572
0.26468
0.31076
0.26242
0.26927
0.30473
0.25838
0.26729
0.26908
0.18298
0.31951
0.25228
0.31156
0.27379
0.28248
0.32372
0.27026
0.28152
0.33200
0.17469
0.23779
0.32094
0.22969
0.30621
0.29165
0.29909
0.34363
0.37008
0.28004
0.31682
0.26859
0.28157
0.28158
0.33587
0.28100
0.28487
0.31659
0.30829
0.30886
0.30380
0.37117
0.19937
0.27722
0.28322
0.25345
0.30169
0.32571
0.24370
0.25628
0.32169
0.23731
0.27473
0.29417
0.29610
0.24105
0.26881
0.29549
0.27702
0.28416
0.33392
0.28504
0.27112
0.32206
0.28141
0.32702
0.29976
0.27785
0.14360
0.34258
0.33296
0.34677
0.34838
0.31407
0.40073
0.41709
0.27301
0.19589
0.31873
0.37394
0.28885
0.22037
0.33033
0.34689
0.25952
0.23704
0.34282
0.22994
0.26167
0.27063
0.35011
0.36147
0.40980
0.28767
0.31836
0.29192
0.41091
0.27499
0.31692
0.31004
0.35783
0.28885
0.16234
0.31338
0.46931
0.25618
0.41976
0.42342
0.23755
0.31449
0.38410
0.33221
0.28176
0.26001
0.29810
0.23062
0.28280
0.30070
0.32312
0.28278
0.39362
0.29635
0.29982
0.25815
0.19459
0.24794
0.41770
0.24482
0.13694
0.35790
0.17417
0.19375
0.40990
0.17903
0.25325
0.20807
0.29234
0.23516
0.43377
0.20417
0.34670
0.41058
0.26195
0.24166
0.26269
0.26252
0.22051
0.36885
0.19732
0.37250
0.35102
0.27137
0.25852
0.25202
0.32675
0.26881
0.22764
0.33690
0.39970
0.32060
0.30163
0.39133
0.37975
0.24307
0.27212
0.28822
0.39809
0.21534
0.23685
0.22537
0.36641
0.28949
0.25928
0.28916
0.33594
0.35830
0.26263
0.30866
0.36461
0.28862
0.30710
0.24369
0.38271
0.32219
0.25889
0.29754
0.31918
0.36015
0.26310
0.31196
0.24247
0.35097
0.27651
0.26203
0.33114
0.30336
0.24318
0.31131
0.24637
0.31207
0.22074
0.05019
0.12663
0.21555
0.17094
0.20244
0.19903
0.23570
0.34887
0.18447
0.05874
0.20868
0.05440
0.28858
0.26109
0.19118
0.25244
0.05747
0.12157
0.20603
0.21505
0.11846
0.11826
0.26906
0.28259
0.21315
0.20946
0.25478
0.06656
0.33133
0.21106
0.08198
0.07842
0.11062
0.26521
0.14160
0.23230
0.21109
0.30929
0.05883
0.11494
0.03883
0.08169
0.27239
0.06965
0.11707
0.21809
0.27574
0.11390
0.31567
0.22126
0.12705
0.28755
0.04790
0.09935
0.28800
0.19456
0.28909
0.06232
0.09682
0.21068
0.20826
0.28040
0.23822
0.03150
0.06258
0.15987
0.21265
0.20091
0.21478
0.16848
0.23625
0.17981
0.13147
0.27341
0.27596
0.09267
0.12173
0.18723
0.07508
0.08359
0.20707
0.11925
0.19571
0.25586
0.26135
0.20803
0.35048
0.25807
0.27494
0.16888
0.17138
0.18768
0.03773
0.27497
0.12030
0.07221
0.23684
0.22314
0.24536
0.18795
0.02882
0.11956
0.18464
0.19897
0.23815
0.29674
0.10390
0.21947
0.29684
0.19983
0.22414
0.10925
0.02743
0.07767
0.14475
0.09266
0.07239
0.24545
0.25765
0.12385
0.07318
0.01843
0.07556
0.13167
0.30193
