0.15867
0.10790
0.08968
0.26352
0.12707
0.14933
0.22496
0.17158
0.19384
0.10240
0.23011
0.11539
0.18020
0.10691
0.13011
0.22886
0.17790
0.15256
0.11555
0.14986
0.28386
0.18725
0.20078
0.11232
0.26156
0.21466
0.20083
0.29985
0.12289
0.22298
0.18018
0.27306
0.15569
0.10777
0.16153
0.09432
0.13586
0.15613
0.17032
0.21573
0.30390
0.27543
0.09924
0.15562
0.27739
0.23660
0.13844
0.27098
0.23237
0.18720
0.09826
0.17148
0.15423
0.31941
0.09640
0.24289
0.25883
0.15048
0.15091
0.13382
0.26995
0.28440
0.18707
0.23518
0.28774
0.34421
0.08707
0.18301
0.09340
0.05724
0.16208
0.32197
0.33341
0.21131
0.28325
0.18198
0.14192
0.05497
0.22213
0.16381
0.31105
0.24156
0.32580
0.28638
0.28493
0.34738
0.10028
0.10342
0.15601
0.28188
0.31041
0.18489
0.08253
0.28971
0.13195
0.21099
0.23221
0.22509
0.20167
0.18099
0.10151
0.21550
0.14725
0.13603
0.25283
0.27837
0.20179
0.17846
0.26099
0.26622
0.05432
0.25969
0.14045
0.26142
0.13304
0.18147
0.28389
0.08045
0.11895
0.20886
0.27974
0.12588
0.25696
0.05380
0.14805
0.16745
0.32251
0.26656
0.20579
0.24240
0.13422
0.18521
0.28873
0.33859
0.14249
0.18771
0.13521
0.29341
0.26787
0.08842
0.20721
0.06420
0.29113
0.24050
0.17515
0.21118
0.10027
0.34556
0.23502
0.09008
0.18760
0.29334
0.13645
0.30004
0.28221
0.32713
0.16684
0.13664
0.13142
0.25945
0.31100
0.27752
0.29397
0.32341
0.08899
0.14535
0.30908
0.27311
0.14994
0.28220
0.06231
0.23999
0.27957
0.06020
0.18674
0.21085
0.11284
0.11035
0.19826
0.26875
0.11730
0.11375
0.23308
0.15203
0.09458
0.18909
0.24012
0.18941
0.24326
0.22806
0.16526
0.13088
0.08137
0.14226
0.15252
0.24141
0.23139
0.20346
0.13345
0.28312
0.21175
0.08972
0.18944
0.13325
0.06446
0.26913
0.19156
0.20527
0.25412
0.11439
0.25916
0.21562
0.11762
0.26120
0.28397
0.27635
0.12496
0.29845
0.21479
0.33280
0.12275
0.25624
0.17452
0.11413
0.10286
0.12752
0.21183
0.22661
0.19763
0.07000
0.27091
0.17195
0.23991
0.18141
0.08976
0.28930
0.12482
0.05410
0.13550
0.26439
0.08034
0.28099
0.11548
0.11131
0.18032
0.22461
0.10898
0.08269
0.12373
0.10743
0.12927
0.17314
0.17398
0.30094
0.13512
0.17782
0.19078
0.11943
0.10657
0.14614
0.16036
0.17528
0.23239
0.19990
0.18599
0.27157
0.26047
0.09915
0.20096
0.09154
0.17912
0.14731
0.10520
0.06007
0.37037
0.18152
0.09470
0.18891
0.18671
0.12454
0.18717
0.32595
0.13434
0.11423
0.29919
0.11127
0.21580
0.21502
0.17702
0.19552
0.15422
0.09268
0.20495
0.24843
0.11290
0.10846
0.23624
0.21849
0.17152
0.19454
0.33173
0.28901
0.26434
0.19772
0.15231
0.30205
0.31933
0.34033
0.09788
0.26626
0.13294
0.30594
0.19215
0.12242
0.18166
0.18065
0.11095
0.28271
0.24611
0.10705
0.11223
0.10233
0.28769
0.16202
0.22688
0.19465
0.25270
0.24086
0.19205
0.09423
0.22874
0.30229
0.36780
0.29364
0.34732
0.22410
0.27063
0.27868
0.27584
0.27283
0.10422
0.07416
0.16021
0.23581
0.10123
0.16380
0.20854
0.17077
0.22802
0.12198
0.21054
0.17183
0.26806
0.29200
0.28156
0.22656
0.29593
0.15949
0.17913
0.31211
0.10512
0.20876
0.10493
0.10595
0.22504
0.11725
0.26443
0.30094
0.10432
0.13238
0.21145
0.26724
0.12176
0.07414
0.09968
0.10189
0.11270
0.08043
0.18964
0.15441
0.29836
0.19893
0.23497
0.11331
0.21992
0.30170
0.21000
0.28988
0.36618
0.18036
0.29423
0.30870
0.29394
0.30937
0.28363
0.22006
0.36473
0.24629
0.25643
0.26655
0.23729
0.30813
0.19688
0.38071
0.33850
0.26927
0.22452
0.25159
0.27866
0.34750
0.28936
0.23422
0.32456
0.34710
0.20274
0.26691
0.33190
0.26886
0.24136
0.25344
0.29222
0.31701
0.25598
0.21806
0.36503
0.24364
0.21699
0.32155
0.17728
0.30467
0.36468
0.28498
0.29370
0.29227
0.27041
0.23577
0.28816
0.35756
0.21628
0.25550
0.32756
0.24508
0.28855
0.28757
0.18095
0.30491
0.25077
0.29248
0.31776
0.29908
0.26119
0.20848
0.30121
0.37140
0.15195
0.28835
0.22553
0.20147
0.19667
0.36286
0.30718
0.34204
0.16352
0.36491
0.27675
0.27659
0.37971
0.32253
0.26975
0.29407
0.25057
0.27760
0.19264
0.37569
0.29823
0.24089
0.15487
0.30935
0.21119
0.26372
0.29972
0.26427
0.35788
0.33454
0.19909
0.33703
0.31878
0.16972
0.18499
0.30265
0.19240
0.20735
0.16124
0.29901
0.35364
0.27861
0.26868
0.24255
0.29295
0.22703
0.30103
0.26347
0.26753
0.20875
0.28562
0.28614
0.23131
0.17761
0.35800
0.29921
0.21084
0.30100
0.32558
0.27091
0.35013
0.31684
0.23727
0.27789
0.19827
0.29521
0.30530
0.23786
0.27739
0.24691
0.15091
0.33111
0.22320
0.28309
0.23788
0.29202
0.31275
0.30128
0.20804
0.24878
0.28865
0.22050
0.28418
0.19397
0.23963
0.24799
0.24768
0.20616
0.29821
0.33212
0.33710
0.23664
0.20584
0.34171
0.21957
0.19017
0.21974
0.30261
0.31750
0.16873
0.17775
0.28831
0.30637
0.20865
0.16440
0.24100
0.25339
0.21932
0.25301
0.25154
0.30654
0.19010
0.22711
0.27902
0.27536
0.18786
0.28239
0.27809
0.24879
0.35396
0.19548
0.28693
0.23528
0.37759
0.32286
0.26700
0.26946
0.27370
0.27004
0.20586
0.31301
0.26910
0.23527
0.29834
0.28897
0.34883
0.23145
0.30961
0.24049
0.35465
0.22222
0.28486
0.23203
0.23160
0.27086
0.25370
0.23426
0.26592
0.25506
0.29819
0.21822
0.30448
0.24332
0.26086
0.31141
0.29104
0.30058
0.14951
0.22978
0.33466
0.33963
0.27718
0.29911
0.29646
0.25910
0.21239
0.20237
0.30781
0.28828
0.29363
0.24729
0.20322
0.28622
0.31538
0.25651
0.26081
0.23262
0.34000
0.27523
0.19622
0.20069
0.28482
0.28800
0.28864
0.25779
0.25565
0.36758
0.36868
0.14381
0.22261
0.33548
0.24939
0.27297
0.28885
0.34040
0.24664
0.19450
0.22457
0.25343
0.25599
0.37368
0.29849
0.28563
0.30077
0.23061
0.24096
0.30978
0.28879
0.17080
0.34277
0.19168
0.23939
0.34730
0.30294
0.27868
0.24210
0.24598
0.29854
0.34144
0.35116
0.25304
0.28999
0.21918
0.29948
0.31077
0.13917
0.24691
0.21900
0.20890
0.29205
0.24138
0.25250
0.25266
0.24822
0.21824
0.21752
0.24823
0.34877
0.26400
0.27321
0.21160
0.30933
0.26169
0.22587
0.21200
0.31832
0.29444
0.33467
0.24518
0.23427
0.27412
0.25327
0.23595
0.29412
0.20024
0.33274
0.25702
0.33859
0.29650
0.30402
0.35259
0.26933
0.25253
0.31578
0.17656
0.19964
0.30675
0.21632
0.27554
0.31835
0.28912
0.31244
0.38942
0.31388
0.33176
0.27239
0.32377
0.28957
0.37029
0.25961
0.27419
0.33477
0.33462
0.29296
0.34609
0.40301
0.26153
0.23390
0.30571
0.25029
0.32016
0.31971
0.22806
0.24380
0.34382
0.24080
0.26929
0.33400
0.26755
0.25507
0.24232
0.28809
0.30644
0.29754
0.29877
0.30458
0.24676
0.28925
0.28966
0.32119
0.27479
0.28223
0.14994
0.34796
0.31572
0.37855
0.28385
0.30159
0.36982
0.37057
0.26328
0.19847
0.27898
0.40741
0.26155
0.23093
0.28971
0.32664
0.24725
0.20131
0.33391
0.23278
0.28849
0.24568
0.30464
0.36356
0.43196
0.32200
0.26718
0.25944
0.38254
0.31884
0.30317
0.29253
0.34744
0.24106
0.19955
0.32620
0.45313
0.25735
0.38940
0.37953
0.23536
0.26360
0.31663
0.30759
0.30647
0.23888
0.25758
0.17448
0.30157
0.24794
0.30248
0.32814
0.36099
0.25628
0.24632
0.24179
0.20259
0.23811
0.36904
0.25749
0.13835
0.34908
0.18572
0.17814
0.36130
0.16923
0.26942
0.23924
0.25841
0.22953
0.42711
0.20794
0.30200
0.36429
0.24711
0.20655
0.21129
0.28149
0.22692
0.31505
0.19691
0.37361
0.34061
0.19817
0.25626
0.19929
0.34494
0.28583
0.20805
0.35045
0.42664
0.33577
0.28850
0.36396
0.32880
0.20594
0.28355
0.29765
0.40919
0.21222
0.21169
0.23224
0.37892
0.29336
0.23887
0.25315
0.33842
0.37784
0.24384
0.29104
0.31503
0.29526
0.28787
0.24156
0.38476
0.26542
0.29802
0.28298
0.29295
0.34359
0.27610
0.27381
0.24893
0.33083
0.25364
0.20845
0.29701
0.26294
0.20597
0.24203
0.13494
0.30944
0.22570
0.10025
0.12436
0.20959
0.23517
0.30165
0.20990
0.25432
0.34160
0.17098
0.09283
0.21565
0.05972
0.30533
0.29118
0.19358
0.28036
0.08946
0.15598
0.17199
0.25013
0.11006
0.14307
0.21911
0.28347
0.13222
0.20618
0.26104
0.10708
0.32916
0.24476
0.11003
0.13689
0.11682
0.30319
0.17039
0.28322
0.18288
0.29692
0.08044
0.08628
0.08807
0.07032
0.27934
0.11871
0.13204
0.18122
0.29843
0.21690
0.30216
0.20359
0.06752
0.28548
0.08979
0.15342
0.24246
0.19580
0.27394
0.08522
0.11120
0.19437
0.20930
0.32494
0.26819
0.11278
0.10880
0.20386
0.20680
0.20882
0.17493
0.10396
0.27793
0.18182
0.10998
0.27080
0.27270
0.13960
0.16396
0.16623
0.06319
0.07857
0.24736
0.22446
0.22126
0.25732
0.23687
0.19608
0.29921
0.24167
0.22277
0.19133
0.22491
0.18629
0.05354
0.25678
0.13774
0.05802
0.20541
0.24843
0.27157
0.24366
0.10184
0.08298
0.19973
0.22087
0.23347
0.29802
0.10964
0.23678
0.30763
0.12736
0.23164
0.11124
0.06789
0.06168
0.13655
0.10144
0.11563
0.27678
0.26761
0.13412
0.13156
0.06235
0.08916
0.13417
0.25474
