0.14894
0.10915
0.06800
0.26216
0.11642
0.15262
0.17424
0.17818
0.18917
0.07536
0.21833
0.12727
0.19553
0.12360
0.13298
0.22158
0.17916
0.13806
0.11385
0.14747
0.29494
0.20439
0.17662
0.11657
0.23292
0.19565
0.17098
0.26596
0.12863
0.22798
0.16776
0.26969
0.15227
0.10666
0.17810
0.09326
0.12066
0.11919
0.16684
0.18712
0.30347
0.26520
0.11385
0.13267
0.28951
0.23550
0.15591
0.26487
0.20676
0.17863
0.10086
0.14167
0.12789
0.29256
0.09296
0.25317
0.27338
0.14908
0.12588
0.13236
0.26930
0.30154
0.15999
0.21789
0.29375
0.31531
0.08427
0.19539
0.11609
0.04096
0.15772
0.29562
0.33083
0.20293
0.27394
0.22597
0.09495
0.05813
0.23230
0.15261
0.30164
0.27515
0.32163
0.27015
0.26839
0.35323
0.10302
0.09819
0.14163
0.26384
0.32947
0.20440
0.06947
0.25909
0.10873
0.16781
0.22026
0.22466
0.21186
0.18559
0.10295
0.18665
0.15494
0.13038
0.24655
0.28394
0.17299
0.20538
0.24915
0.28347
0.03961
0.23235
0.13022
0.24834
0.13681
0.16528
0.26716
0.08890
0.12674
0.19921
0.25931
0.12132
0.26140
0.04780
0.13114
0.16659
0.34055
0.26711
0.20663
0.26734
0.12638
0.18337
0.26211
0.34391
0.14747
0.17912
0.12885
0.29495
0.26375
0.08635
0.19634
0.05389
0.29354
0.26300
0.17783
0.22311
0.09472
0.32749
0.21325
0.09054
0.22349
0.26655
0.11661
0.30291
0.31496
0.31859
0.18128
0.15824
0.12566
0.24713
0.29081
0.24059
0.27895
0.32198
0.10697
0.15302
0.30775
0.27889
0.14238
0.29271
0.04999
0.23358
0.27406
0.06568
0.19307
0.21044
0.11709
0.11578
0.20374
0.29995
0.11270
0.11505
0.23966
0.17686
0.10779
0.20127
0.23861
0.19430
0.23648
0.24945
0.16222
0.12266
0.07123
0.15357
0.16747
0.25700
0.21958
0.17873
0.12683
0.29856
0.20111
0.08079
0.16854
0.14006
0.07202
0.28290
0.18092
0.18219
0.25997
0.12710
0.28627
0.20904
0.13911
0.25258
0.28234
0.27898
0.11968
0.30480
0.22175
0.28967
0.09153
0.24704
0.16501
0.07565
0.10748
0.12664
0.18667
0.24694
0.19668
0.07048
0.25623
0.13279
0.21533
0.16468
0.07430
0.26312
0.12329
0.05922
0.13919
0.26252
0.09049
0.28559
0.10590
0.11471
0.23249
0.22832
0.11466
0.08656
0.10764
0.10937
0.14404
0.17223
0.15586
0.27859
0.12765
0.19080
0.15005
0.17385
0.09518
0.16333
0.14375
0.15299
0.23089
0.19758
0.17448
0.26530
0.26497
0.09767
0.22210
0.09903
0.18419
0.14949
0.10732
0.04341
0.32359
0.20089
0.09213
0.19173
0.19156
0.11137
0.19244
0.33957
0.12557
0.09829
0.30546
0.11807
0.22075
0.17996
0.18892
0.21786
0.13967
0.09883
0.20657
0.23983
0.15318
0.11063
0.22693
0.23794
0.17838
0.19216
0.32308
0.29665
0.24142
0.20419
0.13298
0.28136
0.31444
0.31872
0.08639
0.21985
0.13648
0.30055
0.18211
0.11163
0.17731
0.14986
0.10349
0.29369
0.26759
0.08391
0.11268
0.11046
0.26952
0.16636
0.22092
0.22763
0.24729
0.25040
0.19971
0.09048
0.24620
0.27426
0.31659
0.28567
0.32791
0.21909
0.25987
0.27073
0.25743
0.26140
0.10405
0.09236
0.14857
0.23741
0.08674
0.15670
0.20672
0.16989
0.22813
0.13841
0.20146
0.17680
0.30135
0.27133
0.27256
0.22451
0.29053
0.15585
0.16351
0.30150
0.09813
0.19037
0.07405
0.11505
0.22258
0.10641
0.22700
0.27024
0.11940
0.12524
0.22029
0.26341
0.14811
0.06335
0.09371
0.09046
0.09924
0.09218
0.19177
0.18093
0.26023
0.19979
0.25419
0.12602
0.22321
0.29626
0.21701
0.27306
0.34785
0.19353
0.27302
0.30401
0.28451
0.32314
0.27960
0.25061
0.34315
0.25568
0.24861
0.23337
0.20226
0.25822
0.19862
0.37128
0.33477
0.24886
0.23126
0.26049
0.25105
0.35496
0.29609
0.25201
0.27980
0.32394
0.22729
0.22125
0.32108
0.25894
0.22539
0.26835
0.27144
0.29654
0.28297
0.22321
0.33405
0.25679
0.25901
0.33668
0.18941
0.28116
0.35070
0.28772
0.29667
0.28865
0.28588
0.21578
0.26889
0.34682
0.20644
0.29793
0.31793
0.26975
0.26680
0.29059
0.18089
0.31310
0.26083
0.28932
0.30210
0.28370
0.26555
0.20327
0.27396
0.35746
0.14944
0.27603
0.24440
0.20417
0.19755
0.37139
0.30368
0.32328
0.16767
0.34621
0.27812
0.28473
0.37036
0.30807
0.27506
0.27972
0.24797
0.28323
0.18436
0.33967
0.25570
0.22586
0.18051
0.30895
0.21457
0.26185
0.28274
0.27165
0.35083
0.33312
0.18602
0.33982
0.30970
0.14615
0.20606
0.28454
0.20467
0.20493
0.15625
0.31210
0.33876
0.23177
0.23669
0.24119
0.29637
0.21846
0.26893
0.28555
0.28448
0.22570
0.26968
0.25690
0.21481
0.16786
0.37470
0.28097
0.22513
0.33713
0.30884
0.26163
0.35818
0.30137
0.22925
0.26842
0.19757
0.29047
0.28244
0.26190
0.29273
0.26705
0.17214
0.30792
0.23178
0.26709
0.23724
0.26723
0.26177
0.27818
0.18455
0.23584
0.28334
0.20396
0.26626
0.19519
0.24323
0.24749
0.24118
0.22189
0.28637
0.31586
0.31367
0.24036
0.18282
0.30402
0.22490
0.22203
0.23601
0.29910
0.32650
0.16361
0.18101
0.29541
0.27173
0.20128
0.17030
0.21985
0.25374
0.24893
0.25039
0.23366
0.26460
0.18604
0.25222
0.27176
0.26504
0.17933
0.28388
0.29953
0.25365
0.35840
0.20838
0.31876
0.23855
0.35876
0.30095
0.25592
0.26445
0.26950
0.26423
0.20574
0.32350
0.28029
0.27161
0.28871
0.28693
0.34407
0.22884
0.28292
0.25916
0.33631
0.21808
0.28031
0.23381
0.27792
0.25059
0.26509
0.21700
0.24852
0.27335
0.28962
0.22638
0.31571
0.24008
0.27546
0.28397
0.27976
0.29496
0.14607
0.25156
0.33236
0.32504
0.24310
0.29091
0.30185
0.25752
0.23107
0.23134
0.28700
0.29534
0.24164
0.24235
0.19080
0.26773
0.29989
0.24627
0.27207
0.21694
0.32168
0.28704
0.22346
0.21088
0.27697
0.27842
0.29859
0.29004
0.27482
0.35466
0.37270
0.13777
0.21858
0.30735
0.27979
0.26904
0.28998
0.32141
0.24677
0.21774
0.21562
0.26592
0.26707
0.36714
0.32612
0.29231
0.25751
0.20902
0.25432
0.28108
0.26555
0.18075
0.30384
0.23954
0.23940
0.33551
0.30643
0.25136
0.22999
0.26486
0.27968
0.32461
0.33365
0.27569
0.27883
0.21396
0.31058
0.29974
0.13804
0.27774
0.19168
0.23663
0.27659
0.22860
0.28859
0.24365
0.27082
0.23016
0.25177
0.26531
0.35854
0.27059
0.26200
0.20205
0.28695
0.25734
0.21205
0.23890
0.32286
0.28626
0.34197
0.26734
0.22473
0.24076
0.26047
0.24935
0.28653
0.19638
0.30953
0.24592
0.32847
0.29109
0.27515
0.33743
0.25375
0.27097
0.28723
0.19878
0.19323
0.25787
0.23067
0.31707
0.29524
0.27853
0.30437
0.37135
0.31717
0.30549
0.26358
0.32162
0.27320
0.34726
0.23300
0.27158
0.32160
0.32166
0.25123
0.33121
0.37844
0.25577
0.27267
0.32504
0.26564
0.29940
0.32727
0.23612
0.25753
0.34214
0.24392
0.26711
0.32674
0.27831
0.24704
0.25257
0.25482
0.29647
0.27903
0.32879
0.28820
0.23225
0.28555
0.29167
0.28134
0.25994
0.30150
0.15910
0.32100
0.32434
0.36862
0.31385
0.29339
0.40349
0.40210
0.29065
0.20447
0.30377
0.38639
0.27428
0.20079
0.31748
0.32020
0.23869
0.25865
0.32999
0.25860
0.29026
0.25020
0.35016
0.34888
0.41196
0.32893
0.29999
0.28604
0.41641
0.31801
0.33756
0.31519
0.37626
0.28674
0.16492
0.31162
0.47733
0.24693
0.43184
0.41914
0.23276
0.29213
0.37159
0.31582
0.28712
0.24841
0.27596
0.19630
0.29192
0.31473
0.32282
0.32431
0.40191
0.28125
0.29821
0.23339
0.21698
0.29244
0.37384
0.24840
0.12200
0.33152
0.18785
0.19552
0.37887
0.13189
0.25202
0.20776
0.28621
0.26102
0.44172
0.19613
0.34086
0.39682
0.26196
0.20499
0.25419
0.27413
0.22869
0.35912
0.18204
0.37447
0.34917
0.25446
0.24813
0.24796
0.34259
0.29596
0.20271
0.35134
0.43192
0.33305
0.30362
0.37396
0.38073
0.22082
0.26576
0.29028
0.38909
0.20597
0.21177
0.22481
0.37733
0.25065
0.26338
0.27728
0.32880
0.36570
0.21307
0.27055
0.35226
0.29198
0.26566
0.26116
0.39382
0.28258
0.28226
0.27806
0.32620
0.34232
0.26696
0.31462
0.23090
0.34351
0.24772
0.22238
0.31177
0.31714
0.24965
0.28455
0.19081
0.27054
0.20114
0.06937
0.09662
0.18874
0.23410
0.30958
0.21231
0.22226
0.35256
0.17985
0.06062
0.24288
0.05737
0.32734
0.24679
0.19945
0.26289
0.12212
0.14879
0.19341
0.24612
0.08900
0.16005
0.21826
0.26410
0.12367
0.20691
0.24303
0.08223
0.25108
0.23384
0.04348
0.13571
0.14210
0.26223
0.14590
0.28134
0.14643
0.20882
0.11238
0.09457
0.08166
0.09074
0.28760
0.11631
0.17043
0.16150
0.21623
0.21886
0.25975
0.20729
0.08321
0.26773
0.09411
0.12257
0.21850
0.19108
0.23730
0.07877
0.10789
0.19626
0.19677
0.31649
0.18695
0.08315
0.10480
0.17593
0.21062
0.22826
0.22132
0.10914
0.28469
0.13454
0.12035
0.27400
0.29751
0.10246
0.16440
0.18299
0.07305
0.06362
0.22380
0.12650
0.20102
0.26112
0.23456
0.20753
0.28751
0.23489
0.18690
0.23644
0.22498
0.19533
0.04204
0.25562
0.14082
0.05970
0.20729
0.24786
0.27873
0.27013
0.08729
0.08359
0.23196
0.22240
0.25393
0.27981
0.13283
0.24619
0.28741
0.11069
0.24402
0.12475
0.06665
0.06869
0.18651
0.09720
0.11511
0.23692
0.29069
0.10630
0.12553
0.06794
0.10040
0.09711
0.26406
