0.12147
0.11821
0.08414
0.26472
0.08798
0.13507
0.22532
0.16470
0.16420
0.06865
0.22364
0.14083
0.19085
0.13599
0.16730
0.23087
0.16374
0.12698
0.08763
0.13944
0.29138
0.11956
0.17925
0.08035
0.26883
0.17811
0.15784
0.27372
0.09742
0.17191
0.15204
0.23855
0.15175
0.10029
0.10178
0.09974
0.12700
0.09022
0.14345
0.16942
0.29789
0.27475
0.11383
0.19650
0.28102
0.23338
0.20903
0.24098
0.22945
0.14834
0.09560
0.16668
0.12717
0.28338
0.10388
0.23305
0.23418
0.14020
0.17833
0.09139
0.30081
0.28819
0.12292
0.22481
0.27590
0.33298
0.07107
0.13691
0.08285
0.05203
0.16215
0.29668
0.26372
0.20746
0.27346
0.14381
0.11024
0.06011
0.19125
0.15872
0.30881
0.18709
0.33684
0.27817
0.27301
0.38521
0.10947
0.09773
0.14758
0.25851
0.33396
0.19757
0.08790
0.23914
0.07498
0.18814
0.23466
0.24001
0.21845
0.16144
0.09402
0.18808
0.10071
0.12016
0.23546
0.31038
0.16208
0.16469
0.21842
0.29389
0.06459
0.26389
0.08888
0.26418
0.11475
0.19671
0.28011
0.07758
0.07962
0.21466
0.24659
0.10993
0.28199
0.03030
0.12284
0.16735
0.31053
0.26541
0.18323
0.26359
0.08950
0.17174
0.31859
0.30742
0.10058
0.16247
0.07052
0.29294
0.26280
0.06665
0.18449
0.04732
0.28353
0.20183
0.17606
0.26802
0.11989
0.34081
0.17462
0.09807
0.17016
0.27777
0.10734
0.32122
0.30477
0.31791
0.15566
0.13034
0.15219
0.23584
0.22346
0.24482
0.27721
0.32589
0.09528
0.11352
0.30250
0.27339
0.08538
0.25544
0.08799
0.26747
0.23067
0.03666
0.09041
0.22163
0.08052
0.08337
0.18099
0.28535
0.10461
0.11551
0.27168
0.14302
0.13728
0.15268
0.22780
0.27112
0.24266
0.20618
0.11851
0.09193
0.07609
0.18400
0.16624
0.21967
0.23703
0.18085
0.07742
0.28613
0.19342
0.11218
0.19396
0.16308
0.04543
0.25156
0.10674
0.24254
0.25398
0.16214
0.23223
0.22191
0.12191
0.26712
0.27127
0.22342
0.12254
0.25285
0.21593
0.33011
0.13330
0.17060
0.11141
0.09753
0.08687
0.07615
0.16893
0.20177
0.14483
0.05243
0.23749
0.13570
0.24221
0.16141
0.08581
0.28226
0.12731
0.04415
0.12143
0.29251
0.09480
0.27694
0.12758
0.12146
0.13639
0.23748
0.11415
0.04436
0.12684
0.12747
0.10600
0.10133
0.14721
0.28520
0.15101
0.16010
0.18470
0.04583
0.11410
0.12750
0.22540
0.18576
0.21426
0.23928
0.15439
0.25965
0.29441
0.11039
0.17268
0.08472
0.14548
0.12010
0.08797
0.04139
0.38056
0.19361
0.06596
0.22085
0.15554
0.08827
0.22684
0.34850
0.12794
0.11705
0.28596
0.12051
0.23404
0.19231
0.19076
0.15022
0.12625
0.05614
0.19738
0.22293
0.18954
0.09536
0.16789
0.12855
0.19526
0.14967
0.30060
0.31624
0.26100
0.11773
0.08968
0.28784
0.27780
0.31479
0.03990
0.25747
0.14794
0.24479
0.10764
0.08129
0.12576
0.14835
0.10729
0.23135
0.22988
0.08797
0.10391
0.12544
0.25325
0.14887
0.27880
0.17311
0.23537
0.24569
0.18243
0.06197
0.25990
0.29943
0.36399
0.20598
0.30057
0.22099
0.23404
0.28446
0.27828
0.24660
0.06155
0.06885
0.14502
0.22898
0.06450
0.06549
0.20799
0.14134
0.25674
0.13755
0.18300
0.12147
0.27328
0.27557
0.24791
0.24389
0.33161
0.16761
0.14721
0.31608
0.09821
0.18189
0.09754
0.08880
0.19633
0.08456
0.25156
0.32336
0.07732
0.08417
0.15653
0.26182
0.10662
0.06423
0.08639
0.09585
0.09192
0.10790
0.20738
0.06657
0.26547
0.16877
0.20091
0.10472
0.19438
0.28730
0.19224
0.26179
0.34931
0.15734
0.28594
0.29719
0.28348
0.29847
0.30155
0.25427
0.35411
0.24585
0.23095
0.22316
0.23446
0.30464
0.18797
0.37550
0.31083
0.25453
0.22105
0.25715
0.23553
0.33855
0.25193
0.22239
0.29567
0.32793
0.20863
0.22954
0.30889
0.27558
0.24971
0.27379
0.27016
0.29868
0.24314
0.24191
0.34546
0.22591
0.22415
0.30712
0.17578
0.31370
0.33897
0.28805
0.29341
0.28362
0.25854
0.25558
0.24956
0.33728
0.19647
0.25993
0.31422
0.24893
0.24751
0.29110
0.20249
0.27513
0.28173
0.27364
0.30541
0.29551
0.24100
0.20219
0.29220
0.35405
0.15138
0.28681
0.20541
0.16513
0.21552
0.37239
0.31293
0.32983
0.16589
0.34920
0.27422
0.28604
0.35319
0.30371
0.26875
0.29320
0.23758
0.28036
0.20427
0.34868
0.26622
0.26176
0.16933
0.31428
0.21063
0.26915
0.27956
0.26243
0.35333
0.31306
0.23216
0.32643
0.29343
0.15369
0.19054
0.26467
0.20093
0.20292
0.16279
0.30939
0.31968
0.24723
0.22883
0.24540
0.27514
0.22852
0.27665
0.24072
0.23534
0.21275
0.27969
0.26207
0.22072
0.18350
0.35137
0.31137
0.17990
0.29767
0.31826
0.24407
0.36344
0.30717
0.23660
0.27261
0.22243
0.28529
0.30827
0.24717
0.27571
0.25589
0.16755
0.30245
0.24381
0.27081
0.20704
0.24724
0.30590
0.29026
0.20849
0.22652
0.29044
0.21705
0.26070
0.18667
0.22806
0.22808
0.23209
0.18962
0.31582
0.32125
0.33024
0.21796
0.20472
0.32710
0.20378
0.17614
0.19186
0.29259
0.31974
0.17229
0.18712
0.27559
0.24253
0.22248
0.16173
0.19675
0.26625
0.20048
0.26751
0.23191
0.29895
0.18223
0.20258
0.26077
0.25443
0.20151
0.26503
0.26128
0.26376
0.36905
0.20096
0.31338
0.22610
0.34709
0.30847
0.24491
0.26670
0.25521
0.27171
0.18816
0.32104
0.30633
0.21588
0.27895
0.29411
0.33555
0.25156
0.27852
0.21857
0.34289
0.21645
0.27521
0.22591
0.24853
0.28373
0.26585
0.23907
0.24252
0.26950
0.31352
0.21107
0.31438
0.24347
0.25531
0.28396
0.28274
0.30393
0.15285
0.19076
0.32358
0.31644
0.23492
0.25347
0.27048
0.27299
0.23685
0.22619
0.30165
0.28985
0.24391
0.25411
0.18454
0.26453
0.29650
0.25456
0.24013
0.27216
0.32685
0.24648
0.17688
0.19957
0.28208
0.28404
0.27945
0.25930
0.23147
0.34957
0.32900
0.15699
0.23721
0.31359
0.25007
0.24927
0.30639
0.32943
0.22622
0.20910
0.20931
0.23891
0.24611
0.35713
0.29668
0.29919
0.24796
0.21340
0.24591
0.28660
0.27508
0.18705
0.33123
0.21301
0.23130
0.34531
0.30321
0.26101
0.22158
0.24315
0.28864
0.31914
0.33605
0.24613
0.27208
0.19151
0.29306
0.32522
0.12838
0.26214
0.20149
0.22126
0.25426
0.21806
0.26614
0.26001
0.23319
0.20410
0.21869
0.24682
0.31798
0.24226
0.22641
0.19296
0.28059
0.25515
0.24069
0.19423
0.33675
0.27366
0.32459
0.27551
0.22441
0.25029
0.23415
0.20753
0.26755
0.17495
0.32499
0.25561
0.33124
0.26420
0.30740
0.34132
0.27993
0.22250
0.26659
0.16912
0.17176
0.27110
0.22048
0.27303
0.30759
0.23196
0.30490
0.37263
0.29547
0.32829
0.26906
0.29936
0.30408
0.35075
0.23455
0.28612
0.32699
0.31843
0.27726
0.32308
0.38030
0.23929
0.24800
0.34142
0.24887
0.31644
0.32902
0.23857
0.25197
0.33897
0.23519
0.22172
0.29657
0.27490
0.23086
0.21078
0.25903
0.27051
0.28909
0.28718
0.29176
0.23685
0.27015
0.27812
0.29905
0.25239
0.29781
0.13968
0.32469
0.32279
0.35678
0.31629
0.32178
0.40656
0.39415
0.27155
0.19692
0.28651
0.39714
0.29269
0.20102
0.31935
0.34674
0.25468
0.21651
0.34564
0.24487
0.28653
0.23821
0.32677
0.37751
0.43383
0.32602
0.27168
0.28985
0.38080
0.32719
0.29110
0.26430
0.35573
0.23356
0.18766
0.33241
0.46617
0.26177
0.38363
0.40560
0.20818
0.25958
0.34968
0.29967
0.29350
0.24909
0.28916
0.23088
0.29648
0.27114
0.32026
0.28844
0.37789
0.26136
0.26223
0.24121
0.19459
0.25616
0.37435
0.25672
0.14013
0.34051
0.15561
0.19087
0.39950
0.18914
0.22329
0.23690
0.27881
0.23742
0.43116
0.21167
0.31675
0.39577
0.25697
0.24926
0.27419
0.27125
0.20749
0.34405
0.18392
0.35708
0.35570
0.26046
0.26976
0.24230
0.34577
0.29768
0.23634
0.33292
0.41801
0.34013
0.29565
0.35052
0.36951
0.22636
0.28130
0.31035
0.38596
0.23139
0.22952
0.21300
0.36416
0.28291
0.26882
0.25363
0.33060
0.38969
0.25447
0.28835
0.33589
0.29608
0.28584
0.27084
0.38237
0.30783
0.28485
0.28674
0.27888
0.34301
0.27360
0.29714
0.25705
0.35209
0.26613
0.22839
0.30478
0.29257
0.20336
0.25137
0.18826
0.27961
0.23373
0.07289
0.14332
0.24756
0.25247
0.29133
0.22284
0.23795
0.34949
0.22020
0.07865
0.19954
0.09513
0.26435
0.26358
0.21337
0.28847
0.05813
0.22831
0.21417
0.23713
0.08476
0.18739
0.26923
0.23885
0.12592
0.21288
0.24967
0.07097
0.33048
0.21518
0.03227
0.09902
0.07318
0.28576
0.16520
0.23655
0.19831
0.29792
0.07056
0.14729
0.04550
0.05272
0.27729
0.10942
0.12070
0.23030
0.28048
0.15611
0.32384
0.22041
0.07387
0.27625
0.09063
0.02241
0.29248
0.19535
0.29141
0.12326
0.08969
0.19137
0.20343
0.24777
0.26071
0.03407
0.08503
0.19474
0.19366
0.19478
0.16269
0.15559
0.28376
0.14139
0.11740
0.27331
0.31128
0.09548
0.11150
0.22379
0.09075
0.04843
0.25474
0.13806
0.19026
0.23071
0.30785
0.20105
0.32761
0.23386
0.27966
0.15995
0.20379
0.23081
0.03809
0.23703
0.10432
0.08181
0.15876
0.21886
0.30289
0.24805
0.08415
0.04791
0.16512
0.20239
0.23760
0.32321
0.08858
0.26632
0.29268
0.15433
0.24711
0.10639
0.04833
0.06989
0.15100
0.04810
0.12946
0.25225
0.24644
0.10578
0.12415
0.03727
0.07707
0.11165
0.28289
