0.14429
0.09679
0.05785
0.21749
0.04754
0.13191
0.20304
0.14433
0.14003
0.10797
0.18460
0.16158
0.15374
0.12170
0.11770
0.23477
0.14211
0.12781
0.05975
0.13910
0.28393
0.12020
0.18309
0.08337
0.22918
0.16888
0.16105
0.22600
0.06532
0.14501
0.14549
0.26960
0.14014
0.10740
0.07418
0.09611
0.12793
0.10155
0.13406
0.17927
0.30361
0.23985
0.11267
0.11446
0.28618
0.21142
0.18999
0.24214
0.19048
0.13136
0.09411
0.16559
0.13438
0.28534
0.09761
0.18502
0.19207
0.11203
0.15933
0.08378
0.26238
0.28661
0.10616
0.22355
0.26505
0.30307
0.03863
0.15850
0.10198
0.02989
0.11169
0.26879
0.28486
0.18465
0.24079
0.13156
0.07860
0.06246
0.20187
0.17082
0.29467
0.18185
0.33594
0.25697
0.27642
0.37162
0.09450
0.07447
0.12664
0.26502
0.31864
0.18731
0.08990
0.23856
0.09678
0.13858
0.19625
0.20962
0.17223
0.16215
0.09302
0.17179
0.11556
0.13543
0.23258
0.28961
0.11747
0.14469
0.16664
0.23696
0.03831
0.26326
0.11803
0.25117
0.14251
0.19008
0.27478
0.04552
0.05658
0.19741
0.22314
0.07614
0.26410
0.03128
0.09563
0.14743
0.32222
0.27088
0.18346
0.24201
0.10070
0.15469
0.32076
0.31001
0.10353
0.13045
0.08523
0.28293
0.25615
0.07286
0.20166
0.03514
0.29631
0.16828
0.14751
0.28238
0.11454
0.34162
0.15312
0.09708
0.15362
0.26433
0.10989
0.28682
0.29851
0.30977
0.11696
0.14241
0.17240
0.20664
0.21017
0.25038
0.30279
0.29414
0.09904
0.14414
0.29699
0.27791
0.07820
0.21139
0.04812
0.23393
0.22446
0.03468
0.08087
0.21752
0.06127
0.09097
0.14247
0.26773
0.09709
0.10269
0.24353
0.18354
0.12565
0.17969
0.21702
0.24913
0.23555
0.15395
0.09150
0.07376
0.05165
0.14331
0.16268
0.24946
0.22015
0.14653
0.10422
0.25799
0.19959
0.12143
0.15441
0.14316
0.08462
0.26111
0.07321
0.21013
0.22652
0.11002
0.22125
0.25130
0.11744
0.24930
0.26842
0.23580
0.12325
0.22705
0.13689
0.31939
0.13378
0.19558
0.12377
0.09523
0.09035
0.06611
0.18339
0.16210
0.14596
0.08348
0.26504
0.09209
0.22456
0.13887
0.04006
0.25401
0.10504
0.03589
0.09459
0.26760
0.08861
0.30018
0.08823
0.10740
0.13551
0.22188
0.09929
0.05098
0.11392
0.13678
0.10805
0.11673
0.11179
0.29094
0.14524
0.17882
0.20891
0.10559
0.08460
0.14969
0.22557
0.17342
0.22141
0.22923
0.19665
0.27201
0.26887
0.10436
0.13652
0.08645
0.14740
0.12832
0.07487
0.05506
0.35345
0.17390
0.08347
0.18378
0.17410
0.05935
0.13463
0.30274
0.12100
0.07944
0.26350
0.11675
0.21774
0.20259
0.18455
0.13369
0.10128
0.06195
0.23785
0.23790
0.14249
0.09440
0.17642
0.16883
0.17506
0.15104
0.34119
0.26102
0.29803
0.12963
0.08571
0.27231
0.28859
0.29883
0.04681
0.26390
0.10515
0.27408
0.12914
0.08755
0.12717
0.14501
0.09342
0.17331
0.22308
0.06290
0.09653
0.05352
0.26171
0.16377
0.21022
0.19958
0.24385
0.17336
0.14095
0.05547
0.25038
0.28426
0.37258
0.26866
0.29317
0.23411
0.25761
0.28478
0.27664
0.24580
0.06278
0.07663
0.14486
0.20576
0.04138
0.07859
0.17451
0.14256
0.21363
0.12218
0.18904
0.10690
0.23709
0.25240
0.22584
0.19301
0.30470
0.15912
0.11546
0.30875
0.08469
0.23578
0.08267
0.07679
0.19033
0.05932
0.23196
0.33039
0.06896
0.08428
0.18653
0.24755
0.09979
0.06579
0.05715
0.07645
0.05087
0.09699
0.22322
0.07282
0.27196
0.18164
0.19501
0.12314
0.17117
0.29133
0.22482
0.30551
0.33368
0.17570
0.24298
0.32301
0.31808
0.32422
0.27148
0.28343
0.33924
0.27372
0.23360
0.26181
0.20382
0.33154
0.19841
0.36749
0.31632
0.22428
0.27209
0.24955
0.27942
0.34856
0.31549
0.27638
0.30280
0.31361
0.23880
0.28201
0.30452
0.29690
0.24565
0.25696
0.32758
0.29585
0.27753
0.20956
0.33551
0.28402
0.28300
0.33009
0.22044
0.31445
0.32585
0.29817
0.31546
0.33092
0.30968
0.25451
0.30400
0.32670
0.24821
0.32970
0.29815
0.28684
0.30691
0.31537
0.20865
0.33763
0.26641
0.26980
0.28322
0.27145
0.29793
0.18266
0.26963
0.34466
0.13626
0.27319
0.25102
0.22602
0.20465
0.37406
0.30170
0.31345
0.16928
0.33385
0.27212
0.28720
0.35553
0.30060
0.33113
0.29475
0.23380
0.29343
0.15980
0.34592
0.31530
0.25627
0.16065
0.34990
0.20066
0.26623
0.28633
0.27415
0.33518
0.29597
0.22791
0.30181
0.31367
0.14831
0.18475
0.32532
0.18687
0.17912
0.14084
0.29739
0.32077
0.30441
0.29402
0.24384
0.32225
0.22442
0.31675
0.29029
0.31944
0.20808
0.27522
0.30196
0.20389
0.16104
0.35877
0.26888
0.23857
0.30758
0.32037
0.26125
0.36199
0.29856
0.24888
0.30084
0.19442
0.27850
0.29355
0.29729
0.28425
0.24578
0.17358
0.33125
0.22905
0.31573
0.21649
0.28702
0.34314
0.28416
0.18290
0.22024
0.29507
0.20691
0.32823
0.19883
0.24781
0.22605
0.23051
0.24302
0.31450
0.30909
0.31196
0.26668
0.24600
0.30947
0.21698
0.24978
0.23807
0.29057
0.29507
0.16204
0.20090
0.28716
0.29360
0.23094
0.15774
0.22815
0.25740
0.23240
0.24901
0.28438
0.33362
0.17390
0.28123
0.25878
0.30239
0.20167
0.32958
0.27778
0.27481
0.37084
0.18406
0.29998
0.24345
0.36263
0.29840
0.29176
0.28550
0.31258
0.27919
0.20593
0.30493
0.26529
0.29449
0.27528
0.27328
0.32180
0.24427
0.26398
0.24125
0.32913
0.26169
0.29157
0.22936
0.30228
0.26909
0.24724
0.21341
0.27990
0.25474
0.32597
0.20256
0.30540
0.24611
0.29008
0.26910
0.26602
0.27233
0.15637
0.25990
0.31425
0.31080
0.29153
0.31112
0.31630
0.27296
0.27526
0.24976
0.28087
0.30850
0.30415
0.23127
0.18505
0.30785
0.30612
0.28123
0.29665
0.17889
0.31065
0.29739
0.20579
0.21242
0.26918
0.28455
0.30837
0.30622
0.26441
0.34460
0.33627
0.15420
0.25784
0.29320
0.30615
0.31006
0.32481
0.31475
0.22628
0.18517
0.17867
0.27955
0.31716
0.34499
0.27989
0.29047
0.31898
0.23863
0.26176
0.26884
0.26439
0.17466
0.30694
0.21207
0.23706
0.32405
0.30784
0.29272
0.23508
0.27248
0.28460
0.35228
0.32335
0.25597
0.26445
0.21629
0.33316
0.29305
0.13803
0.30303
0.18524
0.27570
0.30894
0.24481
0.26742
0.22795
0.29786
0.20118
0.26180
0.24772
0.33014
0.31514
0.29623
0.20557
0.26067
0.25249
0.25998
0.23779
0.30629
0.28913
0.35505
0.25673
0.27681
0.30891
0.27750
0.26771
0.27268
0.19280
0.31077
0.29452
0.31959
0.25930
0.28242
0.33684
0.27726
0.28157
0.33171
0.19743
0.24240
0.32209
0.24597
0.31309
0.30393
0.32054
0.35407
0.36819
0.28199
0.29642
0.25647
0.29664
0.28675
0.35030
0.29191
0.29475
0.30582
0.30487
0.32505
0.30930
0.37702
0.23839
0.27064
0.31934
0.23043
0.30349
0.32284
0.24387
0.27125
0.32164
0.22494
0.29565
0.29548
0.30205
0.25622
0.27882
0.30190
0.26768
0.26974
0.34542
0.28332
0.26682
0.32125
0.27102
0.32893
0.30759
0.26794
0.16548
0.32425
0.33596
0.32833
0.32298
0.29574
0.37855
0.41445
0.27220
0.16780
0.31341
0.35920
0.26211
0.15133
0.31857
0.32008
0.24706
0.25131
0.31173
0.23170
0.23562
0.27195
0.34667
0.33102
0.35772
0.24551
0.32367
0.27679
0.39896
0.26211
0.28208
0.28664
0.33356
0.28675
0.17974
0.29387
0.43224
0.24255
0.39860
0.39537
0.20619
0.29841
0.35852
0.29468
0.26817
0.25829
0.30975
0.21988
0.25580
0.28874
0.24597
0.28465
0.37006
0.29614
0.30963
0.22289
0.21886
0.24666
0.39426
0.19089
0.09923
0.33777
0.09104
0.18162
0.39970
0.15320
0.21887
0.20476
0.29369
0.23436
0.42718
0.19970
0.33474
0.38302
0.26066
0.22832
0.27196
0.23238
0.16854
0.35434
0.15438
0.37860
0.34328
0.25312
0.22007
0.25779
0.34538
0.27405
0.17480
0.31901
0.40293
0.29753
0.28277
0.35517
0.36894
0.24075
0.27238
0.28925
0.40373
0.16583
0.22705
0.23729
0.35225
0.29362
0.23099
0.29143
0.29611
0.33904
0.17489
0.31143
0.33652
0.28954
0.30828
0.23378
0.36937
0.32458
0.25134
0.30061
0.31343
0.33103
0.25197
0.28004
0.23817
0.32673
0.20923
0.24993
0.31272
0.30544
0.25382
0.31086
0.13056
0.32802
0.23241
0.04936
0.19486
0.18359
0.24836
0.26294
0.19260
0.24673
0.32526
0.23453
0.05183
0.22723
0.05099
0.30821
0.19566
0.18503
0.28788
0.05243
0.14590
0.21979
0.19573
0.08345
0.17925
0.19880
0.28150
0.14774
0.19759
0.24202
0.06065
0.32395
0.17412
0.03051
0.04951
0.13090
0.28536
0.09287
0.18096
0.18920
0.30179
0.05317
0.05886
0.09846
0.05010
0.29617
0.13292
0.16419
0.19956
0.31213
0.15564
0.30662
0.21311
0.07653
0.29145
0.08956
0.09107
0.30146
0.19469
0.24203
0.11379
0.08855
0.21401
0.19587
0.29020
0.25674
0.04370
0.07181
0.17749
0.20338
0.20920
0.16036
0.11665
0.22895
0.16312
0.10437
0.28909
0.28967
0.07727
0.08305
0.16945
0.08994
0.04797
0.27015
0.20731
0.20082
0.26318
0.24651
0.21025
0.34298
0.20764
0.20905
0.17178
0.18567
0.14629
0.01529
0.26047
0.11944
0.05610
0.22441
0.24604
0.28759
0.26648
0.04400
0.05150
0.09518
0.22291
0.26460
0.29162
0.10547
0.20365
0.27448
0.15093
0.24667
0.09911
0.04259
0.04857
0.13657
0.07911
0.09546
0.21905
0.27740
0.09268
0.09343
0.07746
0.07283
0.09366
0.29769
