0.14417
0.10800
0.06243
0.26600
0.08436
0.12811
0.19465
0.16816
0.17706
0.08594
0.16643
0.12642
0.12890
0.11938
0.11227
0.22685
0.15055
0.12544
0.07843
0.12740
0.30899
0.12509
0.12356
0.10945
0.25598
0.12170
0.11625
0.26814
0.07114
0.20116
0.16999
0.24572
0.13369
0.11168
0.07904
0.09196
0.13244
0.08630
0.11546
0.15384
0.28876
0.28257
0.09164
0.13960
0.28387
0.20206
0.17983
0.19608
0.18137
0.15077
0.09877
0.13580
0.14184
0.32642
0.10263
0.22889
0.24867
0.12377
0.11040
0.11123
0.23015
0.30080
0.12384
0.23580
0.26698
0.31268
0.03020
0.15959
0.11086
0.05146
0.13856
0.32393
0.32571
0.17830
0.26211
0.10511
0.12656
0.04832
0.19674
0.15503
0.32234
0.18346
0.34152
0.26641
0.25908
0.33375
0.09448
0.08836
0.12294
0.26375
0.34311
0.15190
0.05332
0.22061
0.04987
0.13892
0.22048
0.21796
0.18050
0.15117
0.09075
0.18222
0.13548
0.12219
0.16714
0.30048
0.12205
0.16315
0.18067
0.28821
0.01656
0.28058
0.09389
0.23610
0.09796
0.17999
0.28091
0.05970
0.06118
0.16268
0.21552
0.08600
0.26292
0.02224
0.10562
0.11916
0.31610
0.26789
0.16028
0.24612
0.09999
0.16110
0.31895
0.32567
0.09608
0.13883
0.07087
0.29471
0.27038
0.04836
0.12832
0.04221
0.27775
0.16721
0.11258
0.29982
0.11982
0.33429
0.15601
0.09280
0.14233
0.26646
0.09742
0.31221
0.28631
0.33738
0.13106
0.13792
0.16519
0.19582
0.26443
0.29136
0.22401
0.31149
0.09413
0.11289
0.29424
0.27820
0.04611
0.28936
0.05176
0.25217
0.21022
0.05575
0.07753
0.19581
0.05129
0.07438
0.12781
0.23391
0.06325
0.12253
0.17897
0.13637
0.08614
0.18579
0.17964
0.27274
0.27081
0.15567
0.12015
0.09283
0.04738
0.18860
0.11520
0.23348
0.22018
0.15075
0.07093
0.30773
0.22682
0.07168
0.19407
0.16058
0.05502
0.20599
0.09796
0.20724
0.26465
0.10312
0.27393
0.22192
0.10352
0.21327
0.26806
0.21050
0.12205
0.23729
0.19250
0.34978
0.11210
0.19516
0.07397
0.08831
0.09753
0.02946
0.21892
0.11022
0.19351
0.03914
0.22078
0.10117
0.20723
0.10923
0.06487
0.30027
0.11132
0.07985
0.11146
0.27545
0.08492
0.29879
0.10231
0.12086
0.13974
0.20397
0.11072
0.05110
0.10630
0.09541
0.09658
0.11372
0.09830
0.27359
0.14187
0.17117
0.22952
0.06079
0.03904
0.13570
0.25296
0.14080
0.21581
0.18607
0.11779
0.26569
0.29325
0.09209
0.15057
0.06753
0.08982
0.12897
0.06765
0.05324
0.37522
0.16470
0.04537
0.23286
0.12318
0.08153
0.17091
0.33089
0.11511
0.04361
0.29413
0.11703
0.19956
0.16433
0.17085
0.10066
0.13073
0.10123
0.20318
0.24296
0.13550
0.09652
0.16542
0.18439
0.14704
0.13997
0.29806
0.25668
0.29104
0.16124
0.10055
0.30630
0.31387
0.32904
0.03142
0.28519
0.12632
0.29885
0.16297
0.13052
0.15636
0.12860
0.10530
0.14623
0.23896
0.09018
0.08770
0.05475
0.23495
0.11412
0.20603
0.19369
0.20655
0.24515
0.12291
0.09054
0.24473
0.29794
0.35691
0.21323
0.31321
0.23725
0.22584
0.30243
0.28648
0.27042
0.04756
0.07478
0.15794
0.22377
0.06977
0.07351
0.20374
0.11089
0.19304
0.11139
0.16218
0.09303
0.25487
0.27102
0.23247
0.20713
0.27045
0.11352
0.10415
0.28407
0.06931
0.24386
0.06459
0.07480
0.16388
0.02430
0.24221
0.32602
0.06733
0.05526
0.12524
0.21361
0.09960
0.06342
0.08716
0.06400
0.06045
0.08841
0.19256
0.11080
0.28017
0.18836
0.18288
0.14275
0.20953
0.30823
0.18415
0.22939
0.36789
0.15487
0.31042
0.31269
0.25456
0.28383
0.30041
0.21625
0.36353
0.23263
0.27095
0.22915
0.24629
0.26709
0.19541
0.38014
0.34072
0.26483
0.20181
0.25141
0.20920
0.34019
0.25185
0.20673
0.32856
0.34389
0.20125
0.20995
0.34786
0.27680
0.25947
0.26345
0.25822
0.32090
0.22236
0.23439
0.36787
0.21882
0.19902
0.30450
0.18788
0.31553
0.36504
0.29322
0.26420
0.27386
0.24395
0.24486
0.24337
0.35068
0.16381
0.24859
0.33276
0.20817
0.24368
0.29300
0.18589
0.26316
0.26254
0.29756
0.32522
0.30426
0.23222
0.20230
0.30547
0.37002
0.16652
0.28308
0.18512
0.15309
0.20687
0.34470
0.29633
0.34270
0.16161
0.36351
0.27940
0.28450
0.37412
0.31508
0.25882
0.28892
0.23164
0.28134
0.19112
0.37888
0.25160
0.21460
0.18474
0.32621
0.21126
0.26021
0.29746
0.26842
0.36541
0.33089
0.22800
0.33364
0.33721
0.18276
0.15010
0.23963
0.19147
0.21133
0.13950
0.30372
0.35544
0.23701
0.22298
0.25325
0.26957
0.21656
0.27554
0.22206
0.22808
0.20313
0.28674
0.25073
0.22817
0.16672
0.34205
0.31997
0.16407
0.26987
0.32331
0.27489
0.34044
0.32339
0.24369
0.24537
0.23670
0.30668
0.30229
0.25237
0.25357
0.22893
0.17274
0.28909
0.23665
0.26216
0.23585
0.24786
0.29032
0.29888
0.22107
0.25252
0.28861
0.22383
0.25302
0.21950
0.23922
0.23338
0.25125
0.17401
0.30594
0.33480
0.33097
0.18935
0.18647
0.33725
0.19831
0.18355
0.19144
0.31058
0.32249
0.17440
0.19255
0.28416
0.22425
0.16754
0.15728
0.21119
0.27324
0.17324
0.25693
0.19809
0.27061
0.20654
0.19403
0.27799
0.25311
0.22127
0.24740
0.24161
0.25486
0.35427
0.19404
0.30381
0.23485
0.37744
0.33015
0.22187
0.27270
0.24906
0.27154
0.20814
0.31198
0.30076
0.22285
0.30252
0.26883
0.34982
0.22601
0.31597
0.21329
0.35330
0.18783
0.24758
0.22405
0.22060
0.27167
0.25676
0.23370
0.22062
0.24642
0.31703
0.21120
0.31749
0.23084
0.22400
0.30798
0.29110
0.30613
0.15233
0.18142
0.33646
0.34013
0.20962
0.25069
0.27463
0.27168
0.22049
0.19635
0.30956
0.29171
0.22773
0.24673
0.21312
0.26843
0.32515
0.26738
0.20862
0.21732
0.34803
0.24332
0.15563
0.19864
0.29651
0.29785
0.27010
0.26006
0.23213
0.36458
0.36826
0.15849
0.24261
0.32862
0.23696
0.23245
0.31380
0.34955
0.24622
0.19994
0.20334
0.23372
0.23108
0.37007
0.31226
0.30300
0.24514
0.24248
0.26782
0.31408
0.28805
0.18457
0.34468
0.21971
0.25366
0.35745
0.30641
0.22287
0.25976
0.22096
0.30359
0.31016
0.35541
0.25431
0.29981
0.23410
0.26743
0.32060
0.14237
0.22435
0.21939
0.22559
0.23828
0.23822
0.24918
0.24457
0.22089
0.24607
0.20029
0.24347
0.35758
0.24318
0.23874
0.20454
0.31455
0.25179
0.25147
0.17066
0.34275
0.29343
0.33237
0.27010
0.21545
0.25429
0.25963
0.20073
0.27075
0.18020
0.33927
0.27916
0.35320
0.30325
0.30872
0.35950
0.27425
0.20873
0.27276
0.17742
0.19862
0.25221
0.18997
0.26301
0.32246
0.25900
0.30246
0.38972
0.31373
0.33517
0.26943
0.32949
0.31205
0.37496
0.20454
0.28603
0.33654
0.33432
0.27440
0.33942
0.40278
0.24840
0.22374
0.33309
0.22177
0.33067
0.32776
0.25185
0.22970
0.35740
0.24294
0.22747
0.32251
0.23984
0.22409
0.20879
0.22269
0.30493
0.30648
0.28014
0.28977
0.20992
0.27229
0.27460
0.27082
0.23792
0.27799
0.15395
0.35572
0.31632
0.36905
0.27109
0.32123
0.37607
0.37464
0.26397
0.19897
0.29424
0.39961
0.30084
0.24055
0.28394
0.33266
0.26412
0.18036
0.34579
0.22797
0.28674
0.21255
0.31701
0.37121
0.43293
0.33526
0.29179
0.25999
0.37918
0.32968
0.31617
0.27185
0.37060
0.27283
0.20291
0.32217
0.45654
0.26606
0.39797
0.39109
0.20918
0.25620
0.35606
0.28494
0.30880
0.20695
0.27335
0.22675
0.29911
0.26028
0.28855
0.32351
0.34922
0.25033
0.24885
0.26873
0.20260
0.26081
0.38764
0.26615
0.13940
0.34946
0.17651
0.21494
0.40613
0.16770
0.23404
0.22873
0.27739
0.25265
0.44547
0.21466
0.31367
0.37091
0.24792
0.24310
0.22998
0.26945
0.25379
0.34372
0.18953
0.36757
0.36132
0.24888
0.25286
0.20707
0.33799
0.30617
0.22608
0.35610
0.41946
0.32069
0.27202
0.35256
0.34709
0.20383
0.28001
0.29191
0.38876
0.18894
0.23881
0.26769
0.33605
0.26403
0.25905
0.23153
0.33310
0.38073
0.27097
0.29138
0.32424
0.30790
0.27907
0.27624
0.39868
0.26134
0.30619
0.27166
0.29106
0.35500
0.27635
0.30252
0.24361
0.31816
0.29137
0.19190
0.30046
0.26692
0.21071
0.26235
0.24247
0.29887
0.19838
0.07800
0.15815
0.11598
0.24236
0.29059
0.22304
0.23609
0.37511
0.21928
0.06275
0.16519
0.06247
0.32759
0.27722
0.17378
0.25522
0.03534
0.14984
0.21211
0.23331
0.04800
0.12894
0.17944
0.24983
0.22395
0.22048
0.26344
0.02791
0.31093
0.27615
0.06683
0.05029
0.16041
0.31042
0.15967
0.18409
0.20470
0.32038
0.04639
0.05874
0.04057
0.10553
0.21087
0.12227
0.15435
0.21115
0.32306
0.15782
0.30499
0.23952
0.06483
0.27200
0.05741
0.06492
0.27437
0.18068
0.23259
0.05646
0.07755
0.20713
0.22114
0.31039
0.24706
0.03009
0.06166
0.19658
0.20813
0.23006
0.17562
0.11591
0.24142
0.20424
0.09866
0.21755
0.27954
0.11873
0.14793
0.15048
0.05406
0.05387
0.25429
0.06747
0.21238
0.23696
0.25074
0.20656
0.33107
0.25122
0.23306
0.18280
0.22154
0.25027
0.06135
0.24863
0.09228
0.06207
0.21780
0.26214
0.30036
0.24944
0.09058
0.04733
0.11392
0.22499
0.24611
0.30428
0.08030
0.20010
0.30108
0.11830
0.21080
0.10284
0.04728
0.03506
0.19935
0.04003
0.06792
0.27341
0.28223
0.07790
0.03897
0.05464
0.13987
0.08387
0.28327
