0.24927
0.17014
0.23556
0.25570
0.17922
0.20297
0.25175
0.21235
0.20617
0.20638
0.24804
0.19593
0.20985
0.19688
0.18942
0.22961
0.19384
0.21628
0.19863
0.22720
0.30478
0.20718
0.22341
0.13726
0.25518
0.21785
0.24889
0.26275
0.17747
0.20508
0.21402
0.27989
0.23879
0.18534
0.12187
0.14529
0.21173
0.19325
0.21416
0.22940
0.26216
0.26810
0.23057
0.22034
0.27252
0.22790
0.15878
0.27887
0.25701
0.18255
0.17280
0.19944
0.22634
0.32080
0.19029
0.25990
0.25573
0.18371
0.20480
0.14013
0.27607
0.31257
0.20116
0.27647
0.28188
0.32150
0.18693
0.20457
0.23864
0.16596
0.23814
0.30084
0.31396
0.26752
0.25260
0.22649
0.19267
0.16357
0.22916
0.23141
0.31155
0.24353
0.32718
0.25326
0.30392
0.34653
0.17526
0.16154
0.21434
0.28182
0.34396
0.21800
0.20386
0.26669
0.19599
0.21942
0.23060
0.21818
0.21285
0.20915
0.17356
0.22499
0.19859
0.21025
0.26974
0.31498
0.17998
0.24980
0.23151
0.27188
0.12958
0.28361
0.16564
0.24736
0.20635
0.23439
0.26731
0.19237
0.16557
0.23767
0.23607
0.21442
0.29200
0.16417
0.14989
0.21236
0.30790
0.27145
0.23210
0.23609
0.17559
0.16993
0.32339
0.33023
0.18762
0.19576
0.19850
0.27031
0.24648
0.13261
0.20007
0.15855
0.27492
0.22114
0.24063
0.32371
0.22624
0.35424
0.25598
0.15701
0.24030
0.30181
0.17484
0.31078
0.29691
0.32181
0.18289
0.20755
0.23424
0.25230
0.28574
0.27038
0.28961
0.30821
0.18199
0.21184
0.28709
0.26913
0.15873
0.25175
0.19291
0.27309
0.24371
0.11311
0.21780
0.21024
0.13894
0.20493
0.21376
0.27226
0.20758
0.19629
0.26780
0.23176
0.19799
0.24219
0.27205
0.26773
0.24448
0.25839
0.20399
0.13621
0.15501
0.21790
0.23892
0.24498
0.30457
0.27571
0.19983
0.29949
0.24864
0.18570
0.23612
0.22429
0.18570
0.26134
0.16236
0.27631
0.27122
0.21228
0.25825
0.23859
0.24081
0.24930
0.24490
0.26497
0.22094
0.26931
0.23592
0.32320
0.20609
0.21841
0.24023
0.15015
0.15407
0.19783
0.18822
0.26983
0.21451
0.19896
0.25039
0.17677
0.27379
0.19275
0.19944
0.28763
0.18396
0.16178
0.19337
0.23611
0.23461
0.31234
0.18342
0.20588
0.22566
0.22945
0.19162
0.15315
0.20189
0.19438
0.17755
0.20455
0.20726
0.26426
0.20421
0.23437
0.19747
0.18900
0.17025
0.19636
0.23054
0.22005
0.26863
0.25173
0.22222
0.26529
0.29937
0.16377
0.23368
0.18761
0.20267
0.20403
0.16716
0.14796
0.35057
0.19000
0.19600
0.23817
0.21071
0.21771
0.23727
0.35457
0.22327
0.16884
0.31324
0.22546
0.22806
0.23732
0.23817
0.25498
0.20226
0.17168
0.23477
0.25252
0.23923
0.16575
0.21292
0.22173
0.23047
0.21826
0.32433
0.31408
0.25893
0.20422
0.21193
0.28098
0.32466
0.34894
0.14143
0.27149
0.21307
0.29892
0.22291
0.21309
0.22073
0.22627
0.20291
0.25738
0.24039
0.12604
0.19252
0.14476
0.27544
0.26944
0.26080
0.22004
0.21699
0.24663
0.23700
0.13422
0.29698
0.32075
0.35434
0.28257
0.31510
0.24465
0.24717
0.27740
0.24393
0.27918
0.19219
0.21701
0.19947
0.24501
0.14371
0.16841
0.23094
0.21645
0.26878
0.18592
0.22617
0.23006
0.28347
0.24865
0.24212
0.21930
0.31346
0.19125
0.18606
0.31536
0.17022
0.25360
0.17344
0.18488
0.24900
0.19378
0.25184
0.34083
0.22232
0.19616
0.27914
0.24269
0.21103
0.16223
0.18319
0.16974
0.14799
0.25258
0.23466
0.12497
0.27787
0.20944
0.20702
0.20585
0.21743
0.28020
0.24017
0.26599
0.34054
0.19585
0.27258
0.32512
0.29730
0.30177
0.27808
0.25779
0.33958
0.27897
0.26841
0.24094
0.24296
0.30419
0.20701
0.36907
0.29242
0.24033
0.24235
0.25771
0.23130
0.36151
0.31034
0.24703
0.30626
0.31844
0.22709
0.25947
0.28308
0.29002
0.24400
0.25685
0.29382
0.28724
0.27071
0.22128
0.32129
0.26419
0.23870
0.32985
0.21354
0.32416
0.35313
0.31960
0.30708
0.30094
0.26173
0.26235
0.27471
0.32668
0.23769
0.26942
0.32075
0.25717
0.26193
0.31811
0.19434
0.32163
0.28419
0.25614
0.28383
0.26726
0.26362
0.21196
0.29447
0.33921
0.15571
0.28218
0.23946
0.19149
0.22488
0.37460
0.31945
0.32281
0.17798
0.34177
0.28448
0.29690
0.35914
0.28924
0.28020
0.29696
0.24055
0.28693
0.19765
0.33911
0.26995
0.23570
0.15890
0.35165
0.20993
0.26422
0.30205
0.26848
0.33389
0.31260
0.20940
0.31538
0.29614
0.15143
0.21984
0.29517
0.19921
0.18505
0.16913
0.28040
0.33169
0.28216
0.25654
0.24437
0.27515
0.23222
0.29498
0.29827
0.28673
0.22862
0.28748
0.25637
0.24053
0.20304
0.37733
0.26493
0.24315
0.31814
0.26910
0.25065
0.37447
0.28627
0.25292
0.28769
0.21904
0.29144
0.31663
0.28715
0.28455
0.24299
0.16995
0.33452
0.23709
0.30481
0.24985
0.26505
0.30564
0.26866
0.20696
0.24576
0.29278
0.21484
0.23765
0.21699
0.24539
0.23536
0.23397
0.21080
0.32165
0.29378
0.30482
0.25984
0.24557
0.30482
0.23788
0.21477
0.24573
0.26583
0.29568
0.17664
0.20577
0.28295
0.25768
0.23767
0.17098
0.24821
0.25677
0.24000
0.26696
0.24482
0.30021
0.19299
0.25306
0.26694
0.28706
0.20412
0.30709
0.27454
0.27683
0.40568
0.20811
0.28820
0.25906
0.32563
0.29492
0.27255
0.28254
0.29330
0.27288
0.21367
0.33343
0.26430
0.24202
0.26040
0.27223
0.33965
0.27032
0.23752
0.24784
0.31988
0.22300
0.29560
0.23313
0.25411
0.30147
0.27482
0.21717
0.25519
0.24802
0.32583
0.22494
0.33406
0.24517
0.23798
0.26019
0.25611
0.29590
0.16081
0.25210
0.29737
0.32406
0.25832
0.27065
0.30252
0.27739
0.26622
0.23469
0.28011
0.29304
0.26207
0.24446
0.19306
0.28710
0.31084
0.27539
0.26873
0.22217
0.31176
0.30119
0.21856
0.23818
0.26913
0.28281
0.29961
0.28856
0.22718
0.34203
0.33371
0.16885
0.25547
0.28289
0.28696
0.27510
0.33001
0.30331
0.23479
0.20434
0.19953
0.25226
0.26954
0.33537
0.28560
0.30095
0.27975
0.25124
0.26792
0.26658
0.27202
0.18833
0.29835
0.22450
0.24333
0.29933
0.32320
0.24852
0.25954
0.28354
0.27906
0.31046
0.32264
0.28800
0.24818
0.22617
0.31120
0.31272
0.14978
0.28781
0.21206
0.25131
0.25229
0.24697
0.28617
0.23617
0.27619
0.23384
0.26175
0.24334
0.31482
0.26805
0.27085
0.21006
0.25841
0.26419
0.24481
0.25119
0.32306
0.27570
0.35314
0.25001
0.27161
0.29388
0.26404
0.23600
0.29351
0.20344
0.30807
0.26581
0.32475
0.26164
0.27926
0.33838
0.28000
0.26837
0.25550
0.22284
0.23957
0.25946
0.25104
0.31549
0.28289
0.24194
0.31116
0.36410
0.30935
0.29440
0.29688
0.27016
0.29453
0.33150
0.27984
0.28651
0.30710
0.29866
0.27784
0.31121
0.38199
0.23974
0.27599
0.31302
0.25526
0.30504
0.35267
0.24812
0.25571
0.34242
0.22172
0.29197
0.29320
0.29176
0.25412
0.26061
0.25718
0.28366
0.26674
0.31755
0.32075
0.23227
0.29428
0.29808
0.27277
0.27407
0.25517
0.16596
0.30823
0.32984
0.35789
0.33428
0.29991
0.40755
0.40797
0.27494
0.21220
0.30575
0.39844
0.29305
0.20276
0.30855
0.32638
0.26157
0.24054
0.33036
0.25867
0.28646
0.24576
0.33510
0.33854
0.41434
0.32124
0.31201
0.25942
0.40360
0.30575
0.30549
0.31655
0.36309
0.28933
0.20878
0.32089
0.46389
0.25534
0.41538
0.39829
0.22902
0.28124
0.34892
0.31064
0.27699
0.25395
0.26464
0.23811
0.30841
0.29982
0.28456
0.30825
0.37346
0.26096
0.28940
0.26274
0.20339
0.26187
0.40666
0.24208
0.12807
0.33121
0.17788
0.20261
0.39095
0.17252
0.21059
0.23937
0.25998
0.25038
0.46959
0.19820
0.33400
0.40923
0.22865
0.26781
0.25800
0.27795
0.20258
0.34679
0.19245
0.35452
0.33625
0.24957
0.23152
0.23914
0.35099
0.29774
0.21213
0.36086
0.45338
0.31530
0.29727
0.36396
0.40823
0.22459
0.29023
0.27039
0.35772
0.21836
0.26243
0.25228
0.34097
0.27080
0.24805
0.27760
0.29548
0.38857
0.24288
0.27637
0.33039
0.29958
0.28045
0.26763
0.40586
0.29058
0.30233
0.27000
0.31124
0.34108
0.26398
0.29154
0.24838
0.34734
0.27658
0.22333
0.31044
0.32289
0.25188
0.27409
0.18369
0.31000
0.21833
0.21408
0.16422
0.27422
0.24913
0.29511
0.19717
0.25377
0.29209
0.26981
0.22377
0.15579
0.17413
0.30873
0.22993
0.15409
0.28266
0.18813
0.21903
0.18757
0.24036
0.22157
0.21090
0.26666
0.27752
0.18638
0.22240
0.27523
0.17647
0.27804
0.15867
0.19448
0.14971
0.20586
0.30479
0.20371
0.21454
0.19267
0.31723
0.10662
0.19430
0.19385
0.15177
0.30747
0.13408
0.19526
0.22421
0.29012
0.24122
0.26645
0.24288
0.15950
0.31538
0.16096
0.11353
0.23758
0.19370
0.31764
0.20505
0.21084
0.19547
0.20483
0.29198
0.24784
0.19652
0.16006
0.19269
0.17926
0.20692
0.22257
0.24452
0.28823
0.17651
0.20058
0.25843
0.26226
0.22649
0.23313
0.29115
0.19357
0.17907
0.25247
0.13918
0.19473
0.21870
0.24211
0.21439
0.32632
0.26568
0.29815
0.17812
0.21962
0.18203
0.13534
0.23450
0.24487
0.17988
0.19420
0.22711
0.28234
0.25740
0.14279
0.16340
0.19097
0.24367
0.25594
0.28519
0.21812
0.25978
0.25268
0.21653
0.22681
0.22747
0.16894
0.18405
0.24425
0.20151
0.16331
0.25446
0.25294
0.19034
0.17994
0.12775
0.20985
0.19110
0.31515
