0.11980
0.10170
0.06851
0.24326
0.08170
0.15078
0.23915
0.13400
0.17041
0.07757
0.20755
0.13264
0.16793
0.14205
0.14273
0.22464
0.11407
0.11113
0.05791
0.13445
0.29788
0.15487
0.12925
0.07864
0.23642
0.14901
0.12050
0.26198
0.08010
0.18969
0.18749
0.23920
0.12605
0.09218
0.11689
0.09935
0.12869
0.08684
0.13488
0.17003
0.28754
0.26452
0.11166
0.14752
0.26991
0.23130
0.18020
0.26675
0.17851
0.16414
0.09571
0.16606
0.15725
0.28721
0.09051
0.25262
0.21851
0.12934
0.12481
0.07602
0.24732
0.27806
0.12875
0.23246
0.27646
0.33146
0.06103
0.13748
0.09184
0.04501
0.12294
0.30546
0.32146
0.19788
0.26619
0.15229
0.13577
0.04274
0.22990
0.15876
0.33346
0.14668
0.33710
0.28720
0.29782
0.33233
0.09861
0.08844
0.13260
0.26405
0.33244
0.21073
0.09066
0.26811
0.04192
0.19057
0.24765
0.20571
0.21679
0.14944
0.09298
0.19018
0.11773
0.11078
0.19007
0.29213
0.16900
0.19523
0.20552
0.28552
0.05408
0.26117
0.11190
0.19779
0.10668
0.21392
0.26211
0.05745
0.05988
0.15481
0.25567
0.10359
0.25305
0.02744
0.10929
0.17551
0.29061
0.26349
0.18880
0.25159
0.09525
0.10377
0.29420
0.33642
0.10973
0.15442
0.04617
0.29858
0.22833
0.07836
0.17489
0.02416
0.30131
0.18697
0.13496
0.22195
0.10485
0.34530
0.20301
0.09360
0.14834
0.25166
0.12142
0.32236
0.30957
0.32844
0.12273
0.13706
0.14503
0.16459
0.23419
0.26243
0.28370
0.31657
0.08847
0.12210
0.30899
0.31226
0.08109
0.27956
0.05537
0.24726
0.26513
0.03577
0.09368
0.21404
0.08910
0.09777
0.18395
0.26203
0.09075
0.09802
0.21091
0.13107
0.10525
0.12804
0.19540
0.22484
0.26365
0.21883
0.14375
0.07512
0.07599
0.19314
0.15730
0.25132
0.21135
0.19446
0.06446
0.28581
0.25391
0.06767
0.18550
0.15649
0.07270
0.28395
0.12367
0.19756
0.26372
0.08424
0.24648
0.23912
0.11621
0.25480
0.27121
0.26117
0.12405
0.26711
0.20343
0.35865
0.11065
0.22410
0.13069
0.10138
0.07838
0.05289
0.17980
0.19998
0.17125
0.06060
0.21627
0.16027
0.25488
0.12977
0.06420
0.29693
0.11342
0.05393
0.10409
0.26984
0.06226
0.27642
0.10172
0.10774
0.15129
0.23272
0.11165
0.05156
0.09218
0.09733
0.09996
0.11798
0.10996
0.30856
0.14325
0.15904
0.20434
0.09614
0.05253
0.13394
0.18394
0.17589
0.21404
0.21345
0.14339
0.24512
0.29573
0.09124
0.19669
0.05939
0.13401
0.11741
0.06172
0.03561
0.34997
0.14464
0.06537
0.17669
0.17800
0.06820
0.12867
0.34227
0.11331
0.06507
0.31667
0.11813
0.20344
0.19341
0.18781
0.15225
0.11205
0.08705
0.19226
0.25443
0.17818
0.09489
0.24032
0.14483
0.19063
0.15230
0.31281
0.30296
0.26054
0.17521
0.15752
0.29843
0.29801
0.33146
0.04656
0.28796
0.10108
0.30970
0.13740
0.09937
0.13197
0.13094
0.10340
0.19033
0.22287
0.07528
0.09533
0.06675
0.27883
0.15887
0.24250
0.16995
0.24507
0.25256
0.16364
0.08216
0.25137
0.26085
0.36191
0.20578
0.33321
0.23232
0.22630
0.28762
0.27074
0.27498
0.04382
0.08742
0.15559
0.23867
0.06480
0.06998
0.17562
0.14684
0.21024
0.13725
0.15841
0.11017
0.27067
0.27408
0.25284
0.21454
0.33091
0.13305
0.16001
0.32324
0.08313
0.22754
0.08266
0.06351
0.21541
0.06280
0.25613
0.33519
0.07078
0.11102
0.14693
0.24375
0.09581
0.05159
0.08330
0.05927
0.06626
0.09308
0.19705
0.07834
0.28886
0.20270
0.18699
0.09332
0.21600
0.30069
0.20495
0.25472
0.35769
0.15861
0.29510
0.30904
0.28003
0.30796
0.28553
0.24654
0.36136
0.24987
0.24393
0.22980
0.22559
0.28735
0.17009
0.36912
0.33150
0.27131
0.25389
0.22019
0.23299
0.33474
0.27458
0.23688
0.32339
0.34219
0.22298
0.24774
0.32217
0.26326
0.24326
0.25550
0.28462
0.30603
0.25197
0.20205
0.35139
0.24218
0.24598
0.31311
0.18524
0.30861
0.35706
0.29700
0.29971
0.29215
0.27246
0.22529
0.26801
0.33360
0.22585
0.28684
0.32175
0.26303
0.24385
0.28101
0.17490
0.30594
0.25914
0.28634
0.31621
0.29863
0.25959
0.17536
0.29293
0.36063
0.10847
0.27923
0.22046
0.19352
0.18057
0.34692
0.29280
0.33752
0.16979
0.35688
0.26626
0.28414
0.37038
0.32042
0.28513
0.29132
0.23414
0.28011
0.16274
0.35744
0.28210
0.24074
0.15794
0.32533
0.17442
0.27127
0.29563
0.25444
0.35065
0.33209
0.23029
0.32173
0.31742
0.15383
0.18274
0.26700
0.16654
0.19617
0.15694
0.30952
0.34838
0.26363
0.25450
0.23294
0.29187
0.23441
0.29097
0.25236
0.26134
0.19377
0.27695
0.27968
0.23430
0.15107
0.34606
0.29496
0.19385
0.29161
0.31983
0.26151
0.34960
0.31789
0.20931
0.27043
0.19371
0.28120
0.31009
0.28136
0.27818
0.22897
0.15324
0.29159
0.19891
0.27450
0.22604
0.26858
0.30140
0.30248
0.19140
0.23653
0.28302
0.20991
0.28519
0.17978
0.21104
0.20921
0.22094
0.18697
0.30634
0.32227
0.32514
0.21655
0.21549
0.32007
0.18232
0.20637
0.21661
0.31299
0.29168
0.16981
0.16003
0.26505
0.26889
0.20074
0.14377
0.23264
0.28467
0.22722
0.22596
0.24096
0.29927
0.16026
0.24554
0.27297
0.27145
0.18941
0.26016
0.27409
0.23919
0.37133
0.18594
0.29323
0.22091
0.35592
0.32621
0.24228
0.26710
0.27794
0.26979
0.19830
0.30053
0.27277
0.25471
0.28469
0.26912
0.33696
0.22513
0.29188
0.23086
0.34830
0.23063
0.29526
0.21849
0.27020
0.28558
0.25150
0.21178
0.22339
0.23500
0.31610
0.19064
0.32685
0.22351
0.25713
0.30109
0.29271
0.29761
0.13916
0.20730
0.32780
0.32892
0.24407
0.26871
0.28689
0.26843
0.22576
0.20978
0.30811
0.28846
0.25928
0.25692
0.19021
0.29040
0.31221
0.23648
0.25262
0.19982
0.33284
0.27419
0.18064
0.17644
0.28453
0.29420
0.28572
0.26741
0.25077
0.34900
0.34906
0.14012
0.21644
0.32956
0.27138
0.25996
0.30419
0.34679
0.20000
0.20386
0.18020
0.23084
0.27598
0.35690
0.28747
0.27148
0.27610
0.21998
0.27068
0.30278
0.28565
0.16454
0.33288
0.22677
0.23305
0.34072
0.29504
0.24200
0.25685
0.23923
0.29310
0.32996
0.34598
0.24321
0.28696
0.19057
0.30068
0.31462
0.11725
0.25936
0.17991
0.23829
0.26126
0.21135
0.26989
0.24903
0.26844
0.22094
0.23725
0.25799
0.34298
0.28093
0.25806
0.17764
0.30867
0.24534
0.22714
0.19281
0.34559
0.28795
0.31228
0.25862
0.22002
0.26563
0.26836
0.24389
0.26651
0.15698
0.31761
0.26825
0.34171
0.29691
0.31401
0.35072
0.27488
0.23985
0.28066
0.12461
0.17683
0.28029
0.19507
0.28704
0.31602
0.27758
0.31459
0.38457
0.31968
0.33381
0.27285
0.31095
0.29540
0.35897
0.24618
0.27142
0.31761
0.32534
0.28522
0.32752
0.38853
0.21564
0.23638
0.32895
0.21724
0.32064
0.31728
0.23269
0.21438
0.34666
0.23546
0.26245
0.32623
0.29650
0.24971
0.23428
0.24386
0.26134
0.29036
0.31017
0.28641
0.24083
0.28449
0.27107
0.28392
0.26516
0.27340
0.10394
0.31173
0.30815
0.35806
0.31166
0.31165
0.40636
0.40205
0.26306
0.18421
0.28877
0.39058
0.28012
0.23304
0.29918
0.32962
0.22486
0.21023
0.33366
0.23789
0.28053
0.23734
0.33493
0.34138
0.41533
0.26218
0.30078
0.26346
0.39596
0.30110
0.27503
0.31152
0.32780
0.27114
0.19028
0.30632
0.45730
0.25069
0.42719
0.40163
0.18535
0.29779
0.36018
0.30587
0.29053
0.23706
0.27098
0.21035
0.27763
0.30574
0.29306
0.30581
0.38651
0.29108
0.26572
0.23770
0.16342
0.24751
0.39986
0.25403
0.14408
0.31716
0.09314
0.19417
0.41607
0.15887
0.28218
0.19079
0.28350
0.23087
0.43051
0.19412
0.31896
0.38499
0.22652
0.27831
0.23858
0.24920
0.19772
0.36380
0.16143
0.34658
0.33688
0.24207
0.24632
0.20544
0.32769
0.26706
0.22634
0.36063
0.41432
0.32217
0.28589
0.38003
0.39098
0.19178
0.26066
0.28042
0.39189
0.23291
0.19636
0.21701
0.34651
0.27309
0.26389
0.25352
0.34178
0.36841
0.22112
0.28141
0.34901
0.30364
0.28915
0.23327
0.37785
0.28082
0.29752
0.28064
0.30986
0.32389
0.25690
0.31153
0.24711
0.33461
0.23865
0.25215
0.31856
0.29205
0.23040
0.27453
0.22236
0.29083
0.20796
0.05836
0.11181
0.12899
0.24010
0.29676
0.20703
0.24368
0.36011
0.20751
0.06529
0.21550
0.02842
0.32186
0.24865
0.19791
0.28168
0.04351
0.14788
0.21228
0.19919
0.15755
0.13762
0.22317
0.30690
0.18644
0.21957
0.29252
0.05777
0.31191
0.23326
0.06018
0.08347
0.16363
0.27370
0.15675
0.23570
0.21436
0.29490
0.06220
0.05244
0.09507
0.07452
0.29662
0.16579
0.15433
0.13948
0.32794
0.20905
0.28362
0.20350
0.05616
0.23561
0.04820
0.03570
0.25399
0.19824
0.26657
0.05427
0.05066
0.21244
0.20448
0.29089
0.25840
0.03538
0.06168
0.17536
0.22668
0.19913
0.18526
0.08373
0.26278
0.21382
0.10654
0.27478
0.29921
0.11609
0.11349
0.17521
0.08042
0.04130
0.25166
0.17634
0.22813
0.22345
0.27746
0.20198
0.32634
0.27423
0.25438
0.14122
0.23618
0.20690
0.06067
0.26273
0.07918
0.05494
0.19063
0.26436
0.29447
0.29278
0.11408
0.07781
0.11892
0.22886
0.23222
0.26543
0.08084
0.11313
0.29077
0.16999
0.19912
0.07966
0.06810
0.08139
0.14675
0.02336
0.11877
0.24294
0.30420
0.09977
0.10218
0.02081
0.10362
0.11220
0.27821
