0.10871
0.10668
0.04774
0.25723
0.07700
0.14597
0.19897
0.15790
0.16795
0.07045
0.20377
0.11633
0.16932
0.12569
0.14820
0.24340
0.13924
0.13242
0.08234
0.13295
0.28995
0.13974
0.17788
0.07382
0.19728
0.15121
0.11597
0.26644
0.14942
0.19488
0.15599
0.26259
0.14630
0.12716
0.11812
0.10119
0.12013
0.08239
0.16512
0.18174
0.30859
0.26188
0.11748
0.13809
0.26171
0.23178
0.19306
0.24279
0.20489
0.16232
0.10967
0.13850
0.16113
0.30159
0.08957
0.21721
0.19294
0.12032
0.10066
0.10572
0.29183
0.28052
0.08271
0.17049
0.27109
0.33230
0.06723
0.17122
0.15167
0.02794
0.13950
0.31189
0.31533
0.23226
0.24379
0.13155
0.12574
0.06401
0.20606
0.14905
0.29797
0.17983
0.30088
0.24684
0.22921
0.37494
0.09012
0.13338
0.17283
0.26906
0.31623
0.12830
0.06931
0.25977
0.10513
0.19708
0.23360
0.23302
0.20936
0.14560
0.10021
0.19901
0.15129
0.10989
0.23669
0.28939
0.16567
0.17380
0.15303
0.28154
0.04852
0.25896
0.08356
0.22540
0.12893
0.17438
0.26712
0.06302
0.09292
0.19174
0.25442
0.10309
0.26009
0.02876
0.13111
0.15913
0.27662
0.25813
0.15154
0.25309
0.11897
0.08125
0.29903
0.33043
0.11888
0.16768
0.07076
0.29798
0.25109
0.04581
0.18011
0.05111
0.30466
0.20444
0.15440
0.27265
0.12282
0.37158
0.19308
0.10217
0.19584
0.26553
0.10654
0.30051
0.27904
0.32186
0.12528
0.16161
0.14253
0.24579
0.29278
0.27296
0.26346
0.31678
0.09774
0.15575
0.32204
0.24856
0.08440
0.21640
0.05271
0.22719
0.21642
0.07050
0.08753
0.20502
0.05812
0.08032
0.18361
0.26260
0.11324
0.10811
0.21546
0.16886
0.09121
0.23658
0.23159
0.24805
0.25614
0.17220
0.12309
0.05858
0.06655
0.14155
0.15725
0.24253
0.21520
0.15072
0.10385
0.28200
0.22738
0.07901
0.21608
0.17708
0.05428
0.23321
0.10583
0.21752
0.24566
0.11312
0.27211
0.22894
0.11595
0.27384
0.26739
0.25156
0.13770
0.32928
0.21815
0.32915
0.14990
0.19828
0.12888
0.07110
0.10881
0.05731
0.17670
0.24425
0.15279
0.10118
0.26913
0.13309
0.21875
0.13860
0.02997
0.23303
0.10952
0.05426
0.09758
0.28286
0.08027
0.26363
0.11487
0.11381
0.18346
0.22506
0.11520
0.06536
0.16098
0.10920
0.13123
0.10663
0.10400
0.27015
0.13512
0.16838
0.17888
0.11206
0.04930
0.13920
0.21137
0.12311
0.20381
0.16041
0.12288
0.25989
0.26455
0.10460
0.17376
0.05861
0.08920
0.11856
0.07449
0.07150
0.35796
0.14382
0.09840
0.19515
0.17864
0.07297
0.14592
0.30620
0.14766
0.08237
0.29049
0.11365
0.18800
0.21297
0.18115
0.19457
0.07601
0.09563
0.17798
0.22956
0.18828
0.10225
0.15011
0.14859
0.18759
0.14777
0.31598
0.25719
0.25272
0.18043
0.13113
0.26864
0.32373
0.31952
0.03651
0.27900
0.13583
0.30454
0.15507
0.15597
0.14820
0.10213
0.10704
0.17763
0.23593
0.05330
0.05970
0.08653
0.27673
0.22421
0.25872
0.20998
0.25723
0.25231
0.12857
0.07370
0.28264
0.29080
0.35451
0.29100
0.32682
0.20920
0.25926
0.26929
0.26868
0.28106
0.06002
0.11598
0.12745
0.22142
0.03567
0.07396
0.21421
0.09626
0.23119
0.11342
0.18262
0.11260
0.29782
0.25775
0.27319
0.19623
0.28975
0.14457
0.16854
0.30578
0.10116
0.21507
0.06551
0.07029
0.23993
0.08276
0.22915
0.33309
0.09059
0.07368
0.14508
0.25140
0.11980
0.10805
0.07783
0.06155
0.06827
0.13401
0.21622
0.10528
0.28616
0.15296
0.20237
0.13908
0.17207
0.28527
0.20606
0.28957
0.32581
0.19236
0.27347
0.29926
0.30379
0.32777
0.27607
0.25489
0.33617
0.27152
0.21979
0.26239
0.20588
0.30639
0.19500
0.35777
0.30907
0.26046
0.26980
0.25739
0.26996
0.34810
0.30226
0.24892
0.29345
0.31548
0.23437
0.26415
0.30801
0.25598
0.21688
0.24139
0.29781
0.30538
0.27475
0.22915
0.33787
0.28225
0.25324
0.32655
0.19856
0.30938
0.32775
0.29744
0.31453
0.31765
0.28734
0.23265
0.29654
0.31997
0.22810
0.28700
0.28645
0.24838
0.27920
0.28817
0.21269
0.32281
0.26865
0.26986
0.28889
0.27308
0.28317
0.17927
0.25752
0.35760
0.12995
0.28673
0.25787
0.18523
0.20990
0.35355
0.30154
0.30840
0.17864
0.31971
0.27824
0.25538
0.36048
0.27256
0.31973
0.29623
0.24361
0.27923
0.18489
0.33672
0.30919
0.27537
0.17739
0.30435
0.21028
0.25137
0.27908
0.23731
0.33150
0.31361
0.21289
0.32373
0.31627
0.17238
0.19913
0.29972
0.19671
0.19869
0.17948
0.31633
0.33939
0.28959
0.28074
0.23984
0.30979
0.20695
0.31307
0.28618
0.29120
0.22627
0.27966
0.28702
0.20328
0.16971
0.35639
0.27490
0.19095
0.30943
0.30474
0.24249
0.34848
0.29368
0.21324
0.30304
0.19323
0.28508
0.31218
0.27810
0.28147
0.24637
0.18687
0.32737
0.22806
0.30501
0.23100
0.29038
0.32969
0.28218
0.18030
0.24040
0.26771
0.17954
0.31123
0.18701
0.26242
0.26099
0.22665
0.21021
0.30106
0.30509
0.30789
0.26113
0.23449
0.32668
0.18622
0.23914
0.25431
0.29518
0.31569
0.16072
0.18319
0.29036
0.28046
0.22500
0.17785
0.21982
0.25864
0.23771
0.25398
0.26701
0.32470
0.16670
0.28590
0.26703
0.28393
0.17328
0.29753
0.28097
0.25691
0.37377
0.20056
0.31095
0.22384
0.35087
0.29857
0.28065
0.25447
0.29795
0.26416
0.18428
0.29463
0.30173
0.27847
0.27079
0.26761
0.32863
0.24391
0.28873
0.24224
0.31800
0.24603
0.29660
0.24006
0.26861
0.28206
0.27282
0.22336
0.26895
0.26027
0.31069
0.23276
0.30243
0.24330
0.28727
0.27357
0.26856
0.29107
0.16056
0.24835
0.30345
0.28671
0.26112
0.29848
0.29772
0.24086
0.25436
0.24134
0.28851
0.28123
0.28605
0.25047
0.18545
0.30416
0.28329
0.24449
0.27659
0.25329
0.34352
0.29854
0.20778
0.21313
0.26743
0.26928
0.31398
0.28237
0.26777
0.33489
0.31929
0.15464
0.24845
0.31404
0.28437
0.27985
0.30299
0.31578
0.24897
0.22374
0.20993
0.27153
0.29291
0.33908
0.31296
0.26781
0.30789
0.22557
0.26892
0.29156
0.26891
0.18513
0.31535
0.24788
0.22376
0.33521
0.29826
0.28721
0.22098
0.25721
0.27596
0.33981
0.31904
0.23744
0.26434
0.18566
0.32554
0.30825
0.12263
0.27375
0.21389
0.24253
0.28404
0.22981
0.28005
0.23197
0.28161
0.20318
0.22790
0.25545
0.31634
0.28678
0.27595
0.21268
0.29151
0.26179
0.22869
0.20011
0.32882
0.27125
0.33245
0.27830
0.26067
0.28518
0.25560
0.26326
0.27383
0.20310
0.29520
0.25473
0.32813
0.26454
0.28118
0.32835
0.25172
0.26924
0.30418
0.18739
0.22142
0.30793
0.22554
0.31585
0.29710
0.28795
0.34212
0.37658
0.28634
0.34348
0.26782
0.30546
0.28033
0.34432
0.24375
0.27410
0.32223
0.30033
0.30298
0.31706
0.35794
0.23143
0.26294
0.29961
0.24327
0.31028
0.33324
0.24648
0.25904
0.32834
0.23104
0.28839
0.30326
0.27363
0.27727
0.25208
0.27321
0.27844
0.28965
0.32626
0.29205
0.27283
0.31100
0.27677
0.31244
0.28816
0.29265
0.13712
0.32480
0.32733
0.35082
0.33021
0.30998
0.40398
0.40379
0.29018
0.16923
0.32170
0.36071
0.28655
0.21136
0.32134
0.35085
0.26293
0.26777
0.33113
0.25594
0.25581
0.25426
0.34647
0.35152
0.40115
0.28586
0.31975
0.28467
0.39430
0.26667
0.30460
0.31128
0.35149
0.29038
0.19500
0.29504
0.45151
0.24723
0.39461
0.42169
0.20636
0.31267
0.38621
0.31818
0.27252
0.25316
0.29854
0.24763
0.29635
0.31655
0.31355
0.27195
0.38574
0.28948
0.30128
0.25398
0.22934
0.26965
0.39984
0.21561
0.11371
0.33391
0.16081
0.21412
0.39982
0.17012
0.20872
0.22905
0.29478
0.23852
0.44990
0.20680
0.33473
0.40075
0.27140
0.21892
0.27203
0.24984
0.22227
0.36140
0.16335
0.37473
0.36140
0.28139
0.26612
0.24974
0.34757
0.28519
0.20634
0.30847
0.42795
0.33215
0.29128
0.37826
0.36643
0.23824
0.25812
0.29120
0.38762
0.21477
0.24626
0.24334
0.37740
0.29734
0.26937
0.26897
0.34019
0.36016
0.25045
0.31092
0.36608
0.29307
0.31066
0.26698
0.39546
0.29260
0.22387
0.29412
0.31336
0.33102
0.28941
0.31135
0.23181
0.35558
0.27627
0.24670
0.32923
0.32966
0.24650
0.30134
0.18067
0.29824
0.21774
0.02737
0.19409
0.20626
0.19029
0.23447
0.17692
0.26659
0.30513
0.20944
0.06576
0.23042
0.06691
0.28904
0.24988
0.16487
0.31127
0.06557
0.11869
0.15963
0.17421
0.07444
0.13934
0.19880
0.25943
0.18470
0.20929
0.28548
0.07335
0.29883
0.24067
0.08896
0.11463
0.11051
0.32005
0.12594
0.26042
0.18680
0.26932
0.02765
0.05820
0.07044
0.10215
0.25104
0.15825
0.17828
0.15302
0.27399
0.21231
0.29631
0.21741
0.04937
0.28590
0.11280
0.11741
0.19389
0.19740
0.30591
0.05744
0.11572
0.20661
0.19620
0.29150
0.26139
0.03475
0.10735
0.14054
0.19459
0.18689
0.21327
0.08365
0.23037
0.14368
0.10339
0.26459
0.26241
0.10382
0.15300
0.18471
0.04790
0.05915
0.19833
0.13179
0.18617
0.25681
0.27383
0.20580
0.32475
0.24763
0.28162
0.18413
0.20345
0.13290
0.08088
0.23789
0.10607
0.09972
0.18777
0.23789
0.27806
0.25429
0.02625
0.03834
0.09553
0.13683
0.25606
0.28979
0.18072
0.23821
0.26849
0.11368
0.25187
0.17451
0.06051
0.04294
0.13469
0.13040
0.04824
0.20807
0.29536
0.18595
0.11377
0.06459
0.11662
0.12645
0.21938
