0.08984
0.09217
0.07039
0.24799
0.12323
0.12983
0.20686
0.14394
0.14489
0.07420
0.20108
0.12710
0.14564
0.11125
0.07356
0.23496
0.15547
0.15055
0.05203
0.14134
0.27556
0.10487
0.14341
0.04371
0.23135
0.14949
0.13137
0.25047
0.08133
0.13570
0.11404
0.23159
0.12881
0.10145
0.08943
0.09236
0.16522
0.08334
0.12302
0.16000
0.28459
0.24134
0.12603
0.14589
0.27357
0.24326
0.17587
0.22343
0.18654
0.13218
0.09501
0.11496
0.14935
0.27329
0.08640
0.22339
0.19129
0.12326
0.16264
0.06433
0.26914
0.30324
0.14336
0.21257
0.28265
0.30548
0.03252
0.13821
0.07017
0.04124
0.13459
0.32326
0.24937
0.17263
0.24156
0.07785
0.06663
0.02468
0.24352
0.14966
0.31521
0.15868
0.32336
0.26847
0.26046
0.37429
0.09092
0.08650
0.12311
0.25449
0.34905
0.15008
0.08659
0.25227
0.08268
0.12935
0.21385
0.21379
0.21693
0.16345
0.09285
0.19072
0.10355
0.10348
0.24757
0.29893
0.14281
0.15711
0.19109
0.28481
0.04952
0.28825
0.08979
0.24699
0.10831
0.12901
0.26515
0.03045
0.06659
0.17713
0.21917
0.07119
0.27935
0.03384
0.09638
0.13892
0.28345
0.25863
0.17738
0.25562
0.11669
0.13004
0.32502
0.34935
0.10218
0.11098
0.08294
0.31241
0.26668
0.03518
0.16125
0.03211
0.31217
0.19758
0.13695
0.23910
0.08405
0.35990
0.15334
0.08525
0.17029
0.24696
0.10562
0.32475
0.29460
0.34433
0.11966
0.17235
0.14297
0.19141
0.27347
0.25219
0.27043
0.31227
0.08934
0.10112
0.27104
0.29313
0.03850
0.17633
0.05389
0.22634
0.21290
0.01612
0.10180
0.23332
0.07264
0.11302
0.15556
0.27153
0.07801
0.10894
0.24478
0.20040
0.09740
0.18935
0.22179
0.28370
0.27345
0.18041
0.10496
0.07114
0.05752
0.14956
0.14557
0.22665
0.23506
0.13897
0.06983
0.28267
0.21684
0.09620
0.17985
0.15242
0.06775
0.21783
0.10975
0.20085
0.27171
0.11139
0.27354
0.25325
0.13112
0.25170
0.25990
0.22057
0.11839
0.28381
0.22062
0.34327
0.10346
0.21797
0.08459
0.06996
0.10658
0.03550
0.18653
0.20775
0.14539
0.08696
0.24666
0.08084
0.22618
0.12027
0.06305
0.24116
0.12050
0.05388
0.10163
0.23285
0.08839
0.29899
0.10854
0.11820
0.15398
0.23592
0.10959
0.04317
0.10937
0.09182
0.10372
0.08833
0.09079
0.24735
0.14466
0.15400
0.19509
0.07328
0.08177
0.13646
0.23211
0.17318
0.20797
0.17869
0.13496
0.24209
0.29305
0.08644
0.12466
0.07751
0.06672
0.11978
0.07994
0.03975
0.38553
0.18995
0.07363
0.18510
0.17322
0.07370
0.15120
0.34662
0.11458
0.09672
0.28304
0.11551
0.19873
0.18885
0.15945
0.13246
0.08514
0.09362
0.18153
0.21900
0.15569
0.09161
0.20537
0.11742
0.17880
0.12901
0.31563
0.26081
0.26410
0.15048
0.12063
0.30178
0.26602
0.33121
0.03791
0.26099
0.11710
0.24903
0.13888
0.09929
0.15395
0.11487
0.09490
0.19935
0.25366
0.07266
0.08690
0.08562
0.28822
0.15701
0.24405
0.12699
0.24618
0.21795
0.14202
0.04220
0.22521
0.26589
0.35747
0.26635
0.32582
0.19977
0.24720
0.30645
0.29505
0.26566
0.07023
0.08049
0.15730
0.22423
0.07304
0.06025
0.19595
0.11541
0.23970
0.15350
0.15167
0.10999
0.27894
0.30231
0.25568
0.22080
0.32231
0.11055
0.11781
0.32464
0.10850
0.20892
0.07556
0.08382
0.22036
0.05506
0.21811
0.30743
0.07140
0.07492
0.13907
0.27275
0.10134
0.05155
0.07809
0.06030
0.07210
0.11138
0.20095
0.05309
0.29168
0.16268
0.17115
0.09455
0.20037
0.29163
0.21197
0.27498
0.35073
0.20843
0.29360
0.29938
0.26387
0.30509
0.26992
0.21401
0.35263
0.21504
0.25768
0.25438
0.22285
0.26760
0.20868
0.37453
0.31646
0.26923
0.25322
0.24678
0.22702
0.34913
0.25755
0.19804
0.32535
0.32785
0.18258
0.24533
0.31860
0.27194
0.25332
0.25458
0.28960
0.31218
0.22292
0.22655
0.34855
0.22953
0.20074
0.29163
0.17048
0.31314
0.35224
0.28508
0.26349
0.27902
0.28112
0.25594
0.25599
0.33358
0.16089
0.24994
0.32723
0.22877
0.29192
0.30049
0.18797
0.25740
0.26624
0.27734
0.30475
0.29074
0.24429
0.18514
0.28862
0.36617
0.16033
0.28534
0.19212
0.17048
0.16338
0.35541
0.30850
0.32434
0.15991
0.35408
0.26746
0.27296
0.36572
0.32054
0.30789
0.27473
0.24146
0.27551
0.20730
0.35118
0.29911
0.20100
0.16743
0.32522
0.22123
0.24926
0.30262
0.25097
0.34658
0.32965
0.20987
0.32542
0.33452
0.17851
0.18465
0.26594
0.18305
0.20081
0.15685
0.28437
0.34457
0.24678
0.26098
0.24793
0.30520
0.21795
0.29470
0.23077
0.26349
0.21327
0.27908
0.28380
0.22608
0.17826
0.35086
0.29599
0.18074
0.28954
0.32273
0.25135
0.35659
0.31196
0.22538
0.27470
0.20166
0.29405
0.30655
0.26354
0.26186
0.21020
0.15622
0.28839
0.22817
0.25964
0.19460
0.26163
0.31620
0.28273
0.21426
0.24443
0.28766
0.20284
0.29130
0.20339
0.23391
0.24833
0.23794
0.20767
0.29888
0.31508
0.32531
0.21095
0.16719
0.32167
0.20605
0.17452
0.18985
0.29981
0.28737
0.19522
0.18927
0.29161
0.26615
0.16575
0.17136
0.22186
0.25576
0.22557
0.25821
0.24412
0.30301
0.19068
0.17784
0.27221
0.25020
0.17940
0.27709
0.25131
0.24835
0.37197
0.18655
0.29189
0.23000
0.36295
0.31006
0.24867
0.26404
0.28135
0.27548
0.19373
0.32019
0.26811
0.24136
0.28535
0.28804
0.34209
0.23677
0.28964
0.23017
0.34145
0.20481
0.26822
0.23089
0.24564
0.26680
0.26271
0.20847
0.25514
0.22981
0.31433
0.21472
0.31321
0.21769
0.25072
0.30269
0.28748
0.27731
0.14314
0.18713
0.33648
0.33045
0.21326
0.25237
0.30167
0.27298
0.18028
0.19620
0.28921
0.27427
0.25702
0.25041
0.21230
0.28696
0.31442
0.25822
0.25769
0.22335
0.33179
0.23042
0.17674
0.20221
0.28317
0.29729
0.29452
0.23415
0.25147
0.35880
0.34713
0.15567
0.23922
0.32610
0.22369
0.27497
0.31699
0.33613
0.22980
0.19162
0.21549
0.26033
0.26241
0.35165
0.28625
0.29757
0.24823
0.23919
0.23903
0.30054
0.27559
0.17000
0.33313
0.20477
0.23867
0.33457
0.30152
0.24146
0.22762
0.24846
0.30023
0.31789
0.34657
0.25074
0.28116
0.20595
0.26313
0.32174
0.13471
0.23682
0.23355
0.21130
0.29298
0.22944
0.26044
0.24835
0.26537
0.21687
0.22996
0.22849
0.34079
0.25150
0.23735
0.21310
0.28188
0.25087
0.22288
0.18732
0.32025
0.29564
0.33083
0.25404
0.20811
0.25705
0.25019
0.25259
0.27613
0.21027
0.31580
0.25066
0.31915
0.28768
0.28587
0.34193
0.25696
0.22138
0.28016
0.19777
0.18728
0.28541
0.18956
0.27312
0.30249
0.25589
0.30097
0.38594
0.29933
0.32955
0.28290
0.31750
0.30251
0.35099
0.21133
0.27126
0.32695
0.32023
0.26132
0.33164
0.37315
0.20748
0.23960
0.30378
0.22253
0.31962
0.32113
0.23092
0.23233
0.34318
0.23336
0.25123
0.31302
0.24922
0.22982
0.19377
0.21913
0.31001
0.28774
0.26622
0.29866
0.22594
0.26555
0.27165
0.30549
0.29752
0.25207
0.14889
0.33615
0.31476
0.35405
0.31571
0.31484
0.38599
0.38603
0.27532
0.21044
0.31060
0.38789
0.29097
0.23442
0.29494
0.35627
0.25369
0.22590
0.34452
0.23272
0.26901
0.23945
0.33274
0.37188
0.43229
0.29596
0.29783
0.26341
0.35744
0.29339
0.25457
0.27682
0.36005
0.24280
0.19697
0.30722
0.44638
0.26675
0.37294
0.39358
0.23097
0.28213
0.33478
0.30108
0.29352
0.25522
0.25341
0.20134
0.28154
0.28707
0.31488
0.29714
0.36852
0.28540
0.27736
0.26387
0.21214
0.24900
0.37893
0.22440
0.15075
0.34618
0.12590
0.19012
0.41129
0.16842
0.25361
0.24156
0.27568
0.25076
0.43000
0.21869
0.32222
0.37258
0.24658
0.24537
0.24292
0.27169
0.21641
0.36346
0.19192
0.36644
0.35689
0.21969
0.24726
0.24705
0.35412
0.30465
0.21667
0.30856
0.40050
0.32789
0.30836
0.34890
0.35666
0.20388
0.28517
0.30253
0.39154
0.21142
0.24460
0.24465
0.36512
0.26989
0.26553
0.25833
0.28923
0.37747
0.25668
0.30160
0.31622
0.30327
0.28227
0.24843
0.38867
0.28584
0.28951
0.27152
0.28459
0.34938
0.27219
0.29302
0.24502
0.35094
0.26068
0.19487
0.31813
0.27823
0.22987
0.27819
0.19071
0.30891
0.19552
0.03727
0.16721
0.14408
0.25237
0.28381
0.21042
0.24377
0.36309
0.15963
0.05508
0.20767
0.06115
0.31294
0.25346
0.18198
0.29865
0.05714
0.13797
0.15595
0.16674
0.08723
0.13553
0.23052
0.27748
0.16470
0.21216
0.28214
0.07455
0.31698
0.22677
0.03520
0.08757
0.09654
0.28959
0.16771
0.23802
0.21812
0.28703
0.03038
0.08212
0.03892
0.07356
0.22553
0.11341
0.14267
0.20259
0.31428
0.17314
0.28182
0.22720
0.06333
0.26245
0.04187
0.05297
0.28186
0.18077
0.19816
0.04105
0.05479
0.20018
0.20174
0.26165
0.25732
0.09266
0.07546
0.18449
0.20978
0.15272
0.15790
0.09464
0.23560
0.20116
0.12829
0.24385
0.28559
0.06617
0.14143
0.18458
0.03907
0.05982
0.22128
0.18554
0.18330
0.26281
0.25312
0.20663
0.31504
0.21737
0.26099
0.15779
0.23286
0.23019
0.05953
0.23608
0.04748
0.02615
0.18170
0.24020
0.23265
0.24978
0.03683
0.07268
0.11238
0.21993
0.23464
0.25490
0.13174
0.15789
0.33204
0.17793
0.20289
0.12213
0.03223
0.04116
0.09965
0.05292
0.07645
0.24207
0.30379
0.10918
0.06817
0.04689
0.07752
0.07827
0.24671
