0.09190
0.10406
0.06832
0.26307
0.07287
0.16820
0.20225
0.13073
0.18163
0.06522
0.18773
0.14341
0.17313
0.11172
0.11134
0.23564
0.13440
0.12115
0.07839
0.14117
0.30652
0.20676
0.17767
0.07387
0.17894
0.15090
0.12120
0.24838
0.12762
0.14798
0.14653
0.24456
0.16752
0.11401
0.13851
0.09942
0.16187
0.07240
0.13725
0.17681
0.30384
0.27048
0.08124
0.13413
0.26627
0.22413
0.13169
0.24134
0.18454
0.14087
0.10309
0.11528
0.17199
0.28569
0.08881
0.23699
0.21373
0.12741
0.12551
0.07987
0.28024
0.27852
0.10839
0.19836
0.26624
0.28770
0.06542
0.16140
0.10914
0.04315
0.14484
0.30712
0.30681
0.21308
0.25226
0.13481
0.11695
0.08651
0.22607
0.15860
0.30719
0.15202
0.33927
0.26315
0.25410
0.34295
0.09601
0.07118
0.16260
0.22783
0.35034
0.20115
0.08640
0.23818
0.04689
0.16529
0.22516
0.21051
0.18968
0.15409
0.10320
0.19551
0.14085
0.12296
0.21363
0.31705
0.17488
0.15416
0.19024
0.28314
0.04200
0.26303
0.09613
0.25636
0.10499
0.13693
0.26262
0.07686
0.05942
0.17051
0.26370
0.08212
0.28823
0.02698
0.08818
0.15014
0.29562
0.26734
0.18870
0.24774
0.10167
0.09649
0.25307
0.31914
0.10838
0.12130
0.06343
0.29165
0.24927
0.06108
0.19465
0.09467
0.27643
0.22189
0.18464
0.23033
0.06517
0.32513
0.19206
0.08914
0.21235
0.23340
0.11372
0.32229
0.29764
0.33156
0.09915
0.12776
0.15439
0.16049
0.28627
0.28189
0.22628
0.34553
0.09264
0.11481
0.28836
0.25282
0.08824
0.23755
0.03412
0.21207
0.24938
0.02914
0.10789
0.21873
0.07953
0.05302
0.23098
0.27766
0.08166
0.11028
0.20286
0.14396
0.10646
0.13459
0.23436
0.23277
0.25606
0.19160
0.15379
0.08712
0.07261
0.15798
0.13398
0.22806
0.20911
0.18365
0.08759
0.29479
0.20868
0.04807
0.16044
0.15174
0.05636
0.21224
0.10857
0.20591
0.25340
0.10257
0.26199
0.21496
0.10961
0.26054
0.24581
0.23310
0.13516
0.23602
0.22849
0.31668
0.11417
0.25306
0.08202
0.07149
0.10570
0.05687
0.18582
0.21569
0.12866
0.05998
0.25660
0.12838
0.21672
0.14144
0.06057
0.29990
0.10933
0.03282
0.11105
0.29111
0.09261
0.28098
0.09908
0.10222
0.15449
0.19971
0.10992
0.06252
0.09349
0.14883
0.10570
0.09955
0.10773
0.25657
0.12774
0.16719
0.21812
0.07236
0.09945
0.12998
0.21448
0.16607
0.20544
0.16440
0.13615
0.27736
0.28773
0.09369
0.21004
0.05177
0.08723
0.14367
0.06238
0.04444
0.36288
0.13086
0.07099
0.23060
0.17865
0.08932
0.11656
0.33128
0.14305
0.08869
0.29672
0.11567
0.17056
0.19787
0.16377
0.20986
0.05824
0.07022
0.17167
0.21976
0.16972
0.09963
0.18899
0.17806
0.20410
0.16832
0.31667
0.27752
0.26168
0.18044
0.14500
0.28742
0.30111
0.32099
0.04732
0.25430
0.15237
0.28778
0.14642
0.09847
0.12747
0.12442
0.08750
0.18936
0.24183
0.06254
0.12403
0.06175
0.27286
0.12635
0.23739
0.19258
0.24395
0.25741
0.13016
0.04707
0.27546
0.28738
0.35916
0.23742
0.31600
0.19953
0.26067
0.28918
0.29704
0.27460
0.06145
0.08294
0.13093
0.24145
0.04815
0.06043
0.18952
0.09498
0.23597
0.07966
0.18512
0.13218
0.29057
0.26510
0.24790
0.19883
0.29697
0.15738
0.15766
0.31293
0.10175
0.18531
0.06876
0.09603
0.18682
0.07122
0.24370
0.32338
0.09655
0.08415
0.14987
0.26344
0.11182
0.06893
0.06446
0.07467
0.07064
0.10991
0.17006
0.08294
0.28972
0.14141
0.18544
0.07629
0.20288
0.29224
0.20185
0.30662
0.35097
0.18458
0.28493
0.30256
0.29839
0.33423
0.28168
0.27638
0.35387
0.26475
0.24416
0.26644
0.24148
0.32056
0.18624
0.37990
0.32229
0.26468
0.27745
0.25264
0.27624
0.35151
0.31120
0.26622
0.31534
0.34783
0.23366
0.28120
0.31277
0.28346
0.25688
0.28279
0.31081
0.30252
0.27293
0.20827
0.34609
0.27357
0.26568
0.32604
0.19749
0.30255
0.36471
0.29813
0.29258
0.32220
0.28507
0.24289
0.30489
0.31967
0.24447
0.29053
0.30664
0.25900
0.28978
0.31009
0.18297
0.32492
0.26171
0.27966
0.32870
0.29434
0.28312
0.17329
0.28444
0.36750
0.15199
0.29098
0.21974
0.19484
0.21406
0.36894
0.31256
0.31668
0.18398
0.35656
0.25871
0.27506
0.36226
0.31048
0.30033
0.30174
0.24820
0.26988
0.19301
0.36522
0.31247
0.24203
0.19122
0.32336
0.21402
0.27417
0.29190
0.27138
0.35754
0.31763
0.21729
0.33643
0.32050
0.18199
0.18025
0.30567
0.19681
0.19284
0.16699
0.30365
0.34452
0.30332
0.28090
0.24373
0.31781
0.22820
0.31204
0.27649
0.28721
0.20121
0.27732
0.30259
0.21053
0.18103
0.34589
0.29986
0.20717
0.29869
0.31941
0.26864
0.35587
0.31467
0.22689
0.27212
0.18930
0.28072
0.31941
0.27961
0.27520
0.22957
0.19938
0.31040
0.25264
0.30597
0.22052
0.29093
0.32749
0.29000
0.19215
0.23586
0.29310
0.22122
0.31030
0.20084
0.24737
0.22260
0.22456
0.22919
0.31830
0.31103
0.34001
0.27053
0.22587
0.31366
0.21510
0.22134
0.23520
0.31038
0.31316
0.17634
0.19302
0.28074
0.29425
0.22468
0.16701
0.23400
0.27214
0.21850
0.25818
0.26814
0.33407
0.18081
0.26914
0.27420
0.27923
0.21946
0.31997
0.29170
0.26194
0.38154
0.20271
0.31230
0.21848
0.36342
0.31367
0.28218
0.28627
0.30254
0.25694
0.20183
0.31002
0.28348
0.27383
0.28526
0.28113
0.33318
0.25263
0.29442
0.24694
0.34057
0.26076
0.27692
0.23445
0.27812
0.27518
0.25578
0.22207
0.26710
0.24251
0.31229
0.21378
0.31992
0.24741
0.28196
0.28588
0.29637
0.29936
0.15647
0.23166
0.32872
0.31936
0.27842
0.29723
0.29162
0.28045
0.24178
0.24254
0.31171
0.29133
0.27969
0.24512
0.19160
0.29464
0.31263
0.25211
0.26799
0.22468
0.32575
0.29492
0.21990
0.20314
0.28866
0.28581
0.29331
0.28159
0.27132
0.34449
0.34653
0.16080
0.23720
0.32031
0.28901
0.29790
0.28565
0.34715
0.24213
0.21398
0.19287
0.28264
0.30803
0.35679
0.28455
0.29931
0.30312
0.23080
0.25534
0.31427
0.28834
0.18580
0.33610
0.24097
0.23302
0.33677
0.30269
0.26815
0.25879
0.25296
0.27104
0.34756
0.34494
0.24941
0.27946
0.22596
0.32526
0.29623
0.12652
0.28367
0.21766
0.25438
0.30436
0.23012
0.27136
0.24574
0.28655
0.25151
0.25062
0.25808
0.33328
0.30699
0.28550
0.20515
0.30467
0.24550
0.25985
0.19798
0.31250
0.28263
0.33382
0.25139
0.26733
0.30233
0.27039
0.25885
0.27205
0.18877
0.32541
0.27936
0.33184
0.28733
0.30687
0.34863
0.28014
0.28156
0.32446
0.16028
0.19508
0.30691
0.26125
0.31147
0.31550
0.30418
0.34469
0.38657
0.31134
0.33004
0.27730
0.30486
0.28563
0.34377
0.28103
0.29586
0.33616
0.30269
0.30702
0.34348
0.40093
0.23303
0.26715
0.32211
0.23403
0.31687
0.32240
0.23888
0.24710
0.32551
0.23261
0.27742
0.32822
0.27860
0.27242
0.27400
0.27298
0.31667
0.28910
0.33991
0.28547
0.24986
0.31459
0.28024
0.32441
0.29601
0.27116
0.15144
0.35975
0.33820
0.34717
0.30151
0.30115
0.39176
0.38460
0.26096
0.20523
0.31280
0.38204
0.25737
0.20259
0.30332
0.34495
0.24403
0.23163
0.32378
0.24524
0.28670
0.21232
0.34451
0.34612
0.39686
0.32965
0.30868
0.25214
0.41348
0.29343
0.26889
0.29531
0.33654
0.28633
0.15340
0.31094
0.44443
0.24453
0.40878
0.41140
0.21435
0.29904
0.35717
0.31057
0.29332
0.25578
0.28088
0.20696
0.28438
0.29333
0.28353
0.29010
0.38450
0.27348
0.29490
0.26945
0.21195
0.24693
0.38781
0.25207
0.11729
0.35344
0.15878
0.18277
0.40462
0.16965
0.27202
0.21172
0.27981
0.23409
0.42362
0.19270
0.34837
0.39292
0.25841
0.23755
0.26582
0.25073
0.21678
0.36230
0.15643
0.36165
0.34833
0.25297
0.24183
0.24532
0.35602
0.27624
0.20966
0.32603
0.39714
0.31347
0.28693
0.36197
0.37119
0.22470
0.28016
0.26831
0.37478
0.19994
0.22245
0.24625
0.35904
0.27091
0.25728
0.27353
0.32971
0.38043
0.22402
0.29867
0.35214
0.29170
0.28722
0.23833
0.38702
0.30013
0.26789
0.28648
0.30498
0.35218
0.25637
0.29947
0.24225
0.32902
0.24156
0.24637
0.30057
0.29227
0.23586
0.28718
0.20191
0.32324
0.20561
0.06722
0.17489
0.21135
0.26666
0.29958
0.22172
0.26958
0.38546
0.19432
0.07191
0.19751
0.04939
0.29970
0.23620
0.16246
0.25422
0.07286
0.13929
0.21633
0.19542
0.05229
0.14035
0.18682
0.26916
0.24534
0.21523
0.24986
0.07045
0.27999
0.20359
0.04647
0.05666
0.12730
0.26505
0.13571
0.25310
0.18030
0.30511
0.04641
0.05693
0.10249
0.06568
0.25607
0.10273
0.15221
0.19693
0.29321
0.12406
0.23314
0.22462
0.05405
0.27388
0.06585
0.07134
0.22851
0.19041
0.23960
0.03147
0.07560
0.19358
0.21035
0.30446
0.25996
0.03420
0.05665
0.19178
0.20687
0.13420
0.21306
0.06411
0.25348
0.18133
0.10104
0.25127
0.30821
0.08925
0.15951
0.17226
0.06458
0.01631
0.18617
0.10416
0.19154
0.24708
0.28054
0.20044
0.32621
0.25111
0.28239
0.18978
0.17773
0.16978
0.04924
0.23337
0.12253
0.02898
0.20524
0.23883
0.25648
0.24644
0.08302
0.08243
0.09902
0.24020
0.18176
0.27829
0.09910
0.15440
0.28319
0.09257
0.22216
0.11464
0.06893
0.01715
0.10588
0.07298
0.12259
0.27008
0.31372
0.08510
0.11227
0.02639
0.05441
0.07976
0.27259
