0.06892
0.09065
0.06140
0.25782
0.06718
0.14835
0.24077
0.13458
0.11068
0.05760
0.18885
0.14868
0.14279
0.12348
0.07159
0.23414
0.16208
0.12714
0.07467
0.12975
0.29276
0.08697
0.13724
0.05061
0.24609
0.13562
0.09533
0.24838
0.08363
0.11548
0.18692
0.19991
0.13454
0.11691
0.03512
0.10732
0.12936
0.03607
0.09733
0.12218
0.26325
0.26126
0.07877
0.14349
0.29607
0.20086
0.17028
0.27699
0.19647
0.10953
0.09049
0.14405
0.11016
0.25067
0.09161
0.25788
0.15197
0.10767
0.10352
0.08094
0.25653
0.30037
0.11023
0.21292
0.27015
0.32825
0.05546
0.17531
0.10982
0.07576
0.13406
0.31226
0.27841
0.15423
0.23009
0.09527
0.07607
0.05249
0.21434
0.15899
0.32661
0.11643
0.34808
0.26696
0.20777
0.32471
0.10226
0.06437
0.12371
0.25828
0.34612
0.15898
0.06301
0.26966
0.06920
0.13284
0.20121
0.18002
0.19674
0.15140
0.09574
0.17454
0.11453
0.12655
0.20446
0.28397
0.13394
0.16154
0.14788
0.28673
0.04498
0.24575
0.09140
0.24893
0.10586
0.15810
0.27244
0.06420
0.07414
0.17468
0.19305
0.06750
0.27232
0.00958
0.06621
0.13508
0.28274
0.25798
0.12631
0.24502
0.07711
0.10203
0.29561
0.30912
0.09962
0.09814
0.04748
0.29116
0.26388
0.04102
0.15862
0.02866
0.29327
0.14357
0.14052
0.29899
0.07779
0.34724
0.19710
0.09831
0.13341
0.27781
0.11232
0.32484
0.30272
0.33584
0.08480
0.13226
0.15314
0.20588
0.18436
0.20091
0.26441
0.30182
0.10315
0.11598
0.30538
0.27029
0.04995
0.24988
0.07081
0.21865
0.13893
0.05819
0.07318
0.23391
0.05744
0.07448
0.15145
0.28632
0.08368
0.10223
0.15709
0.19028
0.08917
0.12706
0.24999
0.24851
0.27179
0.16221
0.09616
0.04183
0.02897
0.11950
0.12541
0.21657
0.16494
0.15426
0.07569
0.27122
0.19789
0.08714
0.16085
0.16580
0.07453
0.14556
0.04751
0.19443
0.23546
0.09228
0.23707
0.24196
0.07949
0.27854
0.24594
0.25188
0.12182
0.21796
0.21232
0.31769
0.09717
0.11047
0.09975
0.05327
0.05031
0.05241
0.10722
0.15965
0.14017
0.04986
0.25330
0.10583
0.24585
0.12986
0.03643
0.24776
0.10651
0.02854
0.09651
0.24521
0.05910
0.30255
0.09453
0.10361
0.12700
0.23085
0.10690
0.03614
0.10491
0.10525
0.10078
0.08645
0.11936
0.22522
0.14648
0.15362
0.20703
0.07434
0.05830
0.14666
0.18200
0.17406
0.24028
0.15916
0.13937
0.18648
0.29108
0.09831
0.15113
0.03523
0.07346
0.12298
0.04752
0.02130
0.35157
0.15787
0.06982
0.19057
0.14906
0.08677
0.16741
0.33121
0.10920
0.06217
0.30246
0.11550
0.19615
0.15565
0.20470
0.11815
0.09010
0.06515
0.18749
0.22448
0.14550
0.10116
0.14734
0.11208
0.17553
0.13719
0.32972
0.26527
0.27419
0.10574
0.08373
0.30673
0.28422
0.33621
0.03664
0.27961
0.15273
0.25144
0.12733
0.07067
0.15845
0.11224
0.07756
0.13059
0.27241
0.08485
0.06937
0.02846
0.23996
0.15579
0.20440
0.14051
0.23128
0.20078
0.14633
0.07591
0.25620
0.22583
0.34045
0.21692
0.30906
0.25906
0.23898
0.27241
0.26142
0.25852
0.05716
0.07937
0.09391
0.20441
0.04621
0.03891
0.19566
0.10424
0.24389
0.10808
0.18652
0.10653
0.26338
0.22341
0.21743
0.18426
0.32206
0.11782
0.16740
0.32952
0.05962
0.22826
0.04794
0.07533
0.19722
0.03509
0.25466
0.33297
0.07479
0.07493
0.13466
0.26643
0.11530
0.05122
0.07651
0.06713
0.04937
0.07849
0.21396
0.05626
0.29382
0.12039
0.15549
0.07017
0.19232
0.31580
0.21607
0.25500
0.37241
0.20288
0.30019
0.31443
0.28624
0.30444
0.28030
0.23789
0.36642
0.26116
0.24365
0.24538
0.22960
0.28168
0.21459
0.38152
0.34273
0.25409
0.26448
0.24571
0.25267
0.35186
0.27966
0.20589
0.33277
0.34321
0.18864
0.25450
0.34778
0.30266
0.24407
0.24497
0.27346
0.31417
0.23248
0.22452
0.35317
0.24638
0.21929
0.30999
0.21159
0.29587
0.36966
0.29847
0.29542
0.29386
0.29414
0.22875
0.27042
0.34810
0.22211
0.26184
0.32920
0.24791
0.25814
0.29909
0.21784
0.28310
0.25507
0.28702
0.32619
0.30596
0.25675
0.17313
0.29092
0.37025
0.13189
0.29641
0.21442
0.19740
0.20642
0.36353
0.31125
0.33853
0.17963
0.36668
0.28570
0.27007
0.38071
0.32912
0.29161
0.28819
0.24875
0.27921
0.19906
0.37102
0.28758
0.24255
0.18660
0.31897
0.20291
0.26626
0.29678
0.25624
0.36425
0.34079
0.22759
0.33349
0.32866
0.19790
0.18883
0.30067
0.19152
0.19094
0.17512
0.29626
0.34565
0.25836
0.25180
0.25228
0.29294
0.21561
0.28810
0.26502
0.27769
0.22784
0.28774
0.28443
0.21112
0.20314
0.33924
0.29535
0.18788
0.31724
0.32479
0.22572
0.35349
0.33807
0.22276
0.27307
0.20829
0.29663
0.31553
0.28777
0.27337
0.24896
0.18006
0.30850
0.22253
0.28424
0.21752
0.26365
0.30982
0.31088
0.22699
0.23390
0.28905
0.21766
0.30180
0.20987
0.25181
0.25966
0.24331
0.20102
0.30140
0.32489
0.33227
0.22507
0.19577
0.34131
0.22188
0.20090
0.20714
0.32172
0.31573
0.16296
0.20522
0.30603
0.27078
0.20241
0.16785
0.22829
0.26360
0.17560
0.26339
0.23979
0.30917
0.19302
0.21990
0.26803
0.28287
0.18910
0.27698
0.29182
0.27101
0.36305
0.20168
0.31348
0.21024
0.36039
0.32457
0.25195
0.28345
0.28938
0.27890
0.19620
0.31834
0.29222
0.26482
0.28767
0.27894
0.35123
0.23857
0.30047
0.23407
0.35804
0.22172
0.28357
0.23708
0.24759
0.28667
0.27959
0.20711
0.24254
0.26449
0.32079
0.23046
0.31441
0.24873
0.24563
0.31160
0.28079
0.29706
0.16193
0.20948
0.34399
0.35230
0.24449
0.25879
0.29194
0.23943
0.21151
0.18806
0.29422
0.27831
0.27196
0.25728
0.19152
0.28402
0.33108
0.24798
0.25627
0.24081
0.33339
0.27977
0.17660
0.22762
0.30016
0.29734
0.28362
0.25292
0.25915
0.35765
0.36543
0.17864
0.26343
0.33561
0.24650
0.27348
0.30963
0.34399
0.24574
0.22258
0.19171
0.23805
0.27187
0.37245
0.31937
0.28892
0.27654
0.24320
0.23556
0.30570
0.29785
0.19148
0.34622
0.23881
0.25154
0.35260
0.30083
0.24652
0.23937
0.24794
0.28159
0.32951
0.34146
0.27643
0.28652
0.21074
0.28625
0.32149
0.14113
0.25884
0.22326
0.21581
0.27206
0.25515
0.28114
0.23062
0.26571
0.21293
0.22527
0.26241
0.35784
0.28798
0.25780
0.22153
0.31176
0.25436
0.23487
0.20232
0.32844
0.30001
0.33124
0.26644
0.24784
0.27969
0.27144
0.23515
0.27598
0.20105
0.33836
0.26908
0.33671
0.28465
0.29046
0.36065
0.25440
0.25508
0.28826
0.19711
0.21521
0.27263
0.20814
0.28921
0.31533
0.27694
0.31668
0.39942
0.32373
0.33810
0.28664
0.31922
0.29945
0.36709
0.24002
0.27260
0.33327
0.32571
0.27602
0.34242
0.40088
0.23164
0.24974
0.31138
0.25645
0.31626
0.31226
0.24415
0.25578
0.33835
0.24029
0.25388
0.33003
0.26990
0.20981
0.22807
0.25025
0.26582
0.28330
0.30570
0.29810
0.24878
0.28980
0.28609
0.28254
0.26658
0.29743
0.14525
0.31392
0.32907
0.36479
0.31670
0.29764
0.39541
0.39413
0.27865
0.19849
0.30035
0.39824
0.28241
0.22773
0.29788
0.32954
0.26066
0.23888
0.31851
0.24318
0.27308
0.23153
0.32270
0.36317
0.40987
0.28864
0.29831
0.25575
0.38642
0.29145
0.31082
0.29585
0.35485
0.27185
0.18250
0.31096
0.43419
0.26398
0.39919
0.40251
0.21152
0.27231
0.34681
0.29312
0.27934
0.25063
0.27182
0.24007
0.29520
0.30864
0.29993
0.30274
0.36054
0.28592
0.27238
0.22362
0.23024
0.26242
0.37600
0.23407
0.12255
0.32450
0.14148
0.19259
0.40089
0.17300
0.26104
0.23024
0.28112
0.23684
0.45710
0.20347
0.32530
0.39489
0.25404
0.22557
0.25099
0.24246
0.19977
0.36685
0.17404
0.36071
0.33792
0.25752
0.24320
0.23164
0.33734
0.29636
0.23061
0.34677
0.43094
0.32875
0.28800
0.36310
0.36546
0.22268
0.24800
0.28478
0.37990
0.18892
0.23217
0.26375
0.35123
0.27864
0.25931
0.26185
0.34392
0.34978
0.25341
0.28738
0.32041
0.28196
0.28193
0.26433
0.38536
0.28531
0.26621
0.26935
0.29667
0.33723
0.28572
0.30855
0.25502
0.33281
0.26738
0.23701
0.31599
0.29427
0.22820
0.27521
0.19090
0.27982
0.21580
0.05019
0.17249
0.22399
0.16650
0.22689
0.15644
0.27040
0.32453
0.19153
0.08660
0.14960
0.04773
0.31838
0.24939
0.20156
0.30705
0.07743
0.09441
0.22033
0.12283
0.07536
0.07188
0.24889
0.29930
0.20233
0.21361
0.23126
0.07681
0.29846
0.18307
0.04582
0.06193
0.10915
0.29827
0.14574
0.16110
0.18752
0.29150
0.02281
0.08728
0.04917
0.11214
0.25158
0.07528
0.14418
0.14637
0.27676
0.14079
0.29883
0.22538
0.05036
0.26740
0.06270
0.07184
0.27747
0.19715
0.28630
0.06804
0.10768
0.20620
0.19578
0.24856
0.25660
0.01069
0.03924
0.14727
0.20831
0.16682
0.16154
0.12087
0.29850
0.11502
0.07410
0.23397
0.27476
0.09385
0.15611
0.13499
0.06839
0.04213
0.24526
0.14356
0.19261
0.23145
0.30952
0.20264
0.30432
0.28378
0.17760
0.14399
0.22338
0.21136
0.04527
0.27370
0.13746
0.05991
0.18957
0.22613
0.25571
0.25989
0.04093
0.05385
0.10856
0.20524
0.22447
0.26675
0.09432
0.15283
0.31032
0.13456
0.24900
0.12428
0.03451
0.06214
0.15093
0.06283
0.10205
0.26625
0.25603
0.06833
0.08775
0.04028
0.08875
0.10363
0.24310
