0.06620
0.10923
0.09068
0.22897
0.08046
0.15580
0.19810
0.16418
0.19903
0.07547
0.19093
0.16426
0.16038
0.11481
0.09214
0.23319
0.12713
0.16103
0.09768
0.12670
0.27183
0.10121
0.19037
0.03234
0.21411
0.13773
0.13272
0.23266
0.08055
0.13730
0.15754
0.26389
0.14123
0.09365
0.09109
0.09126
0.11826
0.07551
0.11266
0.13537
0.28698
0.24716
0.07506
0.15444
0.27770
0.22938
0.17899
0.20799
0.20414
0.14337
0.10576
0.13417
0.12970
0.29506
0.09805
0.21383
0.22756
0.11869
0.15983
0.07095
0.27036
0.29136
0.10686
0.19243
0.27353
0.31866
0.04002
0.19380
0.09413
0.06607
0.11634
0.30555
0.32667
0.17426
0.26237
0.11774
0.05226
0.08147
0.21115
0.14613
0.31997
0.18310
0.31759
0.28661
0.30030
0.36011
0.09747
0.10243
0.17594
0.25728
0.31853
0.20686
0.07604
0.27271
0.05593
0.18856
0.18916
0.21330
0.19983
0.15495
0.09851
0.17356
0.13742
0.11653
0.23002
0.30454
0.17435
0.14372
0.14624
0.28041
0.03446
0.27535
0.10224
0.25060
0.10201
0.17286
0.27559
0.04408
0.06250
0.19593
0.24191
0.07551
0.28503
0.03878
0.09986
0.17353
0.30830
0.26568
0.16121
0.22807
0.12488
0.13520
0.30987
0.33194
0.13808
0.13485
0.09155
0.27066
0.26379
0.07114
0.16845
0.03131
0.26706
0.13853
0.12984
0.31198
0.10614
0.35407
0.20561
0.09004
0.13131
0.22977
0.09335
0.30734
0.30777
0.31087
0.11519
0.14932
0.15074
0.16679
0.25435
0.28422
0.29018
0.30878
0.09910
0.13066
0.30018
0.28901
0.06861
0.26763
0.05054
0.25709
0.25552
0.04263
0.09423
0.22331
0.06857
0.06754
0.16718
0.27127
0.07007
0.10545
0.25443
0.13524
0.11164
0.20233
0.22555
0.24708
0.26986
0.23569
0.12426
0.08098
0.05210
0.17642
0.12324
0.25480
0.23653
0.18654
0.09457
0.24829
0.20863
0.07453
0.21745
0.12693
0.04696
0.28167
0.09327
0.18892
0.26184
0.08781
0.24889
0.22627
0.11661
0.23632
0.26825
0.25307
0.13205
0.27394
0.19136
0.36307
0.11060
0.17621
0.12816
0.09485
0.08332
0.04221
0.17820
0.17167
0.16470
0.06641
0.26630
0.12120
0.27634
0.15633
0.06540
0.26301
0.10612
0.06014
0.10256
0.25011
0.08004
0.30151
0.09144
0.11157
0.14964
0.17939
0.09763
0.08698
0.13280
0.11797
0.13257
0.12611
0.13046
0.24838
0.16071
0.14185
0.18931
0.07315
0.11023
0.12906
0.17913
0.16996
0.19056
0.20681
0.14388
0.21535
0.23644
0.10014
0.17773
0.06301
0.07381
0.11912
0.07707
0.04308
0.38143
0.18322
0.08146
0.24806
0.12940
0.09739
0.13733
0.33955
0.15227
0.10246
0.29451
0.11575
0.19640
0.18309
0.16042
0.14419
0.09134
0.08762
0.16044
0.22031
0.16867
0.11252
0.18622
0.15503
0.19875
0.15002
0.33096
0.23953
0.28462
0.12864
0.14123
0.29025
0.31859
0.33913
0.04314
0.26133
0.12136
0.28380
0.10457
0.08407
0.15431
0.13469
0.11256
0.18112
0.22045
0.09346
0.09432
0.07644
0.24441
0.21046
0.28055
0.12350
0.23012
0.21766
0.20881
0.07780
0.27883
0.23550
0.33411
0.25921
0.31427
0.21611
0.25137
0.27268
0.29389
0.26091
0.06037
0.11843
0.14539
0.24924
0.05774
0.05697
0.25363
0.16483
0.26556
0.09625
0.17799
0.12347
0.25868
0.28141
0.25035
0.18715
0.31186
0.14233
0.10485
0.32604
0.08343
0.20457
0.05859
0.14053
0.19857
0.08386
0.24341
0.32688
0.05147
0.08478
0.14825
0.25876
0.10776
0.06632
0.05305
0.06328
0.08284
0.14359
0.20596
0.08986
0.31119
0.18315
0.20997
0.08507
0.18559
0.29118
0.20404
0.25195
0.35683
0.15357
0.26583
0.29891
0.28565
0.30778
0.27867
0.24255
0.35170
0.25522
0.21848
0.25942
0.21890
0.28247
0.18018
0.36636
0.32009
0.25006
0.26223
0.23310
0.24510
0.33487
0.28583
0.22595
0.30127
0.33529
0.21270
0.26439
0.32551
0.25350
0.25702
0.25522
0.26733
0.30730
0.24348
0.21412
0.34851
0.22294
0.25169
0.31365
0.22638
0.29122
0.33740
0.28552
0.30762
0.31477
0.27482
0.23251
0.27909
0.32466
0.21799
0.27782
0.32005
0.24297
0.26090
0.30393
0.19320
0.31179
0.24135
0.27988
0.30650
0.29049
0.26524
0.14999
0.28163
0.34173
0.12600
0.27360
0.21378
0.16220
0.18070
0.35436
0.29901
0.30964
0.18695
0.33664
0.26188
0.24170
0.36048
0.30363
0.28950
0.28708
0.21597
0.27710
0.19509
0.35585
0.28023
0.25030
0.15467
0.31373
0.19687
0.24713
0.28531
0.24379
0.34550
0.31068
0.19892
0.30131
0.29510
0.16992
0.17834
0.25432
0.16581
0.18522
0.17026
0.27556
0.34130
0.24115
0.27551
0.25039
0.28009
0.20139
0.31332
0.24222
0.27344
0.19662
0.28932
0.28648
0.19874
0.16787
0.32349
0.28307
0.20941
0.31082
0.32764
0.24528
0.33972
0.28883
0.20820
0.28762
0.16775
0.29529
0.31159
0.28742
0.27675
0.24569
0.16289
0.29856
0.20820
0.28206
0.21218
0.28236
0.32363
0.30432
0.17651
0.23179
0.28542
0.20674
0.27941
0.18757
0.23907
0.20709
0.21895
0.22165
0.30826
0.31385
0.32868
0.22595
0.21335
0.31471
0.20815
0.21773
0.22433
0.30443
0.30070
0.16602
0.18318
0.27833
0.28759
0.18934
0.15969
0.20446
0.24790
0.20213
0.21108
0.25258
0.32022
0.17681
0.24564
0.26328
0.28221
0.18476
0.27154
0.24219
0.24852
0.36506
0.17987
0.29018
0.21425
0.35507
0.31202
0.23676
0.25159
0.29260
0.26824
0.19957
0.27765
0.28240
0.26489
0.27178
0.24845
0.33106
0.22449
0.28368
0.20744
0.32974
0.22293
0.28549
0.20158
0.21756
0.27616
0.27171
0.21189
0.23077
0.22453
0.30290
0.17924
0.30249
0.20754
0.25185
0.29438
0.28367
0.30516
0.14430
0.22123
0.31655
0.31718
0.24746
0.26747
0.28464
0.25664
0.24195
0.23704
0.29177
0.28098
0.26493
0.22384
0.19161
0.31046
0.30286
0.23232
0.24732
0.24573
0.32423
0.26947
0.16942
0.18691
0.29450
0.28415
0.29174
0.25706
0.24867
0.34304
0.34523
0.15751
0.23307
0.30594
0.25499
0.26928
0.28915
0.32652
0.21768
0.19705
0.17047
0.23505
0.25441
0.35807
0.29051
0.27064
0.27661
0.21592
0.24632
0.27404
0.28646
0.17676
0.32786
0.21387
0.22639
0.33278
0.28512
0.22828
0.22687
0.25669
0.29551
0.32280
0.34295
0.23860
0.28046
0.18158
0.30757
0.30598
0.13666
0.23867
0.17526
0.22880
0.28678
0.23398
0.27963
0.23108
0.25294
0.21276
0.23157
0.23187
0.33858
0.26447
0.24843
0.18831
0.28207
0.25002
0.24641
0.19999
0.32706
0.29474
0.30755
0.25336
0.24156
0.26775
0.25825
0.24556
0.26513
0.18559
0.28981
0.25263
0.34413
0.27259
0.28628
0.34437
0.27212
0.25448
0.29370
0.16312
0.18895
0.27125
0.21079
0.28718
0.29103
0.26495
0.32147
0.37789
0.29598
0.32060
0.27748
0.31152
0.27999
0.34329
0.23616
0.26320
0.31117
0.32327
0.27569
0.31947
0.37540
0.20923
0.22365
0.32858
0.19799
0.32023
0.32600
0.22952
0.24749
0.35119
0.22502
0.27734
0.30449
0.25602
0.23152
0.27277
0.27198
0.25376
0.29587
0.30728
0.28237
0.24916
0.29921
0.26669
0.30179
0.28350
0.28897
0.13361
0.28595
0.34228
0.35904
0.32213
0.32406
0.39522
0.39396
0.28411
0.19612
0.30443
0.38107
0.28264
0.19821
0.31678
0.35353
0.24680
0.24530
0.33165
0.23966
0.26776
0.25535
0.33382
0.35189
0.38937
0.28515
0.30955
0.27414
0.37651
0.27543
0.27651
0.27908
0.34268
0.27380
0.19617
0.33455
0.44542
0.25196
0.40649
0.40601
0.21226
0.30660
0.37685
0.32374
0.30080
0.25147
0.29312
0.21061
0.28791
0.31553
0.28718
0.30953
0.37084
0.28389
0.28184
0.26627
0.18895
0.25158
0.39715
0.21561
0.11439
0.34200
0.13935
0.17904
0.40941
0.18310
0.24017
0.18958
0.30138
0.23807
0.41429
0.19635
0.33337
0.40323
0.25668
0.20904
0.26840
0.23702
0.21633
0.35942
0.18900
0.36318
0.34768
0.26915
0.25602
0.25213
0.34627
0.26891
0.21406
0.34647
0.41589
0.31459
0.29574
0.35647
0.36109
0.23006
0.25182
0.28243
0.40029
0.19713
0.22731
0.23039
0.33851
0.27323
0.25808
0.27770
0.31158
0.35313
0.21199
0.30983
0.33037
0.30627
0.30784
0.24803
0.38053
0.30660
0.27891
0.29217
0.29893
0.32390
0.26212
0.30959
0.24766
0.33771
0.26139
0.25994
0.31565
0.28634
0.24545
0.29562
0.11304
0.33683
0.21981
0.03588
0.05639
0.16272
0.22357
0.29350
0.21153
0.22979
0.37045
0.26302
0.06624
0.17497
0.01638
0.29918
0.23265
0.18643
0.27784
0.07809
0.05944
0.18571
0.24501
0.09049
0.17060
0.20188
0.24155
0.19926
0.20764
0.28832
0.06250
0.35080
0.22216
0.06106
0.09302
0.09949
0.26563
0.10324
0.26479
0.19571
0.29286
0.09161
0.06596
0.05324
0.07311
0.29723
0.14742
0.15455
0.17644
0.27615
0.10223
0.27322
0.20028
0.08083
0.20433
0.06534
0.07908
0.25123
0.20327
0.28227
0.06154
0.07279
0.21302
0.19950
0.29183
0.25870
0.02869
0.09400
0.17939
0.21801
0.14342
0.20873
0.10249
0.23651
0.22823
0.14475
0.27113
0.29085
0.09269
0.19747
0.12064
0.13786
0.06913
0.15177
0.11173
0.18814
0.25318
0.24448
0.18556
0.30685
0.21698
0.20937
0.15293
0.22900
0.20530
0.02763
0.23715
0.07049
0.07846
0.23321
0.25207
0.30467
0.26251
0.11162
0.02692
0.11807
0.20068
0.14218
0.27163
0.08060
0.21687
0.25644
0.14515
0.21694
0.15360
0.06107
0.03926
0.15452
0.07061
0.07108
0.29731
0.28738
0.10336
0.14358
0.07223
0.07242
0.11659
0.25794
