0.10794
0.09655
0.04466
0.25587
0.09241
0.13407
0.24802
0.14898
0.21299
0.06617
0.17643
0.13167
0.14597
0.11030
0.13835
0.23098
0.09890
0.08585
0.08818
0.16649
0.31313
0.13818
0.14445
0.05579
0.23807
0.14067
0.13640
0.21648
0.07445
0.16060
0.12553
0.20674
0.12799
0.09782
0.08935
0.09474
0.13052
0.09812
0.09559
0.16234
0.28563
0.27251
0.09317
0.11645
0.28307
0.17441
0.16497
0.21440
0.16146
0.16359
0.08964
0.14529
0.13599
0.29694
0.09179
0.20675
0.23779
0.12764
0.09590
0.05216
0.26356
0.26455
0.10981
0.20598
0.28490
0.32165
0.03846
0.18660
0.07420
0.04711
0.11950
0.30475
0.31134
0.16924
0.25710
0.11064
0.07471
0.02954
0.19665
0.14771
0.30527
0.13322
0.27628
0.28556
0.25173
0.36242
0.09186
0.08686
0.11432
0.26759
0.34222
0.18109
0.07838
0.26555
0.06069
0.13435
0.20352
0.23639
0.19872
0.15480
0.09467
0.17244
0.10701
0.10726
0.21758
0.31010
0.14938
0.17584
0.14325
0.28238
0.03463
0.25073
0.07574
0.23922
0.10386
0.10921
0.26285
0.06411
0.06038
0.14742
0.24111
0.05642
0.28698
0.01619
0.08902
0.13672
0.30165
0.27093
0.18172
0.24269
0.10634
0.07643
0.28629
0.32723
0.09666
0.16713
0.06028
0.29535
0.25799
0.03551
0.13204
0.05579
0.29641
0.17384
0.13670
0.21418
0.06877
0.36868
0.14168
0.09082
0.16785
0.23348
0.09987
0.29521
0.32405
0.33828
0.11860
0.20308
0.12213
0.19242
0.29770
0.26708
0.26574
0.30168
0.08281
0.12203
0.23649
0.29324
0.05427
0.24623
0.04370
0.18632
0.22016
0.04380
0.11980
0.21279
0.05549
0.07367
0.14595
0.26450
0.08808
0.09889
0.19150
0.18273
0.09047
0.16198
0.22103
0.25473
0.25785
0.20540
0.11612
0.05184
0.05203
0.15880
0.13332
0.26187
0.20254
0.13427
0.12718
0.27243
0.20718
0.03660
0.20813
0.14612
0.05870
0.21738
0.08429
0.17882
0.24448
0.12011
0.24164
0.24955
0.09460
0.26535
0.26956
0.23673
0.11246
0.24478
0.18511
0.34921
0.09878
0.16570
0.08096
0.03789
0.06985
0.05843
0.16033
0.19126
0.12578
0.07305
0.26452
0.11227
0.23770
0.11752
0.04621
0.25215
0.10720
0.03277
0.10585
0.28335
0.06785
0.29283
0.08040
0.10642
0.12427
0.20830
0.11279
0.04178
0.07977
0.09940
0.09960
0.11149
0.10476
0.24640
0.12299
0.15295
0.19184
0.11154
0.05458
0.12921
0.25192
0.13084
0.19680
0.13043
0.11473
0.24396
0.24543
0.08833
0.18385
0.04876
0.08417
0.11280
0.05106
0.03739
0.39240
0.17543
0.07900
0.20017
0.12429
0.04425
0.11988
0.34729
0.11172
0.08574
0.30734
0.11276
0.16019
0.18205
0.18427
0.16086
0.07413
0.06055
0.18594
0.21387
0.18422
0.09474
0.16359
0.14988
0.16762
0.14598
0.32630
0.26121
0.25128
0.14127
0.07451
0.30507
0.32963
0.34398
0.04675
0.27676
0.13461
0.30258
0.17360
0.08554
0.16550
0.12069
0.11244
0.13571
0.21806
0.05331
0.05845
0.06639
0.26742
0.21334
0.24735
0.18871
0.21584
0.23437
0.12822
0.05635
0.26646
0.28241
0.35903
0.23591
0.33367
0.22466
0.25664
0.28307
0.26577
0.29096
0.05067
0.08621
0.14180
0.22518
0.05913
0.04655
0.19111
0.12817
0.21102
0.08931
0.16770
0.10779
0.23786
0.30015
0.24109
0.19729
0.29537
0.10858
0.11874
0.32657
0.06283
0.20197
0.05136
0.06833
0.15975
0.07248
0.23534
0.33019
0.05143
0.07679
0.10829
0.24942
0.10085
0.05417
0.05566
0.06387
0.07899
0.09347
0.17623
0.08709
0.27991
0.16971
0.21933
0.08694
0.20290
0.30834
0.18965
0.24263
0.35422
0.17897
0.28647
0.29870
0.27581
0.31278
0.28508
0.23031
0.36013
0.22809
0.24869
0.24026
0.23524
0.24877
0.20370
0.37388
0.31778
0.28373
0.26518
0.26048
0.22606
0.35098
0.26753
0.20269
0.32617
0.33769
0.19756
0.21975
0.31984
0.27264
0.24661
0.24801
0.23637
0.31742
0.23782
0.23144
0.35577
0.22920
0.20522
0.29078
0.15992
0.31037
0.35478
0.28741
0.28431
0.26516
0.26625
0.23182
0.27134
0.32176
0.16425
0.22504
0.32475
0.25194
0.27797
0.28797
0.19465
0.24768
0.26628
0.27859
0.31695
0.29668
0.23187
0.18169
0.29160
0.34453
0.18677
0.27040
0.19178
0.20560
0.21396
0.36668
0.30850
0.34230
0.17512
0.36101
0.27371
0.29173
0.37132
0.30476
0.28450
0.28412
0.24128
0.28035
0.20725
0.36771
0.27522
0.19209
0.18161
0.31942
0.21040
0.25824
0.30081
0.25397
0.35473
0.30649
0.20654
0.32237
0.30165
0.17954
0.16485
0.28657
0.20601
0.21011
0.14957
0.28009
0.33696
0.23556
0.26218
0.24984
0.28325
0.21109
0.28653
0.22407
0.24063
0.20871
0.28554
0.27455
0.22999
0.16545
0.34065
0.30721
0.14895
0.28254
0.32232
0.25912
0.34446
0.30955
0.23565
0.26015
0.22837
0.29711
0.30511
0.24814
0.27286
0.23276
0.15686
0.29825
0.23754
0.26118
0.24084
0.25914
0.29627
0.28809
0.22770
0.22231
0.28245
0.21009
0.28857
0.21796
0.22458
0.26240
0.23677
0.17028
0.29987
0.31855
0.30852
0.20721
0.19006
0.32939
0.18724
0.19110
0.20027
0.29792
0.29438
0.17656
0.19507
0.28569
0.24171
0.16134
0.17005
0.23005
0.25101
0.20565
0.24351
0.23079
0.30859
0.17492
0.18355
0.26752
0.28243
0.20511
0.26180
0.24843
0.24780
0.37630
0.19515
0.29484
0.23182
0.36452
0.31456
0.22691
0.27099
0.26784
0.27111
0.19110
0.30602
0.27761
0.20864
0.28973
0.28625
0.34707
0.25027
0.28139
0.22557
0.34524
0.20743
0.26175
0.23848
0.22595
0.26260
0.26392
0.22858
0.24736
0.25008
0.30056
0.20207
0.30580
0.22871
0.26800
0.29620
0.29463
0.27704
0.14435
0.20282
0.33138
0.32266
0.20945
0.26651
0.27519
0.25974
0.17332
0.18642
0.30148
0.29341
0.24807
0.26667
0.21631
0.27331
0.31343
0.27974
0.22681
0.24528
0.34360
0.24952
0.19089
0.20706
0.28994
0.29404
0.29265
0.22337
0.23837
0.35037
0.35112
0.13897
0.24990
0.31760
0.19360
0.26369
0.29714
0.32890
0.24998
0.19991
0.20096
0.26393
0.23772
0.36094
0.30091
0.29980
0.25297
0.23585
0.27268
0.29823
0.28149
0.17795
0.32422
0.20793
0.24156
0.34780
0.29171
0.19787
0.25485
0.22976
0.30157
0.32873
0.34477
0.24084
0.27710
0.21850
0.25517
0.31299
0.13135
0.24577
0.21449
0.19826
0.27094
0.23920
0.23498
0.24770
0.25873
0.23226
0.21130
0.22270
0.33226
0.24746
0.24508
0.19381
0.29341
0.25082
0.22255
0.16436
0.30916
0.30519
0.32744
0.26093
0.20777
0.26887
0.24597
0.20798
0.26468
0.18237
0.33016
0.24421
0.34521
0.28060
0.30159
0.34810
0.25104
0.21010
0.29233
0.17971
0.20316
0.28888
0.17271
0.25374
0.30657
0.23158
0.30261
0.37744
0.30381
0.31448
0.26735
0.30750
0.29876
0.36481
0.21622
0.26946
0.31905
0.32495
0.27876
0.32068
0.38711
0.24372
0.25894
0.34062
0.21815
0.32778
0.32015
0.26005
0.23695
0.34407
0.22885
0.25069
0.31011
0.23843
0.22966
0.21776
0.21494
0.27534
0.29243
0.27027
0.28708
0.19172
0.29471
0.26830
0.29017
0.26669
0.27309
0.13817
0.34367
0.32733
0.36689
0.28162
0.32557
0.37148
0.38643
0.27066
0.19635
0.29874
0.39994
0.28521
0.23131
0.29932
0.35266
0.27154
0.20654
0.34866
0.23303
0.26232
0.21249
0.31704
0.36788
0.43497
0.33020
0.29834
0.25940
0.36899
0.30246
0.28875
0.26561
0.34983
0.26464
0.21090
0.31427
0.43932
0.25558
0.38421
0.39696
0.23570
0.29843
0.36721
0.29935
0.30287
0.24923
0.25568
0.20326
0.27089
0.29145
0.31010
0.32215
0.36113
0.27571
0.28083
0.25988
0.20140
0.23431
0.38471
0.22990
0.15121
0.34237
0.14527
0.21239
0.37748
0.17717
0.24929
0.23606
0.25177
0.23785
0.43751
0.21534
0.31688
0.38362
0.24492
0.19000
0.23827
0.25908
0.22455
0.35967
0.20194
0.38658
0.36093
0.24056
0.22975
0.23525
0.34982
0.26864
0.23010
0.32939
0.41307
0.33784
0.28527
0.33815
0.33888
0.20919
0.28297
0.29599
0.38557
0.24082
0.23324
0.25509
0.33043
0.25658
0.26072
0.26424
0.33701
0.36079
0.27248
0.28093
0.32758
0.29916
0.27583
0.25459
0.36883
0.25466
0.26109
0.26864
0.31889
0.33661
0.27551
0.29392
0.25081
0.33584
0.27869
0.22865
0.31205
0.27842
0.20432
0.25172
0.16781
0.28338
0.23927
0.06006
0.18842
0.16423
0.20498
0.26248
0.20715
0.29407
0.31748
0.16697
0.05392
0.20976
0.03525
0.29937
0.24159
0.17858
0.28522
0.06120
0.12969
0.20025
0.23597
0.06023
0.10826
0.20184
0.24639
0.19626
0.21352
0.26987
0.04100
0.27331
0.20540
0.05719
0.09237
0.12140
0.28901
0.06320
0.23258
0.19459
0.32126
0.08581
0.06735
0.07741
0.05550
0.25780
0.11517
0.11381
0.21556
0.28860
0.14345
0.29116
0.21523
0.01905
0.30020
0.06332
0.09762
0.22918
0.15221
0.21485
0.03675
0.07009
0.20070
0.19392
0.26970
0.26667
0.06126
0.08167
0.15850
0.20112
0.15458
0.19351
0.13791
0.29670
0.19630
0.11230
0.26863
0.27546
0.07120
0.11856
0.14621
0.02950
0.07756
0.20630
0.13159
0.17827
0.24506
0.22259
0.19703
0.33068
0.18725
0.23494
0.16859
0.21801
0.14928
0.01404
0.22566
0.06340
0.05819
0.17997
0.22962
0.31087
0.23094
0.05494
0.04446
0.17796
0.23260
0.23255
0.27676
0.08920
0.22397
0.32308
0.10467
0.21468
0.06200
0.01640
0.03669
0.11798
0.03307
0.06387
0.27839
0.28129
0.10126
0.13366
0.05264
0.05118
0.05109
0.19007
