0.19482
0.13916
0.19300
0.25159
0.11398
0.17488
0.25903
0.14833
0.21168
0.15087
0.21977
0.19668
0.17256
0.17509
0.17740
0.21872
0.17963
0.20550
0.19654
0.22304
0.30831
0.20606
0.20905
0.13141
0.24899
0.16651
0.19376
0.24363
0.18645
0.17502
0.16114
0.28001
0.19156
0.13401
0.13636
0.09818
0.16471
0.16339
0.18839
0.20968
0.25133
0.27542
0.23073
0.21767
0.30076
0.17739
0.15650
0.26775
0.25057
0.17706
0.11652
0.19256
0.14320
0.28756
0.12270
0.25300
0.26289
0.14967
0.19452
0.12805
0.28094
0.30325
0.18088
0.26272
0.23373
0.33413
0.18483
0.21678
0.20282
0.12293
0.17640
0.30385
0.29114
0.18114
0.26741
0.17152
0.17941
0.14218
0.21663
0.20282
0.30969
0.20021
0.36266
0.26783
0.29823
0.30668
0.12351
0.13613
0.19575
0.27684
0.33472
0.22004
0.12470
0.28525
0.14858
0.25368
0.21572
0.21317
0.20963
0.18127
0.11134
0.19143
0.14161
0.13144
0.27674
0.28662
0.19008
0.21028
0.19781
0.29415
0.11226
0.29180
0.18725
0.22682
0.15759
0.23377
0.27515
0.12344
0.11132
0.24440
0.24184
0.17459
0.29660
0.11220
0.12553
0.17071
0.31971
0.24769
0.23722
0.26767
0.12184
0.19762
0.28183
0.35813
0.14116
0.21146
0.16698
0.24890
0.25524
0.12951
0.21606
0.12194
0.29705
0.21742
0.19149
0.32710
0.19086
0.36799
0.23497
0.10029
0.23688
0.31324
0.13469
0.32857
0.30270
0.30594
0.17471
0.18503
0.18886
0.20529
0.28787
0.25647
0.27726
0.32540
0.09624
0.18197
0.26793
0.29247
0.18811
0.28787
0.10372
0.26072
0.21453
0.08477
0.16756
0.20643
0.10216
0.14676
0.23758
0.30891
0.16714
0.17822
0.22606
0.21023
0.16323
0.21298
0.25242
0.26820
0.24935
0.23186
0.17089
0.14224
0.14343
0.17148
0.25502
0.23882
0.24303
0.21165
0.17801
0.26930
0.20830
0.15977
0.18914
0.16987
0.12003
0.26523
0.16863
0.28474
0.26781
0.20292
0.25811
0.22798
0.17010
0.26432
0.26143
0.25429
0.17185
0.28816
0.25659
0.36040
0.18551
0.24060
0.20166
0.15608
0.14420
0.12518
0.24478
0.26025
0.18962
0.14972
0.24876
0.13806
0.28042
0.15152
0.14803
0.29151
0.17349
0.12734
0.15218
0.26944
0.12556
0.29922
0.16315
0.16458
0.18061
0.22913
0.12687
0.10389
0.19753
0.13168
0.13471
0.17637
0.18981
0.28399
0.16072
0.23732
0.19222
0.14987
0.10345
0.19522
0.24588
0.22292
0.26514
0.20956
0.22999
0.27971
0.27998
0.13097
0.21711
0.11531
0.20619
0.19303
0.12264
0.14325
0.32055
0.14697
0.10513
0.23015
0.19184
0.18548
0.20371
0.35827
0.16734
0.15989
0.31967
0.17446
0.20061
0.26361
0.25958
0.19565
0.18053
0.13050
0.24850
0.19514
0.23555
0.12652
0.22027
0.23049
0.23864
0.19853
0.32099
0.31466
0.28715
0.18394
0.22409
0.29204
0.31336
0.34650
0.09178
0.27553
0.16328
0.28738
0.20579
0.14866
0.17933
0.21760
0.17227
0.27023
0.22031
0.13240
0.13837
0.13052
0.28736
0.24762
0.28433
0.17207
0.23231
0.24680
0.19708
0.13410
0.27430
0.29186
0.36923
0.23435
0.34059
0.24464
0.23358
0.29660
0.26474
0.27453
0.16857
0.18573
0.19606
0.23478
0.09021
0.17033
0.22109
0.15299
0.27025
0.14076
0.20465
0.21072
0.28510
0.27073
0.25638
0.19182
0.29717
0.18185
0.15718
0.31193
0.16256
0.25156
0.15707
0.18873
0.18728
0.13061
0.26825
0.34200
0.14203
0.13128
0.25779
0.23846
0.16321
0.12068
0.13518
0.15675
0.13323
0.19874
0.20241
0.12436
0.28325
0.24081
0.21772
0.15045
0.20131
0.29392
0.19440
0.25089
0.36110
0.19099
0.29100
0.30541
0.28064
0.30117
0.29742
0.20242
0.35856
0.25602
0.22746
0.26653
0.23264
0.28872
0.19907
0.37185
0.34250
0.26245
0.23533
0.25887
0.20614
0.35270
0.24981
0.23405
0.32070
0.33306
0.18403
0.24229
0.30347
0.28378
0.24259
0.24890
0.28358
0.31895
0.22489
0.22313
0.35748
0.25024
0.25117
0.32644
0.19623
0.30061
0.35578
0.27468
0.28987
0.27941
0.27399
0.24772
0.29328
0.32389
0.21113
0.29682
0.33388
0.23978
0.27382
0.29583
0.18484
0.27440
0.27129
0.27983
0.31679
0.30122
0.23358
0.20938
0.29712
0.37194
0.16763
0.26820
0.21746
0.19961
0.22877
0.36607
0.31365
0.33093
0.18358
0.35618
0.26507
0.25240
0.37402
0.32199
0.27743
0.28794
0.22948
0.26789
0.18489
0.35237
0.28232
0.22181
0.16703
0.31976
0.20563
0.26427
0.28324
0.24628
0.34918
0.33778
0.21588
0.31154
0.29117
0.19019
0.19263
0.27620
0.21353
0.17743
0.16591
0.29449
0.34397
0.24674
0.23844
0.24977
0.27186
0.23555
0.29252
0.23529
0.26870
0.21485
0.28345
0.24675
0.23558
0.19861
0.33357
0.29274
0.20796
0.28806
0.31017
0.27978
0.34510
0.33128
0.23632
0.24402
0.20519
0.29511
0.31848
0.25223
0.26869
0.25595
0.17885
0.31482
0.25248
0.28524
0.21257
0.27782
0.30701
0.30697
0.20534
0.23830
0.28901
0.20011
0.27734
0.21181
0.25206
0.23899
0.24426
0.17969
0.31547
0.33758
0.33148
0.23805
0.18854
0.32772
0.24425
0.17994
0.22191
0.32057
0.29750
0.19151
0.19991
0.25136
0.24723
0.17038
0.17696
0.22522
0.26861
0.20099
0.23634
0.25598
0.30173
0.19356
0.24097
0.28521
0.26616
0.19462
0.29232
0.25947
0.27458
0.39000
0.20611
0.30965
0.23703
0.35379
0.32023
0.21766
0.27911
0.28086
0.27131
0.22001
0.30872
0.27895
0.25558
0.30226
0.28535
0.34499
0.24657
0.25865
0.21534
0.34650
0.17879
0.27818
0.22220
0.26026
0.29465
0.25814
0.22243
0.23236
0.23770
0.31086
0.21452
0.30236
0.24014
0.23505
0.28709
0.29983
0.30811
0.16896
0.23460
0.33118
0.34013
0.23349
0.25646
0.28024
0.26525
0.23776
0.21412
0.30112
0.29095
0.26589
0.23924
0.22972
0.26290
0.32080
0.26973
0.27989
0.20887
0.33388
0.26654
0.16413
0.19772
0.28845
0.29370
0.25690
0.25747
0.25931
0.32513
0.35936
0.16782
0.25305
0.31545
0.26782
0.24587
0.30079
0.34359
0.23583
0.20025
0.20242
0.22277
0.27519
0.36858
0.29419
0.30323
0.27345
0.23766
0.26573
0.30250
0.28487
0.17876
0.34139
0.21225
0.25546
0.35260
0.29134
0.24063
0.26223
0.26213
0.31069
0.32017
0.34465
0.26572
0.28456
0.20708
0.30601
0.32142
0.15164
0.25743
0.21484
0.23169
0.24018
0.25470
0.26731
0.24050
0.27133
0.23259
0.22889
0.23708
0.35316
0.26138
0.23893
0.20260
0.29386
0.25125
0.24254
0.20374
0.34234
0.30626
0.33171
0.24095
0.20895
0.24088
0.26868
0.21469
0.26022
0.18235
0.33073
0.26927
0.33454
0.27377
0.31357
0.34152
0.26794
0.23244
0.29257
0.16400
0.18740
0.27496
0.21983
0.27031
0.31224
0.29035
0.33084
0.39125
0.32729
0.33730
0.27661
0.32746
0.25838
0.35596
0.24715
0.27732
0.32898
0.32445
0.28224
0.33879
0.40415
0.24736
0.20886
0.34585
0.24266
0.33114
0.31857
0.25537
0.24897
0.36299
0.22544
0.26830
0.31317
0.27612
0.21364
0.21298
0.26187
0.26965
0.28228
0.30078
0.29241
0.25495
0.28813
0.27056
0.28526
0.26936
0.28206
0.17340
0.31457
0.30445
0.36767
0.29779
0.30988
0.39099
0.38595
0.28512
0.19438
0.27742
0.37769
0.29035
0.20670
0.28005
0.33716
0.24315
0.20121
0.31624
0.25366
0.26601
0.20541
0.31008
0.34158
0.42684
0.32369
0.28781
0.24998
0.37519
0.31366
0.30193
0.31355
0.35899
0.29074
0.21747
0.28856
0.44749
0.27673
0.41025
0.39801
0.22527
0.28162
0.34730
0.27670
0.28153
0.24557
0.28051
0.19232
0.29708
0.29301
0.30373
0.29331
0.37683
0.26284
0.26635
0.25971
0.20522
0.26308
0.38302
0.26081
0.16518
0.32497
0.15088
0.22119
0.40446
0.18427
0.27234
0.23359
0.28986
0.22801
0.41777
0.19170
0.31774
0.37282
0.25075
0.25116
0.25938
0.26370
0.20847
0.34275
0.16778
0.34754
0.32675
0.24481
0.25286
0.20650
0.34289
0.29324
0.21183
0.36552
0.41503
0.33554
0.28152
0.34294
0.37262
0.24409
0.28030
0.28429
0.36290
0.20808
0.22879
0.24918
0.33969
0.28037
0.24629
0.26154
0.33992
0.38733
0.23475
0.28304
0.33471
0.29226
0.27297
0.24543
0.39397
0.29950
0.30967
0.29733
0.28427
0.32661
0.27533
0.29458
0.21655
0.34716
0.24736
0.23035
0.32202
0.28492
0.24508
0.27211
0.21571
0.33534
0.24972
0.14331
0.20945
0.17587
0.23405
0.29615
0.20634
0.26016
0.32408
0.27875
0.10566
0.17509
0.14707
0.29812
0.24835
0.19940
0.27486
0.13544
0.23047
0.22436
0.22407
0.20225
0.15600
0.22356
0.31957
0.18486
0.24466
0.24133
0.08446
0.31016
0.21779
0.17255
0.11288
0.20184
0.29679
0.20818
0.23216
0.21491
0.33618
0.15278
0.16387
0.16958
0.14809
0.26728
0.16040
0.16606
0.26050
0.30105
0.20376
0.29776
0.24068
0.10369
0.28671
0.13119
0.11743
0.28924
0.16714
0.26738
0.24130
0.19448
0.20826
0.22464
0.27039
0.25275
0.08664
0.21915
0.16040
0.22331
0.21064
0.22636
0.11710
0.27502
0.20449
0.17398
0.23250
0.32748
0.23161
0.25796
0.29170
0.14108
0.12073
0.22441
0.16283
0.19672
0.27202
0.25973
0.21298
0.31958
0.27028
0.29460
0.19861
0.22449
0.20232
0.09470
0.24741
0.19853
0.13410
0.24060
0.22482
0.29754
0.22533
0.14899
0.12658
0.19913
0.22324
0.25910
0.29080
0.21913
0.27328
0.32536
0.18546
0.24865
0.19453
0.17535
0.15720
0.17582
0.17435
0.17057
0.29513
0.25440
0.14698
0.11763
0.14894
0.20566
0.16526
0.29259
