0.07812
0.09412
0.03402
0.23714
0.07356
0.18023
0.25558
0.17675
0.12367
0.07142
0.15123
0.13583
0.14742
0.13761
0.07980
0.21997
0.14455
0.11438
0.06580
0.18785
0.28002
0.09327
0.13289
0.05238
0.23398
0.13896
0.11674
0.24706
0.07380
0.17047
0.16106
0.22091
0.15860
0.10938
0.05211
0.09892
0.15329
0.04731
0.09667
0.13547
0.28556
0.28447
0.04694
0.11630
0.27804
0.21070
0.14647
0.22651
0.19692
0.15657
0.09906
0.15884
0.10052
0.25362
0.09897
0.21960
0.16562
0.11914
0.13091
0.07576
0.26909
0.31807
0.12542
0.18459
0.27338
0.31117
0.04980
0.16637
0.10083
0.02502
0.11240
0.32457
0.31991
0.20843
0.27988
0.12276
0.06903
0.02381
0.19068
0.14868
0.32143
0.14786
0.32809
0.28638
0.28677
0.34432
0.09434
0.03620
0.12665
0.28516
0.29818
0.16613
0.08907
0.27386
0.06708
0.16210
0.21582
0.18949
0.20582
0.11279
0.09938
0.14673
0.12358
0.12276
0.18679
0.29770
0.13263
0.16534
0.13531
0.27089
0.04081
0.24898
0.07081
0.21421
0.11732
0.17215
0.29054
0.04259
0.04739
0.17307
0.18817
0.06881
0.29676
0.02639
0.09056
0.13395
0.31658
0.26032
0.15580
0.23764
0.07899
0.15253
0.30862
0.36446
0.10564
0.16274
0.03226
0.27436
0.25273
0.04028
0.12450
0.02744
0.28429
0.16545
0.15184
0.27476
0.06864
0.35016
0.16142
0.09971
0.14517
0.24460
0.10871
0.32008
0.29938
0.31137
0.09661
0.11875
0.19458
0.22657
0.26171
0.20152
0.24047
0.33247
0.09329
0.10433
0.30013
0.27702
0.04050
0.27136
0.03111
0.23476
0.17178
0.05832
0.09652
0.23751
0.05318
0.06530
0.14414
0.26510
0.06345
0.10450
0.18522
0.15206
0.07697
0.11797
0.23179
0.25866
0.25311
0.18320
0.14812
0.05662
0.03276
0.12947
0.12687
0.22285
0.17434
0.14470
0.06384
0.22541
0.20061
0.04932
0.17392
0.14006
0.06917
0.19610
0.07451
0.17216
0.25520
0.06834
0.25862
0.20297
0.08735
0.23267
0.26698
0.26341
0.13092
0.23683
0.19915
0.35802
0.10652
0.17980
0.10145
0.04711
0.07775
0.04517
0.13581
0.15470
0.15308
0.05215
0.26411
0.09282
0.28128
0.11391
0.02412
0.27320
0.12836
0.03285
0.11295
0.27297
0.04295
0.29388
0.07576
0.10536
0.17091
0.22297
0.10719
0.03288
0.09167
0.09324
0.11190
0.09949
0.12906
0.22785
0.13468
0.17891
0.17752
0.05741
0.05531
0.14375
0.18828
0.17154
0.21339
0.17315
0.12753
0.19383
0.28900
0.09021
0.13990
0.07066
0.05737
0.14442
0.06736
0.02951
0.36964
0.15700
0.04208
0.17692
0.11876
0.06247
0.15383
0.36031
0.13966
0.07961
0.30474
0.12508
0.19283
0.15980
0.21475
0.12151
0.07416
0.03903
0.19714
0.22926
0.17515
0.10279
0.16568
0.15787
0.15415
0.13058
0.32563
0.27085
0.25400
0.11558
0.09063
0.32941
0.31030
0.35173
0.04794
0.26848
0.13739
0.28153
0.14139
0.06998
0.15972
0.09717
0.09229
0.20072
0.25375
0.08402
0.03692
0.05576
0.25204
0.22921
0.24540
0.13068
0.21786
0.22376
0.15182
0.06177
0.21688
0.24745
0.36419
0.22504
0.33072
0.21614
0.22541
0.30026
0.28349
0.26661
0.04151
0.07339
0.11025
0.22616
0.02538
0.05386
0.21744
0.09963
0.23738
0.09016
0.18698
0.15137
0.22616
0.27678
0.27785
0.19009
0.28132
0.11832
0.15380
0.30401
0.03350
0.22610
0.04608
0.06455
0.18329
0.06034
0.27086
0.37385
0.07563
0.08146
0.13219
0.26402
0.12186
0.06308
0.06394
0.04991
0.05828
0.06747
0.21915
0.04038
0.28467
0.12658
0.20887
0.07249
0.14579
0.29584
0.23475
0.31036
0.34826
0.20588
0.29022
0.31613
0.31295
0.35625
0.28494
0.26032
0.34746
0.28674
0.23219
0.26971
0.20906
0.31612
0.18589
0.37740
0.32118
0.22580
0.27555
0.26265
0.30325
0.35906
0.30077
0.25997
0.31533
0.32644
0.23851
0.29325
0.33981
0.29122
0.21757
0.26747
0.33060
0.29594
0.28238
0.20935
0.33036
0.25883
0.25875
0.33706
0.18336
0.30411
0.36084
0.29445
0.31094
0.32992
0.33278
0.22780
0.32190
0.34350
0.24571
0.32532
0.31910
0.29198
0.31296
0.30944
0.20104
0.33529
0.27691
0.27079
0.31739
0.29561
0.30987
0.17930
0.27682
0.36980
0.11969
0.29609
0.23530
0.23129
0.18782
0.36611
0.29085
0.32028
0.14917
0.35016
0.27481
0.27625
0.37026
0.31028
0.32877
0.29462
0.24962
0.27197
0.17313
0.35119
0.31888
0.26101
0.17387
0.31836
0.20168
0.27973
0.29047
0.26696
0.33804
0.31548
0.21304
0.33424
0.31135
0.18327
0.20998
0.33119
0.19274
0.18989
0.12880
0.29504
0.33434
0.28648
0.29131
0.24231
0.33303
0.20588
0.31688
0.30318
0.32088
0.20807
0.28584
0.32272
0.21375
0.16517
0.36979
0.29588
0.22310
0.32671
0.29889
0.25590
0.35605
0.30962
0.25661
0.30152
0.21895
0.28195
0.30802
0.29368
0.27520
0.23341
0.14732
0.34274
0.21571
0.32260
0.23253
0.30474
0.34154
0.30074
0.20209
0.20991
0.30329
0.21081
0.32319
0.18043
0.23371
0.23232
0.20606
0.23164
0.31148
0.30693
0.30680
0.24365
0.17777
0.30307
0.20107
0.22584
0.23117
0.30716
0.30070
0.13998
0.17871
0.29204
0.29730
0.22898
0.14970
0.21508
0.27026
0.25837
0.23740
0.30994
0.35419
0.15591
0.25249
0.27365
0.30323
0.16499
0.32138
0.28343
0.24873
0.37819
0.19323
0.31079
0.22954
0.36836
0.32642
0.26675
0.26767
0.30654
0.29371
0.17417
0.30469
0.29686
0.27528
0.27306
0.28556
0.33538
0.24293
0.28946
0.24547
0.34468
0.26614
0.32397
0.23054
0.29439
0.28442
0.26188
0.19808
0.27329
0.24842
0.30522
0.23838
0.31000
0.23278
0.30063
0.29037
0.27349
0.30519
0.14221
0.25714
0.31316
0.30502
0.29098
0.30714
0.32899
0.25390
0.27472
0.24518
0.27078
0.30221
0.30731
0.24462
0.16243
0.30099
0.29968
0.24552
0.30933
0.21808
0.32368
0.33202
0.22730
0.20815
0.27213
0.28861
0.30943
0.28892
0.26061
0.35237
0.35234
0.14308
0.21378
0.31322
0.27853
0.30991
0.30890
0.32649
0.22398
0.19426
0.19005
0.29907
0.31020
0.35877
0.28096
0.28629
0.30396
0.22666
0.23445
0.30233
0.26186
0.19480
0.32819
0.23557
0.21782
0.33942
0.31652
0.28729
0.23088
0.26980
0.28313
0.36541
0.32270
0.24899
0.25917
0.17538
0.32366
0.29920
0.12536
0.27986
0.18294
0.26501
0.32213
0.21527
0.29466
0.24600
0.28528
0.20508
0.27306
0.23994
0.32431
0.29548
0.31131
0.18287
0.28879
0.25133
0.24776
0.25137
0.32804
0.26563
0.34483
0.25292
0.24463
0.28672
0.27335
0.26278
0.27240
0.19333
0.34908
0.27459
0.30879
0.26235
0.28902
0.34617
0.26258
0.28048
0.34586
0.20826
0.22087
0.33960
0.24599
0.31894
0.29474
0.29483
0.33676
0.37796
0.30870
0.31243
0.26306
0.31190
0.29254
0.37330
0.26098
0.27475
0.32152
0.32086
0.32655
0.32506
0.41094
0.22886
0.29540
0.34786
0.24140
0.30437
0.32027
0.25090
0.25340
0.33852
0.23814
0.31547
0.31539
0.31102
0.28050
0.28212
0.29428
0.28690
0.28444
0.35301
0.29478
0.25794
0.31159
0.28169
0.33084
0.30986
0.27303
0.13478
0.33072
0.33448
0.36208
0.33080
0.30885
0.40990
0.39239
0.30414
0.19524
0.32487
0.38133
0.26463
0.19748
0.33123
0.33875
0.21625
0.28082
0.31645
0.24925
0.27530
0.23505
0.35731
0.34592
0.40690
0.32704
0.32986
0.27060
0.39701
0.31451
0.31289
0.29451
0.37787
0.30779
0.18586
0.31921
0.46519
0.23681
0.41641
0.42589
0.18266
0.30156
0.38075
0.32688
0.31082
0.27491
0.30202
0.18905
0.30412
0.30036
0.29665
0.30281
0.38626
0.31401
0.30102
0.26051
0.22580
0.27674
0.39272
0.24597
0.08865
0.32890
0.16979
0.18126
0.42685
0.14155
0.21855
0.21031
0.30019
0.25756
0.45518
0.18024
0.35302
0.40291
0.24719
0.19356
0.27514
0.24436
0.20542
0.38002
0.18131
0.35173
0.35022
0.28860
0.23613
0.26402
0.33013
0.27979
0.21460
0.34934
0.43996
0.30748
0.29685
0.37689
0.35953
0.23572
0.24912
0.28746
0.37539
0.19083
0.21762
0.26888
0.35302
0.30181
0.25691
0.27931
0.34702
0.35917
0.22355
0.32757
0.34345
0.30580
0.29901
0.26636
0.39075
0.31593
0.26411
0.30000
0.30114
0.34231
0.26803
0.31694
0.22865
0.33847
0.26896
0.27467
0.32952
0.31000
0.26397
0.30344
0.14019
0.33207
0.23330
0.00953
0.13392
0.21479
0.21106
0.20861
0.18149
0.28662
0.33612
0.14849
0.06113
0.17159
0.05946
0.25930
0.23069
0.17113
0.31523
0.10366
0.07569
0.20488
0.22035
0.08586
0.12488
0.21227
0.28204
0.20614
0.21775
0.24528
0.05463
0.33004
0.26424
0.09046
0.05006
0.12359
0.30210
0.09363
0.20563
0.20741
0.27248
0.07752
0.07536
0.13512
0.07439
0.29219
0.15200
0.08044
0.21690
0.24325
0.12686
0.29357
0.21521
0.04191
0.28177
0.05632
0.08231
0.28838
0.20186
0.28095
0.04814
0.04207
0.20761
0.20684
0.28888
0.18837
0.03709
0.03287
0.19391
0.21280
0.15606
0.14632
0.13302
0.26051
0.17019
0.06497
0.27345
0.31361
0.10761
0.13220
0.11849
0.05608
0.02086
0.16884
0.07748
0.19613
0.23924
0.27308
0.20249
0.32160
0.23909
0.27986
0.19823
0.23042
0.17240
0.01643
0.22261
0.05781
0.06185
0.25156
0.22891
0.26100
0.26545
0.05959
0.09141
0.15932
0.22554
0.20759
0.29908
0.05663
0.23472
0.28345
0.06598
0.22049
0.07912
0.03258
0.03083
0.10112
0.07130
0.07876
0.24962
0.25533
0.10651
0.06841
0.04786
0.05041
0.04260
0.27510
