0.06748
0.12098
0.05936
0.23373
0.08915
0.12485
0.20495
0.14544
0.13649
0.07524
0.17743
0.10275
0.13371
0.11049
0.09331
0.20764
0.18878
0.12056
0.09881
0.13066
0.27014
0.14197
0.13757
0.09057
0.16967
0.12811
0.14483
0.29564
0.14626
0.17435
0.13242
0.25280
0.18223
0.11465
0.14077
0.09698
0.11091
0.10079
0.11642
0.14755
0.31538
0.27013
0.08775
0.11871
0.26506
0.23867
0.11089
0.24643
0.14645
0.15114
0.10728
0.12347
0.19121
0.29155
0.10102
0.25112
0.21079
0.12187
0.13840
0.07546
0.29434
0.24724
0.12346
0.19812
0.28051
0.29037
0.06764
0.13942
0.11385
0.07001
0.15618
0.25690
0.33122
0.21211
0.24691
0.09835
0.12854
0.06330
0.19418
0.16780
0.28381
0.18411
0.25268
0.27038
0.25070
0.36060
0.10122
0.05970
0.11412
0.23157
0.29606
0.16438
0.06350
0.26962
0.03247
0.13916
0.21406
0.21303
0.20274
0.14453
0.08905
0.16596
0.15590
0.12933
0.19951
0.29262
0.15706
0.17751
0.24305
0.25729
0.05088
0.25371
0.06568
0.28215
0.13349
0.14096
0.26595
0.05949
0.07749
0.21318
0.22157
0.04834
0.26581
0.03435
0.10797
0.14862
0.34506
0.24806
0.14623
0.21341
0.06622
0.10650
0.30459
0.30671
0.10862
0.15602
0.06105
0.29858
0.22311
0.04821
0.14941
0.06457
0.27970
0.21768
0.17329
0.25836
0.06829
0.31504
0.15682
0.09098
0.23557
0.23093
0.13772
0.30334
0.29072
0.33420
0.09201
0.13510
0.16587
0.20840
0.25783
0.20818
0.31312
0.30019
0.08862
0.08461
0.31562
0.23983
0.09106
0.23404
0.04929
0.16683
0.22272
0.05190
0.08417
0.20804
0.06694
0.07411
0.17990
0.26339
0.06553
0.10419
0.20305
0.12963
0.10703
0.16019
0.19452
0.24003
0.20818
0.20939
0.11433
0.04433
0.03224
0.14100
0.14658
0.24252
0.19398
0.18056
0.08074
0.26947
0.23615
0.07490
0.12769
0.19179
0.04423
0.22303
0.11290
0.19848
0.23561
0.15589
0.21713
0.19173
0.10974
0.25428
0.24506
0.27385
0.13444
0.31974
0.20419
0.30887
0.11312
0.24443
0.08508
0.05562
0.11401
0.05001
0.19238
0.22377
0.18247
0.05099
0.26030
0.11970
0.19874
0.10898
0.03054
0.21564
0.11486
0.03658
0.12833
0.28748
0.05057
0.29812
0.11168
0.10735
0.17218
0.19449
0.11984
0.03614
0.10556
0.12788
0.11832
0.09255
0.10658
0.28815
0.14991
0.16635
0.18756
0.07493
0.06055
0.13787
0.19473
0.13346
0.19332
0.18135
0.08358
0.28508
0.25962
0.09245
0.19585
0.03870
0.07830
0.13460
0.05510
0.03649
0.35384
0.12123
0.04958
0.22412
0.16669
0.07280
0.17148
0.28001
0.13436
0.06351
0.30383
0.12382
0.15178
0.17452
0.19676
0.17076
0.09103
0.07118
0.21668
0.20023
0.15395
0.11222
0.14752
0.16702
0.20864
0.14126
0.31863
0.26009
0.23165
0.15301
0.11446
0.30090
0.32231
0.30220
0.04044
0.25745
0.11853
0.29173
0.13227
0.07377
0.14210
0.11712
0.11566
0.25284
0.22757
0.08630
0.08683
0.09015
0.28766
0.16211
0.23139
0.16005
0.22082
0.24131
0.10147
0.04112
0.24061
0.33124
0.34539
0.27450
0.30426
0.19553
0.22381
0.27958
0.25289
0.24147
0.09581
0.08053
0.10472
0.22405
0.05096
0.08704
0.18416
0.07004
0.22743
0.06627
0.16371
0.15796
0.25401
0.26119
0.26592
0.14657
0.31005
0.13090
0.18917
0.28896
0.09719
0.19631
0.04973
0.09177
0.18099
0.05449
0.20673
0.32273
0.12461
0.06398
0.17882
0.24212
0.11000
0.04403
0.04592
0.08079
0.08039
0.09429
0.15755
0.08278
0.28091
0.11615
0.19767
0.08131
0.20932
0.27469
0.24110
0.29144
0.33736
0.19438
0.27037
0.31124
0.31658
0.29536
0.26521
0.21304
0.32995
0.27575
0.27904
0.26487
0.21502
0.29155
0.19350
0.35754
0.28986
0.28546
0.27000
0.26375
0.25472
0.36641
0.30219
0.22133
0.29266
0.32278
0.25043
0.26026
0.30682
0.27715
0.25851
0.25495
0.28436
0.27813
0.27842
0.24498
0.32043
0.27390
0.27211
0.33410
0.21085
0.32480
0.34282
0.30323
0.30170
0.28823
0.29846
0.24952
0.28947
0.31856
0.23234
0.28330
0.30830
0.24574
0.31692
0.31725
0.20139
0.29759
0.26064
0.27498
0.27526
0.26207
0.28927
0.18921
0.25741
0.32548
0.15026
0.29742
0.25070
0.18147
0.20846
0.38025
0.31584
0.27428
0.18585
0.30507
0.26838
0.28378
0.34312
0.29189
0.29114
0.28178
0.25833
0.28327
0.20884
0.34895
0.28735
0.22237
0.16540
0.33885
0.20295
0.27109
0.27598
0.25897
0.32742
0.28217
0.21239
0.30687
0.29249
0.18540
0.22848
0.28389
0.20338
0.19886
0.17194
0.30550
0.28956
0.28498
0.27664
0.24684
0.29689
0.22892
0.30313
0.27583
0.28512
0.23276
0.28283
0.28939
0.18752
0.18961
0.36364
0.26458
0.23574
0.28577
0.28627
0.25157
0.37538
0.27046
0.23711
0.28655
0.20204
0.28479
0.32539
0.26513
0.27706
0.22461
0.19536
0.30615
0.23288
0.31888
0.22052
0.29135
0.30287
0.26548
0.20689
0.23922
0.30006
0.22234
0.29584
0.18569
0.23258
0.23551
0.23697
0.20892
0.33017
0.29287
0.29148
0.27571
0.25054
0.30989
0.23564
0.23849
0.25758
0.28311
0.31490
0.16906
0.19129
0.28136
0.28691
0.23519
0.17307
0.25110
0.25598
0.21947
0.26221
0.25500
0.31445
0.18541
0.25927
0.26350
0.26386
0.18503
0.27417
0.26730
0.25536
0.39704
0.22274
0.30233
0.23523
0.34527
0.27959
0.29187
0.28256
0.29032
0.27670
0.19167
0.31340
0.28921
0.25642
0.24521
0.27766
0.32403
0.25597
0.28698
0.23131
0.29423
0.23980
0.30384
0.23563
0.28368
0.28398
0.29883
0.23162
0.29767
0.25975
0.32279
0.22524
0.31613
0.24713
0.26366
0.26214
0.26720
0.28047
0.17451
0.25268
0.30982
0.29633
0.25105
0.30943
0.30813
0.24682
0.27094
0.23650
0.27575
0.30051
0.31860
0.26849
0.21170
0.29056
0.27711
0.26475
0.24476
0.25259
0.32881
0.31563
0.24657
0.22932
0.27582
0.28809
0.28944
0.26310
0.24285
0.31392
0.32812
0.17088
0.24445
0.27319
0.26746
0.28117
0.31700
0.30724
0.24950
0.23355
0.20431
0.27513
0.28307
0.34304
0.28300
0.30335
0.29782
0.24450
0.25093
0.27310
0.26061
0.19132
0.28300
0.21836
0.24337
0.30140
0.30863
0.30489
0.23865
0.27543
0.27332
0.32707
0.30866
0.26234
0.24397
0.21144
0.30970
0.30980
0.15414
0.26726
0.22226
0.25521
0.28147
0.25217
0.28182
0.24388
0.25635
0.22303
0.24774
0.25568
0.30814
0.29857
0.29797
0.21672
0.27373
0.25802
0.24047
0.22126
0.29535
0.26095
0.33084
0.26343
0.25378
0.28354
0.28316
0.28707
0.26700
0.19719
0.30358
0.28440
0.30640
0.27228
0.25269
0.31888
0.27785
0.26468
0.30971
0.18964
0.20962
0.30089
0.24472
0.30168
0.29187
0.29532
0.33324
0.36257
0.27790
0.29835
0.27353
0.28563
0.26507
0.35015
0.24241
0.26942
0.32291
0.29624
0.29600
0.30926
0.36207
0.24116
0.29332
0.32195
0.23705
0.29446
0.33120
0.26710
0.23843
0.34052
0.24006
0.28967
0.28954
0.30377
0.26252
0.23880
0.29688
0.26479
0.26749
0.32727
0.29571
0.27870
0.30063
0.28204
0.28205
0.26613
0.29115
0.14375
0.29752
0.32839
0.34175
0.31909
0.31197
0.39727
0.40145
0.28308
0.19243
0.30488
0.37234
0.30414
0.24131
0.32550
0.34807
0.25768
0.23210
0.33945
0.25327
0.27081
0.26038
0.33157
0.37029
0.42616
0.29191
0.31505
0.25630
0.40148
0.26783
0.30245
0.30976
0.36158
0.29816
0.21408
0.29170
0.46819
0.26284
0.40747
0.40937
0.22604
0.29719
0.37674
0.31084
0.30292
0.25011
0.26876
0.24694
0.31248
0.32869
0.31394
0.27881
0.38659
0.29403
0.28896
0.27839
0.22928
0.26611
0.40638
0.25705
0.14126
0.34128
0.16286
0.18441
0.39629
0.17947
0.24110
0.23655
0.27128
0.26054
0.42807
0.20255
0.33507
0.40245
0.25678
0.26451
0.25643
0.27229
0.17822
0.37194
0.19196
0.36055
0.35971
0.28083
0.27193
0.22201
0.34632
0.30445
0.23312
0.32908
0.41848
0.33546
0.29274
0.35712
0.36482
0.20926
0.28047
0.29225
0.39921
0.20075
0.22499
0.26796
0.38690
0.27217
0.27073
0.26533
0.31461
0.39189
0.26817
0.28970
0.32981
0.30232
0.29192
0.27731
0.41942
0.29094
0.25020
0.28374
0.29020
0.37043
0.29408
0.29777
0.24553
0.35423
0.25494
0.24825
0.29980
0.31227
0.23196
0.29011
0.15880
0.30710
0.21145
0.03829
0.16009
0.15398
0.26782
0.26878
0.20241
0.24344
0.32665
0.19019
0.06367
0.10237
0.04837
0.32477
0.28289
0.15368
0.32144
0.08047
0.10348
0.17791
0.25985
0.07810
0.07371
0.15881
0.24459
0.19355
0.21554
0.24641
0.07534
0.29955
0.25197
0.02625
0.04670
0.13262
0.21789
0.08675
0.19610
0.21102
0.28519
0.05527
0.10068
0.09489
0.09307
0.31264
0.06524
0.12416
0.20866
0.21529
0.13761
0.29919
0.22630
0.03373
0.24613
0.08860
0.09566
0.19463
0.17093
0.25143
0.10237
0.08333
0.20438
0.21920
0.25331
0.25559
0.01835
0.03146
0.19515
0.20425
0.16428
0.20071
0.09726
0.25469
0.13930
0.09918
0.25588
0.29887
0.08816
0.12036
0.16400
0.03770
0.02046
0.14470
0.07153
0.21176
0.26532
0.29002
0.20371
0.29809
0.24572
0.22384
0.21784
0.22178
0.23572
0.03982
0.25718
0.11427
0.05954
0.19393
0.25668
0.29553
0.15821
0.05741
0.06052
0.12594
0.14951
0.14116
0.26327
0.05558
0.18122
0.26776
0.07593
0.22453
0.10363
0.01832
0.03242
0.13175
0.06053
0.04911
0.24368
0.26703
0.12071
0.10192
0.03443
0.09591
0.12862
0.24201
