0.09309
0.11997
0.06483
0.21838
0.09068
0.15461
0.24330
0.14259
0.21011
0.04517
0.21376
0.14624
0.19135
0.12025
0.14521
0.23426
0.15547
0.13277
0.07965
0.13641
0.26870
0.14779
0.16447
0.06580
0.24998
0.19861
0.15740
0.26473
0.11021
0.19259
0.18529
0.21658
0.13643
0.11392
0.13192
0.10177
0.14782
0.08389
0.15454
0.14682
0.30646
0.28222
0.08583
0.16154
0.25842
0.25031
0.19338
0.23079
0.19983
0.18339
0.10185
0.15882
0.16271
0.26735
0.09559
0.20598
0.22545
0.13098
0.16735
0.06711
0.30302
0.30734
0.18374
0.18845
0.30356
0.32709
0.05197
0.15242
0.07332
0.04632
0.12633
0.31216
0.31513
0.21064
0.24870
0.12972
0.07504
0.07356
0.21898
0.15831
0.28594
0.25446
0.31300
0.25312
0.28968
0.38004
0.09670
0.09301
0.13492
0.25391
0.32804
0.18792
0.10878
0.25632
0.09465
0.16372
0.23697
0.22026
0.20674
0.18160
0.09857
0.20356
0.14367
0.12493
0.25886
0.28256
0.13877
0.15795
0.19497
0.28194
0.03898
0.27041
0.09253
0.26341
0.13669
0.14774
0.26542
0.03791
0.04589
0.19195
0.21382
0.07380
0.29351
0.02711
0.13084
0.14074
0.31890
0.27708
0.25213
0.27326
0.09386
0.10504
0.31750
0.32242
0.09875
0.16170
0.08651
0.29826
0.28009
0.09016
0.13553
0.07059
0.30077
0.19386
0.16979
0.20685
0.13325
0.36532
0.19438
0.09117
0.17870
0.28699
0.11427
0.33591
0.31015
0.32711
0.16348
0.17669
0.12023
0.19004
0.27233
0.23311
0.30676
0.33032
0.09239
0.13223
0.29919
0.28937
0.09032
0.22910
0.05303
0.24783
0.22196
0.04534
0.11385
0.22825
0.09590
0.09631
0.19739
0.26988
0.13744
0.09996
0.24517
0.16829
0.10541
0.17292
0.22955
0.27936
0.27079
0.18169
0.14615
0.07640
0.05612
0.15055
0.16370
0.23426
0.25606
0.14444
0.08720
0.30468
0.21551
0.05673
0.22868
0.17005
0.07707
0.30045
0.11082
0.23478
0.27290
0.14823
0.24348
0.23505
0.12572
0.26620
0.24481
0.23620
0.12430
0.29626
0.20864
0.37019
0.12811
0.21143
0.14946
0.09445
0.10687
0.05012
0.21792
0.23873
0.16106
0.06009
0.25236
0.12697
0.24304
0.19995
0.10293
0.28196
0.11857
0.07719
0.11347
0.31333
0.09771
0.28323
0.10148
0.11671
0.16185
0.21857
0.11016
0.04440
0.09027
0.09540
0.09971
0.15550
0.11024
0.31165
0.11638
0.17500
0.19481
0.08530
0.10934
0.13646
0.20774
0.16707
0.18355
0.19568
0.15275
0.24620
0.28567
0.10166
0.16368
0.06172
0.11766
0.13804
0.09588
0.06684
0.38460
0.20754
0.07041
0.21875
0.17322
0.11294
0.13785
0.34108
0.12270
0.18498
0.31261
0.11519
0.22680
0.18634
0.16995
0.15697
0.11431
0.07671
0.19201
0.23386
0.14005
0.10202
0.15946
0.19737
0.17784
0.14205
0.33175
0.25714
0.30041
0.18109
0.09683
0.31092
0.29846
0.33306
0.04565
0.25527
0.12668
0.26985
0.13038
0.10581
0.14619
0.14936
0.09746
0.22632
0.27140
0.09324
0.12996
0.06792
0.28724
0.24818
0.24024
0.18688
0.23882
0.24423
0.15021
0.09586
0.29070
0.29066
0.37488
0.26598
0.32148
0.21056
0.27256
0.30498
0.27698
0.27685
0.09275
0.06923
0.15996
0.23932
0.06475
0.06610
0.21885
0.14711
0.23407
0.15550
0.16311
0.17733
0.26399
0.27784
0.23735
0.20045
0.32455
0.13774
0.13065
0.31015
0.06851
0.16079
0.09180
0.07854
0.16792
0.11325
0.23581
0.33441
0.08731
0.08170
0.14712
0.27836
0.10147
0.07684
0.10041
0.10371
0.08744
0.09408
0.18976
0.09128
0.27837
0.17224
0.18823
0.08685
0.19494
0.30111
0.20415
0.26763
0.36581
0.18539
0.29822
0.31667
0.29336
0.30247
0.29342
0.23507
0.35929
0.24876
0.24552
0.23589
0.24578
0.30102
0.19056
0.38164
0.34445
0.24946
0.24506
0.25936
0.21954
0.33935
0.28214
0.22504
0.31258
0.33507
0.21363
0.23723
0.32399
0.27918
0.26808
0.25734
0.27910
0.32248
0.25044
0.21338
0.36625
0.24148
0.22813
0.33201
0.20185
0.31848
0.35822
0.30144
0.28960
0.27442
0.25460
0.24026
0.27417
0.34278
0.19927
0.28867
0.33046
0.19777
0.25554
0.29821
0.19609
0.29035
0.27088
0.28575
0.32253
0.29761
0.25685
0.17295
0.28707
0.37204
0.16090
0.29078
0.22029
0.19235
0.22153
0.35192
0.32016
0.31531
0.17400
0.36804
0.27270
0.30768
0.37070
0.31490
0.27991
0.29303
0.23320
0.28895
0.19343
0.36496
0.25930
0.22851
0.18232
0.33642
0.21877
0.27433
0.29277
0.27918
0.36690
0.33203
0.23041
0.31995
0.31805
0.16851
0.16778
0.26534
0.20633
0.21475
0.14342
0.30114
0.34899
0.27163
0.24740
0.24744
0.26763
0.22058
0.27406
0.26688
0.26215
0.21943
0.29354
0.24857
0.22610
0.18263
0.34877
0.31053
0.18578
0.31071
0.33395
0.27292
0.36539
0.31368
0.24421
0.26074
0.21996
0.29283
0.31646
0.28451
0.29569
0.24954
0.16801
0.30058
0.23282
0.30492
0.20059
0.24498
0.28496
0.29716
0.21673
0.24211
0.30128
0.20646
0.29478
0.19744
0.24141
0.24101
0.24954
0.18336
0.31322
0.33230
0.33496
0.21421
0.19608
0.32701
0.20207
0.19832
0.21283
0.31915
0.32584
0.18579
0.19190
0.30248
0.24570
0.20214
0.16193
0.23111
0.27046
0.20793
0.25868
0.24765
0.28705
0.19604
0.25029
0.27762
0.25861
0.19885
0.28667
0.27997
0.28172
0.38351
0.20730
0.30572
0.23759
0.37671
0.31462
0.25695
0.27516
0.26487
0.28190
0.21499
0.30596
0.28877
0.24455
0.29613
0.27560
0.34973
0.24191
0.29587
0.23629
0.35460
0.21379
0.27590
0.21421
0.25781
0.28319
0.25592
0.22981
0.19849
0.26700
0.32201
0.21736
0.31282
0.24974
0.24677
0.28752
0.29385
0.30305
0.16409
0.22825
0.33063
0.32571
0.22483
0.27258
0.29976
0.29217
0.26671
0.22148
0.30489
0.29000
0.24090
0.26200
0.20684
0.29037
0.31739
0.28567
0.24939
0.22584
0.33592
0.28178
0.16400
0.21987
0.28783
0.31340
0.25932
0.27709
0.24957
0.36570
0.36372
0.16398
0.24275
0.32733
0.25900
0.26975
0.31749
0.33626
0.24319
0.20608
0.22544
0.24366
0.26143
0.36663
0.29456
0.30214
0.27945
0.24374
0.27344
0.29070
0.28162
0.17835
0.34395
0.21514
0.25973
0.35370
0.31229
0.25341
0.27122
0.25474
0.29799
0.30858
0.34107
0.25680
0.28667
0.21700
0.29694
0.32142
0.13556
0.25794
0.21780
0.22840
0.24549
0.25389
0.26966
0.26342
0.24842
0.23437
0.23380
0.26108
0.34460
0.27151
0.24577
0.20063
0.29743
0.25260
0.24858
0.20038
0.35149
0.30713
0.33359
0.26080
0.27261
0.27196
0.27139
0.21574
0.28404
0.15912
0.32474
0.26093
0.35101
0.27531
0.32445
0.36593
0.29696
0.22767
0.27218
0.19364
0.21322
0.26500
0.23509
0.29268
0.30908
0.27466
0.28932
0.39484
0.32365
0.31452
0.29469
0.32489
0.30236
0.36863
0.25204
0.29709
0.33066
0.33071
0.27248
0.33667
0.40230
0.24993
0.23554
0.32262
0.25130
0.32805
0.33527
0.26356
0.23324
0.35679
0.23611
0.26734
0.32417
0.28156
0.26319
0.24367
0.22974
0.27567
0.29192
0.33448
0.29352
0.23572
0.28000
0.27868
0.28490
0.25227
0.30014
0.13999
0.34800
0.31260
0.36377
0.30301
0.31017
0.39752
0.39499
0.26215
0.19665
0.29579
0.38947
0.30002
0.24667
0.27189
0.34168
0.24767
0.19420
0.31516
0.24699
0.29018
0.23633
0.31861
0.38002
0.43256
0.32467
0.28389
0.25129
0.37803
0.30887
0.29286
0.29041
0.35103
0.24319
0.19871
0.32723
0.44901
0.24787
0.40509
0.41509
0.22804
0.28046
0.34341
0.29367
0.28396
0.26092
0.25714
0.20315
0.28625
0.27105
0.31456
0.30766
0.35986
0.25519
0.26758
0.25970
0.22419
0.24114
0.37842
0.25574
0.15108
0.34961
0.18229
0.20671
0.41041
0.17807
0.27657
0.22053
0.26164
0.23980
0.45144
0.22315
0.31235
0.38534
0.24055
0.24034
0.23135
0.25872
0.21899
0.35086
0.20407
0.37443
0.35877
0.24883
0.24778
0.22812
0.35417
0.29649
0.21858
0.35613
0.42828
0.32484
0.28588
0.35095
0.36227
0.19942
0.27654
0.28507
0.38346
0.21967
0.25274
0.21684
0.36959
0.25435
0.25617
0.27372
0.33116
0.36714
0.24567
0.27475
0.33885
0.30704
0.26012
0.25390
0.37757
0.28892
0.29393
0.26992
0.29521
0.35305
0.26037
0.29701
0.24728
0.34099
0.27164
0.23111
0.31319
0.29040
0.22192
0.26841
0.20870
0.32861
0.20889
0.04474
0.13539
0.20471
0.26614
0.28087
0.19832
0.23942
0.34973
0.13788
0.04369
0.24122
0.06097
0.30585
0.26227
0.20888
0.31981
0.02279
0.11595
0.21488
0.26014
0.10909
0.11622
0.23338
0.22544
0.22202
0.20595
0.29562
0.10552
0.30817
0.25579
0.06587
0.06752
0.10932
0.32552
0.13578
0.21682
0.21451
0.31246
0.10992
0.05145
0.04311
0.08695
0.25915
0.08594
0.11273
0.20572
0.27048
0.14441
0.26352
0.21734
0.05698
0.26969
0.05377
0.07935
0.27328
0.19121
0.26366
0.07510
0.10407
0.20298
0.19651
0.31193
0.26162
0.06836
0.04803
0.17768
0.21243
0.20468
0.21968
0.09095
0.21610
0.18155
0.12049
0.23140
0.27297
0.08926
0.16075
0.13223
0.06936
0.06479
0.20559
0.14793
0.19487
0.23440
0.24950
0.19311
0.35164
0.23046
0.22546
0.24964
0.22198
0.21380
0.02771
0.28912
0.12927
0.05405
0.21219
0.21957
0.29733
0.25468
0.05530
0.12599
0.14961
0.25402
0.21926
0.28706
0.08089
0.17617
0.28168
0.11110
0.25702
0.13234
0.02612
0.04332
0.18077
0.06185
0.08646
0.23253
0.29777
0.10114
0.09406
0.02219
0.06813
0.11264
0.21208
