0.07168
0.10915
0.04560
0.24729
0.06342
0.12517
0.19438
0.13592
0.19638
0.03886
0.20012
0.11837
0.15083
0.13482
0.06860
0.21539
0.14638
0.11411
0.06622
0.14774
0.28763
0.10326
0.15314
0.03329
0.19148
0.13175
0.12297
0.24927
0.04001
0.13267
0.13349
0.26124
0.12836
0.10324
0.08577
0.09078
0.14021
0.07190
0.10123
0.13476
0.31882
0.24702
0.04778
0.10715
0.27722
0.23956
0.12841
0.21439
0.17560
0.14729
0.09609
0.11417
0.12196
0.30326
0.08812
0.25517
0.23608
0.11228
0.06591
0.07874
0.28354
0.26516
0.09471
0.25986
0.26779
0.32968
0.03378
0.19778
0.08850
0.04086
0.10958
0.28904
0.33528
0.14951
0.26123
0.09769
0.06195
0.02755
0.24603
0.18285
0.29703
0.19082
0.31997
0.27646
0.28462
0.36922
0.10787
0.11240
0.13456
0.24961
0.31978
0.15700
0.03740
0.26198
0.04179
0.15501
0.20563
0.21953
0.21342
0.16778
0.09191
0.17606
0.09990
0.10802
0.18837
0.30165
0.10671
0.16557
0.19214
0.27740
0.02675
0.22375
0.06712
0.28726
0.10438
0.13341
0.27128
0.06057
0.11279
0.14036
0.24485
0.06936
0.27515
0.02230
0.11263
0.17280
0.30071
0.27696
0.19709
0.25260
0.09368
0.16399
0.32044
0.32724
0.09223
0.15514
0.04084
0.29497
0.26016
0.02992
0.19620
0.04110
0.29548
0.15787
0.10911
0.27057
0.10327
0.34899
0.20576
0.08596
0.13245
0.25650
0.10407
0.32046
0.31194
0.35442
0.09140
0.12534
0.14179
0.22446
0.25959
0.31036
0.29299
0.31849
0.08506
0.09706
0.33241
0.28692
0.03512
0.27577
0.05687
0.21470
0.26522
0.02791
0.09875
0.20885
0.05789
0.06106
0.15783
0.23598
0.06547
0.10584
0.17914
0.14897
0.08602
0.21585
0.21869
0.23808
0.24935
0.20768
0.11366
0.08796
0.05515
0.14960
0.09799
0.22196
0.22049
0.15975
0.12210
0.28856
0.16031
0.11594
0.12648
0.12727
0.04702
0.24127
0.12520
0.19782
0.25183
0.08078
0.23286
0.22595
0.09386
0.26125
0.29256
0.25037
0.11556
0.26380
0.20161
0.37263
0.07819
0.19599
0.08831
0.04037
0.04076
0.05219
0.18495
0.16037
0.14616
0.06401
0.27236
0.09069
0.20059
0.14027
0.06618
0.29172
0.11456
0.02531
0.10631
0.27975
0.06880
0.27849
0.09260
0.11284
0.12231
0.19210
0.10520
0.06564
0.09236
0.11014
0.09629
0.11044
0.08336
0.25708
0.16466
0.15851
0.20767
0.06643
0.09808
0.12698
0.20712
0.14542
0.20784
0.18503
0.15264
0.27254
0.24727
0.09564
0.16499
0.08096
0.13481
0.11685
0.05842
0.01666
0.38865
0.14618
0.04935
0.19339
0.14386
0.09689
0.15132
0.31062
0.13521
0.10490
0.30562
0.11531
0.19300
0.15292
0.20228
0.11645
0.10949
0.06233
0.15836
0.19959
0.16151
0.10435
0.20571
0.19210
0.19336
0.14118
0.33376
0.25114
0.24877
0.13700
0.10913
0.28475
0.31453
0.32183
0.03209
0.24327
0.10237
0.31697
0.11698
0.08305
0.14034
0.09471
0.10230
0.16258
0.25935
0.04316
0.06862
0.05871
0.28729
0.15315
0.19475
0.16594
0.23443
0.24904
0.12901
0.04745
0.20679
0.33754
0.36601
0.27448
0.32590
0.18352
0.26198
0.28806
0.25509
0.28191
0.05716
0.06126
0.13668
0.22255
0.04106
0.04384
0.17555
0.09426
0.17286
0.07644
0.14542
0.08609
0.26580
0.27665
0.24932
0.15801
0.32943
0.08489
0.13508
0.33568
0.06744
0.17699
0.05939
0.09912
0.19918
0.05997
0.22437
0.34147
0.06700
0.04644
0.13126
0.23870
0.10595
0.04536
0.07528
0.04645
0.05633
0.08972
0.19749
0.05771
0.29569
0.17200
0.18507
0.06933
0.21201
0.30534
0.18869
0.25626
0.36689
0.18402
0.31143
0.30488
0.26705
0.30589
0.29266
0.22358
0.37386
0.23754
0.25969
0.24217
0.24745
0.27972
0.19807
0.38336
0.34020
0.25729
0.22989
0.24095
0.23189
0.32453
0.26027
0.20883
0.32145
0.35011
0.18288
0.22341
0.34376
0.28120
0.25165
0.25177
0.26962
0.32535
0.24210
0.24391
0.36008
0.24604
0.22960
0.30307
0.19681
0.31002
0.36935
0.30216
0.28708
0.28171
0.27702
0.25881
0.27517
0.35380
0.18236
0.26947
0.34660
0.22853
0.26610
0.29982
0.19417
0.27106
0.26215
0.29592
0.32497
0.31248
0.24184
0.18886
0.30783
0.37454
0.14100
0.28416
0.19258
0.17184
0.21921
0.34152
0.28588
0.33137
0.15622
0.35915
0.26937
0.27965
0.37965
0.32097
0.27874
0.29545
0.24211
0.28839
0.17726
0.38281
0.26380
0.19143
0.17902
0.30968
0.21138
0.26813
0.30577
0.27709
0.36572
0.33141
0.22704
0.34448
0.31459
0.20211
0.15439
0.27006
0.18361
0.20172
0.14976
0.28972
0.35608
0.24325
0.23711
0.24339
0.28264
0.23039
0.27779
0.25525
0.27430
0.17975
0.28934
0.26194
0.20883
0.16455
0.33874
0.29752
0.15585
0.28411
0.32785
0.27301
0.34866
0.32924
0.24124
0.25694
0.21342
0.30142
0.31317
0.25101
0.25242
0.21968
0.16043
0.30028
0.21929
0.26928
0.24009
0.25587
0.29729
0.30369
0.20122
0.23127
0.28639
0.22006
0.27759
0.20496
0.21780
0.22232
0.24376
0.17626
0.30762
0.33063
0.33702
0.20820
0.16652
0.33850
0.19177
0.17916
0.18698
0.31712
0.31411
0.18592
0.17545
0.24140
0.25655
0.17627
0.14251
0.21165
0.26385
0.21654
0.24377
0.23047
0.28549
0.19302
0.20909
0.27044
0.24947
0.19821
0.27613
0.26880
0.23989
0.35515
0.17878
0.29048
0.23952
0.37241
0.33560
0.23398
0.26366
0.26043
0.27315
0.22101
0.29914
0.29976
0.22721
0.29716
0.28093
0.35322
0.23467
0.31055
0.22079
0.35529
0.21161
0.25600
0.20992
0.24348
0.27290
0.24768
0.24559
0.22962
0.23763
0.31464
0.21248
0.32158
0.24464
0.24864
0.30862
0.29807
0.32422
0.11794
0.18531
0.33896
0.34488
0.24469
0.24580
0.29202
0.26279
0.22735
0.18611
0.31762
0.29465
0.24626
0.22001
0.20416
0.26991
0.32225
0.26588
0.22289
0.23731
0.35356
0.25466
0.17525
0.17862
0.28162
0.31472
0.26073
0.26201
0.24507
0.36835
0.37118
0.14256
0.25827
0.33294
0.23088
0.24480
0.31507
0.35275
0.25142
0.18329
0.21982
0.24203
0.24758
0.37352
0.29459
0.28989
0.25794
0.22743
0.26070
0.31281
0.29537
0.17405
0.35192
0.21535
0.21034
0.36154
0.31082
0.23579
0.26215
0.22625
0.29247
0.31849
0.35737
0.21635
0.29526
0.20964
0.26781
0.34086
0.10916
0.23818
0.22102
0.22011
0.24820
0.22319
0.26319
0.25267
0.23304
0.26288
0.20952
0.23652
0.35928
0.26284
0.24399
0.18179
0.31537
0.23931
0.24595
0.20578
0.33128
0.29280
0.33121
0.25684
0.23499
0.24738
0.26719
0.22008
0.27923
0.14153
0.34315
0.27299
0.33750
0.29458
0.30872
0.36310
0.26772
0.22578
0.27734
0.15847
0.17757
0.27152
0.20966
0.27550
0.32125
0.25494
0.30227
0.39604
0.31408
0.34442
0.26677
0.32360
0.30486
0.37087
0.22221
0.28409
0.34120
0.34327
0.27726
0.33965
0.40285
0.24942
0.24160
0.35482
0.22886
0.32523
0.31255
0.26429
0.23835
0.36847
0.23169
0.24361
0.32694
0.25325
0.22940
0.22045
0.24596
0.29525
0.28663
0.29685
0.29310
0.22313
0.28184
0.26976
0.29399
0.24496
0.27458
0.13396
0.35881
0.31945
0.36844
0.30024
0.32809
0.39045
0.39933
0.26939
0.19664
0.29516
0.39169
0.27186
0.19391
0.29951
0.34105
0.24706
0.23525
0.33335
0.22990
0.27713
0.22069
0.33981
0.36145
0.42295
0.30827
0.29963
0.26679
0.39383
0.32239
0.31885
0.28112
0.36453
0.27202
0.19946
0.33158
0.47124
0.24806
0.40907
0.41535
0.22277
0.28736
0.35057
0.30950
0.30336
0.24576
0.29707
0.21283
0.28124
0.28158
0.31316
0.31404
0.38205
0.27897
0.28066
0.24786
0.20363
0.25140
0.37945
0.24628
0.15169
0.32576
0.18418
0.21295
0.42779
0.17649
0.27945
0.22019
0.28789
0.27143
0.46593
0.20191
0.33005
0.40090
0.25891
0.26982
0.24453
0.25518
0.23407
0.35932
0.20449
0.35801
0.35435
0.24829
0.23077
0.21503
0.34462
0.28855
0.24602
0.34999
0.43489
0.32429
0.28256
0.37083
0.36026
0.20079
0.26664
0.29296
0.39175
0.22986
0.24390
0.26063
0.35789
0.27045
0.26000
0.25307
0.33696
0.37065
0.23148
0.28347
0.33930
0.29927
0.28849
0.26081
0.40051
0.29886
0.30705
0.28196
0.30448
0.33404
0.27583
0.30545
0.24945
0.32517
0.23736
0.22643
0.32253
0.27845
0.22331
0.27403
0.18124
0.27677
0.21423
0.01655
0.12977
0.17432
0.20783
0.30579
0.17242
0.27081
0.35881
0.22744
0.04458
0.17059
0.04618
0.31376
0.30315
0.17867
0.29170
0.11815
0.11216
0.17555
0.20763
0.07231
0.10889
0.22896
0.27028
0.23124
0.22007
0.32511
0.08070
0.28958
0.24615
0.03916
0.07378
0.14567
0.27003
0.14303
0.25233
0.17885
0.29993
0.05683
0.04490
0.08939
0.05247
0.29970
0.14012
0.15064
0.14470
0.32117
0.12106
0.31814
0.22735
0.04544
0.27454
0.06665
0.03934
0.26548
0.18931
0.22181
0.04514
0.06792
0.20552
0.19836
0.32669
0.25361
0.02008
0.10524
0.19433
0.19760
0.16617
0.18673
0.08068
0.25022
0.16730
0.11066
0.27026
0.32535
0.07648
0.14012
0.21137
0.03348
0.02356
0.19323
0.08229
0.18129
0.25357
0.30251
0.21039
0.31285
0.22992
0.22871
0.18946
0.26074
0.20153
0.05155
0.26631
0.06982
0.07004
0.23374
0.23793
0.32727
0.26406
0.02443
0.03408
0.17964
0.22785
0.21063
0.27689
0.09106
0.22989
0.31492
0.12107
0.20693
0.09482
0.02915
0.03479
0.16953
0.04852
0.11772
0.25842
0.28560
0.07038
0.07074
0.02278
0.09319
0.05488
0.24423
