0.13941
0.09419
0.04701
0.26953
0.09343
0.12416
0.24275
0.13986
0.21099
0.04595
0.17923
0.13153
0.17382
0.12226
0.10311
0.23556
0.16125
0.12944
0.09230
0.16322
0.26678
0.12871
0.16020
0.04683
0.22374
0.14126
0.11582
0.27380
0.07925
0.20975
0.14124
0.27423
0.16316
0.09134
0.10809
0.10369
0.09458
0.14790
0.13305
0.19712
0.28883
0.25788
0.06683
0.10986
0.29766
0.21326
0.12455
0.19344
0.18824
0.16595
0.10230
0.12261
0.14983
0.25506
0.10298
0.21056
0.24734
0.11826
0.05563
0.06843
0.28044
0.26569
0.13392
0.22966
0.29505
0.28206
0.08508
0.16153
0.11205
0.04603
0.12401
0.27987
0.29573
0.21483
0.26806
0.13678
0.06250
0.03407
0.19851
0.13332
0.29102
0.16074
0.23947
0.25411
0.29465
0.37727
0.09413
0.11203
0.14009
0.24581
0.30872
0.16891
0.06570
0.26466
0.06434
0.11355
0.19097
0.21386
0.19175
0.16700
0.09826
0.17710
0.14215
0.13293
0.20747
0.26765
0.13142
0.18082
0.20928
0.27863
0.04329
0.23915
0.09071
0.27241
0.11811
0.12864
0.26604
0.05429
0.05425
0.14372
0.22121
0.08753
0.24330
0.04809
0.10200
0.16294
0.26182
0.28231
0.18959
0.22147
0.12027
0.13291
0.30324
0.33233
0.11732
0.17455
0.06979
0.26845
0.21111
0.05249
0.17937
0.05488
0.30642
0.20138
0.15262
0.29804
0.08994
0.32655
0.15825
0.09310
0.20206
0.24089
0.11520
0.30645
0.30737
0.30937
0.12575
0.13173
0.17648
0.21754
0.28707
0.26770
0.29272
0.32147
0.10125
0.10071
0.28018
0.28614
0.09356
0.24029
0.05344
0.21248
0.24116
0.03547
0.08675
0.22066
0.05583
0.08693
0.16629
0.29140
0.06259
0.10995
0.23841
0.13663
0.06135
0.17183
0.25475
0.24471
0.26873
0.22805
0.15384
0.04453
0.05932
0.14128
0.15070
0.24742
0.25573
0.17003
0.10244
0.29338
0.22913
0.04747
0.17114
0.15317
0.10415
0.23590
0.11079
0.19168
0.19765
0.18764
0.22418
0.19914
0.11395
0.24767
0.25389
0.23584
0.15085
0.29775
0.18279
0.31877
0.10633
0.23767
0.09938
0.07810
0.06852
0.06987
0.20636
0.20012
0.17373
0.09634
0.25189
0.10238
0.21249
0.12451
0.03209
0.30073
0.11843
0.03839
0.12046
0.25849
0.08296
0.29771
0.08362
0.10932
0.20191
0.16642
0.12334
0.05845
0.10401
0.09742
0.12083
0.14333
0.14031
0.25379
0.12954
0.14345
0.19058
0.05180
0.08471
0.15111
0.18535
0.15496
0.18936
0.18808
0.12161
0.22473
0.27172
0.10019
0.20627
0.05174
0.09798
0.13068
0.07826
0.02712
0.35258
0.12361
0.05644
0.19734
0.13146
0.09412
0.15168
0.33022
0.15088
0.10283
0.31468
0.11630
0.15106
0.18389
0.15146
0.16803
0.07006
0.04798
0.19538
0.22609
0.17082
0.12266
0.14608
0.14604
0.17857
0.17749
0.33423
0.25781
0.25083
0.08546
0.10212
0.29001
0.31231
0.30062
0.04725
0.24651
0.11927
0.28800
0.16276
0.10336
0.15363
0.11642
0.10728
0.21582
0.24672
0.06430
0.06946
0.07667
0.28559
0.16411
0.21303
0.18175
0.24115
0.21126
0.15300
0.04860
0.24324
0.29214
0.38280
0.27378
0.29154
0.23710
0.24059
0.30095
0.26921
0.24595
0.02925
0.10058
0.13871
0.23212
0.06879
0.09598
0.19569
0.15341
0.19925
0.07694
0.17395
0.13143
0.27351
0.27543
0.24579
0.22757
0.29076
0.12443
0.14169
0.32069
0.07894
0.20127
0.04561
0.10857
0.19481
0.06058
0.19244
0.35081
0.09524
0.07638
0.16625
0.24479
0.12066
0.08261
0.11646
0.07938
0.09075
0.08980
0.18773
0.11745
0.27540
0.20183
0.20417
0.11762
0.17921
0.28655
0.21038
0.26484
0.33286
0.16917
0.24727
0.30411
0.29569
0.30267
0.26218
0.24236
0.32313
0.26782
0.24928
0.24799
0.22551
0.29514
0.19501
0.35221
0.30316
0.21675
0.27056
0.26075
0.26614
0.35927
0.29066
0.24779
0.27785
0.29024
0.22756
0.25961
0.30522
0.29216
0.25039
0.23633
0.29259
0.28539
0.25353
0.19173
0.30461
0.26282
0.23929
0.29109
0.19935
0.29929
0.33170
0.29853
0.29188
0.31992
0.29200
0.24313
0.26809
0.32207
0.21992
0.27250
0.29193
0.27241
0.29346
0.29802
0.20234
0.29315
0.26667
0.25800
0.28509
0.26266
0.28042
0.19372
0.24934
0.36325
0.13434
0.28183
0.21120
0.19785
0.15597
0.37621
0.30638
0.29695
0.17252
0.32478
0.27786
0.29372
0.35972
0.27723
0.27121
0.28470
0.25182
0.28784
0.16098
0.33244
0.29025
0.24908
0.16283
0.33542
0.19444
0.27136
0.28518
0.26082
0.32158
0.30380
0.22325
0.29240
0.28025
0.15348
0.16837
0.31196
0.18160
0.17232
0.15137
0.29298
0.35262
0.27265
0.28202
0.25101
0.29513
0.21267
0.31287
0.27711
0.27906
0.17461
0.26347
0.28947
0.23178
0.16049
0.34232
0.29043
0.22887
0.29436
0.28406
0.23522
0.35675
0.27754
0.24959
0.26688
0.21462
0.27118
0.29625
0.25920
0.26569
0.22924
0.16628
0.31552
0.24078
0.26331
0.23616
0.25880
0.33541
0.27077
0.20870
0.20844
0.29085
0.21014
0.28411
0.19273
0.23086
0.23009
0.22284
0.21413
0.30639
0.29389
0.27599
0.25070
0.20872
0.29454
0.21773
0.21265
0.22240
0.25692
0.30746
0.14636
0.20124
0.27148
0.28626
0.21981
0.17425
0.22016
0.25782
0.21415
0.23908
0.25711
0.32476
0.16368
0.23855
0.26737
0.29720
0.21473
0.29908
0.25589
0.27058
0.37703
0.19197
0.27410
0.24264
0.34574
0.28246
0.26696
0.28109
0.30985
0.26156
0.18706
0.30107
0.27047
0.24917
0.26121
0.27058
0.32341
0.25471
0.27314
0.21185
0.32868
0.24088
0.28269
0.23206
0.27218
0.26505
0.25747
0.20728
0.28848
0.26112
0.32768
0.18872
0.30999
0.25838
0.27611
0.24758
0.25751
0.28842
0.14414
0.23779
0.30046
0.30531
0.26513
0.28112
0.30643
0.27267
0.23767
0.24308
0.28214
0.29393
0.26830
0.23056
0.16057
0.30056
0.28036
0.26683
0.28192
0.21106
0.30493
0.27085
0.20156
0.21927
0.26119
0.25026
0.30527
0.24712
0.25998
0.32450
0.33360
0.16139
0.24308
0.28387
0.27546
0.26392
0.32237
0.32021
0.22624
0.20078
0.16356
0.25705
0.28266
0.33934
0.28906
0.29232
0.29926
0.24496
0.26512
0.26862
0.25466
0.17906
0.29327
0.21099
0.23198
0.31708
0.28545
0.26237
0.25304
0.23708
0.26289
0.35023
0.32555
0.24876
0.25186
0.17698
0.30100
0.28120
0.12794
0.27713
0.18280
0.23415
0.28658
0.23181
0.24503
0.24148
0.27333
0.20724
0.24672
0.24276
0.31836
0.27305
0.26150
0.19385
0.27153
0.25519
0.23845
0.21681
0.30521
0.27151
0.33953
0.24971
0.24431
0.27322
0.26942
0.23773
0.26803
0.19087
0.31209
0.27158
0.31915
0.26272
0.26421
0.32113
0.26157
0.27128
0.30992
0.18796
0.24236
0.28283
0.22455
0.26989
0.26349
0.26848
0.31722
0.35714
0.29081
0.29844
0.28198
0.28486
0.28481
0.32652
0.26668
0.27776
0.29314
0.30112
0.29176
0.30154
0.37440
0.23203
0.26016
0.32555
0.24684
0.30189
0.33702
0.24305
0.26202
0.31955
0.22856
0.25157
0.29993
0.29440
0.21799
0.24254
0.27500
0.27274
0.26770
0.32530
0.28768
0.25922
0.31027
0.27558
0.31974
0.28109
0.26695
0.16165
0.32130
0.33291
0.34146
0.32046
0.30167
0.38891
0.38956
0.27312
0.19143
0.31022
0.37107
0.28693
0.20755
0.30718
0.32909
0.23234
0.18871
0.31097
0.22819
0.26077
0.24346
0.35047
0.35109
0.39675
0.31536
0.31041
0.30329
0.41059
0.27798
0.31475
0.29807
0.36257
0.30458
0.16542
0.30449
0.45607
0.25253
0.41466
0.40278
0.21703
0.30377
0.35589
0.32409
0.28319
0.23257
0.30304
0.20318
0.28158
0.28512
0.30452
0.28649
0.37974
0.27447
0.29388
0.23203
0.19603
0.27180
0.38439
0.19980
0.14270
0.30202
0.10497
0.19842
0.41559
0.15768
0.23757
0.21093
0.28241
0.24309
0.44805
0.20429
0.35517
0.36854
0.23823
0.19624
0.26431
0.22933
0.19449
0.37148
0.17661
0.34850
0.33564
0.25348
0.19745
0.24668
0.35347
0.29269
0.21534
0.32585
0.42555
0.31276
0.28598
0.36947
0.38521
0.21292
0.25991
0.28441
0.38186
0.18494
0.23426
0.21394
0.34371
0.26261
0.24909
0.27721
0.31374
0.35289
0.22683
0.29167
0.30556
0.28966
0.26807
0.25816
0.38712
0.28952
0.26919
0.29102
0.31783
0.34606
0.25753
0.30885
0.23405
0.31302
0.25145
0.21315
0.31474
0.27776
0.22058
0.26046
0.17853
0.29305
0.21079
0.04896
0.15035
0.23217
0.24286
0.18844
0.20184
0.25671
0.33073
0.12800
0.08500
0.16510
0.04014
0.25582
0.22142
0.20782
0.28759
0.06627
0.12642
0.18832
0.15833
0.11098
0.16666
0.22576
0.27699
0.16363
0.22476
0.26437
0.12078
0.30300
0.23197
0.06727
0.05522
0.10390
0.30487
0.11932
0.23727
0.16776
0.28237
0.10694
0.06323
0.09022
0.10015
0.29935
0.05745
0.11378
0.21145
0.26821
0.13565
0.30006
0.19745
0.10014
0.30666
0.08146
0.05112
0.19253
0.20768
0.18730
0.03530
0.07145
0.19862
0.17891
0.28093
0.20379
0.06589
0.07829
0.13074
0.19682
0.19423
0.13514
0.10896
0.30234
0.15619
0.05815
0.26793
0.25033
0.08660
0.12451
0.16320
0.05431
0.02973
0.18740
0.14456
0.22359
0.22948
0.24465
0.19928
0.32754
0.24500
0.21711
0.27283
0.20139
0.22921
0.07156
0.24246
0.12899
0.08075
0.23254
0.24988
0.28134
0.29044
0.05910
0.06177
0.10402
0.17054
0.27973
0.28015
0.12290
0.24407
0.32518
0.09259
0.25955
0.08905
0.05631
0.03618
0.11479
0.10482
0.09862
0.19885
0.27990
0.08674
0.13924
0.03773
0.11292
0.15397
0.25919
