0.16019
0.09694
0.13361
0.26811
0.10175
0.13354
0.20350
0.17017
0.21995
0.06416
0.21085
0.12973
0.20689
0.12829
0.14971
0.20794
0.14029
0.18887
0.10630
0.14576
0.26831
0.19031
0.19451
0.08161
0.22126
0.21282
0.12190
0.25413
0.09920
0.14611
0.15972
0.27892
0.16203
0.11164
0.11969
0.08937
0.10972
0.14615
0.22602
0.18825
0.31613
0.28801
0.12142
0.14632
0.27316
0.21972
0.17591
0.25021
0.22597
0.17135
0.10642
0.15596
0.10512
0.31121
0.10061
0.24388
0.23313
0.15704
0.09987
0.12329
0.27345
0.31782
0.14798
0.25958
0.27783
0.28651
0.07539
0.17754
0.10883
0.12142
0.15325
0.31730
0.29644
0.19692
0.27977
0.12244
0.09472
0.07845
0.20286
0.23016
0.30043
0.15266
0.35304
0.25456
0.27960
0.33964
0.10592
0.07828
0.20125
0.27643
0.30248
0.21306
0.07415
0.26489
0.09909
0.22256
0.22064
0.20872
0.22335
0.16292
0.09515
0.21657
0.10168
0.11993
0.20236
0.30869
0.16820
0.16903
0.17451
0.27851
0.05511
0.21873
0.16901
0.27052
0.10858
0.20281
0.26727
0.09242
0.07849
0.21552
0.24117
0.09675
0.28847
0.09118
0.13179
0.13776
0.31738
0.26747
0.15617
0.25954
0.15610
0.15388
0.31051
0.32113
0.10083
0.17250
0.11880
0.26165
0.28686
0.07900
0.20226
0.05057
0.28661
0.19819
0.15113
0.32725
0.13019
0.32748
0.22729
0.10086
0.13893
0.29102
0.11774
0.30810
0.26032
0.32057
0.19071
0.16878
0.15060
0.20027
0.25177
0.28767
0.25544
0.35334
0.10147
0.15394
0.32119
0.25169
0.09732
0.25518
0.06260
0.24177
0.26548
0.06689
0.11015
0.24932
0.09821
0.07202
0.18937
0.29498
0.10229
0.10655
0.22731
0.19469
0.10218
0.25015
0.24318
0.25236
0.27639
0.22732
0.11451
0.09316
0.06685
0.18538
0.14303
0.27797
0.24563
0.23657
0.09640
0.28568
0.19676
0.18839
0.20386
0.14801
0.06863
0.23316
0.11197
0.23159
0.27621
0.07640
0.20974
0.24446
0.12284
0.26608
0.25595
0.24475
0.14572
0.24284
0.20987
0.32099
0.13164
0.19767
0.12214
0.10489
0.12504
0.12404
0.23242
0.20027
0.16016
0.08773
0.27654
0.14432
0.25526
0.11210
0.07182
0.29025
0.10447
0.07385
0.09936
0.28504
0.09111
0.27705
0.18184
0.11354
0.11926
0.22978
0.12144
0.07162
0.13861
0.11652
0.11150
0.14986
0.17194
0.24854
0.18046
0.15411
0.18466
0.11194
0.08835
0.14548
0.22228
0.22735
0.27193
0.18981
0.15106
0.23148
0.30366
0.09946
0.22031
0.05766
0.12261
0.13494
0.08808
0.06014
0.34730
0.22262
0.08157
0.23319
0.18616
0.09597
0.14091
0.31568
0.16357
0.09920
0.31097
0.12741
0.23007
0.19216
0.18319
0.14535
0.17788
0.09373
0.24778
0.25181
0.19054
0.10108
0.20631
0.17539
0.17155
0.22447
0.32961
0.25172
0.28083
0.15865
0.17188
0.30163
0.32211
0.31399
0.07252
0.27599
0.12351
0.29472
0.12385
0.12884
0.16218
0.18403
0.11796
0.18345
0.24070
0.06914
0.14381
0.08949
0.26825
0.15248
0.26729
0.18413
0.25820
0.27230
0.16535
0.10778
0.20304
0.27804
0.37179
0.25830
0.36330
0.24581
0.22350
0.29607
0.27067
0.24137
0.08422
0.10210
0.14410
0.24727
0.06490
0.05945
0.19582
0.15826
0.24180
0.12566
0.20137
0.10355
0.29026
0.26536
0.24331
0.22751
0.32265
0.16024
0.16143
0.32767
0.07880
0.24532
0.11987
0.15934
0.15464
0.08195
0.26359
0.32559
0.06473
0.11760
0.16798
0.26907
0.11478
0.10592
0.10075
0.07658
0.07800
0.14285
0.15482
0.11117
0.26576
0.21486
0.20212
0.10163
0.17972
0.30780
0.15300
0.27016
0.37054
0.14783
0.30276
0.30419
0.31785
0.31235
0.30196
0.26428
0.35765
0.24497
0.23735
0.24470
0.23712
0.29537
0.21095
0.38249
0.32443
0.27403
0.25669
0.26251
0.26516
0.34143
0.28484
0.25451
0.32342
0.33412
0.24595
0.26481
0.33599
0.25942
0.26500
0.25508
0.30114
0.30990
0.25438
0.24211
0.35737
0.25331
0.26000
0.31175
0.19666
0.30760
0.36864
0.28052
0.30312
0.26648
0.27965
0.22907
0.28324
0.34655
0.20991
0.27951
0.33046
0.22804
0.27129
0.28836
0.18418
0.26910
0.27201
0.28824
0.31882
0.30328
0.27572
0.18260
0.28624
0.37956
0.14738
0.25485
0.19183
0.16364
0.19250
0.35400
0.30998
0.31450
0.17820
0.37116
0.27139
0.26207
0.39245
0.31999
0.29565
0.27587
0.24463
0.28503
0.22104
0.36439
0.26684
0.23077
0.20036
0.32768
0.20335
0.24893
0.29462
0.24999
0.35660
0.34633
0.22926
0.32641
0.30541
0.18580
0.14253
0.29424
0.18311
0.20137
0.17598
0.28553
0.34657
0.28136
0.25959
0.25168
0.29992
0.22325
0.27980
0.25332
0.25367
0.19346
0.29453
0.28853
0.20303
0.18318
0.34966
0.30470
0.18910
0.34766
0.33725
0.28173
0.34850
0.32587
0.22956
0.28656
0.20969
0.29767
0.30647
0.27941
0.28736
0.25698
0.16154
0.33250
0.21361
0.28808
0.23999
0.27290
0.29263
0.30525
0.20598
0.22733
0.29776
0.22068
0.28881
0.19379
0.23816
0.22636
0.25379
0.19815
0.29658
0.32669
0.33306
0.25091
0.20069
0.34033
0.19532
0.20060
0.19594
0.31082
0.29689
0.16769
0.19530
0.27491
0.26936
0.21078
0.15227
0.24377
0.28263
0.19668
0.26653
0.27028
0.29657
0.18440
0.23810
0.27228
0.24939
0.17927
0.27679
0.28206
0.25677
0.39104
0.19305
0.31090
0.22774
0.37213
0.33366
0.28170
0.27581
0.28305
0.25905
0.19414
0.31027
0.27799
0.26647
0.29093
0.25685
0.35782
0.21396
0.29548
0.20639
0.35798
0.21795
0.28834
0.20893
0.26737
0.28664
0.28302
0.21335
0.25780
0.22393
0.31519
0.17145
0.30842
0.23932
0.27043
0.30651
0.29846
0.30176
0.13524
0.22586
0.33187
0.34065
0.25449
0.29328
0.32139
0.27512
0.23421
0.20154
0.30890
0.27379
0.27299
0.25910
0.20957
0.29636
0.31730
0.25954
0.28366
0.21697
0.32976
0.27512
0.18824
0.18536
0.30174
0.28776
0.29274
0.27226
0.23229
0.36121
0.36780
0.15770
0.22742
0.32600
0.28294
0.28521
0.32058
0.34136
0.24291
0.20313
0.20035
0.26974
0.27924
0.37046
0.28277
0.30031
0.28689
0.22934
0.26449
0.29174
0.29020
0.18292
0.34244
0.20525
0.23618
0.36247
0.29306
0.25788
0.24663
0.24989
0.30774
0.31665
0.35819
0.26026
0.28278
0.21241
0.29139
0.33424
0.13371
0.27473
0.20874
0.26273
0.27334
0.25542
0.28206
0.25575
0.26843
0.22014
0.25267
0.24958
0.35972
0.31145
0.26364
0.19133
0.28456
0.25198
0.22211
0.19243
0.34493
0.28805
0.30395
0.25826
0.27197
0.29003
0.25086
0.24413
0.28440
0.17505
0.33149
0.25872
0.34534
0.26264
0.31344
0.35789
0.25562
0.24358
0.30264
0.19834
0.21076
0.29241
0.21568
0.29097
0.32129
0.29626
0.31721
0.40415
0.32223
0.32945
0.26982
0.31352
0.30179
0.35323
0.26077
0.26729
0.34385
0.32976
0.29516
0.34082
0.40230
0.22531
0.25841
0.33045
0.22825
0.32652
0.33509
0.24600
0.24878
0.35328
0.23623
0.28562
0.32358
0.25845
0.26171
0.26757
0.25784
0.26908
0.29962
0.32793
0.30479
0.24508
0.29836
0.28174
0.28183
0.27260
0.27500
0.15835
0.32014
0.28714
0.35226
0.29976
0.30747
0.38846
0.38416
0.24158
0.18792
0.28023
0.39420
0.28150
0.23003
0.31277
0.33456
0.25321
0.22024
0.32964
0.23138
0.27874
0.24587
0.35938
0.37102
0.42337
0.28181
0.29348
0.24708
0.33766
0.29799
0.30007
0.28244
0.34126
0.26331
0.18481
0.33891
0.41021
0.23878
0.38180
0.41414
0.18936
0.28069
0.33795
0.31584
0.31942
0.24233
0.27732
0.23086
0.30307
0.25122
0.31468
0.32394
0.34949
0.27868
0.27038
0.24819
0.20452
0.24350
0.37288
0.22479
0.14399
0.33643
0.16844
0.21991
0.40121
0.19000
0.26155
0.22787
0.27298
0.23018
0.45213
0.21417
0.33536
0.36826
0.23274
0.23226
0.23724
0.25110
0.21142
0.34249
0.18984
0.36896
0.36548
0.22813
0.25235
0.22007
0.34431
0.28797
0.19228
0.36262
0.43352
0.33069
0.30493
0.35231
0.34359
0.22167
0.26677
0.29574
0.39459
0.20124
0.24257
0.26056
0.36473
0.25573
0.21465
0.25954
0.33030
0.37123
0.23382
0.28050
0.34009
0.30308
0.26892
0.22549
0.39296
0.29174
0.30391
0.27660
0.28531
0.33691
0.25472
0.30350
0.23130
0.32339
0.24767
0.23751
0.30512
0.24533
0.21354
0.25470
0.22344
0.31833
0.23959
0.04700
0.18195
0.26670
0.25192
0.30247
0.23024
0.24761
0.33727
0.26228
0.06719
0.16484
0.02318
0.29945
0.24872
0.20296
0.28489
0.11631
0.16661
0.20064
0.20061
0.08657
0.15920
0.23458
0.28214
0.16083
0.21188
0.27575
0.06741
0.30826
0.26299
0.04960
0.07238
0.11098
0.27451
0.15051
0.23974
0.21937
0.26363
0.06161
0.11189
0.03634
0.08567
0.30254
0.19711
0.15381
0.16337
0.28767
0.16987
0.28084
0.20715
0.14194
0.25393
0.08559
0.10187
0.31477
0.19091
0.23494
0.08061
0.06716
0.24845
0.19239
0.29900
0.27683
0.08400
0.07043
0.18129
0.18719
0.21110
0.20384
0.16394
0.26703
0.20592
0.13334
0.28591
0.23576
0.09188
0.09556
0.13541
0.10421
0.04298
0.18303
0.26374
0.18916
0.24415
0.29608
0.19272
0.33953
0.25732
0.28458
0.23557
0.22440
0.16735
0.04947
0.18957
0.06333
0.06807
0.20870
0.25171
0.27422
0.23566
0.06526
0.06287
0.11781
0.20471
0.26490
0.25144
0.13550
0.15539
0.32492
0.09058
0.25072
0.13780
0.06954
0.06794
0.22438
0.05994
0.15120
0.21982
0.23746
0.13359
0.15255
0.07548
0.04285
0.10085
0.22590
