0.07758
0.09150
0.05996
0.21792
0.09368
0.14722
0.22600
0.13806
0.14746
0.04667
0.14279
0.14227
0.14678
0.12464
0.07566
0.20739
0.10194
0.15323
0.07069
0.13296
0.31399
0.11641
0.14877
0.05657
0.21993
0.14026
0.07775
0.25820
0.06643
0.12208
0.11252
0.22978
0.13533
0.09992
0.04591
0.09878
0.12132
0.05864
0.10148
0.13319
0.28232
0.26214
0.06831
0.11319
0.27712
0.18741
0.12904
0.24792
0.18476
0.09907
0.09803
0.10908
0.14531
0.26773
0.08926
0.19439
0.15875
0.11784
0.13388
0.06146
0.25832
0.28781
0.11768
0.20269
0.24863
0.30902
0.03956
0.17680
0.10212
0.03486
0.11613
0.30963
0.26545
0.19163
0.27653
0.08938
0.05305
0.02822
0.21331
0.15460
0.33216
0.13378
0.32410
0.27026
0.21518
0.34503
0.10111
0.03540
0.10823
0.25529
0.31451
0.16383
0.03674
0.29537
0.06536
0.16950
0.18977
0.21868
0.21479
0.10231
0.08796
0.15949
0.11878
0.12645
0.18677
0.29042
0.15177
0.14988
0.13078
0.27287
0.02408
0.22375
0.08196
0.23629
0.10848
0.11926
0.27500
0.04651
0.05197
0.18089
0.24789
0.06309
0.29111
0.00724
0.07276
0.12166
0.31688
0.25446
0.12249
0.25835
0.07582
0.09750
0.31555
0.32375
0.11984
0.13440
0.03600
0.27575
0.24979
0.03617
0.15163
0.03045
0.30219
0.14310
0.13203
0.28789
0.06179
0.33835
0.20546
0.08570
0.17524
0.25147
0.11067
0.31995
0.27980
0.30861
0.10546
0.13235
0.15669
0.19611
0.23810
0.27032
0.23473
0.32501
0.08316
0.11740
0.24579
0.27101
0.04414
0.26358
0.06891
0.21202
0.25228
0.04554
0.09164
0.19468
0.09500
0.06568
0.14682
0.25586
0.06640
0.10532
0.15692
0.13860
0.07417
0.16161
0.22907
0.25801
0.24233
0.18519
0.09692
0.05002
0.04526
0.14841
0.10302
0.21210
0.15520
0.10276
0.10829
0.26690
0.19895
0.08993
0.16711
0.12858
0.01969
0.18780
0.06319
0.18859
0.25461
0.07222
0.24274
0.22407
0.09596
0.26146
0.25014
0.25822
0.12374
0.21996
0.23589
0.31907
0.08873
0.16690
0.12453
0.07341
0.05862
0.03284
0.12866
0.14299
0.12319
0.04011
0.26448
0.11004
0.25990
0.10599
0.05678
0.26595
0.11404
0.04062
0.12927
0.25458
0.06785
0.29934
0.09810
0.11018
0.15610
0.21538
0.10818
0.04011
0.11929
0.12565
0.12681
0.06969
0.07845
0.20979
0.13249
0.15109
0.20154
0.06237
0.08330
0.14299
0.19936
0.12239
0.18223
0.14390
0.14741
0.25880
0.24390
0.09442
0.11634
0.03826
0.11710
0.12419
0.05423
0.03877
0.35388
0.13325
0.06267
0.23496
0.13243
0.05581
0.14530
0.32852
0.12461
0.06633
0.29844
0.11465
0.18851
0.18615
0.19629
0.14472
0.05306
0.08843
0.17264
0.18854
0.11698
0.09882
0.20682
0.16733
0.20283
0.13502
0.32080
0.29173
0.24289
0.08811
0.11713
0.30319
0.27914
0.30493
0.04973
0.25223
0.10099
0.26940
0.10551
0.05983
0.14609
0.10065
0.09099
0.16664
0.27846
0.04250
0.07308
0.04679
0.26644
0.18293
0.25006
0.15952
0.21348
0.23877
0.15777
0.05705
0.25599
0.24320
0.35810
0.22307
0.31387
0.23995
0.23631
0.27511
0.26466
0.23700
0.07661
0.07081
0.11313
0.23105
0.04458
0.06650
0.20752
0.10635
0.20344
0.08064
0.18684
0.12338
0.24375
0.24867
0.24892
0.13800
0.29452
0.11143
0.14309
0.29652
0.07542
0.19698
0.04211
0.06693
0.14797
0.05742
0.23615
0.34024
0.07868
0.08506
0.14099
0.27778
0.10792
0.03108
0.05074
0.04585
0.07118
0.07504
0.18425
0.05705
0.27103
0.15586
0.22452
0.06153
0.15959
0.27182
0.17980
0.25278
0.34352
0.14990
0.24877
0.31343
0.27048
0.28708
0.26878
0.22604
0.33367
0.22904
0.23913
0.24379
0.21600
0.29225
0.17103
0.34405
0.31934
0.23996
0.25016
0.24586
0.25853
0.35507
0.28952
0.17749
0.29509
0.31259
0.22262
0.22413
0.30181
0.28111
0.23621
0.25989
0.27692
0.31374
0.24638
0.21513
0.35431
0.27617
0.21385
0.29606
0.19896
0.29088
0.34410
0.28719
0.29664
0.30007
0.24932
0.20984
0.26327
0.31769
0.21064
0.28061
0.31614
0.23444
0.23767
0.28250
0.19617
0.28504
0.22575
0.28103
0.31129
0.30262
0.26502
0.15443
0.26138
0.34224
0.10983
0.25860
0.21720
0.15554
0.18090
0.36661
0.30759
0.32537
0.17770
0.35177
0.26719
0.26796
0.36761
0.29597
0.29788
0.28266
0.24203
0.26100
0.18330
0.35353
0.27541
0.22202
0.18971
0.33116
0.19659
0.26172
0.29510
0.24564
0.33954
0.31637
0.17585
0.30596
0.31097
0.15377
0.13444
0.26817
0.18592
0.19567
0.14199
0.29186
0.32911
0.24774
0.26568
0.24252
0.26069
0.19406
0.27696
0.25280
0.29003
0.19492
0.28180
0.26205
0.21478
0.20601
0.32765
0.25359
0.16295
0.30668
0.32041
0.27920
0.36488
0.30923
0.21916
0.25770
0.18505
0.28663
0.30673
0.27702
0.25820
0.23829
0.15690
0.31769
0.22558
0.28130
0.22043
0.25433
0.31416
0.25540
0.21930
0.22362
0.29211
0.20156
0.27705
0.17485
0.24420
0.19792
0.21092
0.21860
0.30934
0.31708
0.31107
0.19529
0.17388
0.30975
0.19611
0.20039
0.19596
0.29326
0.31325
0.15058
0.18676
0.28053
0.28028
0.20028
0.16200
0.20937
0.26954
0.20557
0.26042
0.26006
0.31196
0.13681
0.24427
0.27014
0.27040
0.16696
0.29144
0.26479
0.25900
0.37225
0.19657
0.29906
0.21941
0.33804
0.28711
0.22108
0.26008
0.26397
0.25953
0.18955
0.31924
0.29154
0.25659
0.27676
0.28039
0.33007
0.20781
0.25584
0.23539
0.32861
0.20903
0.25313
0.22354
0.23666
0.28247
0.26107
0.21088
0.24323
0.25757
0.30769
0.22105
0.30991
0.21338
0.25460
0.27310
0.28343
0.28255
0.14169
0.23432
0.31332
0.32090
0.22141
0.28457
0.30221
0.25699
0.22509
0.20673
0.29589
0.28547
0.26870
0.23495
0.17893
0.29439
0.30710
0.24600
0.26353
0.23510
0.31379
0.31645
0.17214
0.19648
0.28719
0.29556
0.26210
0.23679
0.25940
0.33895
0.35464
0.14658
0.19739
0.30459
0.24376
0.26429
0.29307
0.32175
0.19561
0.20856
0.20725
0.23625
0.26978
0.33346
0.28927
0.28868
0.26369
0.22049
0.24214
0.28354
0.26994
0.18259
0.33861
0.24978
0.23172
0.33928
0.30523
0.24274
0.21349
0.25236
0.28357
0.32932
0.32790
0.23240
0.26827
0.18921
0.29654
0.32303
0.13386
0.21550
0.18380
0.19678
0.27305
0.19911
0.27126
0.19397
0.24389
0.19156
0.22745
0.23296
0.33016
0.26066
0.27826
0.19433
0.25199
0.25210
0.22655
0.16613
0.33466
0.29628
0.33372
0.25971
0.22862
0.25294
0.25929
0.20815
0.27877
0.16530
0.31603
0.24950
0.33626
0.25812
0.28036
0.34640
0.25656
0.22991
0.26761
0.18594
0.21341
0.26432
0.19920
0.27025
0.29265
0.27728
0.32073
0.36781
0.30106
0.31526
0.26520
0.29522
0.28358
0.34669
0.23334
0.27008
0.31865
0.30110
0.27105
0.30621
0.37780
0.22992
0.22224
0.33353
0.22728
0.31180
0.33244
0.21355
0.23271
0.32985
0.22934
0.27517
0.27578
0.23368
0.22703
0.23601
0.24122
0.23808
0.28475
0.31895
0.29783
0.24613
0.27943
0.28182
0.29217
0.26025
0.29353
0.14426
0.31252
0.32704
0.35664
0.30545
0.29754
0.40340
0.39910
0.24742
0.17580
0.28772
0.37755
0.28548
0.18291
0.28403
0.33877
0.22766
0.23286
0.32965
0.24238
0.27427
0.22850
0.32610
0.34754
0.41390
0.30151
0.28746
0.24754
0.39628
0.32240
0.30299
0.28137
0.35096
0.23954
0.16479
0.31356
0.45547
0.24794
0.40967
0.41229
0.18938
0.28493
0.36091
0.31577
0.28211
0.23109
0.24635
0.18560
0.29041
0.29355
0.30281
0.31596
0.38349
0.25486
0.25591
0.27334
0.22565
0.21316
0.38645
0.26802
0.12485
0.33706
0.17737
0.19220
0.39963
0.14753
0.26631
0.20421
0.24137
0.22345
0.42679
0.17902
0.28595
0.39876
0.25679
0.19312
0.22783
0.29248
0.17723
0.34555
0.17345
0.33941
0.34231
0.25517
0.25247
0.22489
0.32477
0.27851
0.20743
0.34216
0.41640
0.31459
0.28308
0.36162
0.37560
0.16866
0.23032
0.27446
0.39490
0.17017
0.20696
0.25191
0.34287
0.22896
0.26213
0.26282
0.34039
0.36613
0.21802
0.28118
0.32046
0.29926
0.27963
0.25184
0.37426
0.27369
0.28039
0.26343
0.28976
0.33406
0.27067
0.29888
0.23101
0.32205
0.26020
0.25260
0.30352
0.29107
0.22101
0.25950
0.18248
0.32014
0.25083
0.06759
0.08334
0.22059
0.21947
0.22933
0.23589
0.24179
0.33641
0.24305
0.06222
0.16601
0.05223
0.31830
0.23529
0.20569
0.27428
0.02567
0.15830
0.18409
0.21278
0.09996
0.14185
0.23216
0.27054
0.21345
0.22001
0.25056
0.02481
0.28651
0.14966
0.04796
0.07851
0.09333
0.27475
0.08454
0.24581
0.20526
0.28569
0.05340
0.04908
0.09959
0.03036
0.29916
0.08776
0.06747
0.17029
0.27327
0.11576
0.29446
0.22147
0.05297
0.28327
0.05903
0.06930
0.25240
0.19369
0.24835
0.04850
0.07529
0.24658
0.20352
0.28942
0.24063
0.01655
0.08028
0.16901
0.21261
0.13509
0.23558
0.12462
0.22431
0.19978
0.08861
0.22553
0.28589
0.07308
0.11618
0.13388
0.07962
0.05302
0.22701
0.13961
0.17733
0.25392
0.24916
0.20162
0.31880
0.20520
0.24003
0.16231
0.21274
0.13104
0.02338
0.24035
0.11913
0.08063
0.18407
0.24857
0.19933
0.26741
0.06466
0.03759
0.13538
0.19048
0.11985
0.23654
0.05949
0.19622
0.30986
0.11710
0.21269
0.10661
0.01159
0.04306
0.08191
0.04581
0.10045
0.18349
0.29325
0.08077
0.09198
0.03334
0.09833
0.07784
0.27504
