0.08103
0.09356
0.07926
0.21715
0.08690
0.15636
0.20678
0.14929
0.14260
0.04292
0.18180
0.13138
0.17092
0.12785
0.05691
0.20850
0.10618
0.11356
0.06008
0.14445
0.29363
0.13125
0.13831
0.03055
0.21055
0.15067
0.07787
0.22968
0.06079
0.09735
0.11110
0.20101
0.12790
0.10840
0.05741
0.09611
0.10439
0.06957
0.10235
0.13158
0.28178
0.25990
0.07440
0.12043
0.28500
0.18209
0.14179
0.23263
0.16996
0.10643
0.09249
0.13480
0.15385
0.27229
0.09258
0.21194
0.20394
0.12012
0.12616
0.07142
0.24963
0.28654
0.10132
0.20119
0.26338
0.31484
0.04876
0.18284
0.06922
0.03237
0.11669
0.30339
0.26426
0.19475
0.26553
0.10990
0.06729
0.01898
0.20965
0.15313
0.31457
0.11745
0.30486
0.28070
0.23165
0.32696
0.10270
0.05808
0.11339
0.21323
0.30681
0.17610
0.05029
0.28680
0.06033
0.15892
0.19192
0.22597
0.19431
0.10962
0.09027
0.14449
0.11814
0.12572
0.20761
0.29687
0.12956
0.15797
0.13086
0.26731
0.01693
0.23106
0.06062
0.24082
0.10424
0.10104
0.25747
0.04510
0.03160
0.17170
0.25895
0.07179
0.25020
0.01051
0.07538
0.11035
0.32766
0.28032
0.10481
0.25998
0.06774
0.08311
0.30658
0.30436
0.12472
0.11495
0.03279
0.27049
0.22948
0.06548
0.14536
0.03619
0.31281
0.12408
0.12236
0.27490
0.07457
0.31482
0.21570
0.09131
0.16338
0.26321
0.10904
0.30866
0.29152
0.31431
0.06951
0.12050
0.18927
0.14727
0.19684
0.25171
0.23327
0.32575
0.09445
0.10696
0.23987
0.28071
0.04666
0.24482
0.05792
0.22429
0.22457
0.04514
0.08692
0.19790
0.07740
0.05781
0.13806
0.24813
0.05326
0.11208
0.15803
0.12976
0.07154
0.16276
0.22455
0.22035
0.23978
0.21599
0.10340
0.06224
0.05080
0.13495
0.10670
0.25255
0.17156
0.09637
0.09619
0.23664
0.20756
0.11151
0.14819
0.14780
0.02524
0.17776
0.05106
0.18733
0.25935
0.07333
0.24213
0.21968
0.09442
0.22236
0.23301
0.25282
0.11689
0.22423
0.23342
0.34564
0.08723
0.17650
0.11884
0.08324
0.04813
0.03565
0.13394
0.13078
0.12485
0.04802
0.24394
0.10312
0.24898
0.11698
0.03280
0.29800
0.12014
0.04428
0.11709
0.24815
0.05373
0.27532
0.09203
0.11560
0.14054
0.20104
0.10841
0.04083
0.10726
0.11130
0.14909
0.06309
0.07929
0.22505
0.13739
0.15115
0.17046
0.05275
0.07685
0.13977
0.20339
0.12996
0.18285
0.13256
0.17384
0.24469
0.26653
0.09909
0.14701
0.02003
0.08839
0.12311
0.05686
0.05441
0.32630
0.13947
0.05694
0.20787
0.15548
0.05122
0.15620
0.31655
0.11772
0.06685
0.29224
0.12040
0.18766
0.18287
0.19623
0.13135
0.05981
0.08529
0.16013
0.18653
0.17945
0.09589
0.17262
0.16202
0.19344
0.15627
0.31983
0.27608
0.24029
0.11103
0.10371
0.31174
0.27549
0.29056
0.03506
0.24874
0.10724
0.26833
0.10616
0.05425
0.13351
0.11172
0.10152
0.17314
0.25814
0.05978
0.07978
0.05613
0.25322
0.18254
0.23177
0.12029
0.21376
0.22786
0.14674
0.04811
0.22559
0.26183
0.35537
0.22352
0.29664
0.23102
0.25432
0.29305
0.27671
0.21187
0.07411
0.06960
0.10815
0.23129
0.02551
0.04697
0.19072
0.13284
0.21227
0.08804
0.18686
0.12247
0.25278
0.27111
0.24592
0.13134
0.32942
0.12600
0.14413
0.30090
0.07173
0.17792
0.04084
0.10054
0.13232
0.05759
0.23670
0.33919
0.06847
0.08990
0.12522
0.25998
0.10847
0.02857
0.06235
0.04677
0.08124
0.08324
0.17998
0.05119
0.26720
0.13719
0.18560
0.05993
0.16450
0.28935
0.21136
0.26061
0.34541
0.16364
0.26569
0.31608
0.26933
0.31377
0.27787
0.19386
0.32637
0.21406
0.25025
0.24008
0.23541
0.26384
0.15780
0.37117
0.30957
0.27239
0.24037
0.23056
0.22225
0.35603
0.25627
0.17636
0.31321
0.31411
0.23504
0.21020
0.33704
0.27532
0.25460
0.25730
0.25067
0.31354
0.24852
0.20195
0.34469
0.22527
0.23221
0.28852
0.21201
0.29621
0.33306
0.29388
0.29893
0.29121
0.26111
0.21270
0.26655
0.31091
0.18382
0.25088
0.31972
0.24320
0.25848
0.29013
0.19091
0.27196
0.23552
0.28423
0.30945
0.27671
0.27269
0.16920
0.29207
0.34156
0.14943
0.28377
0.20527
0.17483
0.18418
0.36395
0.30484
0.30644
0.16038
0.35898
0.26624
0.27833
0.35234
0.31037
0.28152
0.29890
0.22704
0.27120
0.18349
0.34190
0.27577
0.21406
0.19761
0.33191
0.20892
0.26837
0.28983
0.23927
0.33789
0.29930
0.19250
0.30134
0.29457
0.14415
0.15627
0.26409
0.16638
0.19203
0.13268
0.29428
0.31130
0.21364
0.26575
0.23805
0.27387
0.20237
0.28055
0.22774
0.29144
0.18194
0.27974
0.25383
0.22634
0.17237
0.34264
0.28842
0.16811
0.30740
0.32359
0.25319
0.36303
0.31072
0.22555
0.27918
0.19504
0.29146
0.31897
0.29781
0.26094
0.21791
0.13998
0.32973
0.22958
0.26381
0.24346
0.24846
0.30784
0.26785
0.22436
0.23133
0.29886
0.19313
0.28057
0.18811
0.23259
0.19381
0.20536
0.21251
0.30040
0.32146
0.31150
0.23595
0.17583
0.31398
0.17913
0.19482
0.19598
0.28010
0.32119
0.16302
0.18345
0.28605
0.25698
0.17782
0.15928
0.19906
0.26746
0.18828
0.25938
0.26606
0.30755
0.15199
0.24119
0.27186
0.27676
0.18415
0.27141
0.26681
0.25152
0.38645
0.16878
0.29706
0.21943
0.35854
0.30237
0.21746
0.26649
0.27073
0.26914
0.19754
0.31256
0.27949
0.25152
0.28020
0.28531
0.33978
0.20174
0.26018
0.20697
0.34118
0.24361
0.28484
0.20224
0.26456
0.27733
0.23982
0.22476
0.22940
0.22885
0.32025
0.21104
0.30084
0.22845
0.21788
0.26738
0.28707
0.30166
0.13655
0.22863
0.32461
0.32033
0.21145
0.24154
0.29857
0.28112
0.21388
0.19581
0.29099
0.29261
0.25355
0.24193
0.18517
0.28173
0.30346
0.25205
0.26332
0.25494
0.31060
0.29731
0.16637
0.17570
0.29379
0.30341
0.26007
0.24418
0.25493
0.35091
0.33006
0.14339
0.20510
0.30862
0.24833
0.24240
0.29870
0.33214
0.19777
0.18400
0.20975
0.22759
0.26623
0.33646
0.27639
0.27460
0.26866
0.23051
0.27060
0.29003
0.27071
0.16676
0.32111
0.23622
0.23781
0.33956
0.31086
0.23480
0.25371
0.26865
0.30061
0.31085
0.30757
0.22589
0.27132
0.19963
0.27473
0.32190
0.13123
0.25052
0.18633
0.22431
0.28519
0.20401
0.25961
0.24341
0.24108
0.22994
0.26064
0.22849
0.33703
0.28138
0.24493
0.18532
0.26739
0.24077
0.22988
0.19860
0.31694
0.29767
0.32861
0.23731
0.21048
0.24012
0.24629
0.22858
0.28798
0.15508
0.30678
0.24307
0.32292
0.28038
0.32182
0.34363
0.25611
0.22228
0.26085
0.17673
0.21052
0.26774
0.22150
0.29522
0.30871
0.24853
0.29485
0.36451
0.32096
0.30892
0.26816
0.30361
0.29192
0.35181
0.21511
0.28258
0.31449
0.31138
0.25315
0.32389
0.38063
0.23381
0.25289
0.34426
0.22167
0.31737
0.33275
0.21728
0.23828
0.34800
0.23146
0.26173
0.28226
0.24838
0.18462
0.24906
0.22933
0.25500
0.27769
0.32644
0.29314
0.26145
0.27767
0.27039
0.25663
0.24110
0.30057
0.15065
0.32549
0.32047
0.37874
0.26412
0.28373
0.37180
0.37562
0.25913
0.18643
0.26042
0.35772
0.28162
0.18010
0.27203
0.34073
0.23218
0.19675
0.34239
0.22574
0.28057
0.22443
0.32279
0.35260
0.42763
0.29288
0.25158
0.23132
0.37187
0.30205
0.27562
0.26785
0.33880
0.23543
0.18866
0.31489
0.43472
0.22933
0.36736
0.39595
0.17549
0.27705
0.31844
0.31699
0.28423
0.24402
0.24522
0.17980
0.27566
0.28293
0.30197
0.30987
0.35987
0.21491
0.23452
0.25512
0.19399
0.21429
0.37256
0.22021
0.12066
0.32336
0.20348
0.20076
0.39522
0.14093
0.25298
0.18697
0.22768
0.23551
0.42601
0.16729
0.28133
0.37244
0.24659
0.18837
0.22942
0.26413
0.18847
0.33160
0.17384
0.33356
0.34543
0.21817
0.23939
0.22611
0.34508
0.27867
0.19638
0.31608
0.38707
0.30736
0.28934
0.35017
0.35676
0.18309
0.24959
0.26637
0.38595
0.19247
0.17767
0.24026
0.36658
0.20593
0.25026
0.28213
0.34528
0.36608
0.21351
0.24090
0.30583
0.30217
0.25317
0.23297
0.36590
0.28111
0.27091
0.26230
0.28543
0.33515
0.26566
0.28153
0.23576
0.32937
0.24064
0.23542
0.29046
0.28322
0.20601
0.26106
0.21083
0.31414
0.24000
0.03920
0.13406
0.17116
0.20415
0.21175
0.23850
0.23863
0.34072
0.25325
0.06495
0.14039
0.05740
0.27643
0.25411
0.18195
0.29744
0.05952
0.17474
0.16642
0.10229
0.07106
0.13673
0.23808
0.23012
0.20044
0.21957
0.21913
0.02098
0.29352
0.18047
0.04778
0.09190
0.08334
0.26773
0.06682
0.20488
0.19163
0.27185
0.04575
0.07394
0.05814
0.02720
0.24704
0.07709
0.12603
0.21289
0.29218
0.13277
0.26183
0.21771
0.03334
0.28716
0.07575
0.03397
0.25396
0.20203
0.27867
0.03462
0.08872
0.20224
0.20573
0.27388
0.27264
0.01525
0.08647
0.19009
0.21375
0.08268
0.20835
0.12744
0.18494
0.20923
0.08070
0.27289
0.22267
0.05800
0.14406
0.14341
0.08304
0.03207
0.26553
0.10910
0.17364
0.24086
0.28906
0.19504
0.31737
0.22163
0.22659
0.15793
0.15678
0.14144
0.01393
0.23305
0.13598
0.06058
0.22745
0.23828
0.26066
0.25515
0.05512
0.05572
0.14151
0.20858
0.12093
0.22890
0.07818
0.18527
0.31306
0.10510
0.21955
0.07618
0.05108
0.03521
0.09037
0.05956
0.08977
0.11212
0.26737
0.08657
0.09238
0.04753
0.11033
0.09730
0.24525
