0.12039
0.11165
0.05569
0.22610
0.07827
0.13340
0.24139
0.14491
0.18438
0.05253
0.23225
0.14969
0.12900
0.11742
0.12095
0.23105
0.11999
0.14631
0.08676
0.15727
0.30345
0.14925
0.16036
0.03753
0.25688
0.13376
0.11927
0.26390
0.09744
0.17493
0.15070
0.29640
0.12790
0.10706
0.09024
0.09831
0.10683
0.07181
0.09839
0.13388
0.31270
0.27256
0.10083
0.14732
0.28738
0.20147
0.16810
0.22674
0.19809
0.17418
0.09594
0.14800
0.12896
0.30246
0.08859
0.23453
0.22943
0.10498
0.11637
0.06196
0.30111
0.31092
0.12075
0.23908
0.29133
0.31037
0.05948
0.17268
0.11431
0.03674
0.11133
0.30000
0.29464
0.17393
0.25794
0.12517
0.04703
0.05726
0.20965
0.17638
0.29379
0.20642
0.33925
0.26887
0.26700
0.38756
0.09280
0.09328
0.13573
0.27857
0.32496
0.18311
0.05120
0.29391
0.05053
0.13321
0.21947
0.20221
0.18945
0.15698
0.09088
0.19454
0.12120
0.11423
0.19839
0.29361
0.18313
0.15909
0.19045
0.27303
0.03291
0.24801
0.08764
0.25616
0.10873
0.15415
0.27119
0.03515
0.08427
0.18756
0.25214
0.06898
0.30210
0.03904
0.11132
0.13921
0.29861
0.29780
0.15422
0.27652
0.08888
0.10881
0.32163
0.33715
0.11419
0.14250
0.05783
0.28909
0.25951
0.06574
0.18191
0.03284
0.27732
0.14836
0.12779
0.28549
0.09779
0.33432
0.14364
0.08999
0.15151
0.23894
0.10688
0.31345
0.31348
0.30709
0.12851
0.18178
0.15240
0.21122
0.29153
0.28786
0.28003
0.32831
0.09899
0.10795
0.25706
0.27662
0.03599
0.26114
0.04672
0.26783
0.26190
0.03222
0.11587
0.20964
0.06967
0.06749
0.17980
0.26094
0.09068
0.09299
0.21586
0.10991
0.11825
0.18864
0.21953
0.26824
0.27183
0.19608
0.11822
0.06544
0.05796
0.18474
0.14737
0.23884
0.18414
0.19253
0.10417
0.30926
0.21034
0.09340
0.18800
0.13714
0.02734
0.26012
0.10610
0.18006
0.24901
0.14292
0.28422
0.24150
0.09910
0.26258
0.28693
0.25147
0.11346
0.29307
0.21413
0.33136
0.10024
0.20828
0.16078
0.07840
0.07374
0.06944
0.16142
0.19697
0.16652
0.05388
0.24744
0.07681
0.25179
0.11556
0.05584
0.28575
0.10375
0.04613
0.11299
0.29991
0.08710
0.30053
0.12065
0.12724
0.15319
0.20781
0.10642
0.03995
0.09881
0.12581
0.12107
0.10797
0.12457
0.29274
0.14610
0.14260
0.19805
0.09766
0.08325
0.12843
0.25385
0.15494
0.23977
0.16595
0.15524
0.25331
0.28499
0.08765
0.18348
0.04830
0.11435
0.11372
0.05619
0.04075
0.38658
0.19539
0.04369
0.18676
0.16345
0.09473
0.17878
0.30826
0.11751
0.06250
0.27808
0.10561
0.23434
0.16210
0.21309
0.20029
0.07854
0.08265
0.20969
0.17962
0.15807
0.09621
0.18587
0.15682
0.20618
0.11880
0.34726
0.29582
0.28931
0.16940
0.13052
0.28465
0.33811
0.33172
0.04124
0.24684
0.13575
0.31438
0.11958
0.08012
0.16055
0.12923
0.08503
0.18035
0.24933
0.05868
0.07244
0.06264
0.28540
0.15515
0.26262
0.21804
0.24239
0.22527
0.16744
0.07218
0.26058
0.27444
0.38191
0.26592
0.33065
0.23799
0.24940
0.29346
0.28037
0.28108
0.07169
0.08299
0.12882
0.22888
0.07033
0.06898
0.18997
0.08547
0.19611
0.09761
0.15470
0.12542
0.27842
0.25737
0.26723
0.22077
0.32690
0.13546
0.13066
0.30902
0.08864
0.21745
0.05355
0.08261
0.21636
0.08495
0.24708
0.30660
0.05966
0.07209
0.13223
0.27276
0.10072
0.02816
0.05723
0.05549
0.07674
0.09037
0.16272
0.06816
0.29399
0.20404
0.24547
0.06995
0.18233
0.28980
0.19442
0.26349
0.34973
0.18752
0.28450
0.30119
0.26832
0.30549
0.28627
0.23624
0.35085
0.24761
0.26236
0.23831
0.23646
0.28940
0.16971
0.37257
0.31826
0.23865
0.25851
0.23305
0.26548
0.33356
0.30288
0.23088
0.29809
0.33999
0.22373
0.25980
0.31203
0.26469
0.23331
0.26916
0.28636
0.30947
0.25853
0.20540
0.35153
0.24106
0.24619
0.30412
0.21357
0.30353
0.35192
0.27153
0.30069
0.29794
0.27300
0.25262
0.26937
0.33711
0.21911
0.26032
0.31700
0.24416
0.29257
0.29342
0.17614
0.31518
0.25813
0.28241
0.31556
0.29166
0.27059
0.16973
0.28083
0.36055
0.12290
0.28259
0.20734
0.20204
0.17239
0.36030
0.30368
0.33373
0.16829
0.35194
0.25959
0.24678
0.36998
0.32082
0.29214
0.29293
0.22430
0.28536
0.17336
0.34482
0.28293
0.21666
0.17449
0.33468
0.16354
0.26972
0.28276
0.26521
0.34440
0.31042
0.20511
0.31430
0.29400
0.14705
0.17902
0.28052
0.18230
0.19415
0.15432
0.27738
0.34268
0.27740
0.26162
0.24105
0.28050
0.23561
0.29376
0.26764
0.28904
0.20951
0.27949
0.26531
0.19945
0.19818
0.34501
0.29485
0.18210
0.25829
0.32041
0.27780
0.35415
0.30766
0.22699
0.27541
0.18752
0.29274
0.29756
0.27030
0.25054
0.22156
0.16657
0.30416
0.20283
0.27686
0.20856
0.26696
0.29331
0.28892
0.18256
0.20963
0.28760
0.20692
0.28670
0.17648
0.21430
0.23834
0.21667
0.21243
0.31536
0.32370
0.32587
0.22496
0.17196
0.32647
0.19342
0.18768
0.20158
0.30843
0.28748
0.15926
0.16470
0.29505
0.27421
0.21669
0.14248
0.21552
0.27387
0.22605
0.23467
0.23595
0.29818
0.14857
0.24341
0.27274
0.26200
0.18760
0.28256
0.25231
0.23198
0.38198
0.18941
0.28028
0.21787
0.35568
0.31760
0.26539
0.27491
0.30148
0.27548
0.17978
0.31022
0.26299
0.25371
0.27972
0.28041
0.33308
0.24613
0.28268
0.22727
0.34121
0.22106
0.28839
0.22726
0.25831
0.29337
0.25852
0.21040
0.24734
0.23688
0.31924
0.22372
0.32818
0.22197
0.25985
0.30128
0.29588
0.29964
0.13888
0.22638
0.32544
0.31792
0.25476
0.28011
0.29713
0.24755
0.24738
0.21145
0.29809
0.29636
0.27357
0.23885
0.13801
0.28903
0.30358
0.24927
0.27058
0.20198
0.32820
0.28932
0.20489
0.19519
0.28669
0.29527
0.28269
0.26534
0.24073
0.34473
0.35229
0.14634
0.23203
0.32157
0.27420
0.27833
0.30234
0.33326
0.25944
0.19751
0.18546
0.25049
0.25396
0.35793
0.27996
0.27294
0.27120
0.23398
0.27003
0.29451
0.28024
0.16063
0.32715
0.21204
0.20237
0.34799
0.30881
0.27268
0.25511
0.25621
0.29364
0.32491
0.33535
0.24782
0.27348
0.19113
0.30606
0.31205
0.12615
0.27448
0.17937
0.24159
0.25717
0.23094
0.26292
0.25837
0.24812
0.20206
0.22172
0.24473
0.34044
0.27348
0.25667
0.19563
0.29814
0.25654
0.24378
0.21644
0.31823
0.28293
0.31872
0.24286
0.23498
0.26816
0.25716
0.23598
0.26739
0.16639
0.31591
0.25597
0.33092
0.28390
0.31304
0.33983
0.28526
0.25372
0.29760
0.17574
0.19928
0.27654
0.22071
0.28322
0.30946
0.26957
0.32198
0.37697
0.31538
0.32754
0.27211
0.30521
0.27325
0.35916
0.24278
0.26929
0.31916
0.31477
0.28867
0.31694
0.38209
0.21236
0.24975
0.34584
0.21747
0.32525
0.32381
0.23764
0.24779
0.34256
0.24624
0.26047
0.32072
0.27898
0.22551
0.24759
0.25823
0.26116
0.28208
0.31495
0.28747
0.24189
0.29212
0.28008
0.28165
0.25920
0.24529
0.11503
0.32642
0.32730
0.36166
0.31725
0.29197
0.37632
0.35755
0.27958
0.16011
0.29201
0.38890
0.25774
0.15793
0.29204
0.33035
0.23420
0.25342
0.31684
0.26862
0.26863
0.22645
0.32868
0.32479
0.36027
0.28935
0.28833
0.29003
0.36953
0.27607
0.27564
0.31792
0.34130
0.27491
0.15173
0.32153
0.42788
0.25121
0.37954
0.40042
0.16135
0.31073
0.34108
0.31880
0.29910
0.24276
0.27883
0.19873
0.28819
0.27283
0.27902
0.30651
0.36972
0.29187
0.27998
0.22439
0.16355
0.28002
0.37218
0.22663
0.07235
0.32676
0.11874
0.18761
0.38474
0.14254
0.22840
0.17242
0.29714
0.23611
0.42539
0.16260
0.30538
0.36583
0.22092
0.22111
0.25695
0.21936
0.17218
0.34363
0.15918
0.35105
0.32717
0.25547
0.23598
0.25839
0.33193
0.25730
0.20041
0.34693
0.42576
0.28241
0.27859
0.36452
0.34842
0.20297
0.22035
0.27720
0.37532
0.18251
0.20746
0.21318
0.32133
0.25540
0.25141
0.28253
0.31888
0.33472
0.20774
0.30090
0.34457
0.28915
0.28544
0.24127
0.35283
0.28129
0.26103
0.28528
0.31378
0.30572
0.24989
0.30650
0.23775
0.32983
0.22639
0.24482
0.32144
0.28549
0.27226
0.27960
0.19166
0.32074
0.22436
0.02938
0.10667
0.18880
0.20621
0.25223
0.21484
0.25670
0.33077
0.22641
0.05234
0.18531
0.03822
0.29335
0.23990
0.19426
0.28785
0.01079
0.12413
0.19724
0.26492
0.08997
0.14835
0.21367
0.27915
0.15091
0.21341
0.29029
0.01715
0.30415
0.22118
0.03173
0.06235
0.09086
0.28763
0.17634
0.22824
0.23262
0.31632
0.07389
0.04667
0.04047
0.11852
0.27398
0.13795
0.15718
0.17951
0.30531
0.13818
0.23656
0.21434
0.01936
0.30932
0.07881
0.05932
0.26104
0.18148
0.21825
0.10052
0.07494
0.17656
0.23350
0.30025
0.26052
0.02228
0.06525
0.20435
0.20191
0.21272
0.15709
0.08068
0.21064
0.19045
0.13653
0.30038
0.30087
0.10495
0.10621
0.18872
0.04203
0.03201
0.18919
0.20648
0.18335
0.26333
0.28810
0.17871
0.34569
0.20639
0.22917
0.13384
0.21708
0.19964
0.00601
0.25436
0.08796
0.05378
0.21025
0.25540
0.30184
0.24857
0.08577
0.00975
0.12527
0.19619
0.26666
0.31157
0.09588
0.19385
0.30120
0.10157
0.23676
0.09516
0.05012
0.05546
0.09960
0.03705
0.13301
0.26868
0.29189
0.06053
0.06195
0.03879
0.09143
0.11976
0.29837
