0.11347
0.09728
0.07878
0.27344
0.08622
0.16398
0.20671
0.17704
0.18651
0.10316
0.19345
0.13556
0.17805
0.11894
0.15442
0.22896
0.15967
0.14041
0.09118
0.15295
0.28952
0.14827
0.16663
0.07256
0.20746
0.18087
0.15975
0.25384
0.11519
0.18171
0.15840
0.24309
0.15094
0.09663
0.14666
0.10881
0.14551
0.10547
0.17761
0.19523
0.31225
0.29475
0.10416
0.13927
0.29216
0.24626
0.20045
0.25433
0.21385
0.15781
0.10586
0.17708
0.16620
0.25535
0.09744
0.26538
0.19951
0.15357
0.12014
0.10321
0.27093
0.28460
0.15166
0.18690
0.29319
0.30566
0.07186
0.19461
0.13955
0.04788
0.12972
0.31489
0.33918
0.22597
0.23877
0.22481
0.10343
0.07598
0.22471
0.13924
0.31171
0.20202
0.34133
0.28500
0.27616
0.35315
0.10079
0.13549
0.16780
0.28484
0.32956
0.19164
0.14619
0.26390
0.07122
0.23001
0.23124
0.21739
0.21526
0.17515
0.10930
0.20259
0.14242
0.12799
0.22118
0.29054
0.19092
0.18034
0.19655
0.28514
0.08327
0.25891
0.10242
0.22362
0.12159
0.21231
0.27619
0.10032
0.08490
0.21186
0.23907
0.11882
0.26518
0.03687
0.12623
0.20679
0.30316
0.28237
0.22063
0.26532
0.10854
0.15018
0.30046
0.36160
0.09067
0.18956
0.08967
0.28688
0.24994
0.10658
0.20327
0.03137
0.30147
0.21022
0.16516
0.22798
0.10473
0.36717
0.20413
0.09442
0.18502
0.28018
0.10754
0.30966
0.31501
0.32540
0.14767
0.17964
0.14474
0.24033
0.27967
0.27137
0.29317
0.32686
0.08787
0.14347
0.27847
0.22272
0.10025
0.28976
0.05286
0.24910
0.25011
0.07997
0.12881
0.23934
0.10145
0.09990
0.18905
0.30056
0.10715
0.11334
0.19804
0.15836
0.15015
0.17430
0.23928
0.24418
0.25687
0.17222
0.18181
0.09204
0.09072
0.17394
0.15366
0.24232
0.23559
0.18786
0.11122
0.26197
0.22732
0.07751
0.22213
0.13926
0.06940
0.24074
0.16757
0.22323
0.27775
0.12310
0.24743
0.25160
0.17611
0.26027
0.27413
0.24991
0.14338
0.31305
0.20553
0.33433
0.12055
0.21276
0.11364
0.09463
0.10994
0.05799
0.20895
0.22962
0.17960
0.09846
0.24862
0.16902
0.24984
0.14992
0.05952
0.26597
0.12046
0.07889
0.12508
0.25282
0.10005
0.30647
0.13520
0.11283
0.16803
0.19834
0.10832
0.05585
0.12057
0.09603
0.11614
0.16425
0.13507
0.27437
0.15411
0.16571
0.20291
0.10840
0.09823
0.15059
0.20825
0.17654
0.19295
0.20347
0.16412
0.24439
0.30031
0.09577
0.15256
0.06418
0.18750
0.12653
0.09294
0.07303
0.37324
0.23892
0.09292
0.19016
0.14171
0.09207
0.16297
0.33397
0.12081
0.14828
0.30705
0.11374
0.22350
0.20741
0.15054
0.16222
0.10311
0.10895
0.18700
0.24455
0.21607
0.10426
0.22985
0.19553
0.18667
0.16601
0.34608
0.27914
0.28749
0.16668
0.17562
0.29813
0.31582
0.34424
0.06392
0.25593
0.13764
0.29785
0.14919
0.10779
0.16734
0.15470
0.09640
0.25525
0.23067
0.11259
0.11159
0.11102
0.24811
0.20020
0.20674
0.21221
0.22627
0.25616
0.12672
0.08002
0.27821
0.28593
0.35812
0.26751
0.31434
0.23545
0.26180
0.30034
0.29054
0.28237
0.06971
0.11192
0.17298
0.23228
0.06681
0.10248
0.24120
0.15957
0.23456
0.13867
0.18355
0.18724
0.26690
0.25157
0.26470
0.22998
0.25571
0.16289
0.15034
0.29864
0.10016
0.22835
0.06921
0.10676
0.24403
0.05269
0.26082
0.36546
0.11491
0.09230
0.18855
0.25262
0.12303
0.07927
0.08025
0.10871
0.08636
0.09632
0.22397
0.09909
0.30576
0.20120
0.24029
0.11266
0.19077
0.29759
0.22638
0.29288
0.35400
0.19471
0.29126
0.30947
0.30224
0.31942
0.26790
0.26338
0.34007
0.25629
0.22346
0.27016
0.19389
0.30014
0.19246
0.36804
0.32502
0.24739
0.26393
0.24393
0.27202
0.33289
0.29140
0.23881
0.31019
0.30532
0.24653
0.26223
0.33171
0.25097
0.21530
0.25044
0.29345
0.31222
0.27339
0.19601
0.33958
0.25728
0.24394
0.30735
0.13674
0.28539
0.33872
0.26543
0.32034
0.30248
0.27563
0.21180
0.28402
0.33484
0.24750
0.28407
0.31434
0.26134
0.27014
0.29792
0.17179
0.30991
0.26343
0.28091
0.30434
0.27723
0.28546
0.16784
0.29150
0.35999
0.13412
0.27336
0.21415
0.22417
0.18987
0.35392
0.29051
0.30733
0.15730
0.35915
0.25634
0.26916
0.35679
0.31994
0.29208
0.28011
0.24571
0.26815
0.18734
0.34162
0.29225
0.24666
0.14066
0.30676
0.20111
0.25167
0.27543
0.26800
0.33718
0.31018
0.18536
0.30769
0.32115
0.16193
0.18420
0.28920
0.17119
0.18932
0.16599
0.29061
0.32662
0.27782
0.27310
0.23860
0.29135
0.19419
0.28674
0.25940
0.28690
0.18708
0.28121
0.28874
0.20791
0.16631
0.35344
0.30196
0.21292
0.32389
0.31664
0.23173
0.35780
0.30350
0.22476
0.28730
0.19780
0.28614
0.28884
0.29346
0.26722
0.21114
0.15252
0.32366
0.21844
0.29818
0.19787
0.27564
0.32174
0.30237
0.18414
0.23127
0.28366
0.21246
0.30930
0.19985
0.24713
0.22235
0.23104
0.22343
0.29278
0.32697
0.31735
0.25241
0.21594
0.33361
0.20021
0.23215
0.20669
0.29023
0.30546
0.16129
0.16925
0.27413
0.25641
0.23007
0.14754
0.20172
0.24806
0.23649
0.24622
0.27864
0.30659
0.17367
0.23716
0.27342
0.29408
0.18476
0.29418
0.25736
0.24166
0.36314
0.18362
0.28798
0.21976
0.35814
0.30078
0.27003
0.24990
0.28317
0.28555
0.18879
0.31229
0.25274
0.25356
0.28622
0.26523
0.34085
0.22608
0.29104
0.21119
0.32954
0.25131
0.30442
0.23440
0.26598
0.27107
0.26146
0.20908
0.25792
0.24902
0.28632
0.18451
0.29468
0.21414
0.26920
0.27630
0.28848
0.28377
0.12094
0.24896
0.32472
0.33980
0.26418
0.28227
0.32108
0.26567
0.24205
0.22666
0.29874
0.26806
0.27884
0.22009
0.19299
0.31273
0.32165
0.23393
0.28991
0.21445
0.32214
0.30615
0.20220
0.17416
0.28834
0.27575
0.31300
0.28555
0.24900
0.34517
0.34433
0.14107
0.21210
0.30115
0.27847
0.29521
0.31328
0.32881
0.22969
0.19781
0.19621
0.27313
0.26778
0.34793
0.29037
0.27863
0.26807
0.21183
0.24265
0.29699
0.27088
0.15805
0.34054
0.21228
0.23720
0.34233
0.30363
0.27735
0.20261
0.24953
0.29889
0.33368
0.35336
0.24318
0.27329
0.20570
0.30926
0.30904
0.11588
0.27341
0.20987
0.24895
0.28001
0.22967
0.25594
0.24054
0.27613
0.22110
0.25642
0.22065
0.33196
0.29577
0.28476
0.19018
0.29547
0.24906
0.21340
0.21480
0.32405
0.29474
0.33317
0.24262
0.26421
0.29902
0.24886
0.23778
0.28355
0.18879
0.33707
0.23671
0.34253
0.26677
0.30490
0.34189
0.26791
0.27901
0.30828
0.16404
0.22911
0.28902
0.25503
0.31009
0.30140
0.28769
0.32767
0.37608
0.31708
0.31568
0.25600
0.30762
0.27906
0.35437
0.25762
0.26617
0.32592
0.31851
0.28508
0.33297
0.38258
0.22714
0.25478
0.27488
0.23424
0.32884
0.31619
0.21473
0.25441
0.33886
0.22769
0.28368
0.29979
0.30666
0.26622
0.28041
0.27890
0.30612
0.29613
0.32286
0.29395
0.24887
0.29239
0.28122
0.30836
0.26989
0.28286
0.14011
0.32191
0.33432
0.35481
0.32414
0.29646
0.39043
0.42587
0.28047
0.18986
0.31794
0.37503
0.28269
0.22956
0.30132
0.33241
0.23510
0.26088
0.33605
0.27704
0.26855
0.22922
0.33064
0.34631
0.41276
0.29935
0.29170
0.27013
0.38750
0.31926
0.30795
0.28231
0.35844
0.27252
0.18650
0.29252
0.44974
0.23016
0.39997
0.39822
0.20507
0.29671
0.36700
0.32359
0.29676
0.26680
0.28179
0.20655
0.29256
0.27583
0.27881
0.28244
0.37578
0.27286
0.28918
0.24237
0.18157
0.24656
0.40871
0.24480
0.10596
0.33920
0.12987
0.18784
0.40678
0.13199
0.24148
0.20503
0.28144
0.22095
0.46514
0.18094
0.32335
0.40732
0.25770
0.25042
0.25646
0.23544
0.19063
0.35488
0.16980
0.35876
0.33401
0.26756
0.24836
0.24516
0.34007
0.27531
0.19221
0.34446
0.41857
0.31630
0.30010
0.37815
0.35766
0.22614
0.26245
0.29047
0.38402
0.18471
0.23069
0.21564
0.34508
0.27235
0.25894
0.27609
0.31066
0.36774
0.25161
0.29783
0.36093
0.28434
0.29393
0.25708
0.40339
0.28299
0.24631
0.28856
0.31787
0.33976
0.28338
0.31634
0.23632
0.32101
0.26266
0.23544
0.31698
0.29429
0.22350
0.28950
0.18350
0.29663
0.23305
0.11540
0.15143
0.18394
0.21561
0.27589
0.19838
0.26506
0.34391
0.19966
0.05202
0.19863
0.06943
0.25310
0.22296
0.18703
0.30900
0.10517
0.14343
0.19468
0.20336
0.08685
0.16461
0.20156
0.26740
0.21945
0.20707
0.27831
0.07236
0.30504
0.25667
0.04623
0.09350
0.16315
0.27730
0.15069
0.25039
0.21571
0.25622
0.08939
0.06927
0.10755
0.07808
0.28826
0.12347
0.13951
0.18456
0.28622
0.19495
0.30761
0.20014
0.09861
0.26595
0.04048
0.06758
0.26701
0.18902
0.25714
0.08252
0.06911
0.21642
0.20220
0.27504
0.26883
0.08096
0.03614
0.18722
0.20744
0.17532
0.19412
0.08254
0.22394
0.19592
0.11278
0.28597
0.28627
0.14317
0.17307
0.16081
0.05393
0.06392
0.20129
0.19773
0.18863
0.25182
0.21324
0.20314
0.29957
0.20300
0.23569
0.18033
0.22316
0.17114
0.05671
0.28187
0.12513
0.08750
0.20891
0.22345
0.25231
0.27022
0.06826
0.06307
0.20679
0.24517
0.23105
0.25602
0.16365
0.23575
0.30844
0.19035
0.23736
0.10733
0.06950
0.04318
0.17109
0.04359
0.09892
0.26995
0.29119
0.09896
0.10726
0.09443
0.06500
0.09527
0.25118
