0.15214
0.12805
0.04834
0.24789
0.08202
0.12089
0.21495
0.14663
0.17028
0.05313
0.19969
0.14485
0.12108
0.14376
0.10245
0.22122
0.14953
0.13781
0.08450
0.13318
0.29968
0.11028
0.17207
0.04528
0.22078
0.16060
0.12483
0.25913
0.07561
0.14667
0.16407
0.27692
0.15668
0.10890
0.10073
0.10057
0.14764
0.09326
0.15118
0.16870
0.29377
0.25591
0.08530
0.13881
0.29665
0.22887
0.17975
0.26215
0.20233
0.14811
0.09937
0.16087
0.15598
0.30932
0.09736
0.24796
0.20307
0.12159
0.09651
0.08703
0.27572
0.27627
0.12255
0.18395
0.29791
0.31002
0.03223
0.14078
0.11856
0.03674
0.13509
0.27566
0.35452
0.18852
0.25378
0.09789
0.07653
0.04223
0.21357
0.19236
0.30799
0.15912
0.35306
0.27873
0.27890
0.36136
0.09515
0.06967
0.13795
0.25810
0.33835
0.19940
0.06797
0.25268
0.05470
0.14998
0.20524
0.22327
0.21568
0.18259
0.09641
0.19385
0.10396
0.12914
0.21231
0.31381
0.16986
0.16872
0.19133
0.29244
0.02736
0.24325
0.09444
0.26713
0.12312
0.19100
0.27965
0.06055
0.07344
0.18450
0.23574
0.08924
0.25387
0.02070
0.10263
0.17423
0.32380
0.27958
0.12842
0.26255
0.08466
0.11508
0.31022
0.34669
0.09770
0.13222
0.07097
0.28372
0.27749
0.07931
0.15020
0.03578
0.29239
0.17587
0.12868
0.27769
0.08004
0.35907
0.20226
0.08820
0.14827
0.26197
0.11770
0.27352
0.28847
0.30635
0.11227
0.17848
0.14282
0.19451
0.23543
0.27771
0.30006
0.33673
0.08628
0.15623
0.29918
0.25779
0.03319
0.29266
0.05036
0.21370
0.16529
0.06880
0.11076
0.21461
0.06704
0.08459
0.20767
0.26774
0.08434
0.10828
0.22840
0.16486
0.08504
0.18999
0.21285
0.27344
0.25326
0.21730
0.10542
0.06586
0.04275
0.14270
0.16186
0.23096
0.17543
0.20001
0.12651
0.27475
0.22240
0.06025
0.15529
0.16814
0.06423
0.16754
0.08498
0.19411
0.25654
0.10057
0.25239
0.24982
0.11034
0.26432
0.28036
0.26852
0.12427
0.30244
0.20663
0.34620
0.07995
0.17537
0.10163
0.06025
0.09786
0.04947
0.15251
0.22773
0.15087
0.07632
0.29080
0.09282
0.25040
0.12745
0.04333
0.27740
0.11434
0.04708
0.11019
0.27027
0.10075
0.30018
0.08802
0.10979
0.13677
0.21214
0.11022
0.03955
0.09554
0.12446
0.10317
0.12694
0.08617
0.28330
0.15124
0.14154
0.21070
0.09153
0.04335
0.13438
0.21084
0.16631
0.20621
0.16839
0.12538
0.27436
0.27482
0.10038
0.14114
0.04487
0.05922
0.12597
0.06140
0.04354
0.38286
0.15424
0.08547
0.18767
0.14969
0.08761
0.14897
0.32631
0.13025
0.07028
0.29574
0.11140
0.20746
0.19341
0.18436
0.17348
0.12007
0.06352
0.21326
0.19344
0.14172
0.10043
0.19359
0.14866
0.17905
0.15262
0.30054
0.25068
0.25844
0.14638
0.13655
0.29340
0.30866
0.35172
0.01530
0.27968
0.13021
0.29930
0.15466
0.07276
0.14563
0.11270
0.11975
0.17865
0.23879
0.05949
0.12385
0.05925
0.26646
0.16252
0.18962
0.15008
0.26253
0.25829
0.12841
0.04127
0.25802
0.28750
0.34954
0.26992
0.31987
0.22626
0.26100
0.28353
0.30114
0.25852
0.07825
0.08174
0.13615
0.20316
0.05140
0.07442
0.19284
0.10870
0.20362
0.12981
0.17579
0.11466
0.22845
0.26789
0.23849
0.19810
0.33279
0.13156
0.16960
0.29984
0.06040
0.22156
0.05428
0.09117
0.21599
0.05721
0.23610
0.32511
0.07081
0.08619
0.16556
0.24272
0.10878
0.05440
0.04459
0.06182
0.07039
0.09973
0.20358
0.09164
0.29285
0.15904
0.23085
0.09166
0.21176
0.29509
0.20643
0.29574
0.34557
0.19148
0.28016
0.30368
0.31902
0.33626
0.25699
0.27011
0.34514
0.27453
0.22037
0.24318
0.21908
0.31443
0.20211
0.36678
0.32264
0.26389
0.28305
0.25365
0.28266
0.37143
0.29915
0.24941
0.32793
0.34172
0.26196
0.26699
0.33714
0.26697
0.24718
0.24434
0.30216
0.31473
0.26918
0.23069
0.35400
0.28314
0.24226
0.33732
0.21261
0.28897
0.34546
0.28603
0.31703
0.31114
0.28595
0.22499
0.30930
0.32600
0.22547
0.29747
0.30392
0.26777
0.28390
0.30513
0.15143
0.32055
0.23758
0.26099
0.29990
0.28564
0.28371
0.17719
0.26490
0.33838
0.14547
0.26389
0.22490
0.23313
0.19785
0.37056
0.30743
0.31890
0.16980
0.35599
0.27202
0.27471
0.32959
0.31638
0.31115
0.26943
0.25979
0.26124
0.19471
0.34908
0.29745
0.24315
0.18205
0.31314
0.20151
0.26157
0.28641
0.24835
0.34657
0.31404
0.20143
0.32403
0.31465
0.18452
0.19550
0.30859
0.18232
0.20521
0.15462
0.29922
0.30485
0.27500
0.27859
0.25023
0.30622
0.19188
0.30167
0.27661
0.27175
0.22724
0.27905
0.30572
0.22333
0.17060
0.34304
0.27285
0.19092
0.32477
0.30538
0.25940
0.35211
0.28453
0.19886
0.27209
0.20572
0.28312
0.28814
0.30867
0.28129
0.24107
0.17960
0.31363
0.21758
0.30465
0.21421
0.29581
0.31792
0.29035
0.21209
0.24025
0.28884
0.21716
0.30546
0.19475
0.25741
0.24851
0.23738
0.23246
0.29604
0.30699
0.32411
0.26981
0.24184
0.33679
0.23726
0.22648
0.22095
0.28684
0.31665
0.16918
0.18932
0.27732
0.28210
0.19061
0.16283
0.22041
0.26459
0.22979
0.25715
0.28503
0.30630
0.18116
0.28290
0.26316
0.29275
0.17898
0.29409
0.28132
0.24929
0.38131
0.20664
0.30861
0.22929
0.35418
0.31501
0.24921
0.27712
0.30461
0.25227
0.20312
0.31520
0.27805
0.28035
0.27551
0.28123
0.33420
0.24444
0.28751
0.24355
0.31619
0.24489
0.30235
0.23603
0.28323
0.24034
0.28956
0.22583
0.22398
0.25752
0.28383
0.19754
0.32062
0.23816
0.28082
0.28265
0.29435
0.27781
0.14615
0.23190
0.33807
0.33738
0.27184
0.30550
0.33632
0.25732
0.25184
0.24724
0.27580
0.26923
0.27531
0.25803
0.18723
0.30695
0.30841
0.24358
0.27419
0.17887
0.31905
0.29428
0.20812
0.21874
0.28164
0.28176
0.30429
0.25694
0.26754
0.33306
0.35838
0.15178
0.23700
0.28397
0.27817
0.30051
0.29741
0.33063
0.22625
0.22406
0.22034
0.27905
0.29415
0.36334
0.30083
0.29394
0.29951
0.22449
0.22974
0.29375
0.24532
0.19042
0.33806
0.24201
0.24997
0.32874
0.29158
0.25404
0.23173
0.28002
0.30227
0.34849
0.33785
0.26792
0.28481
0.20472
0.32788
0.30850
0.14040
0.28016
0.20733
0.25277
0.29883
0.24204
0.31257
0.22807
0.28264
0.21269
0.26737
0.25236
0.33967
0.29793
0.29815
0.19944
0.27441
0.25606
0.23463
0.21814
0.29550
0.26914
0.31897
0.26211
0.24917
0.27851
0.25771
0.26496
0.26473
0.19818
0.34076
0.25857
0.33013
0.25080
0.25599
0.35314
0.26262
0.28640
0.31244
0.18415
0.22169
0.29819
0.22862
0.30453
0.28625
0.32060
0.33746
0.37759
0.28265
0.31987
0.27128
0.29990
0.27939
0.36407
0.27805
0.26246
0.31886
0.31261
0.30062
0.32433
0.36787
0.22799
0.28226
0.31444
0.22764
0.30780
0.30305
0.21189
0.25745
0.32351
0.23329
0.29644
0.29156
0.27908
0.27606
0.27681
0.26475
0.29517
0.29179
0.32591
0.29531
0.26412
0.29839
0.28777
0.30797
0.29901
0.28564
0.14453
0.32959
0.33212
0.35375
0.33519
0.31960
0.41357
0.40808
0.27415
0.21177
0.32094
0.35260
0.28486
0.21329
0.32808
0.33239
0.22683
0.25913
0.32727
0.25248
0.26188
0.24285
0.34711
0.35205
0.41435
0.32112
0.30773
0.25873
0.39937
0.28461
0.28713
0.31966
0.34516
0.29866
0.18151
0.30170
0.45591
0.24636
0.41317
0.41898
0.22593
0.31849
0.37079
0.32525
0.28115
0.25945
0.29370
0.22994
0.29163
0.32803
0.27980
0.28791
0.39598
0.27750
0.28377
0.24397
0.23793
0.26609
0.40294
0.23525
0.10737
0.33373
0.15031
0.18439
0.40953
0.15416
0.25463
0.21015
0.28852
0.25577
0.45840
0.18036
0.33844
0.39503
0.24694
0.21332
0.26633
0.26117
0.22586
0.36645
0.18325
0.37685
0.35525
0.28154
0.25122
0.26415
0.35054
0.27617
0.21150
0.32785
0.42470
0.31378
0.29459
0.37489
0.38583
0.24545
0.27050
0.29251
0.40404
0.19822
0.24049
0.25136
0.37113
0.29491
0.26696
0.28865
0.34661
0.35950
0.25652
0.30280
0.36462
0.29550
0.28692
0.25838
0.40583
0.29942
0.26193
0.29145
0.31640
0.34760
0.28302
0.30107
0.24652
0.33113
0.24739
0.26951
0.31154
0.29019
0.24777
0.30960
0.21457
0.35005
0.21907
0.07756
0.14787
0.19380
0.22460
0.24834
0.25343
0.29050
0.38290
0.16175
0.12856
0.17160
0.03517
0.25028
0.26414
0.20646
0.25485
0.09003
0.10453
0.22374
0.22573
0.05709
0.11049
0.19688
0.26590
0.23606
0.21328
0.27086
0.07710
0.27550
0.25100
0.02649
0.10751
0.13264
0.30432
0.11516
0.27517
0.18057
0.29209
0.05117
0.08518
0.07186
0.10427
0.26919
0.09825
0.12723
0.13989
0.29009
0.15098
0.25357
0.21831
0.09133
0.27328
0.10552
0.04908
0.20795
0.19112
0.20351
0.07335
0.12960
0.20540
0.20125
0.29080
0.23725
0.03225
0.05543
0.19049
0.21786
0.17092
0.21126
0.09714
0.30037
0.19674
0.08624
0.27697
0.28039
0.09704
0.12994
0.11642
0.05639
0.06740
0.25356
0.18779
0.18132
0.28915
0.29301
0.20318
0.36818
0.22102
0.24680
0.15988
0.23205
0.20495
0.06634
0.26592
0.10100
0.04361
0.23863
0.24834
0.27559
0.23189
0.03065
0.06554
0.18478
0.17541
0.22548
0.26420
0.09663
0.23551
0.27721
0.11983
0.23927
0.09900
0.07176
0.06540
0.17748
0.07478
0.09642
0.25974
0.27401
0.09351
0.09539
0.02002
0.08023
0.09036
0.24947
