0.07443
0.11923
0.03271
0.21776
0.06841
0.13628
0.15684
0.11494
0.13636
0.10174
0.15148
0.11762
0.13440
0.11821
0.12861
0.20839
0.11782
0.13049
0.06082
0.13148
0.28270
0.12276
0.12719
0.06484
0.19773
0.13010
0.13711
0.28437
0.09442
0.12230
0.14692
0.26109
0.12333
0.09390
0.07096
0.10114
0.10580
0.05975
0.10436
0.14428
0.29817
0.23828
0.07286
0.10506
0.26809
0.21246
0.12494
0.23145
0.16390
0.14220
0.08949
0.13451
0.14074
0.30894
0.08684
0.19837
0.20033
0.08705
0.09526
0.07085
0.28012
0.25404
0.09745
0.21362
0.26941
0.29433
0.04666
0.18158
0.10111
0.03619
0.11296
0.26209
0.30778
0.19275
0.23840
0.09742
0.04883
0.02783
0.24345
0.17501
0.30704
0.15817
0.30290
0.24941
0.27436
0.33466
0.09913
0.09008
0.12098
0.24444
0.30213
0.17690
0.04509
0.27682
0.06277
0.17590
0.18895
0.21039
0.20509
0.14070
0.09525
0.18092
0.11281
0.10678
0.21632
0.28800
0.11710
0.16243
0.15251
0.27815
0.02139
0.25066
0.05092
0.25500
0.12296
0.14044
0.25100
0.04417
0.08206
0.17176
0.22907
0.09653
0.23946
0.02786
0.06632
0.13520
0.31002
0.26790
0.13751
0.22850
0.07764
0.11420
0.32283
0.32305
0.09914
0.12372
0.04749
0.26728
0.21771
0.06526
0.19472
0.02538
0.23856
0.16116
0.13291
0.25850
0.09260
0.30733
0.16625
0.08807
0.18115
0.21440
0.10184
0.29517
0.31675
0.28495
0.09300
0.12099
0.13648
0.17224
0.26298
0.24764
0.26826
0.29835
0.09264
0.12354
0.30947
0.27056
0.04770
0.27003
0.03202
0.19244
0.26846
0.02109
0.08265
0.20878
0.03849
0.06997
0.11590
0.23479
0.07471
0.10941
0.22293
0.14647
0.11201
0.13160
0.18510
0.22815
0.22764
0.21394
0.10399
0.06799
0.01567
0.13979
0.11756
0.24750
0.18414
0.11649
0.05646
0.29301
0.17640
0.07139
0.15943
0.13585
0.04477
0.21847
0.06360
0.15718
0.26450
0.05464
0.22047
0.20335
0.07597
0.26964
0.29193
0.21972
0.11455
0.26053
0.20432
0.30187
0.08106
0.18534
0.11167
0.05346
0.08185
0.04914
0.15166
0.22058
0.13819
0.05813
0.26156
0.12308
0.22548
0.10588
0.06125
0.23543
0.13043
0.04979
0.10424
0.25083
0.06511
0.30129
0.08981
0.11877
0.19025
0.17650
0.10102
0.06198
0.09648
0.10326
0.12132
0.08944
0.08893
0.23409
0.12807
0.16615
0.17985
0.06698
0.08961
0.13541
0.17888
0.16591
0.17900
0.16786
0.13643
0.25763
0.25547
0.09885
0.15568
0.08169
0.11925
0.12328
0.05588
0.03221
0.38329
0.15476
0.08513
0.25749
0.15006
0.07955
0.15238
0.30041
0.12266
0.09572
0.30046
0.12220
0.18260
0.16938
0.15347
0.12369
0.08854
0.04988
0.15706
0.20121
0.17572
0.09927
0.15878
0.14581
0.17551
0.13028
0.31305
0.26124
0.22153
0.14363
0.08810
0.27517
0.29722
0.30158
0.02841
0.27118
0.11726
0.24709
0.09005
0.04938
0.10532
0.11174
0.11845
0.18318
0.26112
0.07379
0.04922
0.07071
0.25743
0.17529
0.17390
0.13416
0.22550
0.22880
0.13915
0.04824
0.21386
0.28603
0.34662
0.28177
0.31411
0.22842
0.23070
0.27082
0.28588
0.27879
0.04888
0.05327
0.08582
0.23340
0.03290
0.07683
0.18808
0.11714
0.19243
0.08063
0.13495
0.09977
0.22442
0.26784
0.25608
0.17510
0.32402
0.09036
0.12925
0.27901
0.10489
0.19001
0.05568
0.07677
0.19976
0.06087
0.22885
0.33901
0.06784
0.08548
0.14566
0.25751
0.10591
0.03972
0.03878
0.07802
0.05340
0.08777
0.16287
0.03586
0.28622
0.14268
0.17929
0.07051
0.19052
0.29471
0.18075
0.25076
0.34499
0.14225
0.26385
0.32021
0.28114
0.30377
0.29054
0.25481
0.34853
0.23378
0.23978
0.23821
0.22595
0.27691
0.18083
0.36942
0.33584
0.27611
0.23995
0.21367
0.22346
0.32942
0.26669
0.22560
0.28924
0.34315
0.21600
0.22703
0.29055
0.26892
0.25980
0.23303
0.26610
0.31712
0.22766
0.17516
0.35980
0.22770
0.19269
0.31121
0.19681
0.29868
0.33405
0.31231
0.29216
0.28734
0.25498
0.20299
0.25494
0.33090
0.21808
0.28958
0.33516
0.22950
0.21608
0.29228
0.17310
0.27641
0.23440
0.27706
0.32669
0.30114
0.24795
0.18729
0.30030
0.37045
0.16433
0.27626
0.19036
0.15409
0.20106
0.35606
0.29746
0.30314
0.14776
0.36293
0.27520
0.29247
0.35773
0.30029
0.28224
0.29073
0.22844
0.28197
0.19381
0.37583
0.25457
0.21200
0.18151
0.34242
0.19097
0.27315
0.28804
0.24502
0.35448
0.30357
0.18831
0.30476
0.29554
0.15273
0.16723
0.28418
0.18375
0.18341
0.13587
0.29367
0.35405
0.22705
0.24975
0.23562
0.26951
0.20663
0.29457
0.23136
0.26403
0.20512
0.27880
0.29052
0.21405
0.18960
0.34528
0.30546
0.16520
0.28550
0.33461
0.28324
0.36168
0.30490
0.21033
0.27388
0.18159
0.28962
0.31042
0.28017
0.24620
0.22457
0.13694
0.29935
0.19583
0.27938
0.21433
0.25632
0.29057
0.28334
0.18536
0.22024
0.29255
0.20684
0.26893
0.17149
0.20696
0.21623
0.22716
0.19944
0.30035
0.33507
0.32176
0.20785
0.21449
0.31901
0.20992
0.20034
0.19642
0.29711
0.29251
0.17381
0.16191
0.29014
0.25031
0.20192
0.14909
0.22885
0.26355
0.17559
0.26718
0.22085
0.29262
0.18545
0.23312
0.27674
0.26926
0.16968
0.27020
0.24679
0.24811
0.38036
0.17273
0.29221
0.21818
0.35092
0.31620
0.23166
0.26973
0.25074
0.27248
0.19678
0.30483
0.26441
0.24484
0.26922
0.26224
0.33187
0.23009
0.25324
0.22053
0.35339
0.21507
0.24876
0.22209
0.24248
0.29105
0.25183
0.22080
0.18924
0.21559
0.30789
0.21097
0.31434
0.23036
0.24359
0.30447
0.27917
0.30814
0.14232
0.20225
0.31329
0.32981
0.22908
0.25617
0.26963
0.27565
0.21064
0.21888
0.31522
0.28500
0.23003
0.24482
0.19213
0.27916
0.29349
0.26776
0.23749
0.21856
0.32990
0.26883
0.15702
0.20989
0.28824
0.29253
0.29148
0.25232
0.23574
0.35509
0.33518
0.13565
0.21647
0.32089
0.26962
0.25852
0.28456
0.34083
0.22236
0.17931
0.19660
0.21384
0.24280
0.36233
0.26226
0.27857
0.25206
0.23665
0.26443
0.28742
0.27538
0.16644
0.34073
0.17961
0.24136
0.34740
0.30496
0.23081
0.25310
0.22866
0.31473
0.32446
0.34145
0.25810
0.27327
0.20861
0.29759
0.32238
0.12202
0.23451
0.19315
0.22079
0.26723
0.21622
0.25464
0.23529
0.22593
0.22203
0.20277
0.21498
0.34339
0.28085
0.22313
0.19105
0.29822
0.25046
0.19689
0.15011
0.33145
0.29708
0.32782
0.24566
0.25117
0.24383
0.25960
0.21396
0.27008
0.16441
0.32877
0.24467
0.34378
0.27785
0.32727
0.36511
0.28812
0.22677
0.25839
0.17053
0.21595
0.24329
0.18521
0.28568
0.29237
0.25477
0.30086
0.37977
0.31183
0.32112
0.27434
0.31681
0.28332
0.34946
0.23743
0.28236
0.31703
0.32548
0.25353
0.32108
0.38954
0.23304
0.23692
0.33182
0.21751
0.31903
0.32986
0.25416
0.25400
0.34002
0.22693
0.23429
0.30457
0.25524
0.24055
0.20906
0.23927
0.23864
0.29694
0.28958
0.28917
0.25388
0.27695
0.27650
0.27942
0.25752
0.27439
0.11879
0.29526
0.33239
0.33034
0.28793
0.30101
0.37447
0.36308
0.28114
0.20294
0.31182
0.36483
0.27960
0.18587
0.29999
0.34829
0.24942
0.21752
0.31712
0.25836
0.27671
0.25623
0.33438
0.34594
0.40317
0.27116
0.28626
0.24166
0.37763
0.29354
0.30379
0.27051
0.33622
0.27830
0.17412
0.32785
0.45165
0.24567
0.38275
0.39786
0.21899
0.28995
0.35834
0.32776
0.28188
0.25213
0.27761
0.20875
0.28298
0.29708
0.31522
0.30712
0.38212
0.27983
0.29335
0.24216
0.18737
0.26874
0.37468
0.20930
0.13455
0.33020
0.16403
0.20166
0.40511
0.16343
0.23108
0.19743
0.26763
0.21573
0.42085
0.18327
0.31188
0.38826
0.24064
0.19952
0.26229
0.20752
0.22049
0.34682
0.17260
0.36458
0.36246
0.21598
0.25097
0.25395
0.36169
0.25427
0.21307
0.33802
0.40675
0.29378
0.28104
0.35681
0.32223
0.20218
0.24899
0.26835
0.38939
0.18935
0.25709
0.22854
0.36563
0.26682
0.24955
0.27919
0.35149
0.36813
0.24808
0.27553
0.29783
0.29942
0.28744
0.23246
0.36927
0.29064
0.26435
0.27793
0.27360
0.34491
0.26262
0.28911
0.22932
0.32606
0.25195
0.25695
0.30407
0.27533
0.22373
0.27702
0.22046
0.25503
0.23238
0.04658
0.02787
0.11112
0.24457
0.26169
0.20079
0.24426
0.37063
0.15530
0.06542
0.14620
0.02960
0.27200
0.23072
0.15859
0.26460
0.08168
0.10545
0.16602
0.21111
0.09553
0.13269
0.21090
0.28969
0.19892
0.21409
0.29630
0.05773
0.26854
0.26137
0.08338
0.08315
0.18184
0.22606
0.19798
0.26027
0.20134
0.20415
0.03718
0.08737
0.04501
0.10834
0.30372
0.08662
0.14716
0.16565
0.20001
0.12000
0.18661
0.22117
0.03037
0.22316
0.09003
0.05613
0.23888
0.19178
0.19219
0.05760
0.05695
0.20726
0.20636
0.29846
0.26580
0.04456
0.08036
0.17715
0.21452
0.17799
0.13879
0.14207
0.25677
0.21704
0.12354
0.28897
0.27182
0.11690
0.16475
0.13673
0.07461
0.02688
0.20055
0.12894
0.19204
0.27008
0.29269
0.20079
0.27589
0.24456
0.21069
0.16395
0.21634
0.18763
0.02575
0.25129
0.08719
0.06311
0.14985
0.25236
0.29052
0.19779
0.10480
0.04017
0.16945
0.20936
0.21004
0.20008
0.12612
0.15962
0.27310
0.16955
0.23275
0.06071
0.05575
0.01764
0.17552
0.02913
0.06663
0.28664
0.31322
0.06494
0.10071
0.04017
0.10029
0.06639
0.25214
