0.11199
0.10088
0.03876
0.25393
0.06764
0.11310
0.18758
0.16131
0.19487
0.05192
0.15445
0.14034
0.14433
0.11684
0.08803
0.23062
0.15984
0.11557
0.07684
0.16850
0.29369
0.12019
0.13949
0.08912
0.23896
0.13016
0.11448
0.24074
0.13743
0.19499
0.13761
0.26603
0.14340
0.10210
0.13040
0.09408
0.13551
0.07756
0.12916
0.15982
0.29744
0.27790
0.08189
0.11325
0.28494
0.21057
0.16053
0.23059
0.17107
0.17655
0.10764
0.12973
0.13286
0.29845
0.08783
0.25619
0.23164
0.14456
0.10495
0.09110
0.29415
0.26754
0.09648
0.20390
0.26913
0.28809
0.07190
0.19159
0.11273
0.05005
0.14220
0.29644
0.29766
0.20862
0.23170
0.11989
0.10461
0.08089
0.20037
0.15713
0.30304
0.17847
0.30111
0.27589
0.26974
0.34333
0.10242
0.10687
0.15126
0.26593
0.30364
0.16060
0.06095
0.27731
0.07870
0.20499
0.20700
0.23238
0.21466
0.18961
0.10263
0.18571
0.13745
0.12410
0.25385
0.27561
0.14534
0.17187
0.18099
0.28447
0.04847
0.26519
0.08309
0.23395
0.13533
0.16525
0.26809
0.07299
0.05985
0.14998
0.26569
0.07931
0.30068
0.02796
0.10941
0.17854
0.32051
0.27555
0.17228
0.25138
0.11846
0.11291
0.29130
0.32297
0.11034
0.17977
0.06237
0.26055
0.24746
0.06723
0.17355
0.05611
0.30105
0.19596
0.14525
0.29527
0.11345
0.31992
0.18794
0.08859
0.22090
0.24446
0.12521
0.27292
0.29340
0.29072
0.13226
0.17709
0.16005
0.20702
0.29720
0.28236
0.30230
0.31706
0.08983
0.08921
0.32180
0.27558
0.09235
0.25310
0.06036
0.20906
0.26043
0.05467
0.08044
0.20217
0.07001
0.08902
0.17987
0.24248
0.08017
0.10827
0.23442
0.14113
0.12157
0.22936
0.21588
0.27046
0.23212
0.19322
0.12934
0.07950
0.05992
0.14552
0.14932
0.26874
0.18656
0.18581
0.08440
0.24795
0.22585
0.09731
0.17661
0.15720
0.04467
0.22404
0.11903
0.20723
0.24644
0.12146
0.27331
0.22386
0.09872
0.24614
0.26697
0.24800
0.12904
0.32597
0.23234
0.31423
0.09974
0.18115
0.09880
0.05644
0.09506
0.09684
0.18435
0.23286
0.13740
0.04284
0.26596
0.12852
0.20899
0.10203
0.04186
0.24531
0.10805
0.03825
0.11318
0.25157
0.11740
0.30794
0.10897
0.10679
0.17324
0.22879
0.11178
0.05600
0.09657
0.11849
0.12570
0.11155
0.10577
0.25544
0.12515
0.14852
0.19610
0.08428
0.07457
0.13228
0.20757
0.14702
0.22114
0.18661
0.11442
0.26855
0.28643
0.09087
0.16471
0.07396
0.09934
0.12283
0.09363
0.04742
0.34673
0.14802
0.07156
0.21150
0.14362
0.07245
0.11941
0.31784
0.12379
0.11020
0.28619
0.11504
0.18415
0.18003
0.12939
0.19007
0.08714
0.11333
0.21366
0.18837
0.18460
0.09757
0.15689
0.15291
0.14830
0.14143
0.33420
0.26956
0.27979
0.11017
0.11254
0.32224
0.30229
0.32080
0.05715
0.25055
0.12729
0.25831
0.15424
0.09133
0.14899
0.12814
0.10071
0.23081
0.21077
0.07473
0.09741
0.06725
0.24925
0.19782
0.21390
0.14183
0.21700
0.25191
0.10015
0.06976
0.28326
0.30108
0.34185
0.29418
0.31496
0.20912
0.23531
0.30371
0.29558
0.26929
0.07319
0.09393
0.13355
0.21428
0.05408
0.06988
0.20892
0.13108
0.22533
0.11583
0.16831
0.13865
0.28656
0.27153
0.27932
0.17609
0.27646
0.11332
0.16570
0.31310
0.09111
0.21830
0.06033
0.10857
0.21400
0.08214
0.23569
0.30605
0.07934
0.08758
0.16006
0.26873
0.10088
0.05583
0.08351
0.07185
0.09222
0.09907
0.18809
0.09370
0.29333
0.20043
0.21945
0.10793
0.20160
0.26931
0.23730
0.30974
0.33358
0.19805
0.24561
0.32593
0.33829
0.34438
0.27484
0.30099
0.34090
0.29752
0.25060
0.27749
0.21378
0.33417
0.19190
0.36430
0.29451
0.26489
0.29749
0.26573
0.30541
0.37810
0.30647
0.26937
0.29022
0.32439
0.26351
0.30332
0.30620
0.29396
0.26593
0.27351
0.32166
0.28056
0.30260
0.23432
0.34094
0.28540
0.27725
0.34441
0.20963
0.33299
0.33374
0.31437
0.34437
0.31848
0.30689
0.26560
0.32124
0.31736
0.26022
0.31971
0.28315
0.29746
0.30117
0.31484
0.21408
0.33245
0.26865
0.26910
0.29054
0.25699
0.30478
0.19169
0.27849
0.34183
0.13442
0.28280
0.26990
0.24387
0.18053
0.37815
0.32781
0.28961
0.17812
0.33156
0.27235
0.28453
0.34901
0.27037
0.33752
0.30965
0.24340
0.29230
0.19776
0.34638
0.30899
0.25672
0.18778
0.35775
0.22800
0.27607
0.27413
0.27214
0.33873
0.29601
0.23460
0.28477
0.30019
0.18840
0.21772
0.33265
0.19626
0.21476
0.19436
0.30077
0.31617
0.31928
0.29715
0.25178
0.32100
0.23302
0.32772
0.31594
0.30293
0.21827
0.28527
0.30944
0.21095
0.20654
0.36927
0.26763
0.23730
0.29828
0.29408
0.28035
0.36387
0.28228
0.23702
0.30360
0.19421
0.28470
0.31402
0.31890
0.26725
0.21495
0.18969
0.33581
0.23987
0.31442
0.23427
0.31138
0.33048
0.26021
0.21385
0.22747
0.29689
0.20312
0.34463
0.19709
0.25157
0.22038
0.23719
0.24946
0.32678
0.31425
0.31154
0.27003
0.23571
0.30229
0.23463
0.25958
0.25327
0.28860
0.29147
0.16138
0.20819
0.27503
0.29954
0.24898
0.18283
0.19153
0.27510
0.25685
0.21883
0.29168
0.33701
0.16375
0.28059
0.24656
0.29436
0.22195
0.32306
0.27124
0.26222
0.39824
0.21178
0.29274
0.23097
0.34065
0.29040
0.29271
0.27072
0.32279
0.26895
0.18665
0.32114
0.28602
0.29522
0.25787
0.25909
0.32068
0.26468
0.26204
0.24540
0.31846
0.28647
0.31319
0.24048
0.29428
0.29065
0.25533
0.20482
0.25919
0.24979
0.33074
0.22813
0.34852
0.25236
0.28655
0.26658
0.25283
0.29203
0.17349
0.27383
0.30497
0.29734
0.30342
0.31799
0.30961
0.28785
0.28561
0.27348
0.27926
0.31912
0.30203
0.27768
0.16390
0.31137
0.28599
0.26472
0.30748
0.26929
0.32202
0.32335
0.22035
0.20039
0.26554
0.29238
0.30551
0.29542
0.24911
0.32974
0.32585
0.16378
0.25328
0.28616
0.29074
0.32194
0.33102
0.30901
0.22999
0.21545
0.17000
0.29272
0.32230
0.34158
0.29571
0.30237
0.31984
0.25599
0.29266
0.26715
0.24538
0.18308
0.30234
0.24870
0.24979
0.31035
0.29633
0.29220
0.27511
0.28452
0.28423
0.36743
0.33188
0.25324
0.26457
0.19457
0.34398
0.29586
0.14281
0.30758
0.20490
0.27830
0.31340
0.25382
0.30373
0.22758
0.30100
0.22687
0.29398
0.24804
0.32470
0.31587
0.29571
0.21531
0.28816
0.26067
0.26710
0.23759
0.31722
0.25849
0.34170
0.25507
0.30710
0.32789
0.29537
0.27670
0.26593
0.19472
0.31275
0.28313
0.31986
0.27852
0.29523
0.32668
0.28231
0.30820
0.33806
0.17346
0.23689
0.32731
0.27937
0.33355
0.29369
0.32872
0.35168
0.37421
0.28951
0.32123
0.27888
0.29366
0.27325
0.33927
0.30220
0.29849
0.30631
0.29936
0.33108
0.30939
0.37469
0.23167
0.29131
0.30626
0.25386
0.30661
0.34386
0.25456
0.23305
0.33194
0.22427
0.31795
0.29878
0.32796
0.28597
0.28261
0.30199
0.26686
0.28519
0.34990
0.28939
0.29125
0.32121
0.28587
0.33441
0.31001
0.27679
0.15649
0.30316
0.35753
0.32738
0.34870
0.31992
0.39817
0.41566
0.29709
0.20563
0.33109
0.37227
0.27627
0.16899
0.33649
0.36064
0.25878
0.26553
0.32878
0.26813
0.27118
0.25953
0.35829
0.33181
0.35953
0.28567
0.33529
0.30503
0.39383
0.24883
0.29146
0.33248
0.32661
0.30484
0.19792
0.30207
0.45011
0.27107
0.42195
0.40129
0.23308
0.32231
0.38005
0.30766
0.28687
0.26959
0.31864
0.23460
0.26352
0.32124
0.27560
0.28451
0.39444
0.31986
0.31941
0.27985
0.23420
0.28394
0.41065
0.21065
0.13240
0.36400
0.13026
0.20669
0.42280
0.18486
0.21897
0.21679
0.30668
0.25127
0.42568
0.19598
0.36428
0.40507
0.25911
0.18323
0.29415
0.22954
0.21466
0.37580
0.19362
0.37240
0.36015
0.31226
0.25230
0.27677
0.34125
0.28012
0.21878
0.31732
0.40117
0.30656
0.27991
0.37403
0.37916
0.26231
0.27036
0.28817
0.37732
0.20231
0.22830
0.23434
0.32235
0.32330
0.25768
0.29058
0.31179
0.34539
0.19413
0.33293
0.34764
0.29151
0.31871
0.24680
0.37234
0.32191
0.24226
0.31948
0.33884
0.31693
0.26579
0.32107
0.24068
0.34534
0.25795
0.27585
0.34116
0.29366
0.26124
0.32416
0.17113
0.32892
0.23712
0.05570
0.16613
0.20396
0.20760
0.24213
0.20325
0.25104
0.34821
0.19255
0.06039
0.19004
0.06397
0.30699
0.22468
0.15580
0.29650
0.01228
0.10588
0.20681
0.22114
0.06891
0.11661
0.18811
0.27189
0.20666
0.21000
0.25406
0.07736
0.33975
0.23220
0.05253
0.07911
0.08214
0.28933
0.18143
0.27676
0.19269
0.30263
0.04378
0.06094
0.03441
0.10927
0.27124
0.09574
0.21384
0.20961
0.29591
0.14471
0.29873
0.21285
0.03437
0.30330
0.07449
0.04439
0.22627
0.19923
0.29613
0.07559
0.06340
0.22139
0.20240
0.28324
0.21731
0.06586
0.09108
0.20560
0.20971
0.18631
0.13733
0.09828
0.26004
0.13884
0.08189
0.28077
0.29250
0.07739
0.14496
0.15611
0.08875
0.05208
0.19263
0.07117
0.19155
0.24148
0.27011
0.20114
0.35731
0.25956
0.28058
0.26733
0.23090
0.20427
0.02293
0.26276
0.05032
0.03564
0.24745
0.22182
0.26875
0.21759
0.07409
0.07221
0.13804
0.18663
0.25646
0.29709
0.09050
0.26921
0.35824
0.13753
0.18691
0.12999
0.02107
0.02426
0.10135
0.05805
0.05400
0.25932
0.29708
0.09366
0.07700
0.02306
0.04856
0.13368
0.29130
