0.10482
0.09521
0.04553
0.21743
0.07135
0.12690
0.23029
0.15166
0.15203
0.08995
0.16795
0.19071
0.14158
0.11810
0.12587
0.24456
0.10522
0.12287
0.06077
0.11718
0.27453
0.19492
0.14790
0.06308
0.21501
0.14164
0.10106
0.26792
0.09099
0.18327
0.15180
0.23899
0.15445
0.11119
0.09892
0.09371
0.11803
0.08194
0.09618
0.15307
0.28951
0.25383
0.08019
0.11924
0.28480
0.21461
0.16814
0.23682
0.16797
0.13932
0.09859
0.10597
0.14126
0.27919
0.08797
0.21937
0.22729
0.11567
0.14786
0.09699
0.26457
0.26878
0.11229
0.21955
0.26862
0.33193
0.02383
0.16045
0.11395
0.05238
0.11573
0.29422
0.32049
0.18635
0.25416
0.14052
0.09713
0.02464
0.22841
0.14349
0.28820
0.17623
0.29890
0.26795
0.26296
0.33072
0.10906
0.08361
0.12393
0.20965
0.31288
0.16730
0.06712
0.24385
0.06930
0.10802
0.25539
0.22093
0.19543
0.16728
0.09183
0.19111
0.11140
0.12357
0.22787
0.28850
0.14843
0.15501
0.19510
0.29716
0.02322
0.27053
0.05702
0.24108
0.10205
0.17114
0.27856
0.07152
0.05878
0.18009
0.20986
0.05050
0.27182
0.01489
0.09297
0.16738
0.28971
0.25456
0.16753
0.27447
0.10610
0.08701
0.29975
0.34816
0.10746
0.10001
0.06554
0.30422
0.26162
0.05850
0.17532
0.05936
0.28576
0.21129
0.11168
0.28914
0.06368
0.34189
0.19294
0.09271
0.20648
0.23203
0.10606
0.31830
0.29684
0.31938
0.11212
0.18356
0.14961
0.13906
0.27501
0.25301
0.26857
0.34238
0.08645
0.10113
0.28282
0.27703
0.09534
0.26242
0.05131
0.24921
0.26199
0.02702
0.10144
0.19993
0.06404
0.04585
0.16471
0.24426
0.10443
0.11409
0.20285
0.14743
0.09236
0.18106
0.21875
0.23364
0.25879
0.16336
0.10681
0.04167
0.06107
0.14754
0.12908
0.22323
0.17792
0.14329
0.06140
0.26300
0.23913
0.08041
0.22938
0.16226
0.04282
0.20644
0.10989
0.17037
0.23969
0.07194
0.25448
0.24201
0.07083
0.23215
0.24868
0.24616
0.11805
0.26824
0.18586
0.34933
0.14371
0.22340
0.11325
0.06177
0.07695
0.07484
0.15558
0.19783
0.16641
0.10391
0.25798
0.11741
0.16972
0.10907
0.03210
0.26028
0.10384
0.04368
0.09745
0.26341
0.09201
0.29971
0.09921
0.10383
0.15727
0.22586
0.11131
0.02494
0.13967
0.09533
0.09860
0.10866
0.11915
0.26881
0.13726
0.16512
0.19004
0.11023
0.05820
0.13721
0.24197
0.14418
0.23312
0.12810
0.16547
0.28370
0.28656
0.09299
0.18326
0.04705
0.07063
0.11967
0.09178
0.05116
0.38043
0.16380
0.11257
0.18163
0.13598
0.06387
0.16023
0.34311
0.14445
0.06171
0.30210
0.11339
0.19276
0.15958
0.12998
0.16154
0.08430
0.10034
0.19881
0.24075
0.16014
0.09455
0.16439
0.14431
0.17264
0.15338
0.32654
0.27264
0.25120
0.15427
0.11153
0.29529
0.30017
0.30172
0.03346
0.25745
0.11078
0.26192
0.16151
0.11003
0.11635
0.08464
0.12081
0.14650
0.20731
0.09497
0.06072
0.06840
0.26864
0.14403
0.24931
0.18401
0.24172
0.24047
0.10547
0.07327
0.26484
0.26038
0.36190
0.24170
0.31887
0.24157
0.25980
0.29370
0.25275
0.27997
0.05163
0.07306
0.13237
0.21561
0.06742
0.05339
0.20341
0.12129
0.20529
0.10458
0.17241
0.09643
0.27981
0.25764
0.26011
0.24149
0.27909
0.12071
0.11560
0.32446
0.06764
0.17942
0.07519
0.04781
0.20948
0.05454
0.25149
0.33515
0.08426
0.10163
0.12474
0.25452
0.09791
0.07972
0.06764
0.06263
0.05665
0.08694
0.20007
0.08648
0.27858
0.15927
0.14725
0.10517
0.12914
0.28522
0.20178
0.26675
0.35372
0.18417
0.28320
0.29642
0.28937
0.30639
0.28835
0.24502
0.34791
0.25338
0.23643
0.25019
0.19950
0.30159
0.19008
0.36745
0.32364
0.22347
0.24068
0.25156
0.25970
0.33801
0.27379
0.22116
0.30257
0.32599
0.21709
0.25415
0.31087
0.26305
0.25154
0.25942
0.28549
0.31026
0.25890
0.23136
0.34754
0.27378
0.24281
0.32575
0.19075
0.30540
0.34650
0.28986
0.30843
0.29826
0.27664
0.23862
0.27800
0.32939
0.21216
0.27172
0.31363
0.24435
0.28032
0.30059
0.19138
0.29593
0.25542
0.27867
0.31184
0.29821
0.26151
0.17155
0.27586
0.36568
0.16063
0.26460
0.22869
0.18993
0.18452
0.35753
0.31043
0.30353
0.19307
0.34291
0.26721
0.28110
0.35656
0.30750
0.28945
0.28763
0.25032
0.28133
0.19319
0.35745
0.29055
0.22690
0.16621
0.32632
0.19387
0.23782
0.28757
0.26340
0.34221
0.32168
0.22074
0.31763
0.29595
0.15598
0.16963
0.29580
0.18751
0.18451
0.16661
0.28607
0.33490
0.27106
0.26004
0.24448
0.28331
0.21011
0.30205
0.27148
0.28250
0.22506
0.28129
0.28422
0.22483
0.16764
0.33688
0.28956
0.19820
0.28904
0.32356
0.24826
0.34676
0.30251
0.23032
0.26909
0.20150
0.29219
0.30785
0.27781
0.26749
0.23833
0.18034
0.30990
0.22299
0.28618
0.21197
0.27433
0.31787
0.29705
0.19643
0.19347
0.28454
0.18868
0.29715
0.17882
0.23993
0.23834
0.23571
0.19973
0.30871
0.32236
0.32701
0.23569
0.19975
0.32237
0.23854
0.21418
0.20347
0.30272
0.31092
0.17518
0.18052
0.28128
0.27096
0.21722
0.15576
0.20110
0.25510
0.21706
0.25514
0.24938
0.31031
0.13127
0.22131
0.26310
0.24903
0.18366
0.28404
0.26214
0.23942
0.37212
0.20719
0.29202
0.20702
0.34710
0.31466
0.27503
0.26649
0.29530
0.27217
0.18376
0.28971
0.28492
0.25123
0.28553
0.26239
0.33214
0.24817
0.27315
0.22538
0.33945
0.23114
0.29434
0.23448
0.24865
0.27555
0.27803
0.16985
0.25699
0.24694
0.30819
0.22208
0.30859
0.23543
0.25559
0.29919
0.28128
0.29268
0.16180
0.21731
0.32291
0.31601
0.25149
0.27157
0.31387
0.27007
0.22417
0.23659
0.29227
0.28565
0.26911
0.24227
0.19288
0.28032
0.31395
0.25954
0.26360
0.22315
0.31630
0.28932
0.18684
0.21171
0.28462
0.28698
0.29428
0.26416
0.22725
0.33638
0.35300
0.15612
0.25389
0.30831
0.25675
0.27924
0.29537
0.32866
0.22391
0.21304
0.17780
0.25279
0.28379
0.35486
0.30643
0.29305
0.27938
0.23845
0.25973
0.29714
0.27418
0.18699
0.32948
0.23472
0.25402
0.34105
0.29990
0.27450
0.25175
0.25193
0.29759
0.33505
0.33417
0.25544
0.27698
0.20532
0.30235
0.30701
0.14281
0.24589
0.17986
0.24927
0.27656
0.24137
0.28890
0.24462
0.28250
0.21882
0.24289
0.25339
0.33138
0.28414
0.26683
0.20892
0.27696
0.25249
0.24000
0.22655
0.32289
0.28980
0.32499
0.27331
0.25470
0.28214
0.25800
0.25007
0.25633
0.18705
0.31829
0.25423
0.32495
0.27120
0.30984
0.33563
0.27367
0.25309
0.29918
0.16720
0.21448
0.29958
0.23214
0.30131
0.30286
0.28213
0.32500
0.37566
0.30623
0.32554
0.26836
0.31623
0.26838
0.34183
0.25099
0.27945
0.31191
0.31828
0.28913
0.32042
0.38411
0.20511
0.25320
0.31430
0.22940
0.31385
0.31762
0.23963
0.24370
0.34517
0.23135
0.26617
0.30194
0.28067
0.23818
0.24235
0.26405
0.26785
0.28178
0.30840
0.28762
0.24925
0.29026
0.26725
0.29433
0.26900
0.27189
0.13524
0.29776
0.32213
0.35756
0.31129
0.30926
0.41757
0.39891
0.27056
0.16849
0.30424
0.37406
0.29605
0.20689
0.30619
0.34164
0.23955
0.24079
0.32912
0.23510
0.25795
0.24722
0.33668
0.35467
0.40398
0.30617
0.31090
0.26940
0.38996
0.29428
0.29725
0.28851
0.34615
0.28294
0.19356
0.31416
0.45820
0.24247
0.41518
0.42840
0.18759
0.29667
0.36348
0.32251
0.29159
0.24560
0.27549
0.23147
0.28588
0.29846
0.31016
0.30711
0.37777
0.28677
0.27551
0.26234
0.20224
0.24946
0.39787
0.24384
0.12325
0.34431
0.15421
0.22932
0.40136
0.17293
0.26249
0.21881
0.27727
0.25010
0.44167
0.18521
0.33492
0.40269
0.25617
0.22668
0.25682
0.26823
0.19723
0.36014
0.17172
0.34270
0.33715
0.25139
0.25844
0.23249
0.33512
0.30208
0.22462
0.35125
0.42781
0.33054
0.28703
0.36306
0.36676
0.21779
0.26893
0.28501
0.38478
0.19898
0.22921
0.26342
0.35375
0.27113
0.25838
0.26910
0.33156
0.36883
0.23693
0.28961
0.32457
0.29515
0.28188
0.26365
0.38305
0.29389
0.28298
0.27317
0.29648
0.33069
0.26431
0.29447
0.23701
0.33643
0.25870
0.24438
0.31114
0.29117
0.23996
0.28816
0.23627
0.29960
0.19162
0.05822
0.07190
0.10597
0.19826
0.31542
0.20762
0.24738
0.35552
0.18866
0.06930
0.18214
0.03603
0.30304
0.30327
0.16229
0.31730
0.05874
0.10566
0.20138
0.21561
0.07646
0.15781
0.23740
0.29967
0.23811
0.21823
0.27509
0.07303
0.30434
0.20395
0.05311
0.04313
0.14198
0.27859
0.15438
0.25376
0.24595
0.27527
0.03913
0.06111
0.09984
0.06642
0.27792
0.14608
0.17404
0.17052
0.28377
0.12061
0.27872
0.21661
0.10510
0.23779
0.03421
0.07867
0.26201
0.17902
0.26445
0.07204
0.06657
0.20669
0.19192
0.26869
0.25309
0.07310
0.05786
0.17298
0.20923
0.18044
0.24681
0.11194
0.26359
0.12446
0.08980
0.25536
0.27946
0.09720
0.10591
0.14104
0.08460
0.05149
0.17414
0.10561
0.19182
0.25342
0.25218
0.20009
0.34396
0.20688
0.27558
0.16132
0.23999
0.21772
0.00759
0.27242
0.09678
0.05694
0.23707
0.22119
0.27710
0.25789
0.03892
0.10567
0.12453
0.20089
0.21158
0.29372
0.07308
0.18343
0.29724
0.11967
0.23364
0.08528
0.02175
0.03373
0.17870
0.03866
0.07505
0.22004
0.27826
0.10733
0.06932
0.05813
0.03943
0.06281
0.23222
