0.07853
0.11412
0.06160
0.26044
0.07296
0.11147
0.21729
0.12199
0.13699
0.05635
0.18191
0.13268
0.15351
0.15499
0.09599
0.23638
0.12281
0.12930
0.06164
0.13713
0.30638
0.10933
0.16130
0.02230
0.20830
0.13523
0.11905
0.20471
0.06072
0.14577
0.13689
0.29482
0.14123
0.11095
0.06321
0.10362
0.12931
0.09440
0.10323
0.13379
0.28772
0.26148
0.08438
0.10601
0.28332
0.22683
0.14946
0.21963
0.18834
0.11737
0.10698
0.12284
0.12300
0.29550
0.10481
0.23600
0.17392
0.12949
0.13435
0.05709
0.26486
0.29930
0.13017
0.19168
0.27362
0.32514
0.04529
0.16823
0.12849
0.01735
0.13990
0.29693
0.29485
0.18977
0.22699
0.07729
0.04515
0.03268
0.18621
0.15849
0.29277
0.16272
0.32201
0.27821
0.24240
0.34557
0.10325
0.05380
0.11833
0.27199
0.32509
0.14722
0.05132
0.25134
0.03490
0.14560
0.17504
0.21977
0.20444
0.16258
0.08911
0.14942
0.11368
0.12609
0.20526
0.27765
0.11862
0.17196
0.14683
0.28329
0.02436
0.24093
0.08567
0.25826
0.11925
0.11281
0.29600
0.08399
0.08005
0.11840
0.25389
0.03907
0.26372
0.02441
0.06043
0.14396
0.27717
0.27613
0.15163
0.25636
0.08645
0.12711
0.31914
0.34761
0.11021
0.15044
0.06246
0.26798
0.24748
0.03528
0.13729
0.03404
0.30497
0.10351
0.13839
0.29035
0.10125
0.34143
0.16653
0.08574
0.17523
0.25704
0.11283
0.28986
0.31547
0.33764
0.10536
0.14909
0.17317
0.20930
0.22671
0.26764
0.25758
0.33843
0.10525
0.09912
0.25694
0.27512
0.07193
0.25116
0.03367
0.19448
0.15771
0.03034
0.07063
0.20374
0.04702
0.08231
0.14421
0.26321
0.04905
0.10865
0.22363
0.13022
0.10084
0.15000
0.23672
0.23511
0.24024
0.21785
0.09561
0.05566
0.04509
0.12665
0.09796
0.21933
0.22527
0.15954
0.06728
0.27796
0.19817
0.06126
0.12706
0.15628
0.03612
0.18973
0.04601
0.23892
0.24508
0.06210
0.25340
0.24537
0.11017
0.24928
0.26791
0.20459
0.13577
0.27678
0.24028
0.36227
0.10118
0.14200
0.09405
0.05682
0.08517
0.05135
0.16556
0.13827
0.15908
0.08955
0.20275
0.08672
0.23028
0.08553
0.05119
0.27051
0.12216
0.03952
0.10492
0.27332
0.10450
0.32324
0.08691
0.11132
0.17814
0.19892
0.12088
0.05372
0.10628
0.11287
0.09957
0.11523
0.07751
0.20051
0.15059
0.14731
0.19326
0.04948
0.05555
0.12935
0.19188
0.14965
0.19759
0.18311
0.08423
0.24401
0.30398
0.10202
0.15983
0.02885
0.08935
0.12282
0.05236
0.03958
0.37339
0.14085
0.03870
0.13716
0.14468
0.06900
0.12289
0.32675
0.10898
0.06963
0.27633
0.11633
0.14203
0.16826
0.15846
0.10890
0.11058
0.05337
0.20830
0.14628
0.17433
0.09863
0.09877
0.17533
0.19931
0.13553
0.32993
0.28247
0.28062
0.14369
0.08067
0.30919
0.24211
0.30476
0.02816
0.27243
0.11527
0.29996
0.14556
0.07668
0.19953
0.11510
0.10027
0.17363
0.21120
0.06514
0.05898
0.12095
0.27350
0.10335
0.22871
0.07497
0.21612
0.24365
0.10955
0.07182
0.21049
0.27520
0.38944
0.26306
0.28540
0.22684
0.22388
0.28494
0.29089
0.17870
0.05168
0.04883
0.09485
0.22232
0.04591
0.09480
0.20575
0.09116
0.21359
0.09748
0.16561
0.08501
0.23687
0.25104
0.26162
0.17284
0.29860
0.12010
0.17454
0.33080
0.04951
0.25095
0.04841
0.09106
0.16608
0.04649
0.21969
0.32895
0.09795
0.05486
0.15648
0.22690
0.11047
0.03708
0.06560
0.04949
0.07040
0.11042
0.19417
0.08490
0.28415
0.14949
0.15846
0.07973
0.14406
0.27576
0.23566
0.26993
0.34969
0.20849
0.24827
0.31877
0.31613
0.33040
0.27638
0.27571
0.33735
0.27440
0.22927
0.24757
0.21500
0.30544
0.18832
0.36534
0.31469
0.22120
0.26276
0.26422
0.27986
0.35295
0.30651
0.27630
0.32237
0.31368
0.22995
0.27366
0.28825
0.26962
0.25280
0.26014
0.30576
0.31027
0.28332
0.22137
0.33549
0.28018
0.27081
0.33123
0.23551
0.31314
0.35549
0.27133
0.32141
0.32171
0.31893
0.24767
0.31101
0.31727
0.21939
0.31189
0.32095
0.26972
0.28445
0.31915
0.20869
0.32450
0.26906
0.26642
0.30466
0.27733
0.29697
0.17970
0.28788
0.34997
0.13653
0.27138
0.23683
0.22202
0.16608
0.37094
0.32215
0.30664
0.19056
0.32509
0.26221
0.27864
0.35943
0.30502
0.31013
0.29447
0.24635
0.28986
0.17021
0.33204
0.29165
0.22277
0.19828
0.32546
0.17313
0.26306
0.30039
0.26120
0.33477
0.29776
0.22191
0.30258
0.30864
0.16773
0.18504
0.30170
0.20160
0.16841
0.16255
0.29624
0.34049
0.27359
0.29872
0.24667
0.32740
0.23447
0.31567
0.28775
0.32151
0.23641
0.28075
0.31200
0.20266
0.17651
0.36054
0.27846
0.22627
0.31352
0.29767
0.25831
0.36630
0.31294
0.24283
0.30301
0.19371
0.29632
0.30259
0.28157
0.27112
0.23853
0.17536
0.30769
0.22076
0.30053
0.22402
0.28288
0.32885
0.26425
0.17358
0.20974
0.27808
0.21507
0.30956
0.18061
0.21770
0.25026
0.23344
0.22979
0.30967
0.31350
0.32011
0.28134
0.25652
0.30471
0.21437
0.21922
0.22180
0.29530
0.30944
0.15855
0.20502
0.28667
0.30379
0.21380
0.15781
0.20427
0.26622
0.24086
0.24249
0.26238
0.32165
0.16604
0.24496
0.27744
0.27895
0.20104
0.31307
0.27537
0.26923
0.38078
0.20975
0.30399
0.22970
0.35214
0.30338
0.25409
0.28286
0.30956
0.26678
0.20259
0.31835
0.28622
0.27899
0.28522
0.27989
0.33367
0.24082
0.26386
0.24091
0.33020
0.24475
0.30818
0.21690
0.28429
0.28543
0.27390
0.20528
0.25367
0.24126
0.32228
0.22478
0.29689
0.23397
0.28944
0.28300
0.26087
0.29763
0.16549
0.24572
0.31731
0.31335
0.25915
0.29610
0.32656
0.26165
0.23752
0.21936
0.28756
0.28768
0.30585
0.24167
0.15947
0.30027
0.30582
0.26984
0.29877
0.21488
0.31304
0.29091
0.19439
0.21887
0.27846
0.29138
0.31165
0.28670
0.25555
0.33472
0.34022
0.16067
0.25789
0.30853
0.28624
0.29630
0.32207
0.31295
0.22421
0.21383
0.20508
0.27035
0.30325
0.34723
0.29313
0.29453
0.30488
0.23717
0.26225
0.27671
0.25753
0.19078
0.31097
0.22840
0.22888
0.32053
0.30494
0.29265
0.25168
0.25768
0.29672
0.34671
0.32421
0.24221
0.27313
0.19042
0.33200
0.29579
0.14357
0.29252
0.20104
0.26421
0.31059
0.21543
0.30310
0.23706
0.29174
0.22573
0.24955
0.25842
0.33439
0.29886
0.29545
0.20143
0.26829
0.25295
0.24401
0.21649
0.33808
0.28760
0.34590
0.27007
0.26896
0.30962
0.28398
0.28550
0.26837
0.19933
0.30111
0.28967
0.31918
0.27694
0.29939
0.32516
0.28377
0.28471
0.31495
0.18113
0.23426
0.32068
0.23856
0.30290
0.29726
0.31989
0.33947
0.37528
0.30782
0.29685
0.27100
0.31789
0.30043
0.33701
0.27729
0.28469
0.30958
0.30876
0.31229
0.30901
0.36918
0.19073
0.26664
0.29743
0.23538
0.30822
0.33661
0.23994
0.25813
0.32904
0.23180
0.29754
0.29001
0.28904
0.25970
0.28377
0.28619
0.26523
0.28412
0.34981
0.29362
0.27310
0.31197
0.27323
0.31909
0.29181
0.28859
0.14045
0.31550
0.34672
0.36465
0.33647
0.30987
0.42017
0.42576
0.26999
0.17249
0.32152
0.39339
0.29027
0.21973
0.31725
0.31021
0.24509
0.19800
0.30147
0.22507
0.28729
0.25071
0.35960
0.36657
0.40602
0.32926
0.31443
0.28435
0.41228
0.28874
0.26391
0.29996
0.36706
0.27645
0.17869
0.32649
0.47370
0.23249
0.43589
0.43250
0.17447
0.31813
0.38520
0.33728
0.30318
0.25317
0.29183
0.22980
0.30286
0.30059
0.29164
0.30860
0.39817
0.27422
0.29779
0.25730
0.21159
0.24497
0.41419
0.21198
0.12487
0.32319
0.13911
0.22427
0.42056
0.15576
0.26566
0.21998
0.27418
0.25939
0.43544
0.19674
0.33988
0.40726
0.24536
0.25147
0.26677
0.27966
0.22797
0.35239
0.19565
0.35112
0.33957
0.24949
0.24532
0.26064
0.33398
0.29333
0.20488
0.36685
0.42416
0.33927
0.29885
0.36786
0.37889
0.24115
0.26755
0.28128
0.38652
0.20958
0.23168
0.25733
0.36806
0.27575
0.26468
0.28243
0.31699
0.37450
0.23449
0.28708
0.34013
0.30452
0.28854
0.25869
0.39060
0.31496
0.29436
0.30151
0.29541
0.36225
0.27128
0.30361
0.24349
0.33748
0.26396
0.26132
0.29555
0.29862
0.23034
0.28428
0.17437
0.29774
0.21562
0.05422
0.12152
0.18115
0.21936
0.25878
0.19115
0.23183
0.33873
0.18672
0.11023
0.21727
0.01476
0.29996
0.29280
0.15851
0.31102
0.03933
0.09363
0.18400
0.14897
0.06739
0.12296
0.24954
0.26506
0.21182
0.20948
0.28526
0.05251
0.30120
0.25221
0.08308
0.06781
0.12008
0.29501
0.07964
0.20497
0.19447
0.28235
0.03630
0.07006
0.13246
0.04550
0.26302
0.20322
0.12466
0.21307
0.28258
0.11326
0.28598
0.22394
0.06213
0.28542
0.06895
0.06112
0.27097
0.19890
0.23437
0.06746
0.06605
0.22418
0.21934
0.29805
0.22628
0.01859
0.04167
0.17003
0.21527
0.11029
0.17841
0.08307
0.25904
0.17662
0.08377
0.25007
0.26004
0.05942
0.14259
0.13850
0.06516
0.03041
0.24291
0.13489
0.20518
0.26045
0.23712
0.20000
0.35757
0.25975
0.20427
0.24417
0.16500
0.23867
0.01779
0.27609
0.07763
0.04408
0.23231
0.25262
0.29014
0.25361
0.06449
0.06482
0.13786
0.21835
0.22096
0.23876
0.08185
0.16400
0.33381
0.09013
0.24592
0.13056
0.00806
0.06453
0.16559
0.07609
0.03201
0.21682
0.25929
0.09367
0.06703
0.01870
0.02133
0.08975
0.19809
