0.10408
0.13966
0.09067
0.27815
0.08218
0.14019
0.22656
0.12260
0.17931
0.05156
0.18530
0.14826
0.13984
0.12387
0.09194
0.21794
0.12933
0.16901
0.08912
0.15127
0.31500
0.14413
0.15797
0.07358
0.24731
0.16501
0.17531
0.29299
0.11240
0.12687
0.12836
0.23352
0.15766
0.09793
0.06659
0.10237
0.10037
0.07042
0.14307
0.14136
0.29808
0.26327
0.11834
0.18810
0.28859
0.22988
0.17081
0.30389
0.18095
0.14512
0.10655
0.11835
0.14308
0.29733
0.09934
0.24399
0.23857
0.10324
0.13160
0.07755
0.28186
0.30236
0.10875
0.18978
0.29980
0.32315
0.05309
0.20614
0.12350
0.04422
0.13003
0.32747
0.32297
0.21917
0.24180
0.11990
0.10141
0.07922
0.24666
0.17318
0.35987
0.16620
0.36096
0.25703
0.27569
0.34662
0.09865
0.06202
0.13746
0.24084
0.33560
0.18461
0.07161
0.29164
0.07413
0.14994
0.21182
0.21313
0.19511
0.17652
0.11635
0.17341
0.12642
0.18522
0.23319
0.28151
0.16663
0.15102
0.19826
0.31284
0.04258
0.25557
0.07455
0.24303
0.18411
0.11578
0.27991
0.03373
0.05865
0.20673
0.23681
0.07750
0.28310
0.02009
0.09570
0.16025
0.29685
0.27968
0.14227
0.24894
0.07872
0.10084
0.30704
0.33558
0.11658
0.16071
0.09547
0.28549
0.27958
0.05861
0.15025
0.03055
0.31426
0.14921
0.19200
0.29219
0.07023
0.36385
0.19382
0.08951
0.20117
0.30583
0.12429
0.32830
0.31227
0.34521
0.08177
0.13871
0.18448
0.18210
0.23318
0.29496
0.29304
0.32574
0.10704
0.13711
0.28011
0.30957
0.07874
0.25012
0.06911
0.20469
0.20759
0.03804
0.06489
0.19119
0.07852
0.07878
0.16537
0.28159
0.06368
0.11221
0.21887
0.16581
0.08481
0.20943
0.21410
0.27011
0.25344
0.19734
0.12813
0.04486
0.06391
0.17584
0.14640
0.22570
0.21883
0.13278
0.08029
0.28782
0.18187
0.10100
0.18601
0.15162
0.03500
0.22662
0.10452
0.21444
0.23294
0.07172
0.25184
0.22928
0.08633
0.23770
0.26976
0.25344
0.13339
0.26335
0.26169
0.35770
0.10682
0.18643
0.10573
0.06634
0.08982
0.07217
0.17720
0.19103
0.12382
0.09542
0.28266
0.13236
0.26337
0.11918
0.07075
0.24117
0.12530
0.05278
0.11873
0.23878
0.11651
0.32584
0.10776
0.10941
0.17243
0.22286
0.13687
0.05637
0.12299
0.11858
0.12315
0.12937
0.09360
0.27472
0.15294
0.16773
0.18625
0.11825
0.05777
0.14372
0.18674
0.14505
0.18831
0.19277
0.12836
0.26337
0.27407
0.09581
0.16089
0.04458
0.10315
0.13570
0.08048
0.04481
0.36624
0.15827
0.05195
0.21280
0.16409
0.07399
0.12274
0.34679
0.13993
0.08860
0.30156
0.11364
0.23357
0.19202
0.24095
0.18129
0.08658
0.05724
0.19346
0.19231
0.15051
0.10041
0.19373
0.15549
0.19561
0.14524
0.33055
0.30220
0.27999
0.15153
0.10993
0.30304
0.29271
0.34137
0.03727
0.26532
0.11844
0.28919
0.12572
0.07352
0.10374
0.10317
0.10713
0.19026
0.24178
0.10564
0.06837
0.05751
0.27228
0.23040
0.25822
0.13296
0.21616
0.21849
0.15729
0.07374
0.28492
0.26558
0.32168
0.29174
0.31897
0.26462
0.24832
0.29351
0.23792
0.27888
0.07470
0.08047
0.10063
0.22949
0.07431
0.05534
0.21384
0.11577
0.23914
0.08172
0.17045
0.11168
0.30603
0.26887
0.26816
0.16685
0.30985
0.14367
0.18583
0.32349
0.06128
0.18694
0.05249
0.10048
0.20765
0.06548
0.22053
0.34161
0.08382
0.06463
0.16397
0.26010
0.12014
0.06283
0.04068
0.06562
0.07115
0.09283
0.17579
0.07357
0.25580
0.13687
0.19539
0.10454
0.18347
0.28850
0.23929
0.31717
0.35528
0.19129
0.28134
0.31027
0.32960
0.35607
0.28807
0.27972
0.35729
0.29540
0.23744
0.29762
0.23023
0.32472
0.17838
0.36798
0.32643
0.24722
0.28670
0.24642
0.27856
0.33715
0.31763
0.26402
0.30545
0.33318
0.26740
0.28924
0.31705
0.26453
0.26637
0.25025
0.32712
0.31186
0.29966
0.23116
0.35039
0.29377
0.28502
0.34978
0.22458
0.30650
0.35705
0.29308
0.33224
0.33294
0.32557
0.25031
0.31172
0.33553
0.23952
0.31988
0.32901
0.28547
0.31269
0.31437
0.21975
0.32350
0.26567
0.27153
0.30712
0.28395
0.30712
0.16588
0.27653
0.38757
0.12836
0.27764
0.25921
0.21528
0.18365
0.34956
0.30690
0.33142
0.19540
0.35484
0.25833
0.25300
0.36837
0.30855
0.33526
0.28281
0.25358
0.29144
0.19056
0.36014
0.32054
0.27460
0.17544
0.32815
0.19862
0.22947
0.28626
0.25839
0.34923
0.32314
0.21410
0.31681
0.31153
0.17030
0.17840
0.33252
0.18208
0.19394
0.19138
0.30313
0.34856
0.30764
0.30319
0.24879
0.33408
0.21477
0.32850
0.29981
0.31349
0.21801
0.27174
0.31951
0.20942
0.21609
0.34223
0.28632
0.23112
0.33216
0.31433
0.24658
0.34748
0.30134
0.21574
0.32232
0.17061
0.29224
0.32269
0.32928
0.30170
0.25185
0.20395
0.35939
0.21533
0.32246
0.21846
0.30681
0.34558
0.29312
0.17264
0.23779
0.29283
0.19752
0.33029
0.18502
0.26812
0.23128
0.23067
0.26041
0.32476
0.33163
0.32304
0.26753
0.22740
0.32357
0.23552
0.24830
0.25492
0.30184
0.31612
0.17638
0.19302
0.28075
0.31233
0.26087
0.15581
0.22524
0.27709
0.26351
0.23621
0.28516
0.34430
0.16983
0.27897
0.28003
0.32323
0.19520
0.31661
0.28626
0.24710
0.38659
0.19993
0.32366
0.20663
0.36536
0.31358
0.29990
0.26180
0.31870
0.26152
0.18806
0.29123
0.28474
0.29408
0.28037
0.26870
0.33943
0.24005
0.27347
0.23641
0.33943
0.24350
0.32758
0.22976
0.28364
0.28143
0.26541
0.20088
0.27148
0.25437
0.32802
0.21786
0.32932
0.22852
0.30230
0.29700
0.28372
0.29906
0.15642
0.25862
0.32354
0.31796
0.28657
0.31316
0.33954
0.26835
0.27818
0.25418
0.30093
0.29802
0.29976
0.22938
0.18276
0.32749
0.31587
0.23911
0.28975
0.25016
0.31391
0.33376
0.23748
0.17751
0.28490
0.29650
0.32108
0.30904
0.25045
0.33755
0.35994
0.15883
0.26394
0.30496
0.29322
0.31065
0.32415
0.33347
0.22134
0.22226
0.18046
0.30741
0.31389
0.35399
0.30412
0.28269
0.31547
0.22138
0.25040
0.29193
0.27940
0.19415
0.32945
0.25978
0.22871
0.32602
0.29361
0.29503
0.25740
0.30031
0.28951
0.37212
0.32753
0.27267
0.28326
0.19703
0.34057
0.31180
0.14187
0.29970
0.20834
0.27459
0.31005
0.25754
0.31234
0.22766
0.28935
0.23100
0.28160
0.27408
0.35133
0.31916
0.30067
0.20724
0.27098
0.26408
0.26156
0.25542
0.32825
0.29653
0.32183
0.27571
0.28633
0.32148
0.28769
0.26989
0.26295
0.19117
0.33310
0.28304
0.32472
0.28179
0.31003
0.35067
0.27192
0.28981
0.32754
0.15176
0.22054
0.32159
0.26310
0.33892
0.29608
0.31207
0.35434
0.38617
0.32868
0.33516
0.27782
0.32003
0.28825
0.35365
0.28136
0.26705
0.30901
0.30534
0.31732
0.32387
0.39160
0.21508
0.28662
0.33820
0.26148
0.32879
0.32071
0.25183
0.25319
0.35852
0.22723
0.30811
0.31000
0.30054
0.27809
0.28700
0.28870
0.27278
0.28167
0.35494
0.28340
0.28182
0.33000
0.26870
0.32721
0.30776
0.29902
0.14433
0.32018
0.34814
0.38436
0.35588
0.31811
0.44140
0.42043
0.29885
0.17142
0.33806
0.39255
0.29326
0.19575
0.33143
0.35358
0.23748
0.26136
0.31297
0.25400
0.27015
0.28533
0.36410
0.36330
0.40245
0.32112
0.33832
0.28660
0.41753
0.31164
0.29451
0.31063
0.35568
0.31340
0.17923
0.31798
0.48172
0.26090
0.43978
0.45182
0.20615
0.32190
0.38235
0.32192
0.26963
0.27871
0.29630
0.26297
0.27533
0.33472
0.30310
0.27823
0.41641
0.31500
0.30237
0.26493
0.24278
0.27443
0.42590
0.23825
0.09944
0.32695
0.14241
0.19893
0.43152
0.15813
0.26734
0.22324
0.29333
0.25678
0.45914
0.17214
0.36012
0.41358
0.26361
0.24147
0.29922
0.26975
0.21347
0.38225
0.17395
0.36063
0.33728
0.28257
0.27147
0.24975
0.34764
0.30545
0.22567
0.34042
0.44262
0.33552
0.29540
0.38692
0.39749
0.25520
0.26356
0.28472
0.40692
0.22702
0.22387
0.25949
0.36941
0.30164
0.26425
0.28831
0.33623
0.37059
0.21677
0.30824
0.37041
0.28712
0.31260
0.27047
0.39143
0.30641
0.25634
0.30686
0.31922
0.36987
0.28253
0.32575
0.23395
0.33464
0.25522
0.27125
0.32880
0.32686
0.25540
0.32113
0.19564
0.35252
0.24625
0.05074
0.16536
0.19622
0.25104
0.26207
0.22431
0.24130
0.35652
0.22620
0.08919
0.21108
0.03312
0.29906
0.28630
0.16725
0.30415
0.07441
0.09780
0.16820
0.16255
0.05626
0.16782
0.25185
0.22854
0.22296
0.21413
0.26548
0.05552
0.31659
0.22980
0.04593
0.04016
0.07659
0.30119
0.18752
0.22730
0.18117
0.31607
0.09091
0.05395
0.04051
0.08522
0.29587
0.11326
0.12238
0.13745
0.26229
0.11181
0.29550
0.22537
0.06158
0.27374
0.13633
0.06870
0.33149
0.18699
0.23758
0.09532
0.04832
0.21659
0.20948
0.28400
0.25494
0.03583
0.08286
0.15740
0.21956
0.18087
0.20259
0.11526
0.26014
0.13046
0.13774
0.25400
0.29608
0.10839
0.12855
0.15897
0.08199
0.05552
0.30024
0.12877
0.21250
0.25443
0.23482
0.20411
0.33676
0.23316
0.23649
0.13148
0.23291
0.23006
0.06737
0.22640
0.10052
0.05383
0.22917
0.25695
0.27538
0.25818
0.08508
0.09546
0.14789
0.17470
0.22463
0.25695
0.10600
0.23656
0.29075
0.15762
0.27185
0.10264
0.02481
0.03991
0.16933
0.10371
0.06111
0.26581
0.24891
0.09807
0.07740
0.02750
0.04683
0.10274
0.29464
