0.10881
0.09585
0.06646
0.24140
0.08292
0.13669
0.21132
0.15847
0.18421
0.06645
0.22038
0.12036
0.17637
0.11435
0.12761
0.22782
0.13275
0.14890
0.08259
0.17469
0.30611
0.14806
0.17249
0.04618
0.22366
0.16987
0.13088
0.30597
0.08890
0.16905
0.13599
0.30682
0.17183
0.09129
0.11773
0.10844
0.13816
0.06153
0.15108
0.16195
0.32022
0.25925
0.13736
0.14760
0.28422
0.25624
0.14726
0.24425
0.17909
0.13958
0.11306
0.14060
0.14644
0.32042
0.08923
0.26653
0.25694
0.12874
0.13165
0.09932
0.28123
0.28154
0.12372
0.18691
0.27982
0.34371
0.05039
0.21482
0.16919
0.05861
0.13352
0.26755
0.33462
0.19947
0.25939
0.12716
0.11398
0.03655
0.24332
0.19660
0.29813
0.21167
0.27363
0.25665
0.28193
0.35552
0.10009
0.13153
0.16254
0.24949
0.32703
0.18077
0.06399
0.26441
0.07184
0.18434
0.21211
0.21613
0.19700
0.17561
0.09676
0.14754
0.16018
0.12836
0.21752
0.29397
0.17508
0.16843
0.23454
0.26268
0.02503
0.19812
0.10624
0.24847
0.10964
0.15236
0.26068
0.06834
0.08128
0.17337
0.24066
0.15210
0.24597
0.04192
0.11369
0.15202
0.33665
0.29334
0.22193
0.25818
0.06808
0.13155
0.28814
0.30698
0.14508
0.13597
0.09234
0.28204
0.23187
0.06568
0.20120
0.04455
0.27662
0.19031
0.18133
0.26809
0.09756
0.35999
0.21867
0.08469
0.16776
0.25529
0.13162
0.30790
0.30450
0.26682
0.11057
0.14135
0.14881
0.28779
0.28135
0.24831
0.27618
0.32387
0.09173
0.12985
0.32082
0.29439
0.06214
0.28123
0.03731
0.24173
0.25901
0.05285
0.09283
0.21708
0.08634
0.07691
0.17920
0.26349
0.10418
0.10650
0.27644
0.15161
0.12886
0.18351
0.23625
0.23582
0.24780
0.22432
0.12936
0.10382
0.05738
0.14882
0.15204
0.26198
0.25563
0.16865
0.09521
0.30814
0.22795
0.10377
0.17072
0.13750
0.05197
0.23481
0.10772
0.19628
0.26820
0.16324
0.24838
0.23214
0.10688
0.26845
0.26752
0.22494
0.13199
0.31165
0.23285
0.33017
0.10199
0.21724
0.15448
0.05974
0.09245
0.06843
0.22801
0.23701
0.16403
0.05542
0.21974
0.11595
0.21953
0.11424
0.08224
0.29404
0.11722
0.07014
0.12074
0.27352
0.11791
0.30880
0.08843
0.11368
0.17871
0.20952
0.10458
0.06061
0.12881
0.12229
0.13859
0.18271
0.07506
0.28232
0.15046
0.17256
0.21436
0.11740
0.07349
0.12813
0.14874
0.17026
0.18280
0.20372
0.12272
0.24080
0.21567
0.09467
0.21397
0.05717
0.13597
0.12880
0.07757
0.04597
0.37027
0.17609
0.07230
0.20728
0.18313
0.12972
0.19071
0.30874
0.15302
0.09429
0.30120
0.10778
0.18495
0.21290
0.18602
0.16340
0.12564
0.07478
0.19950
0.17542
0.13157
0.10600
0.24621
0.23028
0.21196
0.20445
0.31281
0.27131
0.23872
0.12455
0.11688
0.29373
0.31202
0.28477
0.05185
0.26448
0.10752
0.30398
0.11405
0.07608
0.16689
0.14499
0.08439
0.26077
0.27254
0.07765
0.08256
0.11717
0.28860
0.23147
0.24217
0.17924
0.26888
0.25548
0.15366
0.06904
0.29115
0.30165
0.38707
0.27778
0.32432
0.19966
0.25690
0.27685
0.27350
0.28195
0.05164
0.08468
0.14509
0.24781
0.06131
0.09414
0.22458
0.10877
0.16813
0.09768
0.16465
0.14852
0.27779
0.29431
0.26045
0.17739
0.31692
0.12758
0.16778
0.31066
0.09444
0.19140
0.07353
0.13193
0.19736
0.06656
0.23063
0.33859
0.08885
0.08721
0.17431
0.26858
0.11939
0.04306
0.05607
0.06663
0.06394
0.09871
0.16277
0.07689
0.28582
0.19347
0.23563
0.06528
0.20848
0.31165
0.17409
0.24138
0.35954
0.15150
0.30646
0.29673
0.26951
0.30027
0.29409
0.21776
0.36382
0.23702
0.24816
0.22021
0.23163
0.27805
0.21022
0.36992
0.33892
0.25663
0.23096
0.23578
0.24459
0.32744
0.26072
0.22212
0.32489
0.33639
0.18853
0.22523
0.34250
0.25193
0.21046
0.24770
0.25377
0.32561
0.22233
0.22740
0.35547
0.22285
0.19044
0.29614
0.17388
0.28816
0.34907
0.27173
0.27148
0.28812
0.25694
0.23792
0.24227
0.33326
0.20238
0.24573
0.32138
0.22628
0.25571
0.29504
0.18967
0.28065
0.25526
0.29463
0.32215
0.30422
0.24067
0.19874
0.27285
0.36554
0.14815
0.25042
0.17642
0.16660
0.22414
0.34510
0.27520
0.32251
0.15659
0.36183
0.25557
0.26495
0.37266
0.31667
0.27286
0.27321
0.24207
0.28158
0.19281
0.35775
0.26480
0.21603
0.16122
0.30645
0.21358
0.24801
0.29647
0.25754
0.36229
0.32599
0.23028
0.33211
0.31689
0.16895
0.14893
0.24359
0.17721
0.20243
0.15941
0.29979
0.35001
0.23499
0.24356
0.23875
0.28260
0.20675
0.29390
0.23356
0.24677
0.20990
0.28886
0.27085
0.22845
0.18808
0.33258
0.28213
0.17655
0.29286
0.32524
0.25283
0.33786
0.32445
0.22210
0.24788
0.20703
0.28228
0.28681
0.25255
0.25857
0.24346
0.16773
0.28716
0.22520
0.24236
0.23883
0.24946
0.30605
0.29719
0.20329
0.23726
0.27298
0.20683
0.25154
0.19756
0.22524
0.21444
0.23184
0.20440
0.28095
0.33109
0.33170
0.20727
0.17271
0.33977
0.22819
0.18495
0.17231
0.30762
0.31666
0.17766
0.17807
0.26655
0.24397
0.17981
0.16582
0.24033
0.24559
0.19096
0.26081
0.23899
0.30119
0.18259
0.17921
0.27133
0.26428
0.19959
0.24526
0.27244
0.25033
0.33665
0.18711
0.28959
0.23050
0.36859
0.33490
0.21310
0.26077
0.24590
0.26520
0.18908
0.29248
0.27607
0.22971
0.29595
0.26181
0.33862
0.22612
0.31530
0.21046
0.34806
0.18985
0.24355
0.23689
0.23548
0.26070
0.25664
0.22734
0.23081
0.24238
0.29036
0.21654
0.30070
0.24350
0.24330
0.29515
0.30279
0.29449
0.15447
0.19873
0.34065
0.34099
0.22400
0.23268
0.26399
0.25570
0.18273
0.18488
0.30880
0.27831
0.26100
0.24994
0.20915
0.26601
0.31830
0.25049
0.23173
0.25718
0.34049
0.24568
0.15794
0.21379
0.30083
0.28267
0.27354
0.25111
0.24541
0.35647
0.35876
0.15433
0.26442
0.32186
0.24635
0.23770
0.29463
0.34921
0.24714
0.19077
0.20480
0.22297
0.24952
0.36644
0.29981
0.28334
0.25263
0.22633
0.25435
0.31769
0.29206
0.17533
0.34756
0.21594
0.23855
0.34727
0.27730
0.22894
0.24339
0.23213
0.30135
0.31572
0.34824
0.25646
0.29779
0.21229
0.26959
0.31635
0.14826
0.23697
0.20660
0.21151
0.27288
0.25076
0.24765
0.24100
0.24381
0.23378
0.20341
0.26551
0.34454
0.25687
0.23667
0.20889
0.30906
0.23700
0.22478
0.16144
0.32441
0.29449
0.31939
0.26591
0.19926
0.24513
0.24552
0.21305
0.26005
0.19119
0.32319
0.26582
0.35289
0.27991
0.31359
0.34689
0.27136
0.21983
0.28094
0.17513
0.16550
0.27653
0.18080
0.26497
0.31145
0.23837
0.30164
0.38189
0.30949
0.33324
0.25148
0.32412
0.28980
0.37137
0.19165
0.25063
0.33625
0.33892
0.27265
0.33613
0.39112
0.23540
0.23334
0.34524
0.22343
0.31755
0.31252
0.24577
0.26079
0.35335
0.22366
0.23728
0.32307
0.24483
0.22099
0.20462
0.25839
0.27953
0.29887
0.28457
0.28566
0.23230
0.26717
0.25972
0.28216
0.25373
0.28056
0.13823
0.32982
0.33182
0.34845
0.29911
0.30803
0.36780
0.37953
0.27243
0.18722
0.29187
0.38193
0.28346
0.20946
0.29585
0.32934
0.23885
0.23337
0.32633
0.25246
0.28022
0.26284
0.32012
0.35400
0.39945
0.32026
0.29786
0.26632
0.38417
0.28935
0.30690
0.26505
0.35896
0.26111
0.16607
0.32113
0.44171
0.24225
0.39959
0.38470
0.20473
0.28427
0.35475
0.32553
0.30494
0.24835
0.27332
0.21985
0.27752
0.29133
0.30185
0.31870
0.36523
0.28705
0.27293
0.23275
0.20771
0.25233
0.38099
0.23234
0.14620
0.34095
0.20738
0.20759
0.40785
0.15338
0.24972
0.23629
0.30305
0.25012
0.42937
0.18803
0.33432
0.38597
0.25374
0.23039
0.24075
0.25998
0.24457
0.36684
0.17655
0.36378
0.34486
0.25012
0.26154
0.22222
0.35809
0.29201
0.22304
0.34467
0.40151
0.31509
0.28467
0.32977
0.34625
0.19826
0.26451
0.28675
0.39316
0.21570
0.22607
0.23882
0.37194
0.27338
0.25210
0.26048
0.33740
0.36365
0.24630
0.29127
0.32272
0.30249
0.30065
0.27272
0.40119
0.28206
0.30461
0.27095
0.29662
0.33783
0.28726
0.30632
0.24741
0.31064
0.26346
0.21889
0.31201
0.27295
0.22766
0.28903
0.18338
0.26344
0.20270
0.05672
0.17823
0.24756
0.23385
0.29544
0.22115
0.26569
0.37836
0.20771
0.10705
0.26693
0.04484
0.35238
0.27019
0.19184
0.29548
0.09301
0.16039
0.20356
0.18567
0.07643
0.13725
0.27801
0.27124
0.20869
0.21017
0.32201
0.05582
0.28756
0.21802
0.09786
0.07866
0.07548
0.23497
0.17288
0.23623
0.21721
0.29879
0.10794
0.07047
0.06001
0.08471
0.32199
0.13723
0.19926
0.23051
0.16852
0.14944
0.32075
0.21703
0.06019
0.27619
0.10360
0.09481
0.26840
0.20345
0.21763
0.06526
0.11063
0.21308
0.19835
0.31194
0.25644
0.04989
0.07538
0.15842
0.20618
0.16062
0.13502
0.16885
0.29345
0.21434
0.19772
0.26290
0.30530
0.09026
0.10428
0.14397
0.06240
0.06687
0.20931
0.11295
0.18565
0.25318
0.24772
0.19717
0.27986
0.17824
0.25223
0.25404
0.25419
0.24075
0.08103
0.21637
0.06633
0.09009
0.18513
0.23689
0.34209
0.23395
0.06305
0.06218
0.11113
0.28596
0.22621
0.27029
0.09156
0.20496
0.22810
0.19737
0.22416
0.11806
0.04376
0.06456
0.16490
0.05076
0.10095
0.25169
0.31159
0.09884
0.17304
0.04750
0.04158
0.02864
0.24302
