0.09472
0.10856
0.02963
0.24495
0.07658
0.12953
0.21051
0.13301
0.20051
0.03537
0.19118
0.11294
0.18188
0.10873
0.11617
0.22898
0.15120
0.13755
0.06332
0.17483
0.28131
0.07733
0.15889
0.05017
0.26431
0.11615
0.09154
0.25508
0.10772
0.12624
0.14471
0.29518
0.11474
0.10748
0.07196
0.09224
0.13882
0.09964
0.07270
0.11432
0.31169
0.25947
0.07398
0.08339
0.27436
0.22223
0.12420
0.24003
0.16235
0.13474
0.09092
0.12396
0.12018
0.30166
0.08678
0.21819
0.20468
0.09736
0.14967
0.05273
0.28354
0.27961
0.07956
0.20423
0.30020
0.32004
0.03783
0.18239
0.07359
0.02357
0.11289
0.31394
0.32498
0.17960
0.26266
0.10927
0.05186
0.03221
0.20003
0.14550
0.30332
0.17783
0.32435
0.26015
0.27244
0.36067
0.10532
0.07743
0.14177
0.25003
0.30481
0.13936
0.04309
0.27476
0.04645
0.14146
0.13633
0.20174
0.17043
0.16141
0.09244
0.18320
0.11173
0.12330
0.21515
0.28480
0.13157
0.15439
0.16343
0.29946
0.01480
0.26738
0.05631
0.23713
0.10553
0.12673
0.25170
0.04444
0.06131
0.18197
0.25665
0.05955
0.27990
0.02961
0.08677
0.11657
0.25713
0.29155
0.12945
0.24587
0.07184
0.14037
0.29450
0.31949
0.10114
0.12979
0.05362
0.26305
0.28321
0.04366
0.16705
0.01867
0.28342
0.12690
0.12026
0.30308
0.06313
0.34648
0.15145
0.08616
0.14443
0.25677
0.09848
0.31410
0.30954
0.31028
0.11901
0.16951
0.14661
0.14956
0.25637
0.26904
0.26657
0.32187
0.09597
0.10629
0.28565
0.28503
0.05976
0.27356
0.04223
0.20649
0.23149
0.03486
0.08604
0.21545
0.02881
0.03558
0.15168
0.26814
0.05264
0.10341
0.19376
0.14367
0.10222
0.13261
0.21109
0.27208
0.23706
0.16455
0.11574
0.04039
0.03836
0.17010
0.10326
0.21371
0.15460
0.18228
0.06665
0.28262
0.20950
0.08282
0.16598
0.13742
0.02109
0.23801
0.08301
0.20093
0.24136
0.07572
0.24434
0.21192
0.10141
0.23887
0.24831
0.21458
0.11854
0.27334
0.20256
0.33098
0.09402
0.15166
0.10149
0.07126
0.07473
0.05493
0.15855
0.13175
0.15584
0.03425
0.25110
0.09088
0.22186
0.09336
0.04704
0.28143
0.11006
0.02628
0.10768
0.28058
0.09287
0.28163
0.07535
0.12099
0.14725
0.23595
0.10461
0.03643
0.08182
0.11501
0.09800
0.09854
0.09875
0.25907
0.13703
0.14597
0.21397
0.06073
0.03254
0.13133
0.18205
0.14907
0.20842
0.14427
0.10750
0.23962
0.27827
0.09076
0.16946
0.04254
0.08758
0.12030
0.04655
0.04301
0.33863
0.15167
0.04019
0.21576
0.18634
0.05999
0.12634
0.34749
0.11427
0.04484
0.30041
0.11850
0.16448
0.16574
0.18404
0.15852
0.06315
0.06943
0.20180
0.16584
0.15084
0.09989
0.12772
0.12667
0.19029
0.11739
0.30968
0.29061
0.27069
0.12974
0.08203
0.29220
0.33283
0.35358
0.02558
0.24334
0.12622
0.31958
0.11356
0.07592
0.16412
0.09777
0.09290
0.15149
0.24302
0.05947
0.08289
0.05267
0.28652
0.12837
0.25707
0.14850
0.20220
0.25288
0.12181
0.06564
0.21866
0.25554
0.35322
0.22894
0.31220
0.23019
0.24102
0.29322
0.28617
0.22112
0.04506
0.06753
0.09385
0.23087
0.03559
0.05660
0.19854
0.11792
0.24316
0.08041
0.15798
0.08014
0.24175
0.27802
0.23754
0.19136
0.30934
0.13190
0.12233
0.31892
0.08591
0.20252
0.03568
0.08687
0.21930
0.04681
0.22076
0.28375
0.02912
0.09617
0.09888
0.25614
0.11178
0.03768
0.05164
0.05307
0.07281
0.09435
0.16161
0.04337
0.25006
0.19351
0.18694
0.07753
0.19342
0.29232
0.19377
0.27076
0.33412
0.16554
0.25633
0.29562
0.30669
0.29285
0.28960
0.24956
0.33693
0.25514
0.27015
0.25784
0.22204
0.31095
0.15884
0.35660
0.31622
0.23927
0.23884
0.23061
0.25074
0.33429
0.28324
0.22829
0.29901
0.33083
0.21911
0.23132
0.31141
0.25449
0.26796
0.25780
0.27693
0.30379
0.24618
0.19251
0.33971
0.23851
0.23546
0.31880
0.17082
0.31187
0.33363
0.27303
0.29453
0.30758
0.25960
0.23551
0.27798
0.33012
0.19501
0.27553
0.31300
0.24303
0.30942
0.29481
0.19622
0.30947
0.26167
0.27383
0.30468
0.29265
0.26379
0.18123
0.28156
0.33830
0.09560
0.28453
0.18966
0.18988
0.17867
0.35752
0.32011
0.30859
0.16980
0.32844
0.26492
0.23784
0.34789
0.30274
0.27834
0.29354
0.23923
0.28710
0.15271
0.34335
0.27746
0.24297
0.19325
0.33585
0.15930
0.26737
0.27631
0.24500
0.34582
0.30242
0.21104
0.30603
0.31089
0.13788
0.17552
0.27305
0.19807
0.18743
0.17868
0.29162
0.32822
0.24914
0.26452
0.24534
0.29575
0.22361
0.31237
0.24726
0.27581
0.19644
0.28620
0.27798
0.23566
0.19074
0.33859
0.28857
0.17751
0.28663
0.31081
0.27342
0.34806
0.29336
0.23086
0.25728
0.19713
0.29352
0.31014
0.27639
0.25965
0.22641
0.17288
0.30121
0.21200
0.27755
0.21725
0.25603
0.32116
0.29180
0.17734
0.21837
0.28730
0.20633
0.26744
0.16488
0.21725
0.22089
0.21841
0.20904
0.31412
0.32416
0.31657
0.21066
0.18895
0.32136
0.18609
0.18712
0.19554
0.29473
0.29295
0.15268
0.17475
0.28942
0.27167
0.20058
0.13005
0.23874
0.26572
0.19526
0.22421
0.26622
0.31225
0.16406
0.23674
0.27331
0.27168
0.18898
0.28285
0.25464
0.24857
0.37289
0.19571
0.27935
0.21631
0.33489
0.31175
0.21709
0.26771
0.26488
0.27533
0.19948
0.30296
0.28061
0.24204
0.27914
0.28248
0.33116
0.26502
0.28536
0.21154
0.31987
0.23160
0.27576
0.19681
0.23340
0.28262
0.24881
0.16768
0.21399
0.21898
0.30627
0.20400
0.31661
0.23606
0.24752
0.29332
0.27741
0.29051
0.13860
0.21202
0.31634
0.31275
0.23424
0.26105
0.27733
0.27413
0.25091
0.21953
0.29496
0.29001
0.25932
0.25086
0.14666
0.28032
0.30315
0.24766
0.25860
0.20892
0.32276
0.26109
0.18172
0.21302
0.28215
0.29201
0.27317
0.27280
0.23645
0.34232
0.33700
0.17132
0.23718
0.30212
0.27399
0.25329
0.31321
0.33274
0.22498
0.20875
0.18676
0.24806
0.26715
0.34478
0.28842
0.28142
0.26364
0.22805
0.28292
0.30317
0.27586
0.17134
0.31074
0.21367
0.23727
0.33042
0.29240
0.26656
0.22324
0.25343
0.30006
0.32590
0.32867
0.24451
0.27082
0.20442
0.28627
0.30916
0.11213
0.25841
0.15648
0.21936
0.27833
0.20670
0.25549
0.25777
0.25599
0.21469
0.21992
0.24549
0.32631
0.26811
0.25598
0.17623
0.28347
0.24569
0.24827
0.20046
0.32797
0.27754
0.32211
0.24474
0.24368
0.26399
0.26872
0.25126
0.26504
0.14356
0.31813
0.25454
0.32895
0.26879
0.30617
0.34303
0.28349
0.22273
0.28524
0.17054
0.18769
0.27443
0.22137
0.27407
0.29553
0.24814
0.29584
0.36429
0.30342
0.32565
0.28614
0.29038
0.29127
0.35034
0.23536
0.27219
0.31457
0.31245
0.28347
0.32528
0.37882
0.20939
0.23685
0.33297
0.21052
0.32835
0.33345
0.25357
0.25024
0.33571
0.22629
0.24740
0.29923
0.24252
0.25937
0.23866
0.28753
0.26654
0.29251
0.30322
0.28836
0.24590
0.28215
0.26578
0.32321
0.28096
0.27162
0.11900
0.31727
0.33951
0.34978
0.31820
0.32093
0.37473
0.39051
0.26931
0.18502
0.30912
0.37014
0.27677
0.18276
0.32381
0.33342
0.23571
0.24069
0.31054
0.24024
0.27604
0.24500
0.34336
0.33077
0.37834
0.28460
0.30340
0.28384
0.37636
0.28543
0.26315
0.29637
0.35510
0.27817
0.16187
0.32820
0.43662
0.26491
0.38522
0.39958
0.18799
0.30878
0.33276
0.33203
0.29249
0.25741
0.30761
0.19505
0.28705
0.29512
0.28729
0.31125
0.34909
0.28903
0.30012
0.25654
0.22746
0.26076
0.38828
0.24329
0.14837
0.32746
0.12760
0.19355
0.39706
0.18814
0.23158
0.21399
0.27853
0.25680
0.42301
0.17594
0.32877
0.37540
0.24402
0.23855
0.25258
0.23030
0.20966
0.35961
0.18946
0.34287
0.33367
0.26946
0.25101
0.24471
0.32354
0.27290
0.20737
0.32691
0.41143
0.29631
0.29667
0.36215
0.33902
0.21552
0.26487
0.28395
0.38628
0.18255
0.20890
0.26010
0.31810
0.27656
0.25764
0.27717
0.30460
0.34506
0.17850
0.30845
0.30254
0.29652
0.28904
0.24641
0.37626
0.29696
0.25958
0.27973
0.31959
0.31715
0.24580
0.30571
0.24291
0.31898
0.22847
0.24878
0.32555
0.26398
0.23250
0.29771
0.16021
0.28475
0.22902
0.02396
0.13064
0.17239
0.18750
0.26341
0.21198
0.24428
0.31732
0.25407
0.02216
0.11777
0.02356
0.30961
0.24505
0.16532
0.30579
0.05122
0.09893
0.20119
0.23042
0.03774
0.12116
0.25172
0.26278
0.20553
0.21632
0.28884
0.01290
0.33251
0.25498
0.04140
0.02945
0.10945
0.29018
0.08610
0.19364
0.18763
0.31709
0.03998
0.06241
0.02694
0.11219
0.28883
0.10449
0.10557
0.22277
0.29493
0.09463
0.28485
0.23150
0.04881
0.23700
0.05691
0.07901
0.29653
0.18801
0.19405
0.05313
0.07028
0.18524
0.20783
0.29298
0.26083
0.03488
0.04394
0.17193
0.20826
0.17958
0.19703
0.07151
0.19793
0.19325
0.12299
0.27193
0.25780
0.12603
0.17897
0.17827
0.09790
0.01730
0.19375
0.15243
0.20243
0.21023
0.27344
0.18947
0.33304
0.24156
0.23107
0.14117
0.24352
0.23307
0.05471
0.24287
0.10988
0.05537
0.21252
0.24426
0.31566
0.23783
0.04082
0.03989
0.10325
0.20031
0.23720
0.28652
0.06620
0.15871
0.31192
0.18108
0.21985
0.11282
0.01459
0.02884
0.14948
0.05109
0.05166
0.28863
0.26553
0.07583
0.08550
0.03045
0.04330
0.08193
0.29588
