0.15388
0.12582
0.10351
0.24392
0.11655
0.15523
0.18524
0.16915
0.19729
0.08761
0.20044
0.13685
0.18188
0.12801
0.13705
0.22456
0.16028
0.17146
0.10655
0.18566
0.27580
0.18973
0.20285
0.09979
0.21244
0.19516
0.15479
0.25222
0.11512
0.18996
0.16215
0.29413
0.15909
0.11867
0.16183
0.10124
0.16082
0.13148
0.19212
0.18419
0.29175
0.27370
0.10787
0.18215
0.28808
0.22256
0.15991
0.25036
0.21467
0.15267
0.10790
0.16845
0.11562
0.30423
0.10809
0.20830
0.27237
0.14544
0.09131
0.12604
0.25699
0.31338
0.17440
0.27051
0.27805
0.31042
0.10109
0.20455
0.18056
0.05518
0.13694
0.33989
0.33468
0.23682
0.25024
0.16573
0.15080
0.12436
0.21184
0.14723
0.32581
0.24124
0.34921
0.26163
0.28414
0.36242
0.11846
0.10710
0.19820
0.26311
0.31663
0.20162
0.10452
0.26750
0.09869
0.23393
0.22010
0.21354
0.21373
0.17687
0.11492
0.19566
0.14381
0.14502
0.23588
0.30274
0.19376
0.18987
0.22907
0.28475
0.05293
0.25699
0.13686
0.25643
0.13684
0.14827
0.26055
0.09160
0.07679
0.19438
0.25487
0.10375
0.29768
0.04596
0.13834
0.16388
0.31068
0.27350
0.21972
0.26355
0.13518
0.15224
0.29037
0.31424
0.13165
0.16333
0.12983
0.28851
0.27740
0.09349
0.18880
0.03897
0.29397
0.20244
0.18337
0.29179
0.15037
0.34010
0.20590
0.10107
0.20475
0.28104
0.15193
0.31191
0.30597
0.31408
0.14176
0.17735
0.18394
0.22855
0.25995
0.30655
0.28526
0.29866
0.09875
0.19190
0.33522
0.29295
0.07627
0.24963
0.10475
0.23334
0.24761
0.06275
0.10893
0.23949
0.08967
0.12147
0.19736
0.25820
0.14784
0.12144
0.24818
0.18727
0.15443
0.21661
0.25097
0.24976
0.25406
0.21883
0.16505
0.11461
0.09178
0.14719
0.19752
0.22186
0.26473
0.19460
0.13046
0.27466
0.23075
0.14335
0.20195
0.18169
0.08796
0.27334
0.12959
0.22634
0.27811
0.12534
0.23276
0.25999
0.15861
0.25277
0.26740
0.24617
0.14601
0.23057
0.23394
0.32269
0.12055
0.20946
0.16283
0.12679
0.11953
0.12816
0.16314
0.26223
0.16581
0.06544
0.24569
0.15163
0.24370
0.17968
0.09533
0.30832
0.12079
0.07458
0.11505
0.24213
0.16318
0.28085
0.14091
0.12740
0.20809
0.20012
0.13876
0.07316
0.16279
0.11273
0.13527
0.16910
0.12421
0.25471
0.14859
0.18909
0.17695
0.11619
0.15319
0.14301
0.20978
0.21064
0.23085
0.20813
0.19032
0.26732
0.29107
0.10616
0.18993
0.08168
0.13643
0.15017
0.11605
0.10017
0.38451
0.17891
0.11341
0.23641
0.17861
0.16283
0.12140
0.32876
0.14139
0.12463
0.29441
0.11361
0.21403
0.23522
0.22684
0.23704
0.14604
0.08240
0.18367
0.22368
0.19496
0.10310
0.18879
0.21618
0.23318
0.19585
0.33060
0.26689
0.27387
0.16978
0.16104
0.28836
0.31798
0.33332
0.06725
0.26581
0.13004
0.29693
0.16114
0.11805
0.14483
0.17415
0.11809
0.25912
0.23501
0.08801
0.09671
0.10855
0.27176
0.22921
0.29338
0.18903
0.24926
0.25693
0.20353
0.08055
0.29315
0.31813
0.34650
0.29222
0.33674
0.24223
0.23218
0.29781
0.25312
0.23641
0.09530
0.12523
0.16669
0.21774
0.09029
0.09597
0.26765
0.16431
0.23838
0.12617
0.19658
0.14693
0.27036
0.26811
0.22816
0.19666
0.30369
0.17209
0.15278
0.30913
0.16097
0.22476
0.11575
0.14522
0.18036
0.09538
0.22580
0.31900
0.13157
0.07317
0.20871
0.26761
0.11967
0.08512
0.09652
0.09869
0.10641
0.12358
0.22816
0.08909
0.28516
0.19997
0.16935
0.11869
0.15726
0.26693
0.25271
0.31156
0.34153
0.15700
0.27553
0.31490
0.33447
0.34041
0.26872
0.30398
0.33534
0.28520
0.22292
0.26503
0.23698
0.32230
0.16224
0.36297
0.30105
0.24588
0.30131
0.22956
0.30442
0.34490
0.31756
0.23730
0.29999
0.31218
0.27291
0.29026
0.30415
0.24559
0.25492
0.26082
0.31852
0.28753
0.28471
0.18017
0.33122
0.29496
0.29343
0.33028
0.23428
0.28308
0.33304
0.29887
0.33207
0.31153
0.31341
0.23925
0.30790
0.33612
0.27209
0.32845
0.30591
0.28688
0.31360
0.29923
0.16048
0.33941
0.25185
0.26609
0.30656
0.27519
0.29675
0.15962
0.28961
0.34659
0.08608
0.27572
0.26145
0.23140
0.16700
0.35945
0.28801
0.29222
0.15986
0.32859
0.26269
0.25046
0.38484
0.26872
0.32789
0.28557
0.24335
0.26479
0.14988
0.35737
0.31358
0.27660
0.18234
0.30754
0.16422
0.24422
0.27496
0.23420
0.34117
0.29378
0.18007
0.31160
0.32570
0.12407
0.19204
0.32020
0.20858
0.15693
0.17128
0.29136
0.31521
0.30654
0.29478
0.24539
0.33168
0.20884
0.31890
0.30925
0.31630
0.19408
0.30200
0.31642
0.21464
0.16009
0.35994
0.26940
0.24646
0.31635
0.29131
0.22737
0.35764
0.28330
0.19020
0.29784
0.19183
0.29033
0.30830
0.31910
0.27884
0.22449
0.17200
0.34483
0.22824
0.31840
0.19232
0.30618
0.33704
0.26466
0.17731
0.19527
0.28468
0.19820
0.32049
0.15566
0.25432
0.22020
0.19536
0.24998
0.31689
0.29564
0.31329
0.27881
0.23811
0.31916
0.19584
0.23826
0.23045
0.26907
0.30071
0.13459
0.18070
0.27221
0.30973
0.25915
0.14486
0.20876
0.25641
0.25018
0.22271
0.29238
0.33059
0.14949
0.26970
0.25980
0.30731
0.17036
0.31627
0.29248
0.23616
0.38886
0.17283
0.31124
0.18719
0.34437
0.30262
0.30630
0.25215
0.32951
0.25802
0.17669
0.28553
0.28419
0.31844
0.25058
0.28069
0.31838
0.21550
0.28606
0.23284
0.31628
0.27633
0.30481
0.22719
0.28246
0.29433
0.26341
0.22337
0.26859
0.24710
0.30973
0.22334
0.32860
0.21047
0.30340
0.28713
0.27045
0.30511
0.13743
0.26839
0.29901
0.29850
0.30120
0.33178
0.32854
0.24741
0.29593
0.26604
0.27636
0.26866
0.30501
0.19919
0.17174
0.32373
0.28898
0.23292
0.28695
0.20803
0.32693
0.31275
0.25869
0.17562
0.26962
0.29568
0.30092
0.29855
0.25579
0.34061
0.33328
0.13196
0.22996
0.28739
0.28355
0.31155
0.29964
0.32107
0.19441
0.21551
0.15820
0.29902
0.31283
0.33786
0.28494
0.26119
0.31689
0.20837
0.26611
0.27913
0.25917
0.18547
0.29231
0.22610
0.19576
0.31435
0.32568
0.29103
0.21392
0.30805
0.27781
0.35759
0.33315
0.21601
0.27277
0.18992
0.34183
0.29440
0.09879
0.30466
0.17223
0.27610
0.31251
0.20154
0.30990
0.24194
0.29760
0.21128
0.27100
0.25219
0.33143
0.31704
0.31017
0.17254
0.27939
0.24831
0.22428
0.22729
0.29733
0.26317
0.31293
0.26432
0.29225
0.30712
0.26329
0.29271
0.25547
0.18213
0.34740
0.26010
0.31210
0.24435
0.26190
0.32865
0.26735
0.30922
0.32494
0.15961
0.22076
0.31007
0.26535
0.33641
0.28834
0.31539
0.33975
0.35687
0.28115
0.29773
0.25590
0.27265
0.25590
0.34428
0.30039
0.26634
0.30969
0.30813
0.32143
0.31551
0.35277
0.20080
0.29843
0.33198
0.27233
0.30410
0.33157
0.20904
0.24721
0.32683
0.23577
0.32745
0.30295
0.30432
0.27698
0.29775
0.28861
0.25142
0.29036
0.34095
0.29043
0.28971
0.32197
0.28225
0.32586
0.30802
0.28920
0.13137
0.31211
0.33929
0.35914
0.34395
0.31591
0.39516
0.40451
0.29407
0.14504
0.33236
0.36628
0.29768
0.16169
0.30970
0.33769
0.22842
0.26376
0.31946
0.25836
0.26240
0.27270
0.34851
0.33394
0.37847
0.29855
0.32401
0.28498
0.39006
0.26618
0.30767
0.31506
0.34581
0.24622
0.15030
0.33332
0.44520
0.24662
0.40713
0.42237
0.18716
0.32601
0.37996
0.32912
0.29918
0.26924
0.31807
0.24931
0.28935
0.31012
0.26677
0.31235
0.37066
0.30120
0.31172
0.24619
0.21911
0.26998
0.40205
0.20104
0.12996
0.31777
0.17444
0.22001
0.40363
0.14500
0.17538
0.21228
0.31712
0.22401
0.41809
0.17383
0.34459
0.38994
0.25871
0.25909
0.28265
0.24526
0.20985
0.36466
0.15220
0.34138
0.33070
0.29444
0.26247
0.28538
0.31671
0.27112
0.19598
0.31661
0.41188
0.31220
0.28891
0.35202
0.37072
0.26219
0.28068
0.29503
0.37075
0.19415
0.20717
0.23656
0.36111
0.30299
0.24826
0.29994
0.30016
0.35221
0.22196
0.31001
0.34975
0.28180
0.32487
0.25604
0.38622
0.32235
0.25176
0.31766
0.33058
0.32881
0.27497
0.30933
0.23378
0.33026
0.25788
0.26549
0.32423
0.31655
0.25893
0.32669
0.19890
0.25205
0.19938
0.07475
0.15926
0.23321
0.21434
0.24828
0.19036
0.27013
0.31397
0.28970
0.04848
0.24907
0.04531
0.23968
0.22354
0.18809
0.25194
0.10182
0.17924
0.17283
0.24193
0.10613
0.23106
0.28216
0.27003
0.20345
0.23848
0.29068
0.09082
0.32995
0.18692
0.06006
0.14371
0.16681
0.30155
0.15625
0.23234
0.20777
0.29651
0.04646
0.12576
0.12658
0.10205
0.26657
0.12839
0.15175
0.13462
0.29571
0.17468
0.25697
0.21941
0.14397
0.27632
0.06053
0.07574
0.29450
0.16208
0.29121
0.07954
0.13090
0.22157
0.18733
0.28468
0.24051
0.08756
0.10378
0.15159
0.22805
0.21173
0.23030
0.18107
0.27432
0.17925
0.24031
0.27093
0.29779
0.12422
0.14021
0.21817
0.15354
0.11149
0.29182
0.22661
0.19003
0.28310
0.25726
0.19059
0.35042
0.28790
0.29812
0.25030
0.22207
0.18363
0.09806
0.25112
0.12990
0.07584
0.20844
0.24535
0.31842
0.21748
0.05341
0.15616
0.21687
0.25656
0.24521
0.32228
0.16935
0.29784
0.30044
0.19896
0.26364
0.17887
0.05355
0.06875
0.18773
0.14873
0.13408
0.28232
0.25360
0.14492
0.17301
0.04631
0.07747
0.13842
0.29139
