0.14212
0.10710
0.08517
0.25987
0.06257
0.12671
0.21564
0.14342
0.17016
0.05596
0.18109
0.14145
0.17261
0.11413
0.15401
0.23221
0.13872
0.15898
0.06790
0.13285
0.31192
0.16413
0.16637
0.06967
0.22493
0.18081
0.10876
0.27930
0.10818
0.17451
0.15242
0.22900
0.14835
0.09997
0.09540
0.09309
0.15292
0.13472
0.14663
0.16467
0.30458
0.26811
0.07392
0.15176
0.30315
0.24385
0.15937
0.24663
0.21146
0.17245
0.10735
0.14698
0.11873
0.30355
0.09450
0.21540
0.19523
0.11782
0.11696
0.11514
0.27773
0.26949
0.13132
0.21781
0.29379
0.33046
0.05325
0.18921
0.15391
0.06895
0.12410
0.29689
0.33034
0.20823
0.25375
0.12459
0.08217
0.04973
0.21459
0.17505
0.29487
0.18149
0.31319
0.26116
0.25898
0.38701
0.10237
0.13668
0.17593
0.26817
0.32012
0.22499
0.10882
0.28066
0.04847
0.16759
0.24006
0.20442
0.21189
0.18318
0.09799
0.18719
0.12105
0.11882
0.21843
0.31291
0.14350
0.16106
0.18036
0.27995
0.03083
0.24247
0.10231
0.23729
0.10355
0.14994
0.26772
0.06673
0.10203
0.20338
0.25222
0.08561
0.27768
0.03010
0.10614
0.16774
0.29356
0.29285
0.16727
0.23351
0.11164
0.15257
0.29601
0.33335
0.10840
0.13498
0.07102
0.27979
0.24861
0.06072
0.15558
0.02745
0.27531
0.17447
0.18028
0.29001
0.10731
0.36644
0.19418
0.09454
0.15854
0.30128
0.09954
0.30189
0.29476
0.31667
0.10865
0.14795
0.15038
0.21872
0.27296
0.26170
0.26449
0.34259
0.09403
0.13434
0.28867
0.29384
0.07393
0.23433
0.03266
0.22420
0.20295
0.04778
0.08560
0.24299
0.10935
0.09326
0.17761
0.29294
0.08083
0.11307
0.23728
0.19506
0.10675
0.19355
0.23059
0.27476
0.25455
0.24223
0.13448
0.07053
0.07851
0.15056
0.15652
0.25198
0.24527
0.19856
0.10774
0.27147
0.20999
0.12260
0.21037
0.19339
0.04330
0.23940
0.08607
0.20854
0.26656
0.11610
0.25500
0.25297
0.12766
0.21421
0.26847
0.24835
0.13033
0.28051
0.23712
0.35000
0.11452
0.18611
0.14024
0.09446
0.10261
0.10186
0.19649
0.22044
0.14125
0.07147
0.22420
0.11951
0.24544
0.12734
0.03648
0.25231
0.11425
0.04935
0.10555
0.26674
0.08410
0.30490
0.12922
0.11109
0.15978
0.20475
0.11785
0.06462
0.12797
0.10789
0.10007
0.15828
0.09754
0.25019
0.13069
0.16117
0.20076
0.10266
0.08042
0.13604
0.21403
0.16864
0.20207
0.17947
0.13891
0.24360
0.29610
0.10408
0.16442
0.06333
0.11644
0.12806
0.07048
0.04826
0.37079
0.14961
0.06815
0.23221
0.21704
0.08618
0.13047
0.32460
0.13974
0.10038
0.29585
0.11671
0.21900
0.19384
0.19560
0.17504
0.09288
0.08649
0.18951
0.20774
0.19391
0.09623
0.16451
0.19452
0.23154
0.17293
0.30930
0.28039
0.28872
0.16987
0.09829
0.29600
0.30625
0.32110
0.03696
0.27112
0.14216
0.29531
0.14960
0.09236
0.14209
0.13909
0.11661
0.21587
0.25122
0.09071
0.05758
0.11751
0.24985
0.20090
0.26391
0.14748
0.21662
0.22764
0.14717
0.06077
0.27340
0.29036
0.36074
0.27374
0.33075
0.19284
0.26114
0.28562
0.26974
0.24214
0.07082
0.08469
0.15930
0.23991
0.06370
0.08353
0.23819
0.13744
0.24985
0.08335
0.17883
0.10783
0.26730
0.23019
0.27597
0.19703
0.32160
0.13718
0.11033
0.32297
0.09048
0.18372
0.05328
0.12355
0.19394
0.06028
0.24495
0.33040
0.10963
0.06736
0.18414
0.24539
0.11609
0.07431
0.06924
0.08425
0.06881
0.12208
0.19529
0.09904
0.28179
0.13311
0.17434
0.08022
0.16993
0.30473
0.21251
0.25216
0.32669
0.16874
0.25242
0.32641
0.27251
0.32574
0.27550
0.24308
0.32392
0.25455
0.23831
0.26131
0.21467
0.29596
0.20070
0.36764
0.30494
0.25853
0.26120
0.25505
0.27841
0.36275
0.26210
0.23610
0.30456
0.31623
0.21869
0.23475
0.31115
0.29714
0.25316
0.26919
0.28056
0.29837
0.26034
0.23222
0.33153
0.26742
0.24385
0.32113
0.19900
0.32077
0.33163
0.30910
0.28567
0.30267
0.28126
0.25429
0.31068
0.33493
0.17363
0.28340
0.30241
0.27149
0.28689
0.32535
0.19975
0.28642
0.26365
0.27295
0.30040
0.28640
0.27790
0.20271
0.26863
0.35341
0.14463
0.28542
0.21971
0.20359
0.16223
0.37882
0.30877
0.31109
0.16277
0.34758
0.28517
0.28979
0.35855
0.29825
0.30329
0.29065
0.24438
0.28808
0.19925
0.34945
0.30068
0.24530
0.20446
0.33826
0.21949
0.26625
0.29295
0.27471
0.34562
0.30444
0.24679
0.28771
0.29971
0.19901
0.18490
0.28632
0.19632
0.19734
0.16463
0.29138
0.33718
0.28536
0.29057
0.25051
0.29502
0.23472
0.29666
0.26946
0.28868
0.18933
0.29066
0.27670
0.23393
0.19602
0.34864
0.28207
0.20231
0.28993
0.30010
0.25315
0.35618
0.30471
0.25477
0.28613
0.22841
0.29558
0.31825
0.29563
0.26149
0.22790
0.16504
0.33570
0.20791
0.28409
0.24252
0.26582
0.32006
0.27404
0.21914
0.23933
0.29263
0.22003
0.28657
0.20860
0.23373
0.23330
0.24951
0.21278
0.31691
0.30670
0.30428
0.26247
0.22780
0.31324
0.21141
0.23361
0.23020
0.27976
0.30349
0.16350
0.18890
0.29614
0.27385
0.21417
0.16440
0.24041
0.25520
0.21654
0.25264
0.26767
0.32004
0.18315
0.26726
0.25923
0.30647
0.20842
0.28616
0.26310
0.25506
0.37651
0.19931
0.29750
0.25067
0.35967
0.29214
0.26693
0.29221
0.28548
0.26691
0.20899
0.31609
0.26952
0.27965
0.26960
0.23710
0.31431
0.25525
0.28347
0.22764
0.33554
0.25083
0.28520
0.21171
0.28446
0.27552
0.25852
0.20264
0.21025
0.24445
0.32341
0.21693
0.32604
0.26066
0.26250
0.25500
0.26451
0.26594
0.13977
0.23353
0.31245
0.32686
0.27837
0.26499
0.28106
0.28061
0.24090
0.23992
0.28279
0.29871
0.29511
0.26357
0.21249
0.29116
0.30329
0.28546
0.26981
0.21877
0.32394
0.30482
0.17798
0.20356
0.27172
0.28970
0.31970
0.24974
0.24007
0.31857
0.33952
0.15185
0.24749
0.29496
0.26779
0.26544
0.32442
0.33499
0.24512
0.20315
0.16808
0.26853
0.29109
0.34577
0.27526
0.30321
0.28837
0.25242
0.28027
0.28909
0.26457
0.17579
0.33152
0.20966
0.24509
0.32401
0.30955
0.27199
0.24752
0.27199
0.27992
0.31504
0.32192
0.25083
0.27358
0.20770
0.29899
0.29198
0.13746
0.29216
0.21858
0.24230
0.30503
0.23675
0.27267
0.24643
0.25936
0.23288
0.25487
0.24388
0.32863
0.28344
0.24908
0.21079
0.29063
0.24605
0.25726
0.20657
0.34090
0.26162
0.35003
0.25842
0.26427
0.29012
0.27706
0.24429
0.25737
0.19770
0.31570
0.29024
0.33659
0.26533
0.28208
0.34033
0.25464
0.24524
0.27914
0.19026
0.22511
0.28567
0.23021
0.30889
0.31060
0.28400
0.33449
0.37630
0.30510
0.30398
0.27407
0.30910
0.29966
0.34559
0.26874
0.28221
0.31948
0.31435
0.29120
0.30883
0.38727
0.21726
0.26547
0.31924
0.24339
0.31649
0.33565
0.26934
0.24861
0.32902
0.23634
0.27391
0.29501
0.27397
0.22912
0.26595
0.26430
0.23710
0.27117
0.32429
0.28846
0.25827
0.29571
0.27779
0.29758
0.28198
0.26528
0.14432
0.30664
0.31179
0.34395
0.30693
0.28368
0.38074
0.36927
0.27654
0.20473
0.29780
0.36445
0.27773
0.21230
0.28353
0.34040
0.27184
0.25636
0.31746
0.26565
0.25920
0.24891
0.31184
0.34590
0.37117
0.28554
0.30700
0.27032
0.37354
0.26312
0.28057
0.29303
0.34137
0.29215
0.20956
0.29135
0.41623
0.26600
0.38506
0.39872
0.20554
0.29357
0.35386
0.31428
0.27122
0.24682
0.27361
0.23133
0.27702
0.30491
0.29852
0.29436
0.36362
0.30841
0.28551
0.26349
0.21479
0.26946
0.38066
0.18449
0.13238
0.34322
0.12964
0.21803
0.37521
0.15736
0.22921
0.22083
0.28544
0.23248
0.43625
0.20643
0.31871
0.38081
0.24450
0.21735
0.26046
0.22752
0.21534
0.34484
0.19709
0.37571
0.34522
0.25605
0.24208
0.24102
0.33816
0.26853
0.21001
0.33548
0.40585
0.30370
0.28529
0.33303
0.34333
0.19224
0.27731
0.29005
0.38357
0.20109
0.21630
0.23729
0.35033
0.27443
0.24465
0.27976
0.32568
0.33025
0.22697
0.28782
0.30491
0.27687
0.28972
0.24348
0.37063
0.29200
0.21790
0.26805
0.31485
0.32817
0.27414
0.30018
0.22972
0.33873
0.25282
0.25805
0.32291
0.32398
0.23199
0.29083
0.18440
0.31096
0.22768
0.04066
0.19524
0.19680
0.25576
0.26323
0.17733
0.21485
0.34749
0.19370
0.10956
0.20488
0.04996
0.30886
0.24953
0.17252
0.29220
0.04604
0.07073
0.18916
0.24071
0.08996
0.15998
0.17376
0.28246
0.17227
0.20221
0.25262
0.06565
0.29200
0.16381
0.03505
0.14838
0.17623
0.28339
0.22923
0.21688
0.21714
0.30678
0.07678
0.07171
0.09871
0.05754
0.23465
0.13812
0.11808
0.16522
0.31536
0.15155
0.25796
0.22227
0.13585
0.26353
0.07515
0.06568
0.27611
0.17670
0.30079
0.08294
0.06380
0.20171
0.18297
0.29144
0.24206
0.04512
0.10610
0.15926
0.21114
0.22607
0.14743
0.13694
0.24138
0.22888
0.14915
0.20201
0.26758
0.09566
0.11561
0.18624
0.04854
0.08602
0.23383
0.18333
0.19131
0.26418
0.27731
0.20748
0.36907
0.24116
0.30222
0.18504
0.20250
0.20086
0.08126
0.25235
0.13516
0.11576
0.16063
0.25131
0.24631
0.27709
0.05923
0.07365
0.12381
0.14289
0.24306
0.32799
0.08815
0.24613
0.29245
0.17115
0.24602
0.12240
0.05223
0.07073
0.19444
0.08155
0.10037
0.27154
0.29356
0.16413
0.12442
0.03508
0.05979
0.11381
0.29636
