0.25597
0.17631
0.18779
0.25386
0.11643
0.20378
0.26196
0.18981
0.16234
0.18359
0.23554
0.18051
0.22718
0.16764
0.19843
0.23660
0.19336
0.25084
0.18386
0.23152
0.31202
0.21599
0.19027
0.14519
0.25010
0.21584
0.24568
0.26537
0.15292
0.25812
0.20143
0.28657
0.22844
0.14926
0.17696
0.18010
0.19310
0.15184
0.20724
0.20021
0.27423
0.30979
0.20670
0.21655
0.30424
0.24606
0.16077
0.30111
0.27247
0.17735
0.17863
0.24025
0.17751
0.32136
0.15370
0.24681
0.24025
0.19627
0.20258
0.15662
0.27564
0.31543
0.14894
0.23010
0.30731
0.33237
0.18401
0.20323
0.20839
0.17570
0.23451
0.30326
0.33019
0.23102
0.26776
0.21726
0.17065
0.10960
0.23311
0.21051
0.32760
0.29081
0.34439
0.27728
0.30095
0.36297
0.15598
0.18543
0.20479
0.26108
0.35167
0.20687
0.18643
0.25888
0.14275
0.24531
0.22460
0.22886
0.20466
0.16220
0.18309
0.18482
0.23094
0.21205
0.25311
0.28383
0.20888
0.23845
0.22275
0.28327
0.13008
0.27139
0.12302
0.26268
0.20919
0.24866
0.26536
0.20808
0.18470
0.22238
0.23708
0.18176
0.31895
0.13546
0.15312
0.22142
0.30654
0.28242
0.25082
0.25008
0.14687
0.18667
0.30996
0.35943
0.18076
0.21569
0.11494
0.29425
0.26147
0.16653
0.22259
0.14185
0.31628
0.24048
0.22387
0.31274
0.16541
0.35988
0.24278
0.14718
0.24945
0.33145
0.18104
0.34423
0.31405
0.33303
0.21004
0.22880
0.23741
0.28014
0.29951
0.29761
0.27940
0.33687
0.14326
0.24504
0.31144
0.29612
0.20129
0.28334
0.15144
0.27516
0.24042
0.11560
0.20556
0.24012
0.19596
0.17107
0.21171
0.28891
0.15405
0.18959
0.27669
0.21353
0.21508
0.24046
0.27868
0.27540
0.25626
0.23777
0.19871
0.16762
0.14090
0.21111
0.22694
0.22359
0.28763
0.27502
0.17994
0.29920
0.24777
0.15890
0.24169
0.19793
0.18034
0.27188
0.20009
0.26728
0.27887
0.20501
0.26595
0.25518
0.16855
0.26295
0.28290
0.25162
0.23161
0.30366
0.25354
0.35638
0.21480
0.18488
0.25277
0.16713
0.16101
0.17971
0.23583
0.27345
0.20121
0.18133
0.19504
0.18357
0.27716
0.18832
0.17145
0.29197
0.22385
0.17482
0.18521
0.30144
0.19965
0.33465
0.19930
0.20585
0.20387
0.22858
0.18939
0.14132
0.22548
0.20619
0.18363
0.16845
0.19374
0.29584
0.17521
0.24299
0.21128
0.21061
0.21724
0.19609
0.22482
0.21330
0.28313
0.26705
0.24298
0.25159
0.28971
0.15446
0.20352
0.19349
0.19424
0.20075
0.17945
0.15751
0.38289
0.21861
0.15793
0.23519
0.22173
0.14113
0.22827
0.36090
0.18630
0.16589
0.31499
0.19005
0.25224
0.27092
0.22054
0.28543
0.18009
0.15384
0.26774
0.23997
0.24398
0.20369
0.23765
0.22610
0.21276
0.24289
0.35885
0.31149
0.26440
0.19035
0.21008
0.29687
0.31043
0.34226
0.17898
0.27095
0.19709
0.29742
0.25024
0.18683
0.20228
0.20410
0.19913
0.28188
0.22363
0.18177
0.19297
0.11697
0.29319
0.23293
0.25719
0.24405
0.27002
0.22120
0.22010
0.10418
0.31655
0.28026
0.35003
0.28512
0.31760
0.24029
0.23484
0.32071
0.25413
0.29118
0.20495
0.16572
0.19281
0.25465
0.15491
0.19797
0.26250
0.23308
0.24111
0.19639
0.21214
0.27567
0.29217
0.26878
0.26097
0.21234
0.35085
0.18877
0.21418
0.31388
0.16471
0.22733
0.17009
0.16866
0.21648
0.17819
0.26235
0.35402
0.17314
0.20456
0.25171
0.25561
0.16750
0.14130
0.15016
0.18854
0.15638
0.23135
0.22347
0.19044
0.31142
0.15980
0.23057
0.15745
0.14445
0.28837
0.20243
0.28310
0.34776
0.17700
0.27519
0.29614
0.30127
0.31762
0.29157
0.26216
0.33422
0.25911
0.23117
0.27017
0.20782
0.31445
0.18664
0.36428
0.30655
0.24440
0.25860
0.23781
0.27367
0.33178
0.30506
0.27003
0.29235
0.32607
0.22907
0.28083
0.31227
0.25111
0.23907
0.26023
0.30617
0.30376
0.25392
0.21903
0.35786
0.26823
0.24704
0.32433
0.18478
0.28699
0.33368
0.28645
0.31130
0.32140
0.29126
0.23296
0.28939
0.31793
0.22421
0.30542
0.29077
0.28469
0.29665
0.26892
0.20701
0.31555
0.24371
0.28256
0.31993
0.28296
0.24402
0.15106
0.26503
0.33370
0.09127
0.28670
0.21076
0.19343
0.16444
0.34876
0.30050
0.29643
0.18335
0.35687
0.26513
0.25346
0.34735
0.29028
0.30010
0.28872
0.24721
0.27215
0.17012
0.35625
0.30073
0.27892
0.15804
0.31687
0.18817
0.22405
0.26243
0.23927
0.34843
0.29645
0.18962
0.29185
0.32832
0.17862
0.16443
0.31076
0.17012
0.18296
0.18021
0.27625
0.30198
0.28328
0.26399
0.24176
0.31068
0.19993
0.30560
0.28644
0.28735
0.20747
0.27331
0.29803
0.20030
0.21406
0.31909
0.28644
0.19385
0.30094
0.32321
0.24239
0.34053
0.29776
0.20892
0.29373
0.15695
0.29053
0.29878
0.28974
0.26968
0.23530
0.17244
0.31511
0.24793
0.27672
0.19590
0.28544
0.32690
0.29229
0.18710
0.20587
0.28086
0.20075
0.30851
0.18250
0.23596
0.25383
0.21045
0.23329
0.29959
0.33368
0.33201
0.25020
0.23483
0.33406
0.21877
0.21372
0.20367
0.30285
0.27803
0.15895
0.18126
0.28016
0.29699
0.22153
0.15350
0.17032
0.24965
0.23007
0.22824
0.26584
0.31225
0.17066
0.25247
0.26385
0.28976
0.18344
0.30100
0.25445
0.23878
0.36417
0.18351
0.27893
0.19669
0.35628
0.30736
0.26384
0.25371
0.30853
0.26075
0.17681
0.29465
0.27229
0.26115
0.28337
0.23766
0.33434
0.21877
0.25833
0.23612
0.32334
0.24574
0.28981
0.22140
0.27392
0.26927
0.24544
0.19920
0.23817
0.24829
0.30891
0.20749
0.30255
0.21445
0.26435
0.26947
0.28450
0.26019
0.14636
0.23570
0.32861
0.31196
0.27296
0.29720
0.29970
0.25635
0.23773
0.22845
0.31284
0.28382
0.27596
0.24267
0.14750
0.30299
0.32078
0.24058
0.28493
0.22052
0.32253
0.28664
0.18161
0.20968
0.29444
0.27190
0.29867
0.26823
0.23256
0.34022
0.33338
0.15497
0.24381
0.30904
0.26317
0.28071
0.28708
0.33301
0.18509
0.19626
0.15193
0.25354
0.29844
0.35258
0.27929
0.27135
0.30267
0.20824
0.24766
0.27062
0.27231
0.16848
0.32277
0.24505
0.22629
0.34232
0.27664
0.24829
0.24439
0.24674
0.29361
0.33085
0.34653
0.24059
0.28020
0.17691
0.30895
0.30965
0.14608
0.27557
0.17193
0.24623
0.29788
0.21596
0.27407
0.23998
0.27033
0.18719
0.25413
0.22689
0.30032
0.27445
0.27235
0.19675
0.29331
0.25451
0.24041
0.18637
0.31205
0.28493
0.30081
0.23726
0.26515
0.29251
0.24069
0.23300
0.26396
0.16939
0.29664
0.24587
0.32718
0.26811
0.29934
0.32947
0.25525
0.28590
0.31916
0.18338
0.20068
0.30041
0.23608
0.31045
0.31393
0.27680
0.32272
0.37795
0.28259
0.30101
0.27072
0.31172
0.24892
0.33970
0.28150
0.26786
0.32011
0.30674
0.30651
0.31445
0.36709
0.18896
0.27504
0.31864
0.24370
0.33440
0.31123
0.22762
0.25315
0.33804
0.22798
0.28148
0.30641
0.29359
0.26155
0.25145
0.27996
0.24184
0.26606
0.31831
0.28070
0.26475
0.30114
0.27619
0.31838
0.29753
0.26479
0.13794
0.27562
0.31735
0.35740
0.29392
0.29383
0.37181
0.38595
0.24937
0.16533
0.28255
0.39657
0.27852
0.14227
0.30550
0.33092
0.23672
0.21529
0.32919
0.22041
0.25889
0.23964
0.31268
0.35324
0.38328
0.29085
0.29343
0.28025
0.37810
0.28356
0.27376
0.28350
0.35261
0.27770
0.21488
0.32296
0.39999
0.23918
0.37041
0.37167
0.18610
0.28413
0.34842
0.31333
0.28902
0.25492
0.27707
0.21202
0.30178
0.28371
0.26957
0.31486
0.33641
0.26516
0.27636
0.24011
0.23252
0.24636
0.36624
0.19464
0.13733
0.34315
0.13486
0.19731
0.36770
0.17925
0.27411
0.20546
0.27413
0.21493
0.40292
0.19523
0.30681
0.37521
0.24232
0.24197
0.26099
0.23840
0.21501
0.32712
0.17558
0.36301
0.34459
0.22356
0.25046
0.23873
0.32927
0.26996
0.20029
0.35628
0.39843
0.31673
0.27114
0.32372
0.35164
0.21774
0.26861
0.28660
0.34728
0.20375
0.21462
0.22232
0.30904
0.27389
0.23578
0.27605
0.27590
0.35816
0.20194
0.27263
0.31834
0.29090
0.27557
0.23323
0.36996
0.26815
0.25965
0.26664
0.27537
0.26968
0.22677
0.28425
0.23500
0.33328
0.23989
0.20509
0.29762
0.27615
0.23771
0.27842
0.20957
0.23917
0.26603
0.15644
0.22699
0.21960
0.24529
0.27660
0.21917
0.23536
0.37124
0.23522
0.16105
0.21380
0.16755
0.32148
0.22656
0.19452
0.24257
0.21415
0.21549
0.20273
0.21986
0.21333
0.09618
0.23078
0.29829
0.19203
0.22595
0.28389
0.18110
0.31969
0.27523
0.15708
0.16926
0.15891
0.30347
0.22895
0.23780
0.16627
0.31995
0.14149
0.16192
0.13545
0.15734
0.27437
0.16727
0.25875
0.24486
0.27916
0.22574
0.29529
0.23952
0.16492
0.29277
0.19928
0.19271
0.26914
0.17110
0.25979
0.19914
0.19317
0.21144
0.18695
0.31388
0.24690
0.09727
0.16182
0.15232
0.24075
0.19470
0.24879
0.23705
0.22855
0.17285
0.20560
0.22803
0.30679
0.26799
0.25419
0.19808
0.16879
0.17573
0.26250
0.22980
0.19449
0.23740
0.31740
0.20229
0.30498
0.26348
0.25608
0.20076
0.22139
0.22670
0.16688
0.22488
0.17273
0.18317
0.20597
0.21411
0.28879
0.23887
0.19821
0.16269
0.15878
0.22910
0.24700
0.24057
0.16539
0.28190
0.32458
0.12052
0.22843
0.21552
0.14429
0.18959
0.22834
0.17537
0.14584
0.30020
0.29573
0.21356
0.18539
0.17191
0.22786
0.16603
0.27146
