0.14574
0.15714
0.16638
0.25595
0.17088
0.18403
0.27473
0.16984
0.22289
0.18208
0.23770
0.17381
0.23719
0.15988
0.13077
0.21923
0.16915
0.19265
0.15708
0.22778
0.29841
0.22745
0.19017
0.13638
0.24278
0.20666
0.18877
0.20698
0.17164
0.20173
0.18673
0.29020
0.20402
0.12908
0.20454
0.09540
0.17666
0.14949
0.25555
0.21931
0.30813
0.28381
0.21435
0.21716
0.30307
0.25220
0.16093
0.28567
0.24302
0.18197
0.14212
0.17629
0.19309
0.31228
0.13920
0.24577
0.26212
0.17623
0.21224
0.18890
0.29079
0.33100
0.23446
0.24197
0.26837
0.31405
0.14951
0.20721
0.18236
0.14808
0.17821
0.32638
0.34195
0.24517
0.25399
0.17060
0.21297
0.09865
0.22010
0.19268
0.33836
0.26434
0.36169
0.25442
0.27835
0.35504
0.15044
0.15685
0.19884
0.27721
0.33068
0.21815
0.15366
0.28012
0.13585
0.25526
0.23220
0.24370
0.19963
0.18011
0.13487
0.20314
0.18342
0.20538
0.26481
0.28836
0.22500
0.22586
0.22038
0.27432
0.12930
0.27046
0.18666
0.27282
0.18216
0.21513
0.26353
0.14084
0.16684
0.23163
0.26489
0.13376
0.31272
0.11686
0.15406
0.21416
0.28966
0.29322
0.20199
0.23837
0.12402
0.16929
0.30605
0.33204
0.13619
0.16091
0.16316
0.28733
0.27254
0.14968
0.24787
0.13639
0.30009
0.25614
0.23630
0.29594
0.16199
0.38174
0.22868
0.10798
0.23652
0.28043
0.13592
0.31375
0.30197
0.30169
0.15176
0.19460
0.22620
0.24995
0.30806
0.29322
0.29529
0.34018
0.10979
0.20563
0.29696
0.28529
0.13514
0.28471
0.14929
0.27146
0.21469
0.09520
0.20216
0.18616
0.18030
0.19474
0.22486
0.30315
0.15937
0.14933
0.24844
0.20443
0.15918
0.27212
0.23982
0.26948
0.25523
0.24979
0.21156
0.16353
0.10911
0.16566
0.25251
0.26239
0.24578
0.19078
0.17090
0.29208
0.22401
0.14812
0.23317
0.18192
0.11196
0.25429
0.16450
0.26650
0.29080
0.20787
0.24951
0.21651
0.21158
0.27604
0.25214
0.25486
0.17362
0.29210
0.23516
0.32965
0.21282
0.25222
0.15427
0.16180
0.16424
0.13136
0.20488
0.28510
0.23764
0.10545
0.25818
0.15660
0.28310
0.18162
0.13898
0.25048
0.16474
0.14502
0.15333
0.27436
0.17402
0.29344
0.18071
0.14944
0.23189
0.19764
0.17175
0.15339
0.19622
0.13900
0.16568
0.19581
0.15284
0.27600
0.18948
0.21935
0.21083
0.20458
0.19113
0.19178
0.20997
0.18719
0.22853
0.21722
0.16417
0.26658
0.29540
0.12331
0.21111
0.11033
0.16412
0.16939
0.16074
0.13573
0.36415
0.17173
0.13515
0.23867
0.21523
0.20334
0.21201
0.36758
0.16804
0.13794
0.29580
0.17625
0.21638
0.23390
0.23379
0.26773
0.14988
0.13220
0.24864
0.23533
0.20735
0.12776
0.20331
0.25102
0.23234
0.21266
0.32747
0.31434
0.26509
0.24039
0.14101
0.31488
0.32379
0.33851
0.14451
0.29716
0.14204
0.28747
0.23616
0.18942
0.18390
0.21454
0.17022
0.30940
0.27124
0.14335
0.16726
0.16514
0.29486
0.23821
0.27284
0.24156
0.24477
0.24634
0.19518
0.12755
0.31367
0.29121
0.34410
0.23237
0.31411
0.22640
0.24264
0.31149
0.26665
0.26650
0.15611
0.17944
0.21232
0.25413
0.12126
0.15981
0.21658
0.21143
0.24196
0.18811
0.22135
0.23324
0.28387
0.23791
0.25643
0.20013
0.30371
0.21436
0.19081
0.34174
0.13093
0.22149
0.19298
0.23571
0.20817
0.17948
0.26070
0.36062
0.20558
0.11406
0.23197
0.25776
0.14123
0.13034
0.15101
0.14945
0.16307
0.20710
0.20361
0.19682
0.27559
0.24977
0.22736
0.13459
0.21903
0.29487
0.22538
0.27290
0.35219
0.17570
0.28226
0.29829
0.30922
0.31430
0.27785
0.26686
0.33855
0.26935
0.23634
0.26934
0.22382
0.29754
0.20117
0.36050
0.31637
0.26134
0.27596
0.24925
0.27274
0.34620
0.29235
0.23535
0.31602
0.32849
0.23544
0.26694
0.32690
0.26541
0.22692
0.25495
0.31287
0.29848
0.27671
0.23114
0.34363
0.28576
0.25984
0.33812
0.17854
0.31079
0.34444
0.29252
0.32459
0.31454
0.31238
0.21310
0.31308
0.34702
0.22774
0.28063
0.32370
0.26053
0.28873
0.28986
0.18580
0.30766
0.25466
0.27075
0.30929
0.28586
0.28444
0.19298
0.29016
0.35442
0.13925
0.26781
0.23269
0.21489
0.18054
0.36598
0.29021
0.33955
0.16425
0.35553
0.27095
0.27574
0.36690
0.31747
0.29928
0.29585
0.24487
0.28008
0.18941
0.33901
0.29384
0.24571
0.14746
0.31381
0.22253
0.25231
0.28518
0.24551
0.33956
0.30592
0.19929
0.29642
0.31155
0.18841
0.20552
0.29646
0.18677
0.20189
0.15704
0.28429
0.33007
0.28143
0.27470
0.23695
0.29410
0.22573
0.28765
0.29005
0.28203
0.19755
0.28979
0.30406
0.22839
0.16616
0.35768
0.30815
0.22933
0.34201
0.32043
0.24320
0.36996
0.32076
0.23082
0.26892
0.21238
0.29433
0.30216
0.28731
0.27785
0.23558
0.15992
0.33151
0.22657
0.29215
0.22420
0.28950
0.32350
0.28675
0.19209
0.23089
0.27279
0.20450
0.28883
0.20191
0.23456
0.24232
0.23450
0.20658
0.30256
0.32083
0.32026
0.27291
0.21990
0.32834
0.21647
0.20160
0.23257
0.30496
0.31197
0.17623
0.18213
0.27938
0.26740
0.21155
0.15782
0.21097
0.27181
0.21986
0.25848
0.27015
0.31708
0.18252
0.24792
0.27416
0.30329
0.18070
0.29846
0.28104
0.24951
0.38174
0.17684
0.29392
0.23009
0.36355
0.30674
0.28315
0.26431
0.30394
0.29127
0.19058
0.30861
0.26657
0.28307
0.27010
0.25027
0.33835
0.22944
0.28700
0.23787
0.34745
0.21676
0.28427
0.21886
0.29972
0.28517
0.25641
0.22878
0.27453
0.23899
0.30704
0.20407
0.32057
0.24383
0.28530
0.29547
0.28715
0.25188
0.15583
0.24438
0.32610
0.33619
0.26926
0.29649
0.30393
0.26168
0.24613
0.22856
0.29000
0.27722
0.28931
0.24903
0.19161
0.29442
0.31365
0.24559
0.29161
0.22252
0.32983
0.30835
0.22875
0.22789
0.29689
0.26422
0.29827
0.28212
0.23799
0.35975
0.34542
0.13245
0.23204
0.31085
0.27661
0.28014
0.31034
0.34624
0.23252
0.20207
0.21803
0.26495
0.26912
0.34906
0.28611
0.28775
0.28182
0.22683
0.25261
0.28894
0.27807
0.15785
0.33476
0.22121
0.23876
0.34377
0.29644
0.26111
0.24118
0.26685
0.29410
0.35881
0.34404
0.24281
0.26149
0.20582
0.31959
0.31776
0.13637
0.29196
0.21176
0.24309
0.26461
0.23686
0.26418
0.23238
0.27488
0.22394
0.25090
0.23640
0.33321
0.26845
0.28117
0.20091
0.29947
0.24827
0.21068
0.20879
0.32751
0.27242
0.33607
0.26170
0.24410
0.31282
0.24076
0.24711
0.28299
0.18238
0.31889
0.23602
0.33763
0.27374
0.29599
0.34412
0.28960
0.26622
0.29402
0.15238
0.21142
0.30067
0.26066
0.31817
0.31140
0.29648
0.33740
0.38008
0.29939
0.33363
0.26473
0.30697
0.28811
0.35764
0.28944
0.27687
0.30703
0.32206
0.29650
0.32474
0.38523
0.23340
0.24728
0.32186
0.26127
0.32411
0.32546
0.22482
0.25991
0.34449
0.23056
0.29132
0.30233
0.28602
0.22216
0.26259
0.28871
0.26681
0.27256
0.33309
0.31051
0.27519
0.31028
0.28548
0.28615
0.26569
0.28476
0.16500
0.31495
0.32571
0.36068
0.31871
0.30503
0.40305
0.41244
0.29167
0.21217
0.30958
0.39359
0.28120
0.18452
0.29515
0.32726
0.25062
0.24431
0.33061
0.24715
0.26731
0.24891
0.32260
0.35332
0.42769
0.26238
0.30673
0.25266
0.38083
0.28548
0.30653
0.30762
0.32996
0.27491
0.19258
0.30989
0.44599
0.25452
0.40193
0.42616
0.22394
0.27752
0.32495
0.31021
0.32254
0.22892
0.28348
0.21850
0.29684
0.31440
0.30466
0.32986
0.37019
0.26473
0.27454
0.25865
0.23691
0.25838
0.40013
0.21905
0.12467
0.34923
0.14596
0.18528
0.41014
0.18654
0.24680
0.22046
0.26657
0.20999
0.47132
0.19151
0.33162
0.38568
0.23365
0.24356
0.26197
0.25092
0.20676
0.36981
0.18846
0.38384
0.35170
0.26324
0.25464
0.25477
0.35248
0.27255
0.20188
0.35125
0.41532
0.31757
0.32016
0.36447
0.37711
0.21316
0.28667
0.30258
0.39237
0.22038
0.23117
0.23260
0.34510
0.27847
0.24434
0.27895
0.33371
0.35923
0.23981
0.29961
0.33206
0.28571
0.29349
0.26900
0.37561
0.29412
0.28770
0.26741
0.30739
0.33906
0.26496
0.31189
0.24693
0.32703
0.25967
0.22484
0.30774
0.30428
0.23128
0.30871
0.20022
0.32721
0.21474
0.11644
0.21284
0.25072
0.21181
0.31203
0.17238
0.25807
0.35650
0.25155
0.18334
0.17798
0.12816
0.24125
0.26151
0.19023
0.29409
0.18570
0.23810
0.19644
0.25989
0.16906
0.22032
0.23114
0.30550
0.13589
0.25368
0.27388
0.16266
0.29842
0.23879
0.18100
0.09171
0.20876
0.29671
0.17102
0.23986
0.17259
0.31230
0.14113
0.20417
0.16347
0.11574
0.26641
0.18462
0.22909
0.20831
0.31952
0.20325
0.29587
0.25841
0.11888
0.27226
0.11208
0.08756
0.30120
0.20842
0.28184
0.16633
0.17025
0.22200
0.22465
0.26603
0.17931
0.10698
0.14168
0.16105
0.21925
0.12468
0.24452
0.20104
0.26333
0.21432
0.18711
0.28162
0.31638
0.18061
0.20235
0.21345
0.21352
0.13612
0.28579
0.17886
0.19126
0.25654
0.27563
0.20001
0.32745
0.26335
0.29117
0.22134
0.21517
0.18915
0.16518
0.20544
0.17612
0.22564
0.21656
0.25782
0.27082
0.28418
0.13685
0.12233
0.12152
0.23670
0.18392
0.29393
0.15128
0.28693
0.29268
0.14599
0.23529
0.23449
0.09473
0.15774
0.20824
0.15455
0.19893
0.24491
0.27560
0.18148
0.12947
0.12159
0.14776
0.20629
0.28121
