0.12019
0.12640
0.05717
0.20937
0.08737
0.14030
0.23276
0.13486
0.15490
0.06470
0.20638
0.16755
0.16166
0.10910
0.10134
0.24234
0.11359
0.16156
0.04381
0.14506
0.26531
0.14278
0.16879
0.06272
0.26296
0.14605
0.12451
0.25668
0.14927
0.20583
0.19554
0.26221
0.14553
0.12177
0.07536
0.09447
0.11981
0.07296
0.11882
0.15836
0.29034
0.26554
0.12514
0.13251
0.28476
0.24544
0.15535
0.25751
0.19994
0.15845
0.09382
0.13751
0.12471
0.28804
0.08989
0.21934
0.24458
0.14412
0.17990
0.08607
0.28210
0.26262
0.13371
0.24309
0.27378
0.30534
0.03174
0.15248
0.09435
0.05999
0.13256
0.30627
0.28813
0.19220
0.23795
0.10872
0.07714
0.07539
0.22850
0.15203
0.30348
0.20311
0.32629
0.25449
0.27212
0.35545
0.09314
0.11506
0.14177
0.30200
0.30822
0.17269
0.06438
0.24578
0.05871
0.17051
0.22941
0.22054
0.19749
0.15420
0.09298
0.21079
0.10808
0.12519
0.21473
0.29088
0.17369
0.17192
0.16462
0.27971
0.02431
0.28582
0.09073
0.21133
0.10353
0.16419
0.26757
0.06096
0.07913
0.18444
0.27425
0.07502
0.29622
0.04806
0.10759
0.15334
0.26361
0.26557
0.18431
0.25678
0.10103
0.16450
0.29049
0.33926
0.10266
0.11778
0.06152
0.27077
0.24882
0.08468
0.18852
0.04685
0.29347
0.17963
0.13102
0.20879
0.08429
0.32543
0.16665
0.09393
0.15441
0.26314
0.10949
0.32381
0.29417
0.32299
0.12050
0.18446
0.14272
0.23474
0.24308
0.26331
0.27444
0.31097
0.09652
0.13856
0.28626
0.28434
0.04542
0.21191
0.03617
0.23669
0.22728
0.04268
0.09471
0.24142
0.10715
0.08189
0.18824
0.27912
0.07616
0.09728
0.24884
0.19231
0.11280
0.18105
0.21052
0.27566
0.26494
0.17254
0.10906
0.06559
0.05323
0.15511
0.12412
0.21065
0.22078
0.15549
0.05965
0.27605
0.24017
0.11649
0.18013
0.14940
0.08886
0.20808
0.10658
0.24517
0.24432
0.11619
0.24556
0.24371
0.13447
0.23839
0.25541
0.24945
0.11220
0.25273
0.25096
0.32293
0.12315
0.20245
0.14328
0.07858
0.12090
0.06244
0.16333
0.16876
0.16994
0.11150
0.22304
0.08341
0.21376
0.13891
0.05072
0.29495
0.10755
0.04298
0.10656
0.28099
0.06828
0.28150
0.07668
0.10461
0.13220
0.21601
0.11621
0.06441
0.12694
0.09766
0.10880
0.10000
0.11855
0.25019
0.13723
0.16084
0.19838
0.07499
0.07058
0.12471
0.21381
0.18405
0.21415
0.17876
0.15038
0.24108
0.29871
0.09527
0.17965
0.10644
0.10219
0.12045
0.06921
0.05318
0.36574
0.15817
0.08610
0.17433
0.17943
0.08080
0.15321
0.32926
0.13790
0.07541
0.29080
0.12712
0.20627
0.17454
0.20250
0.14484
0.10431
0.10782
0.21231
0.21147
0.23290
0.10026
0.15820
0.15263
0.18788
0.13649
0.33098
0.24439
0.26933
0.18559
0.09594
0.30800
0.29970
0.32971
0.04325
0.27489
0.15612
0.27471
0.13700
0.12491
0.12643
0.12113
0.11278
0.18351
0.22671
0.10874
0.11531
0.03645
0.29063
0.16982
0.28432
0.18562
0.22537
0.23846
0.18028
0.06183
0.27899
0.23513
0.35770
0.27319
0.30724
0.22616
0.23496
0.29224
0.25644
0.27165
0.07796
0.09177
0.15176
0.24037
0.09263
0.07574
0.21934
0.14064
0.21652
0.10091
0.18789
0.10196
0.27221
0.27566
0.23114
0.21153
0.30931
0.14003
0.12826
0.31456
0.10221
0.24123
0.03738
0.07772
0.17653
0.06953
0.26105
0.30604
0.08291
0.06892
0.12591
0.24786
0.10038
0.06271
0.11900
0.07977
0.05247
0.10432
0.21301
0.07450
0.28311
0.20723
0.19762
0.07957
0.19771
0.29870
0.18637
0.26661
0.34663
0.18353
0.28415
0.29850
0.29134
0.29594
0.28543
0.24534
0.34967
0.24320
0.20596
0.22374
0.22357
0.29389
0.17974
0.36022
0.32972
0.24878
0.26389
0.23581
0.23381
0.32356
0.29458
0.21978
0.30948
0.33852
0.19815
0.24638
0.30823
0.26928
0.25241
0.26354
0.26732
0.31278
0.22289
0.22690
0.34330
0.23428
0.21137
0.31331
0.15501
0.29886
0.34774
0.28768
0.28509
0.28565
0.26342
0.22751
0.26336
0.33485
0.21289
0.27840
0.31456
0.22596
0.26400
0.27292
0.18288
0.28387
0.24908
0.28166
0.31372
0.29963
0.24432
0.18335
0.27154
0.34294
0.12795
0.27686
0.19582
0.17411
0.17245
0.35030
0.29854
0.31659
0.15139
0.34943
0.26632
0.26053
0.35805
0.31157
0.27034
0.28690
0.20861
0.26203
0.17297
0.35060
0.28390
0.24393
0.17324
0.32460
0.18984
0.26064
0.29155
0.25989
0.34941
0.32304
0.20836
0.31432
0.30814
0.14463
0.18212
0.26492
0.17518
0.18269
0.13696
0.30015
0.34028
0.24305
0.24166
0.24320
0.27743
0.20676
0.29151
0.23337
0.27679
0.19413
0.28762
0.27583
0.21720
0.17411
0.33646
0.28420
0.17417
0.27136
0.31346
0.26564
0.32913
0.30964
0.21027
0.27579
0.22203
0.28920
0.30110
0.25944
0.25518
0.22606
0.13763
0.29411
0.21806
0.26064
0.20472
0.26773
0.30805
0.29540
0.20672
0.22325
0.28880
0.20481
0.27820
0.18331
0.19054
0.19949
0.20961
0.19056
0.29937
0.31738
0.32539
0.22927
0.17608
0.32436
0.17004
0.19195
0.17526
0.30668
0.29127
0.16436
0.17013
0.25518
0.25973
0.18314
0.13384
0.21731
0.26463
0.19655
0.22314
0.23972
0.30082
0.16162
0.21596
0.27650
0.27997
0.18535
0.27750
0.24796
0.24650
0.36381
0.17725
0.27792
0.22191
0.35097
0.31252
0.23812
0.27181
0.29262
0.26794
0.16850
0.29126
0.27572
0.26240
0.28746
0.26092
0.33667
0.21614
0.28366
0.22250
0.33174
0.23166
0.27247
0.22345
0.24353
0.27964
0.23530
0.21973
0.23956
0.22801
0.31353
0.19514
0.31615
0.22449
0.23795
0.28208
0.29128
0.27353
0.13366
0.20621
0.33042
0.32588
0.24581
0.27534
0.27662
0.26768
0.23561
0.21776
0.30113
0.28280
0.25924
0.23506
0.16763
0.28246
0.31899
0.25584
0.27006
0.19898
0.33333
0.25700
0.19263
0.16886
0.27972
0.28985
0.26689
0.24832
0.23792
0.34478
0.35054
0.13438
0.23224
0.31633
0.23990
0.25206
0.27600
0.33683
0.22965
0.17055
0.15656
0.22918
0.27237
0.35594
0.27049
0.27079
0.27137
0.21864
0.27818
0.30723
0.27754
0.15673
0.33935
0.19833
0.21144
0.33913
0.29585
0.24371
0.20232
0.23194
0.29039
0.33639
0.34138
0.24887
0.29089
0.18638
0.30311
0.30350
0.10657
0.26071
0.20768
0.21710
0.25862
0.21490
0.25581
0.25072
0.25792
0.19904
0.21373
0.20857
0.33708
0.26428
0.25121
0.18120
0.30129
0.25273
0.23706
0.18601
0.32572
0.27346
0.30524
0.24084
0.22771
0.25939
0.25464
0.23613
0.26763
0.15932
0.30374
0.26387
0.32885
0.27569
0.30883
0.34695
0.27055
0.23313
0.28630
0.14180
0.19121
0.25034
0.19977
0.28255
0.31550
0.26674
0.32641
0.37738
0.31600
0.31757
0.26105
0.30640
0.27680
0.35873
0.22550
0.27021
0.32429
0.31858
0.29349
0.32599
0.38282
0.22150
0.23746
0.29587
0.21158
0.31989
0.31036
0.22470
0.25513
0.33376
0.23273
0.23703
0.30774
0.26499
0.22711
0.20495
0.25106
0.29888
0.28381
0.28545
0.28302
0.25333
0.29475
0.27370
0.29981
0.26433
0.26800
0.12608
0.30897
0.32045
0.35083
0.31398
0.31763
0.39653
0.41915
0.26403
0.20843
0.29465
0.37026
0.28209
0.18943
0.31401
0.33901
0.22594
0.23052
0.32879
0.22364
0.27992
0.23982
0.35127
0.36131
0.40577
0.31363
0.31309
0.30479
0.37552
0.29421
0.27181
0.28443
0.33240
0.28506
0.17262
0.31463
0.45154
0.24229
0.40885
0.40523
0.20863
0.29422
0.36392
0.30736
0.29693
0.24304
0.29004
0.21552
0.29627
0.28700
0.31545
0.30826
0.36819
0.28505
0.28721
0.25809
0.17884
0.24371
0.41350
0.24253
0.12577
0.31345
0.14478
0.18186
0.40917
0.15940
0.26947
0.21647
0.28448
0.22248
0.41863
0.20560
0.35024
0.37709
0.24517
0.22378
0.25119
0.25370
0.22065
0.36776
0.19171
0.33666
0.34340
0.26725
0.25912
0.22053
0.32239
0.24737
0.23428
0.34527
0.40642
0.32072
0.30233
0.37558
0.36554
0.21782
0.30193
0.28562
0.37923
0.22236
0.24489
0.21295
0.36087
0.28433
0.26475
0.25573
0.33308
0.36605
0.25720
0.30975
0.34066
0.30304
0.30692
0.24562
0.35677
0.30284
0.27666
0.29555
0.29828
0.35149
0.26007
0.29855
0.24490
0.32754
0.24432
0.23898
0.33534
0.27416
0.24846
0.29533
0.24217
0.29586
0.23091
0.06050
0.13575
0.24005
0.26019
0.28112
0.21470
0.26588
0.33974
0.24032
0.08158
0.18964
0.05177
0.26306
0.24970
0.17075
0.26144
0.07388
0.13704
0.20277
0.24863
0.08654
0.11681
0.20134
0.28596
0.17534
0.21299
0.27720
0.06828
0.33219
0.22779
0.02902
0.07381
0.10994
0.29436
0.10557
0.22713
0.21903
0.26841
0.05076
0.08199
0.10296
0.05520
0.30988
0.12520
0.16959
0.16583
0.28701
0.14411
0.26472
0.21206
0.07452
0.29666
0.06656
0.06582
0.28868
0.19320
0.23374
0.06646
0.10258
0.22954
0.19089
0.28966
0.25317
0.03670
0.03233
0.16198
0.21766
0.20758
0.22227
0.11026
0.20589
0.19527
0.16823
0.27405
0.26557
0.09050
0.11485
0.20571
0.05364
0.05182
0.27481
0.16561
0.19830
0.24699
0.30724
0.19827
0.34598
0.26115
0.25796
0.15379
0.21433
0.18943
0.02541
0.25015
0.07420
0.05806
0.22247
0.21411
0.29059
0.25338
0.10298
0.12044
0.14326
0.20608
0.24640
0.29466
0.13720
0.25676
0.27956
0.20666
0.20603
0.16617
0.03636
0.08552
0.19112
0.10687
0.09797
0.23483
0.23512
0.15973
0.07190
0.02442
0.14457
0.08000
0.29781
