0.10664
0.10487
0.04878
0.25149
0.05995
0.15316
0.22851
0.14007
0.16775
0.04975
0.18176
0.14782
0.15457
0.12597
0.13689
0.23294
0.14994
0.15188
0.05604
0.14855
0.30157
0.08312
0.14383
0.03854
0.24236
0.11737
0.11411
0.25719
0.06195
0.16790
0.12633
0.26662
0.13796
0.09775
0.06752
0.09842
0.13064
0.09904
0.11328
0.12350
0.30313
0.25261
0.10669
0.12221
0.30553
0.24599
0.18214
0.26813
0.18355
0.13010
0.09189
0.11053
0.13084
0.26375
0.09718
0.22999
0.23079
0.10519
0.13032
0.06884
0.28258
0.28293
0.10819
0.20095
0.28502
0.31097
0.03615
0.15664
0.08383
0.03650
0.12224
0.29759
0.31016
0.19373
0.26343
0.08529
0.06498
0.03973
0.23785
0.14974
0.31028
0.19873
0.34702
0.27868
0.27440
0.36125
0.11023
0.10046
0.10640
0.26056
0.32259
0.15750
0.05865
0.26376
0.05941
0.16908
0.18153
0.21047
0.20633
0.14070
0.09826
0.16400
0.11185
0.13542
0.22146
0.31257
0.11206
0.15827
0.17574
0.28557
0.01817
0.26896
0.08379
0.25989
0.10534
0.15016
0.26752
0.04767
0.08274
0.14442
0.20784
0.05193
0.28972
0.02758
0.09478
0.15718
0.24878
0.26728
0.18885
0.24309
0.06918
0.10515
0.31073
0.33278
0.11111
0.14006
0.05994
0.28921
0.25778
0.04458
0.18071
0.04340
0.30609
0.14615
0.12801
0.30401
0.08737
0.36287
0.15167
0.09327
0.14582
0.24390
0.10965
0.31948
0.32535
0.33654
0.08205
0.13679
0.14820
0.21341
0.26896
0.27276
0.26333
0.33132
0.09495
0.08454
0.30178
0.26809
0.03368
0.27580
0.03223
0.26337
0.22230
0.03977
0.09810
0.19874
0.07227
0.06985
0.17977
0.27165
0.07502
0.10703
0.23307
0.14368
0.11606
0.11944
0.19683
0.24857
0.27332
0.20495
0.12211
0.05769
0.04335
0.14121
0.11397
0.22490
0.18461
0.17395
0.09469
0.28602
0.19094
0.06538
0.17317
0.12665
0.03675
0.19553
0.07926
0.18223
0.24008
0.13585
0.27714
0.22382
0.07128
0.27497
0.26018
0.26164
0.12487
0.21895
0.21357
0.36086
0.12268
0.15830
0.06570
0.04730
0.05310
0.03253
0.16376
0.17540
0.12775
0.06497
0.28476
0.09367
0.26395
0.11526
0.02393
0.27415
0.10966
0.03594
0.11472
0.25764
0.06121
0.29917
0.08386
0.12373
0.14789
0.22270
0.12261
0.04481
0.14264
0.11072
0.09587
0.08954
0.10940
0.26936
0.13251
0.14143
0.20879
0.05548
0.05178
0.12942
0.21158
0.16629
0.21550
0.13312
0.16398
0.23806
0.26932
0.09456
0.16778
0.06636
0.11462
0.11977
0.05056
0.04691
0.37549
0.14025
0.05805
0.22988
0.17474
0.07083
0.13754
0.34301
0.10689
0.10817
0.30129
0.11616
0.22174
0.19178
0.16429
0.14608
0.07559
0.05536
0.21084
0.19827
0.16730
0.09026
0.12625
0.14201
0.18229
0.12980
0.34653
0.30528
0.24228
0.14658
0.13557
0.30742
0.32124
0.33332
0.03554
0.27812
0.11595
0.29151
0.13532
0.07865
0.13359
0.11353
0.11496
0.16592
0.23337
0.05842
0.07480
0.12307
0.26707
0.15931
0.26676
0.16681
0.24159
0.22057
0.15091
0.06495
0.24793
0.27647
0.37509
0.26084
0.31192
0.22704
0.22798
0.29836
0.28844
0.27209
0.05286
0.07589
0.10361
0.22669
0.03343
0.06990
0.23294
0.13051
0.19440
0.09634
0.14616
0.10987
0.27408
0.28833
0.26760
0.19011
0.33625
0.11622
0.12800
0.34189
0.05305
0.20243
0.06198
0.09700
0.16357
0.04184
0.25867
0.34106
0.06419
0.07554
0.13491
0.25723
0.11151
0.03179
0.07337
0.05145
0.04280
0.09027
0.20449
0.05888
0.27690
0.14014
0.16710
0.06035
0.16889
0.30137
0.18576
0.25150
0.35238
0.15104
0.27761
0.30641
0.27723
0.30676
0.28822
0.24854
0.34947
0.23031
0.23730
0.22775
0.24143
0.28202
0.17862
0.36297
0.32534
0.26295
0.23319
0.24849
0.24959
0.33714
0.27061
0.23303
0.31053
0.33425
0.21267
0.23655
0.31808
0.27428
0.25510
0.25523
0.27187
0.30983
0.23951
0.22434
0.34949
0.23646
0.21935
0.30586
0.16756
0.30800
0.35001
0.30274
0.29272
0.29629
0.26314
0.26259
0.26472
0.32835
0.21427
0.27479
0.32216
0.25447
0.26415
0.29059
0.18473
0.30253
0.26165
0.27999
0.31633
0.29487
0.25664
0.18338
0.28322
0.35892
0.14235
0.28301
0.22021
0.16536
0.20469
0.35692
0.30254
0.32435
0.15902
0.35083
0.27153
0.29018
0.36878
0.31333
0.27702
0.28778
0.23475
0.28366
0.18064
0.34676
0.27015
0.24307
0.18483
0.33339
0.17817
0.27085
0.30284
0.25755
0.34773
0.31886
0.22901
0.31318
0.30543
0.18948
0.16052
0.27741
0.19788
0.21003
0.13376
0.28959
0.34137
0.26255
0.25899
0.24683
0.28659
0.23387
0.29181
0.25620
0.26532
0.18891
0.27961
0.26804
0.23959
0.18270
0.33359
0.29062
0.16833
0.26361
0.31390
0.25935
0.34949
0.31339
0.23398
0.27630
0.20994
0.29194
0.30951
0.27481
0.23542
0.21833
0.15830
0.30013
0.23961
0.28165
0.22898
0.25504
0.30519
0.28862
0.20939
0.22880
0.28287
0.20621
0.28254
0.18503
0.20387
0.20592
0.23328
0.20470
0.31215
0.31821
0.32406
0.21276
0.19633
0.32245
0.17666
0.21437
0.21069
0.31254
0.30749
0.17359
0.17183
0.26128
0.27282
0.20097
0.13955
0.22716
0.26267
0.20039
0.23046
0.24945
0.30297
0.18087
0.22907
0.27273
0.28665
0.19215
0.28015
0.25514
0.24747
0.36876
0.19280
0.26529
0.23571
0.35633
0.31302
0.24407
0.27910
0.28467
0.25778
0.17171
0.28879
0.26792
0.24039
0.28443
0.26822
0.33937
0.26449
0.28739
0.21293
0.33992
0.23835
0.27570
0.21849
0.24484
0.26960
0.25389
0.22214
0.21577
0.22826
0.30685
0.20599
0.31026
0.24591
0.24978
0.28116
0.29041
0.28969
0.13263
0.20715
0.32566
0.32407
0.25093
0.25728
0.28260
0.27580
0.22553
0.20653
0.30547
0.29550
0.24519
0.23975
0.17362
0.28425
0.31803
0.26866
0.23449
0.21400
0.32608
0.27344
0.18201
0.14018
0.28709
0.29856
0.27118
0.27199
0.23797
0.34618
0.34606
0.15310
0.22296
0.32034
0.24751
0.26165
0.30487
0.33669
0.23197
0.18644
0.19900
0.25032
0.26814
0.35845
0.29043
0.28520
0.26920
0.24122
0.27695
0.29673
0.28226
0.17428
0.33005
0.20391
0.24066
0.33411
0.29644
0.24546
0.25823
0.25489
0.29765
0.31919
0.33972
0.25042
0.27718
0.21122
0.29666
0.30082
0.12062
0.25062
0.19118
0.24655
0.27482
0.24194
0.27198
0.24533
0.25767
0.25547
0.22720
0.24998
0.34348
0.27627
0.24880
0.17891
0.29975
0.24643
0.24356
0.18817
0.33187
0.28932
0.31874
0.24862
0.25239
0.28257
0.27401
0.23204
0.26170
0.15250
0.31632
0.27526
0.33130
0.27871
0.30948
0.34742
0.27766
0.23980
0.28243
0.15723
0.19626
0.27470
0.21504
0.29033
0.31114
0.25838
0.31079
0.37789
0.31711
0.32192
0.26818
0.31069
0.29114
0.35728
0.24958
0.28034
0.31465
0.31526
0.27483
0.32038
0.37976
0.22712
0.24115
0.32581
0.20850
0.32579
0.31903
0.24457
0.22577
0.33429
0.22733
0.25476
0.31133
0.26168
0.24539
0.23963
0.23687
0.25739
0.28436
0.30146
0.28421
0.24503
0.27674
0.26905
0.28336
0.25935
0.26191
0.11079
0.31611
0.33362
0.36524
0.29075
0.32105
0.39151
0.40807
0.25994
0.18830
0.28891
0.37855
0.29296
0.21501
0.29694
0.33975
0.24186
0.21891
0.32655
0.19987
0.28035
0.23448
0.32569
0.35699
0.40203
0.31384
0.29973
0.26721
0.37580
0.29630
0.29916
0.24992
0.32601
0.26980
0.17223
0.33032
0.45001
0.23141
0.39360
0.41488
0.21416
0.28642
0.34737
0.31885
0.29533
0.25920
0.25594
0.19238
0.28992
0.26354
0.28995
0.31379
0.35320
0.26178
0.27657
0.25431
0.21382
0.22187
0.38927
0.24910
0.13733
0.31088
0.20701
0.16861
0.40273
0.18588
0.27106
0.21835
0.25695
0.25260
0.42756
0.20721
0.32747
0.40699
0.24282
0.23626
0.25568
0.26621
0.21225
0.35994
0.20463
0.35149
0.35054
0.23439
0.26422
0.21047
0.34858
0.25513
0.22909
0.34991
0.41652
0.29631
0.29232
0.36108
0.34719
0.20142
0.25737
0.30132
0.39254
0.20861
0.24290
0.25749
0.34838
0.25883
0.26068
0.26408
0.31946
0.35742
0.21946
0.27748
0.31880
0.30186
0.29880
0.21894
0.38621
0.27652
0.27174
0.26203
0.29879
0.32723
0.25514
0.29039
0.24191
0.32678
0.24152
0.24277
0.32237
0.26570
0.21503
0.28308
0.19986
0.34198
0.19254
0.06273
0.20033
0.18895
0.23325
0.30088
0.19923
0.25711
0.34893
0.22428
0.05138
0.13266
0.03684
0.29836
0.25943
0.16390
0.30633
0.06485
0.05545
0.15098
0.21100
0.09199
0.13155
0.19115
0.27655
0.21869
0.21672
0.27938
0.05808
0.29153
0.27123
0.07612
0.04970
0.14107
0.27217
0.11859
0.20465
0.21814
0.31358
0.07756
0.07323
0.06944
0.07037
0.29220
0.12877
0.09713
0.18351
0.30711
0.11038
0.31449
0.22624
0.05331
0.28721
0.07422
0.10886
0.27351
0.17993
0.19928
0.05776
0.02138
0.22460
0.21021
0.26128
0.26941
0.04176
0.07509
0.18548
0.21607
0.10341
0.16669
0.16956
0.27173
0.15726
0.11726
0.24554
0.28324
0.07733
0.11942
0.15773
0.05553
0.03549
0.21976
0.14818
0.19795
0.23952
0.29400
0.20540
0.33559
0.26756
0.24739
0.17159
0.22382
0.23313
0.03289
0.26451
0.09252
0.03649
0.23577
0.28145
0.30355
0.25574
0.03487
0.08367
0.14483
0.24255
0.20748
0.29482
0.09160
0.21105
0.31444
0.15338
0.21264
0.07350
0.04583
0.01687
0.15777
0.08480
0.05122
0.27115
0.26718
0.09445
0.11228
0.06005
0.09625
0.11415
0.29669
