0.07944
0.10659
0.05188
0.25792
0.10054
0.11861
0.21780
0.16268
0.11513
0.05826
0.19066
0.12950
0.13732
0.13234
0.09856
0.22038
0.16654
0.12062
0.09658
0.14715
0.30916
0.09225
0.13165
0.04648
0.24125
0.13440
0.16760
0.25642
0.06659
0.19500
0.12331
0.21831
0.15949
0.10877
0.06393
0.10074
0.12205
0.07762
0.08331
0.15668
0.31769
0.29716
0.07842
0.14860
0.28404
0.18965
0.15340
0.24498
0.17930
0.14253
0.09307
0.14090
0.16166
0.24907
0.09605
0.23138
0.21593
0.11806
0.16082
0.04517
0.18379
0.30146
0.10953
0.19299
0.25668
0.28977
0.04969
0.16987
0.09569
0.03640
0.13889
0.30158
0.30347
0.22925
0.21197
0.09406
0.07583
0.04030
0.17350
0.18950
0.30544
0.19172
0.36544
0.27640
0.24933
0.33795
0.10678
0.10170
0.10853
0.19370
0.30774
0.16863
0.06942
0.20456
0.05414
0.13820
0.19466
0.22524
0.21700
0.15224
0.10201
0.18216
0.12620
0.13849
0.21071
0.28677
0.12026
0.16624
0.20279
0.28010
0.01879
0.26583
0.04681
0.26505
0.12540
0.14615
0.27878
0.06816
0.05562
0.18999
0.18457
0.06960
0.29147
0.02194
0.08663
0.13434
0.27578
0.28129
0.15804
0.26745
0.03963
0.14001
0.28287
0.33758
0.12351
0.15247
0.02699
0.28314
0.23996
0.03160
0.15587
0.02710
0.28758
0.17966
0.14239
0.30093
0.13784
0.36665
0.16108
0.10042
0.16636
0.26353
0.12786
0.31958
0.30586
0.32335
0.11537
0.14902
0.14210
0.19378
0.22922
0.22176
0.26622
0.31137
0.10192
0.06893
0.27223
0.24304
0.07053
0.24140
0.09071
0.22249
0.22487
0.03624
0.09824
0.21500
0.06934
0.07594
0.15489
0.22433
0.06898
0.10852
0.15605
0.15599
0.04961
0.14717
0.22903
0.25552
0.22030
0.17821
0.15034
0.05617
0.03302
0.11162
0.13577
0.23591
0.23292
0.15025
0.06954
0.24608
0.21062
0.05993
0.16115
0.15875
0.07108
0.21895
0.08273
0.18447
0.24481
0.10335
0.23963
0.25665
0.10369
0.22650
0.22581
0.22926
0.12415
0.25799
0.22404
0.34736
0.07753
0.17974
0.11113
0.04624
0.05326
0.04236
0.14252
0.17749
0.12053
0.05250
0.21080
0.10421
0.26642
0.13494
0.07322
0.22952
0.11306
0.03262
0.14489
0.24343
0.04057
0.28098
0.08467
0.10914
0.17001
0.16991
0.11420
0.02850
0.12547
0.11843
0.10891
0.09321
0.08750
0.21774
0.13089
0.17901
0.17997
0.04279
0.03206
0.14445
0.17519
0.13163
0.20315
0.17122
0.10341
0.23458
0.28685
0.09080
0.14771
0.04655
0.04794
0.13041
0.05238
0.03353
0.34899
0.15542
0.04106
0.17505
0.15186
0.03828
0.15581
0.30334
0.11657
0.05946
0.30432
0.12903
0.20957
0.14864
0.19043
0.14565
0.06768
0.04873
0.20536
0.19023
0.14379
0.09475
0.17767
0.13977
0.14898
0.13578
0.35306
0.27091
0.28156
0.13587
0.10047
0.30478
0.31998
0.33821
0.04600
0.24738
0.10528
0.26278
0.17222
0.08725
0.14197
0.10127
0.11262
0.21112
0.22759
0.06554
0.07840
0.04089
0.24538
0.14866
0.23044
0.13688
0.23118
0.21638
0.11020
0.08235
0.26537
0.26108
0.33938
0.27068
0.27278
0.23256
0.23546
0.32264
0.26933
0.22160
0.05867
0.06372
0.11640
0.24846
0.03888
0.04185
0.19129
0.12344
0.23496
0.08061
0.17854
0.16087
0.24746
0.21399
0.22670
0.16345
0.29147
0.11693
0.20438
0.29038
0.02903
0.23378
0.05248
0.07962
0.22541
0.07815
0.24086
0.30602
0.10745
0.03087
0.14141
0.26464
0.12376
0.05656
0.11563
0.03881
0.09005
0.07703
0.18940
0.04719
0.27990
0.12435
0.16968
0.07140
0.19073
0.29794
0.20807
0.26143
0.35352
0.19089
0.29869
0.30131
0.28560
0.29577
0.29347
0.24559
0.35388
0.25606
0.25307
0.24340
0.23004
0.28362
0.21531
0.38073
0.33051
0.25238
0.23082
0.26999
0.26314
0.34915
0.28565
0.22332
0.31349
0.33960
0.20378
0.24662
0.34064
0.29135
0.25135
0.25658
0.27809
0.32424
0.24042
0.19291
0.34867
0.24304
0.21463
0.31777
0.19326
0.31130
0.35198
0.29074
0.29562
0.29123
0.28598
0.26034
0.26249
0.33975
0.18960
0.25080
0.32460
0.23163
0.26540
0.31638
0.21514
0.29315
0.26012
0.28927
0.31937
0.29365
0.25226
0.20186
0.29399
0.37131
0.15921
0.28621
0.18725
0.16304
0.21017
0.35936
0.29217
0.31902
0.16988
0.36222
0.26632
0.27654
0.36713
0.31396
0.26252
0.29532
0.23872
0.27671
0.17611
0.36573
0.28273
0.22431
0.17495
0.32380
0.20987
0.26207
0.30317
0.27415
0.35158
0.31750
0.22143
0.32186
0.31927
0.15519
0.15506
0.28268
0.18219
0.21288
0.15333
0.28155
0.32993
0.26997
0.24738
0.24994
0.29516
0.22951
0.28603
0.27669
0.27402
0.18309
0.28988
0.25449
0.22104
0.17821
0.34347
0.29294
0.17219
0.32263
0.33290
0.25107
0.34440
0.32155
0.25582
0.27387
0.21762
0.30449
0.30300
0.28203
0.26861
0.22973
0.17389
0.31211
0.24070
0.27440
0.23467
0.24648
0.29799
0.29744
0.21527
0.20796
0.29014
0.22431
0.27169
0.21988
0.23908
0.24368
0.23750
0.20232
0.30184
0.33046
0.32895
0.22594
0.19787
0.33709
0.21706
0.19750
0.18413
0.30797
0.29762
0.16408
0.18985
0.28637
0.26881
0.20860
0.17690
0.22087
0.26565
0.22311
0.24555
0.22992
0.30259
0.18154
0.23068
0.27115
0.27989
0.20900
0.27598
0.26618
0.24097
0.35754
0.19974
0.29262
0.23076
0.35933
0.32084
0.24546
0.27137
0.29270
0.26017
0.20827
0.31095
0.29276
0.26892
0.29684
0.27166
0.34179
0.24821
0.29513
0.22676
0.34187
0.21218
0.26966
0.22830
0.23389
0.27572
0.27571
0.19363
0.25666
0.26034
0.31358
0.22332
0.30605
0.24594
0.26101
0.29177
0.29416
0.30469
0.15164
0.20713
0.33038
0.33108
0.25187
0.25560
0.28382
0.26666
0.24112
0.19354
0.31371
0.29525
0.26907
0.25203
0.20906
0.29092
0.31769
0.26378
0.25408
0.20539
0.33199
0.26601
0.16214
0.21137
0.29867
0.30445
0.26167
0.24460
0.25717
0.35481
0.35640
0.16234
0.24497
0.32429
0.27056
0.25701
0.30710
0.34251
0.22355
0.20567
0.17659
0.23551
0.28226
0.36647
0.30243
0.29166
0.28725
0.24332
0.26896
0.29736
0.28450
0.19410
0.34414
0.20933
0.23929
0.34838
0.30105
0.25593
0.24408
0.22893
0.30627
0.32550
0.34471
0.24341
0.28039
0.21552
0.29254
0.32934
0.12715
0.25200
0.22108
0.22835
0.26932
0.22667
0.25737
0.25940
0.24922
0.24044
0.21556
0.25001
0.34551
0.26550
0.25762
0.18403
0.30780
0.24549
0.24639
0.19924
0.34527
0.30658
0.32459
0.26888
0.24665
0.29733
0.26615
0.23313
0.27362
0.20087
0.34113
0.27626
0.34194
0.28273
0.30697
0.35490
0.27401
0.24310
0.28584
0.18364
0.17452
0.26195
0.20042
0.29848
0.32391
0.27463
0.31715
0.38990
0.31514
0.33775
0.27179
0.32147
0.27829
0.36094
0.24098
0.27865
0.33143
0.32312
0.28637
0.33487
0.39093
0.24097
0.24907
0.34582
0.24667
0.32999
0.31660
0.25361
0.24216
0.34550
0.23095
0.25586
0.31566
0.27290
0.21843
0.22958
0.26489
0.29571
0.28884
0.30968
0.29023
0.24434
0.29425
0.26680
0.29114
0.27743
0.26469
0.16348
0.33446
0.30197
0.34488
0.24536
0.30245
0.36039
0.35875
0.25144
0.18594
0.27181
0.37315
0.29001
0.23663
0.27564
0.34263
0.26467
0.21502
0.32318
0.20894
0.28450
0.19853
0.31764
0.35881
0.40535
0.32409
0.30644
0.29105
0.37220
0.28606
0.30206
0.29339
0.36331
0.26978
0.19885
0.31914
0.43286
0.25818
0.38684
0.36416
0.23202
0.28828
0.35144
0.26234
0.29195
0.19698
0.28972
0.21612
0.27534
0.27726
0.29127
0.31351
0.34697
0.28357
0.27128
0.26427
0.19491
0.25970
0.36692
0.25017
0.14378
0.34844
0.20259
0.20364
0.38688
0.18149
0.23211
0.22697
0.28209
0.24744
0.44340
0.21679
0.31741
0.37945
0.23180
0.25860
0.24620
0.25225
0.24352
0.33676
0.19079
0.37036
0.35753
0.23245
0.24731
0.21255
0.34751
0.26836
0.22874
0.35330
0.41031
0.32120
0.27000
0.33499
0.33647
0.19236
0.27700
0.27091
0.39483
0.20099
0.25386
0.24208
0.34708
0.26027
0.25380
0.23599
0.33911
0.36261
0.24999
0.27420
0.30095
0.30550
0.29007
0.25271
0.37394
0.27974
0.29898
0.25183
0.31732
0.31905
0.24550
0.31516
0.24698
0.32857
0.26168
0.23299
0.29399
0.26886
0.22424
0.27209
0.19448
0.29854
0.22605
0.05657
0.15986
0.22031
0.25774
0.30202
0.20474
0.24319
0.35115
0.20665
0.03545
0.15704
0.07750
0.25631
0.24572
0.19961
0.26612
0.07512
0.13045
0.18556
0.13605
0.08087
0.11761
0.22091
0.29183
0.21402
0.22947
0.24973
0.08595
0.31080
0.24936
0.06326
0.03321
0.15175
0.30389
0.09870
0.21184
0.23037
0.28534
0.06864
0.02995
0.07949
0.07166
0.27934
0.09757
0.13205
0.23451
0.28727
0.11307
0.29276
0.22027
0.04802
0.25689
0.06185
0.05925
0.30410
0.19696
0.26239
0.04802
0.06599
0.22060
0.20462
0.27022
0.23757
0.02426
0.06931
0.19286
0.21239
0.10973
0.13266
0.08684
0.29298
0.11531
0.05519
0.26106
0.28366
0.07759
0.20971
0.12252
0.02867
0.04183
0.24213
0.10444
0.19857
0.24510
0.26244
0.20001
0.30307
0.23374
0.26869
0.20153
0.21979
0.17897
0.03181
0.25006
0.08559
0.05478
0.21754
0.23385
0.25867
0.15312
0.04768
0.03014
0.09557
0.17145
0.22468
0.30531
0.06797
0.16308
0.28303
0.16708
0.24414
0.09944
0.03177
0.02957
0.14793
0.04351
0.04288
0.17483
0.24207
0.09602
0.10317
0.03302
0.08407
0.09554
0.25901
