0.14110
0.10720
0.05309
0.23920
0.10710
0.12523
0.26721
0.14714
0.19792
0.06616
0.18079
0.12028
0.15169
0.11190
0.16693
0.22669
0.14005
0.18089
0.12118
0.12778
0.30008
0.12420
0.17504
0.05551
0.22608
0.17495
0.10625
0.22444
0.07356
0.15594
0.20102
0.24579
0.13783
0.11674
0.09772
0.10248
0.13850
0.12061
0.06107
0.16370
0.27579
0.26045
0.09910
0.11427
0.27384
0.22686
0.15487
0.23628
0.19802
0.15491
0.08999
0.15114
0.12722
0.30181
0.09293
0.23611
0.20064
0.12005
0.10899
0.07958
0.27666
0.28545
0.16048
0.25205
0.27549
0.32040
0.05745
0.18061
0.10681
0.03371
0.11013
0.32533
0.29733
0.18319
0.24936
0.10972
0.04864
0.03890
0.21227
0.18674
0.32349
0.14120
0.30079
0.27718
0.26585
0.32076
0.10078
0.07951
0.14547
0.26477
0.33570
0.19341
0.07067
0.26736
0.05692
0.14070
0.22941
0.22619
0.18941
0.16447
0.09533
0.19085
0.12197
0.10472
0.18470
0.27615
0.17763
0.14745
0.13878
0.27816
0.04161
0.28384
0.10670
0.23827
0.09651
0.13259
0.26801
0.04778
0.08161
0.16837
0.21788
0.08306
0.26504
0.03747
0.10035
0.11447
0.32022
0.27367
0.17916
0.24786
0.10511
0.14074
0.29821
0.35845
0.09573
0.17891
0.04315
0.27887
0.24925
0.06314
0.17982
0.04418
0.30840
0.15017
0.14264
0.28119
0.10294
0.34814
0.15876
0.08802
0.17637
0.24836
0.09889
0.31395
0.30474
0.34073
0.08508
0.16107
0.17959
0.18362
0.29267
0.28760
0.26383
0.34402
0.08970
0.12802
0.27904
0.25734
0.08690
0.27545
0.05193
0.22997
0.20639
0.05340
0.14063
0.22916
0.10763
0.05102
0.16942
0.27521
0.07365
0.10986
0.22046
0.12958
0.09152
0.22734
0.23101
0.24623
0.24961
0.20244
0.14416
0.06347
0.07972
0.16514
0.16535
0.26645
0.16796
0.16167
0.11430
0.24342
0.21045
0.07958
0.21008
0.12301
0.06397
0.21866
0.12474
0.19415
0.25390
0.08384
0.27098
0.23997
0.07936
0.24349
0.24635
0.24829
0.11758
0.28141
0.19786
0.35745
0.11162
0.20685
0.11494
0.08687
0.09200
0.04543
0.16942
0.19193
0.16772
0.07441
0.23877
0.09114
0.25476
0.11689
0.06895
0.28159
0.10798
0.02039
0.10815
0.24358
0.06638
0.30319
0.09531
0.11530
0.12836
0.18516
0.11044
0.05032
0.10182
0.11952
0.09247
0.09919
0.09869
0.21998
0.13231
0.14369
0.18576
0.08195
0.05619
0.12714
0.25445
0.16926
0.22956
0.13377
0.15491
0.28080
0.31096
0.09779
0.18322
0.05948
0.10728
0.11405
0.08312
0.03574
0.37400
0.17284
0.07324
0.17152
0.14762
0.07717
0.15618
0.34357
0.12030
0.08644
0.30325
0.12336
0.18469
0.18753
0.15635
0.16477
0.10034
0.04505
0.22044
0.22466
0.14840
0.10847
0.16781
0.17395
0.16978
0.18752
0.32663
0.32020
0.28559
0.15162
0.10181
0.28248
0.29879
0.33861
0.03141
0.25224
0.14769
0.30650
0.14852
0.09291
0.16170
0.11126
0.11163
0.17698
0.21433
0.06381
0.11593
0.06002
0.26355
0.17041
0.25618
0.14450
0.24390
0.25380
0.14426
0.05711
0.27373
0.25211
0.35983
0.20796
0.32252
0.23080
0.25775
0.30513
0.28982
0.25030
0.09114
0.07450
0.16949
0.19053
0.05129
0.04925
0.20886
0.13507
0.22341
0.09983
0.20249
0.09595
0.23779
0.27951
0.25287
0.21986
0.29679
0.10994
0.14050
0.33093
0.06939
0.26805
0.04739
0.08759
0.17985
0.05972
0.25646
0.33451
0.03594
0.09081
0.11736
0.24267
0.09389
0.03937
0.04882
0.06282
0.05888
0.12094
0.20918
0.08287
0.24924
0.20354
0.23577
0.09465
0.20491
0.27067
0.23687
0.28504
0.32428
0.19173
0.25932
0.31217
0.30938
0.30589
0.26363
0.26848
0.35000
0.26700
0.21309
0.27208
0.22834
0.29442
0.19607
0.36992
0.29850
0.27570
0.27201
0.25416
0.28580
0.35452
0.29123
0.25072
0.30940
0.32920
0.25219
0.27082
0.30519
0.27244
0.24002
0.24146
0.30612
0.29960
0.29563
0.21630
0.34540
0.27916
0.27721
0.31543
0.17527
0.32344
0.34498
0.29731
0.32560
0.31934
0.30883
0.22985
0.29983
0.34806
0.22496
0.32407
0.31082
0.26175
0.30895
0.31678
0.17819
0.33277
0.27021
0.27322
0.28799
0.28031
0.28635
0.18989
0.31239
0.35876
0.14791
0.27560
0.24128
0.23773
0.21929
0.37507
0.30859
0.32188
0.16343
0.32991
0.27344
0.26416
0.35240
0.30997
0.30523
0.29766
0.24718
0.28286
0.20262
0.33400
0.29266
0.26175
0.17784
0.31855
0.21182
0.25878
0.27874
0.26623
0.33669
0.29886
0.21449
0.30539
0.29096
0.18486
0.21997
0.30357
0.18759
0.19372
0.15053
0.30922
0.34089
0.29746
0.28051
0.24638
0.29605
0.22065
0.29826
0.30315
0.30124
0.21986
0.28740
0.30640
0.22105
0.19249
0.36715
0.26894
0.23280
0.32624
0.31245
0.25207
0.36391
0.29194
0.25502
0.29883
0.21125
0.30012
0.31216
0.30770
0.28980
0.25176
0.15567
0.32924
0.22645
0.29217
0.21567
0.28034
0.31717
0.28323
0.19147
0.21652
0.30233
0.21503
0.30381
0.19063
0.20424
0.21979
0.23731
0.23741
0.33309
0.31298
0.31647
0.27221
0.23332
0.31185
0.21101
0.21392
0.24642
0.26803
0.30131
0.16888
0.18173
0.29310
0.28571
0.24194
0.16053
0.23735
0.28783
0.26536
0.26979
0.28217
0.31179
0.17373
0.27169
0.25584
0.29051
0.18430
0.30893
0.24820
0.24348
0.37617
0.19971
0.29274
0.22138
0.35089
0.29174
0.27913
0.27597
0.31353
0.28654
0.19120
0.30710
0.28812
0.29320
0.27728
0.27491
0.32384
0.23440
0.25932
0.21980
0.32657
0.23998
0.30482
0.23713
0.26805
0.28707
0.27180
0.22097
0.27867
0.25362
0.32610
0.21897
0.29197
0.23512
0.28901
0.27651
0.26155
0.31233
0.14772
0.26529
0.32694
0.29432
0.26634
0.30288
0.32723
0.25287
0.28602
0.22972
0.27824
0.30744
0.28667
0.25372
0.21323
0.30266
0.31818
0.25014
0.30637
0.24819
0.32630
0.29765
0.23116
0.20268
0.28635
0.30139
0.31594
0.30209
0.23666
0.33209
0.32878
0.15850
0.23313
0.31121
0.27961
0.29808
0.31615
0.31877
0.23681
0.21942
0.19633
0.29681
0.30448
0.35403
0.29853
0.29088
0.29319
0.21784
0.24968
0.28891
0.26595
0.18458
0.33219
0.21564
0.25195
0.34452
0.31420
0.28327
0.22366
0.27836
0.29613
0.33484
0.33991
0.27892
0.23654
0.21124
0.30936
0.32407
0.14519
0.29520
0.19514
0.26876
0.29064
0.25587
0.29980
0.25761
0.29093
0.20626
0.28162
0.23819
0.31855
0.30528
0.27124
0.20502
0.27503
0.26635
0.23237
0.24508
0.30232
0.25390
0.33691
0.25860
0.26909
0.31914
0.25791
0.25961
0.28482
0.19071
0.32944
0.26581
0.31158
0.23768
0.28996
0.34412
0.26743
0.27560
0.30077
0.18955
0.24064
0.29884
0.24120
0.31123
0.31043
0.30479
0.34841
0.39032
0.30466
0.33441
0.26533
0.31448
0.28430
0.35155
0.29232
0.27449
0.32051
0.31149
0.30568
0.31296
0.39370
0.23370
0.28751
0.35573
0.24149
0.31433
0.33431
0.24746
0.25359
0.35559
0.23541
0.29883
0.28647
0.31615
0.27389
0.27049
0.27598
0.25841
0.27493
0.31906
0.29689
0.25672
0.30171
0.28573
0.29557
0.29817
0.28187
0.13197
0.29912
0.32899
0.37171
0.32320
0.32275
0.39023
0.40706
0.28406
0.19583
0.29504
0.39977
0.30317
0.21093
0.31976
0.35475
0.25515
0.26365
0.34445
0.24242
0.27160
0.26172
0.32318
0.37730
0.43314
0.29384
0.31892
0.29243
0.38792
0.25035
0.30819
0.32087
0.37020
0.27878
0.19267
0.32318
0.46210
0.26596
0.40701
0.40298
0.22967
0.30214
0.38115
0.30466
0.29215
0.26127
0.29109
0.24856
0.29579
0.33488
0.31828
0.30714
0.39688
0.29427
0.28025
0.28377
0.23438
0.25373
0.40098
0.26132
0.12703
0.33389
0.17309
0.20764
0.40362
0.17096
0.25774
0.22334
0.28414
0.24215
0.44032
0.19297
0.32771
0.39487
0.26344
0.24422
0.26828
0.25701
0.20571
0.35739
0.20061
0.38075
0.36752
0.28575
0.25949
0.24314
0.35456
0.31020
0.24088
0.32664
0.43169
0.33685
0.29696
0.37518
0.39259
0.25426
0.27655
0.29552
0.38869
0.23980
0.24536
0.23750
0.37705
0.28402
0.26787
0.25783
0.31927
0.38798
0.26584
0.29611
0.35691
0.31321
0.30516
0.27717
0.40690
0.30095
0.24794
0.28748
0.32126
0.35605
0.28505
0.30310
0.24162
0.36334
0.26951
0.25305
0.32301
0.31976
0.24996
0.28972
0.17712
0.27669
0.20796
0.06008
0.17812
0.22111
0.20790
0.25082
0.19717
0.23282
0.29931
0.24377
0.04818
0.21773
0.02571
0.22059
0.24042
0.19063
0.26037
0.09749
0.12901
0.19251
0.24337
0.10475
0.14538
0.26064
0.28498
0.14215
0.21041
0.25230
0.07323
0.33817
0.23916
0.03323
0.07454
0.11091
0.29543
0.13802
0.24465
0.17409
0.26740
0.05064
0.04723
0.05289
0.05777
0.28801
0.17338
0.13749
0.16009
0.29451
0.14769
0.29719
0.21825
0.11049
0.26001
0.12014
0.08327
0.26055
0.18650
0.23735
0.05718
0.03645
0.21406
0.20648
0.31739
0.26144
0.03681
0.05414
0.16979
0.20094
0.17642
0.18491
0.09621
0.28182
0.14986
0.11286
0.25854
0.22730
0.11763
0.14660
0.18189
0.06459
0.03665
0.21649
0.14268
0.18348
0.26109
0.24547
0.20377
0.31353
0.24431
0.24674
0.23072
0.22166
0.12964
0.04563
0.23034
0.09981
0.06850
0.22916
0.23576
0.27916
0.22690
0.03524
0.06085
0.15221
0.20489
0.24752
0.27063
0.08892
0.20586
0.32413
0.13267
0.23893
0.16717
0.02648
0.05187
0.15930
0.05647
0.07482
0.27854
0.24686
0.08840
0.14579
0.01816
0.06465
0.07956
0.21978
