0.12454
0.11006
0.05262
0.24425
0.09392
0.13409
0.24528
0.18721
0.19850
0.07870
0.20864
0.10917
0.17546
0.11391
0.13663
0.22459
0.14344
0.17183
0.09528
0.12746
0.29774
0.13820
0.15696
0.07119
0.23233
0.20291
0.15859
0.24150
0.11831
0.18346
0.16976
0.23940
0.17542
0.11038
0.13870
0.09688
0.13896
0.09765
0.13226
0.17430
0.28744
0.27373
0.07810
0.17071
0.31695
0.21864
0.17967
0.25712
0.21777
0.15203
0.11762
0.17627
0.14740
0.31166
0.09125
0.21946
0.19447
0.14147
0.12581
0.09985
0.26544
0.27309
0.17003
0.21136
0.28021
0.32338
0.05834
0.19003
0.13158
0.04352
0.14856
0.32330
0.34273
0.22241
0.24827
0.17076
0.10501
0.03824
0.23363
0.15867
0.31984
0.14474
0.34325
0.26064
0.27437
0.35953
0.09036
0.07919
0.14737
0.23553
0.31353
0.19772
0.09043
0.23579
0.11981
0.20392
0.23858
0.23227
0.19250
0.18791
0.09105
0.21645
0.12641
0.14306
0.24644
0.30572
0.18939
0.20533
0.18504
0.28707
0.04860
0.26556
0.09158
0.20202
0.12736
0.19326
0.26623
0.06402
0.04737
0.23200
0.20234
0.08762
0.29754
0.01504
0.12884
0.15167
0.33315
0.27791
0.19765
0.27890
0.12593
0.14859
0.26529
0.33636
0.12655
0.17110
0.08612
0.27376
0.27485
0.06783
0.15572
0.03996
0.27528
0.18526
0.16012
0.21462
0.10904
0.35422
0.16056
0.08680
0.17663
0.29448
0.11784
0.32586
0.30633
0.32060
0.13525
0.15571
0.13520
0.24650
0.27436
0.22963
0.29165
0.33854
0.09634
0.14210
0.30995
0.29685
0.08778
0.26845
0.05055
0.24927
0.20754
0.05999
0.13592
0.23213
0.07702
0.10114
0.20912
0.29085
0.13447
0.11142
0.20249
0.18411
0.11605
0.16980
0.26881
0.26310
0.25837
0.20123
0.14066
0.11092
0.07979
0.14741
0.14254
0.24511
0.19324
0.18914
0.13430
0.26724
0.20882
0.10534
0.19488
0.13601
0.08306
0.22459
0.13090
0.20449
0.26489
0.07369
0.27881
0.23375
0.14065
0.24289
0.24247
0.25407
0.11777
0.27603
0.22971
0.32090
0.09689
0.22061
0.11064
0.08518
0.10360
0.07893
0.19718
0.17610
0.16787
0.09892
0.28382
0.11134
0.21920
0.14399
0.07349
0.25739
0.10860
0.05344
0.12957
0.27833
0.09757
0.29174
0.13555
0.10558
0.19560
0.24083
0.10299
0.05082
0.10204
0.09392
0.12443
0.12794
0.15524
0.24065
0.13118
0.15514
0.19394
0.08581
0.05399
0.12965
0.20366
0.17116
0.19917
0.19159
0.15920
0.27882
0.32380
0.10779
0.17932
0.06237
0.11187
0.12150
0.08024
0.06108
0.34972
0.19487
0.07501
0.20891
0.19969
0.07899
0.16737
0.33796
0.12925
0.08240
0.29460
0.11741
0.18949
0.19741
0.22007
0.15693
0.14939
0.10317
0.20400
0.24036
0.22757
0.11327
0.20921
0.19875
0.18870
0.17102
0.33885
0.32577
0.27150
0.15807
0.14399
0.30010
0.27826
0.33390
0.03538
0.26158
0.11577
0.27543
0.17283
0.07542
0.17958
0.15255
0.11167
0.20770
0.20160
0.08177
0.11189
0.07286
0.28315
0.17771
0.25050
0.18361
0.21181
0.25907
0.11914
0.07383
0.26318
0.26745
0.33705
0.24573
0.32799
0.23580
0.24209
0.28382
0.29993
0.26038
0.08130
0.08245
0.14258
0.23102
0.06799
0.09360
0.23421
0.14245
0.27131
0.13837
0.19269
0.14815
0.25496
0.25852
0.23557
0.23203
0.27331
0.18046
0.16604
0.30137
0.08913
0.24367
0.05473
0.09289
0.22926
0.08012
0.24940
0.30983
0.09361
0.10427
0.15981
0.25138
0.11384
0.04440
0.05364
0.05551
0.06391
0.07858
0.22902
0.09171
0.27049
0.16923
0.19298
0.13757
0.18628
0.25292
0.26035
0.29943
0.31021
0.20411
0.23766
0.32925
0.30391
0.33414
0.25221
0.28604
0.31098
0.29466
0.25138
0.27410
0.21515
0.30589
0.18486
0.33905
0.27646
0.24012
0.28754
0.26168
0.30331
0.37798
0.32212
0.26617
0.26572
0.29660
0.26663
0.29567
0.30448
0.28258
0.22772
0.25105
0.32359
0.27975
0.29381
0.20377
0.31063
0.29963
0.27443
0.32967
0.21162
0.31870
0.30382
0.30107
0.31457
0.31302
0.29431
0.24210
0.31325
0.30344
0.25758
0.31311
0.27422
0.28250
0.28815
0.32112
0.19893
0.32587
0.26903
0.25311
0.28596
0.24607
0.29851
0.20222
0.22677
0.33886
0.13227
0.28789
0.25433
0.23016
0.14857
0.38281
0.30174
0.26299
0.16578
0.30401
0.27449
0.26902
0.32283
0.26566
0.30269
0.29527
0.25743
0.28258
0.17474
0.31301
0.30319
0.25212
0.15842
0.34563
0.18352
0.25483
0.27329
0.28052
0.31116
0.27325
0.22318
0.26240
0.27468
0.15963
0.22789
0.32316
0.17770
0.21574
0.16572
0.27810
0.27665
0.27969
0.29452
0.24411
0.30481
0.22030
0.30954
0.30859
0.29425
0.20129
0.27289
0.31323
0.21403
0.17644
0.38437
0.25047
0.24626
0.30406
0.27645
0.25176
0.37592
0.27555
0.23097
0.31190
0.20662
0.28281
0.31599
0.31436
0.25370
0.22422
0.17608
0.33668
0.20886
0.31714
0.22553
0.30409
0.31068
0.24414
0.19047
0.21816
0.29178
0.21207
0.29992
0.17991
0.23553
0.24247
0.19627
0.25679
0.31509
0.27288
0.28487
0.28813
0.25920
0.28735
0.22867
0.26274
0.25407
0.26653
0.27890
0.17421
0.19005
0.29113
0.29715
0.26731
0.15623
0.19787
0.26262
0.26669
0.24176
0.30180
0.32004
0.16889
0.28473
0.24484
0.30077
0.20436
0.31917
0.25874
0.25899
0.39526
0.20229
0.27498
0.24187
0.30734
0.27142
0.29058
0.29304
0.30976
0.27041
0.18798
0.31830
0.26429
0.29247
0.24060
0.24929
0.28444
0.24649
0.24074
0.21715
0.29634
0.25910
0.30285
0.24235
0.28183
0.28051
0.26308
0.22450
0.28312
0.24826
0.31679
0.22088
0.33824
0.25099
0.30620
0.24453
0.23955
0.23491
0.14368
0.28439
0.29605
0.28904
0.27928
0.30798
0.32844
0.25674
0.26661
0.26924
0.27350
0.29615
0.26655
0.24298
0.18185
0.30717
0.25929
0.26042
0.29375
0.20732
0.30764
0.31795
0.24794
0.21278
0.24866
0.28114
0.31074
0.29281
0.24968
0.30078
0.31867
0.14989
0.22284
0.25772
0.28606
0.30817
0.30693
0.31673
0.22528
0.20728
0.17175
0.29406
0.29774
0.33822
0.25932
0.28445
0.30904
0.23392
0.27126
0.26582
0.23127
0.17430
0.29442
0.22383
0.24734
0.30031
0.31215
0.28838
0.23976
0.30083
0.25583
0.33685
0.30984
0.26199
0.23069
0.18578
0.32652
0.27110
0.12503
0.27201
0.16789
0.27032
0.31542
0.21130
0.30767
0.24882
0.28045
0.20819
0.28957
0.23455
0.30183
0.30693
0.28994
0.19547
0.25487
0.25800
0.25069
0.23489
0.29128
0.24129
0.35786
0.23459
0.28563
0.30218
0.27357
0.26607
0.26882
0.19306
0.30440
0.29395
0.29691
0.24290
0.25716
0.30694
0.24660
0.30288
0.31729
0.20132
0.25229
0.27979
0.25320
0.32164
0.27080
0.30654
0.33587
0.35517
0.26338
0.27961
0.26834
0.26182
0.26433
0.32908
0.29899
0.28189
0.28063
0.29716
0.28948
0.28720
0.35714
0.23273
0.30030
0.30858
0.22740
0.28217
0.33326
0.23396
0.25509
0.31510
0.23708
0.30913
0.27262
0.29462
0.28378
0.28683
0.27178
0.24361
0.25797
0.34377
0.28596
0.27668
0.32018
0.28763
0.30721
0.29935
0.25822
0.14356
0.27252
0.32668
0.31587
0.30624
0.29831
0.38170
0.38304
0.27137
0.18824
0.30436
0.33966
0.27162
0.16807
0.31188
0.32646
0.25247
0.28651
0.32626
0.25518
0.24311
0.25490
0.33677
0.34090
0.37024
0.27036
0.30114
0.26802
0.37470
0.22626
0.30795
0.30883
0.34820
0.28906
0.17636
0.28672
0.44308
0.23690
0.40593
0.40840
0.22379
0.29141
0.35010
0.31027
0.28301
0.26264
0.28148
0.21985
0.30171
0.30968
0.29216
0.23530
0.38262
0.29011
0.29112
0.22511
0.23021
0.25771
0.35978
0.18639
0.13698
0.35025
0.11723
0.19970
0.39097
0.14866
0.20842
0.21636
0.27689
0.21792
0.42903
0.18344
0.31056
0.37852
0.24729
0.25079
0.25139
0.20411
0.20751
0.34859
0.17630
0.37202
0.33846
0.28657
0.26251
0.25882
0.33645
0.28044
0.20583
0.29827
0.40758
0.31442
0.28063
0.35176
0.34921
0.22677
0.25244
0.27956
0.38627
0.19085
0.21775
0.23424
0.35021
0.28895
0.25485
0.27017
0.30301
0.33245
0.23829
0.30458
0.30018
0.28423
0.28820
0.25103
0.36123
0.28953
0.21456
0.28044
0.31030
0.34155
0.25505
0.31354
0.25508
0.34710
0.24001
0.25903
0.30328
0.31537
0.26143
0.30688
0.22830
0.31117
0.24146
0.07747
0.10577
0.22263
0.19842
0.28339
0.17294
0.26161
0.34313
0.19555
0.06895
0.17882
0.05192
0.28959
0.23018
0.19534
0.28390
0.05102
0.10199
0.21357
0.19948
0.14931
0.16873
0.22615
0.25620
0.17837
0.21122
0.26158
0.07583
0.31166
0.25332
0.04785
0.10036
0.14482
0.28043
0.16049
0.22687
0.22627
0.26028
0.07980
0.05496
0.08287
0.07578
0.23497
0.16200
0.12782
0.19826
0.31784
0.20618
0.30124
0.21757
0.05135
0.28564
0.05028
0.06709
0.28592
0.17795
0.29371
0.09013
0.10547
0.20575
0.20282
0.31778
0.24124
0.04613
0.07697
0.21336
0.19742
0.22010
0.21564
0.10259
0.18639
0.10202
0.10525
0.26590
0.27059
0.12795
0.17197
0.15967
0.09011
0.08115
0.29129
0.18320
0.19003
0.21390
0.28910
0.20418
0.36815
0.25342
0.23655
0.19375
0.22595
0.19797
0.04859
0.24469
0.11854
0.04082
0.19620
0.20675
0.29956
0.23002
0.11893
0.10353
0.13817
0.16503
0.26346
0.29672
0.11629
0.23405
0.29821
0.10035
0.22901
0.14955
0.03192
0.04837
0.12291
0.09285
0.09222
0.26067
0.26935
0.09411
0.13635
0.02253
0.06989
0.09687
0.28060
