0.12092
0.11656
0.05972
0.25888
0.08927
0.14211
0.23152
0.19415
0.17459
0.07842
0.18543
0.11765
0.21677
0.11480
0.16888
0.22615
0.15043
0.15336
0.12474
0.13226
0.29447
0.14966
0.15179
0.07226
0.24095
0.22148
0.17081
0.21035
0.10747
0.19815
0.21657
0.24846
0.15263
0.10921
0.11384
0.09594
0.11694
0.09511
0.10896
0.16415
0.30385
0.27182
0.05907
0.18351
0.27590
0.22574
0.18151
0.22587
0.21902
0.17008
0.10970
0.16333
0.14851
0.26021
0.09023
0.20836
0.18853
0.15086
0.16165
0.10665
0.27243
0.25621
0.15989
0.20147
0.27350
0.32730
0.04796
0.16067
0.13816
0.02973
0.14356
0.32421
0.31534
0.18542
0.25899
0.15956
0.09043
0.04831
0.22350
0.17212
0.31812
0.14662
0.36182
0.26497
0.27191
0.33996
0.09972
0.06957
0.14819
0.27642
0.32353
0.20253
0.08328
0.23921
0.10924
0.20877
0.23203
0.21999
0.19903
0.18080
0.09548
0.21431
0.11334
0.13589
0.24758
0.28955
0.19838
0.19240
0.16959
0.27466
0.05417
0.26995
0.10618
0.21332
0.13298
0.20844
0.26062
0.07126
0.05165
0.22061
0.22597
0.07178
0.26957
0.01340
0.14340
0.14349
0.31636
0.26789
0.17515
0.26817
0.11502
0.17986
0.26525
0.31943
0.11789
0.14008
0.08922
0.28115
0.27802
0.08526
0.17071
0.05208
0.29877
0.17965
0.14171
0.23412
0.09096
0.34825
0.15818
0.08675
0.16880
0.31211
0.10634
0.33463
0.30534
0.32954
0.12044
0.16800
0.12455
0.24630
0.25536
0.22952
0.29412
0.31894
0.09840
0.14853
0.28220
0.30567
0.09288
0.22560
0.04732
0.24146
0.23790
0.05783
0.13186
0.22509
0.11587
0.07238
0.17571
0.28205
0.12645
0.11338
0.20873
0.15315
0.13369
0.19354
0.26774
0.26047
0.27957
0.22571
0.12705
0.12762
0.06392
0.13774
0.15715
0.23946
0.18454
0.14502
0.11527
0.29606
0.19146
0.08782
0.22648
0.15404
0.05975
0.25299
0.13534
0.22304
0.26947
0.07027
0.29557
0.24287
0.11271
0.25850
0.27433
0.23213
0.12126
0.29248
0.24340
0.34364
0.09923
0.21216
0.10072
0.10399
0.10802
0.06828
0.22469
0.17034
0.17704
0.11791
0.22412
0.09126
0.26300
0.16004
0.06864
0.25697
0.10968
0.04437
0.10482
0.28489
0.12416
0.29207
0.14156
0.11296
0.16165
0.22520
0.10270
0.06371
0.11286
0.09247
0.13814
0.12517
0.16242
0.25756
0.13089
0.15269
0.20528
0.07829
0.04341
0.13449
0.18227
0.18311
0.20988
0.19451
0.16960
0.26335
0.31117
0.09054
0.21946
0.06231
0.11958
0.11902
0.08182
0.05137
0.36405
0.20458
0.07515
0.20204
0.21662
0.08186
0.17678
0.32732
0.12828
0.10951
0.28648
0.11465
0.19418
0.20026
0.19575
0.15845
0.12511
0.11405
0.20142
0.24432
0.18363
0.10268
0.20205
0.18442
0.19703
0.15838
0.33921
0.32922
0.26957
0.17881
0.11997
0.28547
0.27452
0.32254
0.03129
0.26412
0.12930
0.26454
0.15871
0.08720
0.16146
0.14214
0.10808
0.18418
0.21334
0.09992
0.10015
0.10195
0.27693
0.13770
0.25043
0.17357
0.21616
0.25110
0.13818
0.05856
0.27628
0.25455
0.33848
0.24730
0.32918
0.23276
0.23649
0.29949
0.28410
0.29032
0.06035
0.08333
0.15367
0.22774
0.07541
0.06950
0.23387
0.17107
0.26116
0.12963
0.19935
0.13459
0.27882
0.24826
0.26778
0.23504
0.30067
0.17864
0.16108
0.32752
0.11878
0.24991
0.07673
0.11022
0.24166
0.06337
0.25371
0.31578
0.06811
0.10567
0.15333
0.25085
0.10578
0.04744
0.06255
0.07280
0.07983
0.08251
0.21361
0.10503
0.29713
0.17985
0.21779
0.14375
0.20135
0.28987
0.19827
0.25911
0.32869
0.17509
0.27716
0.30165
0.27985
0.29938
0.26132
0.25389
0.32890
0.23559
0.25950
0.22829
0.21567
0.27536
0.20009
0.35155
0.30577
0.25420
0.24287
0.25268
0.26329
0.36089
0.27304
0.21977
0.30565
0.31645
0.20940
0.25965
0.31207
0.27963
0.21120
0.24372
0.25901
0.30100
0.23677
0.19350
0.32614
0.23874
0.21534
0.28746
0.19029
0.31136
0.33341
0.29505
0.26296
0.29331
0.25664
0.24594
0.28662
0.31062
0.21626
0.25680
0.30238
0.25025
0.24453
0.29166
0.20191
0.29600
0.27291
0.26468
0.31917
0.25720
0.26709
0.20891
0.27480
0.32265
0.14305
0.28184
0.18904
0.19841
0.15363
0.36785
0.29700
0.31918
0.16534
0.34304
0.26991
0.28226
0.35656
0.30278
0.28012
0.28518
0.24372
0.28501
0.18852
0.33569
0.27741
0.21816
0.15041
0.32197
0.20067
0.25156
0.28313
0.26129
0.32763
0.30460
0.21135
0.29479
0.30881
0.17486
0.18536
0.26183
0.17204
0.20061
0.15084
0.29183
0.29844
0.23442
0.26617
0.24232
0.28166
0.21961
0.29420
0.25953
0.25422
0.20598
0.27790
0.29225
0.21615
0.18692
0.34671
0.28999
0.19058
0.27461
0.30400
0.26143
0.34793
0.31004
0.22716
0.24857
0.21355
0.29218
0.27671
0.26126
0.24942
0.22941
0.17636
0.29629
0.22179
0.27315
0.21046
0.25700
0.30527
0.25616
0.18727
0.21269
0.28687
0.21361
0.25874
0.19013
0.20722
0.24231
0.22605
0.22614
0.29792
0.29424
0.30106
0.24074
0.22588
0.30891
0.22417
0.21521
0.20917
0.27735
0.28969
0.16746
0.19013
0.29827
0.24949
0.21686
0.15748
0.21737
0.25939
0.21221
0.25694
0.24716
0.28806
0.15789
0.20738
0.27020
0.24919
0.21258
0.27274
0.25944
0.26273
0.36323
0.19838
0.27453
0.24125
0.34745
0.30090
0.22847
0.28000
0.28543
0.26127
0.20776
0.31446
0.26327
0.24273
0.27546
0.25050
0.33264
0.25355
0.28304
0.23573
0.32710
0.21509
0.26579
0.23798
0.23707
0.27098
0.26247
0.21685
0.24272
0.24094
0.30417
0.22377
0.31845
0.25016
0.24063
0.27993
0.26717
0.26083
0.13495
0.22273
0.32022
0.32517
0.22892
0.25901
0.27572
0.25069
0.21615
0.23642
0.28924
0.27741
0.23964
0.24552
0.18489
0.28184
0.29433
0.26648
0.24140
0.19497
0.33809
0.26658
0.18196
0.20417
0.27161
0.26965
0.28155
0.25492
0.24335
0.31841
0.32631
0.15357
0.23690
0.30297
0.26368
0.23426
0.30569
0.32975
0.24239
0.19897
0.17160
0.23096
0.27608
0.34577
0.27405
0.28602
0.27571
0.23498
0.25363
0.28988
0.25718
0.17599
0.32518
0.21112
0.27299
0.31916
0.30109
0.22450
0.25667
0.23979
0.27798
0.30798
0.32639
0.28074
0.26771
0.20618
0.29403
0.28783
0.13154
0.23130
0.20728
0.22777
0.28724
0.22724
0.23875
0.24674
0.24204
0.22094
0.22740
0.24011
0.33150
0.25710
0.24440
0.20248
0.29246
0.25924
0.23376
0.18700
0.31008
0.25937
0.33928
0.26169
0.25084
0.27610
0.25903
0.21628
0.26260
0.19461
0.30395
0.27973
0.32919
0.26076
0.24961
0.32998
0.26388
0.27654
0.27646
0.17976
0.20779
0.27054
0.22623
0.28628
0.30259
0.26233
0.29557
0.36508
0.29299
0.30146
0.26317
0.27365
0.26173
0.35414
0.24361
0.26296
0.31659
0.31298
0.25722
0.31275
0.37585
0.24431
0.24336
0.31204
0.21863
0.30616
0.33091
0.22993
0.25353
0.34456
0.23834
0.26608
0.29468
0.25000
0.20888
0.24507
0.23816
0.26111
0.28356
0.29376
0.28056
0.23231
0.28873
0.27831
0.27790
0.27201
0.25056
0.16291
0.32377
0.32943
0.37215
0.30368
0.29293
0.36259
0.39630
0.26078
0.20066
0.30632
0.39086
0.27238
0.18034
0.29682
0.33221
0.26137
0.23245
0.33214
0.24805
0.26404
0.21711
0.31253
0.34840
0.38131
0.25027
0.29016
0.26878
0.35811
0.31327
0.29673
0.27362
0.34492
0.26773
0.17242
0.30544
0.44069
0.23108
0.39063
0.39364
0.23059
0.27042
0.33094
0.29479
0.29236
0.25289
0.26501
0.21248
0.28485
0.30830
0.30843
0.30560
0.37029
0.27277
0.27605
0.25098
0.22638
0.26050
0.37217
0.19667
0.13770
0.33988
0.14679
0.19763
0.38516
0.14557
0.23645
0.23443
0.27118
0.25488
0.43022
0.19334
0.31788
0.37285
0.23595
0.20869
0.25545
0.23087
0.22821
0.34921
0.18967
0.37692
0.35272
0.24939
0.26544
0.23669
0.34345
0.26877
0.20890
0.36842
0.40659
0.32209
0.26439
0.35418
0.36246
0.19930
0.26700
0.29047
0.38484
0.22870
0.22677
0.23103
0.36512
0.27339
0.26301
0.26586
0.30865
0.34060
0.26843
0.29145
0.33520
0.30538
0.27916
0.24523
0.36343
0.29185
0.28930
0.26420
0.31988
0.34025
0.26203
0.30407
0.25102
0.32428
0.25175
0.23941
0.29062
0.29487
0.21382
0.26329
0.22557
0.34321
0.21038
0.02467
0.18851
0.25443
0.19312
0.30462
0.20663
0.24037
0.35009
0.27091
0.05856
0.11278
0.03102
0.26209
0.24932
0.19288
0.26941
0.07907
0.11122
0.18574
0.12786
0.09570
0.16553
0.15504
0.25121
0.16711
0.21277
0.26821
0.07798
0.33115
0.15666
0.05669
0.12515
0.12658
0.25035
0.16587
0.23225
0.21312
0.33944
0.08627
0.07315
0.06233
0.07520
0.24799
0.15901
0.10292
0.20488
0.30055
0.21925
0.29836
0.20812
0.02333
0.28602
0.06688
0.04641
0.29452
0.20376
0.28867
0.06616
0.07479
0.19734
0.20383
0.28635
0.24494
0.04410
0.06644
0.17652
0.20432
0.22871
0.22599
0.12817
0.13647
0.09053
0.06323
0.28471
0.20141
0.10787
0.19746
0.16310
0.08926
0.06112
0.22053
0.16094
0.19628
0.20005
0.27790
0.20697
0.35045
0.25741
0.27402
0.16449
0.20814
0.17956
0.02468
0.26526
0.07025
0.04786
0.20560
0.23040
0.29040
0.23757
0.14539
0.11460
0.18288
0.18214
0.25370
0.29325
0.09026
0.25836
0.31094
0.10537
0.21977
0.13699
0.06669
0.08043
0.14284
0.08744
0.08889
0.24386
0.26424
0.12007
0.16181
0.05656
0.06132
0.11977
0.27921
