0.11404
0.10062
0.05809
0.23277
0.08544
0.12586
0.19641
0.11488
0.18857
0.05821
0.18832
0.12489
0.16287
0.10693
0.10173
0.22701
0.16862
0.12337
0.03668
0.14427
0.28865
0.12070
0.16857
0.07126
0.22014
0.14008
0.13638
0.19793
0.09419
0.12974
0.18960
0.25512
0.17510
0.10600
0.09217
0.10300
0.19086
0.08524
0.16516
0.15660
0.28730
0.27699
0.09520
0.11628
0.28104
0.17321
0.13036
0.26053
0.19851
0.14786
0.10500
0.13331
0.13994
0.25721
0.09477
0.24763
0.25972
0.13168
0.10715
0.06348
0.25611
0.29191
0.09797
0.26849
0.27268
0.31669
0.06861
0.15180
0.07779
0.03792
0.13902
0.31357
0.31153
0.20199
0.23575
0.11795
0.10660
0.07072
0.24883
0.17870
0.32455
0.15856
0.34698
0.26314
0.25581
0.34896
0.10785
0.11908
0.14890
0.27478
0.33021
0.20068
0.07753
0.17795
0.07743
0.21245
0.23716
0.20861
0.17743
0.16028
0.09874
0.18045
0.10936
0.13869
0.20286
0.28821
0.15690
0.16882
0.10987
0.27292
0.04044
0.24667
0.13476
0.23886
0.11363
0.19675
0.26674
0.05552
0.05603
0.15252
0.22702
0.06477
0.28037
0.02702
0.09596
0.14234
0.31367
0.27264
0.10094
0.25376
0.09056
0.10441
0.26480
0.31180
0.10744
0.11520
0.06402
0.28778
0.25875
0.06790
0.17439
0.05538
0.24844
0.22294
0.14038
0.26863
0.10005
0.35653
0.16558
0.10260
0.17634
0.24378
0.10236
0.31381
0.30564
0.32770
0.13216
0.13048
0.13857
0.15238
0.23325
0.24481
0.27878
0.32883
0.09929
0.11429
0.29340
0.29838
0.10072
0.23375
0.02794
0.21477
0.21686
0.04454
0.10210
0.23607
0.06267
0.10206
0.19024
0.25657
0.10969
0.10763
0.25490
0.16446
0.09379
0.17960
0.20000
0.23877
0.22718
0.16994
0.08793
0.08519
0.06159
0.17351
0.13622
0.22334
0.18954
0.20032
0.06368
0.27652
0.21704
0.12995
0.17294
0.14030
0.06164
0.22465
0.08145
0.22648
0.23862
0.07046
0.25029
0.24457
0.10921
0.25030
0.26213
0.24835
0.14537
0.25413
0.22381
0.35083
0.09042
0.17651
0.07642
0.10862
0.08819
0.08243
0.14350
0.18126
0.13977
0.03480
0.23094
0.11523
0.26160
0.12171
0.06247
0.27599
0.10846
0.10533
0.10996
0.29611
0.10732
0.32050
0.11730
0.10485
0.17816
0.23935
0.13006
0.08286
0.07731
0.11788
0.10026
0.13388
0.12188
0.25274
0.16477
0.15493
0.19365
0.07518
0.05217
0.14134
0.22264
0.14931
0.20761
0.16205
0.12131
0.26181
0.28174
0.10594
0.18087
0.06029
0.07781
0.13802
0.05666
0.03477
0.34407
0.12717
0.08928
0.19975
0.19000
0.09595
0.12371
0.35911
0.14943
0.06113
0.29319
0.12929
0.15367
0.16171
0.18529
0.13505
0.12549
0.06355
0.16347
0.17736
0.15543
0.10690
0.10347
0.14393
0.18989
0.15223
0.32552
0.29844
0.26764
0.17406
0.08157
0.31218
0.28894
0.33278
0.05196
0.28690
0.12537
0.28687
0.13123
0.08140
0.14202
0.12590
0.11076
0.16271
0.19817
0.05821
0.13010
0.08903
0.28811
0.09657
0.19053
0.16057
0.25048
0.22341
0.12393
0.05638
0.21395
0.28753
0.38380
0.25042
0.33626
0.17357
0.23288
0.26796
0.28440
0.26803
0.06664
0.05897
0.15765
0.24767
0.06843
0.04793
0.19347
0.14079
0.20851
0.10640
0.17200
0.10198
0.29594
0.24897
0.22112
0.19564
0.29807
0.15146
0.17843
0.28236
0.09306
0.23724
0.07708
0.09165
0.12987
0.08494
0.24776
0.34876
0.10900
0.07627
0.13876
0.26382
0.10802
0.05414
0.06046
0.05833
0.05679
0.13870
0.15796
0.05836
0.28110
0.14818
0.21429
0.10961
0.22263
0.28971
0.22048
0.29013
0.35341
0.18809
0.28375
0.31034
0.29314
0.31160
0.28921
0.24990
0.36173
0.24919
0.24554
0.25352
0.20343
0.31395
0.18655
0.37629
0.31898
0.26826
0.24951
0.22645
0.23239
0.34153
0.29754
0.25053
0.30487
0.33471
0.24665
0.25750
0.29494
0.25607
0.24343
0.26333
0.29772
0.30964
0.24879
0.23878
0.35237
0.26765
0.23621
0.31936
0.18107
0.32030
0.35260
0.29437
0.30100
0.31189
0.28566
0.22150
0.29841
0.33185
0.22329
0.30045
0.31733
0.26599
0.26963
0.31317
0.19591
0.30132
0.26224
0.28881
0.31023
0.29476
0.27164
0.17937
0.28429
0.35296
0.14903
0.28805
0.21302
0.22307
0.18828
0.35818
0.30660
0.33307
0.17891
0.34680
0.27349
0.26135
0.37839
0.31134
0.30191
0.29500
0.23737
0.27299
0.19545
0.35804
0.30804
0.24292
0.18578
0.32960
0.21166
0.26626
0.28960
0.27782
0.35776
0.32045
0.22394
0.33298
0.32911
0.19383
0.19537
0.28493
0.18822
0.20586
0.16831
0.28458
0.34890
0.26341
0.26101
0.24706
0.30747
0.22737
0.31763
0.26139
0.29810
0.19694
0.29273
0.29645
0.20545
0.18701
0.35412
0.29916
0.19962
0.28977
0.31484
0.28304
0.36410
0.30866
0.23425
0.29349
0.16336
0.29114
0.31995
0.29276
0.27316
0.22740
0.17536
0.32379
0.21121
0.30175
0.22044
0.29153
0.34045
0.26661
0.20099
0.23966
0.30681
0.19111
0.29775
0.19181
0.23436
0.22249
0.23532
0.24578
0.32174
0.33207
0.32563
0.21673
0.21857
0.32007
0.19479
0.20763
0.21736
0.30756
0.28890
0.17608
0.18135
0.29678
0.29265
0.20074
0.15457
0.23368
0.28862
0.24033
0.25419
0.27946
0.31696
0.18844
0.23256
0.27320
0.29882
0.19630
0.29455
0.27345
0.28038
0.38968
0.20170
0.29223
0.21679
0.37344
0.31743
0.25735
0.26987
0.29037
0.28208
0.19900
0.31200
0.27455
0.27234
0.28690
0.28807
0.34036
0.23677
0.29180
0.22717
0.33980
0.25850
0.28551
0.23459
0.27242
0.28973
0.25798
0.18515
0.22750
0.24396
0.30365
0.21648
0.34991
0.22206
0.25512
0.30548
0.28884
0.25285
0.16065
0.23851
0.32377
0.33016
0.27184
0.29433
0.30278
0.27210
0.24087
0.22320
0.30965
0.30475
0.27284
0.24914
0.20721
0.29937
0.30750
0.26134
0.27938
0.20764
0.34764
0.28905
0.18928
0.15852
0.28535
0.27821
0.30330
0.26484
0.25678
0.34538
0.35680
0.15533
0.22877
0.31308
0.27457
0.27540
0.28126
0.33686
0.22779
0.21041
0.20356
0.25803
0.30025
0.36963
0.29066
0.30174
0.31167
0.22887
0.24741
0.30907
0.27837
0.17275
0.33077
0.22896
0.24948
0.33806
0.30553
0.24741
0.23634
0.26445
0.29157
0.31569
0.35056
0.25410
0.27207
0.20459
0.29324
0.31098
0.12168
0.25191
0.20104
0.22196
0.31424
0.22694
0.28614
0.24652
0.24933
0.22665
0.24525
0.23616
0.34607
0.27278
0.26868
0.20173
0.29378
0.25989
0.24502
0.21980
0.32296
0.27662
0.33892
0.25033
0.23774
0.29408
0.28066
0.24665
0.28880
0.16913
0.31994
0.26500
0.32979
0.29229
0.28611
0.35337
0.28575
0.25700
0.28280
0.15825
0.18565
0.29774
0.23308
0.30792
0.31888
0.27793
0.29697
0.38968
0.30996
0.33010
0.27946
0.29591
0.28953
0.36251
0.26970
0.27052
0.32839
0.31882
0.28829
0.33919
0.37879
0.22885
0.25345
0.32695
0.23894
0.32513
0.34115
0.25515
0.24161
0.35082
0.23908
0.31167
0.31191
0.28402
0.25108
0.25606
0.26994
0.24989
0.29889
0.31714
0.29119
0.26590
0.30478
0.28642
0.32594
0.28687
0.27258
0.11611
0.34324
0.34372
0.35819
0.30974
0.30634
0.39115
0.39553
0.29842
0.18799
0.33109
0.38991
0.26605
0.18543
0.32816
0.35081
0.23937
0.22800
0.33470
0.24932
0.24931
0.23826
0.33642
0.34125
0.38135
0.31256
0.33441
0.29534
0.37128
0.29514
0.31081
0.27190
0.32951
0.31581
0.16599
0.30951
0.45217
0.24502
0.40435
0.42421
0.23201
0.28352
0.35122
0.32962
0.28996
0.28265
0.30030
0.19106
0.27117
0.30392
0.28913
0.27404
0.37399
0.28290
0.32440
0.26276
0.23093
0.29391
0.40328
0.19926
0.12877
0.34082
0.15477
0.16942
0.41114
0.14292
0.25900
0.20858
0.29483
0.22899
0.42834
0.19562
0.34507
0.39222
0.24854
0.22547
0.28168
0.24362
0.19919
0.36685
0.19536
0.37125
0.35665
0.25023
0.23561
0.25130
0.35502
0.26368
0.20719
0.33784
0.39920
0.28466
0.30547
0.36855
0.37200
0.25848
0.26421
0.30163
0.38592
0.21506
0.23139
0.23083
0.36985
0.30182
0.25845
0.27766
0.32085
0.34362
0.23886
0.32252
0.33738
0.29523
0.30980
0.25531
0.37842
0.30801
0.25745
0.28704
0.32977
0.32679
0.26018
0.29358
0.23921
0.33662
0.26657
0.25411
0.30944
0.25929
0.23902
0.31109
0.21500
0.34692
0.20505
0.06184
0.11375
0.20534
0.18614
0.30571
0.19069
0.22662
0.33652
0.23908
0.06230
0.10355
0.03034
0.29669
0.24347
0.19601
0.31728
0.04853
0.09837
0.20309
0.22722
0.11370
0.18473
0.24675
0.27096
0.20117
0.20094
0.28061
0.04318
0.30200
0.24697
0.03449
0.07505
0.14455
0.28932
0.13692
0.20140
0.18511
0.26433
0.04718
0.03584
0.05396
0.07891
0.28201
0.13058
0.15587
0.16658
0.28030
0.14937
0.27316
0.22050
0.03682
0.25488
0.05466
0.04241
0.25944
0.19424
0.18963
0.05937
0.05249
0.22412
0.21747
0.27493
0.27460
0.02803
0.05228
0.17491
0.19467
0.22154
0.24164
0.09217
0.19967
0.15067
0.11864
0.25547
0.27237
0.15029
0.10517
0.21393
0.03172
0.03685
0.20448
0.12731
0.18449
0.27120
0.27525
0.19780
0.34708
0.25752
0.22627
0.15710
0.21130
0.12724
0.03110
0.23840
0.09404
0.07476
0.23570
0.23102
0.27943
0.26730
0.10376
0.04289
0.15993
0.19559
0.24068
0.25238
0.14811
0.22669
0.34803
0.11343
0.24123
0.17362
0.03143
0.01942
0.12547
0.10482
0.12150
0.27212
0.22461
0.11106
0.06564
0.02019
0.04927
0.09429
0.28578
