0.16468
0.13396
0.10964
0.27215
0.12566
0.13768
0.22424
0.14794
0.19041
0.08314
0.23843
0.13114
0.20939
0.13267
0.16311
0.22355
0.16361
0.19232
0.09669
0.17338
0.31153
0.17482
0.20883
0.08228
0.22606
0.19858
0.14243
0.24521
0.16036
0.21531
0.18387
0.26886
0.18052
0.12140
0.15070
0.09449
0.16494
0.15572
0.17223
0.20712
0.27299
0.27899
0.12362
0.19516
0.27482
0.23822
0.14813
0.28220
0.23804
0.15910
0.10874
0.14924
0.17165
0.31789
0.09402
0.20229
0.25536
0.16424
0.12381
0.11022
0.28423
0.30168
0.19563
0.25991
0.28657
0.32585
0.09190
0.22280
0.20769
0.07890
0.17979
0.31824
0.31576
0.19915
0.25372
0.13849
0.12012
0.05704
0.19956
0.17500
0.31743
0.20437
0.35783
0.24773
0.27945
0.32235
0.10761
0.17274
0.20115
0.22446
0.32916
0.18686
0.11705
0.27336
0.08236
0.20980
0.19737
0.23683
0.19741
0.18453
0.10647
0.19902
0.12718
0.13331
0.25739
0.26574
0.20188
0.18358
0.21500
0.31601
0.08021
0.20599
0.15954
0.25897
0.12401
0.18606
0.25967
0.11432
0.09715
0.21099
0.23691
0.13163
0.32559
0.06906
0.11121
0.17344
0.29043
0.28648
0.24003
0.24025
0.17074
0.15384
0.32313
0.36166
0.10654
0.22238
0.10164
0.27481
0.27682
0.09087
0.17196
0.03984
0.31121
0.20891
0.19033
0.33306
0.16360
0.36779
0.18202
0.09643
0.18553
0.30583
0.10981
0.30684
0.33875
0.34312
0.16129
0.19116
0.16155
0.21578
0.29720
0.27553
0.27555
0.32253
0.11327
0.14920
0.28228
0.27885
0.10361
0.27965
0.08557
0.22411
0.23342
0.08342
0.14107
0.21649
0.09729
0.16041
0.19595
0.26444
0.10393
0.11771
0.26611
0.18956
0.17019
0.18878
0.26783
0.27406
0.25502
0.23329
0.14454
0.14957
0.09588
0.12892
0.18519
0.23584
0.22267
0.20662
0.13971
0.29199
0.23804
0.12255
0.17860
0.16881
0.09565
0.24386
0.12403
0.23939
0.27171
0.12059
0.22451
0.25353
0.14978
0.26397
0.26762
0.24194
0.15120
0.29823
0.26509
0.34412
0.15232
0.21697
0.11063
0.08301
0.12272
0.11180
0.23320
0.20137
0.17654
0.13581
0.26022
0.13709
0.26443
0.15258
0.11254
0.27878
0.13066
0.10287
0.11199
0.27547
0.13199
0.32679
0.15824
0.12776
0.15714
0.22934
0.12470
0.07421
0.13145
0.11277
0.11356
0.16135
0.14268
0.24645
0.17305
0.17998
0.18055
0.08791
0.08859
0.14741
0.24946
0.16870
0.25226
0.21089
0.12777
0.25643
0.28205
0.10752
0.22524
0.10090
0.13704
0.13433
0.10014
0.07660
0.38223
0.15310
0.09957
0.22594
0.20037
0.13055
0.16579
0.34549
0.15751
0.12651
0.25858
0.12609
0.21333
0.20655
0.22698
0.18716
0.16587
0.14547
0.23798
0.21187
0.20049
0.10751
0.15905
0.18540
0.16543
0.19944
0.34037
0.28456
0.27592
0.19893
0.14525
0.29845
0.30788
0.34806
0.08151
0.26278
0.12492
0.30311
0.22071
0.09469
0.21112
0.19495
0.10563
0.21794
0.21915
0.09000
0.14983
0.09058
0.31755
0.18527
0.28104
0.17729
0.24840
0.27071
0.18048
0.12308
0.27351
0.29712
0.37204
0.24572
0.34290
0.25632
0.25891
0.26326
0.29778
0.23917
0.09738
0.15151
0.15107
0.23062
0.09565
0.09577
0.21953
0.17102
0.26407
0.13841
0.21744
0.12877
0.27283
0.27038
0.24792
0.20305
0.29031
0.17282
0.16983
0.31485
0.09423
0.20830
0.07325
0.16042
0.21180
0.05475
0.26355
0.33998
0.10070
0.10708
0.18170
0.25527
0.12679
0.09218
0.09497
0.11738
0.11086
0.15755
0.22461
0.10891
0.25384
0.19763
0.19592
0.14247
0.19457
0.27545
0.24015
0.28450
0.33786
0.20263
0.26910
0.31644
0.30629
0.33375
0.27018
0.26440
0.33132
0.26691
0.23521
0.25695
0.21384
0.29912
0.20537
0.35291
0.31778
0.25610
0.26808
0.25996
0.26048
0.36289
0.29803
0.26152
0.29608
0.30757
0.24927
0.27221
0.28603
0.28335
0.22605
0.25391
0.31229
0.30388
0.28375
0.22426
0.33085
0.27589
0.25645
0.32401
0.20073
0.30506
0.33181
0.28998
0.30811
0.30938
0.29939
0.23735
0.29511
0.31603
0.22210
0.29259
0.31711
0.27306
0.28905
0.29484
0.19959
0.30850
0.27120
0.27245
0.27664
0.25975
0.28185
0.17551
0.26435
0.35492
0.13249
0.25564
0.25431
0.21213
0.18398
0.36507
0.30504
0.29597
0.17168
0.32349
0.27630
0.25379
0.35048
0.28800
0.30632
0.29978
0.24093
0.28426
0.18649
0.34308
0.29587
0.24704
0.16062
0.31985
0.20916
0.23745
0.29329
0.24923
0.33205
0.31226
0.20102
0.30586
0.32131
0.18479
0.20547
0.30461
0.17775
0.18158
0.17494
0.29655
0.31823
0.28309
0.28259
0.24927
0.31175
0.19622
0.30952
0.29607
0.30889
0.22518
0.26344
0.30775
0.19561
0.17835
0.35045
0.26992
0.23723
0.32072
0.30343
0.24816
0.34914
0.30324
0.23878
0.29500
0.21115
0.28588
0.31444
0.29557
0.29147
0.25623
0.16208
0.32499
0.22315
0.29269
0.22793
0.29093
0.33004
0.25917
0.18712
0.21884
0.28042
0.20640
0.30856
0.19677
0.22294
0.24782
0.22824
0.24184
0.29354
0.29298
0.30829
0.24479
0.22520
0.30209
0.23105
0.24381
0.24785
0.28492
0.30910
0.16372
0.18354
0.28654
0.30016
0.24025
0.17182
0.22302
0.24881
0.23385
0.23636
0.27661
0.31872
0.18067
0.25164
0.25256
0.30418
0.18776
0.29755
0.30030
0.25126
0.37163
0.19417
0.31763
0.22904
0.33615
0.30923
0.27469
0.26785
0.29932
0.25376
0.19227
0.31331
0.28361
0.27458
0.25214
0.26354
0.32373
0.24422
0.26146
0.24354
0.32235
0.25112
0.29860
0.23398
0.27834
0.27372
0.26110
0.21195
0.27091
0.26282
0.31229
0.18104
0.31596
0.25801
0.27530
0.27716
0.26849
0.26514
0.14327
0.24619
0.29999
0.30307
0.26958
0.29541
0.30820
0.25791
0.24364
0.24080
0.27693
0.29539
0.28151
0.23462
0.17511
0.31262
0.29567
0.24448
0.28139
0.23581
0.29934
0.31066
0.21322
0.21223
0.26159
0.30139
0.31758
0.26244
0.25140
0.35152
0.33301
0.14748
0.25299
0.29003
0.26813
0.29617
0.31688
0.30551
0.22587
0.21709
0.18155
0.29907
0.28679
0.33206
0.28163
0.28950
0.29489
0.24188
0.25489
0.25686
0.24870
0.18368
0.30385
0.24030
0.22951
0.31945
0.30279
0.26228
0.22654
0.27933
0.28026
0.34071
0.30913
0.24652
0.26365
0.19982
0.30263
0.29913
0.12649
0.28443
0.19706
0.26098
0.28148
0.23666
0.28904
0.25105
0.27486
0.22603
0.26469
0.25661
0.32681
0.28621
0.27894
0.20152
0.26601
0.26169
0.23552
0.22837
0.31750
0.26881
0.34310
0.27107
0.24710
0.29131
0.26204
0.25966
0.28102
0.18936
0.29297
0.25684
0.32187
0.27537
0.27816
0.33369
0.25838
0.26479
0.30658
0.20277
0.23221
0.29933
0.25937
0.31964
0.28713
0.28592
0.32542
0.36886
0.29416
0.31734
0.26593
0.31174
0.28367
0.32810
0.26068
0.28322
0.29584
0.30632
0.29671
0.30632
0.36108
0.22713
0.26706
0.30182
0.24990
0.29330
0.31988
0.22938
0.26014
0.30860
0.22564
0.29832
0.28854
0.28718
0.25524
0.26908
0.26399
0.27823
0.27669
0.32415
0.29819
0.27337
0.32047
0.30051
0.31754
0.28066
0.28661
0.14370
0.29968
0.34249
0.32838
0.32350
0.31025
0.39097
0.39704
0.28393
0.19123
0.31435
0.35983
0.29844
0.24035
0.31659
0.33701
0.24775
0.26748
0.32639
0.25462
0.25882
0.25931
0.34326
0.35212
0.40756
0.29984
0.31573
0.27570
0.39478
0.27210
0.30599
0.31820
0.35857
0.28138
0.18949
0.29202
0.45459
0.24515
0.39899
0.41535
0.20475
0.28548
0.36635
0.32897
0.27744
0.25177
0.29929
0.24860
0.26396
0.31323
0.31809
0.28799
0.37148
0.28544
0.29158
0.26166
0.22843
0.27681
0.39270
0.24236
0.10705
0.34004
0.13601
0.17636
0.41543
0.15526
0.22525
0.22828
0.29391
0.24100
0.43831
0.18771
0.34723
0.38971
0.25953
0.23813
0.26398
0.24991
0.22169
0.35732
0.16192
0.37737
0.34875
0.27221
0.26379
0.24422
0.34674
0.29781
0.21107
0.31313
0.40360
0.32560
0.29624
0.34308
0.38002
0.22839
0.28437
0.29074
0.39512
0.21097
0.26015
0.24686
0.35615
0.29983
0.26990
0.27434
0.32346
0.37677
0.27200
0.30932
0.34363
0.29709
0.28933
0.27632
0.39772
0.29898
0.26838
0.28866
0.31309
0.34119
0.29135
0.31247
0.24296
0.33930
0.28013
0.24384
0.32419
0.32034
0.25507
0.29300
0.17579
0.29269
0.19730
0.16344
0.14958
0.21968
0.22619
0.24260
0.22994
0.27473
0.32713
0.26595
0.16552
0.19529
0.09388
0.28587
0.26305
0.16848
0.27951
0.12938
0.18455
0.19162
0.22917
0.13993
0.14791
0.24557
0.26472
0.21927
0.21782
0.29022
0.13891
0.26251
0.22123
0.04910
0.14015
0.17691
0.28986
0.14808
0.26348
0.24474
0.31091
0.13070
0.13777
0.08583
0.12348
0.28268
0.11628
0.14248
0.17023
0.29604
0.16015
0.28353
0.24553
0.14392
0.27013
0.12253
0.08595
0.27290
0.19104
0.28236
0.13987
0.16126
0.22227
0.23085
0.28179
0.23770
0.11251
0.07814
0.15763
0.22892
0.17228
0.22626
0.18140
0.22988
0.14057
0.21895
0.23932
0.32234
0.15708
0.12261
0.24495
0.10831
0.11548
0.24399
0.17804
0.18806
0.25770
0.24246
0.18857
0.32421
0.27004
0.24144
0.21773
0.20839
0.22639
0.09738
0.27470
0.15338
0.08761
0.23013
0.25742
0.25874
0.23272
0.17801
0.11034
0.18032
0.23300
0.25513
0.28225
0.21656
0.23811
0.26572
0.18018
0.24983
0.20106
0.05246
0.11072
0.21436
0.15925
0.13713
0.26229
0.29975
0.17865
0.18055
0.05532
0.09361
0.11821
0.28631
