0.10341
0.09518
0.06815
0.25772
0.08573
0.15226
0.22193
0.14119
0.15160
0.05843
0.19785
0.13668
0.16374
0.13303
0.12664
0.23814
0.13054
0.11860
0.04684
0.12077
0.27080
0.16719
0.13423
0.06736
0.23601
0.16633
0.10886
0.25279
0.10309
0.16060
0.12773
0.20407
0.14351
0.10992
0.07589
0.09508
0.11741
0.08261
0.09381
0.18736
0.30662
0.24422
0.06526
0.15172
0.30334
0.20268
0.17312
0.21294
0.18547
0.13791
0.09160
0.14237
0.16519
0.25329
0.09015
0.24964
0.19508
0.14259
0.08088
0.10033
0.28562
0.28206
0.13198
0.23960
0.29991
0.33834
0.06097
0.14980
0.12331
0.03942
0.12681
0.30425
0.29617
0.18129
0.28052
0.08249
0.10548
0.04271
0.20169
0.18116
0.31314
0.14119
0.32654
0.27788
0.23698
0.33185
0.10125
0.08872
0.11784
0.28080
0.30978
0.18501
0.08338
0.26801
0.06886
0.13976
0.23315
0.22290
0.20791
0.17403
0.09726
0.18264
0.10601
0.12050
0.23735
0.29274
0.09873
0.15991
0.13948
0.29716
0.01547
0.25310
0.08378
0.22448
0.09875
0.16815
0.25800
0.08431
0.07504
0.22576
0.22015
0.08709
0.27962
0.01995
0.10881
0.10663
0.30844
0.28352
0.13438
0.24748
0.11275
0.10666
0.24045
0.32703
0.09889
0.11866
0.05679
0.28474
0.27724
0.04131
0.16919
0.03483
0.31655
0.19114
0.11983
0.27777
0.07135
0.36551
0.16143
0.09306
0.16512
0.24526
0.12121
0.31057
0.31482
0.33474
0.07842
0.13168
0.16251
0.25258
0.21812
0.21313
0.27300
0.31856
0.10389
0.10527
0.28361
0.28758
0.03380
0.23773
0.03268
0.21112
0.22692
0.04585
0.08764
0.19014
0.07687
0.07855
0.13267
0.29098
0.09763
0.10559
0.18496
0.17204
0.04939
0.17668
0.23005
0.25785
0.26157
0.22786
0.11011
0.09655
0.04883
0.18537
0.10826
0.19704
0.16703
0.17727
0.08256
0.28153
0.21638
0.07927
0.17986
0.16492
0.08246
0.21130
0.11010
0.18840
0.25331
0.09654
0.24214
0.23382
0.13378
0.28793
0.26833
0.22812
0.12322
0.25894
0.21472
0.34407
0.13367
0.18645
0.10187
0.05608
0.14022
0.05848
0.14759
0.19542
0.18177
0.05548
0.27254
0.07007
0.22282
0.12042
0.04763
0.27105
0.10604
0.04361
0.11300
0.28731
0.03962
0.29080
0.15077
0.10812
0.11486
0.21618
0.11574
0.03565
0.12894
0.11830
0.10569
0.10994
0.14632
0.24233
0.13756
0.15850
0.21817
0.08037
0.03222
0.13130
0.20343
0.16759
0.20810
0.16752
0.11367
0.25355
0.29023
0.09039
0.20350
0.05334
0.07808
0.11400
0.08473
0.05867
0.37577
0.17225
0.07087
0.19333
0.14067
0.09125
0.17439
0.33280
0.15833
0.07753
0.31825
0.11978
0.18098
0.18804
0.19792
0.12057
0.10050
0.08045
0.15528
0.26454
0.16521
0.10217
0.18387
0.19020
0.17836
0.15019
0.32867
0.27120
0.26590
0.14847
0.11911
0.29551
0.28513
0.31492
0.02735
0.27301
0.13670
0.28075
0.17986
0.09780
0.10622
0.13661
0.11392
0.16172
0.25278
0.04972
0.06740
0.06553
0.28771
0.12524
0.22056
0.20710
0.22663
0.24937
0.11983
0.06445
0.22429
0.25176
0.34588
0.19265
0.32393
0.23980
0.25690
0.27773
0.25095
0.24929
0.05448
0.06329
0.11664
0.23216
0.03624
0.05402
0.19514
0.11792
0.24489
0.11452
0.17476
0.09841
0.26522
0.26738
0.24568
0.20863
0.31570
0.12077
0.15739
0.30712
0.05424
0.20402
0.06991
0.08978
0.20556
0.08789
0.26797
0.34790
0.07728
0.07823
0.13124
0.25046
0.10627
0.06061
0.08186
0.06283
0.05661
0.08346
0.20252
0.09238
0.29199
0.15890
0.15017
0.09229
0.17619
0.29091
0.22386
0.27859
0.35003
0.19969
0.28151
0.31391
0.29819
0.31818
0.28360
0.24435
0.35156
0.27590
0.26434
0.24432
0.24499
0.29063
0.19751
0.38269
0.31944
0.21733
0.24991
0.26229
0.26387
0.36424
0.28545
0.24044
0.31468
0.33710
0.20676
0.27121
0.31486
0.29033
0.23513
0.25644
0.28441
0.31191
0.27909
0.22403
0.34561
0.26288
0.24083
0.32138
0.21200
0.31848
0.35683
0.30686
0.30485
0.30095
0.27064
0.24462
0.29966
0.33903
0.23771
0.29070
0.31111
0.26292
0.27873
0.30254
0.22593
0.30698
0.27870
0.27721
0.31555
0.28185
0.27048
0.21055
0.26092
0.36179
0.15643
0.28096
0.22483
0.21233
0.18059
0.37521
0.30951
0.33219
0.17525
0.34915
0.28072
0.28192
0.38546
0.30466
0.29120
0.29693
0.24895
0.28872
0.16966
0.35664
0.28714
0.22953
0.18641
0.33445
0.20845
0.27539
0.28948
0.27642
0.35115
0.32235
0.23351
0.30236
0.32103
0.16363
0.20489
0.29190
0.19548
0.20162
0.15688
0.29730
0.33765
0.27807
0.26083
0.24547
0.29000
0.22510
0.30388
0.27336
0.29107
0.20730
0.28009
0.27739
0.22159
0.18684
0.35410
0.30838
0.20310
0.29283
0.33132
0.26217
0.37158
0.31520
0.24133
0.30281
0.21950
0.30983
0.32099
0.28370
0.26871
0.22865
0.17758
0.33024
0.24144
0.29046
0.24312
0.26807
0.31587
0.28207
0.22070
0.20856
0.30528
0.21893
0.29355
0.18733
0.24520
0.26480
0.20287
0.20721
0.31403
0.31428
0.32976
0.27174
0.22154
0.32505
0.22149
0.23775
0.23343
0.29438
0.29342
0.17306
0.19095
0.29674
0.26845
0.23088
0.17427
0.18980
0.27588
0.24350
0.21921
0.26539
0.30424
0.15983
0.25318
0.27272
0.28443
0.21528
0.28868
0.27897
0.28177
0.37761
0.20733
0.29136
0.24183
0.36895
0.30831
0.27004
0.28894
0.29270
0.27809
0.18813
0.31408
0.27059
0.26789
0.28730
0.27674
0.34403
0.25182
0.29486
0.21650
0.33455
0.23884
0.29496
0.23089
0.26406
0.28921
0.26750
0.21957
0.24912
0.24913
0.32704
0.22022
0.32630
0.26059
0.26723
0.28645
0.28684
0.27306
0.14899
0.24666
0.33519
0.31979
0.25577
0.28111
0.30451
0.27059
0.24303
0.21294
0.29804
0.30128
0.27108
0.23978
0.20128
0.28151
0.30856
0.26536
0.27278
0.20684
0.33183
0.29593
0.21596
0.20699
0.29211
0.29646
0.28995
0.26708
0.26005
0.34174
0.34370
0.16267
0.25100
0.32340
0.26070
0.27073
0.30389
0.34756
0.24195
0.20636
0.15830
0.26013
0.27561
0.36700
0.28801
0.28918
0.28600
0.24711
0.26056
0.29372
0.27909
0.18536
0.33162
0.22456
0.21317
0.35146
0.31824
0.26575
0.24129
0.26983
0.28849
0.31983
0.34160
0.26116
0.27131
0.18811
0.30518
0.30706
0.12892
0.28867
0.18804
0.24883
0.27824
0.23563
0.28052
0.25561
0.27280
0.24158
0.26235
0.24939
0.33415
0.28429
0.27205
0.21642
0.29485
0.26183
0.24112
0.21367
0.32698
0.27729
0.34954
0.25829
0.25061
0.28166
0.26796
0.24388
0.27982
0.19549
0.30650
0.27536
0.33499
0.28418
0.29436
0.35529
0.27499
0.27293
0.29724
0.20761
0.22305
0.28580
0.24809
0.30422
0.31625
0.27380
0.31632
0.39122
0.31371
0.30982
0.27335
0.31518
0.29414
0.36428
0.25834
0.28147
0.33175
0.32582
0.28876
0.34039
0.38378
0.25201
0.26664
0.33281
0.25471
0.30242
0.33164
0.22788
0.25660
0.34578
0.23798
0.26096
0.32347
0.28682
0.27582
0.24663
0.26598
0.28437
0.28976
0.32662
0.29744
0.25009
0.29723
0.28199
0.28930
0.27514
0.27037
0.14364
0.32363
0.31554
0.37245
0.30794
0.30315
0.38842
0.40115
0.26298
0.19706
0.29386
0.40171
0.26425
0.19675
0.30876
0.34675
0.25655
0.22737
0.34326
0.26276
0.25977
0.24841
0.32145
0.35587
0.38472
0.29147
0.28817
0.27221
0.36628
0.32466
0.28644
0.29219
0.34020
0.28778
0.20560
0.30782
0.42190
0.25408
0.39330
0.39895
0.22111
0.27741
0.34772
0.30692
0.30386
0.26599
0.27877
0.21749
0.30924
0.29625
0.27777
0.30187
0.36750
0.28115
0.28853
0.22094
0.19781
0.27462
0.36943
0.19110
0.14198
0.35492
0.13396
0.19391
0.38138
0.15978
0.20787
0.23044
0.28431
0.24820
0.42472
0.20261
0.30817
0.36863
0.23079
0.26731
0.24647
0.24069
0.22578
0.33537
0.18098
0.36049
0.35183
0.25814
0.22081
0.24490
0.36329
0.25782
0.22249
0.34757
0.41292
0.30411
0.27904
0.33669
0.34436
0.21038
0.26868
0.29787
0.40071
0.20108
0.23395
0.23491
0.34363
0.27003
0.23584
0.27652
0.30362
0.35040
0.22416
0.29620
0.30450
0.31128
0.26987
0.23206
0.37857
0.29315
0.26547
0.26442
0.26644
0.32410
0.24217
0.30500
0.25801
0.34516
0.25429
0.25660
0.28079
0.29930
0.25303
0.27809
0.22640
0.31831
0.22533
0.03429
0.16770
0.21150
0.26998
0.22811
0.18533
0.25993
0.37352
0.17734
0.06767
0.24666
0.07744
0.30684
0.24711
0.18551
0.28474
0.06554
0.12382
0.22341
0.15083
0.06738
0.07653
0.24481
0.26643
0.23256
0.21277
0.23040
0.05538
0.32547
0.16184
0.03736
0.06355
0.08388
0.28080
0.10266
0.18496
0.17432
0.28675
0.08066
0.04660
0.05508
0.05615
0.24225
0.13591
0.10181
0.15487
0.28188
0.13866
0.29632
0.20913
0.04015
0.25845
0.05466
0.09193
0.27893
0.19797
0.26901
0.04912
0.07775
0.20536
0.19623
0.27102
0.23764
0.02208
0.08032
0.14458
0.21046
0.20565
0.16683
0.09974
0.25135
0.15238
0.12937
0.25620
0.28118
0.04803
0.10090
0.16110
0.08390
0.05789
0.20667
0.10808
0.19725
0.19302
0.28541
0.20363
0.33676
0.20721
0.26962
0.17467
0.19804
0.18532
0.04079
0.25827
0.08244
0.05030
0.21318
0.22368
0.26179
0.25582
0.04153
0.02711
0.10886
0.17254
0.20422
0.29114
0.08871
0.20020
0.27650
0.11324
0.23721
0.14876
0.04958
0.02980
0.14991
0.09718
0.05591
0.25345
0.27848
0.08158
0.09546
0.06851
0.04983
0.08447
0.18759
