0.10166
0.09626
0.03654
0.24993
0.08076
0.12927
0.21078
0.14094
0.11433
0.10371
0.19177
0.12066
0.16473
0.11261
0.05288
0.22255
0.10340
0.10767
0.04425
0.11423
0.28065
0.10157
0.12367
0.06489
0.18595
0.15177
0.10335
0.26810
0.07590
0.11761
0.11863
0.24777
0.14530
0.09862
0.07023
0.09394
0.13084
0.05322
0.13691
0.15847
0.30103
0.24379
0.10122
0.13161
0.29098
0.21422
0.18419
0.22242
0.19686
0.12560
0.09184
0.13421
0.13065
0.23031
0.09342
0.19592
0.17934
0.12006
0.13740
0.08424
0.21986
0.28410
0.13045
0.19527
0.27042
0.32490
0.04113
0.20268
0.09390
0.02792
0.13537
0.32533
0.28569
0.18653
0.23212
0.09255
0.06677
0.02312
0.23788
0.17059
0.30279
0.15269
0.31567
0.27683
0.22329
0.35059
0.09325
0.07329
0.11926
0.22956
0.33293
0.16550
0.06178
0.21386
0.07834
0.17612
0.22308
0.22388
0.19676
0.16495
0.09951
0.17181
0.09972
0.11236
0.22265
0.29350
0.14452
0.15792
0.14380
0.26124
0.05031
0.26220
0.07132
0.24240
0.11038
0.14814
0.25429
0.04485
0.09273
0.18456
0.24369
0.05276
0.28596
0.01494
0.07868
0.15343
0.32102
0.27851
0.18114
0.26098
0.10348
0.14148
0.24887
0.33961
0.09532
0.14223
0.04753
0.28797
0.25413
0.04285
0.14032
0.02976
0.26724
0.21042
0.12550
0.25483
0.08457
0.33727
0.16512
0.09409
0.15071
0.24592
0.10747
0.30333
0.31068
0.31745
0.14615
0.16841
0.14139
0.19984
0.30155
0.29382
0.29497
0.32256
0.08549
0.10904
0.31371
0.21894
0.04080
0.25037
0.05845
0.22512
0.20404
0.05165
0.10375
0.22903
0.05557
0.06045
0.12261
0.23500
0.07395
0.10225
0.19014
0.16171
0.08020
0.15847
0.23153
0.26011
0.24136
0.16669
0.11046
0.13331
0.03260
0.11055
0.13397
0.24123
0.17596
0.14265
0.07983
0.25745
0.18290
0.06122
0.17841
0.16234
0.04494
0.22416
0.12389
0.18114
0.25287
0.04261
0.22547
0.23733
0.14708
0.24942
0.25191
0.25351
0.12515
0.24875
0.22232
0.33358
0.09254
0.17927
0.10754
0.03170
0.06336
0.06191
0.18274
0.16293
0.14974
0.07839
0.24218
0.13303
0.19305
0.13794
0.05469
0.27345
0.11006
0.03376
0.10196
0.28385
0.07698
0.28505
0.08472
0.09960
0.15199
0.23841
0.11314
0.05442
0.10114
0.09642
0.09353
0.11700
0.07538
0.26557
0.14062
0.14764
0.20824
0.05917
0.06825
0.13807
0.24777
0.13912
0.19453
0.18161
0.14531
0.25205
0.26816
0.08690
0.18854
0.04650
0.08932
0.13543
0.06533
0.03715
0.37597
0.17097
0.13167
0.20121
0.16303
0.04422
0.16779
0.32527
0.11954
0.08092
0.28587
0.11351
0.18898
0.17679
0.16173
0.11660
0.09527
0.12143
0.18631
0.17322
0.15909
0.09711
0.20289
0.15626
0.15402
0.13061
0.32981
0.21719
0.24975
0.12846
0.12761
0.29981
0.29869
0.32298
0.03143
0.27743
0.12988
0.28068
0.11024
0.08342
0.12528
0.10533
0.10299
0.18105
0.23307
0.07207
0.06382
0.05288
0.26835
0.13279
0.23635
0.14819
0.22946
0.25390
0.12976
0.05747
0.24488
0.29619
0.35386
0.24672
0.34433
0.23921
0.25359
0.29348
0.26827
0.25264
0.06970
0.06506
0.12583
0.20897
0.05072
0.06220
0.21840
0.12236
0.21168
0.10648
0.18019
0.10656
0.27619
0.27957
0.25198
0.18185
0.26873
0.12039
0.14600
0.29345
0.04695
0.19902
0.05409
0.07280
0.19332
0.04936
0.24787
0.33774
0.08971
0.07071
0.14576
0.24692
0.10145
0.04013
0.09047
0.06398
0.07959
0.09971
0.21505
0.06106
0.28248
0.12048
0.16495
0.09303
0.16601
0.27873
0.20017
0.28978
0.31923
0.18955
0.25039
0.31513
0.29570
0.34036
0.26304
0.27267
0.33062
0.24309
0.24563
0.23953
0.24962
0.30898
0.19839
0.34059
0.30682
0.26283
0.26649
0.25892
0.28418
0.36321
0.31392
0.24495
0.32284
0.29960
0.17199
0.29131
0.29017
0.27495
0.26029
0.25917
0.30099
0.28869
0.26173
0.22982
0.34035
0.23501
0.24659
0.30972
0.17143
0.30529
0.34914
0.29011
0.32799
0.30596
0.26418
0.23973
0.30201
0.30828
0.25019
0.31895
0.31780
0.22216
0.28533
0.30344
0.19839
0.31632
0.23542
0.27314
0.29864
0.28408
0.29855
0.15651
0.26337
0.33439
0.13629
0.26355
0.22943
0.24915
0.16313
0.37563
0.31728
0.31922
0.17730
0.33762
0.25986
0.25669
0.35760
0.30605
0.31482
0.28058
0.26036
0.26858
0.18799
0.31567
0.30167
0.26375
0.17797
0.33793
0.22718
0.26758
0.28405
0.25296
0.32300
0.29460
0.20556
0.30718
0.31199
0.18393
0.18431
0.30296
0.18465
0.18431
0.16411
0.27552
0.34279
0.29346
0.27687
0.24599
0.31631
0.20707
0.31547
0.25196
0.29991
0.20682
0.27322
0.29275
0.18665
0.18021
0.36117
0.28917
0.21456
0.30448
0.29185
0.25459
0.36216
0.28055
0.20617
0.24609
0.21144
0.28921
0.30966
0.26759
0.27336
0.24161
0.16127
0.33035
0.23501
0.30748
0.19611
0.28999
0.31474
0.25915
0.20415
0.22389
0.28537
0.20588
0.29493
0.20113
0.24512
0.25417
0.22450
0.21389
0.31168
0.30171
0.30613
0.23536
0.22273
0.29098
0.22148
0.21242
0.22351
0.27410
0.29060
0.17775
0.19015
0.26971
0.29786
0.21254
0.16835
0.21250
0.25068
0.21111
0.26510
0.28931
0.31944
0.16408
0.24355
0.26490
0.27715
0.19549
0.30309
0.23871
0.24616
0.39561
0.20009
0.27965
0.21788
0.33746
0.26541
0.22851
0.28207
0.27794
0.26946
0.19361
0.30885
0.26941
0.29068
0.26500
0.27040
0.32713
0.23663
0.27389
0.21430
0.32196
0.23164
0.30023
0.23009
0.23976
0.26991
0.26169
0.24334
0.25470
0.24833
0.32976
0.19076
0.29830
0.22185
0.26906
0.29605
0.25068
0.24156
0.15407
0.23322
0.30164
0.30585
0.25297
0.30166
0.30218
0.26018
0.25813
0.18101
0.28271
0.30384
0.28224
0.25882
0.15903
0.31095
0.27659
0.26438
0.29497
0.24836
0.32292
0.27558
0.21897
0.22065
0.27632
0.27982
0.29699
0.24478
0.24035
0.34630
0.31946
0.15404
0.25430
0.30080
0.27091
0.27979
0.31142
0.31228
0.24150
0.21206
0.17224
0.27637
0.30384
0.33034
0.27694
0.30740
0.30401
0.24834
0.25900
0.29295
0.27912
0.17354
0.29579
0.23828
0.23953
0.30837
0.29874
0.25103
0.21519
0.24404
0.26835
0.35303
0.32737
0.23272
0.25007
0.17862
0.31522
0.27917
0.13488
0.27394
0.19923
0.18453
0.28856
0.22987
0.25026
0.23290
0.29327
0.19751
0.21162
0.23877
0.32015
0.26668
0.27356
0.20618
0.25918
0.23854
0.22908
0.20414
0.33303
0.27719
0.33299
0.25447
0.26800
0.30073
0.26093
0.26996
0.27908
0.18750
0.30540
0.25757
0.31009
0.25992
0.28758
0.31531
0.26656
0.29374
0.30874
0.20116
0.23596
0.30629
0.19494
0.29040
0.28762
0.31325
0.34520
0.36041
0.27545
0.28856
0.28006
0.29033
0.29605
0.34402
0.27547
0.28492
0.31298
0.30156
0.30751
0.31806
0.35517
0.20640
0.26660
0.31059
0.22615
0.29617
0.32981
0.24765
0.24881
0.30910
0.23100
0.29709
0.28500
0.27741
0.20556
0.23883
0.28241
0.26307
0.28502
0.32415
0.28203
0.25746
0.31479
0.26840
0.33429
0.30501
0.28330
0.14050
0.32439
0.32313
0.36946
0.29872
0.30398
0.40509
0.39972
0.27290
0.20853
0.30482
0.38158
0.26713
0.21185
0.29989
0.34056
0.23928
0.23764
0.32975
0.24279
0.27708
0.24338
0.31777
0.35929
0.39856
0.31182
0.30922
0.28330
0.37758
0.28018
0.28795
0.30664
0.34548
0.25544
0.19891
0.32967
0.42984
0.26871
0.39802
0.41790
0.21736
0.29115
0.34218
0.31244
0.29281
0.27121
0.26993
0.23014
0.30184
0.28910
0.31481
0.29838
0.35620
0.27434
0.28844
0.26247
0.22716
0.26178
0.38275
0.22405
0.13367
0.35869
0.13025
0.20953
0.39788
0.15885
0.28925
0.23591
0.27550
0.22798
0.46090
0.20367
0.33928
0.38858
0.25777
0.23012
0.25338
0.24994
0.21360
0.35061
0.17729
0.37935
0.34364
0.24688
0.26412
0.23918
0.34890
0.26923
0.22289
0.32489
0.41213
0.32848
0.28970
0.35123
0.34983
0.22833
0.28031
0.28269
0.39399
0.20930
0.24865
0.25232
0.36711
0.28663
0.25126
0.26965
0.32566
0.36719
0.23793
0.30621
0.33113
0.31643
0.28190
0.22981
0.37724
0.28863
0.26810
0.27395
0.30851
0.32977
0.26325
0.29260
0.25075
0.35705
0.26712
0.26014
0.32059
0.28809
0.22757
0.26093
0.19595
0.28706
0.20200
0.06639
0.18561
0.18412
0.21442
0.27231
0.22643
0.22672
0.35622
0.19406
0.07109
0.21884
0.06270
0.33294
0.25200
0.17921
0.29720
0.04885
0.07349
0.18732
0.19572
0.07600
0.11437
0.25331
0.25553
0.19362
0.21687
0.27882
0.06271
0.30869
0.17440
0.04090
0.10557
0.13428
0.27817
0.13614
0.24468
0.19652
0.32802
0.02365
0.04380
0.05217
0.06584
0.23922
0.19376
0.08953
0.13881
0.28722
0.15694
0.30276
0.22542
0.02832
0.29492
0.04177
0.08931
0.32542
0.19503
0.26359
0.06789
0.02866
0.20051
0.18746
0.32620
0.26704
0.01520
0.07147
0.19375
0.21208
0.21234
0.24393
0.15059
0.28409
0.13861
0.13820
0.27226
0.27808
0.08957
0.14338
0.15607
0.07599
0.06625
0.19781
0.14235
0.19548
0.26765
0.22944
0.20948
0.34742
0.24288
0.25824
0.20193
0.21896
0.19415
0.03127
0.24793
0.11501
0.05606
0.24354
0.23714
0.27381
0.19818
0.04646
0.06259
0.15319
0.23258
0.23226
0.29033
0.06306
0.19674
0.32623
0.12964
0.24313
0.08645
0.08612
0.05768
0.17926
0.07357
0.10368
0.28749
0.28232
0.11811
0.10126
0.01156
0.07290
0.08199
0.30661
