0.08843
0.09559
0.04509
0.22941
0.08897
0.13227
0.21541
0.13888
0.17372
0.06957
0.17588
0.12376
0.12324
0.13264
0.07675
0.20087
0.15742
0.07548
0.06053
0.14079
0.30033
0.15525
0.12751
0.07650
0.13343
0.12980
0.10303
0.24366
0.12653
0.21897
0.13152
0.22239
0.16383
0.11624
0.11370
0.10851
0.14165
0.10882
0.12219
0.17320
0.31687
0.23877
0.07143
0.09230
0.24561
0.25910
0.13661
0.19817
0.14912
0.15391
0.10247
0.13999
0.14732
0.30111
0.09528
0.27915
0.21348
0.12237
0.09042
0.07526
0.25629
0.23235
0.15604
0.25642
0.27493
0.26652
0.06553
0.19768
0.06973
0.04760
0.11498
0.25429
0.31551
0.19242
0.25059
0.12852
0.12103
0.03621
0.21683
0.17487
0.29617
0.15751
0.30427
0.25194
0.19816
0.32213
0.11428
0.06651
0.11641
0.23703
0.28983
0.16013
0.06093
0.27196
0.07450
0.15176
0.24566
0.23509
0.20417
0.16530
0.09313
0.13771
0.16832
0.12769
0.19323
0.29222
0.13064
0.19846
0.19318
0.27388
0.03665
0.24156
0.06523
0.25597
0.14010
0.15984
0.26070
0.06350
0.08068
0.21296
0.23066
0.06538
0.23453
0.02031
0.11186
0.15855
0.28973
0.27352
0.14486
0.24619
0.07864
0.14219
0.25042
0.34024
0.13424
0.14251
0.04234
0.25875
0.21239
0.04321
0.19644
0.05719
0.30389
0.22226
0.15033
0.32396
0.09146
0.30126
0.19685
0.09147
0.21837
0.20507
0.12093
0.29375
0.28745
0.32601
0.09544
0.11812
0.16057
0.25974
0.29402
0.23279
0.28273
0.27371
0.10717
0.09697
0.27911
0.25643
0.07118
0.24031
0.04796
0.17695
0.24296
0.01741
0.11141
0.20200
0.06040
0.10949
0.15156
0.26578
0.07961
0.11454
0.19632
0.12323
0.05738
0.20153
0.18709
0.19580
0.24062
0.25532
0.17412
0.06993
0.11414
0.15429
0.11512
0.22401
0.19080
0.15281
0.09279
0.25177
0.24086
0.08226
0.14282
0.17937
0.07385
0.19781
0.12883
0.17178
0.25150
0.12654
0.21592
0.22011
0.08376
0.23555
0.24990
0.24226
0.12120
0.26813
0.20230
0.29612
0.10773
0.24472
0.13822
0.04817
0.09181
0.08650
0.14632
0.20639
0.15675
0.03858
0.26000
0.11036
0.22998
0.12636
0.04871
0.24303
0.10992
0.03263
0.11780
0.26067
0.08013
0.30924
0.11231
0.11465
0.20865
0.18339
0.12502
0.05454
0.09603
0.11873
0.13508
0.08137
0.09478
0.24259
0.14119
0.16787
0.21725
0.08298
0.06762
0.14127
0.16554
0.12813
0.20253
0.16442
0.11723
0.25639
0.24424
0.09415
0.18203
0.03857
0.08558
0.13492
0.06300
0.05466
0.33330
0.14694
0.06659
0.21882
0.13665
0.08403
0.17000
0.28174
0.12684
0.06416
0.28426
0.11627
0.19893
0.18240
0.15490
0.13928
0.09623
0.07178
0.20848
0.24167
0.16213
0.10148
0.18580
0.17986
0.17184
0.14154
0.31177
0.26329
0.22930
0.16253
0.13641
0.28747
0.30378
0.29418
0.03198
0.25278
0.12542
0.28680
0.17926
0.12012
0.13428
0.13134
0.09362
0.22779
0.23770
0.05277
0.08693
0.08450
0.24344
0.17098
0.16910
0.18429
0.22021
0.25804
0.13962
0.07570
0.18943
0.26461
0.34599
0.26888
0.31892
0.20541
0.23165
0.27413
0.26822
0.29070
0.10126
0.06175
0.13069
0.23593
0.06445
0.07902
0.18883
0.10494
0.17524
0.09110
0.18518
0.14327
0.25265
0.26418
0.26622
0.19740
0.27810
0.10472
0.16696
0.29914
0.07501
0.16553
0.08720
0.09491
0.22031
0.08266
0.23708
0.31794
0.11649
0.07877
0.15854
0.25495
0.11776
0.07285
0.08024
0.06105
0.08234
0.09987
0.18179
0.12846
0.28265
0.17709
0.18862
0.09451
0.19559
0.28838
0.25258
0.28867
0.33162
0.18013
0.28352
0.30605
0.30286
0.32406
0.27250
0.28320
0.34037
0.28633
0.25816
0.25716
0.24636
0.29874
0.18553
0.36387
0.31132
0.25630
0.27668
0.26369
0.27776
0.34772
0.27538
0.23377
0.28840
0.32656
0.24661
0.25168
0.31799
0.27317
0.27114
0.26196
0.31461
0.28305
0.28388
0.24376
0.33323
0.29669
0.23064
0.34039
0.20273
0.32319
0.34011
0.29379
0.32947
0.29547
0.31195
0.25773
0.28302
0.32828
0.21321
0.29640
0.29974
0.23352
0.28259
0.32168
0.22538
0.30688
0.27133
0.28020
0.30732
0.28330
0.28597
0.19535
0.27569
0.35810
0.16584
0.28015
0.22577
0.16268
0.19424
0.37150
0.31962
0.31292
0.19364
0.34839
0.26328
0.28918
0.35126
0.30661
0.30553
0.29349
0.24416
0.29700
0.18325
0.34936
0.30048
0.25365
0.17857
0.33478
0.20169
0.25083
0.26501
0.25429
0.34269
0.31205
0.22768
0.32472
0.33617
0.16838
0.21394
0.31824
0.20446
0.18179
0.20105
0.31294
0.32274
0.25875
0.27824
0.24945
0.30628
0.23097
0.30396
0.28567
0.28333
0.21985
0.28175
0.31011
0.26442
0.20194
0.36220
0.26713
0.22854
0.30351
0.29967
0.26476
0.36147
0.28782
0.23507
0.29389
0.20071
0.28492
0.32101
0.28424
0.27562
0.24016
0.19940
0.33611
0.26232
0.29376
0.21797
0.28309
0.30963
0.27024
0.20402
0.22015
0.29650
0.21547
0.30899
0.18667
0.23594
0.24310
0.21232
0.24245
0.31957
0.30504
0.30572
0.26575
0.26188
0.31326
0.22076
0.23506
0.21963
0.28112
0.31781
0.15935
0.19632
0.28679
0.29113
0.23171
0.18073
0.20567
0.26795
0.22817
0.27047
0.25828
0.32040
0.16187
0.25569
0.27932
0.31131
0.20820
0.29486
0.27708
0.24715
0.38598
0.22029
0.31713
0.22359
0.34949
0.30525
0.29346
0.26512
0.28794
0.28571
0.17355
0.28668
0.30196
0.25805
0.26613
0.27489
0.32230
0.26543
0.30375
0.23957
0.32874
0.24724
0.30261
0.24102
0.28386
0.29204
0.27588
0.20376
0.25355
0.27485
0.31940
0.24653
0.33103
0.24904
0.28569
0.28773
0.27531
0.28735
0.17620
0.25738
0.31041
0.32622
0.27548
0.29726
0.30526
0.27719
0.24046
0.24621
0.30848
0.29127
0.28347
0.26354
0.16203
0.30191
0.28600
0.25872
0.25489
0.24135
0.33880
0.28724
0.22693
0.20720
0.26878
0.26270
0.29944
0.26433
0.27132
0.34102
0.33348
0.16237
0.27060
0.30294
0.26578
0.30662
0.30826
0.31842
0.22836
0.22683
0.19674
0.28930
0.27232
0.34908
0.30874
0.30023
0.27710
0.24425
0.28148
0.29628
0.26730
0.19893
0.32716
0.25533
0.24552
0.32045
0.29780
0.29022
0.26747
0.28131
0.28465
0.34036
0.34191
0.27285
0.27501
0.19784
0.31398
0.29961
0.13770
0.30844
0.21125
0.25485
0.28907
0.25103
0.29467
0.25332
0.24647
0.25751
0.27004
0.25765
0.32516
0.27858
0.25872
0.20163
0.28221
0.24411
0.26665
0.22940
0.33523
0.27878
0.32159
0.27148
0.26609
0.28301
0.27103
0.23602
0.26332
0.17432
0.31602
0.27856
0.32348
0.27347
0.29744
0.33354
0.29451
0.25773
0.30787
0.15666
0.18518
0.28968
0.26783
0.31532
0.29645
0.27494
0.32691
0.37085
0.30367
0.30907
0.27622
0.29422
0.29160
0.35086
0.27034
0.27323
0.32479
0.31298
0.29673
0.31840
0.37997
0.21053
0.29902
0.34636
0.25260
0.31639
0.34135
0.25982
0.21129
0.33361
0.23044
0.28031
0.31073
0.29450
0.26222
0.27422
0.28681
0.29991
0.29953
0.31960
0.28271
0.26596
0.30472
0.28031
0.29308
0.28426
0.29272
0.15425
0.31892
0.31652
0.35610
0.32786
0.33630
0.41591
0.38270
0.27189
0.19317
0.29863
0.38351
0.30036
0.20908
0.31612
0.36165
0.25389
0.24343
0.33322
0.23485
0.26786
0.23211
0.34723
0.38009
0.42286
0.30441
0.30096
0.23942
0.39751
0.30432
0.27722
0.27156
0.36527
0.26628
0.18972
0.32560
0.44940
0.26832
0.40966
0.42407
0.20743
0.26599
0.37739
0.30842
0.29267
0.25403
0.24968
0.21774
0.28159
0.30035
0.29094
0.28984
0.37270
0.29772
0.26569
0.27074
0.21197
0.23428
0.39055
0.24513
0.14337
0.35041
0.16912
0.18654
0.39774
0.21147
0.28180
0.23697
0.25569
0.26429
0.43588
0.21488
0.32975
0.39878
0.24091
0.24086
0.23496
0.24209
0.23894
0.34073
0.20014
0.36413
0.35712
0.27183
0.26471
0.21914
0.35516
0.27391
0.23433
0.32416
0.39908
0.32851
0.27486
0.34787
0.38142
0.21726
0.28431
0.27741
0.36964
0.21173
0.24114
0.25420
0.35286
0.26706
0.26725
0.25744
0.32420
0.38805
0.23261
0.28275
0.32851
0.30406
0.29039
0.25341
0.38232
0.27048
0.27634
0.26559
0.28299
0.34531
0.26074
0.29879
0.25776
0.34155
0.27187
0.21996
0.28835
0.30428
0.24564
0.29815
0.17491
0.26459
0.18197
0.12858
0.11712
0.15019
0.24875
0.24216
0.24136
0.23877
0.34280
0.18479
0.08898
0.19133
0.06912
0.31590
0.26754
0.19556
0.27529
0.05283
0.09893
0.20590
0.20347
0.08301
0.08861
0.22083
0.28083
0.22244
0.20351
0.24045
0.07677
0.31776
0.22100
0.04945
0.03585
0.11743
0.27834
0.13818
0.21914
0.20314
0.27310
0.08954
0.06359
0.04280
0.10442
0.26291
0.10728
0.17868
0.16013
0.29368
0.17777
0.24312
0.22678
0.05110
0.21763
0.08109
0.10044
0.21784
0.19041
0.24600
0.07689
0.10215
0.20251
0.19044
0.28752
0.24918
0.05976
0.06135
0.14656
0.19907
0.13150
0.14869
0.15458
0.26915
0.17021
0.11157
0.26566
0.24776
0.08299
0.14721
0.12948
0.07167
0.05125
0.16468
0.15999
0.20749
0.25077
0.27223
0.19781
0.32914
0.17718
0.17977
0.26891
0.20609
0.14400
0.03446
0.25103
0.09982
0.06185
0.21734
0.22521
0.29422
0.25259
0.05667
0.04992
0.08437
0.22607
0.14453
0.22957
0.07248
0.15844
0.28936
0.10532
0.24802
0.08468
0.06938
0.06440
0.16148
0.07943
0.05658
0.25673
0.31367
0.09909
0.13237
0.04125
0.08246
0.06233
0.14060
