0.08744
0.11297
0.05883
0.26776
0.11119
0.11920
0.22326
0.14359
0.18326
0.06540
0.19230
0.12047
0.17402
0.10468
0.16918
0.20809
0.15294
0.11670
0.09141
0.14353
0.28658
0.13977
0.16502
0.05603
0.23410
0.14314
0.11050
0.19847
0.06573
0.14927
0.16602
0.25717
0.15971
0.11359
0.09724
0.09472
0.16287
0.10376
0.09270
0.15177
0.28773
0.24452
0.06862
0.10717
0.29883
0.18724
0.15667
0.22826
0.22083
0.13556
0.09611
0.13847
0.11338
0.29458
0.08808
0.20278
0.19447
0.16234
0.13174
0.09713
0.28208
0.29715
0.14067
0.22141
0.26049
0.31115
0.04209
0.15989
0.08682
0.02989
0.15326
0.30124
0.23795
0.15348
0.24889
0.09508
0.09959
0.05299
0.18440
0.14720
0.33251
0.13229
0.32354
0.26950
0.21906
0.27125
0.09486
0.11162
0.13562
0.24864
0.33534
0.15620
0.04454
0.27466
0.10839
0.15861
0.20000
0.22901
0.19462
0.15335
0.09565
0.16500
0.10368
0.11362
0.20241
0.27661
0.15249
0.14199
0.16479
0.26546
0.05493
0.26839
0.12502
0.23037
0.09749
0.14167
0.27407
0.04625
0.08346
0.15735
0.23598
0.06566
0.28510
0.02508
0.09248
0.09245
0.28758
0.26444
0.14637
0.26047
0.13188
0.15981
0.29216
0.35498
0.09381
0.12840
0.05632
0.28137
0.26648
0.05766
0.14041
0.05674
0.31130
0.21628
0.13120
0.29378
0.06299
0.34778
0.18567
0.08628
0.18383
0.29006
0.10642
0.30723
0.30406
0.35189
0.11116
0.16596
0.14507
0.16982
0.25079
0.26796
0.23873
0.31604
0.10011
0.12722
0.25441
0.27998
0.05636
0.23172
0.08777
0.22168
0.18980
0.06634
0.11767
0.22609
0.09979
0.07242
0.17733
0.26817
0.07018
0.10526
0.19547
0.13308
0.09235
0.19510
0.23607
0.26774
0.25225
0.15913
0.10264
0.07381
0.07330
0.14254
0.10580
0.24881
0.16748
0.14957
0.10193
0.27466
0.21726
0.14295
0.17395
0.15479
0.06351
0.17936
0.09072
0.21562
0.24499
0.08655
0.24185
0.24157
0.10830
0.24927
0.23812
0.23780
0.11924
0.17375
0.25593
0.34654
0.11796
0.17072
0.11105
0.08003
0.07561
0.05507
0.18343
0.12388
0.12991
0.06203
0.24041
0.07804
0.23013
0.13492
0.04842
0.25480
0.11045
0.02942
0.10732
0.28404
0.05242
0.29830
0.13091
0.10824
0.13403
0.21868
0.10889
0.04561
0.12612
0.11073
0.10370
0.14074
0.09597
0.19486
0.15045
0.15331
0.17736
0.05341
0.05062
0.12806
0.23866
0.17226
0.25162
0.15445
0.15441
0.22435
0.29887
0.09310
0.17463
0.03034
0.06698
0.12458
0.05914
0.04301
0.35557
0.16721
0.08111
0.18081
0.17280
0.09453
0.13814
0.35148
0.11331
0.04509
0.31188
0.12333
0.16990
0.18725
0.23842
0.12059
0.12168
0.08239
0.18458
0.21575
0.18829
0.09949
0.12627
0.13173
0.19345
0.14743
0.29153
0.26396
0.26895
0.19230
0.09039
0.26020
0.30794
0.29000
0.02659
0.26734
0.11170
0.29555
0.15347
0.08851
0.18514
0.14827
0.09107
0.12746
0.23250
0.06296
0.10386
0.07949
0.27897
0.11173
0.24785
0.13492
0.22260
0.25872
0.14505
0.08112
0.21403
0.25748
0.34840
0.22266
0.33696
0.20915
0.22129
0.30207
0.27851
0.26098
0.05994
0.05566
0.16228
0.22993
0.07830
0.03578
0.17132
0.15548
0.24483
0.12213
0.18712
0.10445
0.28757
0.25968
0.23197
0.17785
0.29331
0.13302
0.11033
0.33081
0.03952
0.22383
0.07263
0.10655
0.21204
0.03584
0.24113
0.33212
0.04969
0.10928
0.11947
0.24061
0.10110
0.05665
0.04093
0.09302
0.06067
0.10160
0.20588
0.11253
0.26440
0.18303
0.14890
0.09615
0.16787
0.26753
0.19514
0.24610
0.33376
0.20056
0.24152
0.31204
0.29517
0.31102
0.27222
0.24434
0.31476
0.23995
0.24905
0.25370
0.20634
0.29716
0.18668
0.35007
0.32351
0.24330
0.24578
0.25480
0.26742
0.35401
0.31210
0.25186
0.30373
0.30142
0.20102
0.29006
0.28818
0.25762
0.25099
0.26168
0.29234
0.30766
0.23914
0.21778
0.31769
0.26239
0.21569
0.29491
0.19449
0.29870
0.32571
0.29853
0.30173
0.32480
0.27890
0.25151
0.27518
0.32329
0.16839
0.26346
0.31839
0.22102
0.29224
0.30261
0.18658
0.31248
0.24934
0.26237
0.30589
0.27669
0.28599
0.17356
0.31164
0.33390
0.13327
0.28216
0.21405
0.20345
0.20641
0.37194
0.31623
0.29335
0.15176
0.34210
0.27613
0.25541
0.32895
0.30661
0.30251
0.29927
0.25567
0.27267
0.18667
0.32532
0.30588
0.21626
0.17855
0.32865
0.21221
0.27107
0.28230
0.26870
0.31985
0.32075
0.22182
0.27475
0.27881
0.18231
0.16960
0.28504
0.17658
0.18660
0.15090
0.29533
0.32918
0.28170
0.27845
0.24161
0.31208
0.20918
0.32203
0.25128
0.29802
0.20235
0.27271
0.29793
0.20403
0.15936
0.35079
0.29112
0.19959
0.32801
0.31032
0.23385
0.37027
0.30030
0.21944
0.26510
0.20303
0.28796
0.28857
0.26432
0.27360
0.24976
0.14807
0.27812
0.21049
0.26977
0.21864
0.24602
0.33323
0.25187
0.20041
0.22369
0.29221
0.22626
0.29584
0.20897
0.23299
0.22430
0.23370
0.19755
0.30716
0.30798
0.29544
0.26262
0.19697
0.30219
0.21611
0.20957
0.23895
0.27563
0.29895
0.15324
0.18255
0.28374
0.30208
0.15605
0.15346
0.22732
0.25252
0.22412
0.25428
0.23807
0.33774
0.17829
0.20622
0.28506
0.28663
0.20059
0.28277
0.26801
0.26654
0.37188
0.18056
0.31457
0.20693
0.34775
0.30408
0.25808
0.27749
0.30251
0.27692
0.20264
0.32592
0.29850
0.25260
0.27612
0.27419
0.32409
0.24399
0.25122
0.20237
0.32358
0.21648
0.25695
0.23022
0.24050
0.26856
0.26183
0.22731
0.26604
0.24510
0.33093
0.20564
0.28715
0.23170
0.26112
0.25099
0.26907
0.29601
0.13051
0.21390
0.30709
0.31505
0.23016
0.28399
0.28904
0.24605
0.23326
0.20413
0.29308
0.29520
0.28213
0.23579
0.19964
0.29120
0.28717
0.27268
0.26828
0.23835
0.30117
0.25426
0.16861
0.20120
0.26714
0.28769
0.29587
0.27324
0.25735
0.32921
0.32724
0.14519
0.22834
0.27755
0.28370
0.27663
0.31059
0.31610
0.21735
0.20257
0.18475
0.24997
0.29847
0.33931
0.28995
0.29596
0.31144
0.24118
0.25246
0.26150
0.26028
0.16918
0.31502
0.22149
0.24452
0.31600
0.28819
0.27702
0.23709
0.23151
0.28043
0.36119
0.32776
0.25839
0.25823
0.21372
0.32926
0.30185
0.11937
0.24324
0.22311
0.21082
0.28147
0.24555
0.25175
0.23889
0.27517
0.20897
0.20785
0.23066
0.30988
0.27811
0.26946
0.18886
0.24989
0.25629
0.22603
0.19131
0.32646
0.30082
0.34265
0.26130
0.26145
0.29716
0.25041
0.23833
0.27149
0.18358
0.32419
0.25767
0.29481
0.26379
0.29509
0.31381
0.25739
0.27085
0.32234
0.18653
0.23419
0.27436
0.21042
0.29570
0.30202
0.29614
0.33937
0.36454
0.29776
0.32006
0.28279
0.29358
0.28795
0.33755
0.25489
0.26916
0.29138
0.29524
0.29278
0.29894
0.34844
0.24376
0.24700
0.31687
0.24208
0.30498
0.33086
0.24121
0.25211
0.34806
0.22983
0.25617
0.28020
0.26724
0.22436
0.20880
0.28246
0.27526
0.27583
0.33282
0.28431
0.23783
0.33013
0.27286
0.29174
0.28718
0.27735
0.12631
0.29708
0.33602
0.37247
0.31381
0.29234
0.38916
0.37895
0.29367
0.18514
0.32507
0.37481
0.29483
0.15646
0.31702
0.31779
0.22680
0.22933
0.32189
0.23606
0.25674
0.26157
0.34854
0.35588
0.41949
0.27409
0.31033
0.26857
0.37794
0.26927
0.29903
0.31621
0.35572
0.28630
0.18108
0.32206
0.46366
0.23152
0.41996
0.40893
0.19691
0.30758
0.36899
0.30539
0.27389
0.26819
0.27313
0.22577
0.28423
0.30728
0.30749
0.32183
0.38774
0.30722
0.29743
0.23554
0.18947
0.27502
0.38470
0.23264
0.14684
0.31468
0.10278
0.17098
0.38705
0.12943
0.24949
0.20235
0.28691
0.22248
0.43885
0.17178
0.35045
0.38654
0.24236
0.22750
0.24554
0.26101
0.21028
0.35798
0.16155
0.34664
0.34020
0.24623
0.25362
0.22130
0.32676
0.29361
0.19633
0.36676
0.42345
0.30349
0.29872
0.36401
0.36701
0.22198
0.25556
0.29097
0.39187
0.19498
0.21688
0.24466
0.34085
0.27946
0.25051
0.26935
0.32548
0.37568
0.20515
0.29219
0.30719
0.29430
0.29993
0.27290
0.39031
0.29977
0.21853
0.28068
0.29963
0.32916
0.27330
0.30794
0.23256
0.31894
0.24869
0.23831
0.32000
0.28902
0.25388
0.29750
0.22195
0.31660
0.19336
0.07506
0.11381
0.23745
0.13661
0.27267
0.19834
0.22162
0.31203
0.20167
0.04385
0.24484
0.07409
0.30188
0.24279
0.18544
0.27960
0.12054
0.10725
0.21564
0.19562
0.07268
0.12047
0.22815
0.24944
0.20743
0.20103
0.24923
0.10487
0.32491
0.21656
0.06478
0.08430
0.12526
0.29354
0.11911
0.23994
0.18822
0.30516
0.06271
0.07789
0.08136
0.05966
0.21126
0.14200
0.10370
0.18779
0.30460
0.14817
0.30285
0.21770
0.06513
0.29246
0.08423
0.04644
0.28650
0.19397
0.27851
0.04716
0.05753
0.21727
0.20802
0.30360
0.26301
0.05360
0.03830
0.12684
0.20714
0.22928
0.19951
0.10288
0.20461
0.13726
0.11593
0.25766
0.24380
0.11593
0.13895
0.19933
0.07491
0.03668
0.23095
0.12163
0.18082
0.24187
0.30075
0.21271
0.32027
0.23479
0.24828
0.17473
0.17087
0.19951
0.04858
0.25911
0.10111
0.05934
0.18214
0.19906
0.28371
0.24117
0.05165
0.07664
0.13376
0.15359
0.27670
0.14725
0.10571
0.21871
0.31475
0.14659
0.23127
0.13560
0.05102
0.04491
0.18790
0.08408
0.09797
0.26248
0.21535
0.07694
0.09399
0.02764
0.04155
0.06098
0.17180
