0.07858
0.09015
0.04568
0.22628
0.07364
0.13141
0.19546
0.14037
0.15727
0.05638
0.20643
0.11339
0.17980
0.11111
0.06985
0.23336
0.16478
0.11540
0.05525
0.14058
0.27442
0.15293
0.11729
0.03366
0.20849
0.14764
0.09062
0.27584
0.06823
0.18131
0.11511
0.25451
0.12916
0.10984
0.09802
0.09670
0.15073
0.06195
0.09930
0.14799
0.27967
0.28123
0.08914
0.12396
0.27277
0.25501
0.18136
0.22898
0.14421
0.16068
0.08849
0.14335
0.14745
0.24697
0.09061
0.24710
0.23167
0.09046
0.17855
0.05915
0.27469
0.29632
0.13188
0.20700
0.23100
0.31327
0.04503
0.18244
0.10810
0.04996
0.14485
0.29298
0.31205
0.19943
0.23528
0.08554
0.05752
0.01704
0.22708
0.14320
0.29106
0.14180
0.28016
0.26958
0.23385
0.34762
0.09281
0.10551
0.11706
0.23704
0.31013
0.12899
0.05315
0.24830
0.05522
0.14470
0.21203
0.23512
0.19247
0.14186
0.09976
0.18308
0.12192
0.12847
0.20240
0.27686
0.13352
0.17077
0.18446
0.26507
0.02041
0.23709
0.07404
0.26414
0.11565
0.13208
0.25888
0.02829
0.06877
0.18240
0.22178
0.05801
0.27526
0.03578
0.10180
0.16027
0.31110
0.28290
0.14593
0.25401
0.07235
0.10529
0.31359
0.33317
0.09352
0.16011
0.05365
0.29134
0.25772
0.04387
0.13762
0.04690
0.25467
0.17677
0.11897
0.23570
0.11989
0.31964
0.16699
0.09417
0.18145
0.22071
0.10043
0.30932
0.29554
0.31994
0.11379
0.15683
0.13467
0.17734
0.26025
0.27504
0.25050
0.30634
0.09963
0.09901
0.30771
0.27650
0.06632
0.28962
0.04485
0.21302
0.20189
0.04474
0.08413
0.22212
0.07529
0.05440
0.16646
0.24012
0.07812
0.11228
0.20602
0.15970
0.08803
0.13033
0.19405
0.24523
0.24945
0.13861
0.10925
0.04703
0.05165
0.16620
0.14371
0.26297
0.15763
0.14236
0.06600
0.29598
0.24762
0.06714
0.16347
0.17356
0.03138
0.22582
0.11682
0.19896
0.26820
0.08936
0.24522
0.23204
0.10288
0.25712
0.25933
0.23189
0.12606
0.25169
0.22818
0.34916
0.11456
0.18687
0.12849
0.04234
0.10086
0.02537
0.13207
0.15907
0.13772
0.04979
0.23119
0.09714
0.23891
0.10845
0.04775
0.24474
0.12369
0.03109
0.09599
0.26408
0.05290
0.28468
0.08787
0.12115
0.16645
0.22135
0.10840
0.02956
0.11964
0.10184
0.10798
0.08678
0.10460
0.25959
0.14091
0.13916
0.20159
0.04946
0.08838
0.13533
0.23892
0.13098
0.18062
0.16106
0.09931
0.22002
0.29168
0.09136
0.16074
0.04490
0.05215
0.11939
0.05460
0.04547
0.36607
0.19121
0.07962
0.20559
0.12870
0.06482
0.12323
0.31170
0.10767
0.08061
0.27678
0.11699
0.23218
0.16157
0.15355
0.13802
0.06955
0.09779
0.18419
0.20615
0.18547
0.09766
0.16542
0.13117
0.16402
0.12779
0.36364
0.21439
0.28671
0.11876
0.09664
0.27966
0.28554
0.29043
0.03565
0.28594
0.11030
0.29998
0.11299
0.08648
0.12492
0.09371
0.09547
0.19056
0.22886
0.06138
0.08379
0.06868
0.24272
0.13250
0.19345
0.16417
0.26264
0.21677
0.10036
0.06787
0.25276
0.26481
0.38196
0.24590
0.30382
0.21896
0.24331
0.26680
0.26633
0.27848
0.05853
0.07234
0.11567
0.21422
0.04952
0.03874
0.17984
0.09727
0.18199
0.10642
0.14807
0.12083
0.27921
0.29840
0.23474
0.20920
0.30976
0.10686
0.13069
0.26744
0.02983
0.18377
0.04570
0.05391
0.19651
0.03251
0.24908
0.33106
0.05481
0.08187
0.09951
0.20411
0.10116
0.03982
0.06753
0.05025
0.07822
0.08575
0.19995
0.05820
0.29700
0.16413
0.14230
0.09349
0.20241
0.28510
0.20027
0.31602
0.34638
0.19891
0.26720
0.32117
0.32923
0.33037
0.28111
0.24357
0.34710
0.28247
0.25640
0.29591
0.23808
0.33506
0.19211
0.37073
0.32021
0.27118
0.27856
0.26437
0.28695
0.36594
0.31582
0.25741
0.31100
0.32655
0.22675
0.28069
0.31892
0.29570
0.26596
0.26388
0.30121
0.30230
0.27962
0.23155
0.34835
0.28814
0.28674
0.33867
0.20335
0.32541
0.33450
0.29931
0.30608
0.34241
0.30094
0.27473
0.29360
0.32003
0.23785
0.32843
0.30668
0.23394
0.30450
0.32797
0.18045
0.33653
0.28156
0.28374
0.31204
0.29256
0.30504
0.20136
0.27284
0.36316
0.15909
0.29665
0.24706
0.21974
0.21157
0.38168
0.32628
0.31737
0.17458
0.34914
0.27081
0.28011
0.36918
0.30383
0.31874
0.30096
0.25912
0.29748
0.20648
0.35232
0.31421
0.27787
0.18177
0.33924
0.22214
0.27989
0.28981
0.28332
0.34070
0.29875
0.23424
0.31625
0.31198
0.18737
0.21186
0.30199
0.18568
0.20530
0.17026
0.28901
0.35243
0.30174
0.29646
0.24758
0.31425
0.23922
0.32454
0.29647
0.32119
0.21047
0.27567
0.31299
0.20780
0.19634
0.36700
0.28572
0.23915
0.29171
0.30175
0.27814
0.37187
0.30760
0.24613
0.30039
0.21683
0.27852
0.33266
0.28402
0.26252
0.22788
0.17279
0.35035
0.24608
0.33239
0.23564
0.32105
0.35579
0.28796
0.22036
0.22297
0.29307
0.22109
0.31180
0.19784
0.23151
0.24305
0.24294
0.18515
0.33227
0.31820
0.32162
0.28020
0.20346
0.32430
0.22825
0.25066
0.24278
0.28657
0.28571
0.18290
0.20211
0.29077
0.28028
0.24885
0.17644
0.23565
0.27621
0.26171
0.24744
0.30635
0.35475
0.19575
0.26378
0.26893
0.28515
0.22070
0.31657
0.26916
0.25510
0.40012
0.19468
0.28326
0.22767
0.35563
0.30331
0.30655
0.29183
0.30379
0.28623
0.19868
0.32984
0.27189
0.28977
0.28058
0.28944
0.33434
0.25958
0.29986
0.23241
0.33298
0.25339
0.30830
0.22821
0.27579
0.27796
0.25842
0.22198
0.28646
0.23671
0.32415
0.22444
0.33991
0.25677
0.29900
0.27310
0.27384
0.27733
0.13885
0.24976
0.31988
0.30955
0.28088
0.29153
0.33504
0.28770
0.27316
0.26162
0.30156
0.30667
0.28397
0.25672
0.18564
0.30883
0.29722
0.27412
0.29586
0.27024
0.32771
0.32329
0.21563
0.21660
0.28015
0.28959
0.30571
0.28363
0.24847
0.35039
0.35262
0.16049
0.26220
0.30919
0.28243
0.29214
0.33360
0.33759
0.24619
0.19675
0.20593
0.27070
0.29612
0.35485
0.26490
0.30888
0.30063
0.23641
0.28219
0.30622
0.27477
0.18121
0.32884
0.19736
0.24501
0.33110
0.31533
0.30783
0.23199
0.27627
0.28171
0.35113
0.32677
0.25275
0.26345
0.21456
0.33067
0.29412
0.14328
0.28842
0.22877
0.26462
0.29839
0.24326
0.29819
0.26035
0.28849
0.24028
0.25920
0.24587
0.32969
0.30644
0.30380
0.21237
0.28663
0.25343
0.25576
0.23399
0.31924
0.25163
0.34845
0.24465
0.27287
0.29708
0.27820
0.28359
0.27605
0.18434
0.32814
0.28344
0.32826
0.26268
0.29981
0.33249
0.29112
0.26656
0.31294
0.19653
0.22711
0.30659
0.23576
0.31754
0.30360
0.30775
0.34506
0.38019
0.29305
0.31585
0.28635
0.30520
0.29869
0.35991
0.26875
0.28938
0.31843
0.32066
0.30569
0.32295
0.39117
0.22963
0.28516
0.31390
0.24454
0.31797
0.33322
0.26878
0.24592
0.32725
0.23771
0.30715
0.31177
0.29084
0.26787
0.26872
0.28980
0.27804
0.28683
0.33470
0.29537
0.27916
0.32333
0.27934
0.34122
0.28701
0.25574
0.13548
0.34087
0.31242
0.36353
0.29563
0.31840
0.41399
0.37283
0.24836
0.20392
0.26360
0.38280
0.26971
0.22185
0.31720
0.33290
0.26105
0.22832
0.33929
0.22481
0.29170
0.22864
0.34045
0.37620
0.43093
0.32377
0.29409
0.27495
0.39329
0.32222
0.30080
0.31237
0.37975
0.25226
0.20888
0.31961
0.44747
0.26014
0.40876
0.42493
0.22424
0.29991
0.35487
0.32293
0.29457
0.24346
0.27123
0.22063
0.28668
0.27404
0.31825
0.29821
0.35272
0.26770
0.24803
0.27091
0.19733
0.25609
0.37077
0.23143
0.14235
0.33497
0.14443
0.19352
0.41740
0.16021
0.24457
0.24017
0.25977
0.24865
0.45404
0.19935
0.32303
0.36976
0.25356
0.25297
0.23727
0.25862
0.24228
0.35181
0.19695
0.37376
0.36091
0.24701
0.24600
0.24852
0.33858
0.29328
0.22880
0.33464
0.42793
0.31483
0.27588
0.34601
0.33756
0.20035
0.28355
0.28795
0.41309
0.23027
0.23182
0.26269
0.35161
0.26189
0.25767
0.22556
0.30285
0.38241
0.25115
0.28754
0.33920
0.31814
0.25760
0.22540
0.41045
0.29355
0.28009
0.27336
0.27626
0.34277
0.25947
0.30873
0.24618
0.34897
0.25802
0.22845
0.30837
0.29170
0.22680
0.24792
0.15884
0.26288
0.20654
0.06844
0.11896
0.24385
0.24648
0.26763
0.18463
0.25069
0.32449
0.15140
0.05252
0.20267
0.07152
0.30991
0.28269
0.18093
0.30104
0.04950
0.09532
0.16746
0.16632
0.04724
0.14261
0.21751
0.26243
0.19864
0.21672
0.27508
0.04808
0.29557
0.21016
0.08276
0.06852
0.09240
0.27302
0.08774
0.22321
0.22415
0.29200
0.02929
0.04774
0.07465
0.05823
0.26162
0.14609
0.14360
0.20678
0.26984
0.13023
0.29924
0.22641
0.07999
0.25454
0.03323
0.04122
0.28904
0.19420
0.21023
0.05900
0.01408
0.21459
0.21859
0.25619
0.23326
0.04169
0.03824
0.15683
0.21923
0.20490
0.19856
0.05544
0.22953
0.18599
0.13403
0.26290
0.27321
0.09965
0.09267
0.12941
0.02418
0.02704
0.12759
0.12664
0.18752
0.23728
0.24848
0.20402
0.30564
0.21728
0.23259
0.16198
0.20303
0.20840
0.02755
0.25419
0.11768
0.05734
0.18903
0.22517
0.28639
0.22924
0.04627
0.10185
0.12156
0.21180
0.21343
0.28969
0.06771
0.20728
0.28280
0.14663
0.21659
0.09976
0.04066
0.04075
0.13476
0.05957
0.05056
0.23552
0.26452
0.06595
0.08525
0.02103
0.03448
0.04055
0.25889
