0.07359
0.10292
0.04935
0.23662
0.07018
0.17203
0.20227
0.14460
0.14121
0.13761
0.15592
0.13584
0.12890
0.11180
0.10716
0.22225
0.12914
0.13586
0.08755
0.11946
0.30631
0.12822
0.13733
0.05850
0.23028
0.13342
0.09424
0.24272
0.13081
0.14985
0.16201
0.24987
0.14673
0.10786
0.07452
0.09734
0.14290
0.05286
0.14203
0.14277
0.25691
0.24654
0.12299
0.13957
0.28650
0.21491
0.15479
0.23272
0.17329
0.17180
0.09127
0.15893
0.13886
0.25567
0.08923
0.27256
0.17800
0.11315
0.16248
0.08434
0.27981
0.27791
0.10513
0.22435
0.28963
0.31226
0.05485
0.15482
0.09877
0.08600
0.14014
0.31854
0.23991
0.18247
0.27973
0.12644
0.07962
0.06387
0.22825
0.16487
0.29710
0.17577
0.33366
0.27888
0.27070
0.34160
0.10331
0.07942
0.11948
0.23427
0.30795
0.11992
0.09048
0.25579
0.07358
0.17234
0.19752
0.19854
0.18743
0.15109
0.09035
0.20120
0.12158
0.10118
0.19857
0.31628
0.16109
0.16702
0.10552
0.28886
0.03957
0.25656
0.07570
0.19933
0.10652
0.19995
0.25728
0.05693
0.05052
0.16413
0.20980
0.06548
0.26491
0.02189
0.07005
0.11981
0.31294
0.26931
0.11728
0.24453
0.07072
0.07598
0.28673
0.35324
0.10110
0.13092
0.09992
0.27651
0.27145
0.10779
0.11926
0.05638
0.28792
0.20990
0.12988
0.23996
0.09793
0.35396
0.13949
0.09676
0.17936
0.26747
0.10696
0.30618
0.27794
0.33923
0.08252
0.16144
0.13516
0.18220
0.27231
0.24771
0.27461
0.31635
0.09020
0.09105
0.27265
0.28868
0.06155
0.23092
0.05602
0.23116
0.21261
0.04404
0.13245
0.20660
0.06164
0.05331
0.17683
0.27356
0.12543
0.09524
0.21223
0.18002
0.07728
0.16855
0.20338
0.24291
0.24258
0.13241
0.10203
0.03779
0.03820
0.14105
0.13338
0.23694
0.17315
0.16339
0.09099
0.27805
0.26114
0.09564
0.23008
0.13253
0.06029
0.20858
0.10287
0.19051
0.23890
0.08093
0.20849
0.23235
0.07816
0.25924
0.26562
0.25166
0.11966
0.25055
0.21404
0.33087
0.12627
0.19141
0.08565
0.06130
0.07794
0.05170
0.15299
0.17234
0.13698
0.07346
0.26898
0.13282
0.22792
0.10186
0.05768
0.25088
0.09967
0.03922
0.09766
0.24728
0.05083
0.29822
0.11448
0.11688
0.12609
0.23384
0.12262
0.04455
0.10860
0.10513
0.10229
0.10221
0.10784
0.27715
0.14595
0.15315
0.19328
0.06743
0.08417
0.14237
0.20381
0.14756
0.21155
0.19526
0.17786
0.25971
0.29330
0.08625
0.14355
0.06590
0.10298
0.12655
0.07997
0.03047
0.35333
0.17448
0.06408
0.19134
0.14251
0.06838
0.20410
0.35319
0.13405
0.04623
0.29647
0.11843
0.22166
0.16971
0.16373
0.13582
0.09125
0.07901
0.16239
0.24742
0.15356
0.09083
0.17799
0.09864
0.13757
0.12745
0.33068
0.28054
0.27501
0.16099
0.13277
0.31207
0.26963
0.33484
0.03019
0.28081
0.13477
0.26853
0.11786
0.10793
0.12202
0.10995
0.09010
0.16235
0.24026
0.07844
0.08490
0.06622
0.23856
0.15920
0.23290
0.18874
0.22141
0.20931
0.09484
0.08304
0.26990
0.28454
0.36132
0.19307
0.33989
0.22331
0.23725
0.29250
0.27846
0.29165
0.04747
0.10047
0.10586
0.21648
0.03309
0.04828
0.19926
0.11724
0.23352
0.11976
0.17046
0.10893
0.25018
0.25733
0.25560
0.21016
0.30617
0.10191
0.13872
0.31000
0.05230
0.20994
0.05699
0.06021
0.22222
0.08995
0.27128
0.35321
0.05939
0.11618
0.14695
0.27727
0.12137
0.05564
0.07315
0.07230
0.03554
0.06555
0.19603
0.08181
0.28901
0.14697
0.18141
0.08588
0.19843
0.29083
0.24422
0.29481
0.36213
0.19593
0.27475
0.32487
0.32681
0.33406
0.28885
0.26295
0.34504
0.29995
0.24444
0.26671
0.22154
0.30921
0.17784
0.38480
0.32920
0.24129
0.28277
0.24641
0.28037
0.34169
0.32438
0.25523
0.31030
0.34049
0.24843
0.27255
0.29786
0.26312
0.23501
0.26571
0.31008
0.30831
0.29401
0.24341
0.36277
0.29457
0.27931
0.33952
0.20566
0.29607
0.35462
0.28888
0.32744
0.32466
0.31818
0.23818
0.30560
0.33336
0.23886
0.31149
0.32360
0.28455
0.29575
0.29672
0.19185
0.31534
0.24945
0.27280
0.30861
0.28175
0.28781
0.17896
0.28958
0.36314
0.11483
0.28421
0.23970
0.21977
0.17475
0.35762
0.31694
0.32438
0.18185
0.34254
0.26305
0.24479
0.36920
0.31484
0.32781
0.29774
0.24002
0.27210
0.17210
0.35597
0.30575
0.26855
0.18734
0.32259
0.18318
0.25322
0.29406
0.25987
0.35133
0.31982
0.20788
0.32822
0.31618
0.16348
0.20355
0.32112
0.18507
0.20191
0.17294
0.31442
0.34355
0.30556
0.28842
0.24166
0.31469
0.20108
0.30603
0.30701
0.31302
0.21083
0.29649
0.30787
0.21430
0.21831
0.35429
0.28098
0.22102
0.32962
0.31344
0.27071
0.35236
0.30879
0.20275
0.31106
0.19966
0.29624
0.32138
0.30553
0.29516
0.24876
0.18154
0.33280
0.21078
0.30967
0.21215
0.29073
0.32225
0.29178
0.18920
0.22300
0.29292
0.20467
0.31130
0.17573
0.24965
0.23810
0.23892
0.25039
0.31651
0.32774
0.32050
0.27182
0.21124
0.32114
0.22288
0.23084
0.24610
0.31421
0.31005
0.16160
0.18450
0.29577
0.30468
0.23333
0.15296
0.22417
0.27478
0.25087
0.22973
0.27531
0.33443
0.15713
0.27336
0.28011
0.30271
0.18454
0.32099
0.28907
0.24168
0.39173
0.20052
0.32220
0.20855
0.36103
0.31093
0.29743
0.27109
0.30725
0.28961
0.18990
0.30768
0.30149
0.30324
0.28159
0.26294
0.34958
0.24657
0.27654
0.23439
0.33585
0.24765
0.32047
0.23458
0.28906
0.30052
0.26685
0.19753
0.27350
0.27207
0.31223
0.23177
0.34219
0.21624
0.28127
0.29458
0.28445
0.30278
0.17170
0.26309
0.33182
0.31797
0.28270
0.29672
0.33871
0.25709
0.25695
0.24578
0.30073
0.27594
0.30990
0.24634
0.19139
0.32534
0.31461
0.24205
0.30331
0.22671
0.33059
0.30289
0.23460
0.20217
0.29316
0.29507
0.31869
0.29034
0.26817
0.35177
0.34940
0.15032
0.24627
0.32175
0.29461
0.29675
0.30252
0.33858
0.21867
0.22940
0.19092
0.28440
0.30484
0.35740
0.30690
0.29137
0.31598
0.23288
0.26103
0.30183
0.27332
0.18285
0.32605
0.25462
0.23487
0.33637
0.30733
0.29106
0.22909
0.28587
0.29737
0.35717
0.33247
0.26566
0.28053
0.20849
0.35047
0.32182
0.13271
0.30055
0.21269
0.26690
0.30583
0.23131
0.31237
0.23352
0.28466
0.23422
0.25426
0.27086
0.34182
0.32116
0.28876
0.19814
0.29427
0.25819
0.22795
0.25366
0.34757
0.30560
0.31812
0.28181
0.27241
0.30265
0.26859
0.26524
0.28629
0.18588
0.32549
0.27833
0.32414
0.28205
0.31041
0.34944
0.28213
0.30076
0.31596
0.16092
0.23956
0.30532
0.22386
0.32648
0.30819
0.31074
0.36045
0.38476
0.31914
0.34737
0.27609
0.30755
0.27084
0.34760
0.29108
0.27551
0.32784
0.31647
0.30827
0.33281
0.38732
0.20175
0.26189
0.30684
0.26076
0.32374
0.31323
0.23404
0.25125
0.35329
0.23756
0.29640
0.31155
0.31367
0.28567
0.27314
0.28433
0.28133
0.29787
0.35494
0.29991
0.27627
0.31000
0.28125
0.32093
0.29595
0.28554
0.13541
0.31435
0.32874
0.36712
0.34919
0.29488
0.43036
0.42421
0.29640
0.19045
0.32603
0.40317
0.28867
0.18847
0.33454
0.33647
0.23202
0.25686
0.32387
0.25665
0.27786
0.26423
0.35773
0.35203
0.38737
0.29357
0.32999
0.28188
0.39839
0.29026
0.31737
0.30350
0.35533
0.29832
0.16475
0.32537
0.45730
0.22888
0.42240
0.43577
0.19580
0.31221
0.38451
0.32543
0.27762
0.26883
0.29108
0.23747
0.27603
0.33102
0.29399
0.30531
0.39039
0.31999
0.30469
0.25302
0.20932
0.27289
0.42162
0.23762
0.11402
0.32614
0.13874
0.18459
0.42464
0.16185
0.28499
0.21105
0.28569
0.22779
0.42242
0.17546
0.35797
0.41072
0.26676
0.20153
0.26893
0.25770
0.18793
0.37887
0.16887
0.35614
0.33689
0.28673
0.26299
0.25934
0.33839
0.29246
0.20585
0.35554
0.40187
0.31653
0.29464
0.37557
0.38808
0.23860
0.22850
0.28623
0.38553
0.21688
0.21545
0.24611
0.35276
0.29679
0.27451
0.28216
0.32773
0.33829
0.21957
0.30313
0.36840
0.29889
0.31116
0.26540
0.39737
0.31210
0.25068
0.30018
0.30550
0.33536
0.26770
0.32908
0.23373
0.34947
0.26861
0.26501
0.33281
0.31003
0.24529
0.31190
0.19369
0.30985
0.18205
0.03433
0.08570
0.16230
0.14513
0.25909
0.21578
0.23804
0.31393
0.19630
0.06976
0.19847
0.05656
0.29172
0.28026
0.17972
0.28504
0.02994
0.11555
0.19108
0.26165
0.05866
0.08454
0.25801
0.25414
0.22001
0.21346
0.27668
0.06889
0.28066
0.20564
0.06600
0.09030
0.14300
0.29356
0.16929
0.23704
0.22014
0.28420
0.03997
0.02679
0.03547
0.11185
0.32149
0.07072
0.20370
0.15229
0.26173
0.10968
0.25133
0.22576
0.06868
0.25492
0.05072
0.06834
0.21664
0.18702
0.22334
0.09020
0.03360
0.19631
0.21847
0.28616
0.24662
0.02381
0.06971
0.17021
0.20452
0.12918
0.17630
0.09514
0.23429
0.13301
0.11360
0.26771
0.31704
0.11882
0.17354
0.13454
0.05963
0.03203
0.15587
0.15300
0.17927
0.23757
0.29769
0.19999
0.27202
0.24400
0.25480
0.17044
0.19716
0.19587
0.02889
0.26884
0.12527
0.04602
0.16349
0.24087
0.24418
0.26513
0.03224
0.06103
0.11203
0.19763
0.16736
0.23228
0.09676
0.19589
0.27660
0.19767
0.19029
0.09014
0.02960
0.05892
0.18966
0.04596
0.06581
0.28034
0.31934
0.08070
0.08436
0.06365
0.04863
0.08692
0.23093
