0.09517
0.09617
0.07663
0.25519
0.10283
0.14343
0.22745
0.15317
0.17643
0.08553
0.16264
0.12765
0.17468
0.11557
0.12173
0.23367
0.16410
0.10390
0.08934
0.15010
0.29664
0.13912
0.14438
0.07935
0.23981
0.14527
0.11508
0.25822
0.09558
0.13381
0.16056
0.23268
0.15144
0.10999
0.11467
0.09800
0.15301
0.08313
0.11912
0.16593
0.29162
0.26111
0.07465
0.11375
0.30336
0.21164
0.14648
0.24072
0.17708
0.14937
0.09350
0.16254
0.16647
0.27792
0.08768
0.23377
0.14224
0.13818
0.12266
0.08850
0.25675
0.29778
0.10329
0.20252
0.30929
0.30517
0.04740
0.15349
0.14838
0.05151
0.12307
0.30923
0.35146
0.18608
0.24940
0.14992
0.12050
0.02096
0.18330
0.15586
0.33001
0.12159
0.31778
0.27509
0.25439
0.35395
0.09081
0.09108
0.11140
0.26171
0.32572
0.17294
0.07443
0.27421
0.08418
0.14130
0.22547
0.22931
0.19821
0.16470
0.09218
0.16364
0.10624
0.14100
0.23396
0.26236
0.15392
0.19611
0.16669
0.28836
0.03996
0.26925
0.11056
0.22779
0.11662
0.16150
0.27609
0.06182
0.04614
0.16475
0.23205
0.07220
0.28867
0.03370
0.10980
0.13893
0.30886
0.27614
0.16946
0.27086
0.09269
0.11126
0.28138
0.33289
0.11113
0.13053
0.07021
0.29692
0.22949
0.04824
0.14307
0.03674
0.28698
0.19236
0.15338
0.23739
0.08900
0.36288
0.14841
0.08592
0.16285
0.22833
0.12828
0.31613
0.29802
0.35425
0.11632
0.14374
0.15305
0.21566
0.27719
0.23837
0.25386
0.31440
0.09051
0.12741
0.22519
0.27511
0.06421
0.29866
0.03873
0.22494
0.27180
0.06372
0.12627
0.20677
0.09397
0.07161
0.18165
0.27778
0.09484
0.11281
0.21813
0.16253
0.11522
0.14888
0.23399
0.27415
0.25335
0.22330
0.13009
0.07020
0.06320
0.12675
0.15467
0.24904
0.19086
0.18995
0.09474
0.28758
0.21350
0.07794
0.19974
0.13329
0.04769
0.26095
0.11046
0.18109
0.24821
0.10987
0.27280
0.23054
0.11629
0.26501
0.25989
0.26658
0.12140
0.27128
0.24298
0.33041
0.11917
0.19792
0.08995
0.06057
0.13993
0.04975
0.18815
0.22474
0.15294
0.06224
0.26248
0.10731
0.20646
0.12274
0.04339
0.23078
0.11497
0.03788
0.10104
0.24004
0.10133
0.26493
0.09890
0.10552
0.15146
0.20422
0.10838
0.05736
0.07781
0.11814
0.10873
0.13708
0.10161
0.27500
0.13570
0.15245
0.19423
0.09757
0.07008
0.13665
0.19471
0.14897
0.20716
0.16548
0.15142
0.25872
0.29437
0.09958
0.18305
0.05413
0.13623
0.11810
0.08279
0.03146
0.34808
0.17263
0.07183
0.20773
0.17261
0.07607
0.16750
0.34289
0.10762
0.07614
0.30845
0.12569
0.20628
0.18351
0.17299
0.16526
0.12860
0.07149
0.16608
0.20385
0.16527
0.10909
0.18925
0.14900
0.19707
0.13778
0.32830
0.29637
0.28359
0.11240
0.14999
0.31374
0.31339
0.33991
0.02146
0.27364
0.10621
0.30994
0.17115
0.07467
0.17284
0.12281
0.10123
0.21985
0.26669
0.06909
0.07770
0.04708
0.28886
0.17113
0.21704
0.15814
0.23693
0.26382
0.13930
0.04651
0.27027
0.29180
0.34538
0.24506
0.32849
0.20591
0.24211
0.30310
0.25508
0.25496
0.07067
0.07411
0.15098
0.22803
0.03891
0.06860
0.19912
0.12236
0.22155
0.11425
0.16913
0.13610
0.26142
0.29722
0.26329
0.23420
0.31032
0.11076
0.17079
0.31714
0.07737
0.22460
0.05458
0.07622
0.24004
0.06617
0.22990
0.34037
0.06854
0.10053
0.13917
0.25429
0.09788
0.04669
0.03941
0.08141
0.08088
0.08696
0.18280
0.09423
0.27122
0.15940
0.22511
0.08123
0.20813
0.28301
0.23563
0.28931
0.35047
0.17447
0.29284
0.33020
0.30337
0.32840
0.28576
0.23556
0.34269
0.30006
0.23835
0.25841
0.22048
0.30156
0.19780
0.35990
0.30916
0.28069
0.26417
0.23740
0.29830
0.35615
0.30377
0.25013
0.31070
0.32381
0.20431
0.27269
0.29796
0.27267
0.26622
0.26762
0.32479
0.29805
0.28653
0.22982
0.33632
0.29506
0.25773
0.33791
0.20360
0.32119
0.34319
0.29483
0.34054
0.30778
0.32967
0.25571
0.30919
0.32500
0.24337
0.32566
0.31333
0.20844
0.27674
0.31517
0.19990
0.30583
0.25600
0.25882
0.29957
0.27962
0.29199
0.17739
0.27661
0.34675
0.12245
0.30151
0.23229
0.19942
0.21276
0.37402
0.29783
0.32164
0.15965
0.33754
0.28147
0.28760
0.35209
0.29808
0.32587
0.30175
0.24428
0.29339
0.19015
0.35319
0.29685
0.26672
0.16295
0.32468
0.22047
0.27910
0.29014
0.27833
0.33062
0.29796
0.20822
0.29315
0.30496
0.18545
0.18785
0.31133
0.18626
0.19481
0.16557
0.29096
0.33378
0.30598
0.28090
0.24178
0.31325
0.23220
0.29064
0.28650
0.31191
0.22441
0.27836
0.29089
0.22810
0.18933
0.37656
0.27271
0.23648
0.30974
0.29443
0.26646
0.34774
0.30203
0.24983
0.29434
0.21981
0.28630
0.33351
0.27893
0.29265
0.24556
0.16641
0.34731
0.24074
0.32599
0.23655
0.29543
0.31492
0.28744
0.19979
0.24318
0.31136
0.21630
0.33707
0.20521
0.25973
0.24763
0.23741
0.16148
0.32633
0.29545
0.30542
0.26827
0.19535
0.31250
0.23318
0.20070
0.22019
0.27748
0.32254
0.15758
0.18616
0.27749
0.28123
0.24295
0.15942
0.23200
0.26878
0.24228
0.25487
0.27202
0.33137
0.17376
0.22724
0.26608
0.26223
0.19320
0.31544
0.26626
0.24682
0.38986
0.18306
0.30578
0.24001
0.35470
0.29205
0.29195
0.26882
0.29719
0.28253
0.19687
0.32398
0.29263
0.27996
0.27792
0.27662
0.32518
0.22607
0.26302
0.22193
0.33158
0.25325
0.31438
0.23646
0.24985
0.28619
0.26777
0.22155
0.25292
0.25797
0.32499
0.21579
0.30640
0.22101
0.29890
0.28108
0.26467
0.31303
0.13759
0.25183
0.31763
0.31836
0.29372
0.28726
0.34338
0.27813
0.24230
0.23259
0.28290
0.29718
0.29491
0.24306
0.20874
0.31612
0.29686
0.26525
0.29607
0.23655
0.32165
0.30914
0.21528
0.21566
0.27371
0.29649
0.29836
0.28210
0.25914
0.34093
0.33815
0.14342
0.23918
0.30897
0.28382
0.28834
0.31039
0.31564
0.21997
0.20319
0.20349
0.28313
0.28330
0.33406
0.30958
0.30116
0.30482
0.23288
0.24819
0.28353
0.27449
0.18285
0.31995
0.22171
0.21039
0.34074
0.32409
0.29678
0.24900
0.25621
0.27850
0.34057
0.31970
0.26900
0.26406
0.20148
0.30476
0.31480
0.11442
0.29820
0.21676
0.24935
0.27481
0.24054
0.31074
0.26346
0.27698
0.24071
0.26942
0.23130
0.32255
0.29566
0.29418
0.19744
0.27732
0.23901
0.20359
0.24439
0.32081
0.29068
0.35201
0.26835
0.27895
0.28814
0.26503
0.25845
0.27251
0.19270
0.34503
0.26225
0.30553
0.26361
0.28659
0.33528
0.27437
0.28131
0.31439
0.18916
0.21544
0.32663
0.23564
0.31232
0.28852
0.30218
0.35045
0.36851
0.29503
0.31231
0.27059
0.31576
0.29986
0.36893
0.24793
0.28040
0.31926
0.30532
0.32588
0.32025
0.37994
0.24151
0.27667
0.35360
0.26305
0.28454
0.34834
0.23880
0.24583
0.34032
0.24530
0.30176
0.29340
0.30434
0.26967
0.25571
0.29747
0.28174
0.27426
0.30700
0.29143
0.28293
0.30939
0.28592
0.31266
0.28163
0.27499
0.13345
0.33139
0.32083
0.36198
0.31721
0.32905
0.40803
0.40275
0.26201
0.20585
0.30591
0.37657
0.27496
0.23574
0.30646
0.35126
0.24896
0.24777
0.33359
0.25333
0.28009
0.26108
0.33264
0.36314
0.42510
0.34490
0.28825
0.24406
0.39329
0.30344
0.31363
0.29265
0.37652
0.26890
0.20080
0.32976
0.46080
0.25098
0.41091
0.41542
0.20704
0.29513
0.35624
0.31854
0.28578
0.25979
0.26976
0.20833
0.30437
0.30364
0.30541
0.30878
0.39591
0.28124
0.28044
0.22137
0.20227
0.26827
0.38182
0.22170
0.15490
0.36503
0.21139
0.21289
0.40961
0.17352
0.25617
0.22536
0.27665
0.25231
0.46080
0.21135
0.33092
0.40163
0.26266
0.20422
0.24646
0.26746
0.25750
0.36710
0.18796
0.37237
0.34524
0.29442
0.25020
0.24692
0.33714
0.26904
0.23193
0.33916
0.44048
0.32859
0.30290
0.36998
0.37995
0.23742
0.27763
0.29317
0.39434
0.20877
0.23588
0.23377
0.37338
0.27015
0.26373
0.26666
0.32671
0.36030
0.26642
0.28829
0.34386
0.32807
0.29176
0.25067
0.41748
0.27389
0.29537
0.29124
0.30570
0.34913
0.27166
0.30180
0.24543
0.35571
0.26791
0.24967
0.32402
0.27539
0.23275
0.28593
0.18499
0.32602
0.19158
0.03272
0.09885
0.17843
0.25698
0.24329
0.22555
0.22371
0.34679
0.21198
0.06789
0.12814
0.04639
0.30937
0.23320
0.18184
0.25448
0.08140
0.10272
0.17075
0.18524
0.07050
0.11585
0.22267
0.29289
0.20286
0.20992
0.21757
0.05210
0.31285
0.21489
0.03336
0.06982
0.05472
0.25278
0.18215
0.19630
0.17149
0.29938
0.03710
0.05346
0.12068
0.12207
0.28059
0.10903
0.16568
0.13322
0.28382
0.15923
0.28529
0.21187
0.08902
0.28914
0.10728
0.09164
0.29069
0.18751
0.27133
0.05756
0.06247
0.18629
0.21904
0.29891
0.23048
0.05637
0.05749
0.17930
0.19530
0.18843
0.16937
0.15022
0.20716
0.14768
0.08594
0.26789
0.27990
0.11564
0.16856
0.17809
0.11302
0.02981
0.28418
0.07128
0.20059
0.25523
0.26837
0.20830
0.31347
0.23429
0.25806
0.20448
0.20959
0.16680
0.03097
0.19044
0.10574
0.07335
0.23590
0.21191
0.24790
0.22288
0.03225
0.05552
0.11036
0.12527
0.22226
0.26391
0.09667
0.24019
0.31774
0.15949
0.19270
0.10001
0.03611
0.04646
0.14899
0.06186
0.06599
0.26809
0.28376
0.12990
0.13262
0.01641
0.14477
0.09232
0.26038
