0.13929
0.09520
0.06770
0.23819
0.10102
0.16613
0.26542
0.16905
0.16900
0.09312
0.18422
0.13544
0.16232
0.13142
0.11181
0.23450
0.12982
0.14638
0.04493
0.12882
0.31881
0.17477
0.18776
0.10466
0.17745
0.17175
0.14236
0.26707
0.06213
0.15590
0.12356
0.29113
0.14399
0.10343
0.10506
0.09556
0.14254
0.09352
0.15548
0.15746
0.27983
0.28354
0.08721
0.13598
0.27215
0.23054
0.16716
0.27485
0.21014
0.15615
0.09793
0.11687
0.17374
0.29920
0.09372
0.22486
0.21943
0.11605
0.16406
0.08413
0.24847
0.30635
0.12447
0.21690
0.26541
0.31145
0.04526
0.19303
0.10135
0.04636
0.12147
0.29232
0.33465
0.21159
0.24215
0.16531
0.09759
0.05823
0.22869
0.14311
0.32682
0.23170
0.31924
0.27397
0.27638
0.35169
0.09633
0.10848
0.13605
0.23470
0.33439
0.20017
0.06147
0.27828
0.07010
0.17433
0.21337
0.21951
0.17264
0.15052
0.10459
0.18881
0.13484
0.14278
0.24870
0.27146
0.15162
0.19363
0.15288
0.29466
0.03377
0.25882
0.08524
0.25890
0.16442
0.13922
0.27648
0.06061
0.09193
0.13728
0.23664
0.07475
0.31652
0.03576
0.13294
0.15632
0.30599
0.27603
0.21566
0.24826
0.11185
0.13095
0.30211
0.34444
0.11302
0.18981
0.12084
0.27758
0.27982
0.04056
0.22695
0.02345
0.27064
0.18360
0.17520
0.27275
0.09216
0.33832
0.21526
0.09055
0.17822
0.27588
0.13658
0.32266
0.29444
0.30712
0.16996
0.17079
0.16628
0.20532
0.28011
0.26279
0.26501
0.32953
0.09105
0.14571
0.27878
0.24606
0.09220
0.26534
0.05874
0.20927
0.22677
0.06127
0.09939
0.23758
0.07150
0.07467
0.11990
0.27481
0.10536
0.10763
0.18531
0.16582
0.13169
0.22295
0.24251
0.24873
0.22365
0.21582
0.14666
0.07416
0.05372
0.14921
0.14231
0.19989
0.21186
0.19078
0.10247
0.26692
0.22331
0.05330
0.15972
0.13961
0.06245
0.22560
0.11263
0.21503
0.26542
0.10557
0.24346
0.23119
0.13907
0.23356
0.24086
0.27491
0.11635
0.26990
0.21511
0.35362
0.10773
0.24964
0.13887
0.09076
0.08808
0.10204
0.20061
0.19928
0.15709
0.09322
0.24720
0.12694
0.21200
0.14908
0.04207
0.30274
0.11213
0.05740
0.13094
0.26077
0.11311
0.28107
0.09419
0.10781
0.17121
0.22699
0.10113
0.06413
0.11782
0.11905
0.11091
0.11518
0.13065
0.24681
0.14745
0.15310
0.20909
0.09941
0.11970
0.14335
0.17625
0.16408
0.20112
0.18412
0.14944
0.26499
0.31059
0.10544
0.15590
0.10332
0.11412
0.12587
0.07619
0.06569
0.35068
0.18454
0.07886
0.17696
0.18699
0.06554
0.13089
0.32481
0.12388
0.09426
0.29662
0.12160
0.21795
0.18954
0.18851
0.19899
0.10403
0.07479
0.17318
0.19541
0.16599
0.12406
0.21421
0.19446
0.21475
0.16571
0.34044
0.26463
0.24729
0.16338
0.11510
0.30861
0.29912
0.33184
0.04247
0.23744
0.12651
0.30762
0.13100
0.06858
0.12151
0.16275
0.09743
0.26193
0.23768
0.08611
0.10624
0.09619
0.24788
0.17998
0.20961
0.17880
0.25966
0.24140
0.16396
0.04913
0.30555
0.25885
0.35860
0.27318
0.31983
0.22279
0.24079
0.29264
0.26536
0.23173
0.07884
0.09538
0.17501
0.24665
0.04988
0.08985
0.22198
0.12478
0.21704
0.13439
0.19698
0.15859
0.25710
0.28058
0.25871
0.18438
0.28875
0.14061
0.15224
0.31681
0.06948
0.19881
0.05474
0.12095
0.20228
0.06331
0.24775
0.34547
0.14089
0.06372
0.18157
0.26079
0.11487
0.05039
0.08354
0.06742
0.08580
0.10859
0.22322
0.08983
0.28192
0.17063
0.15496
0.10477
0.16904
0.29060
0.22886
0.24752
0.34935
0.18117
0.29645
0.31323
0.29077
0.31770
0.29188
0.22401
0.35077
0.25662
0.23106
0.25660
0.19872
0.26815
0.19703
0.35502
0.33294
0.25678
0.24002
0.25761
0.24487
0.35671
0.26620
0.22348
0.30737
0.32906
0.21718
0.22875
0.32964
0.26669
0.23003
0.26515
0.26908
0.32187
0.26699
0.21395
0.33913
0.26292
0.24453
0.30736
0.20670
0.28637
0.33708
0.27808
0.30975
0.29331
0.27889
0.22762
0.26300
0.34411
0.19301
0.30095
0.33016
0.25765
0.27340
0.29719
0.19900
0.27001
0.26068
0.28549
0.30489
0.26977
0.26932
0.19516
0.29569
0.37983
0.13507
0.27122
0.22945
0.22915
0.20158
0.36028
0.29755
0.33368
0.17493
0.34051
0.28336
0.24954
0.35760
0.29940
0.30648
0.28108
0.24810
0.27932
0.17165
0.36298
0.25790
0.22557
0.17319
0.31098
0.20476
0.25788
0.29595
0.26244
0.33985
0.31436
0.20217
0.32417
0.30221
0.17325
0.20640
0.28190
0.17050
0.19942
0.14003
0.30289
0.33021
0.22511
0.24982
0.24324
0.29242
0.21078
0.28467
0.27360
0.27669
0.21884
0.28296
0.26728
0.18850
0.17998
0.36034
0.29954
0.22595
0.32165
0.30932
0.24433
0.34639
0.30979
0.22712
0.29503
0.20866
0.28173
0.32777
0.27685
0.28322
0.24054
0.17226
0.32894
0.23328
0.26763
0.24363
0.24752
0.29958
0.26166
0.20001
0.20845
0.28451
0.20961
0.28603
0.19501
0.25836
0.26147
0.23068
0.22761
0.28582
0.30920
0.32042
0.22738
0.19753
0.30389
0.22350
0.20073
0.22002
0.28423
0.30716
0.16101
0.19951
0.28279
0.25792
0.22839
0.16381
0.20677
0.28204
0.23464
0.23302
0.27308
0.29810
0.16156
0.20946
0.27715
0.26438
0.19109
0.26377
0.28542
0.25525
0.37264
0.19566
0.32062
0.24437
0.35710
0.32777
0.23190
0.26134
0.26396
0.28252
0.21170
0.32035
0.28972
0.23330
0.27850
0.25652
0.33468
0.22005
0.27548
0.23467
0.33231
0.21628
0.30287
0.22489
0.24166
0.28143
0.26979
0.18648
0.22730
0.26298
0.32142
0.23096
0.29691
0.22282
0.26737
0.29910
0.26095
0.28663
0.15591
0.24439
0.31305
0.32354
0.22978
0.26836
0.28227
0.26064
0.21594
0.19399
0.29066
0.29740
0.25706
0.24102
0.19385
0.25856
0.30536
0.25454
0.28026
0.24510
0.32067
0.26870
0.22425
0.21382
0.28417
0.28881
0.28330
0.26820
0.25225
0.33731
0.35330
0.14778
0.23819
0.31930
0.25833
0.26986
0.30876
0.31978
0.21903
0.21645
0.21038
0.27801
0.26923
0.33972
0.30670
0.28804
0.27434
0.21718
0.25092
0.28613
0.28134
0.18296
0.32018
0.24063
0.22980
0.32380
0.29344
0.23780
0.22227
0.26279
0.28397
0.32099
0.31857
0.26549
0.26090
0.19818
0.29864
0.32245
0.14012
0.27492
0.19087
0.25923
0.26941
0.22532
0.29860
0.23702
0.23949
0.20540
0.24799
0.25172
0.33474
0.27327
0.26066
0.20229
0.28355
0.26852
0.21038
0.21725
0.35221
0.30223
0.35104
0.26222
0.22603
0.26132
0.23514
0.23694
0.27529
0.19933
0.33041
0.25918
0.33969
0.27550
0.30762
0.34912
0.25671
0.23897
0.28417
0.21343
0.20558
0.29115
0.22404
0.28682
0.30681
0.25709
0.30642
0.36599
0.32101
0.30950
0.26012
0.30627
0.28037
0.36493
0.23851
0.26088
0.32226
0.30901
0.27375
0.33388
0.39843
0.23250
0.28137
0.32742
0.26129
0.29886
0.32117
0.23407
0.24985
0.36197
0.23690
0.26923
0.30777
0.26194
0.24514
0.25069
0.24432
0.28206
0.29435
0.31399
0.30283
0.22640
0.27678
0.29691
0.29275
0.25863
0.28703
0.15098
0.33577
0.32222
0.38104
0.30508
0.29458
0.39151
0.40861
0.27562
0.19584
0.29956
0.40599
0.28499
0.19602
0.29344
0.33360
0.24521
0.22470
0.31367
0.25480
0.28630
0.23824
0.33557
0.34799
0.40578
0.32035
0.29157
0.26303
0.38228
0.31582
0.31494
0.30603
0.36162
0.24135
0.19737
0.32304
0.44791
0.26130
0.39324
0.41629
0.18124
0.28963
0.35387
0.30287
0.29722
0.26179
0.27828
0.23230
0.30448
0.28394
0.30438
0.31272
0.37600
0.28233
0.28692
0.25747
0.23468
0.25719
0.38228
0.23220
0.11501
0.34751
0.12050
0.20034
0.40063
0.15513
0.26252
0.22169
0.27531
0.24952
0.45152
0.18779
0.31509
0.36598
0.26428
0.21712
0.24400
0.25710
0.16887
0.35540
0.18219
0.36502
0.32722
0.24543
0.25319
0.23292
0.34020
0.29604
0.20616
0.35123
0.42443
0.33141
0.28963
0.35604
0.35848
0.20637
0.25963
0.28054
0.38882
0.21056
0.23970
0.25918
0.34578
0.27583
0.26050
0.26968
0.33591
0.37151
0.23176
0.28249
0.32691
0.31703
0.28023
0.24923
0.39616
0.29902
0.30905
0.27965
0.30373
0.31650
0.28023
0.29883
0.23378
0.32606
0.25225
0.24068
0.30999
0.31281
0.25274
0.27767
0.20207
0.29823
0.21653
0.05495
0.11203
0.22947
0.24825
0.26112
0.19944
0.22564
0.34432
0.23083
0.14208
0.17232
0.04223
0.26629
0.25890
0.20199
0.29110
0.07674
0.12823
0.18837
0.28839
0.08402
0.21343
0.21797
0.28029
0.15256
0.20928
0.26209
0.05096
0.30270
0.22048
0.04308
0.11673
0.13296
0.25253
0.18316
0.17905
0.22245
0.28454
0.10116
0.07574
0.10672
0.08536
0.26167
0.14332
0.18366
0.14438
0.29975
0.16659
0.30126
0.21184
0.07880
0.30610
0.05128
0.04890
0.25314
0.18702
0.24079
0.09714
0.09214
0.24659
0.18326
0.28686
0.22389
0.05404
0.08555
0.20189
0.21262
0.13723
0.19988
0.14779
0.25143
0.16663
0.11181
0.24140
0.29702
0.09656
0.15482
0.15791
0.08791
0.05394
0.28794
0.13288
0.19539
0.21001
0.28790
0.21185
0.33608
0.23756
0.22701
0.18496
0.24247
0.21781
0.05319
0.26239
0.11329
0.11856
0.22382
0.24372
0.27778
0.27517
0.07670
0.05892
0.18591
0.25422
0.24149
0.28894
0.12293
0.22816
0.32659
0.11378
0.26774
0.08494
0.05851
0.08941
0.15245
0.07485
0.19482
0.26100
0.25892
0.13166
0.10738
0.04068
0.05792
0.10117
0.28093
