0.11764
0.10348
0.07096
0.23530
0.09327
0.14308
0.18303
0.17059
0.12148
0.05260
0.19333
0.14715
0.16371
0.12100
0.10402
0.22525
0.16520
0.11127
0.05206
0.13571
0.30132
0.15637
0.13861
0.05106
0.24140
0.15518
0.13607
0.27564
0.14066
0.19108
0.16140
0.23292
0.12863
0.11424
0.08340
0.10080
0.15340
0.06437
0.11555
0.16086
0.28685
0.28630
0.07973
0.14571
0.28933
0.24548
0.17066
0.24400
0.17594
0.15084
0.10127
0.11454
0.13784
0.22149
0.08866
0.22635
0.17437
0.11354
0.14547
0.09326
0.26993
0.27515
0.11673
0.20069
0.27948
0.31068
0.03312
0.15374
0.11941
0.05809
0.12313
0.29858
0.29007
0.20092
0.26905
0.14572
0.09460
0.03330
0.21987
0.16323
0.30140
0.22245
0.27683
0.26824
0.24720
0.36491
0.09201
0.12698
0.13865
0.23245
0.32603
0.13281
0.09299
0.24200
0.06318
0.12798
0.23472
0.19618
0.17356
0.13425
0.09616
0.20471
0.11986
0.13580
0.23224
0.30168
0.11591
0.17229
0.22654
0.28537
0.04765
0.28585
0.08923
0.24535
0.11664
0.16036
0.28379
0.05508
0.05971
0.18971
0.19371
0.03415
0.26768
0.01694
0.12214
0.13766
0.29605
0.27827
0.22729
0.26738
0.11404
0.11852
0.28124
0.35449
0.10309
0.14780
0.07546
0.30323
0.25546
0.08285
0.15054
0.06162
0.29173
0.19565
0.13936
0.22680
0.12753
0.36917
0.20189
0.09734
0.19033
0.25976
0.12090
0.31048
0.31733
0.32885
0.13145
0.18331
0.15748
0.20975
0.26983
0.24812
0.28486
0.31994
0.09718
0.08224
0.30134
0.28492
0.06189
0.27410
0.05800
0.20924
0.26928
0.03656
0.10448
0.21372
0.08257
0.06348
0.20089
0.24303
0.08674
0.11606
0.22728
0.17048
0.09917
0.12373
0.21992
0.28634
0.24409
0.12977
0.11398
0.05734
0.03871
0.14892
0.12563
0.22086
0.24750
0.15119
0.09689
0.28300
0.21898
0.07299
0.20346
0.17231
0.06138
0.21914
0.13245
0.20266
0.26923
0.10087
0.24521
0.23570
0.09343
0.27441
0.24580
0.24865
0.12829
0.25264
0.19440
0.30888
0.11906
0.20583
0.09796
0.08705
0.12025
0.04656
0.15992
0.19839
0.14815
0.07984
0.22395
0.12502
0.19609
0.13801
0.03877
0.27168
0.13994
0.04469
0.12478
0.27923
0.08129
0.25898
0.09024
0.12377
0.16350
0.22012
0.11284
0.06435
0.11120
0.11006
0.10709
0.12105
0.07336
0.26218
0.13623
0.15462
0.19972
0.08967
0.07147
0.14157
0.18529
0.13961
0.17906
0.20271
0.17397
0.26135
0.29641
0.09344
0.15909
0.04798
0.08692
0.11981
0.09972
0.04117
0.34304
0.19672
0.05277
0.20609
0.13417
0.05506
0.14465
0.33657
0.12651
0.14243
0.31456
0.12196
0.18484
0.16141
0.13875
0.13070
0.11629
0.07700
0.16579
0.23885
0.14853
0.09603
0.22391
0.16854
0.18389
0.13784
0.30267
0.28203
0.27922
0.12774
0.08451
0.30135
0.32851
0.31661
0.03569
0.24015
0.15100
0.28274
0.13150
0.11131
0.11253
0.10716
0.09343
0.23367
0.25972
0.11627
0.08923
0.08297
0.27295
0.19280
0.17688
0.22828
0.25323
0.21956
0.13265
0.06714
0.25185
0.24299
0.36250
0.23694
0.31153
0.26078
0.25345
0.29439
0.27841
0.27775
0.06668
0.09162
0.15224
0.23333
0.06488
0.04551
0.21279
0.14132
0.20141
0.11451
0.16250
0.11630
0.26391
0.25881
0.22673
0.20911
0.27118
0.11285
0.15259
0.32282
0.10347
0.15706
0.08719
0.06040
0.22468
0.04345
0.25659
0.31972
0.08125
0.11907
0.14654
0.26558
0.10524
0.04092
0.06718
0.08565
0.07460
0.07303
0.20856
0.09534
0.28146
0.13087
0.14748
0.10482
0.18458
0.28519
0.22303
0.28059
0.34626
0.18610
0.25790
0.31422
0.28576
0.30295
0.27407
0.25330
0.35060
0.27644
0.25702
0.23752
0.21905
0.28241
0.20309
0.36334
0.33608
0.22773
0.25795
0.25644
0.25471
0.36177
0.27774
0.26102
0.29451
0.33269
0.22316
0.25337
0.28413
0.27799
0.24589
0.25290
0.28570
0.29134
0.27388
0.20811
0.34108
0.27592
0.23318
0.32905
0.19681
0.30997
0.32894
0.31012
0.31634
0.29005
0.27902
0.23567
0.28468
0.31196
0.21738
0.30448
0.30738
0.24626
0.25949
0.29809
0.20802
0.28907
0.26401
0.26543
0.28220
0.28955
0.25525
0.18489
0.27511
0.35696
0.13411
0.27967
0.24210
0.21128
0.18330
0.35981
0.30852
0.29416
0.19875
0.33339
0.26917
0.28252
0.36126
0.31671
0.30601
0.29714
0.23786
0.29647
0.19101
0.35841
0.28287
0.23789
0.19264
0.33554
0.19514
0.25579
0.29388
0.25750
0.33780
0.30189
0.20678
0.32713
0.30530
0.15891
0.17430
0.30769
0.18471
0.20216
0.16528
0.29379
0.34985
0.29340
0.25449
0.24822
0.29527
0.19945
0.28952
0.27404
0.27133
0.20206
0.27719
0.28311
0.22831
0.18199
0.35171
0.26727
0.18628
0.29713
0.30991
0.24942
0.35677
0.29566
0.23637
0.26537
0.20869
0.29714
0.31529
0.28963
0.26694
0.24041
0.17349
0.31932
0.22871
0.28541
0.20097
0.27040
0.28744
0.27654
0.19299
0.22566
0.29825
0.19628
0.28805
0.19811
0.25000
0.22980
0.23146
0.21656
0.30429
0.31346
0.31635
0.24473
0.23795
0.30193
0.22649
0.22509
0.21128
0.28746
0.30029
0.16837
0.19603
0.28412
0.26615
0.21454
0.17429
0.24140
0.27003
0.20376
0.24297
0.25346
0.29196
0.19432
0.24831
0.26606
0.27302
0.18449
0.30052
0.28143
0.28054
0.38229
0.20482
0.29089
0.23605
0.34824
0.29845
0.26399
0.27891
0.27625
0.27186
0.20640
0.32339
0.27766
0.26595
0.26329
0.27696
0.32904
0.25715
0.26110
0.25095
0.32008
0.22786
0.28628
0.23182
0.26689
0.27072
0.27420
0.21065
0.24787
0.25423
0.32812
0.23892
0.32008
0.23417
0.26501
0.28078
0.26578
0.27146
0.15884
0.23867
0.29724
0.31340
0.26771
0.27592
0.29998
0.27623
0.24243
0.21055
0.29275
0.29497
0.25599
0.26168
0.18352
0.26990
0.30521
0.26055
0.26784
0.21370
0.31856
0.29031
0.20217
0.22021
0.27356
0.28955
0.28096
0.26749
0.25656
0.34741
0.34770
0.15912
0.24178
0.30329
0.26928
0.27729
0.31307
0.32906
0.23696
0.21150
0.20893
0.26714
0.29383
0.34631
0.29939
0.29810
0.29126
0.23501
0.26835
0.27839
0.26390
0.18763
0.32514
0.22827
0.25032
0.32816
0.30189
0.24856
0.24342
0.27789
0.29298
0.31820
0.33964
0.26824
0.26884
0.20480
0.29734
0.31703
0.13622
0.28423
0.18640
0.26159
0.28623
0.23465
0.29520
0.24794
0.27834
0.22510
0.24331
0.24629
0.32888
0.26850
0.26055
0.21522
0.28200
0.25731
0.23998
0.17590
0.31901
0.26602
0.33879
0.26119
0.26545
0.30340
0.26090
0.24771
0.28803
0.20196
0.30890
0.25547
0.32337
0.24424
0.29514
0.35111
0.27857
0.27280
0.29234
0.20204
0.23000
0.29282
0.23878
0.29678
0.29539
0.29631
0.30556
0.37487
0.28035
0.32515
0.28498
0.30989
0.31350
0.32663
0.27231
0.29222
0.30444
0.31279
0.28638
0.31729
0.38292
0.24548
0.25090
0.31967
0.24526
0.30840
0.32340
0.25156
0.24349
0.33322
0.22914
0.26578
0.30653
0.26717
0.25146
0.24519
0.25387
0.27510
0.27721
0.32351
0.29879
0.24600
0.29969
0.28930
0.29141
0.28740
0.26774
0.15562
0.29904
0.30434
0.33974
0.31096
0.29913
0.38533
0.37552
0.27382
0.17638
0.29824
0.38761
0.26830
0.20560
0.29907
0.33592
0.24738
0.24590
0.30608
0.25891
0.25433
0.25046
0.33707
0.35832
0.40060
0.29887
0.29921
0.28927
0.37598
0.29197
0.30872
0.28974
0.34556
0.26303
0.17857
0.31255
0.42098
0.23033
0.38841
0.38663
0.18634
0.29097
0.34128
0.30827
0.28793
0.26111
0.26658
0.22915
0.27312
0.28493
0.28271
0.27542
0.35787
0.28908
0.28635
0.25098
0.21597
0.25741
0.38347
0.21174
0.13440
0.32968
0.11169
0.20971
0.38075
0.14948
0.23346
0.22932
0.29999
0.23899
0.44279
0.19178
0.31579
0.38395
0.24091
0.24093
0.26697
0.22403
0.23024
0.34035
0.16608
0.35485
0.35193
0.24580
0.25176
0.24304
0.34242
0.28288
0.19335
0.34208
0.42108
0.32644
0.28942
0.35649
0.36674
0.22618
0.26797
0.27861
0.37991
0.17977
0.23399
0.24124
0.35575
0.26602
0.25242
0.26889
0.29271
0.36465
0.22417
0.28990
0.35891
0.27728
0.27593
0.23001
0.37463
0.29412
0.24079
0.25934
0.29838
0.32008
0.26118
0.32369
0.22725
0.32085
0.24220
0.23698
0.31440
0.29270
0.26108
0.27053
0.19945
0.24850
0.23189
0.08357
0.08778
0.20050
0.25710
0.29505
0.19647
0.23444
0.33731
0.16152
0.07664
0.21524
0.03628
0.29872
0.24777
0.21342
0.27275
0.07596
0.14169
0.17002
0.22705
0.06097
0.09125
0.26370
0.25625
0.23529
0.21692
0.29990
0.06819
0.31090
0.26121
0.06849
0.07941
0.19212
0.28612
0.09410
0.23952
0.24221
0.31089
0.11322
0.04428
0.10888
0.10175
0.26927
0.06940
0.16264
0.17676
0.21103
0.14150
0.27775
0.21456
0.09075
0.28397
0.04581
0.02401
0.20406
0.18945
0.28307
0.04675
0.05260
0.20780
0.21101
0.26280
0.28113
0.06024
0.06990
0.18309
0.21637
0.19591
0.21991
0.11463
0.26885
0.14802
0.15128
0.24711
0.26243
0.07965
0.13465
0.11600
0.04017
0.07301
0.23697
0.08365
0.19775
0.24213
0.24346
0.19751
0.30225
0.17557
0.28019
0.12303
0.20398
0.21954
0.02385
0.26711
0.10110
0.03892
0.19829
0.24205
0.27681
0.28148
0.05754
0.08185
0.17427
0.21240
0.19313
0.21808
0.07570
0.16432
0.32731
0.14893
0.25758
0.07787
0.03051
0.04950
0.15214
0.07694
0.11703
0.25380
0.26018
0.12420
0.06098
0.03085
0.11476
0.08769
0.20501
