0.17123
0.10462
0.11057
0.26450
0.12774
0.14570
0.27492
0.18782
0.21076
0.12370
0.22855
0.15602
0.22063
0.13751
0.12567
0.23732
0.17969
0.19180
0.12119
0.15583
0.29417
0.18318
0.17686
0.08673
0.25457
0.20947
0.13557
0.28180
0.15361
0.20034
0.19216
0.27971
0.18615
0.10871
0.16432
0.09625
0.16007
0.15153
0.13418
0.22827
0.29412
0.27363
0.13465
0.19448
0.29292
0.22975
0.18122
0.25679
0.24321
0.19122
0.11287
0.19196
0.14338
0.28681
0.09516
0.24820
0.24840
0.15280
0.16901
0.15562
0.25149
0.31701
0.16925
0.22532
0.29121
0.33865
0.07906
0.18193
0.17102
0.14041
0.15767
0.31273
0.32910
0.22524
0.21214
0.21346
0.17311
0.11237
0.18543
0.17931
0.31695
0.24969
0.33365
0.26295
0.25676
0.37040
0.10073
0.12369
0.17072
0.26680
0.32508
0.20655
0.13749
0.25250
0.17300
0.22819
0.24417
0.20179
0.19769
0.15436
0.10717
0.21732
0.14551
0.14365
0.23930
0.31060
0.21697
0.19544
0.19832
0.27883
0.08580
0.29307
0.13499
0.21152
0.11667
0.21605
0.26272
0.07001
0.10080
0.23081
0.22853
0.13068
0.29699
0.05473
0.15917
0.18928
0.32159
0.25578
0.24547
0.28193
0.13282
0.15878
0.28499
0.35525
0.09624
0.19334
0.11118
0.27567
0.27152
0.08293
0.22175
0.08957
0.29231
0.20098
0.22104
0.30292
0.14317
0.34806
0.20515
0.09084
0.18309
0.30612
0.12425
0.32348
0.31146
0.30857
0.13567
0.18714
0.14910
0.25195
0.31334
0.30156
0.30944
0.33409
0.09701
0.15717
0.31866
0.27581
0.18518
0.25395
0.08406
0.26183
0.25477
0.08597
0.15651
0.20238
0.15447
0.14987
0.22724
0.26942
0.15616
0.11139
0.20858
0.20691
0.17565
0.18904
0.25069
0.26564
0.24295
0.22703
0.20094
0.12729
0.09740
0.18086
0.20854
0.22670
0.22358
0.20996
0.18549
0.30730
0.21344
0.11972
0.23647
0.17041
0.10410
0.27476
0.19052
0.23510
0.25628
0.15872
0.27113
0.23660
0.14879
0.24715
0.25095
0.24585
0.15540
0.31030
0.24369
0.34512
0.18211
0.27549
0.19540
0.12236
0.14556
0.09672
0.21372
0.23165
0.20696
0.11322
0.26323
0.15276
0.25366
0.19073
0.07149
0.27921
0.13337
0.07287
0.11199
0.25952
0.14324
0.27667
0.17533
0.12301
0.17990
0.23877
0.10976
0.12653
0.18259
0.10141
0.12750
0.22368
0.19747
0.23419
0.13535
0.19405
0.19271
0.15621
0.12780
0.16531
0.23258
0.19392
0.24831
0.21853
0.20912
0.26385
0.30388
0.10640
0.22941
0.09227
0.19955
0.14799
0.15202
0.09210
0.35074
0.21157
0.15927
0.22655
0.17597
0.12181
0.22558
0.33483
0.13899
0.11417
0.28619
0.11698
0.21900
0.20259
0.22689
0.24310
0.14743
0.16487
0.22298
0.24060
0.23445
0.11206
0.20594
0.21749
0.20855
0.22421
0.35725
0.31857
0.27137
0.23462
0.24679
0.29834
0.29581
0.33400
0.07929
0.23825
0.11883
0.24743
0.20148
0.14559
0.16075
0.20807
0.10694
0.24816
0.20645
0.13318
0.12568
0.10403
0.25972
0.23389
0.28625
0.23999
0.21999
0.24449
0.17186
0.11537
0.29629
0.27768
0.34417
0.27712
0.30194
0.24457
0.25242
0.27843
0.27188
0.24841
0.11691
0.12161
0.18296
0.22936
0.09174
0.17794
0.24425
0.17170
0.26082
0.16976
0.21578
0.17597
0.28613
0.26413
0.23360
0.23680
0.28329
0.19012
0.13100
0.31674
0.13894
0.19967
0.14540
0.09286
0.26225
0.08664
0.26580
0.31897
0.10619
0.14198
0.20718
0.26154
0.12084
0.09305
0.07362
0.08446
0.08686
0.10362
0.24089
0.14569
0.27933
0.21909
0.21631
0.14934
0.18016
0.27245
0.24405
0.29675
0.31355
0.18665
0.23905
0.31675
0.30046
0.34612
0.26007
0.26431
0.31018
0.26585
0.23433
0.26535
0.20550
0.30419
0.20606
0.35291
0.25182
0.22404
0.28846
0.27190
0.28468
0.36970
0.31154
0.24806
0.29234
0.31366
0.26199
0.28981
0.28915
0.29112
0.22879
0.25037
0.31640
0.26765
0.28305
0.21181
0.31550
0.28751
0.27453
0.31400
0.18288
0.31355
0.32451
0.30067
0.30938
0.32317
0.31695
0.25638
0.31031
0.28887
0.25615
0.30820
0.28189
0.29279
0.29383
0.31256
0.21469
0.32312
0.26741
0.25123
0.27105
0.24384
0.28808
0.18995
0.23683
0.32025
0.11611
0.28437
0.24017
0.25052
0.16174
0.37900
0.30678
0.30487
0.17322
0.31696
0.28112
0.28634
0.34868
0.28780
0.31689
0.28981
0.26382
0.28719
0.17070
0.31976
0.31351
0.26882
0.18564
0.34200
0.20884
0.26199
0.26775
0.26149
0.32358
0.26182
0.22196
0.28389
0.27144
0.15467
0.20528
0.31240
0.18872
0.19182
0.15071
0.27476
0.31786
0.29983
0.29677
0.24884
0.32325
0.22787
0.30918
0.29748
0.31256
0.22755
0.26631
0.31609
0.22159
0.18484
0.35766
0.26192
0.22231
0.31091
0.27217
0.24680
0.35889
0.28585
0.23964
0.30936
0.20463
0.26898
0.29936
0.29306
0.26581
0.23851
0.17183
0.34368
0.23392
0.31843
0.23401
0.29817
0.33556
0.25358
0.19788
0.21303
0.26686
0.21158
0.30614
0.19047
0.22941
0.25583
0.22838
0.23501
0.31606
0.25867
0.29890
0.26626
0.24109
0.29143
0.23178
0.25419
0.24119
0.24338
0.28533
0.15289
0.19404
0.29212
0.30113
0.24568
0.16501
0.20868
0.25139
0.25960
0.22674
0.29745
0.33538
0.17518
0.25484
0.24716
0.30695
0.18959
0.31701
0.25981
0.26547
0.37588
0.20839
0.28313
0.24875
0.34320
0.26493
0.28163
0.29189
0.29459
0.24135
0.17388
0.30226
0.27085
0.29532
0.23580
0.26271
0.30461
0.25558
0.24352
0.21847
0.30207
0.26826
0.30171
0.23142
0.29013
0.24700
0.26423
0.20769
0.26134
0.24004
0.31580
0.21910
0.32581
0.25991
0.30304
0.24948
0.25624
0.25194
0.14571
0.26813
0.30744
0.28695
0.28765
0.30652
0.30423
0.25609
0.25748
0.26104
0.26839
0.30031
0.30875
0.25827
0.15518
0.30766
0.27325
0.27337
0.29144
0.21222
0.30264
0.31080
0.23221
0.23135
0.25866
0.25566
0.32052
0.27846
0.25997
0.32073
0.29087
0.16024
0.26095
0.27154
0.28616
0.28832
0.30819
0.30372
0.23498
0.21292
0.16956
0.28033
0.28792
0.33031
0.26770
0.28597
0.29920
0.24108
0.26815
0.27599
0.25774
0.18871
0.29542
0.21863
0.19393
0.29388
0.29353
0.26974
0.23231
0.28629
0.24969
0.35103
0.31363
0.25523
0.23571
0.18053
0.31993
0.25384
0.13798
0.29555
0.17462
0.25750
0.30871
0.23378
0.28996
0.22780
0.29182
0.20796
0.27291
0.23851
0.28426
0.29394
0.29206
0.20654
0.26380
0.25017
0.26392
0.24584
0.26904
0.21987
0.34334
0.23956
0.26099
0.29839
0.27739
0.27153
0.25168
0.19904
0.30130
0.28892
0.28819
0.27304
0.25022
0.31915
0.22961
0.28084
0.31702
0.21608
0.22898
0.31589
0.24580
0.31430
0.26405
0.29724
0.33408
0.35043
0.26010
0.29502
0.27129
0.23753
0.27690
0.32206
0.27791
0.26951
0.30434
0.29270
0.30853
0.31126
0.34867
0.22370
0.29896
0.33012
0.23187
0.27525
0.31316
0.24749
0.26262
0.32189
0.23476
0.29408
0.30663
0.29657
0.25276
0.27781
0.27141
0.22731
0.25746
0.33239
0.26905
0.27245
0.30848
0.29534
0.32282
0.30180
0.27000
0.15279
0.28352
0.33394
0.34477
0.32967
0.26664
0.38568
0.40548
0.29452
0.17149
0.32166
0.38064
0.27069
0.14422
0.31818
0.31426
0.24768
0.24782
0.30980
0.26143
0.26309
0.24667
0.32695
0.32941
0.37069
0.29536
0.32243
0.27704
0.38015
0.30842
0.28600
0.29376
0.34723
0.26660
0.20248
0.31563
0.44230
0.23323
0.40020
0.40836
0.17657
0.29793
0.36141
0.31612
0.25214
0.26959
0.28806
0.22819
0.24636
0.30884
0.29893
0.27220
0.37458
0.30673
0.29944
0.25366
0.22686
0.26838
0.38271
0.17994
0.09825
0.33733
0.11114
0.17517
0.39416
0.14806
0.23195
0.21789
0.27091
0.24831
0.42704
0.18636
0.33267
0.39336
0.24332
0.23266
0.26884
0.19248
0.21970
0.35015
0.15922
0.37258
0.33257
0.25612
0.22617
0.24266
0.34157
0.27088
0.18769
0.33462
0.41617
0.29626
0.28179
0.34757
0.35544
0.22978
0.24880
0.28447
0.38619
0.18642
0.21264
0.23515
0.34576
0.29472
0.25196
0.28243
0.31660
0.33820
0.19983
0.31012
0.31592
0.27789
0.30475
0.24569
0.39672
0.30830
0.26297
0.28697
0.30684
0.32846
0.25732
0.30004
0.22714
0.32263
0.24173
0.26523
0.30943
0.30294
0.22860
0.29394
0.21783
0.32261
0.22126
0.06896
0.13163
0.24581
0.26422
0.28453
0.18617
0.27488
0.34817
0.27322
0.09854
0.18065
0.07960
0.32262
0.21910
0.20195
0.30428
0.11934
0.13107
0.21762
0.21970
0.16073
0.15242
0.25768
0.27027
0.20579
0.20248
0.26282
0.12033
0.32861
0.22542
0.08254
0.10939
0.19768
0.27327
0.18725
0.22401
0.22891
0.31339
0.12064
0.12739
0.17928
0.09532
0.25761
0.19203
0.21953
0.24849
0.31392
0.21914
0.29508
0.22632
0.07411
0.29529
0.09244
0.09288
0.28829
0.20229
0.32003
0.12876
0.07002
0.21298
0.19896
0.30457
0.19124
0.06532
0.11493
0.19516
0.22986
0.24972
0.22438
0.16666
0.26988
0.15271
0.17831
0.28965
0.22000
0.17883
0.17061
0.21369
0.11099
0.13253
0.28262
0.20739
0.18042
0.23808
0.22801
0.19908
0.33490
0.26521
0.24749
0.18473
0.18068
0.09454
0.07935
0.21920
0.11864
0.12822
0.21940
0.22361
0.25859
0.20616
0.12538
0.08613
0.19161
0.26802
0.28174
0.30895
0.16471
0.27436
0.31945
0.09562
0.23621
0.14856
0.15619
0.06229
0.20890
0.11685
0.13541
0.26983
0.20508
0.16315
0.10790
0.06756
0.10980
0.15306
0.31268
