0.16813
0.10913
0.12696
0.25378
0.13104
0.16608
0.25385
0.19199
0.19409
0.07137
0.24980
0.13339
0.21715
0.12311
0.16793
0.23418
0.15656
0.16129
0.13394
0.13777
0.28757
0.18621
0.22584
0.13643
0.26339
0.23231
0.16623
0.26127
0.14416
0.22267
0.18563
0.28292
0.17460
0.11031
0.15892
0.10335
0.12584
0.12593
0.19852
0.23785
0.29975
0.28340
0.14628
0.20477
0.28246
0.25816
0.19360
0.28917
0.23560
0.21466
0.11291
0.18025
0.15698
0.31022
0.10163
0.28023
0.26075
0.17715
0.21890
0.13094
0.27909
0.28822
0.24004
0.25389
0.30255
0.30087
0.10475
0.20070
0.17016
0.07754
0.13084
0.32836
0.32989
0.23046
0.24445
0.17306
0.13192
0.08388
0.19900
0.18156
0.31549
0.23519
0.35941
0.28726
0.26391
0.35251
0.11006
0.12660
0.19581
0.28440
0.34464
0.18521
0.10707
0.26484
0.13282
0.24144
0.22381
0.21242
0.20795
0.19905
0.13909
0.21051
0.13171
0.16595
0.26777
0.30014
0.20200
0.18084
0.19181
0.26023
0.10132
0.28981
0.16648
0.24167
0.17956
0.19837
0.27396
0.08856
0.15805
0.21259
0.27324
0.13567
0.30378
0.08227
0.16138
0.17373
0.32935
0.25903
0.22232
0.24264
0.14274
0.18523
0.30954
0.35202
0.14033
0.19296
0.12770
0.27444
0.27534
0.10249
0.19955
0.10744
0.30696
0.25038
0.20201
0.28216
0.18173
0.37063
0.22612
0.09189
0.17429
0.30448
0.11540
0.31674
0.32732
0.31580
0.21062
0.18170
0.17681
0.21610
0.31961
0.27896
0.27460
0.32817
0.09579
0.17516
0.28610
0.27882
0.17008
0.29484
0.12215
0.28444
0.22382
0.07635
0.14811
0.23324
0.10217
0.15286
0.18080
0.29281
0.14373
0.11357
0.23744
0.23091
0.13966
0.26015
0.24684
0.26196
0.25304
0.24313
0.21747
0.15776
0.12421
0.20369
0.23749
0.27186
0.27351
0.20968
0.13151
0.28560
0.25459
0.21223
0.24484
0.17969
0.11993
0.30155
0.16992
0.27623
0.25592
0.14301
0.24700
0.23201
0.21413
0.25088
0.23338
0.26640
0.16000
0.32135
0.24860
0.35443
0.19947
0.25160
0.15313
0.14507
0.12806
0.11893
0.21824
0.22440
0.20189
0.13512
0.24559
0.15292
0.27215
0.21785
0.11857
0.27409
0.12285
0.07866
0.16596
0.26834
0.10963
0.32214
0.19204
0.12282
0.19908
0.22370
0.10323
0.09888
0.19345
0.12677
0.13757
0.20249
0.14015
0.25110
0.14006
0.20838
0.17963
0.19817
0.10582
0.14085
0.22875
0.19280
0.22239
0.23335
0.18966
0.26336
0.28507
0.11730
0.24064
0.13904
0.16694
0.18993
0.14860
0.09656
0.36613
0.20874
0.15011
0.22749
0.19435
0.12193
0.18137
0.34301
0.14564
0.15104
0.29315
0.11686
0.24349
0.25472
0.22191
0.17975
0.16121
0.16585
0.23503
0.26744
0.18366
0.09943
0.20878
0.26351
0.24560
0.21427
0.32650
0.30719
0.27248
0.21866
0.20628
0.31099
0.29765
0.33511
0.08065
0.28688
0.16930
0.28765
0.19959
0.13542
0.18371
0.21369
0.13912
0.25252
0.23110
0.14222
0.14069
0.10525
0.27246
0.24736
0.27282
0.17714
0.22015
0.21544
0.16853
0.12930
0.30946
0.30269
0.36775
0.28788
0.31824
0.22237
0.27445
0.29440
0.28065
0.25519
0.12338
0.15633
0.21178
0.24113
0.12471
0.14302
0.25503
0.19225
0.25713
0.15044
0.22801
0.17045
0.27617
0.30618
0.25842
0.23235
0.27062
0.21776
0.12791
0.32115
0.08814
0.24854
0.11542
0.19024
0.26091
0.11382
0.26285
0.33145
0.10214
0.15835
0.24325
0.25987
0.11700
0.12573
0.17254
0.09916
0.12468
0.17808
0.25027
0.14188
0.25383
0.24635
0.23418
0.13832
0.16372
0.29844
0.17131
0.25979
0.35569
0.16610
0.28240
0.29085
0.29378
0.32163
0.29155
0.26313
0.35705
0.25872
0.22741
0.26482
0.21643
0.31696
0.19447
0.36924
0.33025
0.23080
0.26053
0.25728
0.27173
0.34798
0.28236
0.25185
0.28345
0.33165
0.25938
0.26925
0.32345
0.27125
0.24022
0.24135
0.30863
0.30785
0.25746
0.23624
0.35420
0.25818
0.22941
0.32765
0.18385
0.30921
0.34590
0.28434
0.28544
0.31410
0.29788
0.22784
0.30318
0.34242
0.19624
0.27331
0.32854
0.26061
0.28855
0.29593
0.18637
0.29036
0.25877
0.27489
0.31729
0.29720
0.27611
0.18093
0.28181
0.33591
0.15958
0.27437
0.20470
0.20157
0.21965
0.35253
0.31351
0.31224
0.18701
0.35685
0.27308
0.27339
0.35444
0.31226
0.29272
0.28380
0.23480
0.26932
0.19363
0.36712
0.29438
0.25452
0.15586
0.30722
0.19349
0.25773
0.26910
0.25295
0.34258
0.32562
0.20401
0.30976
0.30213
0.18668
0.19435
0.29901
0.16989
0.20713
0.16509
0.28834
0.28306
0.26509
0.26356
0.24386
0.31135
0.23856
0.29411
0.27131
0.28693
0.18731
0.28281
0.30351
0.21588
0.18892
0.35281
0.30676
0.17959
0.31755
0.32051
0.26744
0.34157
0.31362
0.22644
0.31646
0.20216
0.28178
0.30741
0.27018
0.29207
0.28083
0.16027
0.31619
0.23316
0.30319
0.19912
0.28293
0.31674
0.30298
0.19680
0.21127
0.27389
0.19771
0.30776
0.19118
0.23596
0.24048
0.24691
0.20740
0.29752
0.33062
0.33205
0.24183
0.20138
0.32712
0.22577
0.17221
0.21713
0.31184
0.30845
0.18071
0.20321
0.27477
0.28748
0.20975
0.15932
0.23730
0.25710
0.21791
0.25622
0.25286
0.30792
0.17460
0.23106
0.25958
0.28047
0.17794
0.28775
0.27808
0.25558
0.35972
0.19293
0.30827
0.22623
0.35017
0.32046
0.27517
0.26040
0.28064
0.25197
0.21687
0.30065
0.29101
0.27580
0.28281
0.27815
0.34346
0.25502
0.26884
0.21665
0.34527
0.24925
0.30249
0.24023
0.27013
0.27318
0.25401
0.21844
0.24830
0.25118
0.30274
0.21465
0.30183
0.23561
0.24103
0.29426
0.28903
0.28549
0.16550
0.21151
0.32731
0.33445
0.27535
0.29147
0.28629
0.27088
0.23325
0.22004
0.30231
0.28015
0.28582
0.26147
0.22211
0.29783
0.31825
0.26524
0.26992
0.23656
0.31993
0.29384
0.21090
0.19537
0.28797
0.27921
0.29375
0.26430
0.23000
0.34950
0.34837
0.15525
0.24111
0.31744
0.26360
0.29372
0.30608
0.33059
0.24333
0.20127
0.20308
0.27048
0.26919
0.35143
0.27842
0.28810
0.29051
0.22993
0.26540
0.26553
0.28030
0.17126
0.32525
0.20237
0.24972
0.34541
0.28043
0.22173
0.23396
0.25680
0.28785
0.31465
0.34445
0.25796
0.28073
0.19418
0.29195
0.32104
0.12213
0.25210
0.21809
0.23086
0.27491
0.23744
0.26723
0.24584
0.24193
0.19632
0.23064
0.24402
0.32205
0.25152
0.27793
0.19263
0.30219
0.26193
0.22195
0.20450
0.32892
0.27932
0.32918
0.27551
0.23033
0.28584
0.24727
0.21729
0.26744
0.19168
0.31957
0.25075
0.33955
0.27056
0.30368
0.34466
0.25529
0.24913
0.29685
0.16780
0.21508
0.30482
0.24288
0.33082
0.30084
0.27771
0.32329
0.38217
0.29777
0.34253
0.27628
0.27307
0.27606
0.35147
0.26400
0.26069
0.32133
0.32551
0.30287
0.32031
0.38063
0.20636
0.27462
0.32343
0.26500
0.32685
0.33415
0.25986
0.24351
0.34449
0.22690
0.30908
0.30519
0.28878
0.24960
0.25130
0.27366
0.27333
0.28421
0.32729
0.29100
0.27724
0.30902
0.27817
0.30726
0.27589
0.28580
0.12706
0.29917
0.32430
0.33233
0.31154
0.32725
0.39427
0.39292
0.28611
0.18846
0.30047
0.37421
0.28119
0.19373
0.30816
0.34599
0.24332
0.24010
0.32597
0.24775
0.26236
0.26027
0.32754
0.36367
0.41020
0.26408
0.31567
0.29615
0.38003
0.28875
0.29688
0.29840
0.33511
0.26048
0.20512
0.31768
0.44581
0.24991
0.39535
0.40853
0.22041
0.30695
0.34277
0.29997
0.29750
0.25557
0.28292
0.20204
0.28433
0.30016
0.28368
0.29744
0.37846
0.29825
0.28762
0.25955
0.22134
0.26521
0.39282
0.21175
0.12499
0.34081
0.11649
0.18309
0.39801
0.18581
0.26027
0.22246
0.27774
0.21902
0.44160
0.20304
0.32987
0.38193
0.24257
0.22422
0.25624
0.22446
0.19204
0.35525
0.19386
0.37154
0.35787
0.25375
0.24907
0.23712
0.34222
0.27433
0.21348
0.35026
0.42447
0.30606
0.28452
0.35169
0.34819
0.22983
0.28755
0.30527
0.37888
0.20974
0.21766
0.21823
0.32936
0.27806
0.25259
0.27345
0.30544
0.35676
0.22685
0.31247
0.34517
0.29123
0.28946
0.24805
0.35120
0.28321
0.26505
0.27510
0.29664
0.31318
0.25766
0.31171
0.23471
0.34092
0.26970
0.25142
0.33721
0.29818
0.23957
0.26824
0.21276
0.28046
0.20763
0.08437
0.20362
0.22388
0.22326
0.30179
0.21486
0.24995
0.35059
0.26575
0.10861
0.22232
0.10778
0.24978
0.25351
0.18341
0.28305
0.11654
0.18128
0.22912
0.17918
0.15281
0.14787
0.24534
0.22586
0.23586
0.21629
0.20643
0.14281
0.31406
0.20148
0.12182
0.11925
0.18577
0.27713
0.17437
0.22235
0.19273
0.29111
0.18097
0.14197
0.08740
0.17645
0.26968
0.17200
0.12616
0.21444
0.30006
0.18651
0.30046
0.21812
0.13192
0.26931
0.13235
0.07601
0.29826
0.19233
0.28995
0.14054
0.13713
0.17596
0.19535
0.26058
0.26833
0.10623
0.12483
0.18962
0.21574
0.18745
0.23569
0.19156
0.25757
0.18600
0.19033
0.24645
0.29115
0.16941
0.21566
0.26922
0.16191
0.10602
0.23292
0.19780
0.19272
0.26827
0.25937
0.18387
0.33503
0.26320
0.27831
0.23339
0.21029
0.25021
0.07298
0.23978
0.13250
0.17580
0.22673
0.27156
0.26995
0.21803
0.12764
0.17322
0.18245
0.26838
0.20989
0.28667
0.07989
0.24789
0.29440
0.17758
0.22464
0.19753
0.09431
0.11892
0.17576
0.12771
0.18512
0.26436
0.27782
0.15319
0.20952
0.04455
0.16655
0.21231
0.26321
