0.14337
0.11336
0.08411
0.27324
0.11091
0.14988
0.22453
0.15960
0.20126
0.06806
0.19152
0.12591
0.16832
0.13345
0.15467
0.23523
0.14464
0.12622
0.10255
0.15574
0.30771
0.13841
0.19234
0.08211
0.22395
0.16808
0.13813
0.25027
0.08514
0.15796
0.16698
0.25832
0.18260
0.10087
0.12029
0.10898
0.12756
0.10289
0.11221
0.18360
0.29353
0.29523
0.09132
0.13044
0.27366
0.23831
0.16846
0.27746
0.19236
0.19080
0.10189
0.16915
0.14346
0.30693
0.09293
0.24882
0.20833
0.13285
0.14174
0.11977
0.27494
0.31645
0.14165
0.20566
0.29890
0.33138
0.07332
0.20909
0.11047
0.05779
0.12923
0.29753
0.29053
0.21631
0.24632
0.14571
0.11937
0.03147
0.20325
0.15543
0.30617
0.18359
0.35834
0.27098
0.28245
0.34768
0.10289
0.10139
0.16510
0.27976
0.30754
0.19835
0.10418
0.27824
0.09824
0.18099
0.19624
0.23104
0.21162
0.16858
0.11031
0.19076
0.15209
0.13911
0.23081
0.28192
0.19685
0.17935
0.19745
0.28933
0.04549
0.23438
0.09963
0.28094
0.15725
0.14105
0.25941
0.06206
0.11221
0.20515
0.24686
0.09730
0.27685
0.03390
0.13006
0.15137
0.30056
0.26190
0.19172
0.25782
0.11392
0.15894
0.30736
0.34949
0.11490
0.18858
0.08323
0.27481
0.27113
0.07072
0.13797
0.03451
0.30342
0.16638
0.17425
0.27455
0.09953
0.36005
0.17829
0.10221
0.15076
0.27504
0.13906
0.30604
0.28914
0.31749
0.14085
0.15272
0.17897
0.17057
0.27677
0.26145
0.29898
0.32873
0.09591
0.14306
0.30598
0.24989
0.07054
0.25451
0.06559
0.23448
0.25825
0.07283
0.14812
0.24528
0.09601
0.07071
0.17352
0.28200
0.05774
0.12310
0.20874
0.17447
0.12535
0.18953
0.23918
0.27932
0.26313
0.18787
0.16382
0.07237
0.04614
0.16050
0.17029
0.25688
0.25209
0.22174
0.11033
0.23151
0.22766
0.07535
0.20356
0.18230
0.05486
0.25807
0.09958
0.22215
0.26559
0.10634
0.28821
0.22349
0.13048
0.25471
0.26901
0.24963
0.14564
0.27328
0.22455
0.33276
0.10998
0.17290
0.15057
0.08909
0.12991
0.08359
0.21945
0.22919
0.17483
0.07767
0.27684
0.13390
0.25114
0.16857
0.07349
0.28443
0.11897
0.06864
0.10433
0.29473
0.11534
0.28882
0.10976
0.15205
0.15647
0.22363
0.10814
0.06049
0.12821
0.10086
0.12998
0.19111
0.12648
0.28844
0.13602
0.18174
0.20433
0.09191
0.11563
0.13805
0.18874
0.17513
0.19416
0.19839
0.17390
0.24360
0.24810
0.09078
0.15188
0.04924
0.12548
0.13703
0.11065
0.06170
0.35102
0.19528
0.09588
0.19378
0.15744
0.09917
0.10729
0.32029
0.13627
0.13711
0.29579
0.12541
0.20030
0.18960
0.19646
0.17364
0.11361
0.09347
0.20640
0.23118
0.16359
0.09698
0.17130
0.22368
0.18891
0.17520
0.31750
0.30444
0.28421
0.15764
0.12241
0.27873
0.29724
0.31350
0.06243
0.25309
0.11461
0.28920
0.13347
0.08679
0.13517
0.15638
0.11342
0.24549
0.23539
0.08446
0.10382
0.08850
0.25777
0.17497
0.24454
0.12570
0.21072
0.26373
0.16892
0.07826
0.28523
0.27088
0.38874
0.27738
0.31182
0.23548
0.26628
0.30804
0.28003
0.27719
0.05594
0.09073
0.16981
0.24175
0.06611
0.07286
0.22740
0.15794
0.24528
0.11283
0.17364
0.13722
0.30790
0.24561
0.25049
0.20127
0.30206
0.14874
0.15905
0.33487
0.10739
0.22930
0.05485
0.11965
0.23030
0.08591
0.23969
0.33774
0.09510
0.09816
0.17180
0.23565
0.11095
0.08971
0.06475
0.07751
0.08562
0.10210
0.21873
0.08262
0.31158
0.19184
0.16179
0.11344
0.18851
0.29056
0.20517
0.29503
0.34007
0.18517
0.28918
0.28968
0.29957
0.32866
0.29195
0.24743
0.35243
0.26369
0.25150
0.27689
0.19403
0.31047
0.18360
0.35110
0.31763
0.26464
0.27078
0.24798
0.26001
0.32888
0.29464
0.24102
0.29880
0.29725
0.24038
0.26715
0.33914
0.26261
0.22929
0.24607
0.29885
0.30807
0.28141
0.22402
0.34391
0.27477
0.24917
0.32280
0.18812
0.31273
0.32945
0.28692
0.32837
0.31708
0.29176
0.24152
0.28940
0.33277
0.22067
0.31085
0.30553
0.26763
0.28519
0.30054
0.19410
0.31997
0.26619
0.26082
0.31829
0.29205
0.27539
0.18427
0.26529
0.35015
0.12946
0.27149
0.23347
0.18956
0.19522
0.36367
0.29212
0.31101
0.16093
0.35106
0.26535
0.28634
0.34712
0.31491
0.31137
0.27864
0.25566
0.26650
0.19393
0.36054
0.29840
0.25983
0.17993
0.31845
0.18875
0.26108
0.27707
0.25311
0.34515
0.31426
0.22067
0.28847
0.28721
0.19019
0.18497
0.30173
0.18638
0.18235
0.17114
0.31073
0.34374
0.27636
0.28279
0.24404
0.30451
0.21645
0.30351
0.29238
0.30092
0.19391
0.27873
0.29374
0.20145
0.18043
0.35052
0.29792
0.19476
0.31636
0.31634
0.23392
0.35942
0.29552
0.22531
0.28403
0.20516
0.27902
0.29089
0.28580
0.27817
0.26562
0.15083
0.31797
0.20445
0.31274
0.22012
0.28413
0.33406
0.28964
0.19177
0.23631
0.28024
0.20202
0.30086
0.19450
0.24220
0.24011
0.24369
0.22293
0.31341
0.30941
0.31458
0.23975
0.19867
0.32863
0.20220
0.21322
0.22928
0.29132
0.30693
0.18801
0.17968
0.28558
0.28157
0.21000
0.14852
0.21305
0.25778
0.22820
0.24159
0.28454
0.32747
0.16876
0.25007
0.23494
0.29144
0.18209
0.29805
0.27634
0.25015
0.37086
0.19590
0.30892
0.23114
0.33479
0.31444
0.25491
0.25746
0.30483
0.25788
0.17948
0.29584
0.29719
0.24783
0.28648
0.27361
0.33396
0.23859
0.28294
0.22902
0.35461
0.24633
0.30062
0.23063
0.27705
0.25983
0.27609
0.22258
0.26244
0.26514
0.30836
0.18965
0.30482
0.22858
0.28264
0.27283
0.29097
0.27451
0.13117
0.23109
0.32237
0.33977
0.26888
0.28370
0.29662
0.25325
0.24756
0.21528
0.30179
0.28742
0.26998
0.24391
0.20463
0.30254
0.30337
0.26145
0.26314
0.23083
0.32695
0.29548
0.19177
0.21437
0.28457
0.28172
0.30095
0.26361
0.25181
0.33682
0.35264
0.14828
0.23806
0.30965
0.26869
0.28743
0.30970
0.33356
0.24175
0.21682
0.20115
0.28453
0.28952
0.36132
0.30918
0.28627
0.29431
0.22762
0.25256
0.30367
0.27777
0.18780
0.33653
0.24546
0.24692
0.34657
0.28581
0.26662
0.23139
0.25933
0.27180
0.33997
0.32924
0.26057
0.26990
0.19819
0.31545
0.32303
0.13388
0.27558
0.19631
0.23149
0.27977
0.22352
0.29758
0.24731
0.27485
0.19614
0.24007
0.26506
0.33180
0.27934
0.27371
0.19376
0.29460
0.24351
0.22919
0.20722
0.35049
0.27832
0.33464
0.26523
0.24766
0.27886
0.26042
0.25150
0.27102
0.18197
0.33217
0.26902
0.34363
0.26340
0.31110
0.34809
0.26484
0.27264
0.30230
0.18283
0.21733
0.29828
0.23074
0.30455
0.29703
0.29749
0.33959
0.37608
0.31791
0.30653
0.26118
0.30198
0.27548
0.35744
0.25101
0.26056
0.32219
0.32710
0.30115
0.30255
0.39350
0.23927
0.25958
0.34404
0.25812
0.31909
0.32016
0.25223
0.24543
0.36736
0.21747
0.28412
0.30020
0.28112
0.26920
0.25345
0.27924
0.26603
0.27176
0.32680
0.28613
0.25866
0.30061
0.26473
0.31588
0.28571
0.28807
0.12623
0.31699
0.34141
0.35440
0.32693
0.31125
0.41038
0.40733
0.28378
0.21236
0.31018
0.38176
0.29322
0.19643
0.32017
0.35318
0.25431
0.23335
0.33468
0.25959
0.27484
0.24880
0.34520
0.35237
0.41099
0.29868
0.28690
0.27582
0.38879
0.29961
0.30724
0.31378
0.35001
0.25154
0.20945
0.32104
0.46661
0.26724
0.38811
0.42052
0.21132
0.28365
0.35171
0.31458
0.26666
0.26068
0.28676
0.22273
0.30215
0.29053
0.31096
0.30205
0.38634
0.27425
0.27963
0.25534
0.20774
0.25873
0.40178
0.22950
0.15287
0.33486
0.16934
0.20027
0.40581
0.17814
0.22950
0.23936
0.26880
0.22726
0.43561
0.19280
0.33500
0.37669
0.25061
0.25048
0.24762
0.25075
0.21641
0.36934
0.19217
0.37231
0.35157
0.25517
0.25162
0.24341
0.34450
0.28988
0.22050
0.32582
0.41267
0.30626
0.30546
0.36906
0.36780
0.21457
0.26215
0.28080
0.40155
0.21932
0.23509
0.26043
0.35186
0.28541
0.26793
0.25627
0.33834
0.39245
0.24496
0.30164
0.33899
0.28591
0.28546
0.24855
0.38884
0.29269
0.26862
0.29214
0.30457
0.35165
0.26951
0.28713
0.24348
0.33446
0.27458
0.25104
0.32959
0.27563
0.21916
0.30302
0.17983
0.29056
0.22727
0.03889
0.22120
0.24317
0.22833
0.29000
0.19518
0.25102
0.34168
0.22442
0.09939
0.20689
0.11335
0.29803
0.23978
0.19450
0.28108
0.06510
0.10433
0.19383
0.23626
0.07704
0.10155
0.24859
0.25510
0.19877
0.20963
0.25384
0.08060
0.30093
0.22743
0.05506
0.08500
0.13835
0.30453
0.18530
0.24855
0.19438
0.28310
0.08322
0.06546
0.06166
0.07480
0.26783
0.09850
0.11548
0.19221
0.28861
0.15229
0.27502
0.21750
0.03718
0.28976
0.10292
0.07122
0.30102
0.18606
0.29052
0.10330
0.07238
0.20475
0.19774
0.31060
0.26204
0.04027
0.08553
0.21019
0.20311
0.16931
0.17991
0.08562
0.21675
0.18658
0.10820
0.27812
0.27171
0.14028
0.17659
0.16819
0.12640
0.04539
0.27290
0.19152
0.18984
0.27107
0.26051
0.20514
0.34292
0.25580
0.30272
0.14976
0.26023
0.25186
0.05394
0.27096
0.12433
0.07053
0.19198
0.21943
0.21467
0.28820
0.07455
0.12116
0.16519
0.21346
0.25971
0.28422
0.12025
0.25990
0.29056
0.10327
0.23447
0.12872
0.11182
0.04612
0.13721
0.10012
0.09594
0.24828
0.25160
0.13494
0.10228
0.05519
0.07567
0.12228
0.29409
