0.09242
0.12155
0.06684
0.21088
0.05647
0.16731
0.13577
0.13925
0.18632
0.07679
0.14974
0.13379
0.09836
0.11491
0.10240
0.21529
0.14652
0.11829
0.08002
0.17404
0.28389
0.17392
0.14509
0.04841
0.18578
0.13529
0.12286
0.24527
0.06804
0.10004
0.14031
0.23170
0.14814
0.09607
0.05769
0.12047
0.10191
0.08802
0.13014
0.13455
0.29516
0.21514
0.09757
0.16899
0.26609
0.23516
0.14432
0.22596
0.17837
0.13712
0.09223
0.11279
0.13877
0.28524
0.09582
0.21538
0.25066
0.09129
0.11271
0.07067
0.23685
0.25337
0.13299
0.16758
0.27485
0.31184
0.04472
0.17213
0.12763
0.04598
0.12069
0.30494
0.32247
0.19005
0.25717
0.15062
0.06427
0.06131
0.20048
0.16769
0.27678
0.17776
0.28936
0.24388
0.23040
0.34427
0.09545
0.09617
0.14200
0.21321
0.26877
0.16503
0.06205
0.25507
0.07803
0.14562
0.16988
0.20690
0.20838
0.11754
0.10492
0.15107
0.12949
0.12150
0.20202
0.28467
0.11169
0.14067
0.18636
0.27166
0.02140
0.21360
0.08014
0.26215
0.13049
0.12229
0.26970
0.06878
0.10610
0.19823
0.21087
0.09308
0.26362
0.02770
0.07803
0.14124
0.25373
0.28491
0.15466
0.23802
0.09826
0.13091
0.29963
0.32103
0.12467
0.14115
0.06459
0.26338
0.25713
0.08007
0.19896
0.02293
0.28819
0.19450
0.13382
0.31187
0.07454
0.31924
0.19986
0.08823
0.14720
0.24936
0.11529
0.29516
0.31077
0.28442
0.12016
0.13488
0.15182
0.19274
0.23176
0.23248
0.24719
0.31248
0.10002
0.09568
0.26806
0.28938
0.06080
0.25835
0.06129
0.20568
0.25203
0.03163
0.07127
0.20894
0.06798
0.07304
0.17660
0.24350
0.04911
0.11554
0.21897
0.14292
0.08891
0.23194
0.22335
0.19881
0.23344
0.18828
0.12191
0.07127
0.07761
0.15885
0.11611
0.21517
0.21424
0.14408
0.10354
0.28168
0.21873
0.07304
0.16816
0.14659
0.04812
0.21045
0.08523
0.18422
0.26050
0.10629
0.20342
0.20026
0.09920
0.25741
0.24737
0.23755
0.12215
0.24342
0.20640
0.30208
0.11125
0.16850
0.10312
0.08917
0.07811
0.06785
0.17852
0.20005
0.11592
0.04656
0.27587
0.11590
0.26614
0.12464
0.08734
0.22495
0.12027
0.06413
0.11104
0.24443
0.07144
0.29393
0.09836
0.11759
0.14687
0.18253
0.10354
0.03223
0.12093
0.11723
0.11843
0.10200
0.09610
0.26216
0.13648
0.16189
0.19148
0.12887
0.06684
0.16620
0.11790
0.15807
0.19104
0.17248
0.14071
0.26533
0.25805
0.09708
0.14967
0.08309
0.10329
0.13254
0.06638
0.04151
0.35296
0.15827
0.05788
0.19234
0.17949
0.10304
0.12229
0.31252
0.15846
0.06591
0.28956
0.11707
0.20893
0.18268
0.17978
0.15283
0.09325
0.04669
0.20238
0.19048
0.17099
0.11394
0.14742
0.20998
0.14653
0.16257
0.33403
0.23373
0.24049
0.13149
0.09097
0.29896
0.30417
0.28611
0.03408
0.26040
0.11339
0.27563
0.10568
0.04683
0.15363
0.15014
0.11881
0.20548
0.22532
0.07810
0.07953
0.06349
0.23365
0.20334
0.22387
0.13650
0.22154
0.20368
0.17049
0.06834
0.25444
0.27353
0.35645
0.25068
0.30350
0.23936
0.25319
0.24220
0.27143
0.23440
0.07812
0.08425
0.12192
0.21145
0.04748
0.07999
0.19289
0.11760
0.21165
0.08204
0.15166
0.14536
0.27803
0.24820
0.24696
0.14125
0.31350
0.11205
0.15339
0.27723
0.07057
0.15952
0.05091
0.12934
0.17060
0.05550
0.23355
0.30965
0.09230
0.06805
0.15407
0.25990
0.11129
0.06185
0.04583
0.09067
0.07059
0.11732
0.15111
0.05547
0.28701
0.17196
0.18244
0.06866
0.18200
0.29456
0.21807
0.27654
0.35449
0.19291
0.28676
0.30632
0.27433
0.31112
0.27801
0.24691
0.35346
0.20258
0.25314
0.23818
0.23457
0.27416
0.20047
0.38183
0.31240
0.24063
0.27396
0.25075
0.23491
0.33813
0.29240
0.22718
0.31182
0.32861
0.20270
0.25770
0.32835
0.25682
0.23532
0.22972
0.28094
0.30449
0.23314
0.22658
0.34650
0.25658
0.22835
0.31793
0.19001
0.28915
0.33988
0.29499
0.27852
0.29806
0.31563
0.21877
0.27074
0.32890
0.19525
0.28903
0.32642
0.26589
0.28088
0.31018
0.20306
0.28411
0.26359
0.28270
0.31189
0.29363
0.25555
0.17147
0.29351
0.37338
0.15991
0.24226
0.19989
0.17979
0.20761
0.34453
0.29159
0.32047
0.16118
0.34577
0.25382
0.24611
0.35518
0.30767
0.30072
0.27104
0.24405
0.26408
0.19808
0.35885
0.28867
0.21339
0.14939
0.33523
0.22139
0.24277
0.29732
0.26165
0.35073
0.32067
0.19197
0.33893
0.32172
0.15412
0.18487
0.26793
0.17780
0.18781
0.15226
0.28785
0.33734
0.26006
0.25048
0.25150
0.29772
0.21057
0.27986
0.27681
0.29931
0.21028
0.28551
0.28705
0.21348
0.15608
0.32378
0.28366
0.15988
0.32854
0.32110
0.26334
0.34540
0.31319
0.22807
0.27070
0.19954
0.28557
0.27829
0.28180
0.28677
0.23548
0.17045
0.31505
0.21223
0.27164
0.21007
0.25837
0.30879
0.29098
0.19750
0.22007
0.26180
0.20609
0.27793
0.19010
0.23373
0.22818
0.21710
0.23134
0.30029
0.32336
0.32761
0.21635
0.16888
0.32531
0.21135
0.17000
0.19181
0.30183
0.31007
0.16547
0.18216
0.26165
0.28121
0.16761
0.17164
0.22225
0.25312
0.21577
0.25661
0.24493
0.30525
0.17009
0.23444
0.26348
0.26761
0.17838
0.30847
0.26372
0.24419
0.35892
0.18243
0.29778
0.22507
0.35740
0.31438
0.25880
0.26995
0.29229
0.25051
0.19284
0.29543
0.27195
0.25705
0.28321
0.25262
0.32496
0.24534
0.29710
0.24337
0.33995
0.19070
0.26337
0.21914
0.21913
0.25833
0.26743
0.21878
0.22342
0.23653
0.31143
0.21555
0.29581
0.22536
0.26681
0.30403
0.29589
0.29485
0.14257
0.18719
0.32627
0.33322
0.23971
0.28511
0.27986
0.25807
0.22124
0.16617
0.30176
0.28128
0.25998
0.25260
0.19343
0.30441
0.32504
0.24104
0.28044
0.22503
0.33026
0.26568
0.21338
0.19304
0.29353
0.27483
0.28353
0.28393
0.27434
0.34381
0.34664
0.14960
0.24270
0.31891
0.28423
0.27503
0.29895
0.32411
0.22619
0.19916
0.17892
0.27378
0.26868
0.34694
0.26551
0.29228
0.26878
0.22830
0.26912
0.30535
0.27030
0.16939
0.33281
0.19584
0.22363
0.33997
0.28094
0.24940
0.25165
0.26923
0.30512
0.33730
0.33313
0.22179
0.27507
0.20796
0.29726
0.29106
0.15029
0.25588
0.20146
0.21857
0.25835
0.22406
0.24696
0.22389
0.26644
0.22480
0.19903
0.23894
0.33674
0.23742
0.26420
0.20911
0.29722
0.24147
0.21533
0.21070
0.28547
0.28084
0.30808
0.25755
0.19554
0.29228
0.26786
0.21792
0.26820
0.19569
0.31238
0.25232
0.31429
0.28396
0.29352
0.34254
0.25735
0.25548
0.28993
0.18569
0.18060
0.27126
0.18787
0.29730
0.30628
0.28213
0.29690
0.36821
0.28675
0.33601
0.25013
0.30333
0.26449
0.34933
0.22742
0.26976
0.32085
0.32436
0.28502
0.32794
0.37790
0.23683
0.24465
0.29211
0.22102
0.31092
0.30785
0.20898
0.25165
0.34907
0.21962
0.28043
0.31955
0.27340
0.25571
0.20913
0.23916
0.28194
0.28854
0.29660
0.28179
0.22432
0.28841
0.26771
0.28492
0.28632
0.27959
0.14831
0.33185
0.32797
0.34055
0.30773
0.29664
0.36848
0.40204
0.24097
0.18515
0.26530
0.36798
0.27782
0.21555
0.31013
0.30582
0.24966
0.24507
0.32580
0.24241
0.28488
0.21436
0.33668
0.35208
0.40094
0.31204
0.29663
0.27523
0.36535
0.28744
0.32000
0.31012
0.35297
0.26643
0.20244
0.31443
0.44149
0.24195
0.38993
0.39779
0.19424
0.31159
0.34484
0.33228
0.31946
0.20831
0.26650
0.21999
0.27484
0.26299
0.27582
0.32649
0.36147
0.25426
0.26339
0.23940
0.24045
0.22043
0.38186
0.23895
0.13817
0.32691
0.15878
0.20485
0.39187
0.16389
0.22627
0.21904
0.26367
0.25156
0.42354
0.17192
0.31637
0.40059
0.22967
0.17788
0.23180
0.23029
0.20969
0.35365
0.18410
0.35258
0.33489
0.25901
0.24813
0.22055
0.34560
0.27126
0.19701
0.32157
0.40168
0.30916
0.29039
0.36398
0.32443
0.20067
0.23692
0.25502
0.39519
0.21695
0.23173
0.25297
0.35712
0.26661
0.26077
0.24280
0.32511
0.36730
0.21871
0.30004
0.31709
0.30176
0.28984
0.21416
0.37446
0.28589
0.25431
0.26185
0.31770
0.32880
0.26865
0.30674
0.22627
0.31419
0.25858
0.25566
0.30879
0.23357
0.25267
0.28083
0.13840
0.29029
0.22750
0.03491
0.14040
0.23312
0.26415
0.28629
0.18062
0.25608
0.35350
0.14556
0.06137
0.17125
0.07007
0.27870
0.25323
0.18252
0.28861
0.04739
0.16202
0.21624
0.23422
0.10034
0.13776
0.23587
0.30459
0.18875
0.21322
0.28492
0.03462
0.30140
0.22949
0.04138
0.07073
0.07818
0.29864
0.12055
0.20950
0.21147
0.27550
0.09955
0.10376
0.05343
0.09839
0.27672
0.10260
0.17973
0.15073
0.19914
0.10754
0.28789
0.20424
0.03737
0.19554
0.10194
0.07882
0.22311
0.20252
0.24973
0.09122
0.08849
0.21425
0.20573
0.31590
0.24447
0.02557
0.07331
0.15723
0.22759
0.10979
0.21185
0.10825
0.26299
0.19706
0.08648
0.31404
0.29021
0.09079
0.14094
0.13884
0.09860
0.02960
0.19652
0.12454
0.15922
0.25223
0.27874
0.20894
0.29883
0.20360
0.18621
0.21542
0.14889
0.21057
0.03613
0.27289
0.11207
0.04716
0.21851
0.28073
0.26370
0.25760
0.08321
0.04151
0.12129
0.22287
0.17198
0.20038
0.10787
0.14349
0.30469
0.16677
0.22849
0.11706
0.02536
0.08499
0.19620
0.07465
0.09984
0.28007
0.27344
0.10091
0.12666
0.05818
0.13430
0.07168
0.21230
