0.10141
0.09031
0.04676
0.22379
0.04907
0.15437
0.24691
0.13703
0.16643
0.05371
0.18807
0.15116
0.10845
0.10808
0.14908
0.23762
0.11792
0.13865
0.06407
0.13454
0.29034
0.11476
0.16774
0.03252
0.24089
0.12606
0.12151
0.24611
0.08109
0.11134
0.15414
0.28037
0.12424
0.10327
0.09531
0.09484
0.09451
0.06282
0.12205
0.15480
0.32028
0.20475
0.11614
0.14720
0.27065
0.21159
0.19285
0.24367
0.16165
0.11839
0.09205
0.14870
0.13018
0.25343
0.10472
0.26009
0.20588
0.10396
0.13045
0.07312
0.25601
0.29391
0.10860
0.22316
0.28488
0.30108
0.04228
0.18697
0.09594
0.04037
0.11109
0.33253
0.29628
0.17236
0.23117
0.10528
0.08245
0.04273
0.21823
0.13763
0.31470
0.17721
0.33271
0.27935
0.28824
0.34289
0.10047
0.09180
0.13803
0.26285
0.32053
0.14532
0.06557
0.24176
0.05879
0.20712
0.16750
0.21553
0.20683
0.15313
0.09101
0.22184
0.12855
0.11011
0.23702
0.29811
0.14290
0.17583
0.09957
0.29446
0.01031
0.24833
0.07970
0.23862
0.09636
0.19857
0.25849
0.06797
0.05909
0.19603
0.23309
0.09305
0.29870
0.02247
0.10133
0.12912
0.26285
0.27647
0.17051
0.23923
0.10035
0.12628
0.31415
0.34317
0.10907
0.13811
0.09556
0.30005
0.26236
0.04839
0.14532
0.03599
0.28721
0.15486
0.13646
0.28349
0.10255
0.33641
0.14111
0.09044
0.17247
0.23879
0.10178
0.30679
0.30534
0.32956
0.11227
0.15425
0.15275
0.15887
0.19646
0.27970
0.28716
0.30751
0.08904
0.12599
0.29454
0.29215
0.08266
0.24236
0.06858
0.24844
0.20426
0.04721
0.06286
0.22624
0.04819
0.08533
0.16404
0.26646
0.08677
0.09991
0.20958
0.16549
0.06495
0.18716
0.20923
0.26293
0.27756
0.14927
0.11280
0.05634
0.03163
0.17780
0.13435
0.28852
0.18809
0.17638
0.08358
0.25153
0.22180
0.08763
0.20793
0.13880
0.06591
0.23656
0.08683
0.20011
0.24385
0.09276
0.25750
0.21596
0.10789
0.25760
0.26116
0.22860
0.12682
0.23444
0.21112
0.32111
0.11745
0.14620
0.10616
0.10769
0.09184
0.05401
0.13178
0.15381
0.13046
0.07757
0.24665
0.10189
0.24401
0.09969
0.04976
0.28608
0.10380
0.06026
0.09568
0.25197
0.09531
0.28232
0.09744
0.10170
0.15107
0.20546
0.12025
0.06633
0.10850
0.10884
0.11759
0.14952
0.09220
0.30781
0.15030
0.14649
0.17198
0.07826
0.05847
0.13623
0.20341
0.15814
0.19002
0.17154
0.13852
0.21651
0.27971
0.09154
0.14606
0.05349
0.08088
0.12507
0.05852
0.05896
0.38506
0.13333
0.04933
0.19106
0.15645
0.06289
0.13575
0.33965
0.10916
0.05841
0.28298
0.11407
0.21293
0.18717
0.20409
0.15020
0.11181
0.05720
0.16327
0.22149
0.19787
0.09737
0.18901
0.15527
0.15206
0.14116
0.33234
0.27690
0.27979
0.08865
0.13246
0.28853
0.27975
0.31919
0.02611
0.24740
0.09976
0.24274
0.12736
0.09431
0.12605
0.10124
0.10155
0.15812
0.23557
0.07053
0.06083
0.06412
0.27070
0.21386
0.25436
0.13266
0.23267
0.22312
0.14812
0.06565
0.29985
0.24401
0.36586
0.22785
0.27906
0.22984
0.25682
0.30028
0.29692
0.23006
0.06854
0.11520
0.10626
0.23720
0.04107
0.05227
0.23642
0.11565
0.23619
0.10066
0.14906
0.09000
0.23278
0.27293
0.21965
0.21043
0.30621
0.15198
0.14858
0.31696
0.04039
0.19942
0.06444
0.06808
0.17820
0.06166
0.24284
0.30537
0.09068
0.09208
0.14038
0.24487
0.10470
0.09950
0.11701
0.10154
0.04945
0.10211
0.19363
0.05872
0.25136
0.18059
0.16216
0.10350
0.13895
0.30479
0.21206
0.25022
0.34451
0.18791
0.27605
0.31750
0.29960
0.31334
0.28138
0.25813
0.35805
0.25671
0.23431
0.25575
0.21436
0.28277
0.16782
0.37305
0.31758
0.22503
0.22690
0.25622
0.25950
0.34473
0.29922
0.24326
0.30778
0.33067
0.20244
0.26357
0.32668
0.27656
0.26139
0.26566
0.27811
0.32165
0.25108
0.23506
0.34689
0.25781
0.23649
0.32145
0.21575
0.30891
0.34470
0.28582
0.30327
0.29236
0.28441
0.21793
0.28663
0.34828
0.23281
0.29401
0.32449
0.24878
0.26778
0.30762
0.19605
0.29146
0.23827
0.27474
0.32006
0.29999
0.25920
0.14929
0.28929
0.36959
0.12582
0.27781
0.23100
0.18996
0.19828
0.36263
0.30933
0.32023
0.18485
0.35069
0.27547
0.24408
0.36556
0.31776
0.29274
0.29266
0.26320
0.27237
0.16823
0.36644
0.28780
0.25676
0.20530
0.32155
0.22062
0.25942
0.28854
0.26868
0.35243
0.31799
0.20342
0.32046
0.29422
0.13751
0.20100
0.27911
0.19082
0.17678
0.17307
0.29598
0.35193
0.27259
0.25244
0.24666
0.28800
0.22577
0.30659
0.25692
0.28474
0.21264
0.29543
0.27686
0.22576
0.21910
0.34151
0.31518
0.20336
0.30579
0.32476
0.26013
0.33738
0.31271
0.21644
0.28647
0.20132
0.29296
0.31029
0.27903
0.26031
0.23751
0.18081
0.31119
0.22790
0.29541
0.21879
0.28701
0.31300
0.29744
0.20074
0.22764
0.29241
0.19730
0.28691
0.17748
0.25605
0.24027
0.21649
0.20938
0.30666
0.33248
0.31887
0.22428
0.20478
0.31487
0.21064
0.20134
0.20687
0.28776
0.30893
0.16137
0.19059
0.29728
0.27841
0.20548
0.15944
0.15377
0.27693
0.23353
0.23798
0.24444
0.31193
0.14137
0.23583
0.27575
0.29159
0.19460
0.27642
0.26887
0.26111
0.36421
0.19993
0.30816
0.19703
0.34181
0.33063
0.26356
0.25657
0.28394
0.26732
0.19919
0.30036
0.29889
0.26187
0.28453
0.24924
0.32884
0.23834
0.26866
0.22750
0.35537
0.22772
0.28544
0.22801
0.24683
0.29668
0.27807
0.18000
0.25102
0.25105
0.30853
0.23276
0.31106
0.21916
0.24599
0.28869
0.29264
0.29480
0.15161
0.20985
0.32132
0.33064
0.25734
0.28835
0.30001
0.26156
0.24020
0.23900
0.30261
0.28256
0.28181
0.23549
0.15121
0.29142
0.29945
0.25331
0.28044
0.22216
0.32907
0.28920
0.19836
0.18316
0.29182
0.30843
0.29526
0.24710
0.24929
0.33644
0.34501
0.13378
0.24595
0.30267
0.27270
0.26572
0.29074
0.34498
0.21782
0.21156
0.17911
0.24859
0.28877
0.36036
0.31478
0.29142
0.28511
0.24501
0.26530
0.30123
0.28233
0.19087
0.33004
0.23669
0.24520
0.35560
0.28930
0.27804
0.23869
0.26480
0.30588
0.31960
0.33590
0.25673
0.27741
0.17002
0.31023
0.32330
0.11593
0.24400
0.19179
0.23615
0.26558
0.22755
0.28480
0.25612
0.27621
0.23301
0.23754
0.24932
0.34454
0.26832
0.25639
0.20047
0.27706
0.26296
0.23542
0.20933
0.35084
0.30534
0.33514
0.26778
0.23438
0.27521
0.25425
0.25652
0.27905
0.17663
0.32605
0.25963
0.33892
0.27900
0.30911
0.35516
0.27426
0.24865
0.28740
0.17872
0.22589
0.28080
0.22359
0.30412
0.29554
0.27711
0.33772
0.38009
0.32082
0.33097
0.28483
0.29788
0.28658
0.36512
0.24949
0.28055
0.31184
0.31913
0.29003
0.32582
0.39843
0.20685
0.27574
0.32826
0.25879
0.32139
0.32200
0.22430
0.24846
0.36809
0.24133
0.27463
0.31863
0.27438
0.23847
0.24081
0.27208
0.27904
0.29330
0.29848
0.29761
0.25769
0.29032
0.28564
0.28744
0.27098
0.27959
0.15420
0.32141
0.32832
0.34243
0.32301
0.31600
0.39851
0.40250
0.28333
0.18859
0.31177
0.36398
0.28067
0.17667
0.30644
0.34508
0.24624
0.24892
0.31945
0.23649
0.28733
0.24532
0.32998
0.34819
0.39665
0.31814
0.29882
0.27606
0.38296
0.26782
0.25032
0.30868
0.33383
0.28840
0.19082
0.31230
0.44885
0.24005
0.40380
0.40323
0.17689
0.30976
0.36717
0.31249
0.27477
0.25369
0.29258
0.21818
0.28593
0.30685
0.26872
0.29446
0.37264
0.29429
0.27879
0.26931
0.22905
0.25329
0.40885
0.23093
0.09577
0.32386
0.15747
0.20525
0.39789
0.15878
0.24013
0.20840
0.29135
0.24625
0.44044
0.18705
0.34151
0.38904
0.25574
0.18103
0.26172
0.24476
0.19843
0.35829
0.18061
0.35331
0.34327
0.26319
0.25150
0.24395
0.33517
0.28371
0.20891
0.33244
0.41344
0.31758
0.27907
0.35395
0.38230
0.22583
0.27642
0.28196
0.37988
0.17451
0.20271
0.24248
0.34661
0.28431
0.25158
0.27840
0.34477
0.35718
0.20612
0.29515
0.34630
0.30709
0.29544
0.24820
0.36604
0.29818
0.24477
0.28868
0.31426
0.33397
0.25827
0.30279
0.24168
0.32960
0.24574
0.27190
0.31913
0.29943
0.24394
0.30388
0.20407
0.31856
0.22063
0.02377
0.14151
0.18220
0.23535
0.21356
0.20635
0.23299
0.35588
0.17507
0.04872
0.15261
0.03025
0.30454
0.23667
0.17802
0.26482
0.05143
0.12064
0.15079
0.24809
0.07702
0.10623
0.21522
0.27111
0.22117
0.22031
0.25340
0.05753
0.32918
0.21305
0.04624
0.08872
0.05341
0.27812
0.19097
0.18457
0.19399
0.28578
0.03656
0.03915
0.05253
0.08410
0.25652
0.11220
0.11561
0.18885
0.28094
0.10766
0.25402
0.21588
0.03582
0.25907
0.04786
0.03195
0.28575
0.17405
0.19288
0.06994
0.08782
0.19508
0.21745
0.30575
0.28455
0.02266
0.04335
0.14827
0.19623
0.22819
0.18143
0.09600
0.25779
0.19974
0.16074
0.23514
0.26918
0.08096
0.09431
0.22121
0.07229
0.01344
0.22185
0.15094
0.18337
0.27001
0.25278
0.20301
0.34678
0.23078
0.24009
0.12689
0.18968
0.20693
0.01006
0.25990
0.11423
0.06417
0.19936
0.28018
0.27361
0.25313
0.04101
0.07411
0.13660
0.16628
0.24770
0.25530
0.12574
0.17263
0.31432
0.20136
0.23063
0.06597
0.03703
0.04453
0.12449
0.07338
0.05098
0.28050
0.25869
0.05365
0.09669
0.09156
0.03735
0.11636
0.27708
