0.08283
0.09251
0.07747
0.23335
0.06751
0.14361
0.21744
0.15367
0.14831
0.04172
0.18469
0.14301
0.14869
0.12279
0.09850
0.22753
0.13609
0.15862
0.05779
0.16206
0.29717
0.10158
0.14774
0.03586
0.25965
0.15572
0.07889
0.20623
0.08066
0.12491
0.15376
0.23495
0.12827
0.10378
0.05903
0.09712
0.11282
0.06510
0.09607
0.13256
0.28582
0.28325
0.07627
0.12662
0.27396
0.21042
0.15508
0.27338
0.17285
0.10851
0.10029
0.12725
0.14600
0.30542
0.09108
0.20465
0.21250
0.11242
0.16664
0.07746
0.26597
0.28558
0.10970
0.17403
0.25152
0.29860
0.05801
0.19293
0.08618
0.04337
0.13161
0.29364
0.28493
0.20615
0.26166
0.11631
0.07404
0.02650
0.19598
0.18450
0.31837
0.12708
0.33057
0.26673
0.24089
0.35875
0.10228
0.05548
0.12909
0.24067
0.31943
0.17677
0.06254
0.28453
0.06463
0.14779
0.19658
0.23286
0.17632
0.11616
0.09193
0.16818
0.10603
0.13436
0.20097
0.29299
0.13205
0.14625
0.11236
0.29247
0.02036
0.23621
0.07002
0.24404
0.12423
0.12768
0.27774
0.03552
0.05251
0.20383
0.25310
0.07377
0.27485
0.01588
0.09640
0.10637
0.31127
0.26557
0.16330
0.24809
0.07057
0.11349
0.27521
0.33708
0.10609
0.14169
0.04101
0.28022
0.23452
0.05381
0.17649
0.03768
0.31204
0.12378
0.13933
0.26435
0.08597
0.33820
0.22322
0.08647
0.16490
0.28823
0.11691
0.32336
0.28790
0.31963
0.07072
0.11399
0.16428
0.18558
0.22623
0.25548
0.26527
0.30865
0.10184
0.11479
0.26569
0.26913
0.06623
0.26997
0.05194
0.25181
0.23651
0.03170
0.08031
0.20601
0.07217
0.06679
0.15684
0.23730
0.04510
0.11654
0.18114
0.17355
0.08511
0.14321
0.22403
0.25410
0.25035
0.19794
0.11597
0.07367
0.04914
0.16842
0.09785
0.23358
0.17728
0.12275
0.07127
0.28238
0.18420
0.09234
0.16969
0.13813
0.03698
0.22837
0.06842
0.20986
0.26446
0.09436
0.23114
0.23555
0.12509
0.24092
0.25438
0.25588
0.11824
0.24699
0.24423
0.32442
0.08285
0.20276
0.11996
0.06850
0.07331
0.03638
0.14497
0.15068
0.12860
0.03498
0.25074
0.08465
0.27960
0.13074
0.03753
0.27170
0.11154
0.03249
0.12664
0.29074
0.05147
0.26676
0.08463
0.11760
0.15633
0.20867
0.10901
0.03088
0.11350
0.11206
0.11910
0.06744
0.09021
0.25880
0.14104
0.15712
0.20764
0.06265
0.08290
0.14013
0.16964
0.14046
0.19410
0.12232
0.15592
0.24143
0.27264
0.10130
0.12980
0.03774
0.13463
0.12199
0.07197
0.05162
0.35318
0.15337
0.06575
0.23069
0.14783
0.05192
0.14025
0.34043
0.12017
0.06570
0.30490
0.11645
0.21097
0.18373
0.20057
0.13169
0.06845
0.09302
0.16702
0.20860
0.18505
0.09399
0.17869
0.19591
0.20574
0.13732
0.31754
0.32067
0.25720
0.11078
0.10799
0.27958
0.29191
0.30619
0.04161
0.22658
0.12450
0.22789
0.11838
0.06251
0.15316
0.10686
0.09862
0.18377
0.25539
0.08832
0.07265
0.05875
0.28297
0.18484
0.24892
0.14554
0.23160
0.23248
0.14924
0.07030
0.23148
0.22808
0.36399
0.24499
0.31907
0.24164
0.24818
0.29906
0.25584
0.23115
0.11293
0.06375
0.12087
0.23736
0.02531
0.07820
0.22098
0.13659
0.23958
0.07536
0.18030
0.13062
0.22061
0.25089
0.23401
0.14593
0.33737
0.12518
0.13582
0.31203
0.06244
0.22020
0.03887
0.08050
0.17279
0.04881
0.23675
0.33376
0.08378
0.08108
0.11899
0.26042
0.11725
0.03652
0.05244
0.05579
0.07480
0.10674
0.16750
0.06839
0.25692
0.15770
0.19188
0.08670
0.15975
0.28713
0.20634
0.28469
0.33568
0.17713
0.26497
0.30884
0.28217
0.29832
0.27557
0.23173
0.32833
0.24204
0.24244
0.27521
0.20341
0.29513
0.20622
0.35522
0.30904
0.25549
0.21962
0.26644
0.26415
0.35540
0.29055
0.19441
0.31264
0.30056
0.22553
0.24633
0.30259
0.28789
0.24975
0.25134
0.29586
0.29725
0.26277
0.22314
0.32465
0.25237
0.22403
0.28359
0.19811
0.31705
0.33180
0.28923
0.28313
0.30838
0.25440
0.25836
0.26671
0.30950
0.21598
0.25443
0.30405
0.27001
0.29013
0.30897
0.21951
0.29779
0.27558
0.27478
0.29953
0.26941
0.27859
0.19624
0.27062
0.33808
0.14886
0.28631
0.20166
0.19847
0.19075
0.36778
0.30134
0.31353
0.16543
0.34656
0.27277
0.30008
0.36393
0.31919
0.27655
0.29663
0.23970
0.27956
0.18441
0.32687
0.29145
0.24382
0.19409
0.34028
0.22121
0.27836
0.29226
0.27577
0.34335
0.30742
0.23574
0.29348
0.31444
0.16810
0.17515
0.29649
0.18753
0.20304
0.15388
0.28062
0.34068
0.27224
0.27749
0.24958
0.28297
0.22246
0.29769
0.27747
0.28666
0.21544
0.27575
0.27236
0.24136
0.18116
0.36511
0.26690
0.16828
0.31095
0.30606
0.25801
0.36912
0.30922
0.24891
0.29691
0.22503
0.29091
0.29547
0.27357
0.27597
0.21699
0.15777
0.34357
0.23254
0.29201
0.25084
0.26326
0.30123
0.25955
0.21951
0.24236
0.28084
0.21712
0.27891
0.20242
0.23088
0.21978
0.21904
0.23254
0.31653
0.30721
0.30853
0.23050
0.17524
0.31220
0.20683
0.20278
0.20774
0.28664
0.30532
0.15444
0.20246
0.29637
0.27491
0.22973
0.16456
0.23343
0.26555
0.23437
0.24937
0.26334
0.30033
0.17296
0.21707
0.26673
0.27741
0.20596
0.29252
0.27599
0.27070
0.38237
0.19190
0.28791
0.24957
0.34628
0.28840
0.26735
0.28408
0.30171
0.28283
0.21591
0.31532
0.28455
0.25026
0.27742
0.26723
0.33333
0.26077
0.28582
0.23898
0.31881
0.22451
0.28673
0.20444
0.25289
0.27222
0.26726
0.22439
0.23285
0.25769
0.32609
0.22397
0.31079
0.25899
0.24471
0.26747
0.27235
0.29213
0.14809
0.23707
0.32121
0.32469
0.24429
0.27034
0.28415
0.27521
0.22819
0.20461
0.28288
0.29540
0.26836
0.25125
0.20227
0.28552
0.29546
0.27485
0.24642
0.25201
0.32445
0.27558
0.16624
0.18894
0.28294
0.28264
0.30232
0.26753
0.24566
0.32831
0.33320
0.15899
0.24063
0.29735
0.27856
0.26222
0.31748
0.32636
0.23495
0.19020
0.20180
0.25769
0.26065
0.33704
0.28466
0.29200
0.26528
0.25367
0.26747
0.28981
0.27616
0.17158
0.31718
0.21057
0.24303
0.30963
0.31538
0.24844
0.25769
0.26412
0.27684
0.32390
0.32723
0.26251
0.26482
0.20762
0.28861
0.30304
0.13798
0.26029
0.20430
0.23165
0.27523
0.20955
0.25763
0.23192
0.23726
0.22311
0.22402
0.25189
0.31486
0.27053
0.26504
0.21321
0.28223
0.25136
0.25172
0.20982
0.32932
0.28121
0.33787
0.25416
0.23646
0.26855
0.26562
0.20786
0.26858
0.20238
0.31879
0.28036
0.33348
0.26236
0.28408
0.32206
0.25952
0.23180
0.27761
0.19182
0.23682
0.26240
0.24119
0.28461
0.28566
0.24761
0.29567
0.36432
0.31013
0.30079
0.27506
0.27882
0.30335
0.35337
0.25376
0.27633
0.31817
0.29708
0.27931
0.31582
0.38212
0.24588
0.28600
0.34410
0.24181
0.29391
0.33647
0.23712
0.25317
0.32853
0.23878
0.26610
0.28235
0.23912
0.24842
0.25007
0.23371
0.23127
0.28316
0.31938
0.28628
0.24504
0.28453
0.27901
0.29274
0.26369
0.28191
0.17165
0.30267
0.32610
0.32822
0.29631
0.30490
0.38202
0.37636
0.26686
0.20496
0.30372
0.36565
0.28414
0.21400
0.30290
0.33222
0.25550
0.22175
0.33987
0.26792
0.26505
0.21608
0.33656
0.34896
0.41933
0.26714
0.28052
0.22548
0.39344
0.27925
0.29512
0.30374
0.36863
0.27850
0.20103
0.29930
0.45519
0.25501
0.41050
0.39865
0.18636
0.29075
0.35360
0.31115
0.29470
0.24207
0.28336
0.20876
0.28210
0.28422
0.31891
0.30494
0.39879
0.24858
0.27654
0.25646
0.19286
0.25234
0.37592
0.20976
0.14593
0.35090
0.15239
0.22171
0.40599
0.16085
0.24454
0.22252
0.25235
0.24605
0.42965
0.19594
0.30491
0.39061
0.24036
0.23120
0.25108
0.26358
0.16638
0.35885
0.19698
0.38116
0.34776
0.21696
0.24837
0.24124
0.35922
0.28503
0.22600
0.34832
0.41610
0.32296
0.28592
0.38011
0.34823
0.21628
0.26924
0.28908
0.38037
0.21090
0.25624
0.22394
0.32608
0.26949
0.26390
0.28574
0.34348
0.36375
0.26588
0.27223
0.32072
0.28815
0.28043
0.26841
0.36755
0.26845
0.27735
0.27187
0.30057
0.33319
0.28321
0.29493
0.24727
0.31884
0.26031
0.20860
0.30164
0.31438
0.23557
0.26610
0.13671
0.33539
0.21191
0.05121
0.13484
0.21808
0.18974
0.19441
0.23246
0.24223
0.29959
0.27210
0.07559
0.17208
0.06877
0.28598
0.23574
0.18925
0.30889
0.06801
0.18905
0.21527
0.15078
0.10471
0.13200
0.28220
0.27734
0.19007
0.22145
0.25042
0.04664
0.31351
0.11861
0.06499
0.04308
0.08413
0.29179
0.08560
0.20792
0.19560
0.30953
0.07904
0.07112
0.14059
0.03787
0.22663
0.13438
0.11984
0.20208
0.31249
0.15143
0.30753
0.21883
0.05135
0.26009
0.06082
0.01592
0.26379
0.19399
0.28019
0.08756
0.05497
0.20940
0.19620
0.23239
0.24012
0.02908
0.07085
0.22983
0.20862
0.14698
0.21137
0.10699
0.21718
0.12046
0.09384
0.23401
0.23877
0.06682
0.12268
0.14778
0.10730
0.01503
0.28632
0.17661
0.17625
0.24338
0.27252
0.20188
0.33607
0.19225
0.20988
0.17313
0.19241
0.12237
0.02452
0.24320
0.09622
0.07314
0.19698
0.23103
0.25250
0.22339
0.06491
0.05052
0.14742
0.19641
0.16527
0.28733
0.05483
0.16408
0.31475
0.13636
0.21984
0.12091
0.04061
0.06380
0.09159
0.05970
0.07704
0.18272
0.30235
0.06506
0.13551
0.04230
0.09536
0.10669
0.27852
