0.09973
0.10160
0.05546
0.24027
0.05823
0.12086
0.21108
0.13841
0.12308
0.07867
0.15675
0.12921
0.16802
0.14935
0.12720
0.22398
0.16064
0.14206
0.04974
0.17302
0.28240
0.15143
0.12807
0.08313
0.21511
0.13844
0.14288
0.25295
0.08635
0.12356
0.14039
0.26098
0.17589
0.10173
0.07236
0.10253
0.14032
0.07342
0.13705
0.16441
0.30183
0.26964
0.10657
0.09766
0.25775
0.18137
0.11861
0.28217
0.16658
0.13114
0.09859
0.10322
0.16014
0.26858
0.09912
0.25952
0.23420
0.10471
0.10304
0.07450
0.25171
0.30321
0.10687
0.20466
0.26961
0.32654
0.06568
0.16743
0.12270
0.06093
0.16917
0.30187
0.29929
0.20540
0.22302
0.10240
0.11577
0.04087
0.21625
0.16222
0.30641
0.18280
0.32237
0.27646
0.22754
0.36463
0.09974
0.07407
0.14916
0.23827
0.33246
0.17683
0.06225
0.21653
0.06045
0.15954
0.24881
0.22020
0.21966
0.13508
0.09408
0.19744
0.12580
0.14657
0.18828
0.30054
0.14230
0.18859
0.17763
0.25940
0.03954
0.24400
0.05026
0.24252
0.10227
0.14413
0.25718
0.07718
0.06218
0.18031
0.25270
0.04975
0.27193
0.04281
0.07084
0.15239
0.32245
0.25592
0.14160
0.26138
0.08542
0.07390
0.21433
0.34983
0.11336
0.15724
0.06165
0.27679
0.25903
0.04815
0.14250
0.03154
0.26513
0.21871
0.17838
0.23768
0.06264
0.32473
0.14825
0.10556
0.22583
0.21030
0.11113
0.31923
0.26452
0.32029
0.10355
0.14203
0.15902
0.18900
0.25981
0.21086
0.25829
0.31104
0.09121
0.10033
0.29381
0.27491
0.09554
0.26322
0.02089
0.20732
0.19889
0.03178
0.06810
0.21004
0.06698
0.05624
0.24567
0.27931
0.08979
0.10861
0.19966
0.13479
0.09849
0.18058
0.20489
0.27254
0.22960
0.14926
0.10915
0.08287
0.07288
0.14686
0.17242
0.22952
0.14955
0.18761
0.07909
0.26629
0.19211
0.10778
0.14910
0.17497
0.04820
0.20406
0.07518
0.20781
0.25090
0.12481
0.26636
0.22920
0.11446
0.19000
0.24267
0.23370
0.12689
0.23771
0.20503
0.33727
0.12934
0.17217
0.08824
0.05932
0.14088
0.06695
0.13005
0.22235
0.10854
0.04766
0.23652
0.12047
0.25990
0.11723
0.02920
0.22231
0.10820
0.04220
0.13831
0.26178
0.06319
0.28587
0.09535
0.09875
0.20464
0.22655
0.11630
0.05545
0.11023
0.10932
0.10100
0.10548
0.09290
0.27557
0.15476
0.18886
0.20839
0.07589
0.04778
0.14790
0.22463
0.14674
0.20563
0.15221
0.09805
0.25400
0.27552
0.10027
0.16514
0.09002
0.07928
0.14486
0.06981
0.05676
0.31592
0.08435
0.06580
0.21302
0.15773
0.09167
0.17954
0.31391
0.14607
0.05730
0.28207
0.12355
0.14318
0.16246
0.19902
0.16003
0.10357
0.03864
0.19051
0.18870
0.15691
0.10069
0.15012
0.15317
0.18333
0.15052
0.33793
0.29528
0.26335
0.16747
0.08315
0.31936
0.26126
0.32972
0.03616
0.25519
0.16860
0.28173
0.15300
0.05303
0.11084
0.09677
0.10690
0.20659
0.25581
0.09290
0.06937
0.05759
0.24541
0.16005
0.24805
0.18243
0.22641
0.22860
0.09031
0.04333
0.27694
0.30967
0.36831
0.22497
0.32373
0.22381
0.24908
0.26601
0.26465
0.24528
0.05494
0.07233
0.12134
0.20540
0.03881
0.10361
0.19462
0.10033
0.22363
0.07075
0.17476
0.17660
0.24444
0.27238
0.24135
0.18682
0.30165
0.10803
0.17769
0.27121
0.10278
0.20532
0.03962
0.08833
0.14638
0.08163
0.25032
0.32659
0.10552
0.08554
0.17318
0.24797
0.09946
0.05568
0.07835
0.06616
0.02772
0.09555
0.13789
0.04589
0.28555
0.14354
0.21044
0.07736
0.22277
0.31175
0.18548
0.25027
0.35458
0.19423
0.30261
0.29848
0.26509
0.30433
0.28152
0.19207
0.35333
0.22105
0.25488
0.21955
0.22720
0.26908
0.20670
0.37307
0.34542
0.26551
0.23370
0.25837
0.20847
0.35435
0.25572
0.20929
0.30367
0.34817
0.19904
0.21453
0.32006
0.26615
0.23877
0.23376
0.26648
0.30993
0.22689
0.22600
0.34894
0.22701
0.22889
0.30179
0.19635
0.29187
0.35395
0.29960
0.27413
0.26824
0.26916
0.25387
0.26240
0.34005
0.16616
0.25875
0.30642
0.22375
0.25389
0.29881
0.22473
0.25286
0.26034
0.27813
0.33121
0.30804
0.22026
0.19670
0.25770
0.37452
0.14814
0.27584
0.17076
0.18425
0.21853
0.35743
0.30951
0.31694
0.19009
0.35385
0.26229
0.25672
0.35926
0.30895
0.27909
0.26377
0.25617
0.26716
0.19594
0.36489
0.26910
0.22105
0.19138
0.31182
0.21160
0.25778
0.29103
0.26106
0.35219
0.32787
0.22601
0.33513
0.32687
0.18298
0.17525
0.26211
0.18215
0.20563
0.16554
0.30869
0.34932
0.24241
0.22120
0.25225
0.27602
0.20906
0.25478
0.25633
0.25552
0.20201
0.27687
0.24533
0.23212
0.17599
0.32299
0.29730
0.18106
0.30131
0.31956
0.27609
0.34400
0.31845
0.23587
0.25150
0.19471
0.28900
0.29223
0.24582
0.28614
0.23160
0.19891
0.31073
0.21895
0.28414
0.23203
0.24820
0.29283
0.29258
0.21984
0.24796
0.27516
0.21041
0.28307
0.20580
0.24820
0.23316
0.23672
0.15287
0.28461
0.32289
0.33506
0.21969
0.17672
0.33249
0.22521
0.18278
0.16416
0.30532
0.33685
0.17955
0.20528
0.27712
0.23284
0.15472
0.18129
0.22020
0.26187
0.21105
0.24675
0.23400
0.29051
0.18641
0.19040
0.27254
0.24565
0.21366
0.26779
0.27943
0.27213
0.35238
0.22045
0.32086
0.23029
0.35902
0.30987
0.24553
0.27168
0.26760
0.26191
0.20800
0.28705
0.30498
0.23753
0.30136
0.27795
0.33298
0.24992
0.31074
0.23097
0.34455
0.21202
0.25899
0.23154
0.23104
0.26168
0.28986
0.22355
0.22278
0.27767
0.27675
0.20045
0.31342
0.25322
0.24584
0.30814
0.29939
0.26403
0.15511
0.19484
0.32973
0.33286
0.22783
0.23958
0.28889
0.26364
0.21821
0.15524
0.29838
0.26890
0.26044
0.25060
0.18997
0.26236
0.30455
0.27564
0.24751
0.24118
0.35114
0.25854
0.17287
0.20413
0.29274
0.28537
0.24922
0.25166
0.24949
0.36407
0.35555
0.17444
0.25937
0.32144
0.23696
0.24502
0.28414
0.34447
0.23064
0.22328
0.20728
0.20790
0.24404
0.36138
0.32019
0.30227
0.25255
0.23888
0.26114
0.32047
0.28291
0.21186
0.32897
0.22954
0.23472
0.34441
0.29363
0.23708
0.25270
0.22804
0.29668
0.31385
0.34361
0.25399
0.29525
0.22779
0.25710
0.32006
0.15528
0.25593
0.21854
0.21466
0.24600
0.25303
0.26359
0.21094
0.23039
0.24087
0.21915
0.28673
0.34358
0.26856
0.22991
0.20598
0.30718
0.24164
0.23460
0.18388
0.33324
0.28234
0.32924
0.27473
0.19583
0.24459
0.27572
0.21216
0.27175
0.20104
0.32952
0.26926
0.35277
0.27706
0.29601
0.35444
0.26819
0.22646
0.27787
0.18823
0.20688
0.26892
0.18765
0.27220
0.32138
0.24393
0.29460
0.37275
0.31621
0.29014
0.25556
0.31512
0.29981
0.37693
0.20244
0.26869
0.33001
0.32709
0.26393
0.33696
0.39739
0.24042
0.22792
0.31342
0.25051
0.32344
0.28633
0.23903
0.22668
0.33814
0.23134
0.23718
0.33201
0.23859
0.21550
0.21395
0.21841
0.27010
0.29624
0.29078
0.28614
0.22564
0.26036
0.25799
0.27365
0.23847
0.31469
0.17160
0.35805
0.29236
0.35038
0.25742
0.29436
0.39784
0.37829
0.24675
0.18609
0.25954
0.38521
0.31132
0.24560
0.26421
0.34346
0.26303
0.20801
0.32087
0.22724
0.28695
0.22855
0.29467
0.38032
0.43752
0.30392
0.25941
0.25824
0.37904
0.33177
0.29882
0.28347
0.34478
0.23169
0.19410
0.31092
0.45109
0.25087
0.39466
0.40011
0.21582
0.26981
0.33206
0.28488
0.30807
0.19429
0.25677
0.21566
0.29279
0.25819
0.29142
0.32311
0.36597
0.24153
0.22876
0.25909
0.23340
0.22647
0.36436
0.26468
0.13781
0.32546
0.21197
0.20160
0.38960
0.15098
0.23909
0.25220
0.28628
0.25710
0.44398
0.19299
0.29787
0.37973
0.24307
0.22917
0.21542
0.27268
0.20759
0.32726
0.19967
0.36804
0.34718
0.20825
0.26804
0.19551
0.34308
0.29250
0.22619
0.35387
0.42043
0.34168
0.28891
0.35209
0.34701
0.15304
0.24824
0.28613
0.39477
0.19850
0.24499
0.26750
0.34613
0.22716
0.26711
0.21289
0.31923
0.39534
0.24250
0.24253
0.31710
0.30824
0.27361
0.25831
0.38392
0.26680
0.28395
0.22200
0.25087
0.34471
0.27968
0.30725
0.25244
0.33721
0.25558
0.22645
0.29412
0.26960
0.20740
0.22799
0.18309
0.29790
0.22708
0.08639
0.19965
0.21966
0.25581
0.28692
0.21980
0.26810
0.39065
0.20139
0.06493
0.17386
0.05844
0.28377
0.21622
0.18140
0.28885
0.08690
0.10266
0.21422
0.11656
0.04239
0.10765
0.23361
0.26665
0.21999
0.20172
0.20462
0.06698
0.29489
0.23750
0.10136
0.03436
0.15445
0.32245
0.15273
0.20645
0.18019
0.31782
0.03942
0.05740
0.06818
0.06937
0.21443
0.14205
0.10066
0.14810
0.31855
0.14963
0.28779
0.22396
0.05490
0.29462
0.07461
0.04640
0.24225
0.20167
0.23189
0.13159
0.10264
0.21115
0.23733
0.19670
0.28708
0.02827
0.11336
0.18843
0.21047
0.21450
0.20423
0.08622
0.18223
0.10866
0.07409
0.21544
0.27162
0.07841
0.09128
0.21940
0.06500
0.01329
0.21609
0.13885
0.21022
0.23979
0.25465
0.21049
0.31107
0.25876
0.27898
0.16825
0.19593
0.16228
0.06353
0.23900
0.09216
0.02948
0.22886
0.21707
0.26051
0.21935
0.12101
0.09685
0.14461
0.16391
0.28666
0.28157
0.11409
0.16453
0.27790
0.08717
0.23776
0.08489
0.07337
0.02593
0.10764
0.06390
0.04604
0.25140
0.29872
0.07541
0.09444
0.03078
0.05152
0.13365
0.27908
