0.12907
0.09856
0.07604
0.27323
0.09214
0.13928
0.25735
0.19036
0.20457
0.08729
0.21198
0.12266
0.22058
0.11797
0.13453
0.23585
0.16240
0.13978
0.06131
0.14473
0.30667
0.16624
0.15411
0.06238
0.23005
0.19001
0.07276
0.24396
0.08498
0.18299
0.19746
0.25238
0.13154
0.10693
0.07521
0.09632
0.12818
0.12125
0.12526
0.21560
0.32434
0.28038
0.10031
0.15870
0.29408
0.19382
0.19499
0.26287
0.23515
0.13428
0.10721
0.18490
0.13266
0.28601
0.10660
0.25591
0.22164
0.15572
0.13933
0.11661
0.27044
0.32162
0.16000
0.18224
0.28860
0.31844
0.06350
0.16188
0.13495
0.07053
0.11961
0.31212
0.32288
0.23062
0.27112
0.19054
0.13041
0.09201
0.21614
0.13622
0.33845
0.13062
0.31395
0.27847
0.28696
0.37023
0.09966
0.06786
0.17591
0.27453
0.34169
0.20983
0.11151
0.24982
0.08407
0.18290
0.24510
0.21722
0.19802
0.15156
0.10503
0.21245
0.11186
0.11041
0.21374
0.31674
0.21024
0.19584
0.17496
0.28370
0.07380
0.28114
0.10408
0.19598
0.10260
0.24184
0.27846
0.05048
0.07580
0.19479
0.24862
0.10413
0.30164
0.01547
0.13117
0.16875
0.30407
0.26737
0.17546
0.27208
0.15327
0.18580
0.27712
0.33723
0.09828
0.16141
0.09882
0.28852
0.26514
0.04328
0.24064
0.05006
0.33433
0.21067
0.18315
0.28372
0.09690
0.35800
0.21331
0.09046
0.14455
0.27185
0.09846
0.32858
0.30411
0.32779
0.13426
0.13975
0.15282
0.23971
0.31467
0.30078
0.29004
0.34229
0.08856
0.14320
0.30277
0.26912
0.06699
0.28526
0.04416
0.27773
0.26183
0.07720
0.10668
0.19413
0.10243
0.09080
0.20442
0.28981
0.11692
0.11045
0.17568
0.18940
0.10032
0.16855
0.25206
0.22799
0.27204
0.23913
0.18619
0.11647
0.10248
0.14632
0.16782
0.24131
0.19734
0.17946
0.16503
0.28781
0.17540
0.09112
0.23999
0.14602
0.07528
0.22167
0.15839
0.18511
0.23962
0.11060
0.29680
0.23683
0.10659
0.25801
0.24628
0.26029
0.13127
0.28786
0.24082
0.35328
0.17008
0.25931
0.18900
0.11052
0.11378
0.07908
0.17726
0.19303
0.20001
0.06163
0.27433
0.15084
0.27133
0.15876
0.07058
0.28301
0.11555
0.05785
0.09877
0.29423
0.10169
0.29745
0.12347
0.10954
0.18487
0.20578
0.11504
0.09260
0.15973
0.09923
0.09951
0.14537
0.18735
0.25584
0.14142
0.19119
0.17034
0.09365
0.05410
0.15090
0.24483
0.19251
0.20977
0.16784
0.15928
0.25329
0.30332
0.09685
0.22365
0.07537
0.16198
0.13289
0.12633
0.05542
0.37764
0.21801
0.10494
0.19816
0.19387
0.10347
0.18553
0.33047
0.11430
0.08536
0.28500
0.12052
0.21713
0.21514
0.19415
0.20495
0.10699
0.11878
0.20475
0.24787
0.21425
0.09690
0.22148
0.18469
0.20196
0.17409
0.33770
0.30589
0.22467
0.16177
0.22241
0.28442
0.32515
0.34204
0.05232
0.25464
0.11584
0.26801
0.15031
0.13970
0.14851
0.14520
0.09571
0.19823
0.24538
0.08169
0.13186
0.04577
0.28289
0.17387
0.25704
0.22795
0.23389
0.25437
0.14462
0.08645
0.27990
0.26811
0.32704
0.21502
0.30846
0.24915
0.26006
0.31442
0.29441
0.26403
0.07060
0.06487
0.19486
0.22534
0.08426
0.14668
0.24558
0.15372
0.24039
0.14072
0.21926
0.13431
0.28894
0.24573
0.25815
0.24393
0.29634
0.15366
0.11882
0.33298
0.07957
0.20591
0.07917
0.10665
0.23797
0.03669
0.25719
0.32719
0.07545
0.09432
0.16252
0.25192
0.10122
0.09194
0.06217
0.05489
0.07296
0.10654
0.24176
0.10748
0.28992
0.18394
0.21104
0.12935
0.19797
0.28840
0.23978
0.28277
0.33139
0.19119
0.27687
0.30421
0.28911
0.34218
0.29260
0.24299
0.33888
0.25379
0.24987
0.26874
0.20877
0.29892
0.20033
0.36376
0.28560
0.25418
0.23867
0.26260
0.26276
0.35238
0.29709
0.24555
0.30267
0.31166
0.22750
0.27499
0.32474
0.27293
0.24975
0.26629
0.29653
0.29041
0.26118
0.21279
0.33311
0.25456
0.24894
0.32220
0.15871
0.31141
0.32341
0.29574
0.28423
0.30481
0.28747
0.24258
0.27831
0.33270
0.21541
0.28399
0.32896
0.25617
0.30542
0.29897
0.20242
0.29165
0.26790
0.26402
0.29788
0.27829
0.26214
0.19603
0.27062
0.37632
0.13149
0.27852
0.22920
0.22336
0.17564
0.36380
0.30539
0.30998
0.15856
0.34308
0.28034
0.28756
0.35989
0.30299
0.29228
0.30517
0.25161
0.27942
0.17873
0.34584
0.30908
0.25686
0.21675
0.33457
0.20412
0.27725
0.28320
0.26012
0.32879
0.31074
0.21658
0.30891
0.31446
0.15021
0.20673
0.29755
0.19502
0.21528
0.13091
0.30619
0.32741
0.28046
0.27223
0.24252
0.29924
0.20679
0.30546
0.27601
0.30227
0.22835
0.27248
0.29260
0.22451
0.16752
0.36729
0.28315
0.22493
0.30371
0.29597
0.26105
0.36112
0.30031
0.23758
0.29519
0.20787
0.29273
0.32178
0.26724
0.27296
0.24104
0.16363
0.32188
0.23155
0.30548
0.24050
0.28248
0.32380
0.27906
0.20633
0.22695
0.29380
0.21684
0.28136
0.19772
0.22798
0.23994
0.23011
0.22674
0.30946
0.29508
0.31004
0.25607
0.22532
0.31925
0.21654
0.21712
0.23170
0.29057
0.29488
0.16354
0.19064
0.29239
0.28470
0.22668
0.16150
0.22978
0.25690
0.24931
0.23263
0.27729
0.32965
0.18994
0.24497
0.26589
0.29127
0.17604
0.27859
0.26908
0.25559
0.37933
0.20365
0.28149
0.24805
0.35173
0.29127
0.26897
0.28184
0.28159
0.26947
0.20267
0.31580
0.28022
0.26289
0.26503
0.29614
0.32270
0.24519
0.26913
0.22562
0.32037
0.24705
0.29495
0.22761
0.26592
0.27654
0.26301
0.20843
0.25498
0.24719
0.30438
0.21832
0.30720
0.24754
0.28212
0.26398
0.26895
0.26527
0.14575
0.22640
0.31120
0.31273
0.26189
0.28067
0.29870
0.25357
0.23137
0.21980
0.28787
0.29582
0.29877
0.25659
0.19788
0.28437
0.29466
0.26157
0.27197
0.24525
0.31939
0.29174
0.21841
0.20059
0.26958
0.27619
0.32957
0.26008
0.28356
0.34426
0.32376
0.14887
0.22872
0.29753
0.27446
0.26672
0.30952
0.32607
0.22679
0.20887
0.19540
0.27632
0.27670
0.35054
0.27669
0.29553
0.29470
0.23447
0.23801
0.29763
0.27052
0.18273
0.33220
0.20210
0.22365
0.32349
0.31108
0.24997
0.22722
0.26321
0.27295
0.33866
0.34125
0.26555
0.25478
0.21467
0.27724
0.29692
0.13481
0.25258
0.20858
0.25500
0.27991
0.22448
0.27518
0.24440
0.26734
0.22541
0.25496
0.24870
0.32088
0.27989
0.26270
0.20523
0.28698
0.25934
0.24175
0.22994
0.31246
0.28196
0.34141
0.23482
0.25088
0.27259
0.25642
0.24124
0.26713
0.19430
0.33064
0.27883
0.31536
0.26498
0.27421
0.33033
0.26660
0.24497
0.30191
0.20960
0.20025
0.30892
0.23707
0.29042
0.30050
0.27190
0.31712
0.38127
0.29338
0.32039
0.28116
0.28744
0.26364
0.34229
0.24397
0.28116
0.33081
0.31076
0.29480
0.32716
0.36774
0.24276
0.27669
0.31695
0.22600
0.29508
0.31418
0.23314
0.25452
0.33003
0.23494
0.28270
0.32984
0.27933
0.26502
0.24439
0.25205
0.30319
0.27623
0.30212
0.28753
0.22650
0.28150
0.29074
0.32319
0.29270
0.26869
0.14828
0.30163
0.33494
0.35487
0.31759
0.29850
0.37455
0.38802
0.26947
0.20945
0.28352
0.41029
0.27737
0.20280
0.29716
0.35187
0.24037
0.22697
0.33929
0.25995
0.28419
0.21557
0.33989
0.34980
0.41461
0.31125
0.29084
0.27756
0.38806
0.33276
0.31356
0.29019
0.36223
0.24094
0.17343
0.31877
0.45423
0.23352
0.39256
0.39060
0.23253
0.29879
0.34327
0.31978
0.28875
0.24602
0.28531
0.19394
0.28762
0.28159
0.30536
0.31146
0.37787
0.26428
0.27655
0.25312
0.22333
0.24669
0.38735
0.25698
0.13268
0.34045
0.15222
0.18530
0.40491
0.16222
0.21710
0.20805
0.23014
0.26183
0.46323
0.19896
0.32015
0.39287
0.23678
0.24075
0.25151
0.26257
0.21877
0.33994
0.19988
0.36985
0.33924
0.22905
0.20504
0.25233
0.33777
0.27121
0.22205
0.35402
0.42906
0.30723
0.28951
0.36048
0.35785
0.20664
0.28458
0.28948
0.39255
0.20810
0.22165
0.21841
0.38277
0.26887
0.26245
0.27833
0.31815
0.35631
0.25097
0.29714
0.28052
0.30319
0.27666
0.25681
0.39953
0.28069
0.30168
0.27086
0.30614
0.35420
0.25676
0.31305
0.22969
0.33462
0.24689
0.24758
0.30068
0.29352
0.20524
0.28457
0.18725
0.32046
0.22112
0.03405
0.16462
0.24163
0.25590
0.26914
0.21797
0.27741
0.35560
0.19776
0.06166
0.16462
0.04182
0.31294
0.23354
0.13782
0.30117
0.09374
0.12009
0.19421
0.20952
0.09161
0.15026
0.21379
0.26225
0.22693
0.21051
0.31166
0.06803
0.29431
0.22253
0.06978
0.09194
0.16709
0.30406
0.18860
0.22067
0.22850
0.29248
0.07395
0.07203
0.10263
0.09910
0.27536
0.17271
0.17752
0.16753
0.29701
0.17188
0.28254
0.20126
0.10585
0.31177
0.10194
0.10993
0.28653
0.18539
0.27400
0.10841
0.06790
0.20143
0.19574
0.29138
0.27003
0.04704
0.11041
0.18950
0.20774
0.18548
0.23764
0.15511
0.25274
0.16625
0.16407
0.29747
0.23033
0.17930
0.18538
0.18277
0.09467
0.06612
0.27143
0.11430
0.18896
0.24576
0.25009
0.20481
0.34035
0.29344
0.25463
0.24403
0.17174
0.14951
0.07918
0.22617
0.14479
0.10138
0.20968
0.21948
0.28874
0.27590
0.16178
0.07070
0.13109
0.25713
0.27971
0.24887
0.08230
0.29132
0.30698
0.08236
0.23301
0.13827
0.08040
0.02640
0.20917
0.11798
0.08883
0.29138
0.24996
0.10025
0.12722
0.08749
0.10649
0.07865
0.24141
