0.12888
0.09462
0.07657
0.24833
0.06856
0.13453
0.22466
0.14359
0.18794
0.09390
0.21827
0.12200
0.14400
0.12055
0.08663
0.21296
0.12242
0.13191
0.04482
0.11628
0.27345
0.16895
0.14438
0.06270
0.21067
0.15431
0.16493
0.27573
0.10234
0.20816
0.16005
0.29494
0.17266
0.09887
0.10060
0.10090
0.14180
0.10660
0.09966
0.20338
0.30115
0.26150
0.08216
0.10914
0.26905
0.22445
0.14280
0.27210
0.16597
0.13421
0.10907
0.15412
0.16477
0.32064
0.09915
0.27668
0.23556
0.12906
0.11064
0.09814
0.28990
0.27357
0.11168
0.23568
0.27125
0.25992
0.04981
0.15629
0.15333
0.04331
0.15315
0.27983
0.35088
0.24651
0.27410
0.13522
0.07064
0.04713
0.20976
0.15567
0.30735
0.24515
0.26063
0.27599
0.29882
0.35599
0.11680
0.07825
0.11932
0.27048
0.30987
0.17617
0.06256
0.28516
0.04646
0.13504
0.22913
0.23097
0.19072
0.20391
0.09744
0.17991
0.13127
0.12022
0.17644
0.30109
0.11642
0.20671
0.20963
0.29754
0.03199
0.28984
0.09038
0.25153
0.12343
0.20406
0.27270
0.06762
0.10719
0.16582
0.23995
0.05773
0.26687
0.01494
0.09861
0.12267
0.30099
0.28698
0.18012
0.21702
0.12247
0.11065
0.29805
0.31974
0.11103
0.13974
0.04329
0.27103
0.20917
0.02751
0.21784
0.02971
0.30242
0.21708
0.16210
0.28222
0.09133
0.32232
0.18411
0.08635
0.20031
0.23813
0.11312
0.28292
0.29894
0.33322
0.13048
0.13279
0.14629
0.25120
0.28073
0.25545
0.27400
0.32738
0.09133
0.14475
0.30400
0.28121
0.08783
0.25846
0.03497
0.20369
0.25433
0.04912
0.10343
0.21205
0.07392
0.13256
0.14561
0.26202
0.09544
0.10499
0.26794
0.14541
0.05703
0.23500
0.23573
0.21502
0.22232
0.25573
0.12686
0.08428
0.06577
0.12653
0.15095
0.20974
0.23157
0.17751
0.07461
0.26191
0.25522
0.08751
0.14511
0.19257
0.06751
0.25375
0.10880
0.21909
0.23939
0.16434
0.21166
0.24497
0.09361
0.28315
0.28103
0.24979
0.13907
0.32540
0.19070
0.33801
0.12099
0.25200
0.09494
0.07738
0.06800
0.06478
0.20833
0.17786
0.15548
0.08726
0.27362
0.11235
0.23279
0.11399
0.07177
0.29203
0.11406
0.08232
0.12033
0.24284
0.11232
0.32062
0.07363
0.10014
0.18728
0.23338
0.12595
0.07633
0.10687
0.11778
0.10561
0.12230
0.11651
0.27887
0.15111
0.17562
0.20830
0.11523
0.05581
0.12556
0.17761
0.17440
0.22080
0.20578
0.08212
0.28741
0.30703
0.11226
0.21457
0.08839
0.09956
0.13869
0.06994
0.03765
0.35636
0.15357
0.07419
0.22364
0.15508
0.07136
0.20630
0.31986
0.13790
0.06722
0.30939
0.11633
0.18081
0.21301
0.16734
0.19946
0.11634
0.04392
0.21119
0.21956
0.12261
0.11134
0.19963
0.24204
0.19508
0.15239
0.32370
0.27764
0.27015
0.17903
0.08312
0.30182
0.29873
0.32765
0.04805
0.22404
0.14171
0.29836
0.18450
0.10759
0.15429
0.10530
0.08517
0.23404
0.23769
0.04226
0.08575
0.07320
0.29647
0.16189
0.18893
0.16958
0.25655
0.24807
0.15020
0.04909
0.21357
0.26865
0.31932
0.27755
0.28748
0.21187
0.24388
0.31932
0.29396
0.26186
0.06657
0.08743
0.10754
0.20013
0.07923
0.12282
0.19735
0.08412
0.24303
0.10690
0.17726
0.16229
0.25686
0.27749
0.26909
0.18479
0.31177
0.13573
0.17415
0.30848
0.08571
0.22893
0.07388
0.10664
0.14934
0.09630
0.21933
0.31350
0.09217
0.10445
0.20061
0.24787
0.10927
0.07666
0.11898
0.06664
0.08181
0.08216
0.18859
0.09531
0.29556
0.21414
0.22884
0.11831
0.21710
0.29460
0.20969
0.26278
0.35924
0.19514
0.29084
0.30157
0.28258
0.31616
0.28412
0.23117
0.35485
0.24761
0.24940
0.25941
0.23977
0.28764
0.19579
0.37459
0.33387
0.27079
0.24849
0.24817
0.25091
0.34067
0.28882
0.22652
0.31761
0.34633
0.22051
0.25173
0.31327
0.27497
0.25033
0.24232
0.28475
0.31906
0.23619
0.21624
0.34633
0.26239
0.23694
0.30745
0.19735
0.29694
0.35496
0.29060
0.29266
0.30269
0.28717
0.24360
0.28550
0.32027
0.20761
0.28616
0.33122
0.25092
0.27260
0.30129
0.18980
0.29721
0.26047
0.28106
0.31077
0.29830
0.25429
0.19844
0.28221
0.36612
0.13905
0.27520
0.20759
0.19009
0.20019
0.34269
0.30058
0.33791
0.17198
0.35850
0.25740
0.26414
0.37616
0.31773
0.28839
0.29450
0.24970
0.28700
0.19700
0.34898
0.28115
0.22789
0.15959
0.31277
0.18675
0.25376
0.30074
0.25539
0.36103
0.33202
0.22689
0.33003
0.31545
0.17923
0.17293
0.27940
0.17511
0.20969
0.16141
0.30307
0.35461
0.25834
0.25462
0.24082
0.28871
0.20845
0.29803
0.27018
0.28274
0.20378
0.28612
0.28171
0.21516
0.17362
0.32939
0.27965
0.17779
0.28640
0.31845
0.26701
0.33608
0.31155
0.22913
0.28480
0.18961
0.29880
0.30760
0.26881
0.26827
0.24884
0.18341
0.28943
0.21982
0.27962
0.22527
0.27347
0.30963
0.29016
0.20487
0.24444
0.28548
0.19616
0.28645
0.19710
0.22518
0.21888
0.23845
0.22457
0.29402
0.32342
0.33128
0.22972
0.20387
0.32279
0.21212
0.20001
0.21250
0.30831
0.29941
0.18349
0.18633
0.27295
0.28452
0.19836
0.15610
0.23240
0.25720
0.20582
0.25082
0.24038
0.31742
0.18494
0.22721
0.27217
0.26939
0.18899
0.28251
0.26189
0.26030
0.35887
0.19512
0.29376
0.22694
0.36895
0.31447
0.24859
0.26220
0.29149
0.26217
0.20753
0.29206
0.26206
0.26205
0.29030
0.28099
0.34271
0.24733
0.29966
0.22228
0.33872
0.21755
0.25822
0.23685
0.24951
0.27431
0.26169
0.22628
0.22850
0.24236
0.30078
0.22587
0.32050
0.25662
0.25897
0.30133
0.29823
0.29505
0.15591
0.21150
0.33084
0.32321
0.25122
0.27574
0.29609
0.26324
0.23206
0.19859
0.30646
0.29060
0.26049
0.25242
0.21771
0.28692
0.31924
0.25707
0.25215
0.23725
0.33188
0.26998
0.19096
0.19972
0.29101
0.29641
0.28122
0.26611
0.25067
0.36428
0.34819
0.15262
0.25111
0.32150
0.25741
0.27684
0.28705
0.33465
0.25122
0.21386
0.21156
0.24965
0.27112
0.35979
0.30022
0.28817
0.27459
0.22930
0.26354
0.30740
0.28284
0.17381
0.33358
0.21604
0.24341
0.34429
0.29920
0.25033
0.25071
0.23964
0.30000
0.33389
0.34810
0.24683
0.28508
0.23008
0.30054
0.30749
0.14131
0.25470
0.21825
0.22598
0.27573
0.24868
0.26457
0.24452
0.24640
0.24777
0.21359
0.25493
0.34378
0.28038
0.25969
0.19185
0.28829
0.24986
0.24350
0.18410
0.33191
0.29620
0.31957
0.26257
0.24173
0.27911
0.27296
0.22679
0.26424
0.18140
0.32008
0.26928
0.33252
0.29003
0.30151
0.36060
0.26181
0.24610
0.28842
0.14154
0.20674
0.28577
0.21588
0.29048
0.30483
0.28104
0.32017
0.38598
0.31122
0.31508
0.25711
0.30210
0.28370
0.36133
0.24274
0.27696
0.33220
0.32072
0.29343
0.32959
0.38558
0.25372
0.23202
0.30530
0.22435
0.32070
0.31781
0.24309
0.24855
0.34230
0.22441
0.26398
0.31842
0.28110
0.24760
0.24538
0.24832
0.29271
0.28973
0.30563
0.28127
0.24333
0.29753
0.26451
0.29238
0.27169
0.27176
0.15114
0.33821
0.33713
0.35563
0.30766
0.31733
0.39288
0.40270
0.28321
0.18347
0.29873
0.38462
0.30108
0.25028
0.29517
0.35550
0.24997
0.24644
0.33475
0.26285
0.28259
0.23880
0.33454
0.35583
0.42045
0.33828
0.31206
0.26353
0.40760
0.32572
0.28687
0.29889
0.36552
0.27195
0.20917
0.30543
0.47635
0.26511
0.42191
0.41175
0.23447
0.29264
0.36105
0.30660
0.29358
0.24934
0.27974
0.22605
0.28207
0.28853
0.31277
0.30583
0.39213
0.27764
0.27739
0.26548
0.19243
0.25179
0.40058
0.26715
0.12577
0.35679
0.16083
0.18857
0.42421
0.17235
0.28459
0.21787
0.27869
0.24884
0.45065
0.19579
0.33846
0.38987
0.24080
0.25213
0.25891
0.28499
0.21525
0.35753
0.18738
0.36429
0.35953
0.25678
0.23204
0.22305
0.34969
0.28967
0.21658
0.35080
0.42341
0.32827
0.28622
0.38140
0.38074
0.19372
0.28095
0.29147
0.39407
0.21271
0.24040
0.25506
0.36316
0.26787
0.27172
0.25526
0.30555
0.37258
0.26459
0.29177
0.34359
0.29097
0.28614
0.26117
0.37641
0.29090
0.29825
0.27566
0.29412
0.35565
0.27260
0.30229
0.23246
0.33642
0.29099
0.22790
0.32468
0.29923
0.24586
0.28034
0.17103
0.33760
0.21315
0.05514
0.07499
0.21554
0.27371
0.28025
0.19598
0.24046
0.36808
0.13275
0.07200
0.23185
0.05623
0.28307
0.28176
0.15189
0.28407
0.05337
0.09577
0.20896
0.28136
0.05962
0.17168
0.14551
0.26450
0.20273
0.21095
0.25792
0.09278
0.32175
0.21871
0.03681
0.06516
0.07202
0.29913
0.13840
0.22489
0.21123
0.28636
0.06592
0.10014
0.02749
0.07299
0.28563
0.13595
0.16255
0.13198
0.26121
0.12510
0.22032
0.22959
0.04651
0.28523
0.06029
0.07960
0.18697
0.23182
0.26002
0.06259
0.11611
0.21678
0.20321
0.29244
0.25844
0.01277
0.05611
0.15795
0.18790
0.23203
0.18938
0.10348
0.30892
0.21849
0.11083
0.27912
0.27579
0.08427
0.08741
0.14653
0.05277
0.05027
0.16716
0.13506
0.17855
0.27122
0.27271
0.19799
0.29637
0.24564
0.21485
0.24871
0.23406
0.21580
0.02131
0.25541
0.05318
0.08148
0.17077
0.25297
0.27960
0.24385
0.04830
0.05330
0.08436
0.25411
0.23295
0.22230
0.06201
0.16769
0.26300
0.09232
0.22421
0.07578
0.06231
0.03212
0.22790
0.09568
0.07564
0.23112
0.31309
0.09483
0.09675
0.06084
0.13852
0.12626
0.14786
