0.15245
0.10981
0.15126
0.27371
0.19377
0.15760
0.21399
0.16533
0.21525
0.06893
0.22188
0.18870
0.24476
0.12347
0.18725
0.22866
0.13461
0.19364
0.16179
0.16790
0.26710
0.14557
0.23393
0.07065
0.23029
0.21746
0.18696
0.25514
0.08830
0.18747
0.21897
0.28562
0.14401
0.13801
0.13296
0.09813
0.11490
0.18225
0.18812
0.20039
0.29529
0.26710
0.15902
0.15482
0.27244
0.20700
0.18081
0.27594
0.24972
0.19267
0.10351
0.21446
0.15232
0.29653
0.10373
0.23654
0.23471
0.18101
0.16982
0.15969
0.25333
0.28838
0.17933
0.18525
0.27039
0.24244
0.06879
0.15988
0.14918
0.10262
0.16232
0.29893
0.30395
0.17930
0.24898
0.19227
0.13810
0.11426
0.18842
0.19775
0.26918
0.19573
0.33444
0.27086
0.27702
0.32242
0.10245
0.11366
0.22115
0.27794
0.30581
0.20348
0.11419
0.27964
0.16675
0.24729
0.21035
0.19477
0.19537
0.17744
0.10485
0.18328
0.10804
0.10793
0.23957
0.29271
0.20885
0.19360
0.18610
0.28992
0.04380
0.27383
0.17539
0.26080
0.10519
0.21245
0.29840
0.09719
0.10336
0.20624
0.27895
0.13076
0.27490
0.04835
0.13887
0.16377
0.26822
0.23871
0.17151
0.23406
0.17763
0.11739
0.30777
0.29018
0.10250
0.15419
0.13805
0.28548
0.27350
0.13410
0.18908
0.07877
0.28620
0.20645
0.18312
0.25014
0.10377
0.32265
0.20452
0.09841
0.13887
0.27070
0.10101
0.31399
0.25682
0.32725
0.17327
0.22545
0.14846
0.15454
0.28899
0.24837
0.26689
0.29835
0.08960
0.18761
0.27845
0.26133
0.09972
0.23952
0.10376
0.28553
0.24059
0.05738
0.17488
0.17903
0.17677
0.09553
0.18103
0.29657
0.16803
0.13453
0.19295
0.16887
0.13881
0.22140
0.25027
0.24600
0.27907
0.21167
0.15277
0.07791
0.09292
0.22403
0.19343
0.25302
0.22579
0.21570
0.18209
0.30356
0.16032
0.15998
0.24344
0.18665
0.14889
0.21588
0.11727
0.19293
0.25145
0.14659
0.20711
0.21574
0.13330
0.25615
0.26465
0.24335
0.13922
0.24288
0.19932
0.27530
0.19617
0.25083
0.15769
0.17527
0.14580
0.11233
0.18560
0.18633
0.22791
0.12510
0.26193
0.12249
0.25504
0.19749
0.09427
0.27201
0.12511
0.08954
0.10132
0.25577
0.13321
0.25011
0.18510
0.19318
0.12073
0.20021
0.11374
0.11757
0.18857
0.12614
0.10448
0.21524
0.19654
0.26619
0.14655
0.19091
0.22157
0.11443
0.12558
0.13547
0.23538
0.22087
0.26061
0.18806
0.19851
0.26627
0.29322
0.12165
0.21046
0.12504
0.14493
0.14224
0.15759
0.05598
0.35635
0.21224
0.13037
0.23193
0.16542
0.11965
0.16521
0.29717
0.20786
0.14523
0.29983
0.12452
0.17686
0.23585
0.24592
0.19877
0.17095
0.12320
0.21961
0.24228
0.22761
0.09843
0.16615
0.18677
0.23971
0.22718
0.28416
0.30103
0.27536
0.20048
0.19484
0.28903
0.30493
0.32479
0.08285
0.23632
0.13786
0.30651
0.15263
0.13771
0.18634
0.18756
0.15392
0.20081
0.25756
0.11623
0.15091
0.12789
0.27967
0.19314
0.24185
0.19442
0.25121
0.24007
0.18337
0.07770
0.27534
0.25127
0.35012
0.27089
0.29237
0.21280
0.24636
0.25438
0.24518
0.26564
0.10968
0.13663
0.22623
0.22783
0.13104
0.12597
0.27625
0.21023
0.23348
0.18764
0.21236
0.12936
0.27079
0.26970
0.25406
0.24237
0.29532
0.20746
0.12444
0.34072
0.14589
0.23803
0.10434
0.11059
0.20447
0.13977
0.24555
0.30824
0.06037
0.19941
0.17320
0.25566
0.13376
0.09822
0.13736
0.11082
0.07683
0.18107
0.23979
0.11378
0.28116
0.24571
0.21642
0.14107
0.21988
0.30298
0.15948
0.23872
0.35998
0.14926
0.28369
0.30210
0.26488
0.28741
0.28606
0.21592
0.36085
0.23208
0.20790
0.22663
0.21251
0.26284
0.19958
0.37681
0.34270
0.23171
0.22848
0.26226
0.22627
0.32304
0.25640
0.20057
0.32709
0.33354
0.18324
0.20909
0.32898
0.26426
0.24178
0.25398
0.24513
0.32175
0.21403
0.21832
0.35268
0.22644
0.21993
0.30162
0.16133
0.29512
0.35759
0.28390
0.30044
0.27945
0.23692
0.23181
0.24897
0.33161
0.19299
0.24707
0.31236
0.22039
0.23738
0.29318
0.20158
0.27013
0.23572
0.28276
0.32338
0.29811
0.23343
0.19197
0.27170
0.34741
0.15439
0.26360
0.18424
0.14480
0.19349
0.33951
0.30003
0.33388
0.19656
0.35844
0.26170
0.26660
0.36611
0.32443
0.25124
0.28793
0.24655
0.26885
0.20615
0.35607
0.25725
0.21728
0.16450
0.30539
0.20975
0.23445
0.29926
0.24704
0.35464
0.34033
0.21832
0.31153
0.30272
0.20320
0.13670
0.25539
0.20084
0.19068
0.15930
0.27837
0.34044
0.22342
0.23989
0.25200
0.26739
0.22416
0.25768
0.21095
0.25424
0.20907
0.27092
0.24393
0.22707
0.21070
0.31340
0.31277
0.15562
0.31284
0.32869
0.25703
0.31283
0.33174
0.20765
0.27374
0.18928
0.28416
0.29602
0.24495
0.27676
0.26689
0.18949
0.30898
0.22343
0.25741
0.21879
0.22946
0.27190
0.29586
0.20549
0.24169
0.26334
0.20348
0.26928
0.21444
0.23913
0.21740
0.26305
0.16857
0.29683
0.33498
0.33027
0.21477
0.16387
0.33032
0.22493
0.17542
0.18195
0.31783
0.31849
0.18388
0.20500
0.25628
0.24820
0.19885
0.16813
0.22347
0.26556
0.18849
0.25760
0.25242
0.27782
0.20371
0.20962
0.29444
0.24595
0.20664
0.24017
0.25782
0.27612
0.34606
0.21905
0.31341
0.23370
0.36285
0.32606
0.20941
0.26578
0.24749
0.25305
0.20949
0.28736
0.28881
0.23206
0.30488
0.25290
0.34089
0.24199
0.28370
0.20411
0.35200
0.20085
0.26119
0.21836
0.21025
0.27515
0.28603
0.21964
0.20313
0.26776
0.28815
0.18899
0.30564
0.23996
0.22410
0.30137
0.29446
0.30290
0.15914
0.19468
0.33151
0.33289
0.20982
0.25296
0.27300
0.25429
0.19374
0.17968
0.31839
0.27549
0.23699
0.25999
0.19227
0.27037
0.32655
0.25275
0.22973
0.27125
0.33600
0.26271
0.16149
0.17038
0.30247
0.29316
0.23654
0.24534
0.23608
0.34588
0.35927
0.18077
0.23711
0.32979
0.22531
0.22719
0.27395
0.34737
0.25570
0.22059
0.19968
0.21540
0.22524
0.36568
0.31985
0.30777
0.23729
0.22287
0.26674
0.30306
0.28051
0.20120
0.34368
0.23583
0.25298
0.34599
0.28927
0.22783
0.23735
0.22553
0.29366
0.29487
0.34958
0.23450
0.29021
0.20150
0.27368
0.29735
0.15858
0.24566
0.23774
0.20636
0.23060
0.26808
0.24474
0.22662
0.21526
0.23082
0.19220
0.26306
0.34262
0.26113
0.22539
0.19902
0.30455
0.23720
0.24305
0.16149
0.33668
0.29384
0.30810
0.27672
0.21322
0.22635
0.27100
0.19747
0.26345
0.18482
0.31447
0.27546
0.35334
0.28295
0.30918
0.35576
0.24403
0.23256
0.25641
0.14337
0.12781
0.24263
0.18480
0.27697
0.32063
0.25111
0.29841
0.38413
0.32092
0.33284
0.25826
0.31711
0.27963
0.36037
0.21061
0.26165
0.32597
0.32351
0.25588
0.32765
0.38991
0.24021
0.23626
0.29618
0.24930
0.32519
0.30107
0.22867
0.23794
0.33939
0.21275
0.22220
0.31102
0.23131
0.23904
0.20828
0.23198
0.28518
0.28486
0.28093
0.28357
0.25778
0.27258
0.26423
0.26889
0.23796
0.30162
0.15541
0.31006
0.30152
0.35796
0.28873
0.30216
0.38663
0.40975
0.23676
0.20895
0.26255
0.38907
0.31169
0.22796
0.26566
0.34349
0.26673
0.21921
0.33034
0.20293
0.28737
0.21328
0.29641
0.38040
0.45108
0.31151
0.26380
0.22899
0.37977
0.31272
0.27432
0.24696
0.34260
0.21366
0.18858
0.32339
0.44886
0.27271
0.40353
0.40233
0.24068
0.24326
0.34011
0.32807
0.31253
0.20659
0.23657
0.21291
0.30431
0.26051
0.29190
0.31803
0.35603
0.23323
0.22675
0.27418
0.21105
0.19986
0.39990
0.27824
0.16134
0.35455
0.16464
0.14857
0.39534
0.19809
0.27829
0.24645
0.25515
0.25384
0.43712
0.21729
0.30893
0.38657
0.23157
0.23895
0.23901
0.26624
0.20008
0.33143
0.22229
0.37033
0.34698
0.19908
0.26400
0.20206
0.35666
0.28960
0.22968
0.35395
0.42367
0.34046
0.27499
0.34369
0.34774
0.17841
0.29185
0.30679
0.37894
0.23613
0.23467
0.27977
0.35465
0.22748
0.27437
0.23984
0.33479
0.38126
0.25800
0.25741
0.33102
0.31395
0.26810
0.25536
0.36723
0.24327
0.31190
0.25075
0.25211
0.34129
0.27112
0.29224
0.23416
0.31929
0.26762
0.17641
0.28245
0.26107
0.20513
0.23669
0.22163
0.34750
0.21698
0.10019
0.12516
0.21759
0.23109
0.30363
0.22386
0.26917
0.35737
0.24917
0.04876
0.23799
0.04123
0.29980
0.26946
0.17726
0.28825
0.15871
0.09311
0.13723
0.20169
0.06392
0.16776
0.25013
0.28177
0.14995
0.21398
0.29968
0.16017
0.28462
0.19226
0.05829
0.20846
0.17742
0.26091
0.17030
0.25204
0.22670
0.25851
0.11580
0.14985
0.13281
0.07885
0.29257
0.17238
0.13422
0.22176
0.25102
0.17301
0.24291
0.23131
0.11933
0.27533
0.09328
0.09760
0.25702
0.17568
0.20944
0.14088
0.07039
0.22063
0.18450
0.30575
0.28680
0.10223
0.07558
0.11695
0.19726
0.24997
0.21578
0.14654
0.29192
0.22891
0.15634
0.25390
0.25260
0.19452
0.19010
0.21025
0.02518
0.11018
0.19167
0.19180
0.19341
0.26458
0.29579
0.21095
0.30606
0.24182
0.25219
0.20286
0.14329
0.22995
0.04586
0.26168
0.12853
0.18081
0.16991
0.22489
0.27537
0.27270
0.12425
0.14714
0.17832
0.26086
0.25573
0.25252
0.12283
0.22099
0.28264
0.11044
0.22969
0.15625
0.11121
0.07213
0.17595
0.12658
0.17849
0.28068
0.29694
0.15658
0.09149
0.09157
0.11482
0.16923
0.28691
