0.12291
0.10420
0.04768
0.21939
0.06261
0.13728
0.21043
0.12762
0.20974
0.05357
0.17806
0.11677
0.12122
0.11388
0.14445
0.23916
0.15008
0.11317
0.05768
0.13739
0.27231
0.15423
0.15122
0.04089
0.23859
0.14165
0.11204
0.23193
0.05278
0.11545
0.14119
0.25700
0.13653
0.09838
0.05250
0.09428
0.10924
0.05061
0.10018
0.15795
0.29527
0.21025
0.08605
0.12765
0.25985
0.24058
0.15568
0.20783
0.16161
0.15316
0.09317
0.12256
0.11984
0.28081
0.09694
0.22851
0.23522
0.09843
0.12780
0.06201
0.29410
0.27670
0.12141
0.22231
0.30311
0.31873
0.03937
0.19683
0.08828
0.06113
0.11870
0.30231
0.29071
0.15332
0.23414
0.08023
0.05799
0.04709
0.21924
0.15245
0.26736
0.11875
0.31073
0.24362
0.27174
0.35340
0.09994
0.08016
0.14052
0.22336
0.30004
0.21084
0.05617
0.26333
0.04989
0.17559
0.20796
0.24247
0.19304
0.14202
0.10080
0.16636
0.11092
0.10851
0.16638
0.30966
0.13069
0.13838
0.15245
0.29331
0.02508
0.25020
0.09603
0.25016
0.10483
0.15934
0.25707
0.06372
0.06971
0.20836
0.24809
0.07271
0.25713
0.02308
0.08522
0.11641
0.31562
0.26730
0.16373
0.23525
0.09719
0.07236
0.32479
0.31537
0.11143
0.11153
0.03251
0.29307
0.21884
0.05037
0.17764
0.02662
0.29974
0.16810
0.12240
0.30507
0.09071
0.34460
0.18261
0.08607
0.14980
0.22335
0.11020
0.30820
0.30730
0.32497
0.09574
0.12826
0.13883
0.19149
0.23670
0.29145
0.27284
0.29436
0.08980
0.11905
0.31056
0.29843
0.03816
0.26116
0.04668
0.22515
0.23353
0.02390
0.08467
0.22198
0.06469
0.06705
0.13332
0.24096
0.04536
0.10790
0.20366
0.13909
0.07298
0.15550
0.20127
0.27267
0.26165
0.20265
0.11007
0.08060
0.04592
0.16479
0.11014
0.23058
0.16870
0.13679
0.06070
0.29592
0.21888
0.09393
0.20166
0.11937
0.05182
0.23644
0.09477
0.18800
0.27257
0.09290
0.23455
0.17206
0.11173
0.23853
0.24899
0.23442
0.12103
0.21861
0.20945
0.34185
0.11642
0.21377
0.11039
0.09375
0.07676
0.06993
0.16998
0.17633
0.14432
0.04888
0.24730
0.06842
0.22262
0.11618
0.05479
0.29353
0.10993
0.04658
0.10276
0.29331
0.07046
0.29353
0.13598
0.11663
0.14291
0.19479
0.10437
0.05072
0.08671
0.10644
0.09358
0.09761
0.10307
0.26317
0.13297
0.14973
0.21807
0.09791
0.04889
0.14007
0.19720
0.13850
0.21842
0.14588
0.14243
0.25058
0.26110
0.09584
0.19709
0.06225
0.06643
0.11848
0.06705
0.04367
0.36182
0.14779
0.05408
0.21202
0.15012
0.06320
0.13375
0.31531
0.13358
0.06468
0.28885
0.12030
0.22737
0.17086
0.17564
0.14075
0.07275
0.07087
0.14701
0.22901
0.16947
0.09006
0.20323
0.19848
0.18196
0.11860
0.33020
0.23854
0.24969
0.15670
0.12257
0.30084
0.29788
0.28938
0.01140
0.27644
0.12111
0.27120
0.09514
0.09004
0.10165
0.12213
0.10810
0.14524
0.23571
0.09842
0.11423
0.03601
0.26421
0.14486
0.25478
0.16362
0.22670
0.23150
0.15817
0.04733
0.25732
0.26900
0.34403
0.24659
0.30697
0.19422
0.24073
0.27772
0.27841
0.27053
0.05317
0.05907
0.12261
0.23908
0.04060
0.04120
0.17335
0.11443
0.20665
0.10904
0.13492
0.08302
0.26686
0.29035
0.22987
0.19961
0.30203
0.10510
0.12215
0.32082
0.04103
0.18650
0.06503
0.08237
0.16311
0.05464
0.25113
0.34331
0.04750
0.07879
0.12970
0.21623
0.11650
0.05834
0.05632
0.07808
0.04644
0.07420
0.15225
0.05693
0.28286
0.17699
0.21450
0.07319
0.18076
0.31012
0.17333
0.22063
0.36667
0.15847
0.30044
0.29537
0.24238
0.28742
0.29346
0.21316
0.35915
0.21817
0.24282
0.20864
0.22593
0.25130
0.17840
0.38397
0.33902
0.26574
0.24324
0.23622
0.17960
0.33466
0.22361
0.21427
0.31967
0.34225
0.19626
0.21788
0.33994
0.27181
0.24892
0.26350
0.25327
0.32439
0.21544
0.21949
0.35688
0.21924
0.18099
0.28284
0.17331
0.30929
0.36866
0.28339
0.28461
0.26610
0.25006
0.24733
0.23989
0.33969
0.15960
0.25306
0.33333
0.19773
0.24977
0.27817
0.18441
0.26401
0.25570
0.29499
0.32323
0.31021
0.24161
0.19351
0.30214
0.36464
0.16697
0.25797
0.17363
0.14824
0.20279
0.35304
0.30846
0.32848
0.15466
0.36004
0.26288
0.28433
0.37026
0.31816
0.25927
0.28468
0.23994
0.27607
0.18667
0.37056
0.26193
0.20204
0.16766
0.30989
0.19685
0.26817
0.29290
0.24619
0.35541
0.32763
0.23074
0.33535
0.32571
0.15929
0.14598
0.24666
0.19025
0.20750
0.15399
0.30330
0.34583
0.22100
0.24197
0.24441
0.26198
0.23055
0.27360
0.21219
0.26643
0.19308
0.29348
0.25150
0.24153
0.18226
0.33586
0.30397
0.15617
0.25447
0.31993
0.25493
0.34239
0.31447
0.22788
0.24912
0.20638
0.29908
0.31015
0.23364
0.25182
0.20357
0.14682
0.27817
0.22022
0.26266
0.22673
0.23003
0.29674
0.29855
0.21731
0.23049
0.28511
0.22101
0.25760
0.19753
0.20975
0.19834
0.23439
0.17286
0.29527
0.32787
0.33510
0.19260
0.15894
0.33907
0.17638
0.15153
0.16864
0.30225
0.30613
0.18099
0.17711
0.27015
0.23817
0.15060
0.14777
0.22946
0.26532
0.17944
0.26423
0.20238
0.28558
0.20002
0.19924
0.27412
0.27380
0.19676
0.23750
0.24207
0.23978
0.35861
0.18587
0.27973
0.22536
0.36683
0.33313
0.22553
0.26969
0.25003
0.26093
0.18510
0.29192
0.27400
0.23210
0.29753
0.26347
0.34403
0.23200
0.30525
0.21264
0.33929
0.18469
0.26080
0.21625
0.21759
0.27242
0.24957
0.22898
0.21141
0.23999
0.30999
0.19395
0.30254
0.23022
0.20905
0.30233
0.29911
0.29066
0.14796
0.18491
0.33640
0.33211
0.20671
0.24342
0.26881
0.26081
0.20643
0.18728
0.30963
0.28793
0.24452
0.22918
0.19860
0.26837
0.32417
0.27026
0.21935
0.22544
0.34231
0.26262
0.15788
0.16564
0.29733
0.30193
0.25107
0.24959
0.22955
0.35055
0.37247
0.14931
0.24267
0.32871
0.25976
0.23027
0.29233
0.34888
0.24346
0.17157
0.18704
0.21683
0.23625
0.37214
0.26318
0.29382
0.24070
0.23988
0.26933
0.31650
0.28753
0.15807
0.34528
0.20477
0.21671
0.35364
0.29547
0.20192
0.25343
0.22386
0.30702
0.30784
0.34403
0.22477
0.29519
0.22444
0.24689
0.33562
0.14305
0.23818
0.19917
0.19181
0.23917
0.20986
0.24553
0.23874
0.23207
0.22739
0.19735
0.22546
0.35164
0.23994
0.21994
0.18931
0.30498
0.24453
0.24099
0.16070
0.34594
0.27404
0.32099
0.24073
0.21790
0.26258
0.26725
0.20701
0.27571
0.14864
0.32489
0.26200
0.34865
0.29507
0.32026
0.35266
0.27309
0.21735
0.26040
0.13674
0.13298
0.25655
0.17463
0.26127
0.32494
0.24582
0.27386
0.39221
0.31644
0.34335
0.26813
0.31436
0.29308
0.36361
0.19366
0.27197
0.33156
0.33304
0.26274
0.34195
0.39829
0.24823
0.24332
0.31665
0.19857
0.33195
0.32559
0.25435
0.23868
0.35029
0.22754
0.24408
0.33321
0.24976
0.19870
0.19456
0.22645
0.27397
0.30570
0.27187
0.29372
0.23539
0.28585
0.26864
0.25933
0.23167
0.27380
0.14611
0.34151
0.27629
0.36802
0.26657
0.32871
0.38103
0.37895
0.24612
0.19502
0.28020
0.38059
0.28945
0.22419
0.27896
0.34782
0.26227
0.18490
0.32767
0.20526
0.27868
0.20995
0.29324
0.36329
0.41638
0.30841
0.26530
0.26428
0.37511
0.30514
0.29769
0.23846
0.34016
0.26444
0.17115
0.32874
0.42697
0.26156
0.37454
0.37874
0.22685
0.26956
0.33244
0.29941
0.30034
0.20912
0.24071
0.19056
0.28850
0.25308
0.29415
0.31749
0.35751
0.22119
0.24258
0.25317
0.21829
0.22824
0.36488
0.24836
0.15394
0.32535
0.19190
0.18821
0.37893
0.19389
0.25926
0.22764
0.24928
0.23703
0.42462
0.22114
0.32051
0.37626
0.23172
0.21644
0.22970
0.25794
0.21656
0.33116
0.21379
0.37782
0.36298
0.24126
0.26661
0.19097
0.34002
0.27712
0.23585
0.35225
0.41526
0.31325
0.26578
0.36084
0.34631
0.20387
0.26836
0.27721
0.39302
0.21361
0.24660
0.24815
0.35827
0.23798
0.25166
0.22878
0.31233
0.38293
0.25108
0.26438
0.30508
0.30696
0.25967
0.23026
0.36573
0.24731
0.29749
0.25694
0.27820
0.33496
0.25484
0.27029
0.24637
0.32937
0.25620
0.20485
0.29226
0.25141
0.20805
0.27654
0.22576
0.31170
0.20208
0.04639
0.08208
0.18867
0.25162
0.24077
0.20900
0.23503
0.32839
0.14330
0.09040
0.17314
0.05228
0.28010
0.22796
0.15784
0.29380
0.02755
0.10192
0.17467
0.24542
0.06287
0.08391
0.23842
0.26743
0.22555
0.22015
0.27017
0.03743
0.31794
0.25445
0.03876
0.05347
0.07292
0.28745
0.15698
0.25038
0.15921
0.31747
0.05050
0.06206
0.02795
0.04649
0.29742
0.11207
0.17009
0.14161
0.22990
0.07819
0.27556
0.22462
0.04114
0.27210
0.07237
0.03921
0.28517
0.20388
0.18591
0.06598
0.08518
0.21467
0.19178
0.27797
0.25298
0.04936
0.06418
0.17467
0.21373
0.14897
0.17867
0.10288
0.26744
0.17263
0.16528
0.21945
0.32417
0.07653
0.08908
0.14410
0.02307
0.06666
0.23814
0.14205
0.19287
0.23520
0.29368
0.20798
0.31348
0.22202
0.25872
0.22730
0.20351
0.23332
0.06011
0.27463
0.10269
0.06036
0.16114
0.27507
0.29327
0.19977
0.07325
0.04515
0.12602
0.22575
0.22331
0.28064
0.10271
0.11780
0.30142
0.20673
0.23079
0.08842
0.03780
0.04392
0.16278
0.05782
0.07003
0.26120
0.30939
0.08432
0.08686
0.02720
0.05610
0.08416
0.28021
