0.12221
0.12303
0.05684
0.24739
0.08662
0.13951
0.23691
0.13483
0.17322
0.07249
0.19908
0.14728
0.12740
0.12539
0.14832
0.24401
0.13893
0.11917
0.08905
0.15625
0.30283
0.18522
0.14788
0.05116
0.21304
0.15774
0.12889
0.26307
0.11297
0.18027
0.15004
0.23239
0.16006
0.09944
0.12767
0.10190
0.15348
0.09988
0.10634
0.16318
0.27754
0.27988
0.08535
0.14624
0.26604
0.22332
0.16783
0.24704
0.16749
0.14097
0.10525
0.15875
0.17315
0.29076
0.09084
0.24357
0.17588
0.13165
0.12504
0.08065
0.26505
0.31373
0.11229
0.18900
0.28917
0.31699
0.06313
0.15236
0.11773
0.09015
0.12918
0.32766
0.28757
0.19085
0.26219
0.17661
0.08613
0.03765
0.23103
0.14595
0.30565
0.17050
0.32428
0.27919
0.26210
0.33878
0.10400
0.07100
0.13023
0.23140
0.33754
0.19981
0.08356
0.24690
0.05583
0.14357
0.23050
0.21513
0.20335
0.19143
0.09292
0.19827
0.13159
0.12521
0.25937
0.27513
0.15646
0.20219
0.22398
0.28566
0.04998
0.28008
0.08095
0.22659
0.12567
0.15900
0.25901
0.06253
0.05466
0.20799
0.21887
0.07933
0.28391
0.05062
0.08274
0.13855
0.31311
0.26693
0.15275
0.26401
0.10059
0.07931
0.27155
0.36729
0.11552
0.11555
0.09590
0.30302
0.27451
0.07158
0.16314
0.06935
0.26895
0.18779
0.16829
0.26242
0.08957
0.35654
0.19469
0.08853
0.18249
0.26463
0.11430
0.30671
0.30613
0.33372
0.07877
0.19299
0.13814
0.21776
0.26329
0.18266
0.29281
0.32578
0.09655
0.12876
0.26440
0.29923
0.07385
0.26099
0.04312
0.22936
0.22543
0.02597
0.09274
0.23354
0.10271
0.05237
0.21778
0.29305
0.08622
0.10802
0.24360
0.15552
0.05917
0.14248
0.23156
0.26865
0.26376
0.21873
0.12292
0.07008
0.06957
0.12171
0.16358
0.21868
0.17740
0.18021
0.10311
0.27607
0.23827
0.11048
0.17016
0.13731
0.07402
0.19641
0.12363
0.20485
0.27328
0.11013
0.27155
0.25472
0.10000
0.26007
0.23555
0.25226
0.11967
0.27048
0.20787
0.34249
0.13638
0.26014
0.12606
0.07631
0.11880
0.07008
0.16412
0.21140
0.13525
0.08936
0.27290
0.11922
0.17331
0.11751
0.05258
0.22697
0.12118
0.07984
0.09621
0.28330
0.12057
0.31500
0.10455
0.10610
0.15828
0.23465
0.10737
0.06580
0.10276
0.11370
0.11707
0.14394
0.12129
0.24588
0.12414
0.14519
0.19887
0.07544
0.09234
0.13530
0.19993
0.17400
0.20927
0.22447
0.16332
0.26902
0.29026
0.08748
0.16945
0.07347
0.07903
0.11311
0.08340
0.05818
0.36434
0.16605
0.05121
0.19584
0.20913
0.08891
0.19138
0.32225
0.10934
0.06581
0.31372
0.11510
0.22784
0.17888
0.19286
0.14962
0.11469
0.07758
0.17521
0.23750
0.15436
0.09479
0.23162
0.16198
0.17361
0.17342
0.33098
0.31398
0.28332
0.15106
0.12396
0.30771
0.29499
0.32136
0.03977
0.28700
0.13351
0.26904
0.15109
0.11483
0.14116
0.11441
0.10654
0.21674
0.23938
0.09753
0.11443
0.10356
0.27407
0.12645
0.22798
0.19874
0.24330
0.26888
0.15672
0.05118
0.27173
0.29518
0.35925
0.23266
0.32500
0.21841
0.25916
0.28639
0.27274
0.26068
0.08176
0.08853
0.12287
0.24097
0.05598
0.06533
0.17648
0.12666
0.22420
0.12891
0.17958
0.13030
0.25939
0.26465
0.23860
0.20529
0.29622
0.13145
0.14057
0.32919
0.10752
0.20228
0.10107
0.10475
0.20854
0.06445
0.24182
0.33271
0.07320
0.09648
0.13577
0.26316
0.11026
0.04973
0.05558
0.08406
0.05899
0.08612
0.17326
0.09555
0.29831
0.16859
0.16762
0.09296
0.17417
0.28820
0.20653
0.26871
0.33754
0.19683
0.26451
0.29624
0.29257
0.32306
0.27565
0.23487
0.34832
0.25362
0.21654
0.26650
0.21165
0.29411
0.19860
0.38043
0.32839
0.24974
0.24364
0.24251
0.24530
0.35620
0.29788
0.23038
0.29868
0.32999
0.20347
0.25719
0.32979
0.25917
0.23386
0.23367
0.27274
0.30512
0.25243
0.23513
0.33711
0.25426
0.23537
0.28490
0.20321
0.30395
0.34650
0.28829
0.28148
0.29858
0.28572
0.23560
0.27362
0.31438
0.21891
0.25988
0.30500
0.25079
0.28565
0.29439
0.22635
0.30134
0.27044
0.25942
0.30721
0.26777
0.27620
0.18857
0.26506
0.36349
0.13815
0.27845
0.20377
0.19112
0.20211
0.37721
0.29378
0.29732
0.18019
0.34323
0.27503
0.27011
0.35030
0.29683
0.28962
0.28596
0.23851
0.27549
0.17627
0.37141
0.27396
0.23118
0.16197
0.31454
0.21275
0.25393
0.30045
0.25147
0.32666
0.31386
0.20018
0.31752
0.29854
0.17562
0.15826
0.28038
0.17096
0.19393
0.15185
0.30462
0.31908
0.26130
0.26298
0.24374
0.29904
0.20751
0.29514
0.26527
0.28502
0.21508
0.28176
0.28130
0.22128
0.17664
0.34363
0.31037
0.20089
0.30462
0.32341
0.23738
0.34920
0.30674
0.24484
0.28307
0.20449
0.28300
0.29925
0.26168
0.27454
0.25159
0.16608
0.31486
0.22138
0.26182
0.20768
0.27268
0.31668
0.26591
0.18745
0.22426
0.27726
0.21776
0.29233
0.19541
0.24826
0.24017
0.22158
0.22833
0.28977
0.31464
0.30570
0.25423
0.21774
0.31094
0.22608
0.18971
0.20923
0.26839
0.32473
0.16886
0.19649
0.28857
0.27441
0.22231
0.15118
0.22478
0.24970
0.19968
0.23492
0.25532
0.31337
0.16146
0.22202
0.25939
0.28295
0.20323
0.30051
0.28023
0.25883
0.35326
0.19630
0.31110
0.23585
0.35553
0.28604
0.25022
0.26824
0.28486
0.26299
0.18431
0.29859
0.31362
0.24758
0.27404
0.26499
0.33316
0.24280
0.22994
0.22630
0.34271
0.22386
0.30021
0.23358
0.26695
0.25765
0.27548
0.20020
0.25101
0.28014
0.30971
0.23098
0.29971
0.24616
0.25705
0.28718
0.26948
0.29950
0.15531
0.20805
0.32289
0.31638
0.24148
0.29285
0.29738
0.25086
0.23602
0.18447
0.26632
0.28940
0.25419
0.25607
0.18559
0.26309
0.27163
0.25964
0.22985
0.23976
0.32077
0.29293
0.19970
0.20096
0.28104
0.29534
0.29207
0.27487
0.26506
0.33639
0.34438
0.15199
0.24674
0.30066
0.26509
0.27506
0.30432
0.34313
0.22921
0.22095
0.20158
0.26280
0.26854
0.35134
0.30908
0.27993
0.28448
0.21717
0.24518
0.28920
0.25713
0.18889
0.30691
0.24384
0.23676
0.33490
0.30501
0.23603
0.23163
0.24338
0.28814
0.33277
0.32672
0.25493
0.27396
0.20369
0.29693
0.31725
0.13327
0.25279
0.20145
0.24550
0.28075
0.23157
0.26836
0.24185
0.25061
0.21410
0.23037
0.26183
0.34317
0.26008
0.26692
0.20123
0.26678
0.25737
0.23741
0.20228
0.33103
0.28461
0.33394
0.28812
0.24448
0.28285
0.25879
0.22512
0.27286
0.18206
0.33772
0.26337
0.34127
0.27240
0.30752
0.35124
0.26816
0.24722
0.30055
0.20904
0.24223
0.28272
0.24054
0.29227
0.29957
0.27528
0.31327
0.37164
0.28934
0.31051
0.26088
0.27945
0.28947
0.34907
0.23373
0.25581
0.27321
0.31702
0.29152
0.32893
0.38970
0.21699
0.26527
0.34750
0.25560
0.32550
0.32465
0.26158
0.26685
0.36737
0.23564
0.24788
0.30267
0.25369
0.25836
0.24200
0.24544
0.24683
0.27676
0.31830
0.29303
0.23316
0.29686
0.27513
0.29925
0.27338
0.29819
0.14996
0.31489
0.32351
0.35341
0.30748
0.31951
0.39715
0.39330
0.27454
0.17639
0.30119
0.37314
0.29587
0.21390
0.31198
0.33925
0.22775
0.23058
0.32545
0.24018
0.27632
0.23122
0.35014
0.36339
0.41338
0.27790
0.30675
0.26922
0.39320
0.31017
0.29906
0.29071
0.36570
0.28502
0.18736
0.31183
0.45362
0.22871
0.40115
0.40907
0.19219
0.27669
0.37231
0.30649
0.27997
0.25417
0.28641
0.25035
0.30235
0.32157
0.30728
0.28437
0.37814
0.27597
0.28133
0.24896
0.22109
0.26553
0.39446
0.25389
0.09526
0.34422
0.15598
0.20795
0.40419
0.14430
0.25568
0.21595
0.28807
0.24655
0.43403
0.20140
0.33156
0.40417
0.25505
0.25290
0.25010
0.24726
0.22418
0.36756
0.14662
0.36941
0.34362
0.24441
0.26024
0.22691
0.34983
0.28917
0.22809
0.31859
0.42966
0.34447
0.27629
0.36282
0.36164
0.20580
0.24543
0.28800
0.38991
0.21398
0.23479
0.23392
0.33534
0.27365
0.27085
0.26328
0.33629
0.37041
0.25930
0.29708
0.34000
0.28720
0.28634
0.27897
0.41423
0.28694
0.28846
0.28326
0.29723
0.34450
0.29424
0.31470
0.23314
0.31709
0.24509
0.23478
0.32386
0.30734
0.23442
0.27329
0.19655
0.33521
0.24427
0.04044
0.09770
0.24357
0.19148
0.24110
0.24212
0.28124
0.34134
0.22094
0.09882
0.22483
0.02668
0.30269
0.27139
0.17145
0.27649
0.04338
0.07920
0.17808
0.20987
0.08089
0.16788
0.20806
0.26141
0.16804
0.20391
0.27809
0.04586
0.33142
0.22984
0.03174
0.08039
0.07687
0.27863
0.19459
0.19957
0.20462
0.31245
0.07330
0.05158
0.07470
0.09750
0.29218
0.08896
0.23316
0.20005
0.29732
0.16736
0.30128
0.21873
0.07555
0.24847
0.05507
0.03549
0.30321
0.19091
0.18347
0.07418
0.05547
0.20716
0.19215
0.29454
0.21949
0.04546
0.02590
0.19747
0.20598
0.21530
0.14056
0.13538
0.18526
0.17670
0.14305
0.24851
0.27251
0.12449
0.16412
0.15933
0.11399
0.08389
0.25448
0.12608
0.20692
0.24124
0.26273
0.20037
0.32962
0.19043
0.26666
0.14840
0.22308
0.19592
0.03317
0.24278
0.07243
0.06360
0.21400
0.20805
0.27769
0.26679
0.05347
0.04573
0.18290
0.17554
0.27191
0.30997
0.10440
0.27561
0.32265
0.10389
0.24586
0.09366
0.02396
0.05941
0.17382
0.04216
0.10706
0.23905
0.31108
0.10492
0.10213
0.05562
0.05784
0.08391
0.28869
