0.08298
0.09745
0.06345
0.24668
0.08874
0.15410
0.26056
0.15161
0.15672
0.09280
0.20156
0.12804
0.16279
0.11162
0.16590
0.23703
0.18291
0.13366
0.09649
0.13444
0.29920
0.13577
0.14038
0.05553
0.25118
0.15413
0.13702
0.22825
0.09577
0.20381
0.18343
0.25684
0.14991
0.09858
0.09468
0.09860
0.15347
0.07873
0.13522
0.20306
0.30293
0.29968
0.09019
0.15944
0.28921
0.24026
0.16055
0.25983
0.20366
0.16991
0.09926
0.15825
0.14928
0.28869
0.08694
0.22543
0.23621
0.10564
0.14203
0.07791
0.27404
0.32232
0.14934
0.24338
0.28943
0.30876
0.07089
0.18260
0.08754
0.03936
0.12823
0.33506
0.33058
0.22247
0.24745
0.16034
0.13271
0.04909
0.19608
0.15831
0.33358
0.17957
0.32500
0.28504
0.24503
0.35215
0.12027
0.10259
0.13997
0.24405
0.34129
0.15227
0.06918
0.25549
0.06973
0.17543
0.21621
0.23578
0.20218
0.16760
0.08930
0.21543
0.14518
0.10958
0.22884
0.29091
0.17553
0.18812
0.19495
0.29488
0.02720
0.25938
0.10720
0.20745
0.13081
0.22275
0.27191
0.07492
0.05851
0.17113
0.22587
0.08010
0.28881
0.02963
0.10479
0.14980
0.29990
0.25471
0.21138
0.28066
0.12625
0.16152
0.27197
0.36923
0.12165
0.16638
0.10699
0.28382
0.24513
0.10717
0.16890
0.03718
0.31718
0.23127
0.13484
0.25078
0.08172
0.35994
0.22669
0.09122
0.18576
0.26554
0.10439
0.32384
0.32155
0.33026
0.11877
0.17394
0.17171
0.23073
0.29219
0.24966
0.27370
0.33769
0.09749
0.11807
0.28009
0.29832
0.09253
0.30052
0.06595
0.23909
0.24529
0.04068
0.09251
0.23841
0.06963
0.07463
0.19463
0.25845
0.07627
0.10414
0.23393
0.12620
0.10018
0.17972
0.23430
0.26400
0.26062
0.18752
0.12752
0.08131
0.08077
0.14248
0.16560
0.23115
0.23311
0.20653
0.09312
0.26483
0.25053
0.06918
0.17198
0.16513
0.06744
0.23089
0.13615
0.19599
0.25392
0.10959
0.23588
0.23742
0.11318
0.26480
0.25530
0.23691
0.14754
0.24686
0.25837
0.32476
0.13146
0.20555
0.10930
0.10583
0.13464
0.03857
0.17240
0.22847
0.15000
0.07637
0.23068
0.12518
0.22844
0.14572
0.07245
0.26188
0.12186
0.08636
0.10087
0.23557
0.09483
0.31845
0.09536
0.11388
0.16069
0.24722
0.11214
0.06439
0.11055
0.10126
0.11727
0.08931
0.12038
0.29177
0.14649
0.14003
0.18710
0.09053
0.05298
0.14486
0.22993
0.16129
0.21588
0.14805
0.15922
0.22800
0.29207
0.09314
0.13679
0.07930
0.12875
0.11328
0.07094
0.04491
0.35147
0.20096
0.08645
0.19223
0.18189
0.07208
0.09805
0.35436
0.11543
0.09319
0.29702
0.12300
0.21855
0.20456
0.16666
0.16582
0.09208
0.08957
0.19352
0.22916
0.22738
0.09797
0.24208
0.15856
0.15902
0.18627
0.34881
0.27046
0.27112
0.14973
0.10834
0.31916
0.33494
0.33894
0.05495
0.26946
0.13216
0.29306
0.15765
0.10865
0.12405
0.11358
0.10836
0.21528
0.19690
0.06012
0.11546
0.15354
0.29548
0.18581
0.25848
0.18296
0.23179
0.24111
0.16017
0.06108
0.27411
0.25695
0.35581
0.20538
0.34333
0.22905
0.26070
0.30098
0.29176
0.28249
0.07498
0.09331
0.16581
0.24075
0.04508
0.07839
0.20921
0.18465
0.19539
0.11339
0.20114
0.16576
0.29530
0.25513
0.23629
0.23826
0.30037
0.13676
0.16333
0.31124
0.07714
0.19345
0.05734
0.08350
0.25877
0.08608
0.24658
0.35828
0.08925
0.10308
0.16836
0.25048
0.11032
0.04083
0.10025
0.09047
0.08006
0.09555
0.21282
0.07695
0.27458
0.19341
0.18985
0.09687
0.18383
0.30641
0.20585
0.26865
0.36315
0.18851
0.29188
0.30197
0.29975
0.31919
0.28444
0.24230
0.35878
0.26402
0.25300
0.26316
0.21388
0.30088
0.19909
0.37842
0.33585
0.25565
0.25272
0.25398
0.26222
0.34769
0.28534
0.23091
0.31115
0.34001
0.21828
0.24318
0.33688
0.25823
0.23476
0.26257
0.29132
0.31183
0.24163
0.21431
0.35412
0.25469
0.22996
0.31963
0.21336
0.29479
0.35850
0.29715
0.31377
0.29330
0.29053
0.23730
0.28191
0.33743
0.23111
0.28998
0.32600
0.25024
0.25830
0.30579
0.21821
0.29031
0.27465
0.28368
0.31844
0.29943
0.26316
0.19935
0.29349
0.37423
0.15319
0.29442
0.21017
0.19753
0.22146
0.36133
0.29610
0.31982
0.17564
0.35561
0.28429
0.26240
0.36968
0.31085
0.27853
0.29673
0.24853
0.29490
0.19775
0.37567
0.27805
0.25891
0.15644
0.32817
0.22532
0.25753
0.29530
0.26271
0.35029
0.32657
0.21939
0.32514
0.29910
0.15775
0.19186
0.28542
0.20807
0.19990
0.15451
0.29668
0.34566
0.25765
0.26276
0.24499
0.29734
0.20871
0.28668
0.26809
0.29521
0.23348
0.28770
0.28207
0.23441
0.18094
0.35503
0.27207
0.19755
0.30964
0.31070
0.27357
0.35150
0.31065
0.24359
0.27394
0.19895
0.28708
0.29997
0.26367
0.28515
0.25362
0.18176
0.30751
0.23311
0.30514
0.21478
0.26775
0.30703
0.29576
0.18454
0.25431
0.29645
0.20437
0.27842
0.20538
0.23671
0.25047
0.24250
0.23001
0.30164
0.32694
0.32948
0.23934
0.20963
0.32701
0.22502
0.21836
0.24392
0.30508
0.31707
0.17263
0.19608
0.27764
0.27681
0.22828
0.17674
0.24484
0.25260
0.20379
0.25298
0.26523
0.30733
0.18872
0.23466
0.28242
0.26508
0.19749
0.27121
0.27366
0.26646
0.35716
0.20899
0.30845
0.24551
0.36222
0.32293
0.26640
0.26916
0.29101
0.27631
0.21085
0.30554
0.29895
0.24259
0.27903
0.28420
0.34103
0.24675
0.28550
0.22285
0.34184
0.23743
0.27837
0.24243
0.26114
0.28075
0.27647
0.21355
0.25855
0.26958
0.31617
0.22313
0.30701
0.24011
0.26068
0.29185
0.28597
0.32104
0.15141
0.21369
0.32923
0.32158
0.26161
0.28605
0.27795
0.25950
0.23763
0.24514
0.30132
0.29257
0.27308
0.24784
0.20963
0.30476
0.32281
0.25390
0.26676
0.23322
0.34122
0.29000
0.20572
0.20468
0.28462
0.29831
0.28788
0.24835
0.27192
0.34754
0.36389
0.16287
0.24174
0.32272
0.26534
0.27778
0.30851
0.34040
0.22785
0.20947
0.19821
0.24450
0.25670
0.36869
0.31943
0.30279
0.27101
0.22746
0.27829
0.31302
0.28760
0.19188
0.32439
0.23059
0.24490
0.34055
0.31403
0.26622
0.22387
0.24749
0.28965
0.33196
0.33767
0.27040
0.27369
0.21590
0.32190
0.31192
0.14856
0.26139
0.21004
0.22501
0.27285
0.23524
0.25891
0.26971
0.23676
0.23532
0.22847
0.26045
0.33940
0.28300
0.26585
0.21212
0.30512
0.25157
0.22545
0.20585
0.33054
0.29675
0.34565
0.28389
0.26806
0.26908
0.26922
0.24390
0.27998
0.19108
0.33719
0.26703
0.33693
0.28643
0.30005
0.35070
0.27454
0.25090
0.29170
0.20866
0.16285
0.29302
0.22765
0.29801
0.31349
0.28864
0.32487
0.38635
0.29895
0.32703
0.25588
0.30903
0.30650
0.36348
0.25423
0.28043
0.33691
0.32720
0.29517
0.33999
0.40696
0.24237
0.26205
0.32084
0.23762
0.32448
0.33183
0.26335
0.24365
0.33312
0.23240
0.25159
0.31653
0.28652
0.23752
0.24215
0.26839
0.25686
0.28947
0.29015
0.29443
0.24850
0.28106
0.27491
0.29876
0.26397
0.28743
0.15325
0.34359
0.31179
0.34893
0.30686
0.29316
0.39575
0.41755
0.27623
0.18076
0.30142
0.37733
0.26584
0.16044
0.29939
0.33549
0.25227
0.23415
0.31140
0.24614
0.28368
0.26833
0.32159
0.35418
0.40886
0.30546
0.30946
0.29257
0.35701
0.31255
0.32022
0.29600
0.34088
0.27923
0.15995
0.30952
0.42679
0.24426
0.38331
0.39749
0.24546
0.27720
0.35628
0.31511
0.29691
0.25334
0.27197
0.23086
0.27465
0.32268
0.29609
0.27862
0.36482
0.28544
0.28803
0.23481
0.21531
0.26010
0.41290
0.26641
0.12188
0.33744
0.16773
0.22356
0.38057
0.15582
0.24382
0.21238
0.29205
0.23194
0.43360
0.18839
0.34106
0.37370
0.25226
0.18536
0.25686
0.26410
0.24221
0.35118
0.18256
0.35286
0.35030
0.26738
0.24550
0.22643
0.32787
0.28484
0.20164
0.33171
0.41606
0.32704
0.28816
0.33792
0.34148
0.22941
0.24445
0.28492
0.36461
0.17646
0.20396
0.24230
0.36123
0.28873
0.25453
0.23878
0.34960
0.33621
0.21432
0.28657
0.34527
0.31606
0.28556
0.26526
0.37900
0.31098
0.25834
0.28627
0.29318
0.35467
0.27166
0.30435
0.23892
0.33504
0.24860
0.21708
0.33522
0.30500
0.24262
0.29361
0.23922
0.32437
0.20967
0.06878
0.12346
0.22341
0.26681
0.27339
0.20279
0.23713
0.35965
0.24702
0.04799
0.22319
0.06953
0.29021
0.26651
0.18670
0.28013
0.04879
0.13997
0.20261
0.19202
0.05766
0.10056
0.21064
0.22891
0.20201
0.20795
0.29870
0.06207
0.33125
0.23514
0.03474
0.02220
0.14196
0.26616
0.15188
0.24956
0.16911
0.27581
0.05475
0.05322
0.15864
0.09739
0.24901
0.13657
0.16414
0.17799
0.26701
0.18291
0.27598
0.21744
0.04706
0.27122
0.06684
0.08507
0.18857
0.19905
0.25557
0.07362
0.06466
0.21054
0.20524
0.28521
0.23551
0.07161
0.05320
0.18287
0.20274
0.19521
0.20513
0.09478
0.29573
0.13206
0.10057
0.26154
0.30936
0.13549
0.17491
0.17763
0.05968
0.02665
0.19061
0.10775
0.20094
0.24977
0.29361
0.19649
0.32693
0.24327
0.23388
0.12104
0.22702
0.20886
0.05596
0.19428
0.10921
0.04609
0.21349
0.22984
0.29739
0.23073
0.06923
0.11845
0.13835
0.16147
0.26962
0.31840
0.07715
0.20961
0.28100
0.13457
0.24835
0.08401
0.02256
0.04381
0.12872
0.12241
0.06922
0.26283
0.29879
0.10284
0.09987
0.04567
0.10721
0.06325
0.24644
