0.08573
0.09884
0.06206
0.23699
0.06500
0.11984
0.25080
0.14233
0.17789
0.04542
0.17539
0.11530
0.12405
0.11334
0.11291
0.22441
0.11446
0.12667
0.05388
0.13086
0.31659
0.14541
0.12571
0.03747
0.24651
0.13611
0.12840
0.23152
0.06963
0.16285
0.14898
0.20703
0.15260
0.09646
0.05508
0.10121
0.13928
0.07389
0.12914
0.16018
0.31513
0.26296
0.08916
0.14981
0.27865
0.21825
0.15308
0.25766
0.18870
0.15369
0.09516
0.16924
0.12394
0.26197
0.09472
0.22814
0.19355
0.14451
0.13960
0.06656
0.25835
0.28339
0.14662
0.24739
0.30631
0.30715
0.03963
0.19951
0.09980
0.05527
0.14480
0.28910
0.29391
0.22073
0.18616
0.10127
0.07877
0.03336
0.24424
0.14213
0.29521
0.14496
0.34396
0.28744
0.29743
0.35264
0.09665
0.08629
0.12566
0.24644
0.33694
0.14939
0.05099
0.21195
0.05981
0.13559
0.23290
0.22612
0.19873
0.16146
0.10695
0.19522
0.13048
0.13224
0.20606
0.30898
0.14838
0.18737
0.14920
0.25226
0.01694
0.26754
0.09356
0.17774
0.11524
0.18147
0.26779
0.06302
0.08443
0.13403
0.19961
0.08241
0.28440
0.01406
0.10305
0.13003
0.32599
0.27640
0.16445
0.25549
0.06999
0.09024
0.29539
0.33861
0.09100
0.10475
0.05471
0.29793
0.24970
0.03556
0.20154
0.04216
0.31530
0.21320
0.15153
0.28592
0.08753
0.35786
0.16273
0.09922
0.17244
0.24905
0.10158
0.34061
0.28876
0.33574
0.12352
0.13019
0.17991
0.12400
0.24442
0.26035
0.24856
0.35121
0.08990
0.07884
0.30405
0.31632
0.05244
0.28213
0.03979
0.21584
0.26646
0.03530
0.10463
0.21027
0.07523
0.05774
0.15636
0.28670
0.06129
0.09662
0.15319
0.16878
0.08039
0.19644
0.23007
0.21619
0.25787
0.14625
0.10848
0.06395
0.07825
0.12611
0.14383
0.24391
0.17753
0.16860
0.07724
0.28274
0.23790
0.05761
0.15505
0.16350
0.06186
0.24345
0.09600
0.18297
0.23733
0.14241
0.24516
0.21885
0.09062
0.27266
0.27148
0.25639
0.11583
0.22229
0.23253
0.35772
0.10013
0.21396
0.11598
0.04372
0.07734
0.04767
0.14693
0.16629
0.11434
0.05066
0.24797
0.09634
0.26690
0.09785
0.07232
0.26396
0.10802
0.02730
0.11257
0.27566
0.05892
0.29176
0.11567
0.10054
0.14483
0.20959
0.11800
0.09002
0.12222
0.11586
0.11766
0.10061
0.10611
0.27087
0.14749
0.19102
0.20223
0.06321
0.05301
0.14567
0.23797
0.14784
0.24805
0.12835
0.14826
0.28471
0.30692
0.11449
0.17966
0.08086
0.17134
0.12144
0.04642
0.02767
0.37744
0.13931
0.04966
0.19903
0.18020
0.10999
0.17138
0.34548
0.13463
0.07304
0.32135
0.11748
0.12731
0.19256
0.22632
0.17446
0.06203
0.07490
0.18877
0.21512
0.13058
0.09297
0.12637
0.18866
0.16576
0.15491
0.34303
0.29589
0.24983
0.17764
0.09518
0.29213
0.29585
0.32107
0.04827
0.26396
0.14425
0.28710
0.18440
0.10151
0.12532
0.11567
0.09990
0.16323
0.22566
0.05300
0.07533
0.07016
0.28452
0.16591
0.27129
0.20688
0.23859
0.24061
0.09564
0.07084
0.26017
0.31843
0.35836
0.19405
0.33841
0.24228
0.23183
0.29485
0.25337
0.29527
0.04919
0.07505
0.11224
0.22303
0.04699
0.09852
0.18455
0.11294
0.20546
0.09666
0.18969
0.13591
0.29731
0.28008
0.21504
0.20655
0.31865
0.13697
0.15597
0.33177
0.10615
0.22983
0.06139
0.09241
0.13874
0.06242
0.25343
0.36729
0.08295
0.06465
0.16657
0.25893
0.10680
0.04379
0.09083
0.06628
0.05766
0.07888
0.17360
0.08383
0.29196
0.18244
0.18968
0.06066
0.21260
0.30154
0.20453
0.24629
0.36744
0.18194
0.30563
0.30749
0.26289
0.30106
0.30137
0.23649
0.35917
0.24542
0.25273
0.20837
0.24309
0.26917
0.17862
0.38214
0.34342
0.26998
0.23443
0.25709
0.22562
0.33585
0.25941
0.19480
0.32491
0.33641
0.20663
0.21540
0.32995
0.27438
0.26889
0.27418
0.26336
0.32420
0.23464
0.24227
0.35191
0.23978
0.22004
0.31286
0.18427
0.30530
0.36266
0.28618
0.28790
0.26995
0.25827
0.23620
0.27559
0.33887
0.18475
0.27204
0.34078
0.21674
0.23898
0.30262
0.18339
0.26968
0.23856
0.28169
0.32515
0.30372
0.24906
0.17885
0.30227
0.37251
0.13845
0.28752
0.21721
0.19340
0.22406
0.35385
0.31639
0.32665
0.18981
0.36758
0.27082
0.28435
0.37468
0.32944
0.28382
0.29483
0.23160
0.28690
0.17840
0.36522
0.26530
0.21339
0.16612
0.31367
0.19444
0.26829
0.29939
0.27309
0.36145
0.33152
0.23363
0.32974
0.32402
0.18975
0.16701
0.27816
0.20796
0.20099
0.14837
0.29699
0.34968
0.24674
0.23361
0.25003
0.28342
0.23765
0.26675
0.23862
0.25058
0.18870
0.29362
0.26318
0.20532
0.19006
0.34736
0.29868
0.19157
0.28770
0.32922
0.26096
0.33580
0.32151
0.24704
0.25920
0.21704
0.30661
0.31892
0.26683
0.27285
0.20949
0.16922
0.30653
0.20091
0.28150
0.23805
0.25409
0.29259
0.29836
0.20808
0.26055
0.29463
0.21336
0.27595
0.20286
0.23031
0.21932
0.24943
0.18011
0.31321
0.33273
0.33191
0.20987
0.19383
0.33842
0.19423
0.18759
0.19852
0.31588
0.32267
0.17637
0.17100
0.28109
0.23830
0.17426
0.14522
0.23292
0.27431
0.22699
0.25898
0.23742
0.28929
0.16979
0.22135
0.28366
0.24969
0.19434
0.26257
0.26326
0.27854
0.36696
0.20568
0.30750
0.21914
0.37142
0.33127
0.23682
0.27176
0.25694
0.26495
0.21726
0.29866
0.28277
0.22992
0.29621
0.28005
0.35542
0.25846
0.30245
0.22043
0.35945
0.20431
0.27010
0.22108
0.24020
0.28328
0.27894
0.23959
0.21040
0.25781
0.31857
0.21124
0.31119
0.24259
0.24161
0.29831
0.30126
0.30915
0.15299
0.21825
0.33139
0.34148
0.22865
0.26342
0.28099
0.27605
0.22146
0.18867
0.31266
0.30618
0.24652
0.26085
0.19397
0.26923
0.31994
0.27596
0.23074
0.22479
0.33297
0.27477
0.19502
0.20332
0.29248
0.29900
0.27081
0.26111
0.24096
0.35711
0.36402
0.15891
0.23699
0.32979
0.23024
0.25439
0.31374
0.34734
0.23658
0.20918
0.22707
0.24398
0.24833
0.36903
0.28646
0.30967
0.26085
0.24808
0.23419
0.30271
0.29334
0.17033
0.34201
0.20741
0.24199
0.34760
0.29341
0.24862
0.25779
0.25989
0.30718
0.31922
0.34882
0.24974
0.29342
0.22582
0.29025
0.32470
0.10500
0.26221
0.22319
0.21202
0.24543
0.22280
0.27528
0.23932
0.23366
0.23428
0.22123
0.25521
0.34969
0.25866
0.23961
0.18884
0.31025
0.24857
0.23852
0.20417
0.35296
0.30908
0.32964
0.27118
0.23219
0.24495
0.27015
0.21467
0.27551
0.14372
0.32352
0.27716
0.35087
0.27700
0.32359
0.35985
0.28665
0.23323
0.26030
0.15332
0.16766
0.26607
0.21954
0.29169
0.31239
0.27291
0.31417
0.39485
0.33502
0.34091
0.28814
0.32324
0.29197
0.36306
0.24094
0.28872
0.33281
0.32790
0.26093
0.34651
0.40362
0.22956
0.23482
0.32558
0.22246
0.33510
0.32437
0.24493
0.23289
0.36191
0.23730
0.25126
0.32019
0.25264
0.22005
0.22602
0.23618
0.29082
0.29183
0.30137
0.29268
0.22202
0.27805
0.27019
0.26575
0.23208
0.29775
0.14478
0.34562
0.29076
0.37733
0.27488
0.29764
0.39472
0.40480
0.25071
0.19984
0.27394
0.40637
0.28148
0.23726
0.27451
0.32008
0.22500
0.19303
0.31922
0.19326
0.28848
0.20675
0.31269
0.36860
0.42575
0.30853
0.27478
0.20455
0.38240
0.33580
0.24444
0.27617
0.35325
0.21986
0.20521
0.32472
0.45257
0.23181
0.40482
0.39811
0.21268
0.24232
0.35331
0.30172
0.30364
0.21161
0.24119
0.20970
0.29845
0.27715
0.25720
0.31683
0.35875
0.25775
0.24265
0.24491
0.21271
0.21186
0.38476
0.27299
0.14674
0.31599
0.17457
0.19197
0.40583
0.17891
0.29236
0.19073
0.23393
0.25241
0.43429
0.20618
0.31207
0.39016
0.23602
0.24069
0.21590
0.26830
0.22273
0.34427
0.19346
0.35165
0.31967
0.21599
0.25408
0.18571
0.33292
0.28389
0.22117
0.36096
0.41689
0.33056
0.27740
0.34838
0.37214
0.17685
0.27136
0.27697
0.38489
0.22449
0.19263
0.24130
0.36194
0.23886
0.26970
0.24191
0.32608
0.37444
0.24315
0.24277
0.33173
0.30582
0.26189
0.25575
0.39533
0.25019
0.31051
0.24465
0.24958
0.35042
0.26017
0.26189
0.24528
0.32305
0.23828
0.17428
0.29693
0.29570
0.20694
0.27133
0.17467
0.28932
0.19957
0.01970
0.06133
0.19231
0.25368
0.30131
0.22132
0.25175
0.36100
0.22286
0.07952
0.23139
0.06122
0.32994
0.23279
0.13324
0.28478
0.03565
0.14062
0.14069
0.17326
0.13856
0.17113
0.22602
0.26361
0.26077
0.21570
0.28483
0.06732
0.26741
0.27674
0.06384
0.02788
0.05605
0.23576
0.21419
0.26615
0.21310
0.29508
0.11663
0.09171
0.01549
0.13327
0.28444
0.10608
0.08126
0.15882
0.25487
0.07936
0.26432
0.22741
0.05262
0.20242
0.09595
0.07315
0.26232
0.20800
0.23354
0.07423
0.03899
0.21487
0.20307
0.32586
0.23665
0.04388
0.11848
0.16034
0.21191
0.16274
0.21208
0.09452
0.26609
0.18018
0.07650
0.22527
0.25430
0.09058
0.15168
0.16171
0.06486
0.01928
0.16923
0.14005
0.20569
0.22965
0.28191
0.20908
0.28959
0.21032
0.24795
0.20529
0.26535
0.22990
0.04920
0.25331
0.08242
0.05193
0.20068
0.25535
0.27726
0.24828
0.09087
0.05545
0.15210
0.22125
0.18003
0.26964
0.07728
0.20342
0.30936
0.12798
0.26074
0.10806
0.08741
0.02014
0.18902
0.04105
0.07851
0.29250
0.29891
0.09355
0.16729
0.03831
0.08581
0.09885
0.21081
