0.11253
0.10616
0.08541
0.29670
0.10900
0.14652
0.24321
0.18286
0.20101
0.07750
0.23059
0.13677
0.20359
0.13063
0.16731
0.23233
0.12710
0.16284
0.10420
0.17115
0.31326
0.18933
0.13937
0.06034
0.19367
0.18998
0.13992
0.25324
0.11031
0.22315
0.18894
0.28320
0.15105
0.09865
0.15743
0.09424
0.14109
0.16767
0.20052
0.21192
0.31466
0.25884
0.09679
0.16435
0.27722
0.24515
0.18379
0.27488
0.23027
0.20492
0.09599
0.19852
0.12036
0.31977
0.10212
0.24804
0.29216
0.15721
0.12847
0.12404
0.26720
0.29194
0.16776
0.25036
0.28629
0.31191
0.07803
0.21563
0.13339
0.10169
0.13985
0.29976
0.30803
0.25147
0.26824
0.19462
0.15894
0.04434
0.20197
0.15780
0.31226
0.19283
0.32736
0.27603
0.28561
0.36230
0.09919
0.12775
0.17668
0.25258
0.33516
0.21577
0.13414
0.26055
0.06421
0.22956
0.24626
0.22024
0.20358
0.15228
0.10382
0.22202
0.13013
0.11324
0.26796
0.30612
0.16832
0.20879
0.25489
0.29155
0.09650
0.27414
0.12588
0.20433
0.10517
0.19909
0.27340
0.06482
0.07916
0.21658
0.24515
0.10355
0.27269
0.02955
0.14674
0.17689
0.33364
0.28003
0.17862
0.25949
0.14743
0.20177
0.29007
0.35645
0.11224
0.20549
0.11778
0.29566
0.26504
0.07855
0.22859
0.06761
0.28973
0.23699
0.18404
0.26695
0.09263
0.38315
0.22077
0.09100
0.21820
0.29675
0.11930
0.31456
0.29817
0.33633
0.18808
0.17221
0.15616
0.18317
0.28975
0.25577
0.28168
0.35189
0.09336
0.17153
0.30067
0.29779
0.15503
0.27981
0.08163
0.26637
0.23758
0.07353
0.12644
0.24248
0.15039
0.10467
0.21342
0.30316
0.11303
0.10910
0.23172
0.18522
0.11016
0.21788
0.25353
0.23395
0.26664
0.21314
0.15741
0.11570
0.10647
0.15409
0.19285
0.27993
0.22205
0.16729
0.17178
0.26900
0.22067
0.14224
0.21370
0.14787
0.08104
0.26673
0.17252
0.23432
0.28860
0.13095
0.28408
0.25367
0.13682
0.24430
0.27236
0.25408
0.15920
0.28645
0.21675
0.34377
0.16038
0.26792
0.12775
0.10064
0.11390
0.10488
0.23921
0.21889
0.19508
0.11957
0.28863
0.14658
0.25001
0.16914
0.12633
0.28899
0.11597
0.07074
0.12587
0.28589
0.09247
0.30742
0.10963
0.11808
0.18810
0.23187
0.12643
0.10575
0.15145
0.11203
0.10597
0.17682
0.18995
0.27785
0.13765
0.17878
0.19348
0.11811
0.08901
0.14371
0.22426
0.21479
0.20288
0.17909
0.20847
0.24979
0.28178
0.10156
0.18136
0.12114
0.11275
0.15176
0.10419
0.06539
0.35631
0.20431
0.10344
0.23575
0.21076
0.12602
0.14422
0.33441
0.12032
0.10515
0.30550
0.11998
0.21595
0.22647
0.17494
0.20188
0.09692
0.10438
0.23535
0.25361
0.19988
0.10599
0.20249
0.16870
0.18365
0.18987
0.32323
0.30405
0.26840
0.18313
0.20551
0.27863
0.31403
0.32325
0.09328
0.26380
0.12685
0.28724
0.19710
0.17857
0.16385
0.15062
0.09936
0.22586
0.25088
0.10345
0.13146
0.08953
0.27503
0.18500
0.25074
0.23120
0.23901
0.24056
0.18468
0.08095
0.29009
0.29305
0.34500
0.22955
0.30200
0.22600
0.26906
0.29617
0.27799
0.25750
0.09720
0.12096
0.19168
0.21753
0.10596
0.11234
0.24565
0.18067
0.26218
0.15071
0.20785
0.16481
0.28192
0.25884
0.26030
0.23222
0.30172
0.17274
0.16482
0.34421
0.10191
0.22242
0.13045
0.11278
0.19825
0.08266
0.23325
0.35292
0.12622
0.10346
0.18119
0.25511
0.10930
0.09344
0.08537
0.11312
0.10501
0.11747
0.21544
0.12024
0.28193
0.17685
0.20510
0.14036
0.17882
0.27422
0.24642
0.27865
0.33388
0.20011
0.23833
0.31107
0.30917
0.30412
0.27660
0.24525
0.31468
0.26497
0.24139
0.24255
0.21973
0.29837
0.20977
0.35397
0.27796
0.21732
0.23429
0.24955
0.25937
0.36311
0.29379
0.23717
0.27037
0.31494
0.23930
0.26442
0.30917
0.28284
0.24439
0.26090
0.29643
0.30221
0.26934
0.21330
0.31950
0.27538
0.24450
0.33146
0.20720
0.30181
0.32651
0.30202
0.30151
0.27721
0.28184
0.22123
0.26737
0.32211
0.21886
0.28941
0.31898
0.26392
0.25987
0.28957
0.22160
0.31634
0.26493
0.26851
0.29160
0.24874
0.27501
0.16833
0.27677
0.34493
0.14246
0.29088
0.24234
0.21274
0.17602
0.36445
0.30574
0.29601
0.18249
0.33627
0.27106
0.28457
0.34396
0.29282
0.29158
0.30155
0.25209
0.28136
0.18551
0.34526
0.28456
0.25512
0.17355
0.31437
0.21802
0.25083
0.28576
0.25311
0.31515
0.27403
0.20323
0.28456
0.27191
0.15132
0.20211
0.29340
0.17891
0.17481
0.15881
0.28604
0.31138
0.26609
0.26798
0.24303
0.29006
0.21050
0.28653
0.27484
0.27342
0.21706
0.27216
0.27508
0.21216
0.15704
0.34754
0.27628
0.23529
0.33139
0.30178
0.25276
0.35717
0.29595
0.23462
0.27642
0.21755
0.28907
0.31189
0.27563
0.28122
0.24453
0.17279
0.31541
0.24247
0.30862
0.23326
0.27070
0.30565
0.25684
0.19204
0.20281
0.27842
0.18941
0.27913
0.19459
0.24073
0.24036
0.21501
0.24166
0.31296
0.31185
0.30087
0.25599
0.22057
0.30740
0.20990
0.24563
0.22467
0.25501
0.30299
0.14900
0.20325
0.28310
0.26033
0.21900
0.17366
0.22181
0.26174
0.20449
0.23846
0.26030
0.29696
0.16842
0.24959
0.25237
0.26059
0.19501
0.28337
0.28048
0.26116
0.38250
0.20461
0.29726
0.23508
0.33447
0.29070
0.26785
0.28085
0.28730
0.25004
0.19025
0.30444
0.29183
0.26835
0.26076
0.25166
0.30388
0.25137
0.21417
0.25571
0.31046
0.23511
0.28156
0.23289
0.26800
0.27787
0.26634
0.20374
0.24194
0.25747
0.29751
0.22887
0.31992
0.23468
0.26476
0.25844
0.27959
0.26479
0.15331
0.26127
0.30217
0.30586
0.25823
0.28962
0.31395
0.25784
0.24077
0.24294
0.28944
0.27692
0.26360
0.22925
0.17506
0.30261
0.29597
0.26230
0.27578
0.24751
0.30351
0.29204
0.19950
0.20145
0.26955
0.29451
0.29536
0.27340
0.25256
0.33681
0.31624
0.15444
0.22997
0.28585
0.26667
0.27644
0.29606
0.32703
0.22299
0.21308
0.17994
0.24282
0.28160
0.34324
0.29584
0.29900
0.28471
0.23540
0.25567
0.23157
0.24676
0.18504
0.30148
0.22273
0.21035
0.32721
0.31436
0.25188
0.25331
0.26826
0.30316
0.31791
0.31500
0.26191
0.26945
0.18007
0.30888
0.28824
0.12804
0.28691
0.20476
0.25868
0.26118
0.22881
0.28934
0.23846
0.27535
0.22410
0.25318
0.23440
0.32318
0.27084
0.27173
0.19882
0.23989
0.25566
0.23857
0.21434
0.31212
0.25303
0.34563
0.26804
0.25125
0.27277
0.26888
0.23685
0.26656
0.20944
0.32157
0.26236
0.31570
0.27234
0.27489
0.32289
0.25914
0.26248
0.29045
0.19793
0.23044
0.26865
0.25146
0.28845
0.27979
0.27662
0.31997
0.37694
0.29756
0.30941
0.28112
0.26636
0.28464
0.33056
0.27557
0.28856
0.28953
0.30150
0.28198
0.30285
0.35532
0.22266
0.26607
0.29241
0.25138
0.31114
0.32648
0.23643
0.25443
0.33058
0.24121
0.28046
0.26822
0.29291
0.26272
0.24234
0.26844
0.27990
0.26257
0.30962
0.31300
0.25515
0.28670
0.28962
0.27862
0.27298
0.28034
0.16562
0.27343
0.30676
0.34423
0.30697
0.30070
0.36819
0.37642
0.26632
0.18429
0.29549
0.38059
0.27089
0.19156
0.30089
0.33305
0.24967
0.24164
0.32853
0.23767
0.24366
0.24886
0.33643
0.35158
0.38273
0.24664
0.29571
0.27864
0.36606
0.23809
0.29958
0.28912
0.33698
0.28772
0.17850
0.30771
0.41047
0.26807
0.39260
0.38877
0.22033
0.29523
0.34181
0.30534
0.28030
0.23119
0.28580
0.21586
0.29279
0.29147
0.28848
0.29061
0.37065
0.27855
0.26756
0.26529
0.18184
0.27225
0.37735
0.17812
0.13331
0.35521
0.14890
0.21609
0.38187
0.15593
0.22273
0.22879
0.28514
0.22855
0.42269
0.19717
0.32715
0.36612
0.24150
0.23446
0.24452
0.23925
0.17773
0.34371
0.17896
0.35732
0.33840
0.25547
0.23015
0.23457
0.33910
0.27417
0.21265
0.32483
0.41494
0.31287
0.27725
0.34634
0.36550
0.22593
0.27450
0.26534
0.39562
0.17883
0.23408
0.23545
0.35161
0.26464
0.22888
0.26268
0.31056
0.36026
0.22716
0.27989
0.32160
0.28409
0.29576
0.25610
0.36413
0.29711
0.23504
0.29606
0.29823
0.33979
0.27253
0.29487
0.24534
0.32536
0.26185
0.26887
0.31601
0.29050
0.21939
0.29535
0.22497
0.24795
0.16444
0.11431
0.08070
0.19776
0.23751
0.28695
0.20659
0.22362
0.34878
0.21353
0.08111
0.15700
0.07706
0.28617
0.24757
0.16030
0.24683
0.13788
0.06525
0.20260
0.27138
0.11093
0.18236
0.23751
0.27875
0.22677
0.20995
0.31231
0.14598
0.30853
0.22011
0.06187
0.14641
0.16185
0.27206
0.18930
0.21312
0.21472
0.30939
0.06617
0.08219
0.16822
0.08461
0.29167
0.16198
0.12951
0.21598
0.29680
0.23308
0.20353
0.21055
0.09850
0.26471
0.12085
0.11243
0.21238
0.19475
0.26129
0.08490
0.14294
0.19830
0.18662
0.28798
0.22907
0.08353
0.08843
0.17120
0.22118
0.25087
0.18325
0.12690
0.28628
0.22416
0.13844
0.22692
0.27912
0.13505
0.24057
0.18783
0.10204
0.01929
0.25726
0.18888
0.20467
0.26855
0.27156
0.20372
0.32287
0.23284
0.18842
0.16026
0.21274
0.22892
0.06381
0.25517
0.12937
0.10946
0.20963
0.26893
0.30035
0.24113
0.17446
0.10060
0.20221
0.25390
0.23607
0.22069
0.11827
0.24856
0.27299
0.12855
0.25785
0.11723
0.10814
0.11039
0.14235
0.13126
0.14592
0.28662
0.25909
0.15020
0.09544
0.04611
0.14000
0.12132
0.26492
