0.11737
0.12691
0.07027
0.25428
0.11904
0.13705
0.25268
0.16997
0.18885
0.08978
0.19969
0.12186
0.18675
0.12254
0.17030
0.22467
0.15182
0.18211
0.11287
0.14718
0.29177
0.12222
0.16434
0.10002
0.22862
0.18431
0.14498
0.27150
0.17068
0.18170
0.17113
0.24212
0.18618
0.10443
0.12841
0.09425
0.12180
0.11211
0.13001
0.15223
0.27695
0.26124
0.10633
0.16195
0.27933
0.24326
0.18800
0.28438
0.20043
0.17039
0.09428
0.14832
0.12982
0.32052
0.09725
0.19218
0.22671
0.15030
0.18837
0.13152
0.29829
0.33812
0.12534
0.20313
0.26678
0.29194
0.09255
0.19497
0.15114
0.04246
0.13042
0.31488
0.32668
0.21559
0.26500
0.19168
0.10735
0.07045
0.19289
0.14562
0.34074
0.19993
0.33930
0.26925
0.24920
0.34722
0.09115
0.07397
0.13452
0.25574
0.34617
0.17065
0.09504
0.27614
0.08602
0.16818
0.19700
0.22620
0.15036
0.16131
0.09449
0.14841
0.10717
0.15707
0.23688
0.29048
0.17048
0.17347
0.20674
0.27217
0.04439
0.26383
0.14169
0.24053
0.12933
0.16178
0.27555
0.08533
0.10268
0.16367
0.28512
0.11455
0.29028
0.04026
0.12235
0.14107
0.30961
0.28327
0.19975
0.24346
0.09864
0.13789
0.28363
0.33330
0.12636
0.16976
0.07879
0.29587
0.27070
0.08330
0.15755
0.06095
0.27506
0.18028
0.18687
0.21565
0.12854
0.33277
0.17060
0.09189
0.19561
0.25836
0.10367
0.32034
0.30771
0.33222
0.18189
0.18904
0.16955
0.25011
0.26968
0.21848
0.24910
0.31208
0.09075
0.13225
0.23423
0.28244
0.11173
0.26656
0.07200
0.25871
0.24449
0.08127
0.09463
0.25470
0.11072
0.09549
0.18449
0.28935
0.08585
0.12807
0.20807
0.16099
0.11519
0.18375
0.22269
0.25845
0.26937
0.22399
0.14686
0.11450
0.06319
0.17390
0.18984
0.23885
0.25100
0.15643
0.10588
0.28618
0.23806
0.09299
0.19589
0.14456
0.08685
0.23339
0.10831
0.22991
0.26500
0.13164
0.27838
0.23990
0.10822
0.25421
0.27761
0.25544
0.13179
0.26782
0.25217
0.34584
0.13693
0.20709
0.14959
0.07960
0.12329
0.07891
0.21877
0.20396
0.18585
0.07185
0.23258
0.13279
0.24170
0.14471
0.07208
0.23372
0.11462
0.05491
0.10982
0.25810
0.10792
0.29060
0.09536
0.11796
0.19476
0.21217
0.11096
0.05146
0.11666
0.10998
0.12162
0.14167
0.11791
0.24873
0.13579
0.18163
0.19697
0.14027
0.08699
0.13308
0.18201
0.18249
0.20012
0.18253
0.19102
0.24411
0.29172
0.09272
0.15917
0.07490
0.16875
0.12446
0.09021
0.06307
0.37447
0.16768
0.11313
0.19466
0.16714
0.07937
0.13213
0.34409
0.12718
0.12230
0.28983
0.11211
0.22301
0.17137
0.19193
0.22663
0.13054
0.08425
0.16971
0.20704
0.19770
0.12038
0.22809
0.21362
0.19125
0.16807
0.32767
0.31582
0.27014
0.12345
0.08759
0.30486
0.26674
0.33808
0.03995
0.26619
0.13167
0.30691
0.18023
0.07823
0.16797
0.14863
0.14441
0.24449
0.22817
0.08818
0.09443
0.12633
0.27053
0.18434
0.27460
0.16100
0.25783
0.25310
0.14953
0.09135
0.30151
0.28541
0.35859
0.26124
0.30493
0.22237
0.24613
0.28660
0.29054
0.24658
0.07767
0.10563
0.14219
0.24029
0.06416
0.11919
0.24131
0.13092
0.27214
0.10299
0.17895
0.17082
0.30620
0.28382
0.23050
0.20999
0.29381
0.13978
0.18378
0.31976
0.11661
0.18291
0.10356
0.12553
0.23814
0.11247
0.24249
0.33449
0.08397
0.10757
0.17373
0.27007
0.10975
0.06130
0.07875
0.07713
0.10378
0.11787
0.16833
0.12740
0.28905
0.18390
0.20562
0.13542
0.19282
0.29590
0.18161
0.25940
0.33620
0.18576
0.26465
0.31379
0.26354
0.29119
0.28550
0.22442
0.33340
0.23442
0.25712
0.22594
0.23920
0.27174
0.20645
0.37265
0.30841
0.27126
0.22939
0.26322
0.23628
0.35818
0.24065
0.19998
0.32202
0.31316
0.20418
0.21339
0.31638
0.28408
0.25076
0.26062
0.26265
0.30150
0.22777
0.23290
0.32703
0.23560
0.21251
0.27791
0.16232
0.31393
0.33790
0.28650
0.25839
0.26764
0.23521
0.25498
0.26236
0.33110
0.17841
0.27534
0.33148
0.24792
0.23442
0.30131
0.19823
0.23818
0.27703
0.27415
0.29280
0.28031
0.22770
0.21343
0.29202
0.34894
0.18734
0.29024
0.19781
0.21883
0.20678
0.37496
0.30751
0.32643
0.17893
0.34426
0.27550
0.28603
0.37702
0.31482
0.26071
0.29668
0.23604
0.29750
0.19722
0.33164
0.26127
0.18138
0.16912
0.33977
0.21881
0.26332
0.29831
0.25146
0.34235
0.32703
0.20781
0.30676
0.31570
0.17598
0.18570
0.26236
0.20716
0.20475
0.14884
0.27342
0.33509
0.23648
0.24341
0.24891
0.26452
0.21523
0.27604
0.23466
0.23901
0.17435
0.28128
0.26052
0.21073
0.19242
0.35452
0.29226
0.19127
0.25629
0.31011
0.24419
0.36743
0.30660
0.25036
0.25082
0.21757
0.30093
0.31168
0.24690
0.25369
0.23772
0.16475
0.30946
0.25028
0.24335
0.24786
0.24447
0.27614
0.26884
0.21958
0.24795
0.29295
0.20826
0.24961
0.21245
0.22341
0.25163
0.23777
0.18104
0.31455
0.31915
0.31395
0.22720
0.21308
0.31258
0.22231
0.20993
0.20020
0.29111
0.28507
0.18295
0.18933
0.29151
0.26025
0.20250
0.16230
0.23138
0.26174
0.22232
0.24761
0.24876
0.27390
0.17135
0.21499
0.27467
0.24423
0.20588
0.26795
0.24926
0.26195
0.38569
0.18827
0.27844
0.24965
0.35700
0.30815
0.24593
0.28324
0.24344
0.27342
0.20747
0.32177
0.26356
0.21734
0.27216
0.29432
0.33278
0.25284
0.27536
0.22262
0.32954
0.22465
0.24678
0.22638
0.24844
0.26910
0.26036
0.21162
0.21076
0.24435
0.32026
0.20289
0.31158
0.26576
0.23494
0.28178
0.26503
0.28906
0.14644
0.19955
0.32677
0.33017
0.24506
0.25034
0.27029
0.27089
0.21412
0.19845
0.30228
0.29669
0.25301
0.25716
0.20831
0.26079
0.30465
0.28217
0.23627
0.22835
0.32955
0.26141
0.17202
0.22229
0.28886
0.28452
0.24854
0.24668
0.26326
0.34628
0.33830
0.15179
0.24747
0.30421
0.24344
0.24603
0.31615
0.33177
0.24815
0.19117
0.21066
0.21754
0.24987
0.35545
0.27626
0.30709
0.25268
0.24672
0.27091
0.28258
0.27623
0.17438
0.32554
0.22545
0.24521
0.32758
0.30581
0.21129
0.25511
0.22702
0.29456
0.29779
0.33452
0.25864
0.26019
0.21216
0.25698
0.30014
0.12757
0.25334
0.19955
0.21516
0.24423
0.24608
0.24136
0.25257
0.23895
0.23530
0.21633
0.23434
0.33768
0.28246
0.21594
0.20596
0.29026
0.24596
0.23875
0.18806
0.29960
0.29627
0.34754
0.23550
0.23594
0.22715
0.25392
0.21385
0.28572
0.18750
0.31838
0.24571
0.32343
0.27720
0.29539
0.32847
0.28276
0.22429
0.25126
0.19952
0.19477
0.25985
0.21472
0.26535
0.31002
0.24565
0.29804
0.37162
0.31198
0.32383
0.28714
0.29488
0.29859
0.33431
0.22786
0.27750
0.30689
0.31818
0.26134
0.32921
0.36874
0.26433
0.25343
0.29825
0.22244
0.29302
0.33890
0.25281
0.24681
0.34258
0.23492
0.21915
0.30789
0.27466
0.19902
0.21382
0.23599
0.25543
0.28374
0.28702
0.29613
0.22154
0.25079
0.27345
0.27147
0.22484
0.24257
0.15233
0.32230
0.32126
0.34421
0.29252
0.31806
0.40818
0.37680
0.28023
0.19224
0.32498
0.37702
0.27295
0.19887
0.28489
0.34357
0.25915
0.26828
0.32752
0.26470
0.26274
0.27089
0.31963
0.35333
0.40190
0.28135
0.32534
0.27411
0.37588
0.28922
0.28641
0.26850
0.34223
0.25926
0.19036
0.29115
0.43115
0.26002
0.39401
0.42166
0.22703
0.25370
0.35154
0.28163
0.26952
0.26346
0.25725
0.22893
0.29531
0.28251
0.28339
0.28794
0.34626
0.29022
0.26522
0.27376
0.22127
0.27481
0.36177
0.20710
0.14712
0.34551
0.15412
0.20707
0.42117
0.16923
0.26144
0.25152
0.26598
0.22703
0.42347
0.20337
0.32582
0.36394
0.24474
0.23151
0.25767
0.25290
0.18404
0.34841
0.18236
0.36956
0.34441
0.24461
0.24069
0.25327
0.33286
0.28440
0.22640
0.34238
0.41185
0.31885
0.28673
0.36852
0.35766
0.20762
0.28448
0.29821
0.36641
0.19026
0.23262
0.24398
0.32278
0.27784
0.24587
0.26192
0.30570
0.34859
0.23861
0.31495
0.31239
0.30767
0.30986
0.23682
0.34277
0.27950
0.27696
0.28493
0.28554
0.32435
0.25508
0.27216
0.24764
0.36291
0.26390
0.25887
0.30237
0.29455
0.23028
0.29991
0.14298
0.31616
0.20479
0.04161
0.05134
0.22609
0.21232
0.25833
0.21850
0.24150
0.30602
0.27813
0.14017
0.22461
0.03996
0.27896
0.25120
0.20975
0.32107
0.11253
0.12183
0.19690
0.15305
0.10918
0.17800
0.22239
0.28131
0.16100
0.20874
0.26763
0.12594
0.31137
0.16952
0.02250
0.10913
0.10211
0.28397
0.14841
0.22529
0.21397
0.29578
0.06857
0.15364
0.08027
0.13008
0.22979
0.11904
0.16785
0.25202
0.22228
0.23898
0.28420
0.20600
0.14352
0.29528
0.09178
0.07682
0.32825
0.19252
0.30166
0.10800
0.15402
0.20251
0.19448
0.27522
0.21559
0.02397
0.09929
0.21232
0.20693
0.22987
0.19854
0.18296
0.16061
0.16635
0.15332
0.24227
0.29308
0.11114
0.09863
0.16531
0.10778
0.06613
0.26589
0.18491
0.18701
0.22237
0.28442
0.19785
0.33072
0.25136
0.22579
0.16908
0.20208
0.18387
0.04507
0.22471
0.13219
0.08304
0.21713
0.24769
0.27160
0.28697
0.05385
0.11842
0.12612
0.23298
0.27375
0.30247
0.11117
0.22226
0.31553
0.20851
0.24273
0.08941
0.04140
0.05082
0.16275
0.11733
0.11243
0.28800
0.28520
0.12707
0.10757
0.05012
0.12937
0.08953
0.29162
