0.16398
0.11021
0.11112
0.21950
0.10006
0.14890
0.23577
0.14995
0.21732
0.06187
0.20788
0.14318
0.19215
0.13634
0.15418
0.23895
0.15277
0.17817
0.07310
0.15635
0.26102
0.19978
0.19552
0.09805
0.22479
0.19626
0.14668
0.27407
0.06641
0.15179
0.14471
0.24970
0.12604
0.09762
0.09966
0.08812
0.11438
0.11421
0.14540
0.19577
0.29436
0.26041
0.08259
0.17417
0.27114
0.21848
0.13981
0.24364
0.17837
0.17753
0.09433
0.15120
0.13630
0.29849
0.09834
0.23937
0.26508
0.13573
0.15515
0.09398
0.27529
0.28841
0.14502
0.17467
0.28665
0.32373
0.06660
0.16992
0.09333
0.08727
0.12555
0.30245
0.31407
0.19700
0.27504
0.13734
0.13418
0.06398
0.24945
0.17500
0.31926
0.13641
0.30549
0.25761
0.26467
0.36183
0.09573
0.06402
0.14121
0.27829
0.29709
0.23711
0.08581
0.24660
0.09846
0.22221
0.20828
0.23176
0.22339
0.18712
0.10211
0.18179
0.12580
0.11001
0.21785
0.28816
0.14122
0.15344
0.17730
0.26913
0.03686
0.22894
0.13004
0.25891
0.13839
0.21324
0.26599
0.07154
0.09466
0.19918
0.26299
0.11954
0.28509
0.06446
0.12098
0.15687
0.32061
0.27289
0.20318
0.26308
0.13907
0.15366
0.31306
0.33201
0.12265
0.14254
0.07848
0.28555
0.25413
0.04721
0.19102
0.04896
0.28600
0.18247
0.15147
0.30365
0.11546
0.34757
0.21473
0.08839
0.19201
0.26554
0.13081
0.33137
0.29220
0.33043
0.12103
0.11352
0.17406
0.23404
0.20394
0.27896
0.28425
0.32726
0.10081
0.12992
0.30074
0.27670
0.11737
0.28446
0.08607
0.22650
0.25582
0.03874
0.11832
0.19990
0.05525
0.11093
0.14073
0.25817
0.11247
0.10807
0.22162
0.14574
0.10678
0.17786
0.23245
0.23992
0.25100
0.24645
0.11919
0.09312
0.07971
0.17805
0.16394
0.25572
0.22512
0.17654
0.10192
0.28757
0.25299
0.11610
0.22351
0.15271
0.10122
0.27538
0.08331
0.20950
0.24441
0.11605
0.27185
0.20562
0.12066
0.23266
0.27034
0.22936
0.13942
0.29677
0.24576
0.36309
0.14791
0.20516
0.16296
0.15235
0.11631
0.07888
0.18564
0.22747
0.16320
0.05448
0.24968
0.10628
0.25010
0.16216
0.06387
0.28277
0.10848
0.04553
0.11860
0.27048
0.09146
0.30249
0.17906
0.10360
0.16033
0.21644
0.10190
0.08870
0.11700
0.12715
0.10784
0.13709
0.14706
0.28142
0.15403
0.16803
0.20777
0.11907
0.05980
0.12419
0.20318
0.19505
0.23524
0.21765
0.20389
0.27433
0.26191
0.09359
0.19684
0.08044
0.11718
0.12569
0.10119
0.07316
0.35418
0.19843
0.10526
0.22583
0.17236
0.11447
0.17502
0.33095
0.17490
0.14405
0.30725
0.12270
0.21649
0.23617
0.22212
0.13932
0.12558
0.10006
0.20451
0.25290
0.15762
0.09842
0.19250
0.20163
0.22352
0.15744
0.33190
0.24737
0.24595
0.18637
0.14003
0.27871
0.29304
0.27715
0.05255
0.27278
0.12668
0.27251
0.13959
0.09424
0.15553
0.18294
0.12949
0.20313
0.22113
0.06616
0.13945
0.08654
0.27261
0.19862
0.26211
0.17109
0.24363
0.22093
0.20339
0.09812
0.20630
0.28376
0.37897
0.27967
0.31632
0.20575
0.25053
0.27591
0.26860
0.29436
0.11248
0.08478
0.17701
0.23050
0.06142
0.12130
0.21982
0.17402
0.19826
0.12195
0.19067
0.10544
0.28148
0.27207
0.27779
0.21171
0.32157
0.15073
0.14786
0.31812
0.09841
0.19203
0.08797
0.09886
0.16160
0.10494
0.23957
0.35815
0.09837
0.09407
0.17018
0.24366
0.10788
0.05936
0.08131
0.10816
0.06319
0.14038
0.16616
0.08703
0.29986
0.19343
0.20066
0.07877
0.20086
0.28684
0.19849
0.26343
0.35863
0.15270
0.30152
0.30129
0.30079
0.29756
0.29199
0.23923
0.35465
0.27628
0.23008
0.24094
0.22708
0.28176
0.19105
0.36677
0.33163
0.25841
0.25531
0.25922
0.26435
0.34472
0.27330
0.23197
0.31945
0.33764
0.20551
0.25328
0.32820
0.26818
0.26327
0.26165
0.28259
0.30959
0.23703
0.24232
0.33680
0.21838
0.23233
0.31798
0.18863
0.30750
0.35790
0.28871
0.30158
0.29343
0.25902
0.23558
0.27102
0.33582
0.20268
0.26822
0.29942
0.22377
0.25982
0.31207
0.19288
0.28883
0.26678
0.27579
0.33426
0.29876
0.25458
0.20538
0.26567
0.34929
0.15046
0.26907
0.20778
0.15374
0.19527
0.36882
0.31171
0.32362
0.17223
0.36195
0.26502
0.27189
0.37109
0.31356
0.29251
0.28764
0.24805
0.28148
0.19586
0.36313
0.27701
0.24891
0.17682
0.31784
0.20435
0.26068
0.28493
0.26171
0.34269
0.33912
0.23580
0.31547
0.30792
0.15755
0.17076
0.28516
0.18993
0.20426
0.19012
0.31561
0.33673
0.23991
0.23584
0.24648
0.28089
0.24623
0.28024
0.23059
0.25333
0.20130
0.27767
0.26571
0.23871
0.19734
0.34500
0.30677
0.15956
0.29960
0.32657
0.25879
0.35555
0.32507
0.22378
0.26721
0.20788
0.28066
0.30848
0.29535
0.29471
0.24920
0.16516
0.31298
0.23714
0.26433
0.23759
0.25911
0.30407
0.29076
0.21154
0.23305
0.28511
0.22879
0.28803
0.19568
0.24232
0.20957
0.23769
0.18765
0.29743
0.31903
0.33106
0.23150
0.17381
0.32472
0.22446
0.18018
0.19064
0.30098
0.32801
0.18763
0.18297
0.28023
0.25510
0.21278
0.15982
0.25655
0.25973
0.19755
0.27388
0.23790
0.28654
0.18609
0.22298
0.26991
0.27904
0.19150
0.27713
0.28124
0.25917
0.36859
0.20806
0.31556
0.23244
0.36730
0.32370
0.23424
0.27295
0.29977
0.27053
0.20102
0.30480
0.28518
0.23987
0.29569
0.27225
0.33506
0.25390
0.27564
0.21000
0.35143
0.21791
0.28266
0.23218
0.23428
0.28378
0.25702
0.21710
0.20516
0.24631
0.31164
0.20686
0.29979
0.25777
0.24297
0.29172
0.28343
0.29463
0.15881
0.19060
0.33571
0.33372
0.23374
0.27271
0.29076
0.27197
0.22930
0.18738
0.31641
0.27071
0.24604
0.27009
0.20968
0.28321
0.30865
0.26358
0.25116
0.26032
0.32899
0.26549
0.19407
0.17075
0.28384
0.29928
0.26296
0.27322
0.22307
0.34756
0.34937
0.16416
0.25204
0.30923
0.26034
0.24229
0.28628
0.34935
0.24724
0.20231
0.22779
0.22866
0.26333
0.37170
0.29936
0.31216
0.27272
0.24897
0.26469
0.30030
0.28214
0.18272
0.34373
0.23152
0.23863
0.35047
0.30090
0.24930
0.25373
0.23876
0.28473
0.33469
0.33731
0.25716
0.28602
0.21316
0.30096
0.32310
0.14987
0.23654
0.23416
0.21834
0.26332
0.25535
0.25965
0.25627
0.23554
0.25387
0.23307
0.26964
0.34660
0.27594
0.23769
0.19917
0.29802
0.25292
0.24243
0.17063
0.34175
0.29688
0.32675
0.25830
0.23935
0.25223
0.26672
0.20028
0.27110
0.17575
0.32645
0.27971
0.34798
0.26488
0.30040
0.35579
0.27159
0.24964
0.28705
0.15266
0.18084
0.27255
0.19406
0.28470
0.29912
0.26758
0.31471
0.38804
0.32133
0.32495
0.28169
0.29240
0.31041
0.35964
0.22886
0.27921
0.33127
0.31761
0.28561
0.33277
0.38898
0.22647
0.23302
0.32031
0.24466
0.32951
0.33650
0.24324
0.23663
0.36825
0.23017
0.25101
0.31616
0.26198
0.22917
0.20171
0.23726
0.27215
0.28306
0.30586
0.28473
0.26413
0.28329
0.27593
0.28163
0.25976
0.29761
0.14789
0.30932
0.32856
0.36277
0.26523
0.32195
0.37968
0.39889
0.27676
0.20292
0.28369
0.37952
0.29627
0.23633
0.27492
0.35097
0.26792
0.23785
0.34593
0.22133
0.29470
0.22903
0.31529
0.38014
0.43570
0.31305
0.28004
0.24114
0.35600
0.31174
0.27975
0.27632
0.36552
0.25325
0.17445
0.32010
0.45717
0.28576
0.41851
0.39019
0.22939
0.25338
0.33527
0.28927
0.29866
0.22988
0.25371
0.20209
0.29996
0.29642
0.28906
0.32298
0.37815
0.23117
0.26265
0.26892
0.19096
0.24763
0.39053
0.20926
0.17280
0.33014
0.16814
0.17178
0.41726
0.20444
0.29209
0.23633
0.24260
0.25869
0.41939
0.22898
0.32488
0.37999
0.25243
0.24942
0.23605
0.26944
0.23812
0.36579
0.22080
0.36060
0.35658
0.22925
0.25702
0.23304
0.35881
0.30370
0.22845
0.35217
0.40266
0.32687
0.27673
0.36294
0.36059
0.19115
0.28353
0.28317
0.38747
0.21619
0.25652
0.24599
0.35466
0.26791
0.25874
0.24240
0.33398
0.35905
0.24404
0.28195
0.35552
0.30854
0.27651
0.25538
0.38179
0.25948
0.30713
0.27151
0.29309
0.32642
0.26661
0.28820
0.23891
0.32139
0.25256
0.24004
0.30901
0.27309
0.23755
0.27537
0.17032
0.30507
0.24279
0.07821
0.21355
0.17604
0.23026
0.27094
0.22050
0.27246
0.33735
0.23112
0.12922
0.18021
0.02971
0.30960
0.19963
0.15213
0.30362
0.13993
0.10324
0.16256
0.24983
0.05195
0.16181
0.24208
0.27863
0.14561
0.23251
0.25790
0.03649
0.31851
0.17314
0.04231
0.08642
0.11375
0.28670
0.18139
0.25331
0.19987
0.29598
0.07214
0.07262
0.08577
0.06869
0.31166
0.07566
0.15258
0.18676
0.25533
0.14543
0.24926
0.20404
0.08817
0.27283
0.10500
0.11447
0.30690
0.18725
0.13839
0.09883
0.13223
0.22213
0.18780
0.29555
0.22929
0.07381
0.05314
0.17100
0.22435
0.18592
0.19053
0.11173
0.26012
0.18724
0.14864
0.27802
0.26777
0.07422
0.16439
0.13425
0.04816
0.05558
0.24363
0.12488
0.17575
0.25641
0.28070
0.20957
0.29828
0.24472
0.27226
0.19899
0.21477
0.19646
0.02858
0.21796
0.16046
0.06773
0.21660
0.22943
0.29683
0.25436
0.13088
0.07975
0.17192
0.24513
0.23708
0.28249
0.12373
0.19088
0.28046
0.15105
0.26631
0.10237
0.04190
0.07803
0.18123
0.08466
0.09438
0.25342
0.28546
0.07991
0.11281
0.04744
0.12027
0.11132
0.26680
