0.09253
0.10369
0.04957
0.25262
0.06219
0.14397
0.25143
0.13746
0.16201
0.06259
0.18927
0.11219
0.15793
0.11251
0.15120
0.22797
0.11237
0.13029
0.09883
0.13710
0.30262
0.14369
0.16717
0.04736
0.26216
0.14089
0.15170
0.22365
0.08521
0.16316
0.15652
0.24765
0.14075
0.08958
0.06529
0.10035
0.14903
0.08389
0.14969
0.15291
0.27816
0.27723
0.10898
0.12967
0.26980
0.22974
0.15374
0.25201
0.18860
0.15102
0.09112
0.11921
0.12461
0.27252
0.09264
0.21954
0.22258
0.12290
0.12695
0.07837
0.28094
0.29931
0.13655
0.25568
0.26423
0.28959
0.07993
0.20140
0.12234
0.04446
0.14030
0.31352
0.30976
0.20343
0.22418
0.10171
0.07249
0.02727
0.24062
0.15647
0.33444
0.15602
0.35168
0.27615
0.28426
0.33423
0.09540
0.08471
0.14844
0.26991
0.34337
0.19774
0.06102
0.29970
0.07421
0.15179
0.20009
0.22379
0.21306
0.14204
0.09789
0.19095
0.10328
0.11634
0.22253
0.30515
0.11650
0.16429
0.16715
0.27557
0.04751
0.26252
0.08995
0.23005
0.14404
0.12548
0.27872
0.06290
0.06898
0.20266
0.22960
0.09232
0.29881
0.02492
0.08407
0.12422
0.29926
0.26262
0.15635
0.26520
0.12393
0.13743
0.30608
0.31742
0.09615
0.14748
0.06673
0.26907
0.26160
0.04156
0.20059
0.03898
0.32818
0.17313
0.13169
0.33167
0.10965
0.35438
0.19703
0.09578
0.14919
0.28504
0.10698
0.29456
0.30831
0.31423
0.09283
0.19325
0.13494
0.21478
0.22056
0.22783
0.28374
0.31374
0.09020
0.09709
0.31968
0.28077
0.03902
0.24371
0.11036
0.21680
0.22002
0.03635
0.08124
0.21179
0.07289
0.06276
0.15635
0.28992
0.05893
0.10387
0.21993
0.17545
0.11140
0.13933
0.20763
0.27445
0.25032
0.16693
0.10451
0.08683
0.04499
0.15524
0.16019
0.25541
0.15743
0.18796
0.08249
0.27498
0.22444
0.06109
0.21681
0.12896
0.06178
0.22798
0.08952
0.23633
0.23877
0.10201
0.26760
0.24910
0.08253
0.26848
0.24483
0.25569
0.12357
0.23126
0.23756
0.32144
0.13836
0.17290
0.14303
0.05089
0.09194
0.06688
0.15427
0.16636
0.14162
0.07294
0.26559
0.09578
0.21673
0.11049
0.06256
0.29355
0.10572
0.03571
0.10724
0.29102
0.05397
0.30557
0.10359
0.11441
0.15758
0.17819
0.10384
0.06883
0.11901
0.10416
0.10208
0.13175
0.10000
0.25676
0.15067
0.15724
0.18108
0.06208
0.05797
0.13105
0.21801
0.15501
0.24248
0.18861
0.14064
0.20929
0.29669
0.09166
0.20818
0.03358
0.10356
0.11951
0.06134
0.03969
0.36251
0.17050
0.06508
0.22332
0.17206
0.11674
0.12410
0.33294
0.10847
0.10079
0.28510
0.12771
0.17377
0.19506
0.21689
0.11647
0.09415
0.06849
0.22515
0.21774
0.16179
0.10574
0.15671
0.14097
0.19411
0.15713
0.33866
0.25428
0.28730
0.15100
0.08577
0.29002
0.31165
0.32386
0.02359
0.26663
0.09345
0.29728
0.12627
0.10124
0.15700
0.10428
0.11189
0.15142
0.22715
0.06512
0.11317
0.09562
0.26781
0.13167
0.22431
0.19897
0.20175
0.24188
0.12241
0.09126
0.27209
0.28387
0.35667
0.21068
0.31621
0.26050
0.24531
0.29752
0.26707
0.28657
0.05822
0.09223
0.12078
0.22546
0.06094
0.05475
0.18495
0.13998
0.22353
0.10038
0.16936
0.11231
0.27181
0.24278
0.24484
0.20407
0.29969
0.17960
0.13323
0.30285
0.08479
0.20888
0.09034
0.11761
0.19665
0.06415
0.24230
0.34458
0.06296
0.12156
0.14945
0.24229
0.11047
0.05703
0.10286
0.08101
0.05757
0.14087
0.21587
0.07504
0.25266
0.17278
0.14245
0.10180
0.14204
0.30393
0.19202
0.28264
0.34329
0.18672
0.26460
0.30222
0.32105
0.33360
0.27073
0.25799
0.33151
0.25198
0.22167
0.24887
0.19275
0.31278
0.17944
0.34524
0.31762
0.22148
0.28092
0.24102
0.27931
0.33732
0.29427
0.24850
0.30459
0.31594
0.24788
0.28486
0.30924
0.24687
0.24229
0.22891
0.31025
0.29206
0.25738
0.19005
0.34957
0.25476
0.25238
0.30880
0.21689
0.27981
0.33303
0.27438
0.30466
0.32551
0.29820
0.23290
0.30870
0.30604
0.23024
0.30701
0.30262
0.28118
0.29779
0.29190
0.18845
0.31823
0.21960
0.25671
0.30481
0.28733
0.28223
0.14803
0.25779
0.33859
0.09143
0.26524
0.23006
0.22990
0.14166
0.34095
0.30605
0.30748
0.20114
0.34357
0.24267
0.24614
0.36038
0.28340
0.32506
0.27101
0.24828
0.26130
0.14665
0.33866
0.29709
0.22015
0.18911
0.31663
0.16034
0.25024
0.28296
0.23992
0.34635
0.29371
0.19318
0.31519
0.29886
0.14950
0.19903
0.29832
0.15569
0.14655
0.16507
0.29258
0.34096
0.28889
0.28642
0.23950
0.31136
0.18722
0.30506
0.29132
0.30338
0.18992
0.26184
0.30700
0.17267
0.17932
0.31201
0.30130
0.20221
0.31336
0.30763
0.24634
0.31395
0.30241
0.20719
0.29271
0.17938
0.27510
0.29914
0.29911
0.27132
0.24692
0.19901
0.30941
0.21052
0.30907
0.20751
0.29645
0.32995
0.27851
0.16156
0.21731
0.28426
0.18144
0.31953
0.15630
0.24574
0.22577
0.19100
0.21589
0.28970
0.30795
0.31649
0.23463
0.20265
0.32002
0.20710
0.22108
0.20288
0.30204
0.29829
0.13701
0.17856
0.27305
0.29858
0.21265
0.15391
0.19598
0.24364
0.24907
0.22155
0.28221
0.32266
0.15194
0.23827
0.26950
0.29438
0.18185
0.32019
0.27546
0.23646
0.35264
0.17765
0.29052
0.19502
0.35033
0.31461
0.28781
0.25525
0.30029
0.25173
0.17431
0.27616
0.28434
0.26736
0.28690
0.25383
0.34004
0.25710
0.28653
0.23708
0.33092
0.26340
0.30356
0.22573
0.26996
0.25495
0.26650
0.18348
0.23597
0.25931
0.29323
0.22724
0.28544
0.22361
0.26090
0.27821
0.27511
0.26564
0.16587
0.23072
0.30670
0.31769
0.27408
0.28741
0.29998
0.23086
0.24429
0.22583
0.29021
0.26529
0.29145
0.21020
0.13903
0.29534
0.28174
0.23156
0.28936
0.21984
0.33546
0.29473
0.19776
0.19665
0.27011
0.26462
0.30856
0.28394
0.25558
0.32806
0.34912
0.15323
0.24322
0.31069
0.28439
0.29919
0.30469
0.31835
0.20990
0.22691
0.14821
0.24756
0.30105
0.35333
0.30566
0.26457
0.29938
0.22056
0.24717
0.28380
0.27348
0.19677
0.30477
0.24312
0.21640
0.33075
0.27001
0.27565
0.22030
0.25727
0.28154
0.34933
0.32489
0.23239
0.28159
0.18007
0.31175
0.28374
0.11249
0.27867
0.17354
0.24547
0.29767
0.20252
0.28523
0.20819
0.26433
0.20358
0.25371
0.25679
0.33428
0.29457
0.27989
0.19207
0.28484
0.23467
0.24626
0.22237
0.30592
0.27567
0.33092
0.26570
0.26553
0.29449
0.25038
0.25813
0.25267
0.18673
0.30984
0.25092
0.32580
0.25565
0.27665
0.33697
0.25139
0.26646
0.31749
0.15239
0.22171
0.31531
0.22412
0.32522
0.30208
0.29170
0.33734
0.35989
0.29977
0.30905
0.26089
0.29544
0.26784
0.33660
0.26690
0.25656
0.32525
0.32088
0.30866
0.32054
0.36960
0.19976
0.26282
0.28319
0.25319
0.30517
0.29380
0.22350
0.26226
0.32252
0.22148
0.29033
0.30832
0.29409
0.23103
0.26061
0.27836
0.26523
0.28289
0.33030
0.27418
0.26202
0.29926
0.25880
0.31365
0.29294
0.27710
0.12169
0.28204
0.33648
0.33463
0.33705
0.30510
0.39650
0.39966
0.29646
0.16618
0.31262
0.36855
0.27493
0.20166
0.30756
0.33572
0.22784
0.25527
0.31191
0.26782
0.27217
0.24230
0.33704
0.33967
0.38631
0.30522
0.30652
0.28802
0.38399
0.29870
0.27687
0.30825
0.34054
0.27317
0.18264
0.32529
0.44720
0.23307
0.40970
0.41448
0.17955
0.32293
0.36706
0.33102
0.29903
0.27156
0.28290
0.21706
0.28685
0.29531
0.26735
0.29905
0.37765
0.29522
0.29389
0.23234
0.22587
0.24653
0.40571
0.24399
0.10080
0.33278
0.10005
0.17854
0.40376
0.12686
0.25710
0.19064
0.27424
0.25129
0.43684
0.16846
0.33798
0.39528
0.23719
0.22566
0.27083
0.23607
0.18617
0.35957
0.15469
0.35409
0.33339
0.26373
0.23830
0.23830
0.33473
0.28499
0.18020
0.34572
0.41235
0.32016
0.28935
0.36322
0.37419
0.22870
0.23706
0.28879
0.38360
0.18520
0.21775
0.26626
0.33953
0.29668
0.24862
0.28664
0.29893
0.34984
0.20641
0.30375
0.33643
0.28606
0.30735
0.24371
0.38875
0.29171
0.25286
0.28802
0.32603
0.32545
0.26880
0.31439
0.21976
0.31664
0.24668
0.26879
0.32812
0.29400
0.25132
0.31200
0.21696
0.30981
0.23751
0.05047
0.16690
0.19430
0.21058
0.28370
0.20809
0.24082
0.37487
0.19965
0.06539
0.20070
0.02183
0.30114
0.26370
0.17311
0.29798
0.10374
0.12665
0.16118
0.17379
0.07457
0.10928
0.21528
0.28942
0.22666
0.21519
0.25777
0.02995
0.29464
0.23721
0.04454
0.08113
0.15111
0.28502
0.15983
0.19705
0.24112
0.30680
0.04936
0.04798
0.06311
0.03939
0.28506
0.04875
0.14703
0.20265
0.30549
0.12542
0.29696
0.21999
0.03240
0.29876
0.03682
0.06610
0.28740
0.18352
0.19987
0.06252
0.06074
0.21067
0.21433
0.29831
0.22625
0.00277
0.08294
0.18261
0.20425
0.16832
0.16733
0.08664
0.27570
0.19890
0.15983
0.26425
0.33356
0.09563
0.17407
0.11178
0.09280
0.01295
0.27375
0.10165
0.19795
0.23445
0.30438
0.20945
0.30432
0.23397
0.25315
0.17516
0.21785
0.18809
0.02370
0.27186
0.08641
0.06306
0.19640
0.26346
0.28443
0.29481
0.03674
0.05694
0.08299
0.19772
0.20682
0.28300
0.08108
0.21344
0.30479
0.14025
0.20684
0.09958
0.06197
0.02668
0.16296
0.05685
0.06237
0.28102
0.32957
0.08165
0.09921
0.04250
0.05743
0.11762
0.20862
