0.09927
0.10739
0.06150
0.23121
0.06092
0.12066
0.22225
0.13603
0.14224
0.06024
0.20587
0.11385
0.13835
0.11573
0.10377
0.22344
0.11992
0.14014
0.06962
0.12583
0.27250
0.13822
0.12156
0.04827
0.20895
0.13314
0.08900
0.22758
0.08383
0.14413
0.13130
0.21477
0.11987
0.10153
0.08106
0.09001
0.12278
0.06908
0.10144
0.14285
0.29813
0.22627
0.09701
0.12764
0.27577
0.19741
0.16387
0.23536
0.17114
0.14493
0.08887
0.12077
0.12956
0.25399
0.09976
0.24337
0.19988
0.13355
0.16175
0.07483
0.27612
0.26096
0.09834
0.19538
0.25421
0.33225
0.02694
0.18063
0.09779
0.04395
0.13742
0.27593
0.30680
0.18175
0.23461
0.08895
0.06438
0.05287
0.23174
0.15078
0.28319
0.20448
0.30093
0.25960
0.19700
0.35665
0.09417
0.09666
0.12536
0.25770
0.29307
0.19115
0.07078
0.27027
0.04773
0.15056
0.21941
0.21792
0.20884
0.17395
0.09608
0.18839
0.11155
0.13111
0.22380
0.28469
0.11691
0.15449
0.11975
0.29179
0.02755
0.25394
0.07539
0.24573
0.11514
0.14352
0.26276
0.04713
0.06737
0.19021
0.19774
0.02869
0.28287
0.01765
0.09299
0.16009
0.31761
0.25546
0.13852
0.24967
0.11245
0.05859
0.30534
0.31644
0.11658
0.10653
0.06541
0.29569
0.26511
0.03873
0.15840
0.04075
0.27270
0.19701
0.10592
0.21855
0.10572
0.35121
0.15905
0.08822
0.18369
0.22782
0.11443
0.28958
0.31131
0.32780
0.10224
0.16451
0.15052
0.16540
0.26584
0.23362
0.29026
0.30771
0.08846
0.08554
0.27045
0.30047
0.03510
0.22811
0.06482
0.20569
0.17257
0.01482
0.05131
0.20551
0.06431
0.08152
0.14705
0.24174
0.11799
0.10398
0.24167
0.15142
0.10686
0.19373
0.20396
0.24452
0.25553
0.16155
0.09585
0.03648
0.03350
0.14384
0.10969
0.23682
0.18884
0.11119
0.06718
0.29251
0.24020
0.06604
0.21325
0.12360
0.03351
0.22506
0.10535
0.18326
0.26194
0.05952
0.20825
0.22447
0.08125
0.26243
0.25427
0.25604
0.11865
0.24056
0.18695
0.35171
0.10442
0.15814
0.09024
0.04739
0.10207
0.03750
0.14626
0.16918
0.13256
0.06560
0.26159
0.08202
0.20765
0.09700
0.08726
0.25808
0.10985
0.04426
0.10474
0.25267
0.08257
0.28178
0.09273
0.10672
0.14712
0.19223
0.10225
0.03419
0.09051
0.09494
0.10437
0.06790
0.08388
0.26047
0.13046
0.14191
0.21319
0.08619
0.07178
0.14834
0.22081
0.14885
0.16787
0.16074
0.13205
0.25237
0.30366
0.09204
0.13572
0.07830
0.09948
0.11906
0.07796
0.02635
0.36991
0.16570
0.07757
0.21875
0.13788
0.07023
0.14748
0.32673
0.13060
0.08883
0.28963
0.11810
0.17723
0.16853
0.13239
0.12125
0.07294
0.08590
0.16288
0.19590
0.15626
0.09362
0.14773
0.10978
0.12214
0.11486
0.34011
0.24511
0.28305
0.12406
0.07440
0.28949
0.28006
0.30922
0.02055
0.27998
0.12871
0.25358
0.10960
0.08555
0.16075
0.07230
0.09902
0.13833
0.24416
0.05762
0.06480
0.04204
0.24902
0.17130
0.20907
0.16873
0.26468
0.17297
0.10764
0.05908
0.24000
0.27533
0.35263
0.26514
0.30020
0.20406
0.23460
0.30282
0.28648
0.26613
0.04045
0.06580
0.11295
0.22600
0.03144
0.04068
0.17987
0.10270
0.23046
0.10469
0.13661
0.10489
0.27717
0.28895
0.26683
0.19360
0.31858
0.10411
0.12824
0.31480
0.04617
0.20402
0.04536
0.03580
0.19603
0.04772
0.23647
0.31036
0.04008
0.08399
0.14250
0.25271
0.10009
0.04403
0.06565
0.03875
0.06816
0.06948
0.19017
0.06065
0.27592
0.14915
0.22683
0.08361
0.20369
0.29606
0.21661
0.24905
0.35274
0.21306
0.26587
0.30746
0.27245
0.29411
0.29319
0.23090
0.35191
0.25190
0.24515
0.24372
0.21751
0.25200
0.18870
0.37367
0.32426
0.26406
0.23034
0.25983
0.24265
0.34676
0.26579
0.21965
0.30003
0.33299
0.23205
0.22353
0.31488
0.26590
0.24874
0.26854
0.26784
0.30124
0.26450
0.22280
0.35106
0.24950
0.23131
0.31568
0.19904
0.30396
0.35033
0.27881
0.29110
0.28075
0.26135
0.23179
0.25516
0.32117
0.22035
0.25891
0.32247
0.27813
0.24111
0.28875
0.20591
0.26982
0.26638
0.27642
0.32314
0.29033
0.24903
0.17516
0.28120
0.37107
0.15343
0.27462
0.19857
0.17436
0.18120
0.36781
0.30136
0.31986
0.17927
0.35683
0.27261
0.29758
0.37209
0.31526
0.26808
0.29096
0.25815
0.28290
0.18846
0.33545
0.25212
0.23190
0.18982
0.32790
0.20242
0.27049
0.28553
0.26554
0.35251
0.31836
0.22810
0.31697
0.31294
0.16898
0.19651
0.29198
0.21333
0.19377
0.17408
0.30821
0.34093
0.25245
0.24719
0.24905
0.26985
0.20013
0.24777
0.25208
0.25330
0.22381
0.28802
0.25507
0.22378
0.19475
0.35374
0.29498
0.16849
0.28930
0.31301
0.27922
0.36147
0.30076
0.22764
0.28822
0.22804
0.29066
0.30306
0.27494
0.27496
0.25082
0.17791
0.30941
0.21851
0.25600
0.20326
0.25254
0.25924
0.28443
0.19863
0.24155
0.29363
0.20898
0.26886
0.18686
0.24093
0.23908
0.20444
0.23347
0.31071
0.31430
0.33185
0.21729
0.20187
0.32293
0.20396
0.21390
0.21974
0.29965
0.31051
0.18506
0.19297
0.28612
0.27016
0.22123
0.15180
0.18869
0.26773
0.20392
0.20800
0.25812
0.26852
0.17958
0.22359
0.27503
0.26102
0.19327
0.26965
0.27708
0.25903
0.37636
0.20265
0.29578
0.21730
0.35907
0.30590
0.23591
0.27463
0.25398
0.27033
0.19747
0.31137
0.26945
0.24559
0.28294
0.25548
0.34450
0.22592
0.28551
0.23832
0.33444
0.22766
0.28224
0.23263
0.24666
0.28915
0.27457
0.21680
0.21360
0.23774
0.31930
0.21928
0.31291
0.23883
0.23884
0.28346
0.28940
0.28080
0.16588
0.21016
0.32109
0.31531
0.23364
0.27027
0.29481
0.26811
0.22637
0.20573
0.30817
0.29385
0.22607
0.25551
0.15525
0.28085
0.31417
0.26542
0.24601
0.21044
0.33309
0.27627
0.18556
0.22796
0.29876
0.27270
0.24804
0.27165
0.25707
0.34047
0.34804
0.15587
0.22100
0.31511
0.22427
0.24257
0.27532
0.32842
0.21409
0.22049
0.18751
0.23602
0.22888
0.35095
0.29910
0.30331
0.24828
0.23918
0.27389
0.30597
0.28362
0.19404
0.33943
0.23750
0.24881
0.33521
0.30416
0.24301
0.23259
0.26282
0.29580
0.30080
0.34278
0.26139
0.27916
0.20803
0.28814
0.29034
0.13419
0.26463
0.16364
0.25489
0.26784
0.24618
0.27086
0.26108
0.23312
0.21381
0.24284
0.25797
0.34080
0.27201
0.23047
0.19187
0.30308
0.26157
0.23236
0.18374
0.31965
0.28992
0.32724
0.25678
0.23022
0.24102
0.25163
0.22661
0.27059
0.15933
0.31914
0.25835
0.33060
0.28376
0.28579
0.34081
0.29395
0.23358
0.25800
0.18938
0.20443
0.25193
0.24533
0.29294
0.30630
0.24348
0.29567
0.37712
0.31041
0.32185
0.28537
0.30781
0.29503
0.36447
0.22430
0.27694
0.31875
0.32116
0.24469
0.31722
0.39065
0.23197
0.25381
0.30913
0.23964
0.30790
0.33500
0.23037
0.23391
0.34059
0.22311
0.25914
0.31140
0.27514
0.26227
0.23577
0.22984
0.25526
0.29102
0.31784
0.29760
0.25205
0.26975
0.27605
0.24517
0.22783
0.26722
0.13783
0.29810
0.27817
0.35146
0.28104
0.29570
0.38481
0.39608
0.27229
0.20056
0.27463
0.39794
0.26294
0.15526
0.28987
0.34602
0.25020
0.24210
0.31305
0.22046
0.26922
0.22623
0.30124
0.38211
0.42197
0.29069
0.26008
0.22791
0.38076
0.30887
0.27559
0.25756
0.32939
0.28755
0.18922
0.31042
0.41559
0.25959
0.38260
0.38868
0.20813
0.26981
0.35340
0.32270
0.30018
0.24284
0.23873
0.21062
0.30304
0.28002
0.25041
0.30143
0.36973
0.26590
0.20681
0.23618
0.18754
0.25172
0.35990
0.19650
0.15553
0.29587
0.15494
0.21638
0.36597
0.17001
0.25826
0.23727
0.25771
0.24763
0.40622
0.19998
0.28455
0.36899
0.22220
0.25266
0.25491
0.27224
0.20643
0.30850
0.18639
0.35108
0.34323
0.21496
0.24750
0.24084
0.35015
0.27266
0.22118
0.35834
0.40458
0.34323
0.27100
0.32068
0.36133
0.19822
0.28061
0.27453
0.38438
0.19938
0.23836
0.26840
0.33604
0.22577
0.23814
0.25905
0.29439
0.36904
0.19710
0.24466
0.30400
0.30511
0.25645
0.22547
0.36708
0.26064
0.28249
0.25778
0.25168
0.33410
0.24772
0.28030
0.24477
0.33209
0.24058
0.23071
0.27307
0.29095
0.21716
0.25279
0.21644
0.21372
0.20157
0.04556
0.09925
0.20440
0.28554
0.24455
0.21946
0.25628
0.33185
0.15386
0.07550
0.16527
0.05453
0.31304
0.26622
0.17986
0.23986
0.03492
0.11550
0.20410
0.26808
0.04048
0.11114
0.23804
0.25924
0.22924
0.21616
0.31026
0.03978
0.30654
0.22639
0.05019
0.03446
0.06504
0.27885
0.11411
0.20529
0.21867
0.26296
0.02786
0.04288
0.05288
0.06671
0.29211
0.07783
0.13709
0.19459
0.26042
0.10514
0.26332
0.22025
0.02863
0.21865
0.04102
0.03232
0.22006
0.19663
0.21609
0.07513
0.07012
0.19453
0.22586
0.32223
0.24860
0.01523
0.06306
0.18996
0.20996
0.14283
0.12821
0.11706
0.21473
0.21853
0.12224
0.24140
0.26085
0.09095
0.14390
0.14531
0.05060
0.05337
0.17573
0.08738
0.19759
0.24933
0.27352
0.20403
0.26385
0.28420
0.19608
0.18819
0.20862
0.18189
0.05881
0.26255
0.05571
0.07590
0.23406
0.22896
0.28087
0.27110
0.04773
0.06525
0.16920
0.21981
0.18457
0.21605
0.12331
0.12922
0.29236
0.12881
0.21948
0.10776
0.04629
0.04548
0.09257
0.08488
0.06783
0.26476
0.29416
0.09779
0.08363
0.04075
0.08598
0.08200
0.23487
