0.20693
0.16386
0.22941
0.25337
0.11951
0.19479
0.26087
0.18634
0.18252
0.19293
0.24840
0.21426
0.23522
0.19863
0.16108
0.24467
0.18799
0.24145
0.17190
0.24719
0.32167
0.20940
0.19159
0.13353
0.26613
0.21911
0.20799
0.25726
0.15650
0.21804
0.18224
0.24791
0.22092
0.21369
0.15458
0.15311
0.21427
0.17047
0.22933
0.24890
0.28665
0.25592
0.17683
0.23010
0.29269
0.22754
0.18216
0.29223
0.25090
0.20665
0.16139
0.20830
0.23677
0.31396
0.18497
0.25967
0.26778
0.17722
0.21484
0.18069
0.24147
0.33098
0.18310
0.27598
0.28331
0.30073
0.19382
0.22822
0.17006
0.13199
0.23186
0.32231
0.31422
0.24562
0.26460
0.20209
0.19185
0.16977
0.19216
0.21707
0.32073
0.26264
0.34079
0.27367
0.24740
0.35113
0.21089
0.15709
0.19538
0.25716
0.34141
0.19168
0.17801
0.27582
0.15593
0.26861
0.23051
0.22772
0.20385
0.18389
0.19304
0.21989
0.26425
0.23037
0.24939
0.28204
0.21557
0.25273
0.20555
0.29621
0.09325
0.26022
0.14899
0.24665
0.22266
0.23119
0.28032
0.22568
0.19087
0.22838
0.22661
0.17136
0.30284
0.09090
0.14127
0.20778
0.31058
0.26249
0.23867
0.26060
0.12763
0.19544
0.28886
0.33711
0.21992
0.19022
0.13713
0.28975
0.26121
0.13082
0.21947
0.13835
0.29899
0.24517
0.25171
0.33484
0.17013
0.36770
0.23914
0.17985
0.25084
0.29334
0.19641
0.31441
0.30497
0.32758
0.20761
0.22478
0.21039
0.26629
0.30256
0.27402
0.29620
0.34507
0.15870
0.22126
0.32048
0.26703
0.15580
0.28405
0.16353
0.25282
0.25240
0.11947
0.15016
0.23970
0.13526
0.18781
0.25471
0.30857
0.19341
0.20119
0.24510
0.22924
0.16389
0.27554
0.23240
0.28780
0.23463
0.25283
0.21230
0.17614
0.14547
0.22293
0.24324
0.26667
0.26336
0.22845
0.19864
0.27527
0.26173
0.20656
0.20607
0.24722
0.18157
0.28110
0.18772
0.27817
0.26533
0.18289
0.27064
0.25590
0.19118
0.26841
0.25152
0.27273
0.23312
0.30229
0.25219
0.33029
0.20253
0.22440
0.22710
0.14741
0.17570
0.16790
0.22437
0.26570
0.20258
0.15798
0.24703
0.16084
0.26635
0.22269
0.13510
0.28090
0.21339
0.11884
0.21701
0.25531
0.17552
0.30521
0.20400
0.23196
0.24477
0.21088
0.18973
0.10918
0.24316
0.21871
0.22661
0.17258
0.19814
0.27949
0.22543
0.23675
0.21066
0.14490
0.18502
0.20761
0.22947
0.21552
0.27618
0.23764
0.20919
0.27882
0.30162
0.21909
0.21590
0.17319
0.18284
0.20196
0.16040
0.15676
0.36706
0.16373
0.17414
0.23592
0.21982
0.16395
0.23289
0.32603
0.20852
0.17599
0.29084
0.24547
0.22017
0.25030
0.27537
0.24700
0.18707
0.17764
0.23952
0.24517
0.20532
0.23229
0.17927
0.23185
0.21758
0.24037
0.32931
0.28917
0.26953
0.17216
0.22565
0.30528
0.32594
0.34017
0.16357
0.26796
0.20953
0.30657
0.21842
0.18023
0.19990
0.20728
0.19962
0.27098
0.26082
0.18566
0.18129
0.12221
0.29376
0.28209
0.29188
0.23125
0.25108
0.27251
0.17344
0.14390
0.26234
0.29924
0.35591
0.27622
0.33503
0.24744
0.25581
0.30532
0.27896
0.25653
0.18744
0.14852
0.23087
0.23339
0.12464
0.19423
0.24215
0.20951
0.28163
0.13894
0.23149
0.26667
0.28959
0.28416
0.24950
0.22419
0.29321
0.21787
0.21169
0.31151
0.16822
0.24915
0.17600
0.19412
0.23531
0.20017
0.26073
0.33667
0.20831
0.17597
0.25448
0.26307
0.22063
0.16192
0.18223
0.18342
0.15939
0.25896
0.24132
0.15758
0.30546
0.23424
0.20548
0.14229
0.19113
0.26576
0.26669
0.28415
0.31429
0.19634
0.23038
0.33856
0.31183
0.35275
0.24846
0.28870
0.32932
0.27168
0.24911
0.24835
0.21137
0.30259
0.20679
0.32459
0.30586
0.25816
0.28933
0.26256
0.27548
0.37868
0.28832
0.26140
0.30168
0.31092
0.24269
0.27007
0.28609
0.29918
0.24948
0.25726
0.31426
0.27963
0.30295
0.22703
0.32171
0.31326
0.28658
0.33748
0.21577
0.32185
0.32985
0.32017
0.33669
0.30946
0.32122
0.26823
0.30963
0.31794
0.23824
0.30535
0.29867
0.28504
0.29088
0.31907
0.22094
0.31042
0.29294
0.26026
0.28026
0.25165
0.30387
0.19429
0.22737
0.34672
0.14748
0.28843
0.26475
0.25132
0.16093
0.38277
0.30453
0.30059
0.19433
0.32391
0.28380
0.28738
0.34764
0.28082
0.30507
0.30832
0.26572
0.30089
0.18654
0.33291
0.28167
0.20412
0.17598
0.34646
0.20453
0.25750
0.27956
0.28133
0.31842
0.28964
0.22174
0.29979
0.31174
0.17422
0.21144
0.32798
0.19826
0.20262
0.16912
0.26307
0.30883
0.30342
0.26441
0.25355
0.33352
0.22553
0.30729
0.29991
0.31897
0.21967
0.26600
0.31508
0.24248
0.17214
0.37542
0.25573
0.25581
0.31453
0.28958
0.25460
0.37054
0.28107
0.23344
0.29914
0.21480
0.29134
0.31355
0.28774
0.26841
0.22676
0.19077
0.35417
0.24493
0.30873
0.24683
0.29816
0.31079
0.24647
0.21765
0.17068
0.28368
0.20541
0.33692
0.21434
0.23494
0.25297
0.22184
0.25210
0.32458
0.29174
0.29714
0.25742
0.25679
0.28338
0.21080
0.25340
0.25914
0.25422
0.29821
0.15481
0.20320
0.28533
0.28380
0.24477
0.18184
0.24772
0.27695
0.26314
0.23808
0.28968
0.32548
0.18603
0.27522
0.24645
0.25936
0.20921
0.27140
0.25473
0.26377
0.38689
0.21260
0.29238
0.26179
0.34421
0.25865
0.28831
0.29477
0.29299
0.26859
0.19844
0.30578
0.28755
0.29595
0.26619
0.25859
0.30852
0.25026
0.23892
0.24652
0.33524
0.24427
0.34302
0.22558
0.27946
0.28027
0.27021
0.20133
0.23110
0.25723
0.32414
0.24188
0.32681
0.26744
0.30524
0.26758
0.25585
0.24063
0.16616
0.26454
0.30164
0.27913
0.28482
0.32001
0.34377
0.26712
0.25237
0.25356
0.27397
0.31725
0.28783
0.24356
0.17602
0.32300
0.28470
0.27932
0.28953
0.22438
0.29235
0.30319
0.22347
0.22978
0.27197
0.29716
0.32491
0.25353
0.25601
0.33582
0.32741
0.17362
0.26483
0.28273
0.26091
0.30380
0.32636
0.30125
0.22447
0.20723
0.15387
0.30162
0.29049
0.33496
0.28784
0.30772
0.30119
0.24603
0.27530
0.25135
0.24784
0.19904
0.29875
0.23888
0.23733
0.31488
0.31438
0.29562
0.24758
0.29689
0.26902
0.35199
0.31487
0.25078
0.23010
0.19718
0.33010
0.27791
0.13879
0.31977
0.20847
0.28973
0.30908
0.23211
0.31724
0.23863
0.26881
0.22574
0.26315
0.23315
0.31779
0.32159
0.30365
0.21063
0.23428
0.25912
0.26524
0.25752
0.28199
0.24533
0.34375
0.24787
0.26242
0.29137
0.29477
0.27797
0.26243
0.20489
0.29477
0.31007
0.30167
0.25022
0.26263
0.33153
0.26068
0.25434
0.32059
0.20414
0.22586
0.31611
0.27999
0.31683
0.27747
0.29380
0.34903
0.35616
0.29426
0.30496
0.27364
0.27298
0.26915
0.34571
0.27767
0.27852
0.31718
0.28205
0.31827
0.31122
0.38112
0.22708
0.30263
0.30076
0.26985
0.29250
0.33237
0.24813
0.25917
0.33052
0.22774
0.28697
0.26869
0.33060
0.26203
0.29027
0.27738
0.25655
0.27121
0.35030
0.27444
0.22765
0.32120
0.28329
0.32020
0.29025
0.27519
0.14940
0.30037
0.31603
0.34920
0.30846
0.31541
0.38665
0.39783
0.26717
0.21685
0.31197
0.37342
0.23977
0.23031
0.31648
0.34861
0.27019
0.24104
0.33542
0.25250
0.26257
0.25294
0.32002
0.35906
0.38654
0.29971
0.32215
0.26994
0.36542
0.30559
0.28990
0.30474
0.35163
0.26353
0.22026
0.29347
0.44425
0.26700
0.41561
0.39361
0.23715
0.28083
0.38183
0.30764
0.27568
0.26101
0.27853
0.22201
0.29115
0.31778
0.29537
0.26622
0.37296
0.29197
0.27803
0.27604
0.21383
0.26461
0.38823
0.21613
0.15465
0.36194
0.13274
0.18799
0.40147
0.17326
0.27253
0.23652
0.27977
0.23812
0.45496
0.20769
0.30964
0.39142
0.23568
0.22927
0.24625
0.25218
0.21928
0.33728
0.19555
0.36931
0.32706
0.27396
0.24374
0.25033
0.35113
0.26147
0.22647
0.33428
0.42452
0.32270
0.27290
0.34566
0.36965
0.22698
0.27352
0.29880
0.38352
0.22131
0.24654
0.22498
0.35265
0.26627
0.25421
0.25163
0.31299
0.35325
0.21652
0.31622
0.31239
0.29742
0.29845
0.24263
0.37504
0.28284
0.27984
0.27480
0.30353
0.33556
0.24688
0.27239
0.22684
0.35598
0.25138
0.26869
0.30511
0.29772
0.23749
0.25613
0.19497
0.36764
0.21651
0.18612
0.23781
0.21305
0.24404
0.29441
0.18430
0.25489
0.34239
0.27514
0.21697
0.22150
0.18463
0.28940
0.23312
0.19598
0.30519
0.15661
0.21852
0.12775
0.24577
0.18197
0.17590
0.23773
0.30929
0.17739
0.20708
0.25276
0.15910
0.32258
0.21538
0.19241
0.11106
0.20062
0.29235
0.14636
0.18736
0.18708
0.30268
0.17717
0.18318
0.17740
0.18858
0.27319
0.18484
0.20732
0.21822
0.31079
0.21362
0.32380
0.23172
0.11277
0.29760
0.18806
0.18918
0.27595
0.18643
0.28281
0.16981
0.18013
0.18282
0.18825
0.23698
0.23774
0.13166
0.18628
0.19741
0.23345
0.18249
0.23138
0.22109
0.28788
0.20078
0.25870
0.21510
0.28189
0.20051
0.21302
0.27301
0.16779
0.14735
0.22723
0.19050
0.17783
0.27725
0.23920
0.20038
0.29429
0.22652
0.28962
0.21493
0.18132
0.17942
0.13275
0.21437
0.21900
0.18083
0.18318
0.23071
0.28436
0.24839
0.17657
0.20185
0.19989
0.18171
0.26086
0.30954
0.23992
0.28843
0.31396
0.16806
0.25369
0.18312
0.13683
0.17297
0.21444
0.19121
0.19587
0.23581
0.27317
0.15397
0.22778
0.15337
0.19870
0.16924
0.24942
