0.10920
0.10997
0.05217
0.24384
0.07858
0.13370
0.22966
0.15251
0.18377
0.05292
0.19747
0.13197
0.16484
0.11618
0.14717
0.24797
0.15527
0.09102
0.11003
0.15787
0.28564
0.16895
0.14333
0.04942
0.25135
0.14530
0.15722
0.25385
0.08682
0.16145
0.20311
0.21856
0.15250
0.09599
0.13170
0.09491
0.15924
0.06483
0.11347
0.15165
0.28970
0.27083
0.10065
0.14322
0.28682
0.22659
0.15527
0.24117
0.15510
0.12062
0.09665
0.10791
0.14051
0.32846
0.09243
0.25591
0.21665
0.11900
0.16958
0.06754
0.28760
0.27560
0.12156
0.20639
0.28181
0.32150
0.04789
0.17876
0.06329
0.03812
0.12943
0.33189
0.31230
0.21127
0.24747
0.14331
0.09647
0.04097
0.22738
0.18135
0.29174
0.15302
0.33248
0.27563
0.27052
0.36324
0.09329
0.10827
0.13286
0.27996
0.32360
0.19824
0.06960
0.25922
0.05105
0.12715
0.21618
0.22463
0.18426
0.16629
0.10933
0.16168
0.13358
0.14686
0.18678
0.30912
0.13153
0.18207
0.22738
0.28943
0.01723
0.28368
0.07370
0.21196
0.14009
0.17204
0.27231
0.08931
0.05875
0.16178
0.24433
0.07139
0.25685
0.06212
0.09469
0.14818
0.33740
0.28341
0.19246
0.25638
0.08188
0.15254
0.33583
0.30679
0.13332
0.12783
0.07452
0.28530
0.26407
0.06613
0.14923
0.05468
0.29580
0.15793
0.13917
0.27887
0.06243
0.32393
0.19737
0.09199
0.16215
0.23036
0.12367
0.29012
0.30770
0.34135
0.09527
0.13968
0.17582
0.17711
0.23034
0.25079
0.26501
0.32275
0.10003
0.10746
0.30138
0.30089
0.08874
0.24998
0.04250
0.21795
0.23996
0.04107
0.07407
0.19501
0.05814
0.08482
0.16525
0.24520
0.09584
0.10804
0.16981
0.17591
0.08314
0.13519
0.21272
0.22866
0.25869
0.16841
0.11702
0.06824
0.05883
0.12258
0.10591
0.26951
0.15027
0.16513
0.12697
0.26642
0.21717
0.10222
0.15989
0.16010
0.06394
0.22942
0.12291
0.18338
0.25789
0.13286
0.25408
0.22202
0.07656
0.23954
0.25682
0.25884
0.13502
0.20816
0.22417
0.34340
0.10428
0.17231
0.11100
0.07687
0.07725
0.08423
0.15788
0.16666
0.12993
0.06990
0.23378
0.10312
0.27665
0.14045
0.06788
0.27899
0.13706
0.03106
0.11223
0.25442
0.08873
0.31672
0.10577
0.11759
0.16221
0.22946
0.10672
0.07791
0.10062
0.13392
0.12968
0.09692
0.13267
0.27370
0.14647
0.15413
0.18120
0.07064
0.05875
0.13597
0.18634
0.16379
0.23493
0.13816
0.18519
0.18693
0.27680
0.09763
0.14581
0.10398
0.10530
0.12462
0.05777
0.03308
0.36239
0.14353
0.06617
0.22546
0.14474
0.05904
0.10862
0.33224
0.14978
0.07556
0.29811
0.11193
0.21322
0.17117
0.14713
0.16484
0.09857
0.08843
0.17370
0.24298
0.18730
0.09893
0.14358
0.16484
0.16985
0.13813
0.34144
0.30099
0.24056
0.17037
0.11844
0.29732
0.28502
0.31198
0.04450
0.26205
0.13289
0.28691
0.13523
0.09939
0.12004
0.12634
0.10609
0.18951
0.24869
0.10198
0.09032
0.09877
0.28445
0.18040
0.21299
0.13366
0.22750
0.26527
0.17740
0.07574
0.24903
0.25020
0.38225
0.27966
0.31700
0.23180
0.22769
0.27917
0.27506
0.29669
0.05540
0.07293
0.12113
0.25242
0.06388
0.08153
0.19159
0.15395
0.21863
0.09054
0.15046
0.12840
0.28617
0.26439
0.26089
0.21926
0.28429
0.12575
0.15110
0.32366
0.07783
0.19496
0.06557
0.07483
0.19319
0.06414
0.24497
0.34191
0.07372
0.08926
0.11789
0.22580
0.11106
0.05784
0.09132
0.09635
0.04286
0.09418
0.17130
0.09074
0.27545
0.12182
0.18809
0.10771
0.20704
0.29202
0.18534
0.27289
0.34665
0.15572
0.27141
0.30331
0.28913
0.31056
0.28078
0.26661
0.33505
0.24817
0.25006
0.24066
0.24000
0.28737
0.20209
0.35194
0.31240
0.26422
0.23088
0.25752
0.25492
0.34729
0.29659
0.22642
0.30165
0.32164
0.20774
0.25595
0.30647
0.26862
0.25621
0.25961
0.26889
0.30901
0.24221
0.24886
0.33352
0.22880
0.22689
0.28613
0.16224
0.30710
0.33890
0.29090
0.29943
0.30909
0.24448
0.24048
0.28752
0.32302
0.21370
0.29084
0.31784
0.24468
0.24928
0.30248
0.17233
0.29855
0.26777
0.27624
0.30508
0.28967
0.26804
0.18613
0.27669
0.35931
0.12965
0.27704
0.18353
0.17413
0.20279
0.36353
0.31962
0.32330
0.16354
0.35070
0.27027
0.28413
0.35199
0.30087
0.27109
0.29919
0.24287
0.28898
0.19857
0.33986
0.27902
0.23808
0.20200
0.33361
0.20755
0.26959
0.29108
0.25763
0.34242
0.31355
0.22744
0.30843
0.29899
0.18441
0.17440
0.26522
0.19516
0.19137
0.16545
0.30529
0.33534
0.24381
0.24422
0.24483
0.29946
0.22277
0.29518
0.23928
0.26682
0.20343
0.28363
0.28352
0.22981
0.18426
0.34590
0.28738
0.17638
0.28598
0.31424
0.26037
0.36582
0.30156
0.24147
0.25717
0.20829
0.29010
0.29699
0.28736
0.27011
0.25506
0.16895
0.29851
0.23637
0.27434
0.21984
0.25969
0.33194
0.27873
0.20921
0.24150
0.28779
0.22156
0.26437
0.19365
0.22044
0.20238
0.22833
0.22494
0.30939
0.31002
0.32221
0.22990
0.22195
0.31608
0.22216
0.19914
0.18731
0.28143
0.30960
0.17820
0.18240
0.28248
0.26963
0.20043
0.16345
0.21207
0.25584
0.19061
0.26474
0.24031
0.31657
0.18403
0.23389
0.26276
0.24788
0.19857
0.27802
0.28252
0.25650
0.36956
0.20304
0.31605
0.22052
0.35228
0.30892
0.22142
0.27709
0.29691
0.26799
0.20919
0.30478
0.28156
0.21914
0.27018
0.25478
0.34023
0.26710
0.28485
0.20866
0.33029
0.22372
0.25175
0.22632
0.23148
0.28007
0.26425
0.20652
0.20714
0.24431
0.30091
0.19491
0.31224
0.25438
0.26395
0.28536
0.27143
0.29072
0.14855
0.21733
0.31590
0.31380
0.25951
0.25545
0.25512
0.28314
0.23885
0.23514
0.29229
0.28683
0.23506
0.26290
0.20264
0.30376
0.29739
0.27487
0.25836
0.24632
0.32976
0.25793
0.17760
0.19432
0.28020
0.27988
0.27400
0.26142
0.24960
0.34749
0.34089
0.15391
0.22144
0.30977
0.26872
0.27258
0.30027
0.32568
0.23255
0.20038
0.20935
0.23539
0.27449
0.35287
0.29404
0.29911
0.27954
0.24142
0.26383
0.28659
0.27655
0.17554
0.31705
0.23531
0.23503
0.32523
0.30081
0.23474
0.26297
0.24150
0.29107
0.33128
0.33251
0.24166
0.27346
0.21199
0.31894
0.31645
0.14301
0.23791
0.21525
0.22547
0.29133
0.24213
0.24477
0.24003
0.25886
0.24264
0.21159
0.25270
0.33402
0.28001
0.24768
0.20452
0.28596
0.25305
0.26043
0.17120
0.32889
0.29424
0.32074
0.25484
0.24810
0.25450
0.26954
0.21113
0.27112
0.17888
0.30933
0.25820
0.33096
0.26582
0.30627
0.34168
0.27196
0.25824
0.28294
0.18339
0.22043
0.26556
0.20014
0.28723
0.29618
0.26134
0.31398
0.37339
0.29592
0.32041
0.28279
0.29926
0.28995
0.34475
0.25479
0.27751
0.31166
0.31876
0.27563
0.31014
0.37760
0.21997
0.22569
0.33225
0.21080
0.31305
0.33224
0.25991
0.24598
0.32931
0.23015
0.25332
0.30058
0.26993
0.23829
0.25418
0.25645
0.26221
0.28877
0.31166
0.28488
0.20998
0.30441
0.26262
0.31600
0.27423
0.27938
0.14427
0.30771
0.32837
0.33730
0.33558
0.30411
0.39851
0.39253
0.28255
0.19141
0.32194
0.36580
0.30586
0.23229
0.32391
0.32840
0.24113
0.25174
0.33963
0.21952
0.25967
0.27582
0.35840
0.36212
0.41732
0.31818
0.30589
0.26965
0.38648
0.28729
0.30008
0.31453
0.36420
0.29044
0.19279
0.30906
0.46550
0.23560
0.42029
0.41368
0.20887
0.29508
0.38195
0.31796
0.29283
0.23617
0.29647
0.22612
0.28248
0.29965
0.30427
0.29738
0.38926
0.27180
0.27925
0.24310
0.23240
0.25138
0.40855
0.23141
0.13781
0.32874
0.10488
0.16677
0.41852
0.16301
0.26995
0.20417
0.30335
0.24162
0.44839
0.19473
0.33773
0.41240
0.23573
0.24083
0.27132
0.28247
0.21388
0.36767
0.18932
0.35751
0.35323
0.26814
0.25644
0.24741
0.33754
0.28844
0.21549
0.33599
0.41229
0.32167
0.30283
0.38461
0.37957
0.24299
0.26780
0.28185
0.38442
0.22393
0.25327
0.21354
0.34196
0.28569
0.25598
0.27595
0.34775
0.37753
0.27681
0.29278
0.35075
0.29908
0.28786
0.27969
0.37220
0.31392
0.30278
0.29696
0.31768
0.32249
0.27865
0.30531
0.24560
0.32775
0.27038
0.24914
0.31407
0.28040
0.25680
0.29416
0.24248
0.30914
0.22172
0.02845
0.08590
0.23245
0.19965
0.26531
0.17931
0.27013
0.35931
0.19637
0.07016
0.16058
0.02662
0.29456
0.26191
0.20104
0.29741
0.10554
0.11646
0.19907
0.15015
0.06751
0.11249
0.25018
0.27437
0.14445
0.20850
0.28443
0.02377
0.31425
0.25097
0.05066
0.08150
0.06775
0.29752
0.14466
0.26378
0.18866
0.30866
0.09676
0.05851
0.05184
0.05812
0.27467
0.11157
0.13696
0.17613
0.25759
0.16678
0.28096
0.21672
0.05495
0.29040
0.07938
0.06351
0.22760
0.18712
0.23013
0.03705
0.10336
0.21561
0.21509
0.31899
0.26078
0.03536
0.04112
0.17919
0.20188
0.19201
0.20590
0.07556
0.19233
0.15606
0.11851
0.24833
0.27128
0.09679
0.10903
0.15227
0.06672
0.02326
0.22975
0.09619
0.20359
0.26597
0.28383
0.19249
0.33554
0.23581
0.26850
0.16034
0.22859
0.16609
0.04075
0.27557
0.10789
0.04909
0.23274
0.22305
0.25788
0.26393
0.08457
0.08929
0.14268
0.19239
0.21581
0.30792
0.11393
0.23316
0.33173
0.15515
0.22848
0.12188
0.07483
0.05857
0.12861
0.04789
0.07275
0.27335
0.30069
0.06818
0.11089
0.07387
0.09723
0.15097
0.24189
