0.08896
0.09787
0.05375
0.24688
0.08720
0.14312
0.20665
0.13622
0.16568
0.04761
0.19750
0.11836
0.11079
0.10862
0.13818
0.23959
0.12312
0.09767
0.05229
0.12886
0.27780
0.10855
0.14178
0.04491
0.23231
0.13785
0.13096
0.25280
0.09939
0.16043
0.14326
0.26844
0.12848
0.10635
0.07788
0.09257
0.14603
0.08757
0.11763
0.16263
0.29068
0.25289
0.08319
0.11067
0.28722
0.24506
0.17789
0.20292
0.17260
0.15644
0.09256
0.16788
0.10762
0.24224
0.09832
0.22884
0.25970
0.13343
0.11530
0.10316
0.28570
0.26772
0.08926
0.25154
0.28550
0.31555
0.03998
0.17328
0.08296
0.06404
0.13730
0.29263
0.27622
0.18170
0.27883
0.09106
0.07960
0.03886
0.20847
0.15468
0.30782
0.19346
0.34558
0.27684
0.27929
0.33630
0.09230
0.14181
0.16641
0.26351
0.29872
0.18555
0.04272
0.23723
0.06886
0.14683
0.25305
0.18157
0.20763
0.15268
0.09148
0.21759
0.10257
0.11443
0.20796
0.30063
0.13585
0.17278
0.10641
0.28510
0.01187
0.26125
0.08860
0.24951
0.09607
0.19902
0.27820
0.06675
0.06823
0.20139
0.23799
0.11536
0.27583
0.00850
0.08061
0.12803
0.30721
0.25981
0.12083
0.23639
0.10804
0.13603
0.31070
0.34664
0.09288
0.12777
0.06674
0.29189
0.25456
0.06188
0.18118
0.04813
0.28210
0.23497
0.11013
0.26046
0.10558
0.33183
0.17332
0.09658
0.17767
0.23721
0.11099
0.30869
0.29708
0.33468
0.12005
0.19414
0.17398
0.13904
0.28265
0.27043
0.29122
0.32102
0.09066
0.11733
0.30289
0.29447
0.08940
0.26448
0.03246
0.25057
0.21288
0.01731
0.09884
0.19146
0.06653
0.08663
0.16842
0.24890
0.09776
0.11084
0.20383
0.16060
0.08794
0.22098
0.20423
0.23010
0.24589
0.17536
0.09485
0.06916
0.05020
0.16447
0.12960
0.23601
0.19202
0.16160
0.08913
0.29143
0.21480
0.11998
0.17771
0.14217
0.05403
0.21277
0.10631
0.17341
0.24494
0.08263
0.26370
0.23548
0.10462
0.25458
0.27638
0.21552
0.12714
0.20522
0.23132
0.34128
0.10975
0.19393
0.10949
0.05902
0.06543
0.07959
0.14054
0.12966
0.15508
0.11748
0.24833
0.09846
0.21134
0.11144
0.07499
0.28439
0.11173
0.05648
0.09956
0.27206
0.09176
0.28897
0.10894
0.11929
0.15427
0.23423
0.11338
0.08190
0.10790
0.11765
0.10278
0.10890
0.11490
0.25757
0.16583
0.17132
0.17779
0.07132
0.03580
0.13489
0.25109
0.16413
0.20586
0.13796
0.17543
0.28298
0.28596
0.09690
0.16435
0.07746
0.09554
0.11784
0.08161
0.02867
0.37165
0.16389
0.06054
0.20095
0.19325
0.07273
0.11648
0.31875
0.15340
0.04631
0.30522
0.11833
0.19016
0.16269
0.19561
0.12548
0.12147
0.10030
0.18321
0.22106
0.18388
0.09551
0.18478
0.14558
0.17889
0.10604
0.34115
0.24408
0.26149
0.13148
0.12598
0.29336
0.30068
0.31671
0.04566
0.26096
0.12277
0.28635
0.15064
0.09427
0.12189
0.10340
0.09119
0.15909
0.24906
0.08292
0.12341
0.06424
0.28100
0.16154
0.24627
0.18390
0.23023
0.24633
0.10281
0.04653
0.23668
0.28338
0.35488
0.25589
0.34204
0.24876
0.25022
0.27797
0.27126
0.26994
0.07089
0.08899
0.17438
0.22833
0.03316
0.05848
0.17809
0.14496
0.19134
0.10480
0.15483
0.08850
0.28204
0.28099
0.21219
0.23557
0.29017
0.11722
0.11532
0.30328
0.07653
0.23430
0.07725
0.06924
0.20009
0.03875
0.25405
0.31962
0.06096
0.06936
0.15284
0.26969
0.10434
0.04823
0.08268
0.07250
0.04627
0.07096
0.18938
0.07675
0.29538
0.16417
0.19603
0.12056
0.18382
0.30536
0.19520
0.25264
0.36858
0.16546
0.29773
0.31776
0.27398
0.30975
0.28604
0.22966
0.36714
0.21853
0.26553
0.23948
0.23930
0.29059
0.20400
0.37800
0.32778
0.25257
0.21928
0.24880
0.22748
0.34688
0.25684
0.24817
0.32741
0.34437
0.17837
0.25050
0.34694
0.27215
0.26510
0.26259
0.28233
0.32451
0.24378
0.22577
0.35153
0.24339
0.23143
0.32460
0.19082
0.30042
0.36266
0.29069
0.27185
0.28588
0.28542
0.24367
0.28881
0.34724
0.17595
0.28977
0.33407
0.23782
0.28525
0.30791
0.19580
0.27297
0.25374
0.28564
0.31305
0.30391
0.23968
0.17189
0.28805
0.36063
0.12491
0.28919
0.19155
0.20195
0.21664
0.36009
0.31218
0.34517
0.16839
0.36432
0.27478
0.27972
0.39090
0.32307
0.29097
0.29502
0.24668
0.28266
0.21523
0.36179
0.29966
0.22471
0.18313
0.31616
0.21850
0.27041
0.29863
0.27505
0.36173
0.34224
0.22310
0.34437
0.34194
0.17103
0.17033
0.26806
0.19461
0.19246
0.13438
0.28609
0.35850
0.25101
0.23914
0.25163
0.29432
0.21713
0.29834
0.26393
0.28712
0.21445
0.28342
0.27023
0.21432
0.18514
0.33554
0.31834
0.17375
0.28219
0.32552
0.25057
0.34375
0.32837
0.22480
0.27847
0.21544
0.30250
0.30626
0.24680
0.26998
0.25330
0.16487
0.30929
0.22086
0.29404
0.23281
0.26086
0.31424
0.29432
0.21098
0.25356
0.30057
0.21466
0.26444
0.21202
0.23869
0.24073
0.24260
0.21904
0.31258
0.31742
0.33043
0.22285
0.20477
0.33905
0.23525
0.18432
0.20542
0.30707
0.29721
0.17558
0.18722
0.28785
0.25753
0.18516
0.16074
0.25279
0.26468
0.21025
0.25359
0.25851
0.31604
0.17699
0.23487
0.28058
0.25100
0.18816
0.29685
0.26601
0.26705
0.37352
0.19583
0.29874
0.22956
0.37734
0.32437
0.23753
0.28251
0.26936
0.27940
0.20182
0.31161
0.27492
0.26078
0.29239
0.27512
0.35718
0.22373
0.30399
0.22936
0.36292
0.20598
0.29177
0.22780
0.24344
0.28302
0.25359
0.22816
0.25312
0.25437
0.31489
0.22167
0.32098
0.22764
0.26369
0.30495
0.29416
0.29844
0.15795
0.19681
0.34379
0.34634
0.25474
0.27221
0.29128
0.27917
0.22645
0.18935
0.30211
0.27958
0.26158
0.26134
0.19876
0.29431
0.32502
0.26375
0.28605
0.23580
0.34992
0.24744
0.20212
0.20359
0.30206
0.30151
0.28196
0.27030
0.24375
0.36297
0.36760
0.14959
0.22579
0.33473
0.25627
0.27434
0.31327
0.34759
0.23794
0.19173
0.19288
0.26829
0.27255
0.36391
0.29202
0.30496
0.28396
0.24819
0.26153
0.31374
0.29434
0.17275
0.33560
0.21231
0.25930
0.35527
0.30672
0.26952
0.22077
0.22261
0.30296
0.32261
0.35543
0.26759
0.29319
0.20303
0.28691
0.30923
0.13456
0.24890
0.18167
0.23597
0.27363
0.24585
0.25256
0.24709
0.24117
0.20793
0.20786
0.23751
0.35476
0.25341
0.27668
0.20902
0.30295
0.25347
0.23312
0.19795
0.33988
0.29868
0.33772
0.25397
0.22875
0.26143
0.26696
0.20207
0.27883
0.17444
0.32111
0.26735
0.34626
0.28772
0.28611
0.34851
0.27258
0.22900
0.28188
0.19335
0.20254
0.30669
0.20423
0.28085
0.32412
0.28363
0.30890
0.38475
0.31278
0.33201
0.28275
0.31821
0.28982
0.37240
0.24397
0.28315
0.33800
0.33873
0.28290
0.35652
0.40412
0.22192
0.25710
0.31852
0.25469
0.31092
0.30904
0.22814
0.24007
0.35812
0.23490
0.28639
0.33034
0.25863
0.24125
0.24772
0.25913
0.29753
0.29566
0.29805
0.29187
0.21114
0.26736
0.27769
0.30131
0.27094
0.27553
0.13979
0.34337
0.30776
0.37239
0.31990
0.31464
0.39248
0.36963
0.26939
0.19637
0.29956
0.40448
0.25063
0.14789
0.31342
0.36469
0.25016
0.19463
0.30941
0.25341
0.27477
0.23995
0.31327
0.34339
0.38843
0.27283
0.31122
0.27209
0.37064
0.28428
0.27396
0.27604
0.33380
0.27555
0.20485
0.31218
0.42954
0.24856
0.38873
0.40719
0.19469
0.29994
0.36411
0.32379
0.29983
0.26944
0.28083
0.22160
0.28718
0.28140
0.31492
0.31957
0.37195
0.27068
0.27929
0.27759
0.20972
0.26105
0.37617
0.20098
0.13830
0.35309
0.12606
0.20269
0.38140
0.15808
0.25256
0.22592
0.26455
0.23996
0.45993
0.19122
0.31071
0.37311
0.23049
0.21666
0.25466
0.22901
0.20728
0.34987
0.18353
0.37042
0.34997
0.25458
0.24306
0.23674
0.33739
0.26627
0.19167
0.35819
0.42250
0.29744
0.27781
0.36622
0.36840
0.23071
0.27566
0.29975
0.39148
0.19917
0.21310
0.24309
0.35940
0.26671
0.24866
0.25394
0.27944
0.34915
0.19013
0.29359
0.31204
0.29390
0.28411
0.23911
0.36872
0.28392
0.24932
0.26699
0.31116
0.34427
0.27609
0.29282
0.23078
0.34491
0.24736
0.26427
0.29088
0.28676
0.22024
0.27579
0.18724
0.33518
0.20881
0.08044
0.11814
0.16895
0.27626
0.29435
0.21302
0.25602
0.37252
0.18138
0.04901
0.15917
0.03368
0.29952
0.21739
0.20520
0.26352
0.05588
0.07321
0.19304
0.18976
0.05244
0.12456
0.22246
0.27780
0.23641
0.21861
0.28424
0.02082
0.32115
0.26019
0.08173
0.05310
0.10427
0.30812
0.17242
0.23051
0.20043
0.29611
0.02307
0.07203
0.06081
0.04204
0.30175
0.13200
0.11556
0.16440
0.29393
0.12642
0.29150
0.22487
0.01962
0.28999
0.05376
0.06400
0.19462
0.18500
0.24923
0.04672
0.04545
0.22190
0.20991
0.28937
0.22495
0.01757
0.05131
0.19528
0.21481
0.18140
0.17019
0.11509
0.22162
0.13875
0.11327
0.28013
0.29360
0.09434
0.11878
0.16090
0.02963
0.03111
0.20272
0.12385
0.20073
0.22906
0.26418
0.20975
0.33827
0.23965
0.29871
0.17007
0.22441
0.23782
0.03616
0.25629
0.07891
0.03472
0.19161
0.24567
0.28716
0.21175
0.10052
0.05459
0.11827
0.18972
0.27284
0.29723
0.10209
0.16817
0.31915
0.20163
0.23895
0.15452
0.01390
0.02254
0.16562
0.06756
0.07758
0.26290
0.27157
0.08008
0.10844
0.04661
0.05319
0.09811
0.29225
