0.15448
0.09720
0.04118
0.23559
0.09843
0.13504
0.22389
0.17683
0.17711
0.09267
0.20637
0.14643
0.17394
0.12007
0.18058
0.23686
0.14858
0.11207
0.09443
0.17457
0.31042
0.15108
0.16231
0.07313
0.20315
0.16857
0.16673
0.26931
0.12103
0.19991
0.18077
0.25922
0.14897
0.10888
0.14703
0.10332
0.13278
0.13160
0.16228
0.20618
0.28856
0.27275
0.14668
0.13747
0.28356
0.22648
0.17232
0.26874
0.20522
0.15480
0.09139
0.15337
0.15263
0.29485
0.09645
0.25419
0.23977
0.17200
0.13344
0.09556
0.25905
0.30506
0.14041
0.20510
0.29581
0.26564
0.07104
0.18606
0.10538
0.07057
0.13150
0.29991
0.33980
0.24198
0.24658
0.16243
0.13491
0.03943
0.21541
0.14574
0.29745
0.22449
0.30266
0.27737
0.30348
0.36211
0.11778
0.12352
0.18063
0.23595
0.33615
0.17387
0.13461
0.25004
0.09030
0.16408
0.24362
0.22428
0.21293
0.16054
0.09375
0.20857
0.15183
0.11186
0.23502
0.26589
0.18819
0.17840
0.21138
0.27355
0.04840
0.25136
0.08044
0.24063
0.13014
0.17308
0.27727
0.08131
0.07068
0.18384
0.23918
0.08690
0.25553
0.03029
0.12456
0.17071
0.24588
0.26639
0.22761
0.26115
0.12177
0.16195
0.29491
0.34401
0.10687
0.17578
0.10133
0.30476
0.24486
0.11018
0.22577
0.08317
0.28258
0.23477
0.18155
0.19763
0.07794
0.32562
0.19521
0.08869
0.21261
0.21415
0.12952
0.31077
0.31633
0.34394
0.16731
0.16594
0.11986
0.24315
0.27588
0.27429
0.27380
0.32701
0.08653
0.14722
0.29233
0.29031
0.10377
0.26503
0.04871
0.23064
0.26022
0.09146
0.11476
0.21416
0.14887
0.06929
0.22598
0.27647
0.08832
0.12028
0.26638
0.17153
0.14792
0.18019
0.23211
0.25934
0.25490
0.20023
0.14780
0.08478
0.08162
0.14790
0.17552
0.23327
0.21962
0.14902
0.10871
0.25947
0.23559
0.05631
0.22460
0.12620
0.09086
0.23652
0.17025
0.22434
0.26199
0.15652
0.24209
0.22738
0.13227
0.24862
0.25144
0.28531
0.12425
0.27512
0.22316
0.31996
0.14082
0.22281
0.09103
0.10462
0.07326
0.03701
0.22548
0.24919
0.17479
0.09678
0.25484
0.14288
0.24837
0.17416
0.07463
0.29426
0.11822
0.06915
0.11506
0.24941
0.10195
0.29349
0.14046
0.12831
0.19678
0.20399
0.10390
0.07416
0.11476
0.10624
0.10984
0.11064
0.12343
0.25994
0.13956
0.15353
0.21350
0.11895
0.07717
0.13038
0.18643
0.19867
0.22068
0.18544
0.15804
0.26548
0.27722
0.08870
0.18934
0.08870
0.07975
0.11562
0.08386
0.06517
0.33324
0.21192
0.10976
0.23742
0.15837
0.06752
0.11797
0.34241
0.13241
0.09887
0.31137
0.12081
0.21288
0.19568
0.22312
0.17839
0.08969
0.09682
0.17131
0.24302
0.21118
0.10080
0.19073
0.16077
0.17748
0.18625
0.33253
0.25961
0.27372
0.16760
0.15796
0.28736
0.30617
0.31566
0.05595
0.26716
0.11843
0.31061
0.16857
0.13099
0.14769
0.13843
0.08856
0.21203
0.23097
0.09541
0.08472
0.11746
0.27757
0.18562
0.21753
0.24218
0.22284
0.24619
0.19733
0.07528
0.30296
0.21839
0.37509
0.25001
0.31225
0.20528
0.26100
0.27722
0.28485
0.27038
0.05484
0.11608
0.16274
0.23329
0.07829
0.07275
0.20120
0.12981
0.22293
0.13674
0.19822
0.17482
0.27563
0.24178
0.25939
0.23141
0.28045
0.15769
0.13340
0.34063
0.12704
0.20180
0.06880
0.08728
0.21358
0.04585
0.24750
0.34984
0.05836
0.10288
0.13741
0.23564
0.11409
0.06343
0.10026
0.11855
0.08891
0.09441
0.19233
0.11947
0.28948
0.18127
0.20509
0.10399
0.18506
0.28799
0.21622
0.28701
0.34575
0.18438
0.27028
0.30411
0.30660
0.32243
0.28877
0.26208
0.32737
0.26664
0.23812
0.25625
0.21938
0.31173
0.19887
0.36790
0.30656
0.25740
0.25825
0.25544
0.26575
0.34938
0.29957
0.25483
0.30214
0.32858
0.22623
0.26689
0.31814
0.26177
0.22869
0.25815
0.29868
0.31066
0.26843
0.20481
0.34560
0.27262
0.26710
0.31552
0.18708
0.28943
0.33147
0.27578
0.29535
0.29715
0.30271
0.23072
0.28659
0.33152
0.24307
0.29345
0.31965
0.25355
0.29114
0.31515
0.19440
0.30958
0.25401
0.28355
0.31719
0.27233
0.28106
0.16512
0.23107
0.35369
0.11388
0.26674
0.22638
0.18635
0.18357
0.34995
0.29968
0.30980
0.16992
0.35029
0.26372
0.25833
0.35758
0.27189
0.30050
0.28740
0.24967
0.27338
0.19934
0.35572
0.30045
0.26063
0.16224
0.31797
0.21262
0.24865
0.28437
0.25516
0.34826
0.28359
0.18959
0.28877
0.27465
0.15668
0.20553
0.30036
0.17743
0.18311
0.16264
0.28692
0.31167
0.28611
0.27160
0.24431
0.29484
0.19839
0.29877
0.27369
0.27755
0.21180
0.28322
0.29106
0.20080
0.17365
0.34681
0.28101
0.22190
0.32282
0.31419
0.24594
0.36250
0.31209
0.22921
0.27849
0.19826
0.28744
0.29636
0.27739
0.26399
0.24520
0.15848
0.30803
0.22677
0.27914
0.21224
0.26211
0.31036
0.29680
0.17938
0.24100
0.26687
0.18770
0.30206
0.19143
0.24334
0.25404
0.24228
0.20595
0.30426
0.30794
0.33186
0.27056
0.24460
0.32793
0.23406
0.21883
0.23718
0.27554
0.29177
0.16106
0.18567
0.28689
0.28558
0.22982
0.15360
0.22557
0.26258
0.22715
0.25085
0.26289
0.31185
0.16898
0.27389
0.25635
0.26322
0.18914
0.29880
0.28309
0.26379
0.37367
0.19051
0.28977
0.21876
0.32677
0.31357
0.27624
0.26515
0.29650
0.25010
0.20207
0.29647
0.26578
0.25936
0.28331
0.22745
0.31354
0.24365
0.26626
0.23809
0.35652
0.25007
0.28418
0.22544
0.26841
0.27195
0.26064
0.20375
0.26372
0.24356
0.29114
0.19485
0.29288
0.23585
0.26480
0.28656
0.28262
0.27361
0.15257
0.23005
0.31947
0.31938
0.27410
0.30123
0.31030
0.24619
0.25564
0.25538
0.31686
0.27668
0.28559
0.23367
0.18089
0.28386
0.30795
0.24627
0.29149
0.23381
0.33096
0.27946
0.22443
0.20098
0.28867
0.28620
0.30006
0.28710
0.26573
0.31678
0.32603
0.14837
0.22544
0.28914
0.29534
0.27680
0.29500
0.33961
0.23210
0.20303
0.19211
0.27540
0.29461
0.35723
0.28310
0.28590
0.29702
0.22577
0.24376
0.27814
0.26168
0.17298
0.33268
0.20639
0.23679
0.35059
0.30597
0.28644
0.22768
0.27714
0.28531
0.33297
0.34324
0.25598
0.26741
0.19034
0.32729
0.29165
0.14236
0.27865
0.19668
0.24556
0.26789
0.23134
0.29010
0.24010
0.27367
0.21377
0.26841
0.24540
0.33496
0.29399
0.27280
0.20540
0.28389
0.25048
0.24057
0.21081
0.31243
0.25614
0.32786
0.25468
0.26258
0.29988
0.26920
0.26358
0.26718
0.19901
0.32999
0.27348
0.33945
0.27614
0.31145
0.34809
0.25692
0.27091
0.29809
0.18756
0.20574
0.28465
0.24196
0.31349
0.30749
0.30111
0.32527
0.37384
0.30455
0.34202
0.26424
0.30603
0.25419
0.35913
0.25980
0.28547
0.31169
0.31099
0.29568
0.31826
0.38279
0.24473
0.27618
0.32110
0.25335
0.32949
0.31891
0.22018
0.25333
0.32491
0.22689
0.28936
0.29522
0.28588
0.27397
0.25248
0.28610
0.25248
0.27491
0.31286
0.29428
0.26393
0.29594
0.27955
0.30724
0.27805
0.27283
0.14545
0.30584
0.33379
0.35042
0.32132
0.28250
0.37852
0.39325
0.29459
0.16316
0.32088
0.37122
0.27403
0.17600
0.31810
0.31580
0.23000
0.23155
0.30881
0.27109
0.26174
0.26740
0.33296
0.32184
0.38526
0.29810
0.31714
0.29394
0.38914
0.27124
0.30341
0.31894
0.33629
0.28631
0.18359
0.32078
0.44400
0.24981
0.40551
0.39814
0.20335
0.30562
0.35126
0.32014
0.27493
0.27648
0.28353
0.20683
0.27704
0.29565
0.27416
0.29901
0.37298
0.30187
0.30151
0.23579
0.23715
0.28497
0.39834
0.18563
0.11186
0.34163
0.11212
0.18066
0.39953
0.12457
0.19504
0.21581
0.28795
0.24246
0.41968
0.17336
0.34163
0.38432
0.24187
0.18207
0.27571
0.22918
0.21747
0.36193
0.17364
0.35709
0.33876
0.27981
0.24376
0.27013
0.33924
0.27219
0.18424
0.32545
0.40931
0.30358
0.29408
0.36308
0.36844
0.25039
0.26695
0.27959
0.37380
0.18172
0.21445
0.23318
0.34189
0.29903
0.23599
0.28541
0.32759
0.34201
0.19434
0.30638
0.33886
0.27831
0.29164
0.24163
0.35346
0.30603
0.24839
0.30492
0.32282
0.32885
0.26065
0.31437
0.23643
0.31408
0.24983
0.27199
0.31631
0.25278
0.24809
0.30864
0.20232
0.32394
0.20895
0.07360
0.13615
0.23363
0.27307
0.28865
0.20754
0.25131
0.35875
0.17093
0.11254
0.22276
0.05612
0.32226
0.25574
0.22193
0.27033
0.06274
0.15596
0.18381
0.25778
0.11845
0.13859
0.24632
0.26732
0.18999
0.21129
0.27197
0.07690
0.29218
0.21975
0.09089
0.09448
0.12902
0.28789
0.13184
0.21195
0.21126
0.31544
0.08321
0.08940
0.13178
0.11798
0.28053
0.09041
0.13541
0.16875
0.25224
0.20630
0.24415
0.19984
0.06554
0.29742
0.10034
0.05569
0.21056
0.19738
0.25332
0.06253
0.06439
0.21333
0.19443
0.30358
0.25716
0.09200
0.07423
0.14761
0.20007
0.20114
0.22822
0.11546
0.23349
0.19542
0.08282
0.28345
0.28812
0.15313
0.11059
0.10834
0.09420
0.05235
0.20502
0.12328
0.19684
0.21833
0.31104
0.20505
0.32085
0.24804
0.20446
0.22135
0.20484
0.23404
0.05297
0.22351
0.11009
0.06549
0.18281
0.23322
0.25454
0.27275
0.09194
0.13573
0.21286
0.19713
0.25325
0.25809
0.12005
0.23983
0.30618
0.07904
0.25553
0.08524
0.05546
0.06614
0.11610
0.11006
0.13100
0.24705
0.31305
0.13756
0.15250
0.06279
0.08769
0.10178
0.26538
