0.11458
0.10757
0.06317
0.25202
0.07950
0.14631
0.22607
0.16124
0.14060
0.07204
0.18103
0.16216
0.20130
0.12094
0.14431
0.24756
0.14854
0.15402
0.09733
0.15661
0.30050
0.16151
0.14652
0.05562
0.24076
0.18857
0.13376
0.26906
0.14179
0.22198
0.20626
0.22554
0.17547
0.09696
0.16231
0.09233
0.11055
0.11077
0.12230
0.17491
0.30294
0.27060
0.07472
0.16944
0.31893
0.22929
0.18147
0.24957
0.22209
0.15611
0.09351
0.13296
0.13847
0.30685
0.09336
0.20885
0.19279
0.12402
0.15888
0.09605
0.28681
0.29994
0.11464
0.25878
0.29608
0.31777
0.04923
0.20112
0.12426
0.06200
0.12513
0.32963
0.31852
0.23286
0.24149
0.16494
0.13265
0.06391
0.24265
0.16148
0.33174
0.16662
0.35385
0.25003
0.26040
0.34800
0.09693
0.06277
0.13498
0.23613
0.34657
0.14666
0.09334
0.25450
0.06266
0.16459
0.22352
0.19083
0.19419
0.12482
0.09053
0.22453
0.12062
0.11817
0.26630
0.29700
0.17513
0.19399
0.24218
0.26889
0.02916
0.26998
0.10429
0.21973
0.10212
0.16434
0.27130
0.05021
0.05369
0.20176
0.24783
0.09090
0.27303
0.01919
0.13084
0.13868
0.28643
0.26483
0.20161
0.29282
0.10051
0.10254
0.26938
0.34569
0.11970
0.15035
0.04616
0.28145
0.25429
0.06262
0.16345
0.02387
0.31928
0.17049
0.15152
0.22413
0.10400
0.35833
0.17667
0.08749
0.16060
0.28049
0.09584
0.32989
0.32177
0.31976
0.09753
0.15635
0.14200
0.23538
0.24017
0.21717
0.26916
0.32834
0.09130
0.11193
0.28722
0.28868
0.06873
0.25154
0.05301
0.26055
0.25498
0.05675
0.07760
0.22137
0.08460
0.08371
0.18198
0.26422
0.08336
0.10751
0.21721
0.19504
0.09666
0.17317
0.24378
0.27871
0.26222
0.20112
0.11473
0.06572
0.04061
0.13426
0.16197
0.18954
0.22659
0.18223
0.11680
0.27648
0.24587
0.06381
0.22228
0.13221
0.06007
0.21044
0.09943
0.21709
0.25473
0.10554
0.29332
0.25134
0.11017
0.25368
0.25049
0.26154
0.12201
0.31937
0.23969
0.34595
0.14497
0.22210
0.10261
0.10285
0.08680
0.05955
0.20084
0.25197
0.15355
0.07892
0.23609
0.10862
0.21368
0.14325
0.03931
0.26232
0.09838
0.05560
0.11633
0.26335
0.06867
0.29790
0.13312
0.10079
0.15652
0.20252
0.10800
0.03376
0.14605
0.10125
0.11436
0.14530
0.10462
0.25340
0.14221
0.15568
0.19733
0.10729
0.09014
0.12415
0.20473
0.18822
0.20464
0.19341
0.16452
0.24151
0.29367
0.09206
0.14110
0.07253
0.13332
0.11784
0.08188
0.04334
0.39513
0.21152
0.08809
0.19858
0.21160
0.06595
0.14319
0.34229
0.16967
0.12067
0.29205
0.10968
0.21330
0.17690
0.17944
0.16753
0.11986
0.08503
0.19118
0.24661
0.23467
0.10517
0.20151
0.18234
0.17091
0.18204
0.33393
0.29929
0.28479
0.14830
0.14159
0.31805
0.29345
0.34006
0.02489
0.26266
0.15015
0.26637
0.16792
0.09249
0.14384
0.13215
0.11079
0.19569
0.24519
0.10967
0.07331
0.07574
0.25560
0.20314
0.26240
0.18738
0.24245
0.24592
0.17936
0.05488
0.27920
0.30715
0.34227
0.24240
0.30658
0.22062
0.25764
0.30587
0.28826
0.27916
0.06652
0.09038
0.12056
0.24223
0.09331
0.09786
0.21781
0.14025
0.24156
0.10663
0.20534
0.11118
0.27983
0.23060
0.25728
0.22186
0.29299
0.15747
0.13067
0.31167
0.08428
0.21692
0.06618
0.08416
0.23024
0.08329
0.24139
0.32472
0.08859
0.08594
0.17324
0.27016
0.10298
0.04909
0.08720
0.06335
0.06526
0.06714
0.21190
0.06655
0.26265
0.15215
0.18223
0.11175
0.16305
0.26258
0.25409
0.29287
0.31298
0.20590
0.24325
0.32077
0.31675
0.33251
0.25428
0.27962
0.30845
0.29858
0.23530
0.28898
0.20038
0.31215
0.19719
0.34035
0.28142
0.24900
0.28550
0.27901
0.29524
0.37818
0.31446
0.27139
0.27223
0.28427
0.27159
0.29854
0.26607
0.29265
0.23877
0.24990
0.31732
0.27625
0.30344
0.21000
0.29792
0.29434
0.28502
0.33098
0.23133
0.32504
0.30694
0.31223
0.30568
0.32572
0.31559
0.25088
0.31509
0.30754
0.24490
0.30843
0.29559
0.29306
0.29553
0.30783
0.22323
0.32470
0.27892
0.23639
0.25752
0.23661
0.30147
0.18531
0.23901
0.34320
0.14264
0.29892
0.27054
0.24785
0.15906
0.38940
0.31579
0.28577
0.18923
0.30723
0.28542
0.28620
0.34379
0.26962
0.32764
0.30382
0.26482
0.28922
0.16271
0.32502
0.30557
0.25122
0.19262
0.35671
0.21164
0.28376
0.28678
0.25919
0.29251
0.28821
0.22406
0.26541
0.26240
0.18949
0.20931
0.31524
0.19825
0.22162
0.15436
0.28598
0.31337
0.30291
0.29162
0.24629
0.32041
0.19720
0.31591
0.31242
0.30713
0.19451
0.25851
0.31504
0.22589
0.21189
0.36190
0.25528
0.24597
0.31555
0.25667
0.25088
0.36654
0.27772
0.24762
0.31346
0.22282
0.25134
0.30753
0.31206
0.26851
0.23584
0.18461
0.33686
0.24100
0.30723
0.23581
0.30678
0.33183
0.24437
0.19944
0.19866
0.29201
0.20585
0.32537
0.17797
0.23136
0.24155
0.21708
0.23441
0.31595
0.27062
0.27014
0.28602
0.24521
0.27251
0.22394
0.25676
0.24792
0.23889
0.29244
0.15061
0.20038
0.29402
0.30813
0.25874
0.17437
0.17503
0.26122
0.25483
0.21623
0.29936
0.32581
0.15544
0.27892
0.21914
0.30593
0.19348
0.32145
0.28277
0.26359
0.37706
0.21507
0.29542
0.24953
0.32716
0.26696
0.28923
0.29406
0.31004
0.25002
0.17810
0.32006
0.29279
0.29177
0.23026
0.24977
0.31484
0.24942
0.23221
0.23646
0.30876
0.26559
0.31979
0.22848
0.30027
0.26715
0.27576
0.20877
0.27725
0.25742
0.33585
0.24149
0.32379
0.26751
0.29377
0.24133
0.23511
0.26983
0.17721
0.27844
0.28605
0.28170
0.28802
0.30911
0.33188
0.27481
0.27814
0.26915
0.25552
0.31190
0.29712
0.25483
0.15465
0.30108
0.26174
0.28480
0.30387
0.21146
0.29796
0.31605
0.24424
0.22012
0.24638
0.27039
0.30180
0.28052
0.25906
0.32496
0.30841
0.16497
0.25260
0.25327
0.29634
0.30405
0.33484
0.30579
0.21836
0.21692
0.16973
0.28030
0.30211
0.32556
0.27853
0.29185
0.31564
0.25929
0.26962
0.24618
0.22942
0.19670
0.28063
0.22945
0.22955
0.29797
0.30814
0.29640
0.24081
0.29476
0.25870
0.35136
0.30712
0.26113
0.21624
0.18153
0.31452
0.27809
0.15090
0.30051
0.16869
0.28572
0.31222
0.22016
0.30552
0.23880
0.29283
0.21614
0.27946
0.25339
0.30112
0.31367
0.29469
0.21551
0.23769
0.25048
0.26943
0.25151
0.31157
0.24915
0.34896
0.26019
0.26830
0.30385
0.29015
0.27956
0.25873
0.21254
0.30492
0.28090
0.29595
0.23190
0.26199
0.30647
0.24796
0.28628
0.32671
0.20986
0.24777
0.31730
0.27425
0.31296
0.25015
0.31516
0.33979
0.35133
0.30107
0.29152
0.29167
0.27755
0.28592
0.31856
0.29884
0.27750
0.27941
0.27629
0.31723
0.28634
0.37529
0.22925
0.30143
0.32322
0.25832
0.28186
0.33076
0.24208
0.25478
0.32082
0.23391
0.29212
0.27748
0.31462
0.28131
0.28303
0.29484
0.24226
0.24652
0.34776
0.27144
0.27304
0.31657
0.28979
0.31701
0.30040
0.27178
0.15573
0.29196
0.33379
0.33164
0.33564
0.31910
0.40768
0.41765
0.29468
0.18245
0.32138
0.39111
0.28151
0.18966
0.32940
0.34668
0.24207
0.26428
0.32703
0.26851
0.26515
0.26173
0.35729
0.33788
0.37362
0.29986
0.31096
0.27983
0.39178
0.28859
0.30043
0.29807
0.37830
0.30989
0.19669
0.30489
0.45142
0.23344
0.41373
0.40788
0.20475
0.29864
0.37321
0.30762
0.26882
0.26252
0.30242
0.22196
0.27898
0.33328
0.31114
0.28088
0.38130
0.28938
0.30887
0.24447
0.22443
0.28007
0.39770
0.21776
0.14544
0.34874
0.13940
0.16939
0.40847
0.14231
0.23944
0.23887
0.30699
0.25778
0.44023
0.19417
0.34864
0.40511
0.26513
0.24868
0.27324
0.24765
0.20834
0.37443
0.17027
0.37178
0.35743
0.28016
0.25001
0.26141
0.35117
0.28683
0.22195
0.33744
0.42786
0.30439
0.26645
0.35979
0.36165
0.24712
0.27151
0.28689
0.39986
0.21175
0.24992
0.24796
0.35327
0.29744
0.26230
0.29338
0.34651
0.34992
0.24887
0.30738
0.33814
0.31089
0.30732
0.25684
0.40824
0.32233
0.27804
0.30214
0.31823
0.34263
0.26245
0.31391
0.23325
0.33647
0.24625
0.25587
0.32737
0.33004
0.25175
0.30924
0.19792
0.32570
0.23417
0.05430
0.17463
0.20274
0.18358
0.20996
0.19654
0.25351
0.25585
0.24509
0.06120
0.14150
0.06354
0.27093
0.25098
0.21947
0.30836
0.06422
0.12505
0.22079
0.27069
0.07470
0.14943
0.25216
0.24737
0.17618
0.20956
0.21850
0.06928
0.32317
0.22614
0.06201
0.09759
0.13523
0.28464
0.16308
0.22107
0.18304
0.29698
0.07387
0.12087
0.10584
0.09453
0.28772
0.13040
0.13846
0.20056
0.31637
0.17129
0.31956
0.20642
0.05000
0.29179
0.06202
0.01564
0.30054
0.18545
0.28898
0.07076
0.07867
0.20885
0.18327
0.31998
0.23523
0.04189
0.05459
0.18473
0.20365
0.22653
0.12594
0.07658
0.18973
0.12860
0.12902
0.24461
0.26598
0.15885
0.10771
0.18125
0.07553
0.06005
0.26741
0.12060
0.19361
0.23252
0.23041
0.19381
0.33893
0.27126
0.28669
0.14648
0.18716
0.16346
0.05962
0.20034
0.12392
0.06052
0.20658
0.25522
0.27454
0.21845
0.08284
0.08298
0.19002
0.15826
0.26017
0.31160
0.08053
0.22863
0.32347
0.08614
0.19625
0.06000
0.00613
0.10807
0.13217
0.11171
0.14584
0.28927
0.24991
0.08933
0.09128
0.02257
0.04075
0.09658
0.29304
