0.16303
0.11733
0.12219
0.25987
0.09153
0.15181
0.26461
0.17112
0.19218
0.06533
0.19761
0.15905
0.22114
0.15026
0.14999
0.21292
0.11273
0.21286
0.11388
0.14025
0.31415
0.11082
0.20961
0.05647
0.28545
0.21419
0.18495
0.27936
0.09632
0.15157
0.20351
0.25908
0.15721
0.12420
0.12086
0.09764
0.14737
0.08311
0.20292
0.15088
0.30775
0.28949
0.15596
0.18667
0.30051
0.24098
0.20763
0.27950
0.24020
0.14468
0.09237
0.18027
0.14848
0.26317
0.09710
0.21266
0.21240
0.16408
0.17335
0.09469
0.22840
0.29797
0.14702
0.22270
0.26823
0.31966
0.05634
0.21270
0.14728
0.05791
0.13851
0.32819
0.32405
0.22305
0.22334
0.16972
0.12788
0.06086
0.24208
0.15795
0.31357
0.20092
0.36465
0.27063
0.26051
0.36180
0.10248
0.09204
0.18678
0.24283
0.33797
0.17903
0.10422
0.21849
0.08103
0.22463
0.21462
0.19754
0.21110
0.17887
0.10260
0.21251
0.12554
0.13676
0.24418
0.29206
0.21477
0.16591
0.15489
0.29287
0.05466
0.27677
0.15747
0.24382
0.13667
0.18913
0.26340
0.07129
0.06548
0.18566
0.24555
0.12582
0.29205
0.03344
0.16204
0.19516
0.26619
0.27784
0.20818
0.24524
0.11446
0.18127
0.28206
0.34880
0.12883
0.13626
0.08854
0.29639
0.26670
0.11029
0.17130
0.03976
0.32048
0.17799
0.19327
0.26759
0.10312
0.37106
0.23039
0.09334
0.18890
0.31785
0.11873
0.32403
0.32511
0.32848
0.17182
0.18321
0.16848
0.21619
0.24635
0.23746
0.23032
0.33698
0.09425
0.16520
0.28105
0.28926
0.07633
0.26627
0.10174
0.27429
0.21435
0.04001
0.09279
0.26097
0.12613
0.09650
0.22621
0.28516
0.08501
0.10454
0.22248
0.17950
0.15619
0.21218
0.24610
0.27743
0.26756
0.17574
0.13812
0.12791
0.11257
0.14242
0.19698
0.26644
0.23202
0.18218
0.15548
0.24013
0.19293
0.17830
0.16939
0.16863
0.06163
0.23931
0.08879
0.25066
0.27346
0.15332
0.27517
0.22252
0.17394
0.25085
0.27883
0.25006
0.13477
0.27120
0.24672
0.35616
0.11280
0.18840
0.11022
0.10070
0.11606
0.07418
0.17924
0.21689
0.13945
0.09884
0.22910
0.15210
0.26364
0.17232
0.06510
0.31223
0.12937
0.08508
0.12465
0.29249
0.10700
0.30267
0.11812
0.11610
0.17941
0.21607
0.10960
0.08769
0.14938
0.13029
0.12502
0.15031
0.13814
0.25563
0.14227
0.15218
0.23356
0.08118
0.10234
0.13141
0.19009
0.19588
0.20234
0.19688
0.11892
0.21835
0.29569
0.11134
0.19548
0.09857
0.12300
0.12386
0.07652
0.07372
0.36171
0.21635
0.08750
0.21580
0.22234
0.09969
0.15220
0.35109
0.15343
0.12777
0.30583
0.13217
0.24374
0.18854
0.24135
0.16283
0.14517
0.13718
0.23054
0.22913
0.20235
0.10105
0.18407
0.20913
0.21560
0.19580
0.34305
0.29578
0.27855
0.14125
0.14171
0.30724
0.27300
0.33215
0.05903
0.28252
0.13797
0.26095
0.16856
0.09810
0.16568
0.17772
0.11100
0.23676
0.20458
0.14349
0.16488
0.16479
0.27727
0.19125
0.29017
0.17486
0.21297
0.24296
0.16771
0.05889
0.30485
0.25527
0.31502
0.26822
0.30300
0.24478
0.25935
0.28466
0.28278
0.24537
0.08622
0.13138
0.17024
0.24471
0.09573
0.11604
0.25514
0.15998
0.25320
0.11619
0.20231
0.15827
0.27482
0.26191
0.24664
0.19861
0.27410
0.18742
0.18334
0.31999
0.12141
0.22730
0.07698
0.12890
0.17506
0.12356
0.26333
0.34224
0.09463
0.07552
0.17873
0.23393
0.12484
0.07132
0.06308
0.12720
0.08817
0.14005
0.22692
0.05976
0.27055
0.16401
0.18661
0.14910
0.16123
0.28668
0.18719
0.29454
0.32784
0.18352
0.24800
0.29119
0.31326
0.33153
0.27077
0.25677
0.34270
0.24135
0.21309
0.27474
0.22089
0.32587
0.18007
0.36000
0.31548
0.24777
0.26875
0.21865
0.28810
0.34546
0.30857
0.26767
0.29885
0.33245
0.26504
0.29596
0.32032
0.25291
0.23736
0.24354
0.31780
0.29424
0.24378
0.22240
0.32606
0.25518
0.25129
0.31050
0.18391
0.29388
0.33339
0.27487
0.27381
0.33295
0.30314
0.22775
0.28855
0.33381
0.23371
0.29479
0.31232
0.25500
0.28716
0.30330
0.15164
0.32684
0.26345
0.27521
0.31111
0.27418
0.28632
0.16671
0.26285
0.34867
0.14489
0.27079
0.21253
0.19905
0.21427
0.36796
0.28526
0.30439
0.17897
0.33765
0.26266
0.25619
0.37717
0.29785
0.29600
0.27796
0.22881
0.26216
0.19336
0.35070
0.30506
0.25500
0.18787
0.29927
0.18827
0.25005
0.28668
0.25200
0.34648
0.32625
0.21375
0.30866
0.30504
0.15272
0.17627
0.30772
0.18691
0.20900
0.15460
0.29114
0.32107
0.27512
0.29714
0.23798
0.31282
0.21009
0.30581
0.26997
0.29530
0.19080
0.26604
0.31490
0.20731
0.18102
0.34818
0.29199
0.21587
0.30807
0.30629
0.24070
0.35823
0.30651
0.22689
0.25465
0.19497
0.27197
0.30763
0.26109
0.26046
0.24452
0.15047
0.30913
0.23013
0.29630
0.22044
0.29877
0.33237
0.28429
0.18861
0.23383
0.27852
0.18995
0.28904
0.18753
0.20853
0.21944
0.19793
0.22779
0.29866
0.29930
0.31671
0.25588
0.20742
0.31448
0.20052
0.20210
0.21257
0.28362
0.31204
0.17828
0.18429
0.29078
0.30442
0.19171
0.14793
0.21395
0.26283
0.22280
0.24141
0.27104
0.33653
0.17265
0.25990
0.27425
0.30586
0.17475
0.28825
0.26614
0.25060
0.38000
0.19606
0.30726
0.22041
0.33467
0.31086
0.28513
0.26273
0.31313
0.25708
0.19263
0.31050
0.26232
0.28383
0.28277
0.26890
0.35039
0.23799
0.27353
0.21939
0.34216
0.23945
0.27168
0.22259
0.28169
0.27656
0.25051
0.22743
0.27836
0.24460
0.29428
0.20577
0.29684
0.24505
0.26999
0.29440
0.27324
0.27037
0.15015
0.23689
0.32823
0.32955
0.28980
0.29726
0.28720
0.25400
0.25837
0.22740
0.30179
0.27879
0.29005
0.23564
0.13658
0.30218
0.29422
0.24105
0.27100
0.23367
0.34000
0.29639
0.20278
0.17389
0.28826
0.26463
0.30363
0.25245
0.24699
0.33232
0.33492
0.14425
0.21937
0.29871
0.26216
0.30026
0.28313
0.33574
0.22408
0.20167
0.21819
0.26069
0.27987
0.35770
0.28642
0.27926
0.29279
0.20523
0.23442
0.28940
0.27825
0.16645
0.32494
0.21713
0.22225
0.32462
0.30244
0.26224
0.22604
0.26407
0.28958
0.35788
0.32675
0.23049
0.25695
0.17211
0.33389
0.28093
0.14027
0.26292
0.14885
0.24530
0.30761
0.20449
0.24850
0.23465
0.26266
0.19646
0.20608
0.22491
0.32430
0.28155
0.28820
0.18285
0.29388
0.25061
0.22546
0.19236
0.29422
0.27551
0.33104
0.26573
0.25924
0.30157
0.26105
0.25022
0.26585
0.16358
0.31300
0.26156
0.33624
0.26076
0.28690
0.32829
0.27321
0.27836
0.33020
0.15231
0.19103
0.32417
0.25254
0.31800
0.30518
0.30264
0.33451
0.36618
0.29566
0.31162
0.25908
0.30327
0.29239
0.32609
0.26020
0.26988
0.32538
0.32568
0.32686
0.32526
0.37863
0.20235
0.26958
0.32932
0.21325
0.31702
0.33138
0.23303
0.24169
0.31827
0.22152
0.30647
0.32355
0.24702
0.24941
0.26863
0.26962
0.24906
0.28455
0.32372
0.29373
0.25101
0.31493
0.28452
0.33070
0.31114
0.26785
0.13889
0.32985
0.31335
0.33306
0.31992
0.29107
0.36441
0.39821
0.27229
0.13876
0.31029
0.37785
0.26453
0.15302
0.30685
0.33698
0.22404
0.24898
0.32272
0.24272
0.25226
0.27475
0.32463
0.34120
0.40701
0.28808
0.31875
0.27535
0.37928
0.29518
0.25333
0.29363
0.35184
0.28650
0.14921
0.28700
0.42237
0.20873
0.37245
0.37991
0.18276
0.29218
0.34996
0.31790
0.28611
0.25170
0.27475
0.20557
0.30525
0.32511
0.26797
0.30421
0.35443
0.30105
0.27914
0.21742
0.20903
0.27917
0.39962
0.24232
0.08847
0.29570
0.13857
0.16225
0.38226
0.15460
0.25775
0.17627
0.27242
0.24011
0.43137
0.19069
0.33507
0.37228
0.23549
0.19546
0.24325
0.24079
0.21707
0.35808
0.15502
0.34182
0.33053
0.26652
0.24059
0.23769
0.33269
0.25049
0.19045
0.33777
0.41497
0.31453
0.31120
0.33747
0.38373
0.21293
0.25164
0.28520
0.36214
0.18225
0.21729
0.18497
0.35986
0.28469
0.25484
0.26830
0.33247
0.34721
0.22028
0.28390
0.33289
0.29935
0.30574
0.23826
0.39719
0.30695
0.27007
0.27595
0.29949
0.30023
0.26260
0.28860
0.22223
0.31477
0.23365
0.23412
0.33967
0.32139
0.25008
0.29373
0.19754
0.32868
0.23649
0.05286
0.15243
0.27147
0.23425
0.23915
0.21961
0.23627
0.29994
0.23639
0.07548
0.16895
0.04178
0.31973
0.20896
0.20366
0.27548
0.13250
0.11988
0.21704
0.17210
0.05130
0.13107
0.23446
0.27098
0.14503
0.20124
0.25732
0.06697
0.29289
0.16369
0.09934
0.12424
0.16128
0.27401
0.08340
0.16836
0.16168
0.28703
0.13154
0.10722
0.08444
0.09858
0.26691
0.17976
0.17944
0.16941
0.31730
0.17524
0.28130
0.19969
0.11977
0.28692
0.07304
0.04549
0.28139
0.18391
0.29251
0.09809
0.13887
0.22782
0.19808
0.26483
0.24751
0.06833
0.07852
0.21327
0.22349
0.23578
0.22204
0.12847
0.25404
0.22407
0.17003
0.24545
0.23958
0.11260
0.12448
0.18018
0.08837
0.04167
0.29241
0.17936
0.18628
0.25738
0.25887
0.20611
0.35293
0.26477
0.24672
0.11465
0.20460
0.21264
0.04215
0.26115
0.08882
0.08942
0.17734
0.25025
0.30474
0.27143
0.12838
0.09826
0.18861
0.18869
0.26048
0.28878
0.13162
0.22419
0.27684
0.15168
0.26260
0.11967
0.10139
0.06244
0.13987
0.09366
0.10578
0.25761
0.22768
0.13191
0.16172
0.02154
0.11993
0.10666
0.26520
