0.15095
0.09469
0.06412
0.23600
0.12605
0.12506
0.23719
0.17097
0.24104
0.10033
0.20756
0.14231
0.19952
0.11071
0.18189
0.25616
0.12506
0.18744
0.14158
0.14549
0.29323
0.16304
0.18657
0.13213
0.21750
0.19800
0.14338
0.22669
0.10212
0.21767
0.21749
0.24792
0.12896
0.10657
0.12372
0.08889
0.10923
0.15470
0.11872
0.22143
0.29123
0.27191
0.10792
0.14801
0.28570
0.26578
0.17580
0.24495
0.23828
0.19046
0.10216
0.20555
0.11958
0.30491
0.09420
0.22262
0.25820
0.14723
0.13724
0.12226
0.26216
0.31035
0.16761
0.27114
0.26759
0.31243
0.05214
0.17869
0.14822
0.07265
0.12859
0.30203
0.30821
0.19438
0.28081
0.16234
0.17978
0.07940
0.23585
0.15389
0.31270
0.18748
0.32012
0.27762
0.27972
0.33626
0.09168
0.10261
0.13829
0.28849
0.29451
0.19312
0.09737
0.24562
0.09140
0.18765
0.24231
0.26149
0.16935
0.18878
0.09238
0.19298
0.09983
0.10703
0.25395
0.30262
0.16415
0.13428
0.22222
0.28065
0.11859
0.25687
0.13170
0.23097
0.10538
0.25520
0.28377
0.05407
0.09669
0.23624
0.28461
0.12853
0.27746
0.01549
0.15389
0.12833
0.31017
0.28109
0.22883
0.26087
0.12311
0.20194
0.30376
0.32241
0.11407
0.19775
0.09387
0.27241
0.24821
0.04875
0.20745
0.05468
0.29028
0.19338
0.16394
0.32204
0.16752
0.32752
0.20042
0.08752
0.15311
0.31890
0.10195
0.31293
0.29694
0.31839
0.11807
0.18179
0.15738
0.22652
0.27551
0.28847
0.31459
0.31314
0.09196
0.18278
0.31559
0.26545
0.11717
0.25499
0.06780
0.26289
0.25403
0.05631
0.20448
0.23910
0.11507
0.13123
0.15339
0.25967
0.12992
0.10832
0.23912
0.15571
0.12775
0.21743
0.24236
0.25459
0.25347
0.24427
0.20067
0.10722
0.07714
0.17199
0.15809
0.26855
0.19007
0.22911
0.11852
0.29379
0.22191
0.13775
0.23721
0.14732
0.07395
0.30112
0.16216
0.20491
0.27919
0.10243
0.27999
0.25203
0.12597
0.28202
0.27762
0.23917
0.12508
0.32376
0.25422
0.33834
0.16544
0.25552
0.19270
0.15253
0.13585
0.07182
0.21050
0.23197
0.22559
0.11001
0.25942
0.12113
0.24703
0.19495
0.11514
0.26053
0.10786
0.03969
0.09713
0.24682
0.12406
0.27623
0.14300
0.10955
0.12449
0.23458
0.10229
0.08239
0.14776
0.10387
0.10963
0.19138
0.12916
0.26428
0.10849
0.14793
0.17951
0.16299
0.08208
0.12020
0.24302
0.19165
0.21524
0.17399
0.17613
0.29060
0.27468
0.09632
0.19843
0.07210
0.09376
0.12275
0.11682
0.06429
0.34895
0.19977
0.13589
0.19166
0.17967
0.08280
0.17317
0.33551
0.13287
0.10471
0.29534
0.12059
0.21014
0.22129
0.19932
0.17870
0.08974
0.10297
0.22545
0.23615
0.16062
0.09889
0.20039
0.20651
0.20349
0.19656
0.33905
0.27400
0.26590
0.21513
0.17202
0.28907
0.32776
0.28966
0.03215
0.27777
0.11829
0.27407
0.18587
0.15528
0.21896
0.19401
0.11186
0.18001
0.22915
0.09474
0.12189
0.09760
0.27611
0.25751
0.26763
0.18567
0.23286
0.26181
0.18752
0.10654
0.25947
0.29896
0.35958
0.24924
0.30374
0.23072
0.25827
0.28941
0.27459
0.29543
0.10584
0.08554
0.20543
0.20349
0.12534
0.07125
0.23330
0.17238
0.23952
0.12937
0.17274
0.14743
0.24657
0.25817
0.26625
0.22437
0.30295
0.18455
0.13160
0.32012
0.13500
0.21267
0.11670
0.08643
0.22539
0.08248
0.23543
0.33109
0.05477
0.12571
0.13029
0.26188
0.11819
0.07022
0.04692
0.06769
0.07547
0.12274
0.20113
0.11052
0.28950
0.21249
0.25756
0.10377
0.18883
0.26926
0.24605
0.27576
0.31847
0.18749
0.22182
0.30868
0.28518
0.31660
0.26496
0.27242
0.31784
0.25029
0.23090
0.26694
0.22709
0.29260
0.19140
0.33054
0.28182
0.24472
0.25840
0.25712
0.24440
0.35906
0.29112
0.24765
0.27456
0.30120
0.25879
0.26067
0.30156
0.27823
0.25884
0.26495
0.29740
0.28597
0.28037
0.24147
0.29717
0.27517
0.24925
0.33475
0.21417
0.32651
0.32919
0.30013
0.29572
0.31177
0.28550
0.24335
0.28685
0.32968
0.24797
0.29352
0.29263
0.26248
0.27942
0.30663
0.21179
0.29842
0.27492
0.25898
0.26943
0.25396
0.28022
0.18936
0.27403
0.33481
0.15846
0.27470
0.22998
0.22365
0.20443
0.36772
0.31257
0.29886
0.18994
0.31542
0.26979
0.26400
0.31906
0.27550
0.30712
0.29196
0.24344
0.27577
0.20030
0.33529
0.28425
0.24909
0.17426
0.34219
0.21320
0.23316
0.26655
0.25676
0.31916
0.30995
0.22720
0.25569
0.26512
0.18783
0.20227
0.28994
0.18278
0.21145
0.17860
0.30780
0.31019
0.29443
0.26946
0.24344
0.30513
0.22697
0.29245
0.28288
0.28385
0.22986
0.27782
0.29961
0.23269
0.19700
0.35914
0.28510
0.21390
0.31470
0.30506
0.27214
0.36278
0.26341
0.23553
0.29901
0.21246
0.27855
0.30434
0.29175
0.27551
0.24314
0.17971
0.31323
0.24779
0.28580
0.23385
0.28741
0.32195
0.25086
0.18257
0.23922
0.28201
0.19875
0.29160
0.19620
0.23845
0.25220
0.22844
0.24000
0.31600
0.29889
0.28497
0.24685
0.22062
0.29754
0.24487
0.23029
0.23785
0.25845
0.31404
0.16008
0.18298
0.29208
0.27834
0.24790
0.17177
0.20617
0.25280
0.22587
0.22775
0.25925
0.30413
0.16735
0.27707
0.25777
0.29041
0.20376
0.29135
0.26994
0.25770
0.38201
0.20760
0.30863
0.22995
0.31795
0.26575
0.28026
0.26859
0.29787
0.26122
0.19093
0.29799
0.29651
0.27756
0.26249
0.27849
0.32075
0.25759
0.25327
0.23771
0.31506
0.24242
0.30343
0.23310
0.27329
0.28422
0.26755
0.20328
0.25842
0.25024
0.33583
0.25075
0.32127
0.24511
0.28466
0.25250
0.25522
0.27072
0.16109
0.22515
0.30063
0.31033
0.26790
0.29372
0.31139
0.27135
0.25610
0.25166
0.28169
0.30658
0.27448
0.24833
0.16529
0.30998
0.27246
0.25620
0.26010
0.22810
0.29109
0.28421
0.22865
0.21787
0.26016
0.27923
0.29851
0.27222
0.26875
0.31120
0.31368
0.16046
0.26845
0.26502
0.29265
0.28111
0.31341
0.31270
0.23786
0.23385
0.18205
0.26664
0.28961
0.32932
0.29290
0.28273
0.29502
0.24050
0.27574
0.24759
0.25267
0.19451
0.30093
0.24288
0.25576
0.30605
0.28885
0.27518
0.24567
0.27403
0.26254
0.33782
0.31266
0.27255
0.25794
0.21058
0.32406
0.29833
0.13070
0.27567
0.20827
0.26019
0.27019
0.24479
0.31050
0.24599
0.27780
0.19338
0.23885
0.24398
0.31256
0.28984
0.27842
0.20771
0.25385
0.25534
0.25758
0.22557
0.30161
0.27628
0.32118
0.26373
0.25136
0.28139
0.27450
0.24881
0.26699
0.19083
0.31011
0.26519
0.32131
0.26631
0.27905
0.31215
0.27625
0.26430
0.29323
0.18086
0.21186
0.28658
0.25818
0.30791
0.26154
0.29517
0.32387
0.34944
0.30264
0.28771
0.26979
0.26647
0.30097
0.33171
0.25963
0.25169
0.28574
0.28568
0.29297
0.28917
0.36635
0.22163
0.26244
0.33490
0.25889
0.29570
0.34517
0.25336
0.24663
0.33786
0.21905
0.29077
0.27085
0.30861
0.26841
0.27150
0.24173
0.25467
0.25929
0.31724
0.28664
0.25228
0.30466
0.28797
0.29643
0.27178
0.28469
0.13755
0.26820
0.32016
0.33464
0.32506
0.32204
0.39653
0.41856
0.27527
0.19809
0.32381
0.35686
0.26998
0.18555
0.31880
0.36060
0.26764
0.23516
0.32570
0.23573
0.28066
0.24551
0.35948
0.36558
0.39709
0.28381
0.33117
0.30129
0.39897
0.27757
0.29166
0.32148
0.32141
0.30617
0.19475
0.30696
0.44450
0.26983
0.41140
0.41092
0.19110
0.30547
0.36252
0.27677
0.28294
0.26197
0.30190
0.23693
0.30442
0.32605
0.28471
0.27856
0.37506
0.30153
0.28836
0.28322
0.23357
0.28027
0.40427
0.21382
0.13791
0.33589
0.11013
0.22408
0.41491
0.18035
0.26108
0.23383
0.29714
0.22698
0.41871
0.20002
0.35039
0.39655
0.25826
0.19282
0.26581
0.24419
0.18761
0.36660
0.18155
0.36659
0.35676
0.26613
0.26186
0.25658
0.34378
0.27044
0.21593
0.32784
0.40320
0.32494
0.27568
0.37185
0.37466
0.25277
0.28062
0.26213
0.36934
0.20361
0.23658
0.24579
0.32788
0.30070
0.24710
0.27071
0.31105
0.37171
0.23633
0.31801
0.34201
0.29868
0.30226
0.25627
0.37695
0.29637
0.26149
0.29303
0.33024
0.31102
0.27826
0.30864
0.24464
0.34253
0.26572
0.27134
0.33154
0.30106
0.25831
0.30923
0.20203
0.31233
0.24447
0.07612
0.11244
0.13573
0.20635
0.26681
0.21806
0.24074
0.33281
0.24535
0.05075
0.20782
0.06653
0.25249
0.25209
0.18507
0.26846
0.08828
0.12698
0.16954
0.21501
0.10481
0.17211
0.26772
0.29263
0.22557
0.20219
0.27890
0.09321
0.34510
0.24143
0.09564
0.08677
0.12199
0.31705
0.17957
0.25632
0.23934
0.31517
0.07152
0.05596
0.04407
0.06758
0.23734
0.06040
0.15148
0.23910
0.28487
0.18432
0.31046
0.21010
0.03646
0.27325
0.11411
0.04039
0.32189
0.19895
0.17500
0.05521
0.09162
0.20545
0.20024
0.28548
0.22506
0.04410
0.16291
0.18255
0.22101
0.22968
0.18261
0.09701
0.25562
0.14943
0.10103
0.23738
0.27253
0.09156
0.21949
0.17232
0.06989
0.06420
0.23386
0.11932
0.20192
0.25935
0.24291
0.19069
0.32127
0.25710
0.27924
0.22951
0.24019
0.21188
0.03725
0.24791
0.09889
0.08659
0.20278
0.25123
0.27178
0.25385
0.05033
0.08193
0.18276
0.25454
0.24868
0.24670
0.10306
0.23728
0.30273
0.05613
0.24020
0.12162
0.03843
0.04392
0.17127
0.04140
0.08151
0.28254
0.25952
0.08969
0.10048
0.07763
0.11290
0.06529
0.29993
