0.13067
0.10631
0.05116
0.23489
0.06922
0.14852
0.23715
0.12889
0.15219
0.09393
0.14856
0.13557
0.15808
0.13670
0.11236
0.23284
0.17426
0.15250
0.06885
0.14212
0.29778
0.14237
0.15910
0.10851
0.22680
0.14918
0.14987
0.23636
0.10006
0.20395
0.16606
0.22924
0.13864
0.13357
0.09868
0.09551
0.15554
0.07665
0.09798
0.18929
0.28436
0.27663
0.08644
0.15192
0.27395
0.18418
0.16839
0.24764
0.17890
0.19237
0.10072
0.14891
0.15457
0.28122
0.09464
0.22843
0.17093
0.16641
0.15000
0.09338
0.28454
0.31566
0.16095
0.24219
0.28837
0.29456
0.05642
0.16905
0.12112
0.05750
0.13314
0.31696
0.29856
0.21850
0.23488
0.11594
0.12747
0.04547
0.20580
0.14977
0.31427
0.18654
0.31810
0.26936
0.24340
0.34909
0.09936
0.11205
0.12610
0.27699
0.31841
0.19369
0.08559
0.26853
0.06092
0.14586
0.22109
0.20815
0.21529
0.15408
0.09220
0.17575
0.11588
0.17206
0.19742
0.29676
0.13725
0.19480
0.17118
0.29045
0.03435
0.26671
0.07716
0.25762
0.13228
0.18300
0.26401
0.05098
0.06859
0.22928
0.21845
0.06006
0.30393
0.04670
0.10206
0.12586
0.32443
0.26046
0.19098
0.23554
0.10182
0.16032
0.27161
0.33780
0.10532
0.13057
0.07603
0.29017
0.28387
0.06191
0.17588
0.04116
0.30411
0.22475
0.16867
0.24029
0.10411
0.32338
0.21247
0.08579
0.16940
0.25055
0.10404
0.31089
0.29018
0.32317
0.12024
0.14608
0.13126
0.23911
0.28529
0.25741
0.23497
0.32299
0.09920
0.13483
0.30044
0.26596
0.08778
0.27683
0.04754
0.23233
0.26662
0.04823
0.06763
0.19051
0.09289
0.05717
0.21162
0.27708
0.08573
0.12256
0.21713
0.17524
0.08277
0.20345
0.22157
0.22490
0.23907
0.17911
0.15291
0.11476
0.06216
0.17001
0.17162
0.22874
0.22376
0.17937
0.12307
0.28202
0.23408
0.08936
0.20011
0.18186
0.05830
0.22623
0.09445
0.23577
0.24792
0.12257
0.26373
0.23399
0.08247
0.25537
0.26433
0.23445
0.12570
0.23360
0.23325
0.31584
0.14510
0.18649
0.08738
0.06753
0.08464
0.05634
0.19232
0.16392
0.16308
0.07047
0.25549
0.10946
0.21291
0.13652
0.08310
0.25304
0.11210
0.05982
0.11776
0.27731
0.09379
0.30263
0.10968
0.11705
0.17253
0.23348
0.10729
0.04268
0.13546
0.12944
0.11996
0.14470
0.10232
0.23844
0.15557
0.17196
0.19423
0.08549
0.05132
0.13438
0.19357
0.17553
0.22202
0.19005
0.15204
0.27743
0.29494
0.09392
0.18478
0.07628
0.11504
0.12226
0.09317
0.04906
0.34277
0.18854
0.05529
0.21879
0.16498
0.08026
0.17002
0.34017
0.14780
0.09151
0.32174
0.13870
0.21588
0.18772
0.18379
0.17181
0.10123
0.10176
0.18686
0.24367
0.15763
0.09546
0.20564
0.17899
0.19185
0.14364
0.31194
0.28750
0.28888
0.14797
0.11403
0.29056
0.28963
0.33377
0.08271
0.26999
0.15940
0.28471
0.16344
0.10019
0.15333
0.13203
0.11009
0.20805
0.21472
0.06521
0.10952
0.09130
0.25059
0.12369
0.25120
0.19378
0.21496
0.24007
0.14317
0.07944
0.27405
0.27184
0.34074
0.25417
0.32170
0.24375
0.24520
0.28997
0.27416
0.27557
0.06780
0.10207
0.15695
0.21753
0.07377
0.03761
0.18447
0.10791
0.26015
0.10076
0.18628
0.13297
0.28236
0.25702
0.23412
0.21071
0.31051
0.12730
0.13605
0.30640
0.06599
0.21520
0.08254
0.06897
0.18833
0.06941
0.26291
0.32968
0.07001
0.09705
0.13715
0.25405
0.11010
0.09058
0.10522
0.08717
0.07182
0.08780
0.19942
0.08619
0.26229
0.19898
0.18507
0.10044
0.18498
0.30046
0.19469
0.27307
0.34516
0.18943
0.30286
0.30180
0.24803
0.31998
0.29083
0.21393
0.35721
0.22586
0.24663
0.23308
0.21872
0.27786
0.20454
0.37884
0.31406
0.24992
0.20904
0.25845
0.23446
0.35359
0.25751
0.21753
0.32180
0.33991
0.21951
0.23660
0.31350
0.27586
0.21685
0.26003
0.28006
0.30722
0.23654
0.22146
0.35167
0.23869
0.22073
0.29804
0.16177
0.30406
0.35886
0.28694
0.27385
0.28497
0.27231
0.23869
0.25810
0.32518
0.17863
0.25245
0.32910
0.25277
0.25918
0.29249
0.19831
0.28901
0.27392
0.28175
0.30750
0.28942
0.24053
0.20897
0.25988
0.36023
0.14451
0.28140
0.19856
0.19396
0.20755
0.35681
0.28854
0.34398
0.17302
0.35152
0.27056
0.26749
0.36498
0.31424
0.28509
0.28626
0.24201
0.28703
0.18241
0.35615
0.26900
0.23616
0.17600
0.32317
0.19057
0.27402
0.30835
0.26913
0.35062
0.31424
0.21890
0.33568
0.32046
0.17871
0.18241
0.26971
0.17486
0.21640
0.14879
0.28340
0.34996
0.24423
0.23848
0.24583
0.28524
0.22564
0.28466
0.24533
0.24995
0.21295
0.28583
0.26888
0.21968
0.18778
0.34765
0.29029
0.17721
0.28766
0.30862
0.26938
0.33993
0.30634
0.23611
0.29634
0.21113
0.29764
0.30351
0.26285
0.26725
0.24415
0.17137
0.30265
0.21743
0.24973
0.23086
0.26673
0.30213
0.28994
0.20404
0.23863
0.27834
0.21295
0.25955
0.19638
0.21954
0.23205
0.23425
0.19529
0.30003
0.30659
0.31995
0.23525
0.16899
0.32423
0.23174
0.18120
0.20942
0.29934
0.30688
0.17765
0.18543
0.26409
0.25913
0.17648
0.16010
0.23664
0.26047
0.20493
0.23460
0.22971
0.29837
0.18636
0.20450
0.27360
0.25262
0.20378
0.27350
0.26766
0.26313
0.36331
0.18947
0.29812
0.24400
0.37673
0.31388
0.23444
0.27264
0.26663
0.24787
0.20728
0.30090
0.27952
0.22854
0.28398
0.28879
0.32846
0.25942
0.29362
0.22362
0.35181
0.20393
0.26778
0.23440
0.24046
0.26343
0.26201
0.20375
0.21633
0.24763
0.31263
0.21021
0.31740
0.24680
0.24368
0.30325
0.28381
0.28382
0.14017
0.20048
0.32400
0.31879
0.23673
0.25416
0.27224
0.25699
0.19144
0.19225
0.29916
0.29215
0.24010
0.23440
0.20919
0.26485
0.31115
0.26206
0.24230
0.19794
0.33703
0.25727
0.19170
0.19352
0.28996
0.28474
0.26204
0.24956
0.24663
0.34790
0.33665
0.15453
0.25234
0.31039
0.25160
0.25349
0.30650
0.33300
0.23151
0.21000
0.20493
0.24198
0.24579
0.34781
0.30210
0.29448
0.25668
0.21675
0.25027
0.31237
0.28596
0.18064
0.32598
0.20044
0.24769
0.32918
0.30803
0.22799
0.22086
0.22976
0.27954
0.31857
0.34503
0.26767
0.28602
0.20821
0.26799
0.30048
0.13813
0.23760
0.19592
0.22066
0.26683
0.24099
0.26772
0.25509
0.25068
0.22173
0.21789
0.24287
0.34636
0.23651
0.25259
0.20181
0.29432
0.25064
0.23557
0.19422
0.31334
0.27761
0.33913
0.26357
0.20630
0.26442
0.26516
0.19310
0.26541
0.18827
0.33120
0.27125
0.33623
0.29188
0.28994
0.34578
0.26621
0.21919
0.28286
0.18359
0.19839
0.27153
0.19749
0.26530
0.31087
0.24594
0.30459
0.37415
0.28416
0.30954
0.25878
0.30549
0.27313
0.36962
0.22124
0.27622
0.33437
0.32467
0.27944
0.34197
0.38482
0.23003
0.24855
0.34526
0.23557
0.31629
0.31306
0.23269
0.26083
0.35356
0.22991
0.24905
0.31879
0.25229
0.22186
0.21064
0.22485
0.28608
0.28370
0.28598
0.28260
0.21648
0.26905
0.26816
0.28172
0.25797
0.26588
0.12871
0.31897
0.31856
0.34752
0.31070
0.29782
0.36814
0.37201
0.28624
0.18345
0.30497
0.36722
0.24438
0.17932
0.29672
0.33414
0.25292
0.24829
0.34216
0.25858
0.28177
0.25784
0.31539
0.33910
0.38782
0.29365
0.29635
0.27557
0.36042
0.31586
0.32369
0.28877
0.33805
0.25093
0.21375
0.30741
0.41797
0.24812
0.37173
0.39044
0.23338
0.27233
0.33320
0.29645
0.28733
0.27262
0.27801
0.22396
0.29174
0.29873
0.30240
0.28264
0.35477
0.28776
0.28533
0.25361
0.17292
0.27145
0.36790
0.21613
0.11525
0.33489
0.15643
0.20062
0.38660
0.15131
0.23285
0.22114
0.28771
0.23168
0.44144
0.18898
0.31957
0.36438
0.25376
0.24186
0.27428
0.24746
0.20954
0.32928
0.16877
0.37780
0.35370
0.25019
0.22886
0.24212
0.35624
0.25574
0.20026
0.34237
0.42843
0.29749
0.27627
0.34066
0.33085
0.19794
0.25265
0.30323
0.39419
0.20676
0.22588
0.23702
0.35338
0.28732
0.24530
0.26081
0.31786
0.36036
0.20403
0.28353
0.30472
0.28116
0.29650
0.23367
0.36288
0.29153
0.26041
0.27710
0.28671
0.33094
0.23733
0.29913
0.24540
0.32573
0.25625
0.23850
0.30732
0.28298
0.23566
0.26445
0.22778
0.32615
0.22993
0.05368
0.19867
0.22555
0.19083
0.26654
0.19158
0.23623
0.35444
0.22852
0.08413
0.17991
0.04525
0.30027
0.24579
0.20242
0.28967
0.07482
0.11399
0.19871
0.24997
0.09653
0.18211
0.22741
0.22152
0.20797
0.20510
0.24543
0.08813
0.32399
0.19700
0.05688
0.03899
0.08655
0.32437
0.14263
0.21592
0.21953
0.31228
0.06837
0.06589
0.07045
0.07619
0.25524
0.08433
0.16058
0.24687
0.31857
0.13484
0.31038
0.21174
0.07042
0.27355
0.10875
0.07863
0.25775
0.18431
0.24853
0.11371
0.10196
0.19428
0.19873
0.28430
0.25286
0.04128
0.12352
0.16481
0.21540
0.20469
0.20220
0.11132
0.24705
0.14019
0.14494
0.23953
0.27346
0.13139
0.13304
0.18953
0.08926
0.02717
0.28715
0.14359
0.19465
0.17088
0.26651
0.19843
0.35278
0.23785
0.18348
0.13291
0.18885
0.18958
0.04858
0.24176
0.11217
0.06436
0.23802
0.21634
0.22392
0.25259
0.02015
0.06766
0.18171
0.22839
0.24969
0.29131
0.08212
0.25372
0.31054
0.13188
0.23379
0.11474
0.08895
0.04713
0.13080
0.07836
0.13643
0.28254
0.29304
0.07162
0.16438
0.02178
0.06129
0.05844
0.30489
