0.07477
0.09745
0.02212
0.22745
0.06607
0.12108
0.21346
0.13583
0.12786
0.07256
0.16819
0.12614
0.14658
0.12060
0.08597
0.22094
0.15506
0.08589
0.05429
0.13342
0.29935
0.10267
0.13155
0.02846
0.24016
0.11691
0.12002
0.23435
0.07091
0.17229
0.09833
0.22793
0.13476
0.11316
0.08459
0.09240
0.17052
0.09099
0.10336
0.14982
0.26089
0.26330
0.06274
0.11382
0.29102
0.21803
0.13097
0.22444
0.18588
0.15934
0.09885
0.12363
0.14462
0.27580
0.09502
0.22781
0.19341
0.10533
0.12038
0.07031
0.25976
0.29681
0.10112
0.19734
0.29269
0.31777
0.03236
0.19936
0.09661
0.02679
0.12865
0.31695
0.30069
0.16827
0.26028
0.11601
0.07167
0.02466
0.21140
0.16917
0.32616
0.13969
0.29438
0.26145
0.24015
0.34579
0.09794
0.08096
0.10786
0.24596
0.33181
0.12070
0.05318
0.24791
0.04589
0.14634
0.21617
0.21097
0.18742
0.15921
0.09206
0.18541
0.11091
0.10670
0.22612
0.26594
0.15553
0.17010
0.16483
0.28784
0.02777
0.27983
0.07763
0.20690
0.11350
0.13228
0.26308
0.05990
0.06463
0.16358
0.21089
0.06355
0.26372
0.02064
0.07919
0.14362
0.29891
0.29766
0.16067
0.26469
0.07104
0.09640
0.27860
0.31987
0.10192
0.13335
0.02512
0.29427
0.24251
0.02092
0.17527
0.03217
0.30836
0.16931
0.13826
0.20879
0.07617
0.34146
0.14210
0.09249
0.19225
0.22414
0.10812
0.30304
0.29803
0.33636
0.09850
0.14453
0.15099
0.15915
0.23660
0.27618
0.22184
0.32317
0.08988
0.10919
0.27202
0.26707
0.05072
0.27766
0.03865
0.21018
0.18140
0.03066
0.07462
0.22547
0.05547
0.08464
0.17333
0.25982
0.08054
0.10491
0.19486
0.16599
0.07446
0.16858
0.21497
0.23490
0.26953
0.19520
0.13560
0.04675
0.07272
0.15477
0.11144
0.19255
0.16049
0.16920
0.07184
0.26089
0.20979
0.07906
0.17748
0.16416
0.04050
0.22179
0.08297
0.20139
0.26844
0.09744
0.28056
0.25459
0.11355
0.22820
0.24764
0.24592
0.14524
0.24730
0.22216
0.32675
0.09778
0.17573
0.08579
0.06284
0.04298
0.03981
0.15100
0.16699
0.14595
0.08158
0.24223
0.08593
0.22744
0.09486
0.03420
0.25183
0.11575
0.02859
0.10770
0.26891
0.07762
0.31389
0.05918
0.10849
0.15878
0.22317
0.10723
0.05450
0.10388
0.09905
0.09893
0.09063
0.07307
0.24592
0.13347
0.14952
0.20971
0.07735
0.05530
0.14531
0.22778
0.11650
0.19670
0.13403
0.08125
0.21935
0.27452
0.09045
0.13662
0.06773
0.04833
0.13018
0.04820
0.03413
0.33287
0.13865
0.06229
0.19612
0.15648
0.07733
0.09634
0.34577
0.12312
0.05961
0.28817
0.11506
0.14528
0.15555
0.15406
0.12913
0.06987
0.04105
0.17004
0.19822
0.16954
0.09107
0.14147
0.13800
0.18608
0.13201
0.30048
0.26422
0.27798
0.13236
0.07566
0.30440
0.29161
0.33046
0.04087
0.26863
0.14546
0.26657
0.17849
0.06958
0.16043
0.09557
0.09527
0.16421
0.21392
0.05030
0.09778
0.08195
0.27862
0.12221
0.22913
0.13054
0.19782
0.24150
0.11539
0.03403
0.25949
0.27375
0.33711
0.24335
0.30423
0.19456
0.23215
0.29253
0.26789
0.26316
0.06425
0.08602
0.10525
0.21677
0.03487
0.04272
0.20263
0.10441
0.23296
0.09076
0.15460
0.11258
0.29096
0.29400
0.25207
0.18568
0.30080
0.10524
0.13346
0.33806
0.05851
0.19656
0.05130
0.07721
0.18701
0.03255
0.23681
0.34254
0.08898
0.04632
0.12721
0.23183
0.09791
0.04601
0.09185
0.07598
0.06471
0.08059
0.20210
0.06704
0.26969
0.11707
0.14523
0.07432
0.18842
0.29139
0.20026
0.25597
0.35285
0.18125
0.29242
0.30191
0.28829
0.29318
0.27551
0.25362
0.33183
0.26264
0.26308
0.26090
0.22776
0.28943
0.18991
0.35839
0.31124
0.24023
0.27283
0.26288
0.25528
0.36756
0.30308
0.21894
0.30254
0.31603
0.21918
0.25364
0.31495
0.28130
0.24472
0.25749
0.26603
0.30555
0.26550
0.20917
0.34465
0.26516
0.24827
0.31817
0.20810
0.31775
0.34431
0.29357
0.31525
0.28160
0.29098
0.25450
0.29106
0.33501
0.23252
0.30097
0.31512
0.26200
0.26930
0.28025
0.21229
0.29728
0.26866
0.27144
0.30237
0.28298
0.27594
0.17324
0.28174
0.34928
0.12100
0.29280
0.23730
0.22762
0.19356
0.37106
0.31088
0.31607
0.17656
0.35243
0.27734
0.28846
0.36100
0.30984
0.28083
0.27494
0.23974
0.27701
0.18149
0.35349
0.27563
0.24400
0.18454
0.33565
0.21821
0.27541
0.28510
0.25630
0.34060
0.31391
0.22754
0.29997
0.29975
0.14789
0.20900
0.27891
0.18433
0.19157
0.16626
0.28764
0.33107
0.28804
0.26980
0.24774
0.27348
0.19939
0.27211
0.28733
0.29659
0.22932
0.28227
0.27580
0.22771
0.17868
0.36478
0.28576
0.19991
0.33655
0.30736
0.25565
0.37129
0.30747
0.24256
0.30417
0.21978
0.29705
0.31101
0.28010
0.26179
0.22299
0.16319
0.33195
0.22045
0.29201
0.23037
0.26548
0.30280
0.25193
0.22084
0.21541
0.29822
0.21550
0.27612
0.19480
0.23038
0.24368
0.23127
0.19237
0.31504
0.31625
0.31372
0.22848
0.19422
0.31934
0.21494
0.18038
0.22082
0.28036
0.29505
0.16138
0.19738
0.29079
0.26971
0.21122
0.15757
0.22705
0.28021
0.19912
0.25384
0.24767
0.30571
0.17558
0.23799
0.26492
0.27883
0.18292
0.28936
0.27326
0.26611
0.38253
0.18909
0.29098
0.22922
0.35690
0.31172
0.22135
0.27856
0.27831
0.29643
0.18925
0.32152
0.27412
0.21229
0.27454
0.29043
0.33058
0.23061
0.28295
0.24609
0.34694
0.23137
0.29835
0.22669
0.27025
0.28701
0.26804
0.21768
0.24840
0.25826
0.33201
0.20566
0.32846
0.23890
0.26485
0.27432
0.27452
0.26686
0.15347
0.24147
0.31296
0.32167
0.25049
0.25588
0.27495
0.27422
0.24643
0.20931
0.28503
0.31182
0.26009
0.24096
0.18995
0.28842
0.31189
0.27518
0.27156
0.23142
0.32526
0.28286
0.20512
0.23166
0.27191
0.29862
0.26399
0.26213
0.24164
0.34169
0.33246
0.14510
0.23406
0.31335
0.25228
0.24993
0.31973
0.33372
0.24132
0.21533
0.17431
0.23518
0.27366
0.34855
0.28184
0.30067
0.26828
0.24946
0.26934
0.27354
0.26981
0.16744
0.33799
0.21350
0.20604
0.33676
0.31918
0.22634
0.23074
0.27808
0.28255
0.32207
0.33914
0.24559
0.26291
0.18628
0.29400
0.29272
0.13172
0.26751
0.18393
0.23847
0.27965
0.22884
0.28389
0.22745
0.24810
0.20604
0.23826
0.20878
0.33714
0.26421
0.25903
0.21243
0.29916
0.26254
0.23113
0.22451
0.35890
0.27871
0.33326
0.24609
0.24181
0.27887
0.24124
0.23011
0.28742
0.17384
0.33736
0.23393
0.33358
0.26338
0.29645
0.33323
0.26325
0.25239
0.25360
0.21958
0.23011
0.28460
0.24221
0.31640
0.31188
0.28856
0.31224
0.37335
0.30618
0.30635
0.27738
0.30031
0.31170
0.36275
0.25275
0.28419
0.31190
0.30361
0.28219
0.31543
0.39749
0.23790
0.24514
0.31156
0.24556
0.30731
0.33062
0.25473
0.23737
0.35119
0.23864
0.28017
0.27186
0.26200
0.25995
0.27130
0.25291
0.25941
0.28786
0.30608
0.29744
0.25969
0.28475
0.27618
0.28127
0.24266
0.25398
0.13220
0.32416
0.32788
0.36457
0.30736
0.28638
0.39130
0.42089
0.26935
0.19559
0.27850
0.39718
0.27335
0.22047
0.27952
0.32579
0.21781
0.23288
0.32713
0.25458
0.27439
0.21681
0.33833
0.34932
0.40817
0.27319
0.27545
0.25770
0.37484
0.30727
0.28190
0.29495
0.32617
0.23467
0.19913
0.32383
0.40750
0.25097
0.37201
0.37618
0.18049
0.28558
0.34043
0.30410
0.28796
0.26056
0.27449
0.17755
0.29353
0.27519
0.30310
0.29660
0.36137
0.23783
0.27560
0.23260
0.20077
0.22606
0.36009
0.17700
0.13362
0.33439
0.16937
0.19958
0.37808
0.15439
0.21198
0.20784
0.28795
0.23014
0.44567
0.18962
0.32110
0.36594
0.24348
0.26672
0.26003
0.25974
0.22400
0.33762
0.16189
0.35723
0.34078
0.24238
0.21722
0.25796
0.33449
0.27301
0.20619
0.36881
0.42423
0.31922
0.26841
0.33475
0.36845
0.21522
0.26730
0.28908
0.38186
0.22007
0.21404
0.24073
0.33748
0.23016
0.22582
0.28139
0.32459
0.34159
0.22856
0.28919
0.32080
0.29774
0.27554
0.23161
0.36157
0.30814
0.26784
0.29945
0.27758
0.31826
0.26821
0.29830
0.23732
0.32430
0.25075
0.23495
0.30695
0.29904
0.26277
0.27059
0.16467
0.31217
0.19206
0.06164
0.17002
0.18787
0.20358
0.28049
0.19198
0.23222
0.33331
0.13476
0.05628
0.15341
0.04627
0.25529
0.23294
0.20740
0.32327
0.06535
0.09862
0.22329
0.16241
0.03545
0.04523
0.18849
0.27043
0.21602
0.21422
0.22309
0.02926
0.31681
0.18565
0.02815
0.06343
0.09332
0.29062
0.08885
0.24539
0.19398
0.33443
0.06630
0.04986
0.05216
0.07600
0.19525
0.10547
0.10567
0.16587
0.29050
0.11234
0.25829
0.22161
0.02554
0.25159
0.05010
0.05586
0.26013
0.20575
0.18699
0.05462
0.04794
0.22029
0.18796
0.23510
0.22840
0.02584
0.04317
0.19868
0.20372
0.15834
0.08895
0.09735
0.18052
0.09029
0.07549
0.26249
0.26945
0.06046
0.11522
0.12447
0.03324
0.03547
0.21008
0.06330
0.19321
0.27213
0.27823
0.20101
0.29511
0.23596
0.14360
0.17863
0.21391
0.21967
0.02271
0.27010
0.07557
0.05270
0.21896
0.22944
0.25793
0.24756
0.05132
0.07700
0.07933
0.15861
0.25511
0.30047
0.05975
0.19998
0.28622
0.13289
0.24473
0.09632
0.02740
0.05546
0.07631
0.03701
0.07595
0.28189
0.23209
0.09703
0.12676
0.02273
0.05902
0.06385
0.27696
