0.11097
0.11698
0.08505
0.25345
0.09190
0.13811
0.23555
0.16727
0.17947
0.08027
0.20047
0.14928
0.16299
0.12759
0.15352
0.23955
0.15384
0.13645
0.10816
0.14948
0.31569
0.13689
0.16126
0.03666
0.26700
0.17019
0.15053
0.20599
0.12903
0.15834
0.18929
0.24158
0.14541
0.11184
0.09988
0.10518
0.09934
0.09360
0.11370
0.14393
0.30848
0.27173
0.09654
0.21599
0.30536
0.21024
0.18658
0.27235
0.19188
0.15788
0.09004
0.17535
0.19056
0.30924
0.09378
0.21004
0.21383
0.13793
0.17214
0.09701
0.24561
0.27605
0.13870
0.16582
0.30255
0.30228
0.07169
0.19686
0.11115
0.05776
0.12456
0.29954
0.30170
0.17510
0.26547
0.12870
0.08407
0.04725
0.20314
0.15661
0.32623
0.14584
0.36685
0.28019
0.26709
0.32989
0.10132
0.09642
0.13526
0.24950
0.34673
0.18820
0.09065
0.26218
0.09431
0.16552
0.16527
0.22154
0.20838
0.14703
0.09568
0.18938
0.12189
0.11898
0.24331
0.29058
0.18582
0.16005
0.19701
0.29566
0.02837
0.27405
0.11740
0.22657
0.10966
0.14721
0.28334
0.05087
0.04839
0.21600
0.23533
0.09531
0.28965
0.03382
0.10962
0.12057
0.27478
0.28377
0.19047
0.27284
0.11317
0.12913
0.30080
0.33350
0.13999
0.14319
0.09866
0.31081
0.26775
0.06906
0.15766
0.04437
0.32621
0.16527
0.14529
0.24130
0.10820
0.38524
0.19391
0.08942
0.18618
0.30404
0.12034
0.32943
0.32099
0.35218
0.09396
0.19893
0.15953
0.20339
0.22701
0.23037
0.28623
0.35009
0.09022
0.14791
0.28881
0.28717
0.10626
0.24882
0.05752
0.28528
0.24525
0.04420
0.09727
0.21300
0.08088
0.07897
0.19298
0.28043
0.09351
0.11231
0.22507
0.14425
0.13605
0.16177
0.23599
0.26705
0.27118
0.17736
0.14836
0.08834
0.07547
0.15942
0.12313
0.25285
0.24011
0.18565
0.09892
0.26774
0.21202
0.09412
0.21915
0.17436
0.04768
0.24059
0.09575
0.20378
0.26016
0.12742
0.26038
0.24884
0.12021
0.23887
0.26876
0.25047
0.12229
0.26886
0.21781
0.36480
0.11436
0.19015
0.09911
0.11239
0.11502
0.03371
0.18177
0.19635
0.15872
0.08642
0.20343
0.12907
0.26881
0.14916
0.05786
0.28242
0.11629
0.05198
0.11926
0.25770
0.09006
0.27160
0.11692
0.11026
0.13895
0.22895
0.10490
0.04353
0.13645
0.11622
0.15409
0.10501
0.12966
0.26400
0.14734
0.16694
0.19959
0.12022
0.06410
0.13646
0.17778
0.16626
0.20883
0.15975
0.15136
0.20910
0.27499
0.09513
0.14390
0.08053
0.12124
0.13649
0.07253
0.05091
0.34472
0.19698
0.06978
0.22807
0.13174
0.07039
0.12137
0.32859
0.13358
0.10100
0.32212
0.12716
0.22950
0.20189
0.17100
0.17183
0.08871
0.09367
0.19007
0.24538
0.19370
0.09874
0.16838
0.14403
0.17560
0.15243
0.32999
0.29380
0.28552
0.16096
0.11991
0.32339
0.31256
0.33116
0.02457
0.26459
0.16472
0.24930
0.15167
0.07422
0.15671
0.12669
0.15963
0.19246
0.20541
0.09884
0.11074
0.06721
0.28006
0.23327
0.28189
0.16146
0.23018
0.22140
0.15152
0.08846
0.28370
0.23424
0.34834
0.28350
0.29867
0.23955
0.26393
0.30790
0.27458
0.24928
0.07933
0.12118
0.10116
0.22776
0.05316
0.06040
0.24496
0.11515
0.25452
0.09827
0.17852
0.14655
0.28383
0.28847
0.23969
0.19692
0.30361
0.14946
0.12718
0.33437
0.12710
0.18361
0.05957
0.09668
0.19760
0.08680
0.24873
0.31180
0.09104
0.07893
0.13418
0.25543
0.12376
0.06385
0.04954
0.06186
0.08596
0.10101
0.22056
0.08665
0.28773
0.15743
0.18119
0.09921
0.19536
0.28392
0.17694
0.26351
0.33402
0.16939
0.28828
0.29677
0.30252
0.31697
0.27224
0.24354
0.33404
0.25106
0.23095
0.26513
0.20364
0.29103
0.19104
0.34969
0.31720
0.27078
0.25774
0.24571
0.25577
0.34200
0.28258
0.22519
0.30366
0.31895
0.22246
0.25203
0.31987
0.27157
0.23881
0.23859
0.27182
0.29793
0.25704
0.22477
0.33300
0.24493
0.20752
0.29497
0.18621
0.30147
0.33636
0.27918
0.29896
0.29425
0.27452
0.23128
0.28030
0.31282
0.19885
0.29763
0.30786
0.25993
0.28932
0.28265
0.17831
0.30210
0.27378
0.28785
0.29856
0.28635
0.27440
0.18544
0.29058
0.34721
0.16233
0.24699
0.16650
0.15651
0.21677
0.36832
0.29179
0.31791
0.16689
0.33623
0.26899
0.25974
0.34327
0.31583
0.29109
0.27716
0.24765
0.25948
0.19551
0.34974
0.28325
0.22958
0.17906
0.31494
0.20061
0.26420
0.29113
0.24990
0.34268
0.32207
0.20548
0.31489
0.29638
0.17567
0.20285
0.28202
0.18506
0.17862
0.15097
0.29994
0.32655
0.26124
0.26705
0.24591
0.29438
0.19687
0.31041
0.25058
0.27403
0.21308
0.26567
0.28995
0.22117
0.16460
0.35405
0.28750
0.17828
0.32689
0.29497
0.25318
0.34696
0.29662
0.23939
0.26016
0.21965
0.27001
0.27739
0.26769
0.28584
0.26341
0.16972
0.30610
0.22673
0.28560
0.22011
0.29749
0.31897
0.27362
0.17958
0.24975
0.27173
0.21502
0.29031
0.19226
0.21979
0.22985
0.22026
0.22357
0.28078
0.30503
0.32312
0.21450
0.17656
0.30230
0.21727
0.17832
0.19866
0.29395
0.32844
0.15621
0.18227
0.27406
0.27406
0.17890
0.15380
0.21752
0.25337
0.22324
0.26885
0.25815
0.31298
0.17393
0.19852
0.25619
0.26723
0.19044
0.28158
0.26797
0.24245
0.35332
0.18427
0.31497
0.23217
0.34898
0.30074
0.24925
0.27441
0.29470
0.25449
0.19750
0.31515
0.29969
0.23706
0.28150
0.25254
0.32912
0.24675
0.29863
0.22968
0.32001
0.24070
0.26134
0.22790
0.24277
0.26222
0.26736
0.23132
0.24662
0.25162
0.30632
0.20937
0.30175
0.22127
0.26088
0.29640
0.27791
0.31432
0.13608
0.18087
0.31410
0.31054
0.26098
0.28575
0.28185
0.25106
0.25260
0.21811
0.29420
0.26994
0.25872
0.24900
0.19992
0.30376
0.29876
0.23957
0.24678
0.22087
0.32774
0.26224
0.16435
0.19140
0.27888
0.28964
0.29272
0.26630
0.25551
0.32779
0.34979
0.14913
0.24549
0.31924
0.25244
0.25450
0.31109
0.31887
0.22415
0.20712
0.20772
0.25982
0.26784
0.34439
0.29489
0.28374
0.27583
0.21055
0.25382
0.30625
0.28014
0.17519
0.31351
0.24258
0.23109
0.31694
0.30760
0.23646
0.21396
0.22691
0.28506
0.34002
0.31708
0.23940
0.26115
0.19724
0.29913
0.30887
0.14105
0.25047
0.18934
0.22265
0.27620
0.22021
0.25192
0.24120
0.23875
0.21324
0.21505
0.27321
0.32575
0.25749
0.26910
0.19457
0.29887
0.24991
0.22497
0.18401
0.29694
0.27717
0.32235
0.27907
0.25462
0.28277
0.25165
0.24069
0.25276
0.18893
0.32537
0.26986
0.32093
0.28066
0.28326
0.33556
0.24597
0.26225
0.29896
0.19166
0.19104
0.27675
0.22700
0.28502
0.30389
0.27154
0.33014
0.36151
0.29843
0.32283
0.25044
0.30087
0.28544
0.35832
0.23012
0.24616
0.31227
0.30223
0.29932
0.31836
0.37211
0.22197
0.27271
0.34313
0.22536
0.30736
0.33259
0.25497
0.26069
0.35007
0.23080
0.25975
0.31548
0.25940
0.25568
0.23985
0.26328
0.26743
0.29717
0.30720
0.28995
0.26181
0.30237
0.26698
0.29839
0.27829
0.29549
0.14081
0.33314
0.32016
0.35634
0.32100
0.31162
0.42235
0.41242
0.26957
0.18415
0.30912
0.38331
0.29886
0.22284
0.31426
0.34452
0.24967
0.26795
0.33537
0.23189
0.25836
0.26621
0.33905
0.35292
0.41934
0.31952
0.31386
0.26669
0.39559
0.28960
0.32113
0.29568
0.37606
0.27345
0.17503
0.30378
0.47064
0.24154
0.43238
0.43587
0.22204
0.30083
0.36701
0.32821
0.30554
0.25602
0.28745
0.22512
0.26799
0.31313
0.30189
0.30873
0.38956
0.29577
0.29406
0.26134
0.23567
0.28707
0.40519
0.25022
0.11117
0.33573
0.18773
0.17785
0.42326
0.14802
0.27193
0.21040
0.28535
0.25094
0.45856
0.18277
0.32795
0.38617
0.25978
0.23001
0.26123
0.26720
0.23838
0.37081
0.16417
0.37511
0.34909
0.27162
0.24998
0.25419
0.34284
0.30260
0.20753
0.33058
0.43524
0.32633
0.30639
0.36833
0.38390
0.21467
0.22942
0.29470
0.39436
0.20191
0.25315
0.21773
0.36768
0.29981
0.26594
0.27231
0.31920
0.36556
0.26761
0.31263
0.32798
0.29870
0.30349
0.26336
0.40933
0.28276
0.24851
0.28121
0.32211
0.35466
0.28301
0.31395
0.23843
0.33027
0.27174
0.25705
0.30651
0.28330
0.24946
0.30115
0.19128
0.31941
0.23925
0.05772
0.11374
0.26785
0.24931
0.28795
0.21998
0.26550
0.34705
0.23642
0.07871
0.15457
0.05236
0.32087
0.25771
0.19605
0.26744
0.03550
0.09705
0.16151
0.21157
0.11190
0.12574
0.24959
0.27335
0.20101
0.21541
0.24731
0.06089
0.30762
0.16360
0.06299
0.08325
0.11125
0.26735
0.17564
0.24916
0.17571
0.31526
0.09268
0.11834
0.08506
0.07364
0.29716
0.11107
0.15322
0.18204
0.28764
0.17310
0.29574
0.21804
0.05162
0.25953
0.07531
0.05415
0.29644
0.18200
0.27333
0.06038
0.10139
0.22391
0.20635
0.26656
0.23473
0.04701
0.06431
0.18504
0.20817
0.17992
0.18512
0.10914
0.24975
0.22296
0.16301
0.25473
0.26365
0.09380
0.15602
0.19152
0.07232
0.06071
0.24072
0.12552
0.20292
0.24856
0.28545
0.19686
0.32142
0.23936
0.24352
0.16873
0.16338
0.19854
0.02866
0.27001
0.09866
0.04111
0.21721
0.21678
0.28453
0.24512
0.04987
0.04140
0.14914
0.20763
0.23399
0.29421
0.10181
0.19901
0.27353
0.18024
0.25860
0.10908
0.02572
0.06455
0.10812
0.06497
0.09690
0.24205
0.23977
0.13924
0.08415
0.06441
0.04895
0.10744
0.24924
