0.10430
0.09192
0.05113
0.27075
0.12566
0.14060
0.25185
0.15650
0.16830
0.06732
0.20842
0.16632
0.14271
0.12891
0.15375
0.25371
0.12428
0.14050
0.09986
0.16110
0.29266
0.13958
0.18052
0.07379
0.23750
0.17572
0.13366
0.15008
0.09765
0.16509
0.15935
0.23772
0.15211
0.10329
0.13338
0.08902
0.13150
0.10317
0.08796
0.15605
0.23901
0.26243
0.09484
0.15384
0.30437
0.23914
0.17918
0.27926
0.18334
0.13437
0.10795
0.11849
0.13747
0.26269
0.09094
0.24968
0.18611
0.14683
0.17956
0.07278
0.27930
0.31066
0.15139
0.20640
0.28652
0.30839
0.03554
0.15130
0.09254
0.03819
0.17466
0.31603
0.20086
0.18161
0.24775
0.11479
0.09259
0.07855
0.19324
0.14905
0.32164
0.20082
0.33140
0.29747
0.23294
0.30218
0.09618
0.07463
0.12258
0.26507
0.33962
0.19188
0.05102
0.24665
0.08604
0.11806
0.21235
0.24272
0.19816
0.15037
0.09607
0.20276
0.11712
0.12449
0.25327
0.28785
0.16839
0.16741
0.14825
0.27220
0.03094
0.26304
0.09940
0.24090
0.10331
0.15553
0.28472
0.03942
0.06890
0.19273
0.22944
0.07695
0.31502
0.01764
0.12591
0.11987
0.31957
0.28550
0.16839
0.26807
0.11499
0.15840
0.30331
0.33025
0.10420
0.13059
0.09759
0.28087
0.26422
0.05846
0.15333
0.03221
0.29647
0.16924
0.13245
0.26086
0.11961
0.33754
0.20478
0.09751
0.17539
0.27336
0.12926
0.32031
0.28735
0.32583
0.11519
0.17023
0.15510
0.11121
0.23645
0.25022
0.27841
0.32563
0.09517
0.12483
0.27066
0.28755
0.10810
0.20570
0.05737
0.27203
0.25820
0.05944
0.12140
0.20948
0.07710
0.08143
0.15889
0.27092
0.09751
0.11191
0.24612
0.14974
0.07445
0.21913
0.25804
0.24588
0.26201
0.18840
0.12638
0.09839
0.05459
0.14159
0.12702
0.22391
0.14960
0.19228
0.08175
0.25957
0.22095
0.10404
0.19106
0.18925
0.03847
0.22198
0.10220
0.23635
0.26679
0.08325
0.27622
0.25005
0.09811
0.23589
0.22990
0.26207
0.11989
0.24413
0.25033
0.33268
0.12743
0.17082
0.12421
0.05809
0.09435
0.05361
0.12741
0.14159
0.14746
0.08888
0.22921
0.08844
0.25017
0.14472
0.07264
0.25996
0.10978
0.03810
0.12222
0.24966
0.08439
0.30226
0.11326
0.11357
0.14241
0.22257
0.11090
0.04099
0.13548
0.10556
0.10707
0.13893
0.13196
0.20815
0.15257
0.15619
0.21192
0.10512
0.05470
0.13861
0.19596
0.15544
0.20650
0.17242
0.17597
0.25183
0.30988
0.09647
0.13361
0.03144
0.06415
0.12327
0.07583
0.05309
0.30915
0.19022
0.07214
0.18828
0.11748
0.06277
0.09085
0.31652
0.15758
0.11316
0.29173
0.12162
0.20492
0.18341
0.19695
0.13826
0.09925
0.09713
0.22105
0.24258
0.17912
0.10367
0.18657
0.17354
0.16560
0.12998
0.34227
0.29781
0.24443
0.15456
0.07708
0.28137
0.23126
0.34426
0.03990
0.25250
0.15114
0.25732
0.13597
0.08143
0.15909
0.14108
0.12475
0.18802
0.24960
0.09261
0.11719
0.12616
0.27726
0.17688
0.26848
0.14427
0.22195
0.20832
0.20824
0.05829
0.22300
0.23209
0.31961
0.25065
0.32115
0.24413
0.26126
0.28851
0.29713
0.24427
0.10691
0.06512
0.14166
0.24226
0.05917
0.07447
0.20117
0.11995
0.23055
0.12854
0.19541
0.11936
0.29050
0.26010
0.21514
0.20426
0.32718
0.15222
0.12047
0.33578
0.09862
0.21834
0.05613
0.07135
0.25466
0.05894
0.23384
0.31619
0.06201
0.08495
0.13246
0.26453
0.11709
0.06340
0.07688
0.08586
0.12965
0.09919
0.20957
0.08139
0.25851
0.19482
0.21081
0.08518
0.21253
0.29156
0.23510
0.26892
0.34474
0.18685
0.28856
0.29963
0.30125
0.29791
0.27741
0.27050
0.35761
0.28361
0.23635
0.26052
0.20855
0.28397
0.21065
0.38115
0.30904
0.25685
0.26459
0.25559
0.26983
0.35596
0.31399
0.25908
0.28693
0.32517
0.27718
0.25645
0.29257
0.26420
0.25722
0.25974
0.28470
0.28984
0.27340
0.23147
0.33384
0.27353
0.26558
0.32242
0.17819
0.31499
0.34993
0.29673
0.31142
0.28754
0.29262
0.23503
0.29562
0.31423
0.23490
0.29666
0.31795
0.28070
0.28727
0.29225
0.17589
0.30204
0.26590
0.28596
0.28095
0.29407
0.26696
0.19924
0.24257
0.34997
0.13542
0.27570
0.20240
0.22101
0.21254
0.37547
0.30802
0.28382
0.16616
0.33730
0.27104
0.25783
0.36447
0.31354
0.29871
0.29632
0.23970
0.26818
0.19703
0.34981
0.27736
0.26509
0.15868
0.34395
0.21668
0.22026
0.27444
0.24955
0.33882
0.30509
0.18514
0.31999
0.28831
0.16935
0.22729
0.32114
0.17992
0.19405
0.15634
0.29834
0.35458
0.31531
0.26720
0.24988
0.28305
0.20257
0.28528
0.30852
0.30376
0.23210
0.28106
0.29212
0.21259
0.17007
0.36568
0.26403
0.23964
0.32121
0.29477
0.24374
0.36126
0.30214
0.22166
0.27606
0.20011
0.29231
0.33087
0.29970
0.26323
0.24950
0.16257
0.33221
0.22143
0.28247
0.20960
0.27650
0.30035
0.27008
0.18523
0.21799
0.29689
0.19785
0.28795
0.20484
0.23250
0.25196
0.23321
0.22786
0.30530
0.29590
0.29762
0.25222
0.21694
0.29759
0.22195
0.20540
0.21387
0.27911
0.31707
0.18050
0.19675
0.28794
0.27087
0.25988
0.16563
0.21927
0.26698
0.22967
0.25676
0.26153
0.29864
0.19056
0.27262
0.27017
0.29995
0.17697
0.27747
0.26297
0.24900
0.39493
0.18265
0.30819
0.22053
0.35048
0.32013
0.28425
0.26970
0.29613
0.27644
0.20633
0.33238
0.28194
0.27356
0.25263
0.28660
0.33544
0.22940
0.26004
0.21170
0.31769
0.25754
0.31878
0.23103
0.27489
0.30202
0.27353
0.22256
0.23978
0.22574
0.33487
0.21945
0.30609
0.21775
0.28880
0.25594
0.26728
0.28021
0.13914
0.27334
0.29595
0.31860
0.26921
0.26250
0.32285
0.26070
0.23518
0.24418
0.28465
0.28811
0.29975
0.25365
0.21355
0.29811
0.30860
0.25073
0.27496
0.25672
0.32530
0.29644
0.23626
0.22906
0.27398
0.29603
0.30095
0.27529
0.23936
0.33940
0.34868
0.14242
0.24369
0.29983
0.26622
0.27301
0.31526
0.31770
0.25708
0.20539
0.21895
0.27256
0.30851
0.34735
0.30392
0.28292
0.28679
0.21877
0.26233
0.26570
0.28123
0.17508
0.30940
0.22897
0.24083
0.33074
0.32261
0.28351
0.24347
0.26777
0.27557
0.32878
0.33154
0.28166
0.23594
0.19667
0.31228
0.29568
0.14342
0.27935
0.19273
0.26207
0.28568
0.24027
0.28847
0.25731
0.27863
0.20626
0.26695
0.22166
0.31619
0.30037
0.26960
0.21668
0.28743
0.26190
0.21689
0.24530
0.33888
0.28898
0.32987
0.26770
0.26011
0.30828
0.23799
0.27611
0.28879
0.20075
0.33912
0.24197
0.28898
0.25912
0.28953
0.34441
0.27957
0.28351
0.29261
0.20505
0.22044
0.29115
0.24414
0.31085
0.28682
0.27672
0.32679
0.38022
0.30801
0.31933
0.25644
0.29797
0.29699
0.33884
0.27379
0.25032
0.31733
0.32473
0.30358
0.32308
0.38918
0.23453
0.28218
0.29454
0.23698
0.30332
0.34058
0.22831
0.24549
0.31085
0.24209
0.29722
0.27195
0.30024
0.21763
0.28057
0.27289
0.29190
0.28533
0.32826
0.31428
0.25592
0.32194
0.30307
0.28677
0.27795
0.26705
0.13204
0.27084
0.31766
0.34596
0.32503
0.30695
0.39242
0.38768
0.26650
0.18710
0.30129
0.39598
0.28513
0.15288
0.31070
0.33817
0.26239
0.24152
0.32654
0.23272
0.26258
0.25156
0.34835
0.35864
0.40449
0.28429
0.29680
0.28788
0.37556
0.23703
0.30354
0.30185
0.33279
0.27318
0.19505
0.30543
0.43854
0.25398
0.39973
0.42439
0.23881
0.30249
0.34331
0.29465
0.29799
0.25808
0.27021
0.23685
0.27546
0.29952
0.29313
0.29227
0.35812
0.26969
0.27376
0.25671
0.21883
0.26704
0.37520
0.23163
0.12228
0.33601
0.16916
0.22997
0.39022
0.17085
0.26644
0.20484
0.30196
0.21837
0.45287
0.20338
0.34005
0.38546
0.26669
0.22143
0.25957
0.25235
0.19068
0.36386
0.18123
0.36503
0.35051
0.25522
0.25570
0.24999
0.34176
0.28869
0.21149
0.34453
0.43109
0.32368
0.30597
0.36140
0.35835
0.22153
0.25880
0.29846
0.37446
0.19879
0.23285
0.22385
0.36875
0.27212
0.25478
0.27988
0.30756
0.35863
0.22285
0.29248
0.32960
0.30146
0.27673
0.25584
0.36449
0.29966
0.22854
0.26713
0.30966
0.34693
0.26686
0.30050
0.24932
0.34338
0.26315
0.24990
0.30888
0.30483
0.23977
0.28478
0.20186
0.29680
0.21894
0.07119
0.10618
0.25462
0.17447
0.22891
0.20039
0.24364
0.28823
0.26867
0.04470
0.21558
0.06256
0.31726
0.24279
0.17383
0.23726
0.04907
0.13472
0.20457
0.27537
0.11590
0.15034
0.23177
0.24056
0.19050
0.21143
0.20035
0.04850
0.33409
0.20095
0.08153
0.04859
0.13619
0.28529
0.13985
0.21841
0.22223
0.25894
0.10290
0.10133
0.08816
0.08475
0.28907
0.04688
0.13609
0.20063
0.31237
0.12131
0.26840
0.20965
0.06603
0.26427
0.05073
0.06268
0.27151
0.19694
0.26173
0.03664
0.09046
0.21536
0.20559
0.31001
0.24556
0.04431
0.07172
0.16850
0.21265
0.13833
0.19117
0.06335
0.17870
0.14421
0.13056
0.23742
0.28295
0.14795
0.13735
0.19952
0.07660
0.06867
0.25595
0.13569
0.20316
0.24998
0.30641
0.19297
0.32930
0.22127
0.21087
0.14943
0.21309
0.22927
0.00487
0.24314
0.14183
0.08541
0.19922
0.27171
0.23850
0.25219
0.07772
0.10732
0.15088
0.13735
0.21411
0.30277
0.05187
0.17586
0.28205
0.13927
0.22278
0.12435
0.02728
0.05435
0.15678
0.07648
0.05840
0.13491
0.24743
0.09077
0.03835
0.01945
0.04493
0.05426
0.26974
