0.12015
0.10176
0.08915
0.25688
0.09577
0.10594
0.14908
0.11266
0.16168
0.04351
0.15381
0.13809
0.14411
0.11638
0.09559
0.21859
0.11919
0.13154
0.07169
0.17071
0.28924
0.11184
0.16347
0.08946
0.24053
0.13284
0.10945
0.27527
0.08817
0.17053
0.12058
0.27590
0.14735
0.10930
0.10055
0.09678
0.12248
0.06660
0.10473
0.15959
0.28207
0.25795
0.08387
0.10800
0.27491
0.25418
0.14801
0.20317
0.17432
0.16847
0.09651
0.17317
0.13396
0.30119
0.12147
0.22656
0.16196
0.12860
0.09611
0.09412
0.28459
0.25072
0.10274
0.26962
0.25322
0.29567
0.05568
0.13930
0.07525
0.04718
0.18602
0.29532
0.25737
0.20307
0.24591
0.07420
0.11989
0.03781
0.21985
0.16403
0.31378
0.15894
0.28144
0.25987
0.26960
0.33100
0.09059
0.07805
0.11770
0.26915
0.27751
0.17345
0.04081
0.24915
0.08060
0.11267
0.19766
0.24288
0.21862
0.17024
0.09377
0.14634
0.09897
0.09909
0.17687
0.30354
0.11991
0.15930
0.20744
0.27046
0.02263
0.22801
0.08264
0.26900
0.09722
0.14536
0.27126
0.06642
0.10992
0.16803
0.27853
0.07079
0.26488
0.01206
0.10539
0.10263
0.30189
0.23307
0.12678
0.26072
0.07589
0.11408
0.30493
0.33081
0.09665
0.12065
0.03529
0.26622
0.22725
0.05718
0.16491
0.03039
0.30411
0.16522
0.11546
0.33986
0.06220
0.36795
0.14084
0.08792
0.15449
0.25608
0.10945
0.31213
0.26628
0.31769
0.09500
0.13528
0.12870
0.20486
0.22428
0.20236
0.27751
0.34462
0.09440
0.09007
0.27544
0.28252
0.06804
0.24814
0.02347
0.21743
0.23108
0.05091
0.10979
0.19166
0.08548
0.08309
0.14696
0.27257
0.06238
0.10729
0.20269
0.13467
0.10457
0.16502
0.19886
0.23749
0.25777
0.19288
0.09230
0.07511
0.05942
0.17031
0.11051
0.22067
0.20330
0.14874
0.09835
0.27597
0.18995
0.10546
0.13012
0.16842
0.07419
0.18350
0.08547
0.19360
0.23000
0.09729
0.22821
0.20741
0.11239
0.26001
0.27014
0.22606
0.13561
0.25635
0.18632
0.34635
0.09307
0.19977
0.08515
0.09641
0.06447
0.06201
0.17190
0.12821
0.15111
0.04315
0.25611
0.07099
0.23393
0.09045
0.06788
0.27337
0.11894
0.04355
0.09739
0.25427
0.05907
0.28787
0.13469
0.11341
0.12767
0.17728
0.12039
0.05255
0.13368
0.11102
0.09819
0.12415
0.11151
0.17615
0.18225
0.15897
0.19981
0.06103
0.03045
0.12749
0.21661
0.16501
0.25274
0.21986
0.12847
0.26260
0.23263
0.11097
0.13419
0.03790
0.08610
0.11756
0.06718
0.04621
0.35365
0.12421
0.04161
0.19807
0.16962
0.10106
0.17261
0.29878
0.14245
0.02749
0.27808
0.11610
0.16536
0.15770
0.16949
0.09144
0.10398
0.06135
0.20683
0.18461
0.15790
0.10103
0.18806
0.16184
0.20271
0.15835
0.31887
0.25725
0.29288
0.15322
0.13901
0.29073
0.28259
0.28802
0.04058
0.25726
0.10203
0.28695
0.10423
0.10957
0.15669
0.12640
0.10559
0.12406
0.22520
0.06631
0.07755
0.05538
0.27069
0.09571
0.18562
0.14596
0.24747
0.19449
0.14636
0.06102
0.17878
0.32296
0.36799
0.27115
0.31085
0.20794
0.24600
0.26899
0.28235
0.25842
0.04700
0.04472
0.12825
0.21858
0.04311
0.07370
0.17108
0.11384
0.21538
0.10286
0.16016
0.08418
0.27988
0.25307
0.24377
0.16525
0.28059
0.08673
0.13426
0.29706
0.06383
0.18224
0.10245
0.09563
0.16129
0.03101
0.21994
0.34426
0.05159
0.05438
0.13270
0.23495
0.09925
0.04170
0.09703
0.07353
0.03898
0.09019
0.12065
0.07810
0.27589
0.20422
0.21899
0.11014
0.21235
0.29735
0.20355
0.24263
0.37448
0.15460
0.30996
0.30517
0.27260
0.30472
0.28990
0.25221
0.36098
0.23893
0.24984
0.22567
0.23734
0.27928
0.19372
0.38847
0.32752
0.26628
0.23639
0.25324
0.26008
0.34096
0.27121
0.22476
0.31008
0.34673
0.19719
0.25388
0.33897
0.28237
0.26057
0.26611
0.27906
0.31644
0.22006
0.24252
0.36491
0.22017
0.22002
0.31777
0.19699
0.30751
0.36399
0.28453
0.27760
0.29299
0.27936
0.24820
0.28491
0.34969
0.21414
0.29737
0.31555
0.23515
0.25960
0.29604
0.17806
0.28690
0.26582
0.29226
0.31416
0.31539
0.22992
0.18261
0.29804
0.37621
0.14854
0.27617
0.18597
0.16024
0.21568
0.35821
0.30345
0.32803
0.15826
0.35138
0.26680
0.27078
0.37551
0.30289
0.28408
0.29031
0.24207
0.28350
0.19384
0.38292
0.27642
0.21425
0.16735
0.32772
0.21392
0.26236
0.28766
0.25842
0.36782
0.33735
0.22336
0.34141
0.31404
0.16960
0.16976
0.26516
0.20271
0.20537
0.15524
0.28777
0.35797
0.23186
0.22934
0.24937
0.28076
0.23202
0.29839
0.25659
0.26440
0.14434
0.27897
0.26933
0.21549
0.15613
0.33852
0.31153
0.17712
0.26858
0.32604
0.27308
0.33603
0.31951
0.24397
0.26271
0.18692
0.27437
0.30630
0.27184
0.25916
0.22078
0.16975
0.28164
0.23378
0.27259
0.24078
0.27031
0.30916
0.30292
0.21019
0.24686
0.28354
0.21037
0.27724
0.21260
0.23097
0.20502
0.22970
0.18988
0.28646
0.32276
0.32278
0.19929
0.22866
0.32810
0.18521
0.19735
0.20386
0.31301
0.30319
0.17698
0.18967
0.22382
0.26708
0.19186
0.15548
0.23006
0.26758
0.22040
0.24949
0.23277
0.29345
0.19449
0.22932
0.25261
0.27086
0.19492
0.27045
0.25521
0.25772
0.36203
0.21821
0.28556
0.24567
0.37914
0.31952
0.23146
0.27529
0.29519
0.25830
0.20881
0.29644
0.28405
0.23322
0.27465
0.27667
0.35376
0.26016
0.30904
0.21566
0.35476
0.20086
0.25964
0.23208
0.23824
0.27033
0.27894
0.22927
0.21901
0.22686
0.31010
0.20700
0.31436
0.24842
0.26079
0.31109
0.30011
0.29191
0.15059
0.19346
0.33561
0.32868
0.25075
0.25251
0.29078
0.25000
0.21626
0.21897
0.29879
0.29623
0.24334
0.23762
0.17343
0.27957
0.30522
0.27420
0.25656
0.23871
0.35047
0.26730
0.18760
0.17780
0.27905
0.29610
0.27981
0.24335
0.21289
0.37113
0.36276
0.17198
0.26095
0.33229
0.24565
0.25345
0.29705
0.34997
0.24638
0.20070
0.21060
0.22964
0.26645
0.36832
0.27803
0.29638
0.26184
0.24714
0.25168
0.29982
0.28126
0.19170
0.33912
0.19309
0.23747
0.34717
0.29356
0.23220
0.25001
0.24073
0.30093
0.33409
0.35202
0.23472
0.29622
0.21458
0.30193
0.33316
0.14314
0.21949
0.22132
0.20750
0.28257
0.26104
0.25738
0.23243
0.23964
0.22080
0.21170
0.25703
0.34694
0.25480
0.22834
0.17838
0.30569
0.24190
0.25249
0.16878
0.32938
0.29045
0.33355
0.25969
0.21630
0.27877
0.28303
0.23527
0.27059
0.18164
0.34166
0.27680
0.33882
0.29466
0.30346
0.35798
0.27338
0.23680
0.27153
0.14669
0.17934
0.27185
0.19720
0.27545
0.30110
0.24782
0.32934
0.38374
0.31863
0.34042
0.26867
0.32908
0.29309
0.36706
0.26291
0.28331
0.32489
0.34214
0.27935
0.33842
0.37920
0.23534
0.22067
0.33074
0.20839
0.31496
0.31005
0.25642
0.20929
0.36531
0.23399
0.25843
0.32637
0.25520
0.18870
0.23247
0.24587
0.27427
0.28082
0.29339
0.28783
0.23317
0.29078
0.26157
0.29398
0.26531
0.25829
0.13454
0.32947
0.32452
0.35741
0.31619
0.33274
0.39920
0.41352
0.27027
0.22801
0.29330
0.38574
0.29565
0.23091
0.30236
0.36473
0.27010
0.22812
0.35317
0.24048
0.28382
0.24536
0.33960
0.36735
0.42652
0.32489
0.32093
0.23600
0.38132
0.31392
0.30802
0.29989
0.36630
0.26324
0.19054
0.32270
0.46888
0.27398
0.41346
0.40755
0.20485
0.27562
0.36456
0.29522
0.30827
0.23997
0.27366
0.21105
0.29457
0.29025
0.31067
0.31221
0.38129
0.28675
0.27395
0.27810
0.21346
0.23745
0.40124
0.25051
0.14531
0.28536
0.17061
0.22148
0.41805
0.19716
0.27087
0.23592
0.25183
0.26345
0.44528
0.21315
0.33279
0.40343
0.24249
0.24493
0.24653
0.26453
0.22895
0.36202
0.21854
0.38768
0.34613
0.24478
0.25387
0.21247
0.34436
0.27844
0.25573
0.34843
0.42682
0.32644
0.30851
0.37946
0.37708
0.21251
0.27646
0.29053
0.38564
0.22801
0.25438
0.26943
0.37744
0.27231
0.27860
0.25917
0.34527
0.35913
0.26717
0.27579
0.33993
0.30565
0.29011
0.25672
0.39202
0.28566
0.30438
0.27992
0.30117
0.34051
0.27319
0.27116
0.24702
0.33382
0.27076
0.24147
0.33385
0.26985
0.22893
0.27746
0.17345
0.31980
0.19653
0.08299
0.12760
0.13214
0.24121
0.27241
0.19324
0.27814
0.37161
0.17131
0.06471
0.16810
0.05660
0.32466
0.29232
0.10303
0.29890
0.06185
0.10731
0.20549
0.21058
0.14347
0.10394
0.26510
0.32397
0.20584
0.20740
0.27015
0.06146
0.32430
0.23463
0.04443
0.08173
0.18412
0.33212
0.15996
0.28221
0.18883
0.30500
0.05059
0.05972
0.09365
0.03964
0.26528
0.13400
0.14502
0.17564
0.32378
0.11109
0.29236
0.21004
0.04301
0.22553
0.07574
0.09407
0.28567
0.17960
0.28102
0.05236
0.10633
0.21760
0.20610
0.32661
0.25398
0.05984
0.11567
0.08672
0.21133
0.19844
0.19868
0.12446
0.26371
0.24869
0.16374
0.25405
0.30429
0.05519
0.11709
0.20489
0.02902
0.05341
0.18164
0.10593
0.19910
0.23467
0.30854
0.19939
0.35771
0.17492
0.21340
0.22715
0.24865
0.23583
0.04233
0.25660
0.11044
0.09783
0.18215
0.24511
0.31231
0.23704
0.07687
0.02802
0.10133
0.16848
0.20560
0.23989
0.19095
0.13875
0.30329
0.06764
0.25014
0.08334
0.04135
0.04647
0.22197
0.09348
0.06875
0.27377
0.31661
0.06797
0.11494
0.04084
0.11629
0.09274
0.24338
