0.10137
0.10076
0.07929
0.22436
0.08096
0.13607
0.22733
0.14651
0.12807
0.05803
0.15964
0.13981
0.12228
0.11607
0.05119
0.24855
0.14407
0.14275
0.06237
0.12269
0.27887
0.10273
0.12427
0.07191
0.23098
0.13211
0.13691
0.27159
0.05803
0.16914
0.17094
0.24209
0.13662
0.12522
0.06378
0.10465
0.13281
0.06986
0.13517
0.17182
0.23944
0.29149
0.08258
0.11012
0.28488
0.18462
0.16704
0.21922
0.19422
0.13414
0.09293
0.12157
0.13718
0.25958
0.09769
0.25543
0.17327
0.13428
0.08489
0.09124
0.28130
0.26182
0.11170
0.24891
0.26507
0.31131
0.02951
0.15338
0.11294
0.04156
0.12403
0.29054
0.28953
0.21365
0.20770
0.10719
0.08093
0.02617
0.19974
0.19509
0.29755
0.15803
0.25784
0.27266
0.24864
0.37275
0.09317
0.07596
0.12653
0.24079
0.26991
0.12356
0.05763
0.22650
0.08117
0.13121
0.22444
0.22310
0.19237
0.15182
0.10063
0.18116
0.12021
0.12439
0.18242
0.32331
0.10705
0.16382
0.16210
0.27024
0.04599
0.27235
0.03830
0.19678
0.11264
0.17367
0.27702
0.04524
0.06662
0.18133
0.24893
0.05597
0.26336
0.01876
0.07560
0.12088
0.33187
0.28684
0.13037
0.24001
0.10460
0.08944
0.27125
0.33031
0.10660
0.12485
0.05105
0.30567
0.26898
0.05372
0.15059
0.04000
0.28227
0.17619
0.13228
0.29214
0.07474
0.33336
0.15926
0.10129
0.15354
0.21161
0.10943
0.29951
0.30434
0.34493
0.12274
0.13696
0.13722
0.20966
0.22972
0.24504
0.28062
0.29788
0.09275
0.10077
0.27064
0.23296
0.05215
0.27887
0.05469
0.19187
0.15750
0.02760
0.10459
0.18820
0.05989
0.07819
0.17733
0.24347
0.08086
0.10844
0.16421
0.12444
0.07139
0.13742
0.21532
0.25968
0.26708
0.18679
0.10033
0.05301
0.02704
0.12762
0.11402
0.26691
0.18094
0.17099
0.07476
0.24364
0.22831
0.05865
0.17114
0.17409
0.05470
0.20553
0.07087
0.18282
0.23909
0.08000
0.23049
0.22649
0.09801
0.23059
0.28114
0.24834
0.12271
0.25204
0.17978
0.35562
0.10420
0.18663
0.09438
0.06694
0.07543
0.04729
0.14886
0.14586
0.14331
0.05204
0.24898
0.07926
0.21890
0.10520
0.07612
0.22431
0.10995
0.02579
0.10936
0.26099
0.07061
0.29166
0.12758
0.11515
0.13220
0.17991
0.11174
0.03553
0.11247
0.10120
0.11813
0.08994
0.09795
0.20315
0.16128
0.16425
0.16593
0.08117
0.03165
0.13486
0.18546
0.15478
0.21932
0.17989
0.09663
0.23598
0.28239
0.09644
0.15500
0.07208
0.06767
0.12569
0.05562
0.04417
0.34041
0.14683
0.06111
0.14559
0.17879
0.06304
0.16732
0.33003
0.10694
0.05469
0.30301
0.11747
0.14332
0.14074
0.16240
0.10808
0.10489
0.07955
0.22141
0.23203
0.12591
0.10142
0.17058
0.14258
0.18483
0.16045
0.33226
0.26377
0.26166
0.13541
0.10530
0.30728
0.28643
0.30949
0.02822
0.27509
0.10915
0.28276
0.14563
0.08996
0.13357
0.12763
0.08527
0.17454
0.21559
0.06623
0.04643
0.07865
0.23506
0.10902
0.19665
0.17315
0.22269
0.21616
0.10042
0.08444
0.22568
0.28338
0.34240
0.20628
0.30282
0.23934
0.24481
0.27903
0.24791
0.24704
0.05720
0.07446
0.12426
0.21128
0.04020
0.05655
0.17723
0.12529
0.20508
0.11340
0.16837
0.08918
0.24701
0.25238
0.24375
0.17721
0.27923
0.12869
0.12736
0.30612
0.04349
0.23689
0.06199
0.04245
0.18748
0.04953
0.26712
0.31605
0.05835
0.09466
0.12655
0.24361
0.09936
0.04674
0.06568
0.05850
0.04803
0.06683
0.19734
0.07940
0.27262
0.14354
0.16829
0.08750
0.21747
0.29467
0.18652
0.24844
0.32385
0.19497
0.27031
0.31615
0.29132
0.32486
0.27342
0.22324
0.32533
0.27605
0.23179
0.22684
0.22212
0.26146
0.18829
0.34738
0.32119
0.28266
0.27428
0.25344
0.25767
0.34831
0.27050
0.24924
0.29548
0.32823
0.20087
0.25028
0.28728
0.28424
0.24860
0.26057
0.29854
0.29633
0.25699
0.21895
0.33394
0.26593
0.24687
0.32009
0.18709
0.32067
0.32152
0.28477
0.29686
0.28073
0.30439
0.23176
0.25811
0.33003
0.23312
0.27310
0.29815
0.25341
0.26277
0.29953
0.18849
0.29102
0.26135
0.25893
0.32064
0.29130
0.27301
0.17635
0.26045
0.34856
0.16337
0.28210
0.21255
0.19765
0.20742
0.35316
0.31285
0.28101
0.18962
0.36603
0.27332
0.29419
0.33656
0.30573
0.28381
0.28998
0.23361
0.27831
0.20954
0.35380
0.28004
0.25996
0.18314
0.33473
0.19453
0.27103
0.29054
0.25790
0.33577
0.32039
0.21597
0.30372
0.29312
0.17036
0.17161
0.28045
0.19324
0.19285
0.14285
0.29945
0.32697
0.25476
0.27527
0.24832
0.29305
0.20919
0.28624
0.28017
0.30307
0.21447
0.26821
0.28542
0.22566
0.18329
0.34865
0.29775
0.17072
0.30450
0.30817
0.26172
0.34668
0.29382
0.22667
0.29468
0.21084
0.27944
0.30064
0.26039
0.27687
0.23991
0.17604
0.29361
0.20117
0.29612
0.21715
0.27891
0.29705
0.27453
0.21938
0.23483
0.29685
0.20701
0.28494
0.18241
0.22869
0.23844
0.24544
0.17439
0.30146
0.30761
0.32562
0.25104
0.16555
0.31696
0.21674
0.17580
0.19209
0.28598
0.31688
0.17052
0.18958
0.28994
0.28243
0.21775
0.15499
0.22798
0.27902
0.21115
0.28428
0.23378
0.32157
0.17679
0.19357
0.27729
0.29379
0.17613
0.30015
0.28496
0.24916
0.37454
0.19546
0.31965
0.21891
0.33968
0.31842
0.26832
0.26333
0.25689
0.27348
0.20280
0.30901
0.28911
0.26162
0.25463
0.25100
0.32765
0.25865
0.27433
0.23835
0.33423
0.23720
0.29272
0.22894
0.28691
0.29386
0.27305
0.22053
0.24549
0.21851
0.31628
0.20644
0.33006
0.24348
0.25309
0.27293
0.28086
0.26308
0.16486
0.21126
0.29423
0.33336
0.26629
0.26903
0.29757
0.27322
0.24955
0.19902
0.29478
0.28273
0.25169
0.25763
0.20748
0.26642
0.31539
0.25328
0.26964
0.22733
0.30285
0.30015
0.19241
0.19371
0.27643
0.27965
0.30093
0.28133
0.26585
0.32215
0.34817
0.16782
0.22385
0.30679
0.26122
0.27663
0.29899
0.33209
0.24216
0.22558
0.20406
0.24882
0.25271
0.33377
0.30162
0.28681
0.27330
0.23200
0.23658
0.30216
0.28703
0.19085
0.34101
0.21551
0.24716
0.31725
0.30197
0.23926
0.23240
0.25437
0.25633
0.32662
0.32203
0.26600
0.26268
0.20908
0.25955
0.29977
0.13053
0.25288
0.21308
0.25656
0.28765
0.24927
0.27251
0.26239
0.24984
0.21752
0.19747
0.25461
0.31694
0.27755
0.26719
0.19115
0.30780
0.25356
0.21934
0.19278
0.34915
0.30451
0.31121
0.26872
0.23024
0.27025
0.24965
0.23769
0.27017
0.17808
0.31254
0.26041
0.33620
0.23724
0.31257
0.34691
0.28100
0.25105
0.29812
0.17835
0.22237
0.28926
0.21521
0.29736
0.29128
0.29275
0.30723
0.36254
0.31703
0.31288
0.28548
0.31409
0.30413
0.35434
0.25145
0.25931
0.31239
0.30782
0.27478
0.30416
0.38805
0.22318
0.27408
0.34898
0.26255
0.31606
0.34361
0.24903
0.23789
0.32828
0.23386
0.25769
0.27600
0.27084
0.24021
0.26758
0.24239
0.25933
0.27630
0.33207
0.28236
0.26298
0.27003
0.27539
0.25837
0.28247
0.30153
0.13507
0.30342
0.32340
0.34503
0.31113
0.30460
0.40196
0.40109
0.25383
0.16447
0.30056
0.35769
0.29966
0.21677
0.29913
0.33487
0.23116
0.23780
0.32328
0.23197
0.26934
0.26710
0.32443
0.37117
0.43786
0.29243
0.29519
0.26016
0.42177
0.29298
0.30897
0.29838
0.36581
0.27754
0.18189
0.34385
0.46627
0.23409
0.41939
0.41143
0.22472
0.30617
0.37506
0.31790
0.26796
0.24333
0.25186
0.21378
0.29001
0.31024
0.28562
0.26177
0.38739
0.28312
0.26708
0.23735
0.19369
0.23932
0.39846
0.22369
0.11301
0.33577
0.15066
0.19387
0.41110
0.17708
0.26978
0.20933
0.25098
0.25769
0.43682
0.19237
0.33275
0.39180
0.25272
0.24856
0.24667
0.27991
0.18745
0.35799
0.18679
0.36800
0.35611
0.23615
0.26240
0.20455
0.35667
0.27041
0.20223
0.32314
0.40781
0.33810
0.29631
0.36696
0.36835
0.18937
0.26720
0.28814
0.38600
0.20047
0.22275
0.22932
0.37155
0.25382
0.27078
0.24414
0.33805
0.35819
0.25323
0.28663
0.32288
0.29950
0.28571
0.26008
0.40470
0.26814
0.26294
0.26849
0.28345
0.33691
0.26383
0.31229
0.24056
0.34964
0.28035
0.23490
0.29942
0.31325
0.24463
0.29277
0.16972
0.24062
0.21402
0.05035
0.13423
0.12652
0.23866
0.29145
0.18941
0.24608
0.37349
0.16855
0.04629
0.20603
0.04346
0.26504
0.28144
0.13932
0.27281
0.07895
0.16831
0.19165
0.27378
0.06505
0.14290
0.22506
0.28308
0.21336
0.21407
0.28059
0.05044
0.33576
0.22408
0.02460
0.04721
0.11338
0.26065
0.13355
0.21759
0.21875
0.30171
0.04354
0.05093
0.07806
0.07414
0.25807
0.15270
0.14698
0.12698
0.27275
0.16197
0.27864
0.21502
0.06052
0.28336
0.09015
0.03490
0.26517
0.19768
0.13316
0.07323
0.08238
0.20175
0.20868
0.29398
0.17160
0.03137
0.03318
0.17856
0.19518
0.17218
0.18304
0.09927
0.24541
0.20302
0.09591
0.24401
0.32586
0.08983
0.10153
0.13214
0.07176
0.04520
0.16354
0.06094
0.18792
0.27391
0.25463
0.20358
0.31752
0.21254
0.18250
0.12695
0.18741
0.18201
0.01871
0.26620
0.08280
0.08994
0.20289
0.23261
0.25180
0.24212
0.05716
0.04566
0.12319
0.23648
0.19199
0.24783
0.08124
0.17520
0.28903
0.13944
0.25236
0.09303
0.04809
0.08103
0.18710
0.03496
0.11266
0.24765
0.26547
0.09276
0.07045
0.05853
0.09279
0.03116
0.26007
