0.09607
0.11792
0.06397
0.24589
0.10433
0.14519
0.23469
0.16976
0.16069
0.05170
0.20384
0.17218
0.13995
0.11587
0.07194
0.24113
0.18566
0.14410
0.05357
0.13636
0.29871
0.09785
0.15282
0.01684
0.25964
0.16071
0.12129
0.24303
0.08480
0.16336
0.17664
0.27413
0.13948
0.09865
0.08315
0.09673
0.20216
0.05664
0.11081
0.16014
0.30941
0.21094
0.09523
0.14016
0.29424
0.23648
0.17751
0.24210
0.15799
0.17080
0.10593
0.10583
0.13782
0.23953
0.09266
0.20920
0.19837
0.15427
0.13760
0.09977
0.27572
0.27549
0.16426
0.18251
0.26555
0.29146
0.05019
0.18326
0.09167
0.05229
0.13080
0.30259
0.28721
0.17496
0.26925
0.11619
0.04067
0.05012
0.21339
0.16143
0.31921
0.13452
0.35330
0.27709
0.23879
0.33109
0.09448
0.08965
0.13048
0.25001
0.32597
0.18732
0.06723
0.25696
0.08735
0.13703
0.21814
0.21379
0.18040
0.17986
0.09163
0.18417
0.11609
0.12367
0.24493
0.27842
0.14284
0.14824
0.17673
0.25772
0.03181
0.25510
0.09407
0.23837
0.12842
0.18385
0.27483
0.04621
0.04336
0.21297
0.25585
0.07004
0.27929
0.01280
0.09949
0.16559
0.31810
0.27822
0.17221
0.26129
0.11587
0.12727
0.30198
0.33160
0.10515
0.13390
0.09113
0.28323
0.24733
0.05247
0.18609
0.03568
0.29860
0.15828
0.12745
0.24958
0.10650
0.35147
0.17385
0.08688
0.16206
0.25276
0.12555
0.33528
0.30438
0.30515
0.14717
0.18298
0.14698
0.20596
0.26384
0.27009
0.28949
0.32834
0.08653
0.09276
0.29570
0.28153
0.06679
0.24667
0.04587
0.21982
0.19267
0.03986
0.10598
0.20552
0.06127
0.07690
0.17679
0.27380
0.11258
0.10939
0.23888
0.17710
0.13835
0.17637
0.22698
0.26800
0.25730
0.17826
0.12178
0.08785
0.04697
0.15757
0.14215
0.25418
0.18570
0.18567
0.08145
0.28791
0.19295
0.09104
0.22602
0.13106
0.08349
0.21933
0.08217
0.20407
0.26667
0.09051
0.23549
0.23741
0.13996
0.26951
0.26018
0.24639
0.12097
0.27315
0.19277
0.34941
0.10697
0.20503
0.11276
0.10581
0.06145
0.06161
0.17522
0.18834
0.15388
0.07654
0.23800
0.11646
0.22862
0.12371
0.04811
0.25366
0.12100
0.04756
0.10064
0.28218
0.08895
0.28761
0.11213
0.11852
0.12072
0.22425
0.11443
0.07162
0.12618
0.11142
0.10004
0.10215
0.11790
0.23953
0.14795
0.16019
0.21447
0.06384
0.06196
0.12525
0.21601
0.16884
0.18902
0.18064
0.13233
0.26114
0.27009
0.09870
0.15148
0.04667
0.07769
0.12834
0.07732
0.03503
0.37680
0.20759
0.07267
0.21289
0.16782
0.06882
0.17441
0.32541
0.14317
0.11012
0.29251
0.11482
0.21733
0.15533
0.14455
0.12115
0.13042
0.09251
0.22766
0.20921
0.18331
0.09373
0.13322
0.18362
0.19156
0.14274
0.32689
0.26472
0.26716
0.12195
0.10666
0.30253
0.29177
0.31943
0.02309
0.24511
0.13232
0.29623
0.14475
0.08729
0.14707
0.13705
0.11007
0.17401
0.22348
0.07226
0.08942
0.08755
0.26870
0.14707
0.22706
0.15511
0.25336
0.18618
0.12328
0.05816
0.22797
0.27017
0.38301
0.27349
0.31618
0.21024
0.25525
0.28850
0.27844
0.28296
0.05731
0.07327
0.14647
0.23035
0.03245
0.04206
0.19620
0.14206
0.21523
0.11467
0.18536
0.11649
0.26988
0.26541
0.24832
0.19147
0.31483
0.16235
0.14047
0.32628
0.05377
0.26437
0.04867
0.09639
0.19196
0.06319
0.24481
0.31980
0.04812
0.08060
0.14856
0.24818
0.11837
0.05231
0.08326
0.08364
0.09559
0.08839
0.18744
0.06326
0.29124
0.19012
0.22870
0.12965
0.18808
0.30365
0.17883
0.31280
0.35490
0.16194
0.29523
0.30852
0.33132
0.34794
0.27994
0.24712
0.35294
0.25301
0.22404
0.28280
0.22633
0.34563
0.17408
0.37506
0.32730
0.25995
0.27550
0.21959
0.28064
0.34721
0.32590
0.24523
0.32062
0.34642
0.23179
0.29437
0.31510
0.26894
0.26001
0.25331
0.29715
0.31728
0.25383
0.23264
0.34791
0.26210
0.27297
0.32196
0.17373
0.29493
0.35013
0.28348
0.31055
0.35111
0.28805
0.22948
0.28872
0.32847
0.23900
0.30752
0.32383
0.23241
0.28250
0.30673
0.15828
0.33637
0.25562
0.28684
0.31985
0.29500
0.30751
0.15805
0.29189
0.36307
0.11513
0.28039
0.19715
0.16939
0.18147
0.35551
0.30436
0.33138
0.16479
0.35305
0.26671
0.23969
0.37845
0.30643
0.32233
0.28850
0.22689
0.28475
0.18196
0.35562
0.33404
0.28326
0.19229
0.32551
0.20030
0.24234
0.29725
0.26085
0.35585
0.31796
0.21711
0.32543
0.30956
0.16840
0.15476
0.27754
0.19289
0.19417
0.13774
0.27477
0.34633
0.30603
0.31205
0.23976
0.31930
0.21447
0.31728
0.28484
0.31915
0.20643
0.28672
0.32816
0.22233
0.17589
0.33932
0.29857
0.20458
0.29742
0.32092
0.25781
0.35449
0.30313
0.22023
0.25773
0.16538
0.29427
0.31165
0.27618
0.30028
0.26649
0.14338
0.33057
0.20497
0.31643
0.20849
0.31848
0.35447
0.29856
0.18516
0.24900
0.29555
0.20607
0.28618
0.18985
0.23719
0.22976
0.22708
0.20337
0.31208
0.32854
0.33104
0.27960
0.18354
0.32857
0.18726
0.21710
0.20069
0.29911
0.29786
0.17462
0.17129
0.26715
0.29750
0.22737
0.14469
0.20057
0.26227
0.21514
0.24054
0.28459
0.34855
0.18483
0.24048
0.28180
0.26945
0.17982
0.29995
0.26105
0.23906
0.38047
0.17495
0.30259
0.22632
0.36412
0.31952
0.29086
0.25778
0.32325
0.27684
0.18795
0.30141
0.27263
0.27582
0.28905
0.29774
0.34520
0.21980
0.28806
0.22106
0.34598
0.26570
0.28053
0.19537
0.26748
0.28703
0.25513
0.21187
0.29255
0.22726
0.31617
0.18416
0.31696
0.22367
0.25405
0.30100
0.28932
0.28070
0.13603
0.22723
0.32413
0.32303
0.25437
0.28600
0.31810
0.26522
0.26431
0.22281
0.30834
0.29856
0.31298
0.23846
0.18346
0.30856
0.30899
0.22772
0.29101
0.23995
0.33789
0.29115
0.19731
0.18138
0.29234
0.30097
0.31798
0.28012
0.24209
0.35444
0.35001
0.14521
0.22662
0.31839
0.28552
0.28318
0.29067
0.34578
0.20723
0.18788
0.21366
0.26725
0.29966
0.35766
0.28959
0.26285
0.31723
0.21901
0.26201
0.30257
0.28662
0.16535
0.32207
0.21660
0.23288
0.33414
0.30388
0.31688
0.22480
0.25299
0.30142
0.37453
0.33970
0.23596
0.27769
0.18716
0.32349
0.32007
0.13638
0.26415
0.19680
0.26701
0.31289
0.22739
0.26688
0.24089
0.27540
0.19784
0.23361
0.24453
0.34178
0.25713
0.29197
0.17957
0.29487
0.24750
0.23104
0.21442
0.35005
0.29790
0.31975
0.24010
0.23381
0.29491
0.26828
0.27374
0.27028
0.14642
0.32258
0.27034
0.34050
0.28317
0.31839
0.35824
0.27006
0.28320
0.33769
0.14903
0.16138
0.30708
0.22129
0.31638
0.31707
0.28622
0.35752
0.38718
0.30617
0.33551
0.27231
0.31442
0.28594
0.36176
0.24453
0.27473
0.32454
0.31787
0.32711
0.32591
0.38990
0.19941
0.27102
0.34158
0.21135
0.32890
0.32799
0.24847
0.26163
0.35673
0.23240
0.29413
0.31052
0.27458
0.24019
0.26503
0.29936
0.27210
0.29631
0.34713
0.28606
0.26792
0.34702
0.27432
0.35170
0.29634
0.27071
0.13564
0.34065
0.33186
0.35709
0.33586
0.32239
0.41650
0.38653
0.27085
0.17280
0.30904
0.37964
0.28409
0.18149
0.33934
0.32889
0.24451
0.21472
0.32848
0.23526
0.27191
0.23333
0.35225
0.35959
0.40277
0.27344
0.31370
0.27992
0.39933
0.26767
0.29055
0.29180
0.32890
0.32302
0.17020
0.31383
0.45667
0.22667
0.39348
0.43800
0.19974
0.30456
0.37193
0.32043
0.30798
0.25422
0.30278
0.19833
0.28781
0.29731
0.29636
0.30409
0.38449
0.27218
0.27557
0.25728
0.17475
0.28146
0.38370
0.24704
0.11005
0.31802
0.11731
0.15903
0.39862
0.18718
0.23584
0.18185
0.29162
0.21432
0.45559
0.19897
0.34495
0.39608
0.24994
0.22821
0.23971
0.23060
0.22867
0.35010
0.16756
0.35215
0.36344
0.24265
0.23675
0.24631
0.34361
0.24356
0.20787
0.34449
0.41882
0.29468
0.27713
0.38314
0.35935
0.21486
0.25276
0.28572
0.38199
0.17551
0.20747
0.20122
0.33020
0.25436
0.26344
0.27568
0.30554
0.38428
0.26461
0.29253
0.32311
0.29322
0.28801
0.25173
0.37671
0.25625
0.27386
0.28420
0.29708
0.32669
0.23822
0.30961
0.23677
0.33882
0.25508
0.23257
0.30960
0.25391
0.22253
0.28410
0.22090
0.31598
0.22018
0.03623
0.17501
0.19568
0.20670
0.28687
0.21085
0.25351
0.35872
0.23257
0.07763
0.13483
0.02999
0.25549
0.26106
0.16076
0.26703
0.02576
0.14060
0.17066
0.24158
0.04813
0.12400
0.22832
0.26428
0.19595
0.21392
0.29343
0.05854
0.32695
0.23311
0.06189
0.10863
0.13484
0.27385
0.12501
0.26160
0.21110
0.29742
0.03133
0.06723
0.09058
0.09298
0.27676
0.18159
0.11100
0.22472
0.33057
0.13748
0.24017
0.21111
0.07860
0.29012
0.04609
0.09306
0.30493
0.18879
0.26629
0.07337
0.04787
0.20026
0.21623
0.26188
0.23031
0.02048
0.09861
0.14897
0.19852
0.18530
0.17994
0.09367
0.24393
0.23716
0.19463
0.24313
0.26740
0.06488
0.06834
0.18300
0.06100
0.07183
0.24431
0.15835
0.19468
0.25544
0.28115
0.19864
0.35484
0.25705
0.19570
0.21133
0.23949
0.18379
0.01559
0.25221
0.06600
0.06969
0.14621
0.24174
0.29169
0.23263
0.05704
0.06995
0.11964
0.21675
0.24205
0.25506
0.06928
0.21302
0.31022
0.13995
0.25246
0.10564
0.02514
0.05070
0.13510
0.04656
0.09008
0.23393
0.27616
0.08447
0.08515
0.03376
0.09643
0.07583
0.18543
