0.10399
0.10184
0.07045
0.22656
0.07832
0.14609
0.20861
0.11592
0.16901
0.07846
0.19063
0.12401
0.11944
0.11891
0.10560
0.23075
0.14078
0.13577
0.06559
0.14127
0.30127
0.12080
0.12337
0.07931
0.20635
0.11613
0.13750
0.23684
0.12580
0.15683
0.13517
0.24628
0.13424
0.09466
0.05823
0.09661
0.14150
0.05102
0.09604
0.14693
0.27886
0.25761
0.10212
0.14177
0.27428
0.21572
0.15235
0.23280
0.15844
0.14904
0.10816
0.13738
0.14729
0.27294
0.08793
0.23252
0.20869
0.11572
0.16455
0.06797
0.28236
0.27039
0.10022
0.19517
0.24810
0.30488
0.04211
0.10224
0.08319
0.06742
0.11845
0.29425
0.29503
0.17768
0.27045
0.10366
0.12481
0.05980
0.23278
0.18413
0.27727
0.16964
0.31110
0.25449
0.27974
0.35734
0.09987
0.09358
0.12185
0.26516
0.29480
0.17102
0.08544
0.27829
0.08984
0.12511
0.19277
0.21993
0.19904
0.15441
0.09175
0.19501
0.11219
0.11009
0.20606
0.30176
0.11381
0.15171
0.17426
0.29098
0.01094
0.28183
0.06633
0.26251
0.10845
0.18245
0.27687
0.05892
0.05318
0.17702
0.23212
0.06170
0.27711
0.03815
0.09785
0.11012
0.32375
0.27036
0.18754
0.25487
0.06412
0.11801
0.30707
0.30379
0.10003
0.11719
0.08468
0.27733
0.26539
0.04937
0.16509
0.06920
0.26683
0.19362
0.09584
0.24671
0.08698
0.33004
0.14266
0.09732
0.14664
0.23172
0.10071
0.30588
0.29763
0.33049
0.09872
0.15370
0.13756
0.18984
0.23953
0.25236
0.30185
0.30042
0.08199
0.09325
0.28973
0.27423
0.06754
0.25535
0.04821
0.19838
0.25092
0.03233
0.08906
0.21459
0.05549
0.05817
0.14704
0.25083
0.09428
0.09610
0.22247
0.14872
0.10233
0.14854
0.18718
0.25233
0.24371
0.15014
0.09332
0.06897
0.03059
0.15831
0.11724
0.20083
0.22067
0.12412
0.09066
0.28849
0.24103
0.10546
0.19843
0.13561
0.05325
0.22349
0.08827
0.20806
0.25650
0.12264
0.23823
0.22890
0.09459
0.21078
0.27562
0.22245
0.12411
0.28729
0.18192
0.32846
0.09551
0.20051
0.09860
0.04799
0.06984
0.04808
0.12549
0.19211
0.14945
0.04382
0.27839
0.11207
0.22252
0.09198
0.07560
0.28339
0.10011
0.04293
0.10839
0.26722
0.05235
0.28222
0.10352
0.11854
0.11625
0.22511
0.10550
0.05546
0.11860
0.11685
0.10842
0.09590
0.08680
0.26059
0.14506
0.15741
0.20253
0.07787
0.07325
0.13714
0.20544
0.15485
0.21341
0.17406
0.14227
0.22659
0.28819
0.10105
0.17441
0.08345
0.10027
0.13061
0.07265
0.03273
0.35504
0.16194
0.06083
0.20626
0.12053
0.05797
0.18723
0.31308
0.10653
0.06897
0.28511
0.11727
0.20727
0.14715
0.14688
0.12580
0.07057
0.07458
0.18481
0.22271
0.14698
0.09595
0.16089
0.12812
0.15599
0.12369
0.33587
0.26645
0.25267
0.14635
0.12353
0.29357
0.31354
0.28821
0.02764
0.28536
0.10316
0.27090
0.11713
0.13419
0.09119
0.09906
0.10749
0.18735
0.23032
0.08072
0.08553
0.08301
0.26377
0.16809
0.20031
0.20070
0.19987
0.22198
0.13567
0.05932
0.25200
0.29296
0.36956
0.23364
0.32887
0.21471
0.22516
0.29291
0.28259
0.27450
0.06054
0.09171
0.07290
0.22936
0.05720
0.04553
0.18786
0.16279
0.21360
0.09735
0.15628
0.13651
0.24709
0.26264
0.21570
0.20595
0.30570
0.12364
0.14842
0.29903
0.10454
0.21024
0.06255
0.04908
0.15395
0.06152
0.23049
0.30825
0.08630
0.09210
0.12115
0.25632
0.09852
0.05182
0.06164
0.07956
0.04556
0.08431
0.18395
0.08980
0.29443
0.16131
0.18711
0.06246
0.19147
0.27939
0.19294
0.28113
0.34841
0.16126
0.28565
0.31413
0.31604
0.34448
0.29805
0.24403
0.34055
0.27657
0.23357
0.26313
0.23645
0.30104
0.17992
0.34893
0.31645
0.28609
0.24742
0.24194
0.25796
0.34097
0.30598
0.23579
0.29912
0.32933
0.22185
0.26289
0.30346
0.28083
0.24576
0.27094
0.28996
0.31241
0.24716
0.22724
0.33532
0.25075
0.26068
0.32636
0.20146
0.31482
0.34946
0.29033
0.29936
0.31116
0.31152
0.23119
0.28387
0.32548
0.21170
0.29180
0.32269
0.25370
0.26678
0.29190
0.18331
0.30584
0.25890
0.27045
0.30816
0.28577
0.24819
0.18123
0.26556
0.35189
0.11299
0.28626
0.22091
0.17572
0.18664
0.36487
0.31032
0.29958
0.16449
0.34568
0.27051
0.28835
0.36801
0.29180
0.29559
0.29205
0.21110
0.28030
0.18027
0.35288
0.29490
0.24041
0.18287
0.33777
0.19638
0.25772
0.29375
0.27123
0.33961
0.32867
0.22071
0.31785
0.28866
0.15712
0.16144
0.31180
0.17208
0.18192
0.15612
0.26711
0.32576
0.27036
0.28294
0.24801
0.29846
0.20449
0.28724
0.27416
0.29148
0.20252
0.27257
0.30182
0.20821
0.15336
0.35777
0.30371
0.15840
0.30530
0.32357
0.25149
0.36096
0.32131
0.23154
0.29397
0.20787
0.28876
0.31649
0.31210
0.25321
0.22788
0.14669
0.31060
0.18878
0.30239
0.21153
0.27405
0.31505
0.28096
0.20214
0.23826
0.29001
0.22030
0.31420
0.19538
0.24299
0.21806
0.22254
0.19978
0.30519
0.32082
0.32357
0.24679
0.19136
0.31864
0.20975
0.22284
0.22347
0.30226
0.29241
0.16800
0.18377
0.25775
0.27503
0.22855
0.14523
0.24763
0.27023
0.20834
0.26488
0.26179
0.32102
0.18203
0.23522
0.25620
0.29732
0.18927
0.30187
0.25852
0.24552
0.39296
0.18911
0.29427
0.22073
0.34699
0.30914
0.26157
0.27036
0.31460
0.27403
0.19103
0.31046
0.26412
0.27000
0.27900
0.26752
0.33780
0.23155
0.26954
0.20912
0.33951
0.25411
0.29688
0.22713
0.25863
0.28071
0.25273
0.23444
0.24038
0.21761
0.31790
0.18191
0.30281
0.22310
0.26716
0.29073
0.27408
0.29231
0.14484
0.19570
0.31257
0.31526
0.26555
0.23802
0.32580
0.27610
0.23434
0.22615
0.30659
0.29614
0.25989
0.25807
0.18650
0.31358
0.29916
0.26796
0.26600
0.23490
0.33289
0.29093
0.19380
0.18267
0.28383
0.30403
0.30734
0.26659
0.18730
0.34575
0.34848
0.14923
0.22672
0.30566
0.27764
0.26919
0.28870
0.33455
0.22264
0.18046
0.19263
0.24643
0.27413
0.35394
0.25713
0.28870
0.29293
0.22139
0.28149
0.28132
0.27220
0.16381
0.32970
0.18834
0.26093
0.33612
0.31933
0.26359
0.22543
0.26966
0.28980
0.34443
0.33474
0.24001
0.27123
0.20059
0.30388
0.31367
0.11959
0.25753
0.22831
0.23483
0.28567
0.25382
0.29199
0.25263
0.28783
0.23298
0.24866
0.23722
0.34300
0.27126
0.26598
0.19800
0.29755
0.24299
0.25471
0.22660
0.33092
0.29410
0.32611
0.24936
0.24099
0.30286
0.25460
0.24271
0.27967
0.16505
0.33494
0.25455
0.33403
0.28392
0.31362
0.34190
0.29784
0.24377
0.30426
0.18330
0.21342
0.27691
0.24676
0.30755
0.30492
0.28279
0.33476
0.37991
0.31474
0.32648
0.25606
0.30171
0.31272
0.35097
0.25790
0.27933
0.32728
0.30830
0.29393
0.32019
0.38379
0.21899
0.22210
0.33105
0.22379
0.32342
0.33712
0.24374
0.22582
0.34858
0.23443
0.27159
0.30122
0.27565
0.25969
0.24205
0.27308
0.28251
0.28307
0.30128
0.29397
0.25423
0.30970
0.27139
0.31009
0.27412
0.28643
0.13145
0.32273
0.30839
0.35682
0.31099
0.31807
0.41812
0.40384
0.26840
0.23106
0.28604
0.35556
0.26532
0.23622
0.30628
0.32209
0.24567
0.24255
0.32202
0.23734
0.29773
0.24228
0.32137
0.37906
0.42227
0.30128
0.29613
0.25008
0.38663
0.30052
0.28782
0.29463
0.34919
0.26383
0.14910
0.33623
0.44852
0.23102
0.40158
0.39719
0.17517
0.28266
0.33926
0.29412
0.28693
0.23608
0.26541
0.21308
0.29775
0.29336
0.29774
0.30991
0.35943
0.28988
0.26757
0.24493
0.16756
0.23731
0.39867
0.23493
0.12677
0.31574
0.18019
0.16947
0.40811
0.14984
0.28388
0.21595
0.25494
0.21996
0.42544
0.19985
0.33003
0.39260
0.23649
0.22556
0.22211
0.26458
0.20998
0.34477
0.19896
0.35730
0.34354
0.26470
0.22542
0.21723
0.32908
0.24377
0.22959
0.34021
0.39104
0.29442
0.30586
0.35347
0.37437
0.19385
0.27010
0.27428
0.37215
0.18815
0.23253
0.24953
0.34518
0.28058
0.24860
0.25605
0.32556
0.36998
0.21773
0.28566
0.33154
0.31364
0.27799
0.24415
0.38562
0.30377
0.24834
0.26989
0.31524
0.34718
0.25876
0.30558
0.24426
0.33200
0.24543
0.23618
0.32392
0.25853
0.21349
0.27173
0.17928
0.30392
0.20310
0.06179
0.05437
0.13070
0.25771
0.27551
0.20200
0.25190
0.34738
0.17487
0.05055
0.13304
0.04340
0.26736
0.26766
0.16284
0.26374
0.05392
0.14202
0.22781
0.27424
0.06802
0.14462
0.25384
0.25329
0.20178
0.20899
0.26822
0.02841
0.32447
0.26287
0.07353
0.08044
0.08355
0.27659
0.14396
0.23381
0.20308
0.27015
0.05364
0.06782
0.04804
0.04745
0.28761
0.05791
0.15665
0.13473
0.21869
0.16808
0.22230
0.22001
0.05496
0.23031
0.08253
0.06966
0.26376
0.17711
0.17545
0.03038
0.06366
0.20824
0.20812
0.28184
0.25618
0.03609
0.02741
0.16722
0.19465
0.10140
0.19511
0.09976
0.28347
0.14755
0.15822
0.27174
0.30864
0.10459
0.19915
0.16824
0.02836
0.04301
0.18312
0.09088
0.20268
0.28490
0.27334
0.19898
0.31320
0.23380
0.18151
0.15642
0.20534
0.17357
0.02087
0.24437
0.09227
0.01475
0.19859
0.25131
0.30115
0.22909
0.06830
0.04242
0.07643
0.21325
0.15776
0.23783
0.11273
0.14931
0.23479
0.19883
0.22577
0.10617
0.03113
0.03107
0.18806
0.03934
0.10747
0.24337
0.27662
0.08702
0.10205
0.04926
0.06945
0.06331
0.19781
