0.10272
0.10144
0.07360
0.25368
0.09989
0.13291
0.25098
0.16650
0.20866
0.11245
0.18953
0.13073
0.13815
0.12888
0.14887
0.24478
0.13889
0.11540
0.08653
0.12235
0.30494
0.12255
0.14924
0.04286
0.21613
0.13774
0.12612
0.22502
0.16235
0.21325
0.16419
0.26786
0.15549
0.10649
0.10873
0.09494
0.14762
0.10729
0.14290
0.19899
0.28588
0.27930
0.14697
0.13669
0.27231
0.21423
0.16016
0.26876
0.19795
0.17486
0.10016
0.14466
0.13782
0.30519
0.09728
0.24017
0.24003
0.12414
0.13574
0.08043
0.24283
0.27591
0.12587
0.23685
0.28656
0.32494
0.06708
0.17592
0.16597
0.04555
0.14161
0.29505
0.31197
0.24113
0.26033
0.18584
0.09428
0.04565
0.21569
0.15158
0.30556
0.18685
0.31513
0.24977
0.28245
0.34621
0.09470
0.17752
0.17638
0.26013
0.32418
0.15141
0.07701
0.25715
0.07025
0.16560
0.21629
0.21310
0.20374
0.18376
0.09947
0.20448
0.12232
0.11791
0.21828
0.29626
0.16614
0.14819
0.17947
0.28979
0.02882
0.27562
0.09557
0.21741
0.12944
0.18459
0.25851
0.07329
0.07619
0.15415
0.24360
0.07007
0.30589
0.03094
0.10359
0.16142
0.26619
0.26382
0.17409
0.25594
0.12431
0.11161
0.28739
0.35029
0.10052
0.15946
0.06721
0.29716
0.26365
0.07069
0.21697
0.06454
0.29385
0.18426
0.14004
0.28473
0.06450
0.35686
0.20452
0.09026
0.19863
0.27035
0.12334
0.28546
0.29374
0.32069
0.13554
0.14914
0.15855
0.18435
0.28329
0.28328
0.30022
0.32089
0.10527
0.15927
0.24232
0.25654
0.09136
0.26240
0.08942
0.22574
0.25091
0.08934
0.09576
0.25043
0.07712
0.07081
0.21693
0.27344
0.06685
0.10973
0.23553
0.14590
0.08995
0.23435
0.22933
0.25634
0.23352
0.22279
0.16933
0.03843
0.07561
0.14796
0.17261
0.23987
0.22612
0.17664
0.10130
0.28355
0.21480
0.08973
0.20970
0.19015
0.07157
0.21658
0.12251
0.21780
0.25910
0.13395
0.25523
0.23137
0.13401
0.22017
0.25076
0.25753
0.14746
0.28678
0.19541
0.33282
0.09567
0.23542
0.09527
0.04684
0.08264
0.08785
0.17792
0.22130
0.19807
0.09450
0.25726
0.14719
0.22086
0.11535
0.07036
0.24757
0.11716
0.05972
0.11366
0.26346
0.09252
0.30856
0.09150
0.11290
0.17818
0.21226
0.12907
0.05832
0.12144
0.10058
0.11994
0.14692
0.12732
0.26194
0.13182
0.19455
0.18739
0.10053
0.07851
0.13615
0.21194
0.13539
0.20821
0.15348
0.13610
0.27868
0.29487
0.09992
0.21475
0.08021
0.10188
0.13745
0.06460
0.04084
0.33041
0.15880
0.07925
0.23000
0.13401
0.09562
0.11719
0.33255
0.13957
0.06910
0.27759
0.12651
0.20187
0.20906
0.19094
0.16467
0.09910
0.09581
0.16218
0.17453
0.19739
0.10067
0.14705
0.16605
0.19997
0.14997
0.34225
0.29564
0.26532
0.11318
0.14150
0.29203
0.32466
0.33947
0.04608
0.23976
0.09978
0.26549
0.15418
0.12811
0.13972
0.12229
0.14331
0.20319
0.21313
0.08695
0.12120
0.08845
0.26952
0.22668
0.24347
0.16861
0.20365
0.24158
0.12516
0.05429
0.31263
0.29212
0.34255
0.27328
0.33412
0.25095
0.22291
0.28717
0.27655
0.25762
0.05721
0.09160
0.14700
0.23749
0.06791
0.09802
0.22434
0.16252
0.22124
0.09215
0.16655
0.12692
0.28023
0.22021
0.26578
0.20898
0.25817
0.15593
0.19013
0.31609
0.13106
0.18999
0.03422
0.10501
0.21012
0.08598
0.24371
0.30972
0.12834
0.08028
0.17635
0.24886
0.12117
0.09040
0.08378
0.05652
0.09228
0.12835
0.20932
0.09119
0.27173
0.23620
0.23598
0.10947
0.20893
0.28192
0.24692
0.30796
0.33867
0.19106
0.26167
0.32577
0.33192
0.32075
0.27337
0.27353
0.32267
0.28533
0.22594
0.27722
0.22147
0.32574
0.18339
0.35903
0.30971
0.27906
0.28904
0.24250
0.28330
0.36787
0.31354
0.24278
0.31275
0.34652
0.24083
0.28249
0.29191
0.28382
0.26747
0.26845
0.31254
0.30159
0.29168
0.21224
0.34554
0.27867
0.28251
0.32849
0.18980
0.31252
0.34032
0.28974
0.31491
0.32451
0.30376
0.25510
0.32018
0.31859
0.25470
0.29093
0.30304
0.24429
0.30233
0.32545
0.19449
0.29631
0.26456
0.27572
0.30526
0.27059
0.29707
0.17611
0.23988
0.32557
0.10742
0.29688
0.26132
0.22561
0.17104
0.37336
0.31251
0.32737
0.19270
0.34376
0.27286
0.25800
0.35215
0.30558
0.30753
0.29386
0.22757
0.28604
0.19084
0.33935
0.31860
0.25490
0.17771
0.33006
0.21101
0.26760
0.29736
0.26388
0.34400
0.28581
0.23409
0.32302
0.33187
0.17417
0.19694
0.30102
0.18819
0.21164
0.17098
0.27993
0.31385
0.30209
0.29397
0.24597
0.32538
0.23260
0.31305
0.30594
0.30322
0.21785
0.28240
0.30446
0.22391
0.19316
0.35454
0.26310
0.23640
0.30297
0.30636
0.27316
0.34710
0.29230
0.23623
0.29834
0.18011
0.29586
0.31639
0.29729
0.25667
0.24150
0.19513
0.32018
0.22311
0.31882
0.21911
0.30879
0.32651
0.28797
0.20920
0.24021
0.29399
0.19964
0.30669
0.19879
0.23530
0.23510
0.24489
0.23635
0.33099
0.31964
0.31482
0.27210
0.23022
0.31739
0.22094
0.24567
0.26318
0.29895
0.28227
0.17133
0.18183
0.27086
0.31736
0.24066
0.16970
0.21700
0.26110
0.24600
0.25316
0.28973
0.31920
0.19438
0.27865
0.25692
0.25697
0.20418
0.31062
0.25344
0.26689
0.39346
0.19518
0.28049
0.21459
0.35194
0.29134
0.27243
0.27716
0.31235
0.26580
0.20007
0.30822
0.24663
0.28752
0.27259
0.28775
0.33756
0.24425
0.28129
0.23602
0.33183
0.27013
0.29787
0.22506
0.25325
0.28074
0.25628
0.21459
0.27829
0.23619
0.30986
0.22558
0.32267
0.23274
0.29307
0.30175
0.27473
0.25595
0.15895
0.25274
0.30863
0.31045
0.29725
0.32453
0.31778
0.25826
0.27659
0.24593
0.27770
0.30819
0.30429
0.23817
0.19890
0.31377
0.29427
0.25379
0.28470
0.22448
0.32498
0.30987
0.22299
0.19852
0.27489
0.29086
0.30954
0.29723
0.23985
0.33693
0.33285
0.16917
0.25784
0.29243
0.27728
0.30952
0.30931
0.32367
0.23730
0.20592
0.20627
0.28964
0.30065
0.35041
0.27214
0.28643
0.31189
0.21717
0.27451
0.30370
0.25461
0.17110
0.30601
0.21432
0.25026
0.32510
0.31142
0.29764
0.24012
0.26789
0.28085
0.35197
0.31840
0.24766
0.27113
0.20016
0.33707
0.28742
0.13619
0.28545
0.20489
0.26157
0.30352
0.24450
0.27892
0.24376
0.28466
0.21793
0.27563
0.24527
0.33386
0.30532
0.29871
0.21014
0.25890
0.26049
0.24863
0.24550
0.29477
0.27559
0.33838
0.23641
0.28156
0.30782
0.28436
0.26566
0.26422
0.17798
0.29885
0.28773
0.31639
0.27237
0.27036
0.33317
0.27159
0.30060
0.30259
0.17586
0.23614
0.32067
0.25778
0.31033
0.28648
0.31633
0.34211
0.36769
0.27082
0.32444
0.26560
0.28267
0.26597
0.35340
0.29463
0.28601
0.32754
0.31331
0.31808
0.32127
0.36957
0.23934
0.26937
0.27877
0.22722
0.31802
0.32986
0.25484
0.24502
0.34184
0.23511
0.31525
0.30091
0.30298
0.29055
0.29491
0.29179
0.26304
0.29148
0.33276
0.27363
0.27077
0.30310
0.28143
0.33300
0.30638
0.26433
0.13813
0.32672
0.34170
0.33270
0.33334
0.32980
0.40720
0.39858
0.30726
0.17155
0.33128
0.37918
0.27287
0.19969
0.31673
0.34917
0.24635
0.24208
0.30655
0.26752
0.27091
0.28231
0.35072
0.31748
0.36982
0.28192
0.32482
0.29193
0.38382
0.24264
0.29656
0.31395
0.33846
0.28466
0.17999
0.32354
0.43971
0.26617
0.40782
0.41519
0.21257
0.32282
0.36490
0.32709
0.26309
0.27825
0.31348
0.23025
0.27820
0.31224
0.29998
0.27128
0.38209
0.30239
0.30865
0.25660
0.23489
0.28237
0.39895
0.18985
0.11180
0.33349
0.15578
0.19731
0.40674
0.17567
0.21515
0.21743
0.30098
0.23020
0.42374
0.19364
0.33995
0.38604
0.24216
0.24306
0.27724
0.22974
0.20681
0.36284
0.17569
0.36883
0.35396
0.29424
0.25709
0.26781
0.34766
0.26606
0.19930
0.30797
0.39627
0.30612
0.30122
0.37011
0.35579
0.25217
0.27318
0.27617
0.39247
0.18932
0.21986
0.21817
0.34701
0.31240
0.25559
0.28650
0.30015
0.36685
0.22987
0.30914
0.36077
0.30464
0.31203
0.25962
0.35848
0.32366
0.21969
0.31089
0.33191
0.31820
0.25356
0.30862
0.23672
0.35923
0.26980
0.28302
0.32392
0.31211
0.24998
0.31617
0.18998
0.34032
0.22980
0.06263
0.17573
0.22851
0.26146
0.28574
0.22089
0.24483
0.35171
0.23735
0.07342
0.14599
0.07415
0.27975
0.23900
0.21725
0.30452
0.05607
0.11929
0.19454
0.23656
0.08505
0.11282
0.23959
0.23600
0.19867
0.20808
0.29074
0.07744
0.34189
0.24233
0.05952
0.10088
0.13745
0.27748
0.16618
0.26606
0.20265
0.28497
0.07818
0.08162
0.06031
0.10027
0.28847
0.15984
0.13787
0.22946
0.31490
0.20068
0.26569
0.20678
0.04240
0.32406
0.08645
0.09442
0.26244
0.16160
0.25987
0.07133
0.11855
0.19216
0.18020
0.28767
0.25024
0.07777
0.04429
0.21506
0.20704
0.19669
0.22621
0.14541
0.29371
0.20190
0.11964
0.27044
0.25752
0.15245
0.13624
0.17454
0.10741
0.03274
0.28011
0.21730
0.20041
0.22498
0.27635
0.19415
0.35514
0.22832
0.23825
0.24933
0.21419
0.21178
0.07995
0.24863
0.10578
0.05218
0.22852
0.24521
0.29391
0.22982
0.11555
0.11056
0.13647
0.24983
0.25610
0.33626
0.14202
0.27351
0.32806
0.14314
0.21920
0.16026
0.05669
0.04810
0.12479
0.10829
0.09233
0.25541
0.31411
0.11991
0.11869
0.07482
0.08403
0.06939
0.26309
