0.13535
0.09950
0.06983
0.25515
0.13001
0.15185
0.21382
0.18289
0.20749
0.06189
0.21268
0.13244
0.18886
0.11059
0.19779
0.23740
0.13349
0.16419
0.11219
0.13901
0.28962
0.13187
0.18230
0.07858
0.24235
0.17194
0.11039
0.27479
0.08795
0.21265
0.18605
0.28128
0.14361
0.10781
0.10566
0.09856
0.10530
0.09521
0.10165
0.18307
0.27042
0.27324
0.08685
0.11964
0.29619
0.24731
0.18883
0.18563
0.20377
0.16437
0.10575
0.21315
0.12442
0.29044
0.09015
0.23448
0.23272
0.14567
0.16578
0.13956
0.29108
0.27858
0.16704
0.21482
0.28794
0.29719
0.04675
0.17204
0.11845
0.06153
0.11430
0.32324
0.31839
0.17495
0.25186
0.13628
0.07856
0.06402
0.24305
0.18291
0.29541
0.20419
0.31064
0.28216
0.26095
0.34054
0.09705
0.10634
0.12559
0.27082
0.31977
0.19502
0.09594
0.25545
0.11091
0.15742
0.22348
0.21738
0.19320
0.19060
0.09649
0.20069
0.11253
0.11757
0.23324
0.29878
0.16640
0.16413
0.20726
0.25793
0.03799
0.26096
0.11882
0.22961
0.09927
0.24068
0.27544
0.05600
0.06586
0.17151
0.22595
0.10047
0.28368
0.02040
0.13705
0.12153
0.31363
0.30074
0.24268
0.23653
0.11410
0.16094
0.30484
0.32137
0.09341
0.16877
0.11413
0.28573
0.24337
0.04480
0.21734
0.06012
0.30251
0.18540
0.15872
0.27539
0.11726
0.34697
0.19321
0.08724
0.14162
0.29564
0.12055
0.29592
0.28362
0.31191
0.17114
0.15102
0.15321
0.24517
0.28216
0.27189
0.28923
0.31543
0.09964
0.14855
0.31044
0.29003
0.10209
0.25935
0.07124
0.25177
0.21548
0.06919
0.15781
0.19668
0.08624
0.06449
0.16216
0.29422
0.11897
0.10427
0.20374
0.19658
0.06092
0.17605
0.24465
0.24186
0.26227
0.22109
0.15464
0.09241
0.06906
0.19847
0.17224
0.23836
0.21226
0.18175
0.10121
0.30292
0.25193
0.13479
0.22841
0.16251
0.09162
0.28839
0.10717
0.20593
0.27651
0.12384
0.24480
0.25071
0.11146
0.23735
0.23900
0.26810
0.12375
0.29284
0.19126
0.33337
0.12081
0.23631
0.18684
0.07331
0.09216
0.07725
0.20323
0.24131
0.16849
0.11280
0.24967
0.10479
0.27327
0.15536
0.06024
0.30425
0.12493
0.04579
0.09690
0.28832
0.12979
0.27489
0.14978
0.11603
0.11441
0.23711
0.10634
0.07858
0.14373
0.10682
0.10839
0.14244
0.17909
0.28483
0.13848
0.16193
0.21190
0.14294
0.11723
0.12644
0.22931
0.17407
0.21142
0.16731
0.21455
0.27220
0.29020
0.10571
0.19188
0.08225
0.11086
0.13296
0.07782
0.07748
0.36881
0.16160
0.08543
0.24408
0.18906
0.06104
0.16003
0.32413
0.14306
0.12351
0.30592
0.12311
0.19093
0.21362
0.17058
0.16932
0.11924
0.07769
0.21751
0.24209
0.20966
0.09674
0.23049
0.21126
0.20129
0.14609
0.30078
0.27934
0.28855
0.18811
0.14908
0.30235
0.29609
0.33365
0.04226
0.26693
0.13871
0.33576
0.16287
0.11646
0.18387
0.13435
0.10006
0.20251
0.26186
0.09918
0.12011
0.12805
0.26851
0.19814
0.24896
0.16460
0.24162
0.23820
0.18129
0.08417
0.25099
0.30732
0.36470
0.26746
0.33572
0.22681
0.25200
0.28268
0.25291
0.26365
0.08323
0.08880
0.19659
0.21218
0.08220
0.08090
0.23283
0.16549
0.26163
0.13878
0.17800
0.12434
0.28770
0.30335
0.25587
0.21631
0.30940
0.15132
0.12580
0.32247
0.08657
0.24841
0.07162
0.07033
0.18725
0.06585
0.25949
0.32554
0.04184
0.10304
0.12723
0.24227
0.10662
0.05726
0.06595
0.05392
0.07565
0.09764
0.21028
0.10102
0.30295
0.22622
0.22245
0.10484
0.19515
0.30154
0.20504
0.28351
0.36015
0.16925
0.29858
0.31958
0.29705
0.33622
0.28613
0.26212
0.36388
0.24949
0.24367
0.25197
0.24698
0.30302
0.18605
0.37672
0.33211
0.25960
0.27067
0.24316
0.26918
0.33674
0.28871
0.25086
0.30409
0.34333
0.21896
0.26797
0.33180
0.27078
0.24620
0.26375
0.30006
0.31155
0.27009
0.22884
0.34942
0.26858
0.25345
0.33082
0.18299
0.31008
0.35171
0.29583
0.29673
0.31822
0.30849
0.23829
0.29159
0.34925
0.22199
0.29727
0.31499
0.26639
0.28724
0.31143
0.17584
0.31009
0.25909
0.27907
0.31888
0.29622
0.28284
0.17620
0.28180
0.37651
0.14782
0.29143
0.23333
0.22298
0.20732
0.35314
0.30500
0.32307
0.16616
0.36110
0.26337
0.25281
0.37407
0.32410
0.30965
0.30005
0.24049
0.29262
0.20017
0.37644
0.29732
0.25625
0.13943
0.33623
0.21911
0.23794
0.29124
0.27811
0.35496
0.32359
0.21612
0.32623
0.31421
0.18912
0.20501
0.30831
0.17201
0.19484
0.16790
0.28942
0.34988
0.26667
0.28035
0.24464
0.29929
0.21479
0.30499
0.28035
0.29731
0.19575
0.29205
0.29207
0.19629
0.18429
0.35003
0.30684
0.22177
0.31261
0.32725
0.27177
0.35206
0.31560
0.23166
0.28377
0.18585
0.28400
0.31709
0.28489
0.27938
0.26347
0.15162
0.32019
0.23596
0.30242
0.22474
0.28502
0.33260
0.30277
0.19205
0.23978
0.30249
0.21382
0.31259
0.20789
0.22530
0.22015
0.23140
0.23020
0.30298
0.32825
0.32935
0.26585
0.21808
0.33550
0.21699
0.21147
0.19411
0.30932
0.29202
0.16717
0.17561
0.27107
0.28709
0.20141
0.16732
0.20832
0.27938
0.23923
0.25004
0.27583
0.32073
0.17917
0.25164
0.28294
0.27793
0.19240
0.28831
0.27847
0.23435
0.37411
0.18581
0.30058
0.21338
0.37383
0.32145
0.27501
0.26045
0.29957
0.27802
0.19222
0.31058
0.28988
0.26689
0.29276
0.27470
0.35013
0.21593
0.29905
0.24231
0.35233
0.24235
0.29679
0.20994
0.27887
0.28584
0.26244
0.24105
0.26120
0.26138
0.32715
0.21420
0.32937
0.24026
0.27217
0.29505
0.28331
0.32086
0.13808
0.23502
0.33838
0.33614
0.27903
0.28932
0.31158
0.27801
0.24870
0.22665
0.31684
0.30773
0.28215
0.24363
0.20166
0.30484
0.32791
0.24713
0.26959
0.22359
0.33064
0.28554
0.21360
0.19239
0.29055
0.28383
0.30368
0.28306
0.25037
0.36503
0.37596
0.13141
0.24767
0.32902
0.28028
0.30039
0.29404
0.34710
0.23448
0.19353
0.21036
0.28127
0.29135
0.37117
0.28240
0.28179
0.30118
0.21381
0.28272
0.30140
0.28913
0.16500
0.34416
0.22303
0.24363
0.35146
0.31033
0.26045
0.26180
0.27441
0.28373
0.34555
0.34095
0.22980
0.28623
0.21418
0.31885
0.31638
0.13096
0.28851
0.20221
0.24895
0.29220
0.24073
0.29530
0.25408
0.26673
0.22887
0.24074
0.22970
0.34426
0.28638
0.28079
0.19485
0.29146
0.24914
0.25091
0.22060
0.33184
0.29934
0.33316
0.24118
0.25015
0.29586
0.26687
0.24162
0.27404
0.17498
0.33105
0.25015
0.34632
0.29071
0.31308
0.35326
0.28990
0.27268
0.31973
0.15919
0.21072
0.30269
0.21651
0.31265
0.31603
0.29941
0.32436
0.39494
0.30859
0.33950
0.26052
0.30790
0.30025
0.36753
0.25745
0.28468
0.34136
0.32418
0.30333
0.34991
0.40186
0.21953
0.28073
0.32224
0.23147
0.32783
0.33599
0.24648
0.24874
0.35210
0.23460
0.28157
0.32643
0.28671
0.26112
0.26254
0.27823
0.28439
0.29780
0.32730
0.29192
0.26076
0.30883
0.26743
0.31324
0.28405
0.27251
0.14780
0.32352
0.33102
0.36599
0.31922
0.32335
0.39949
0.38370
0.27687
0.18378
0.29665
0.40362
0.29320
0.18772
0.31120
0.34204
0.23861
0.24542
0.32897
0.25593
0.29498
0.26205
0.33806
0.34859
0.41101
0.29502
0.30637
0.28570
0.39109
0.28487
0.29509
0.29657
0.33466
0.27457
0.17786
0.33107
0.44705
0.25035
0.39735
0.41342
0.20433
0.31120
0.35582
0.33780
0.30217
0.24560
0.28800
0.21559
0.29500
0.29702
0.29824
0.30118
0.37823
0.28841
0.28492
0.26275
0.18248
0.25649
0.38549
0.26989
0.13739
0.32889
0.17642
0.19035
0.39817
0.14421
0.24896
0.21839
0.28215
0.22714
0.44882
0.18920
0.33579
0.38831
0.23857
0.20447
0.25062
0.23957
0.22030
0.36066
0.17666
0.36045
0.35460
0.27033
0.26227
0.25114
0.34526
0.26463
0.20387
0.34016
0.42249
0.30740
0.28464
0.35016
0.37744
0.24075
0.28074
0.28937
0.39433
0.20746
0.21599
0.24286
0.33709
0.28968
0.26309
0.26453
0.34601
0.38397
0.24196
0.29712
0.31772
0.29839
0.29250
0.26153
0.37966
0.29729
0.27512
0.30219
0.31199
0.34604
0.26937
0.29915
0.24078
0.33555
0.26704
0.25131
0.31674
0.30492
0.25005
0.29244
0.17368
0.32468
0.24697
0.08071
0.13725
0.25711
0.22128
0.30336
0.19616
0.22803
0.30245
0.23729
0.05931
0.21646
0.06670
0.26910
0.25120
0.19908
0.25966
0.11188
0.10038
0.18953
0.23055
0.09651
0.13024
0.21822
0.25358
0.21746
0.21470
0.30290
0.12161
0.33062
0.24254
0.07602
0.05124
0.16892
0.29751
0.18682
0.24606
0.22652
0.29760
0.05160
0.09689
0.04107
0.08012
0.29326
0.17755
0.12880
0.16215
0.31800
0.17312
0.30185
0.22387
0.04595
0.26851
0.11101
0.08535
0.32384
0.18972
0.29078
0.08138
0.08501
0.21034
0.18320
0.29704
0.24210
0.03292
0.11911
0.18773
0.21062
0.21912
0.20024
0.09632
0.22164
0.16439
0.11106
0.27320
0.29387
0.09368
0.14967
0.13819
0.09039
0.04194
0.24604
0.16534
0.19460
0.20056
0.26693
0.18552
0.30072
0.25721
0.23837
0.17960
0.23087
0.20381
0.03526
0.22347
0.09398
0.04662
0.17903
0.21586
0.32072
0.23534
0.10936
0.10695
0.14119
0.26377
0.27619
0.29434
0.10370
0.24793
0.29656
0.12407
0.21978
0.11941
0.03444
0.05943
0.16007
0.07785
0.05503
0.26832
0.29397
0.10533
0.06818
0.03162
0.10441
0.08513
0.30551
