0.08662
0.09479
0.08043
0.26594
0.08711
0.15883
0.24471
0.18296
0.19810
0.06635
0.21426
0.11430
0.18549
0.11550
0.10485
0.22578
0.14132
0.15103
0.05654
0.13348
0.30209
0.12639
0.13893
0.04026
0.24391
0.16957
0.12878
0.25231
0.07275
0.18241
0.13075
0.24014
0.13853
0.10018
0.11334
0.08908
0.12677
0.10413
0.14321
0.15646
0.30206
0.26656
0.09817
0.13606
0.30330
0.23768
0.20797
0.23885
0.19727
0.17597
0.10077
0.15432
0.12067
0.27757
0.09414
0.23904
0.20632
0.15051
0.16145
0.07651
0.28543
0.29669
0.10469
0.17257
0.29249
0.29348
0.05704
0.16838
0.15226
0.04180
0.14451
0.30419
0.30810
0.19780
0.27838
0.17367
0.10435
0.03673
0.25256
0.15592
0.30543
0.15785
0.34645
0.28192
0.26405
0.34378
0.10070
0.10005
0.12993
0.28265
0.32309
0.21061
0.10220
0.26181
0.07213
0.18207
0.23165
0.21151
0.20377
0.16210
0.09036
0.19226
0.10696
0.10664
0.24324
0.27075
0.18035
0.15841
0.21541
0.30389
0.03666
0.25166
0.11405
0.25692
0.10476
0.19099
0.26848
0.05898
0.03911
0.15964
0.22035
0.09162
0.27014
0.02419
0.12445
0.16645
0.27898
0.24659
0.15009
0.25527
0.10267
0.14518
0.30545
0.33072
0.09273
0.15647
0.08902
0.30931
0.26180
0.05489
0.18429
0.02558
0.30114
0.16520
0.15052
0.23118
0.08251
0.36589
0.17019
0.08853
0.15101
0.23799
0.12378
0.33258
0.30198
0.33565
0.13092
0.15611
0.14562
0.19642
0.24226
0.24584
0.27968
0.32480
0.09287
0.09803
0.28925
0.30669
0.05858
0.28079
0.02744
0.24366
0.21717
0.04184
0.13539
0.21187
0.04799
0.07229
0.20207
0.25852
0.06525
0.10532
0.18578
0.16408
0.14598
0.08609
0.23622
0.28519
0.26122
0.18273
0.14433
0.06653
0.05482
0.15151
0.15744
0.26035
0.21838
0.19379
0.08147
0.29178
0.17928
0.07930
0.21225
0.13343
0.08231
0.22761
0.10939
0.20831
0.26416
0.12470
0.25554
0.25141
0.10636
0.27441
0.27893
0.25914
0.12369
0.27388
0.19784
0.33533
0.09959
0.19742
0.12796
0.08618
0.12836
0.05526
0.18037
0.19206
0.13561
0.08669
0.24357
0.14154
0.25799
0.12706
0.05642
0.30372
0.10632
0.04136
0.09989
0.30074
0.10177
0.31374
0.09833
0.11375
0.19455
0.17791
0.10888
0.05070
0.13275
0.09591
0.09901
0.13888
0.13369
0.25966
0.12274
0.14248
0.21555
0.06703
0.03557
0.13939
0.23703
0.17266
0.20690
0.20420
0.15339
0.18880
0.32037
0.09667
0.16499
0.07227
0.10259
0.12298
0.07994
0.05218
0.34717
0.19181
0.06852
0.21705
0.21006
0.07415
0.17761
0.34587
0.13847
0.11259
0.31323
0.11938
0.24414
0.16582
0.17263
0.14112
0.11556
0.06801
0.20697
0.23743
0.20161
0.09236
0.17485
0.15576
0.18953
0.14787
0.33963
0.26079
0.27651
0.12611
0.14431
0.31264
0.31377
0.34740
0.02024
0.27695
0.11478
0.29473
0.15090
0.09001
0.17159
0.11005
0.08847
0.19947
0.22504
0.07552
0.12853
0.10949
0.29262
0.15785
0.24530
0.18997
0.26078
0.24169
0.17091
0.06918
0.25885
0.23747
0.35318
0.24871
0.31660
0.22067
0.23984
0.29778
0.27204
0.27550
0.06236
0.09754
0.12608
0.23019
0.04621
0.03793
0.20226
0.10937
0.23371
0.17297
0.17428
0.12733
0.28615
0.29348
0.25697
0.19379
0.31780
0.12544
0.13377
0.32395
0.06595
0.23957
0.08444
0.10052
0.22685
0.06221
0.24313
0.34281
0.06376
0.08632
0.13256
0.25331
0.10293
0.06702
0.07733
0.07980
0.08441
0.06995
0.23694
0.06446
0.27943
0.14469
0.22311
0.10577
0.16926
0.29275
0.18849
0.22125
0.35615
0.18298
0.29026
0.29959
0.26222
0.25458
0.28658
0.23026
0.34579
0.20559
0.25554
0.22583
0.23989
0.27747
0.20134
0.36943
0.32505
0.22893
0.21247
0.24668
0.23444
0.34625
0.28677
0.22348
0.31572
0.32959
0.14938
0.22626
0.32837
0.27023
0.24184
0.25664
0.25212
0.31563
0.19480
0.19125
0.34592
0.20728
0.16768
0.29332
0.16245
0.28810
0.34858
0.28273
0.25448
0.30576
0.22504
0.21754
0.23525
0.34031
0.17867
0.25736
0.32381
0.19560
0.21525
0.30788
0.18293
0.29879
0.26697
0.28121
0.30879
0.29051
0.19572
0.17251
0.30391
0.35919
0.14582
0.28622
0.17318
0.14930
0.19240
0.35861
0.30638
0.31924
0.18066
0.35045
0.27143
0.26651
0.36214
0.31433
0.26543
0.28530
0.24752
0.26591
0.17505
0.35149
0.25038
0.17094
0.15818
0.31810
0.19262
0.25298
0.29291
0.25296
0.34907
0.32142
0.21043
0.32673
0.30525
0.15695
0.15472
0.25823
0.19255
0.19454
0.14917
0.27558
0.34672
0.23507
0.23518
0.24457
0.26478
0.21943
0.30047
0.24658
0.22870
0.20395
0.28132
0.27951
0.18950
0.19018
0.32956
0.30312
0.18295
0.29764
0.33165
0.23411
0.33336
0.31158
0.24100
0.22296
0.19042
0.29906
0.28788
0.23736
0.25194
0.21458
0.15710
0.28307
0.21948
0.21857
0.21329
0.23417
0.30863
0.29145
0.20724
0.21605
0.27423
0.22234
0.25380
0.20757
0.21797
0.23470
0.22042
0.18890
0.29620
0.32798
0.32691
0.18790
0.21306
0.32704
0.21221
0.19442
0.21175
0.30139
0.29059
0.17741
0.18374
0.29579
0.24994
0.17358
0.17691
0.22706
0.26722
0.16570
0.22741
0.18679
0.27910
0.18305
0.22481
0.27824
0.24813
0.19854
0.25587
0.24754
0.27129
0.35410
0.18804
0.30240
0.21666
0.35674
0.31300
0.21640
0.26970
0.30217
0.26063
0.21789
0.30543
0.28820
0.21893
0.29551
0.26295
0.34336
0.24854
0.27517
0.21609
0.32898
0.17157
0.22563
0.22076
0.20699
0.27074
0.25270
0.20278
0.21614
0.24902
0.30448
0.20404
0.30017
0.22934
0.20305
0.29212
0.29377
0.29766
0.15454
0.20481
0.32659
0.33262
0.23096
0.24600
0.25714
0.25937
0.21013
0.19056
0.30766
0.28929
0.23039
0.23134
0.16922
0.28886
0.31473
0.25844
0.25890
0.17927
0.33856
0.23286
0.15688
0.18536
0.29160
0.29695
0.24605
0.20896
0.26630
0.35260
0.35480
0.14703
0.23701
0.32032
0.26832
0.21742
0.29447
0.33302
0.20370
0.19184
0.17663
0.19435
0.28884
0.36356
0.28336
0.28852
0.27934
0.21834
0.25784
0.29952
0.28880
0.17597
0.33332
0.20556
0.23446
0.34624
0.30055
0.22473
0.24487
0.21362
0.30477
0.32406
0.34607
0.25545
0.28109
0.17422
0.31253
0.31086
0.14255
0.23014
0.19398
0.19501
0.25173
0.22638
0.23286
0.24578
0.22901
0.20142
0.19090
0.23026
0.33573
0.26017
0.22930
0.20969
0.30008
0.24790
0.23775
0.16279
0.32950
0.29505
0.32945
0.25143
0.24924
0.28341
0.26650
0.21855
0.27199
0.19249
0.31750
0.26479
0.33667
0.28336
0.29390
0.34822
0.26205
0.24905
0.28092
0.16282
0.19910
0.24226
0.17867
0.26346
0.32365
0.24418
0.30990
0.38210
0.30826
0.31755
0.26674
0.30321
0.31131
0.34883
0.22980
0.27194
0.32621
0.32145
0.27574
0.32005
0.38587
0.22036
0.20327
0.32385
0.20787
0.31127
0.32088
0.22196
0.25635
0.34260
0.22240
0.20873
0.31183
0.24379
0.20250
0.19392
0.23849
0.27086
0.29232
0.30676
0.28894
0.19211
0.29627
0.26468
0.28294
0.26163
0.27742
0.15387
0.32551
0.33712
0.35200
0.31145
0.31820
0.36708
0.38373
0.27168
0.18269
0.31358
0.38549
0.24969
0.22472
0.29813
0.33147
0.23906
0.20240
0.29621
0.25743
0.26887
0.20320
0.33902
0.32482
0.37856
0.30822
0.31817
0.29297
0.37503
0.28958
0.30467
0.29415
0.35375
0.26444
0.17843
0.31344
0.44816
0.25793
0.39984
0.40189
0.18782
0.29868
0.35155
0.31598
0.29332
0.26707
0.28989
0.19706
0.28859
0.24748
0.29056
0.30419
0.37519
0.27508
0.29883
0.24985
0.19483
0.25385
0.36786
0.23197
0.12735
0.33314
0.16250
0.18200
0.40941
0.13836
0.22173
0.20420
0.25728
0.23204
0.43750
0.19171
0.32288
0.39012
0.23875
0.22731
0.24519
0.22877
0.21505
0.34400
0.15592
0.36034
0.34595
0.23247
0.22914
0.24593
0.34864
0.26703
0.20225
0.33481
0.41700
0.30683
0.28603
0.36900
0.36129
0.22993
0.27207
0.29379
0.37688
0.18277
0.21747
0.21307
0.34557
0.27452
0.25075
0.27681
0.30545
0.34432
0.24086
0.30489
0.31944
0.29304
0.29404
0.25410
0.35716
0.28712
0.27239
0.27965
0.31447
0.33314
0.25763
0.31603
0.24916
0.32214
0.25903
0.25882
0.28512
0.24807
0.22828
0.29457
0.18448
0.34533
0.22604
0.03839
0.11910
0.21273
0.26315
0.29904
0.21307
0.26215
0.35322
0.19285
0.08796
0.22738
0.02989
0.29349
0.22516
0.19627
0.32361
0.08209
0.10154
0.17423
0.12864
0.10991
0.15907
0.22759
0.28481
0.10807
0.20955
0.25579
0.08817
0.30105
0.20466
0.02245
0.08005
0.14013
0.30052
0.15183
0.23452
0.19733
0.28729
0.05908
0.08207
0.10228
0.09017
0.29963
0.14752
0.10338
0.19381
0.27770
0.15614
0.23052
0.21053
0.07126
0.31859
0.08121
0.02528
0.26708
0.20031
0.23602
0.08805
0.05184
0.21849
0.20078
0.28317
0.27941
0.02939
0.04201
0.16723
0.20707
0.20697
0.19340
0.09785
0.24729
0.19573
0.08774
0.26480
0.28120
0.09560
0.15813
0.11618
0.03773
0.02367
0.24774
0.09606
0.19535
0.24327
0.26743
0.20548
0.31285
0.24579
0.21736
0.22839
0.18978
0.20463
0.03158
0.25026
0.10706
0.04836
0.20747
0.22642
0.28514
0.22032
0.04163
0.10367
0.08461
0.21732
0.25745
0.29585
0.07902
0.26890
0.32044
0.16641
0.22630
0.07616
0.08105
0.03143
0.13566
0.09259
0.07217
0.25898
0.29199
0.07231
0.10262
0.04988
0.08715
0.05317
0.24315
