0.10654
0.10887
0.04857
0.24725
0.10594
0.13006
0.20138
0.15044
0.17806
0.04250
0.17138
0.13703
0.17768
0.10999
0.11870
0.21757
0.11082
0.08872
0.07864
0.14469
0.30177
0.12837
0.15513
0.03497
0.24819
0.14678
0.11682
0.27454
0.07998
0.16219
0.15554
0.23164
0.13725
0.11477
0.17873
0.09868
0.11653
0.13603
0.11799
0.15259
0.27002
0.25473
0.08695
0.12342
0.29251
0.22197
0.14685
0.26724
0.21040
0.14782
0.09455
0.10046
0.13171
0.27460
0.10351
0.20412
0.20290
0.12788
0.12992
0.09216
0.25882
0.29826
0.13130
0.18985
0.27076
0.30918
0.04934
0.15011
0.09264
0.03387
0.12452
0.32033
0.33455
0.20251
0.25364
0.10275
0.09000
0.05026
0.18658
0.14549
0.33661
0.14752
0.31146
0.28174
0.23957
0.34577
0.09894
0.09348
0.15046
0.21517
0.32960
0.17089
0.06090
0.28174
0.05092
0.15235
0.21610
0.23349
0.19630
0.14269
0.09931
0.18511
0.10378
0.12422
0.23234
0.28084
0.14843
0.16481
0.18721
0.26303
0.03219
0.27085
0.10996
0.23196
0.13936
0.12003
0.27009
0.05911
0.05921
0.13413
0.27315
0.04225
0.27586
0.02734
0.10160
0.12098
0.29255
0.26443
0.11657
0.23327
0.10780
0.11960
0.30428
0.34388
0.10237
0.12896
0.07595
0.28182
0.26583
0.05355
0.13807
0.03037
0.31364
0.19097
0.13978
0.22911
0.08420
0.34387
0.17957
0.09164
0.19242
0.24737
0.10962
0.30913
0.31511
0.31329
0.10823
0.12285
0.14148
0.19411
0.28971
0.25769
0.22251
0.32337
0.10225
0.10905
0.29217
0.27533
0.06650
0.20066
0.05912
0.23010
0.24163
0.03736
0.09328
0.26978
0.07284
0.05868
0.21065
0.29679
0.07369
0.11509
0.22307
0.16687
0.09043
0.17621
0.23216
0.23337
0.25326
0.20939
0.13026
0.07108
0.05389
0.14560
0.13493
0.22750
0.21611
0.13725
0.06796
0.27332
0.19742
0.06783
0.18584
0.15152
0.06885
0.23359
0.14118
0.19466
0.25652
0.08090
0.28781
0.20291
0.10854
0.24878
0.25200
0.25395
0.12019
0.25306
0.22455
0.34397
0.09267
0.21977
0.11146
0.10257
0.06615
0.05160
0.18847
0.20515
0.18699
0.07777
0.24225
0.09727
0.20070
0.13137
0.08108
0.28316
0.10908
0.03390
0.10693
0.24967
0.11655
0.29735
0.08020
0.11370
0.15839
0.21969
0.12667
0.05333
0.09815
0.09498
0.10820
0.12405
0.12027
0.23732
0.13264
0.15448
0.19058
0.10340
0.07329
0.13808
0.18355
0.14936
0.18976
0.16133
0.10153
0.29645
0.27562
0.09681
0.17757
0.07845
0.08848
0.12780
0.09244
0.03457
0.37455
0.17054
0.05715
0.18209
0.17446
0.10981
0.11414
0.32112
0.16068
0.09489
0.30804
0.12812
0.21162
0.22045
0.17725
0.15665
0.10245
0.06801
0.16029
0.22581
0.18719
0.10577
0.16230
0.16667
0.17539
0.13210
0.34145
0.30216
0.25371
0.16064
0.10064
0.30425
0.30394
0.34091
0.04657
0.26873
0.12332
0.30321
0.16005
0.08872
0.13931
0.10514
0.09948
0.21587
0.22292
0.06542
0.06997
0.13141
0.29285
0.18787
0.26369
0.13108
0.24988
0.25731
0.16050
0.02906
0.25574
0.29988
0.33608
0.23898
0.31148
0.19648
0.24837
0.27353
0.27333
0.22543
0.06201
0.08068
0.13881
0.23947
0.04411
0.03593
0.22157
0.10836
0.24461
0.13238
0.16652
0.11931
0.30894
0.27246
0.21917
0.19725
0.29640
0.12708
0.14424
0.31235
0.07624
0.23204
0.05545
0.11033
0.18522
0.08032
0.22795
0.33713
0.09998
0.09506
0.12708
0.25277
0.10857
0.05045
0.05282
0.07388
0.07370
0.08645
0.20254
0.08549
0.26811
0.19527
0.19172
0.12042
0.20416
0.30048
0.22586
0.26423
0.32054
0.18240
0.27623
0.30736
0.28990
0.33754
0.26912
0.24652
0.33134
0.24951
0.23843
0.27533
0.22692
0.29307
0.21015
0.34212
0.31824
0.26283
0.26662
0.26104
0.26976
0.35036
0.31338
0.25629
0.30783
0.31715
0.21991
0.27388
0.32603
0.26505
0.23436
0.22568
0.31211
0.30002
0.25995
0.22555
0.31470
0.27676
0.22805
0.31245
0.19996
0.31230
0.32956
0.27228
0.30789
0.31462
0.30273
0.22657
0.29477
0.33713
0.18461
0.29483
0.31326
0.27420
0.28452
0.30266
0.20713
0.31673
0.26233
0.26124
0.29400
0.27901
0.28380
0.18495
0.27877
0.34772
0.16653
0.25638
0.18152
0.21024
0.21515
0.35636
0.30147
0.30158
0.17779
0.34770
0.26555
0.24952
0.35377
0.30703
0.31187
0.27699
0.24159
0.27271
0.20253
0.34068
0.30106
0.22964
0.16587
0.31451
0.22679
0.24932
0.28072
0.26092
0.34865
0.31553
0.22488
0.30254
0.30399
0.18901
0.18268
0.27661
0.19136
0.21356
0.16981
0.27878
0.31966
0.26525
0.29069
0.24889
0.31532
0.21485
0.30360
0.27507
0.28838
0.22317
0.27620
0.30668
0.21270
0.19390
0.34268
0.29234
0.17469
0.31856
0.30347
0.25512
0.35129
0.30360
0.23184
0.29299
0.21378
0.28366
0.30755
0.29480
0.28618
0.25290
0.18096
0.32179
0.23522
0.26830
0.21369
0.28276
0.32493
0.25642
0.20603
0.21857
0.27416
0.22369
0.29457
0.20696
0.25524
0.25978
0.23549
0.22141
0.30554
0.29754
0.30250
0.23777
0.19015
0.31509
0.21633
0.20329
0.19657
0.26413
0.30583
0.17409
0.19553
0.30625
0.30000
0.21255
0.16596
0.22412
0.25638
0.22986
0.25680
0.27049
0.32074
0.18926
0.22642
0.26277
0.29559
0.19018
0.30005
0.26813
0.26016
0.35155
0.19523
0.30175
0.23049
0.34586
0.30264
0.24441
0.27143
0.29540
0.26029
0.20925
0.29366
0.28673
0.28237
0.27368
0.27444
0.32552
0.25157
0.27665
0.23975
0.32496
0.23135
0.29789
0.23436
0.26605
0.26722
0.26872
0.22411
0.25054
0.25487
0.31883
0.21649
0.31115
0.24132
0.28016
0.27965
0.28261
0.27259
0.15412
0.22892
0.31430
0.31538
0.25382
0.29120
0.31281
0.24119
0.22303
0.18058
0.28529
0.28468
0.27221
0.24668
0.20283
0.29261
0.29538
0.26660
0.28172
0.24080
0.32343
0.29878
0.21639
0.19465
0.29508
0.28620
0.31155
0.25608
0.25546
0.31110
0.34084
0.15688
0.25943
0.30086
0.26558
0.28357
0.30383
0.33035
0.24140
0.20957
0.21750
0.25623
0.28976
0.33422
0.29989
0.30503
0.27725
0.22233
0.26379
0.27502
0.26952
0.18090
0.33541
0.23548
0.25316
0.34398
0.28649
0.26235
0.22813
0.25344
0.28886
0.34541
0.32822
0.25259
0.25852
0.19997
0.30605
0.30202
0.14907
0.28221
0.21401
0.27291
0.30309
0.23192
0.28294
0.23390
0.25928
0.21240
0.22894
0.24485
0.31108
0.26458
0.28231
0.22111
0.27847
0.24685
0.21794
0.19887
0.33773
0.28736
0.31343
0.27249
0.24703
0.28229
0.25779
0.24122
0.26384
0.19664
0.30436
0.26565
0.33292
0.25707
0.29608
0.34206
0.24969
0.26198
0.30876
0.19905
0.19749
0.29663
0.21933
0.30948
0.28103
0.28654
0.32758
0.35288
0.30845
0.30707
0.25489
0.28698
0.29136
0.35219
0.26144
0.25708
0.31416
0.31717
0.29926
0.32101
0.38658
0.23248
0.27530
0.33416
0.26526
0.31367
0.32211
0.23891
0.25133
0.33572
0.20989
0.27751
0.28536
0.28523
0.24406
0.25884
0.26825
0.28322
0.27901
0.32748
0.28486
0.26137
0.30934
0.28359
0.31509
0.29500
0.28095
0.15517
0.30715
0.33820
0.35315
0.33631
0.30857
0.41069
0.41968
0.27836
0.18911
0.29855
0.38928
0.28275
0.20509
0.31167
0.33552
0.27450
0.24833
0.33584
0.24192
0.26906
0.24369
0.32830
0.36565
0.41337
0.31455
0.30506
0.27979
0.39434
0.31404
0.33757
0.31080
0.35548
0.27733
0.20260
0.30407
0.46112
0.26710
0.41694
0.42226
0.20904
0.30042
0.37484
0.31411
0.29521
0.24895
0.28674
0.22310
0.29245
0.30303
0.30883
0.31126
0.38524
0.28331
0.29199
0.24532
0.22444
0.26887
0.40399
0.21022
0.14234
0.35244
0.16614
0.18725
0.40925
0.16816
0.23701
0.22233
0.29349
0.26270
0.43721
0.19474
0.34056
0.39694
0.25247
0.24985
0.25621
0.28013
0.23873
0.36006
0.18030
0.36581
0.35106
0.24783
0.24370
0.25119
0.36092
0.27770
0.21486
0.34044
0.42000
0.33543
0.30195
0.36836
0.37925
0.21994
0.28075
0.29424
0.38882
0.20869
0.24934
0.24669
0.37236
0.28605
0.25241
0.27520
0.32266
0.38589
0.25374
0.29052
0.35342
0.30199
0.29613
0.25163
0.39804
0.29961
0.27873
0.30240
0.31779
0.34888
0.27263
0.31691
0.24334
0.34734
0.28657
0.22705
0.32847
0.28716
0.22838
0.29033
0.18664
0.26880
0.19356
0.10273
0.12116
0.19503
0.24179
0.21433
0.21115
0.25513
0.34368
0.15006
0.13508
0.21209
0.01931
0.31183
0.29205
0.17559
0.27389
0.04941
0.21075
0.20106
0.16891
0.05816
0.04256
0.22502
0.26622
0.21636
0.21281
0.21030
0.08671
0.28919
0.15641
0.07492
0.06840
0.13990
0.27026
0.09719
0.22399
0.20547
0.27535
0.02983
0.04595
0.07418
0.09927
0.29312
0.16012
0.14965
0.17723
0.29709
0.08812
0.31483
0.20916
0.05560
0.22923
0.07650
0.11382
0.19854
0.19523
0.21053
0.09513
0.09292
0.20222
0.19721
0.25633
0.25328
0.07537
0.11121
0.19782
0.20481
0.22151
0.18707
0.08438
0.27554
0.19130
0.10941
0.26019
0.28666
0.09948
0.11737
0.12428
0.09261
0.02082
0.24415
0.18578
0.18646
0.24228
0.27005
0.20592
0.30948
0.22129
0.24972
0.16354
0.20266
0.15500
0.03677
0.24114
0.08809
0.04588
0.16219
0.24377
0.27529
0.27350
0.03060
0.05335
0.21139
0.18371
0.22303
0.23978
0.08919
0.16216
0.30090
0.10461
0.21778
0.11647
0.03003
0.04197
0.13992
0.05557
0.05655
0.21972
0.27845
0.10996
0.07049
0.04496
0.04324
0.07498
0.25173
