0.13212
0.11172
0.04572
0.21737
0.04938
0.13073
0.20792
0.11379
0.15499
0.07952
0.15011
0.09999
0.13777
0.11861
0.10842
0.22952
0.15669
0.13576
0.05196
0.13528
0.27706
0.08941
0.12599
0.04207
0.23721
0.11530
0.12497
0.26426
0.10411
0.08903
0.11563
0.22735
0.11853
0.09882
0.05624
0.09532
0.13591
0.04114
0.14668
0.11898
0.31165
0.26390
0.10051
0.11218
0.28260
0.19042
0.14548
0.21195
0.17145
0.13644
0.09842
0.13722
0.12087
0.25880
0.08630
0.20484
0.18531
0.11078
0.12345
0.05646
0.24669
0.29138
0.08053
0.19366
0.28560
0.28264
0.05033
0.14851
0.06696
0.04912
0.11469
0.32141
0.23311
0.13758
0.25111
0.07728
0.08916
0.05040
0.22454
0.15372
0.30964
0.10044
0.30967
0.25027
0.24334
0.34408
0.09741
0.04431
0.12003
0.24524
0.32484
0.15623
0.06629
0.21390
0.04776
0.17186
0.18036
0.19168
0.20720
0.13864
0.09235
0.15955
0.10246
0.13419
0.16010
0.28346
0.11728
0.14436
0.13306
0.26019
0.02278
0.26835
0.08069
0.22926
0.10300
0.14125
0.27079
0.06173
0.07836
0.17760
0.23142
0.06771
0.29333
0.03846
0.06544
0.13824
0.27248
0.27296
0.11428
0.22639
0.07766
0.08706
0.31204
0.31252
0.10563
0.10136
0.03687
0.27080
0.24969
0.05517
0.16371
0.02395
0.28445
0.19712
0.10427
0.20914
0.08220
0.32866
0.14216
0.10282
0.15010
0.22495
0.10495
0.31329
0.26996
0.31561
0.06778
0.17186
0.13766
0.20255
0.18980
0.23521
0.25954
0.29306
0.09016
0.09449
0.26107
0.28528
0.06353
0.20344
0.06057
0.20567
0.19764
0.04033
0.04161
0.20346
0.06700
0.06069
0.15192
0.28368
0.06441
0.09931
0.20839
0.15337
0.09107
0.15800
0.19982
0.25042
0.25892
0.14207
0.07899
0.03937
0.06200
0.13096
0.12270
0.23751
0.19247
0.12828
0.06634
0.26794
0.21381
0.09265
0.21281
0.14616
0.04708
0.19429
0.07202
0.18485
0.23464
0.07843
0.24394
0.20561
0.07867
0.23835
0.26879
0.23672
0.12921
0.23614
0.19681
0.35865
0.13238
0.11384
0.08205
0.07651
0.09062
0.04621
0.12862
0.15592
0.11292
0.04932
0.20841
0.11988
0.24194
0.09914
0.08578
0.25428
0.10772
0.06440
0.09696
0.25563
0.06505
0.28347
0.09653
0.12435
0.13620
0.21751
0.11674
0.05281
0.07938
0.11683
0.09333
0.12212
0.10183
0.23052
0.14686
0.15520
0.20265
0.03339
0.04567
0.15097
0.23486
0.14272
0.20305
0.19474
0.17778
0.20722
0.29314
0.08801
0.15092
0.08024
0.13216
0.12003
0.06327
0.03065
0.35538
0.15224
0.05909
0.22174
0.16284
0.08356
0.15482
0.34058
0.13024
0.08272
0.29862
0.11763
0.20403
0.15515
0.16054
0.13445
0.09446
0.05601
0.16433
0.18809
0.09964
0.09547
0.18872
0.10759
0.16917
0.12243
0.32469
0.23474
0.25612
0.08794
0.10881
0.29984
0.29976
0.30573
0.02214
0.26759
0.09813
0.27153
0.08586
0.07983
0.09366
0.11091
0.09405
0.14806
0.24732
0.07883
0.07678
0.07527
0.25022
0.13504
0.20598
0.13113
0.23449
0.19818
0.15462
0.05269
0.24903
0.23406
0.36436
0.20270
0.24051
0.21735
0.21812
0.28468
0.26828
0.27487
0.07241
0.08097
0.08681
0.23141
0.04338
0.03795
0.18993
0.09944
0.22485
0.07099
0.14940
0.07517
0.27557
0.25730
0.23941
0.17590
0.32836
0.10992
0.10868
0.28507
0.09240
0.21420
0.05588
0.09479
0.18774
0.03860
0.24095
0.31112
0.09019
0.08555
0.13153
0.25438
0.10444
0.03860
0.06525
0.08427
0.02377
0.06793
0.16745
0.03590
0.27342
0.16064
0.18983
0.07282
0.20099
0.30172
0.15633
0.20386
0.35835
0.17917
0.29522
0.29215
0.25166
0.27820
0.29428
0.21735
0.35623
0.20365
0.22744
0.19839
0.23142
0.23521
0.17702
0.37302
0.33021
0.26327
0.22729
0.25814
0.18590
0.32493
0.23977
0.18218
0.32218
0.34003
0.16817
0.20357
0.33254
0.26330
0.25934
0.25016
0.23005
0.31212
0.21370
0.24432
0.35577
0.19733
0.20630
0.28846
0.16358
0.30701
0.35209
0.27407
0.27693
0.24822
0.25104
0.24225
0.24459
0.33667
0.18156
0.23872
0.32387
0.21176
0.23684
0.29765
0.17462
0.24565
0.24805
0.28769
0.32507
0.29926
0.23290
0.15626
0.29453
0.36189
0.16920
0.27389
0.17777
0.14339
0.19543
0.35188
0.31659
0.32357
0.16532
0.35034
0.26811
0.25141
0.36152
0.30632
0.25487
0.27778
0.25300
0.26685
0.18555
0.35943
0.23923
0.18330
0.17099
0.30915
0.20525
0.25254
0.30799
0.25268
0.35398
0.32386
0.22777
0.32833
0.32285
0.17677
0.15278
0.24164
0.18922
0.16835
0.17328
0.27940
0.34831
0.22662
0.24129
0.25081
0.26009
0.22304
0.23950
0.20083
0.24957
0.20218
0.28875
0.23410
0.19550
0.18197
0.32169
0.30714
0.14233
0.26556
0.32364
0.25710
0.32591
0.31872
0.22757
0.23836
0.20025
0.29008
0.30300
0.24651
0.20325
0.22194
0.15796
0.28436
0.21934
0.25118
0.21561
0.23345
0.27471
0.28760
0.22014
0.25708
0.27811
0.21846
0.26370
0.19629
0.19121
0.22274
0.24084
0.17245
0.30777
0.32592
0.33036
0.18057
0.14970
0.32790
0.20465
0.17276
0.19634
0.30072
0.31215
0.17185
0.18109
0.27476
0.24046
0.16903
0.16136
0.20406
0.27358
0.18415
0.24108
0.22149
0.25748
0.17484
0.18930
0.27148
0.22557
0.20105
0.26482
0.21586
0.26009
0.35454
0.18813
0.28153
0.21135
0.36394
0.31801
0.20337
0.26538
0.24519
0.26756
0.19824
0.29612
0.26684
0.19729
0.29054
0.26830
0.34567
0.22413
0.28767
0.18607
0.34584
0.20747
0.25821
0.22188
0.20066
0.28034
0.26649
0.22705
0.18084
0.24491
0.29722
0.17921
0.29982
0.23270
0.21723
0.30472
0.29430
0.29024
0.14078
0.17385
0.33380
0.33932
0.20814
0.23070
0.26701
0.26140
0.21290
0.17052
0.31314
0.28386
0.20973
0.26412
0.20788
0.27517
0.31804
0.25967
0.20694
0.21969
0.33879
0.22462
0.15537
0.17144
0.29212
0.29594
0.23616
0.23886
0.23271
0.35463
0.35238
0.15801
0.21956
0.32450
0.22630
0.20936
0.28702
0.34140
0.24527
0.18487
0.20387
0.21476
0.21355
0.36483
0.29243
0.29535
0.21567
0.22694
0.26313
0.30326
0.28593
0.18468
0.33171
0.22575
0.25833
0.34996
0.29125
0.21125
0.24597
0.22338
0.30501
0.29602
0.34858
0.22954
0.28634
0.18728
0.26492
0.32051
0.12633
0.22058
0.20439
0.20265
0.22434
0.24901
0.23508
0.25340
0.22897
0.22267
0.19752
0.21918
0.35185
0.25568
0.21434
0.19537
0.30576
0.24713
0.23185
0.17582
0.33318
0.30451
0.30947
0.24077
0.19557
0.22723
0.26023
0.22236
0.27076
0.15554
0.32796
0.26067
0.33341
0.28862
0.30028
0.35587
0.27119
0.20194
0.22593
0.14856
0.16363
0.22661
0.18096
0.24830
0.31839
0.23971
0.27595
0.38660
0.30896
0.32495
0.28245
0.30868
0.29496
0.35708
0.19566
0.25875
0.33002
0.33101
0.26269
0.32972
0.39074
0.21030
0.21467
0.33175
0.18382
0.32374
0.31868
0.25670
0.22228
0.35363
0.22576
0.20134
0.32002
0.25397
0.22894
0.20093
0.20515
0.26543
0.28674
0.27229
0.29367
0.24129
0.26402
0.27300
0.25035
0.22346
0.27766
0.12296
0.32823
0.31992
0.36938
0.27954
0.30979
0.38214
0.38964
0.22553
0.22451
0.25794
0.37571
0.29333
0.24233
0.26475
0.33378
0.24210
0.21259
0.32317
0.20644
0.30430
0.20748
0.28875
0.37665
0.43246
0.30746
0.28092
0.25530
0.36536
0.31696
0.26945
0.22826
0.34512
0.20576
0.17409
0.33323
0.44071
0.25908
0.38339
0.39520
0.21125
0.24698
0.31999
0.29665
0.28247
0.22430
0.21665
0.19795
0.29771
0.24681
0.29565
0.32332
0.33207
0.24655
0.24699
0.23876
0.22164
0.19639
0.37230
0.24900
0.16751
0.31125
0.21482
0.17265
0.36998
0.17706
0.29895
0.22098
0.23074
0.25678
0.41476
0.19847
0.31126
0.39349
0.25062
0.23901
0.21130
0.27801
0.19437
0.33153
0.22120
0.34475
0.34835
0.18926
0.26323
0.19164
0.32226
0.26954
0.19912
0.34360
0.41071
0.30802
0.29048
0.31620
0.33753
0.18048
0.25594
0.27114
0.39339
0.22278
0.20790
0.24714
0.36771
0.22725
0.25913
0.22417
0.32242
0.38355
0.22763
0.25780
0.29888
0.30345
0.24245
0.24394
0.35156
0.23545
0.30222
0.23940
0.27510
0.32523
0.25660
0.26799
0.24323
0.31438
0.27314
0.19123
0.29279
0.24564
0.16920
0.23342
0.19146
0.30505
0.21698
0.03212
0.19148
0.19244
0.22374
0.28896
0.20363
0.28910
0.32787
0.21522
0.02858
0.17348
0.02451
0.29401
0.25598
0.17063
0.29870
0.05623
0.08430
0.20025
0.18587
0.06689
0.13028
0.26533
0.27417
0.17209
0.22077
0.31054
0.01835
0.29837
0.22641
0.03488
0.04190
0.05960
0.26424
0.11534
0.18823
0.19613
0.29648
0.04719
0.06778
0.08221
0.04051
0.27811
0.09688
0.08026
0.12855
0.29255
0.08124
0.22715
0.23588
0.03396
0.23468
0.07346
0.06987
0.29281
0.18699
0.21331
0.08800
0.06095
0.22425
0.20680
0.29482
0.26237
0.02938
0.05618
0.13043
0.19941
0.14165
0.23201
0.11603
0.22469
0.20000
0.15172
0.23023
0.31009
0.11860
0.13456
0.20719
0.07167
0.01548
0.21546
0.13662
0.20190
0.24531
0.29198
0.20246
0.31715
0.28904
0.21644
0.14074
0.23588
0.20799
0.01776
0.23893
0.13941
0.04450
0.19756
0.23402
0.29271
0.24923
0.09155
0.05668
0.07837
0.19463
0.18386
0.27978
0.11311
0.15089
0.28528
0.17420
0.22539
0.13343
0.04299
0.04112
0.20202
0.01765
0.05211
0.29774
0.30341
0.05715
0.07761
0.04366
0.12980
0.07507
0.28180
