0.13657
0.10649
0.05285
0.25992
0.10704
0.12273
0.21992
0.15795
0.19545
0.06671
0.18335
0.14385
0.15756
0.11269
0.14379
0.23627
0.14865
0.16491
0.08457
0.13549
0.29972
0.12830
0.18031
0.05499
0.26660
0.17067
0.13785
0.25988
0.09780
0.16057
0.18209
0.26245
0.13618
0.10296
0.09226
0.09462
0.13341
0.07364
0.12900
0.16011
0.30544
0.27985
0.10901
0.16542
0.27615
0.22013
0.17518
0.20726
0.18624
0.14902
0.09904
0.18115
0.14592
0.26646
0.09452
0.24759
0.23934
0.15909
0.14951
0.10085
0.26336
0.27694
0.13351
0.23852
0.29802
0.30552
0.04881
0.20505
0.10232
0.08276
0.12121
0.32280
0.30015
0.16707
0.26194
0.12570
0.07729
0.06905
0.22064
0.17262
0.30071
0.16102
0.33986
0.29424
0.25493
0.31971
0.09602
0.11014
0.16652
0.27145
0.31748
0.20155
0.06784
0.27498
0.09986
0.17674
0.20928
0.23956
0.21380
0.19171
0.08948
0.18208
0.10364
0.11851
0.22212
0.30622
0.13786
0.15833
0.15139
0.29998
0.03459
0.26383
0.11686
0.23867
0.10527
0.16607
0.29171
0.03671
0.08130
0.18262
0.23793
0.08669
0.29146
0.01109
0.08780
0.17815
0.29248
0.28648
0.16995
0.24634
0.12296
0.16877
0.30760
0.36632
0.10531
0.14324
0.08839
0.29476
0.27289
0.07308
0.17024
0.07733
0.30999
0.17508
0.12917
0.30995
0.12507
0.34962
0.18346
0.08662
0.14713
0.26112
0.10033
0.32322
0.30202
0.34505
0.12835
0.20160
0.16346
0.17707
0.25610
0.26269
0.27717
0.31940
0.09551
0.14052
0.29924
0.26253
0.09862
0.25894
0.06908
0.26504
0.22106
0.04789
0.14157
0.21010
0.08315
0.06802
0.15642
0.27201
0.09355
0.10679
0.19925
0.13219
0.09988
0.15515
0.24425
0.24618
0.26241
0.22191
0.13402
0.06345
0.05935
0.18066
0.13462
0.27646
0.21588
0.16821
0.09701
0.29915
0.23596
0.09693
0.22641
0.13995
0.04422
0.23637
0.09753
0.20465
0.25302
0.12189
0.21173
0.23802
0.10358
0.21869
0.25210
0.22044
0.12712
0.28720
0.19077
0.34831
0.12673
0.17693
0.14722
0.07053
0.09728
0.05872
0.19199
0.16379
0.18201
0.07377
0.20565
0.13717
0.25867
0.12808
0.08251
0.26305
0.12544
0.05188
0.10215
0.26141
0.08433
0.29697
0.12307
0.12622
0.12004
0.22369
0.11090
0.07793
0.13470
0.09685
0.11093
0.13783
0.11386
0.26040
0.16034
0.15443
0.18222
0.08470
0.11437
0.13170
0.19857
0.18929
0.21701
0.15933
0.16213
0.22369
0.25315
0.10634
0.20324
0.07285
0.12873
0.11750
0.07158
0.04571
0.36536
0.16617
0.07030
0.21507
0.13176
0.09814
0.17328
0.35485
0.12584
0.10709
0.31481
0.12356
0.20398
0.18986
0.17752
0.12487
0.12886
0.08669
0.20874
0.22392
0.16045
0.09958
0.22324
0.16210
0.20286
0.18632
0.33212
0.24812
0.28160
0.14475
0.14213
0.30588
0.29457
0.31176
0.03161
0.24915
0.11950
0.26982
0.14253
0.10052
0.13023
0.12081
0.10088
0.17673
0.24456
0.08920
0.09999
0.04050
0.28545
0.16588
0.26985
0.13795
0.22947
0.20806
0.13689
0.05889
0.24994
0.27989
0.35206
0.23491
0.33132
0.24165
0.25773
0.30340
0.28196
0.25030
0.05490
0.09218
0.16550
0.24493
0.08363
0.07187
0.21762
0.18175
0.22009
0.15569
0.17875
0.09285
0.28442
0.26821
0.25998
0.22376
0.32124
0.15859
0.14965
0.31583
0.09822
0.21569
0.06991
0.12076
0.19835
0.05651
0.24505
0.31724
0.06256
0.12445
0.15812
0.24765
0.10422
0.06022
0.08350
0.08260
0.08406
0.13522
0.20150
0.12058
0.28404
0.20269
0.20339
0.12142
0.20434
0.29456
0.18780
0.30154
0.36048
0.17262
0.29052
0.30474
0.30179
0.30498
0.29938
0.26376
0.36545
0.25331
0.25852
0.26224
0.23720
0.29819
0.18323
0.38802
0.31695
0.25968
0.27946
0.24944
0.24787
0.33801
0.30534
0.24299
0.31236
0.34458
0.22038
0.25809
0.33537
0.28064
0.26981
0.26105
0.30469
0.31022
0.25958
0.22895
0.35708
0.23194
0.25537
0.31942
0.19966
0.30870
0.36530
0.29837
0.31114
0.31528
0.28502
0.26389
0.29277
0.33649
0.23456
0.28874
0.31758
0.22855
0.28800
0.30291
0.19914
0.30898
0.27579
0.28892
0.31520
0.29300
0.28151
0.19609
0.29301
0.36090
0.16856
0.28683
0.21446
0.15316
0.21484
0.35493
0.31698
0.31470
0.15357
0.35254
0.26962
0.28110
0.37275
0.30412
0.29028
0.28719
0.23906
0.29197
0.20825
0.36530
0.29348
0.25935
0.19828
0.33837
0.23144
0.25782
0.29219
0.25361
0.35036
0.31322
0.23465
0.32882
0.30557
0.19441
0.14897
0.29259
0.17929
0.17663
0.12376
0.29799
0.32765
0.26542
0.27848
0.24976
0.30662
0.24738
0.31817
0.25799
0.28361
0.21011
0.28923
0.28556
0.22310
0.18029
0.35301
0.30269
0.18376
0.32018
0.33043
0.27185
0.34706
0.30884
0.22858
0.29096
0.20273
0.29939
0.31722
0.28128
0.27781
0.24585
0.15252
0.29769
0.22800
0.28785
0.23818
0.28312
0.31982
0.30023
0.20778
0.24442
0.29498
0.21317
0.30238
0.20669
0.23292
0.20912
0.24497
0.21911
0.32324
0.33334
0.33506
0.20710
0.18956
0.33488
0.22705
0.18409
0.21692
0.31029
0.30032
0.16905
0.18639
0.27836
0.30090
0.22278
0.15579
0.21646
0.26396
0.21485
0.26566
0.23325
0.32424
0.20064
0.22573
0.27811
0.27589
0.19959
0.29440
0.27427
0.26464
0.38185
0.19164
0.30244
0.22970
0.37261
0.32076
0.27115
0.27406
0.27608
0.27544
0.20506
0.31295
0.26442
0.27411
0.29838
0.26886
0.34861
0.25235
0.29025
0.22002
0.35407
0.20692
0.29244
0.20720
0.24038
0.28446
0.24463
0.21011
0.23438
0.25265
0.31760
0.19298
0.31081
0.24390
0.25075
0.30014
0.28801
0.31363
0.14286
0.22500
0.33353
0.33227
0.25351
0.28977
0.31170
0.28690
0.25539
0.21595
0.30537
0.29164
0.27230
0.25296
0.21914
0.31322
0.32812
0.26332
0.27117
0.25305
0.33316
0.26710
0.17509
0.18079
0.29385
0.30664
0.27550
0.28909
0.24567
0.36812
0.36456
0.15207
0.24376
0.31370
0.28764
0.27486
0.31882
0.33593
0.25041
0.18141
0.22643
0.25186
0.27521
0.36756
0.28592
0.29848
0.28564
0.22703
0.28144
0.29507
0.27955
0.17053
0.33056
0.21914
0.25261
0.34789
0.30709
0.26450
0.26205
0.24655
0.29456
0.33717
0.34377
0.24799
0.28513
0.20252
0.30850
0.32359
0.12734
0.25078
0.20978
0.25145
0.27206
0.24551
0.27829
0.25164
0.26039
0.23418
0.24668
0.24349
0.33992
0.30068
0.26759
0.18674
0.28764
0.25069
0.26737
0.18382
0.33957
0.29903
0.33246
0.24055
0.26071
0.28496
0.27379
0.22894
0.28342
0.18379
0.33182
0.27035
0.34256
0.27885
0.30209
0.34791
0.29132
0.26451
0.30144
0.18109
0.19615
0.29682
0.21873
0.30099
0.31438
0.28576
0.30403
0.39451
0.30411
0.33469
0.27998
0.30577
0.30524
0.35706
0.24892
0.28349
0.31843
0.32582
0.29923
0.32643
0.38888
0.24906
0.24389
0.33915
0.23362
0.32733
0.32600
0.24463
0.24745
0.35715
0.23826
0.28832
0.31821
0.29130
0.27716
0.23836
0.26662
0.29542
0.30847
0.32594
0.29556
0.27024
0.31125
0.26996
0.30497
0.26837
0.28999
0.13540
0.34390
0.32319
0.36743
0.29940
0.32984
0.41172
0.41977
0.27951
0.19743
0.30415
0.40199
0.28696
0.22231
0.31524
0.35975
0.25135
0.22703
0.32106
0.24194
0.28911
0.20673
0.34696
0.37276
0.43442
0.30668
0.31030
0.27601
0.40289
0.30935
0.29824
0.25015
0.35847
0.28715
0.20575
0.33271
0.47360
0.24622
0.43106
0.41466
0.21093
0.29023
0.33643
0.31511
0.31085
0.24399
0.28563
0.19479
0.29755
0.27392
0.29611
0.32793
0.37037
0.26706
0.27946
0.28325
0.21474
0.25228
0.40868
0.25088
0.15213
0.34213
0.21358
0.21161
0.42904
0.18220
0.27458
0.23306
0.29832
0.24959
0.43156
0.21029
0.33560
0.39314
0.24833
0.24238
0.26099
0.27231
0.20488
0.36604
0.20253
0.37288
0.34820
0.25979
0.26495
0.25126
0.33928
0.26680
0.24185
0.35261
0.42669
0.31019
0.28516
0.36393
0.38850
0.23119
0.28215
0.28896
0.40097
0.20673
0.25474
0.24767
0.35657
0.26091
0.26460
0.27820
0.30876
0.37951
0.23907
0.28888
0.33139
0.31863
0.29747
0.24285
0.39369
0.31116
0.27966
0.31019
0.31977
0.34491
0.26023
0.31194
0.24433
0.34958
0.25974
0.26632
0.29762
0.29750
0.24985
0.30084
0.18233
0.30851
0.23947
0.02203
0.18230
0.16690
0.22066
0.30311
0.18530
0.23053
0.36908
0.19736
0.07352
0.20581
0.03406
0.30708
0.25687
0.18985
0.25249
0.06625
0.12450
0.16810
0.23276
0.08360
0.13812
0.21525
0.26580
0.17948
0.21575
0.29537
0.04481
0.30374
0.22859
0.04390
0.10371
0.13963
0.24748
0.14612
0.25730
0.20627
0.26117
0.08580
0.05771
0.05547
0.07490
0.26344
0.15484
0.11668
0.17201
0.29310
0.09382
0.26524
0.21061
0.04034
0.25940
0.08285
0.10103
0.28764
0.19521
0.22252
0.05032
0.06849
0.20625
0.21043
0.29498
0.24790
0.02913
0.11674
0.17081
0.21621
0.19643
0.21339
0.11708
0.26368
0.20635
0.17303
0.26471
0.27979
0.08458
0.15435
0.18824
0.05945
0.03799
0.27247
0.21603
0.19434
0.25867
0.24642
0.21238
0.30926
0.27592
0.24075
0.20620
0.22173
0.23746
0.02178
0.26822
0.04355
0.04418
0.16530
0.24870
0.29080
0.30408
0.10759
0.10358
0.10516
0.19487
0.21189
0.27531
0.10551
0.16796
0.32177
0.15553
0.22090
0.12590
0.04056
0.03934
0.18464
0.04244
0.08653
0.22498
0.28870
0.08422
0.07944
0.02484
0.06897
0.07958
0.25902
