0.10715
0.10999
0.08623
0.26113
0.07161
0.14967
0.24741
0.16593
0.17167
0.04977
0.18845
0.11658
0.15433
0.14241
0.15776
0.22663
0.13374
0.13679
0.08444
0.16313
0.27855
0.15479
0.15534
0.05022
0.21229
0.14600
0.11449
0.27180
0.15716
0.18951
0.14026
0.27686
0.17060
0.10262
0.10787
0.10483
0.13878
0.09652
0.22341
0.20813
0.29027
0.29632
0.11866
0.14634
0.27252
0.23778
0.14953
0.27847
0.16906
0.16134
0.09335
0.13833
0.15149
0.28214
0.09902
0.25329
0.27242
0.13166
0.11705
0.11759
0.25072
0.27700
0.10261
0.25431
0.28212
0.33436
0.06771
0.21471
0.14762
0.07908
0.13646
0.29248
0.31504
0.25095
0.25311
0.19189
0.12874
0.06712
0.22961
0.16125
0.30670
0.21982
0.30969
0.26509
0.27490
0.34534
0.10449
0.16570
0.16940
0.22405
0.32948
0.20609
0.08066
0.26851
0.09247
0.15236
0.20805
0.22336
0.21128
0.15685
0.08920
0.24123
0.13496
0.11194
0.24484
0.26971
0.17226
0.16846
0.19847
0.29520
0.08622
0.27357
0.13275
0.23980
0.12836
0.20188
0.27220
0.06305
0.09217
0.20618
0.22183
0.08030
0.27884
0.02332
0.11208
0.17632
0.27054
0.26680
0.19168
0.27773
0.13148
0.12581
0.30383
0.34491
0.14354
0.17127
0.08467
0.28336
0.28016
0.05555
0.19967
0.04817
0.29239
0.21674
0.16510
0.27995
0.09239
0.36075
0.19572
0.10189
0.21513
0.27320
0.11999
0.31263
0.29329
0.31259
0.13508
0.19902
0.15356
0.21057
0.27957
0.26632
0.27449
0.31298
0.09305
0.12993
0.29679
0.27125
0.12418
0.28285
0.06146
0.24651
0.26700
0.06482
0.13986
0.22606
0.06644
0.08866
0.20578
0.27991
0.09515
0.10636
0.19433
0.16759
0.09397
0.19103
0.24092
0.22933
0.24224
0.19984
0.16157
0.10456
0.06379
0.12491
0.17595
0.26031
0.21627
0.19571
0.12380
0.28974
0.24460
0.10031
0.20927
0.16680
0.06162
0.21199
0.13907
0.20603
0.26402
0.15431
0.25662
0.23283
0.12954
0.27321
0.25982
0.26524
0.16453
0.27084
0.20450
0.34413
0.13033
0.23004
0.12722
0.09169
0.09595
0.06306
0.17023
0.22478
0.17621
0.11297
0.24576
0.15976
0.22281
0.14601
0.04481
0.25695
0.10708
0.05917
0.10822
0.27231
0.08151
0.28353
0.12706
0.10554
0.19778
0.22255
0.11323
0.09056
0.16166
0.12427
0.12263
0.14632
0.10639
0.28148
0.16292
0.15584
0.18337
0.13531
0.06866
0.14287
0.21506
0.14810
0.22879
0.15369
0.14035
0.26587
0.28581
0.09421
0.20002
0.09879
0.13222
0.15215
0.10665
0.05019
0.37073
0.19195
0.08565
0.22386
0.15119
0.06796
0.16022
0.33743
0.11405
0.09595
0.30795
0.11717
0.20920
0.19449
0.16479
0.19236
0.09332
0.10719
0.18910
0.22060
0.22796
0.10847
0.23087
0.15384
0.15936
0.18862
0.33210
0.29241
0.27738
0.14155
0.14131
0.28538
0.31941
0.31433
0.05923
0.26223
0.13120
0.27262
0.18106
0.11433
0.14484
0.10140
0.10124
0.22269
0.21683
0.09080
0.10437
0.10142
0.27463
0.15980
0.25041
0.18280
0.22718
0.24741
0.08803
0.06773
0.29235
0.30373
0.35900
0.25843
0.30486
0.20038
0.25713
0.28294
0.25376
0.24839
0.08056
0.12153
0.14831
0.22503
0.06714
0.08446
0.20780
0.15807
0.22623
0.12442
0.19217
0.11621
0.26613
0.23341
0.24744
0.20983
0.27767
0.15969
0.18547
0.30596
0.09177
0.15783
0.06023
0.08688
0.20417
0.06917
0.22968
0.32400
0.10764
0.07690
0.16264
0.25491
0.11368
0.07247
0.10980
0.06641
0.09262
0.12560
0.21988
0.07077
0.28560
0.18134
0.20224
0.14315
0.15909
0.29728
0.21317
0.28577
0.35486
0.19167
0.28901
0.31238
0.30653
0.32487
0.29027
0.26296
0.34984
0.27813
0.21937
0.26082
0.21430
0.30965
0.17860
0.36926
0.32620
0.22000
0.26704
0.23031
0.27366
0.33095
0.30073
0.25233
0.30193
0.33346
0.21256
0.26842
0.31073
0.26512
0.22546
0.27050
0.30152
0.31166
0.26179
0.18472
0.33541
0.26644
0.24145
0.32620
0.20904
0.27246
0.34812
0.29416
0.31005
0.31231
0.29635
0.23942
0.29820
0.31895
0.22441
0.29268
0.33315
0.27693
0.28636
0.29832
0.21588
0.31469
0.22444
0.27879
0.31698
0.27325
0.28113
0.16088
0.27447
0.37382
0.12559
0.29178
0.22511
0.21361
0.17006
0.33961
0.27775
0.32038
0.16157
0.34994
0.26786
0.25233
0.37095
0.30636
0.29680
0.29430
0.22764
0.26966
0.15488
0.35347
0.29743
0.23928
0.13159
0.30579
0.16390
0.24071
0.29643
0.25833
0.34978
0.31566
0.20086
0.31979
0.31320
0.13671
0.17864
0.30671
0.15254
0.16467
0.13379
0.29280
0.34157
0.26818
0.28437
0.22751
0.30945
0.19041
0.31599
0.28263
0.28608
0.20798
0.28730
0.30209
0.20354
0.15568
0.32104
0.30104
0.20923
0.32809
0.31409
0.25247
0.33868
0.31182
0.20110
0.28712
0.15742
0.28686
0.29628
0.28453
0.28614
0.23806
0.18608
0.31925
0.21939
0.30029
0.20305
0.28209
0.32864
0.29035
0.17441
0.21136
0.28457
0.19380
0.29632
0.17228
0.27080
0.22275
0.20395
0.24795
0.28337
0.31890
0.32173
0.25146
0.23963
0.32009
0.20311
0.22241
0.23374
0.29808
0.30609
0.14724
0.17344
0.28256
0.29725
0.23035
0.15174
0.18909
0.26028
0.21238
0.22472
0.27250
0.32779
0.16142
0.25776
0.26973
0.29318
0.17308
0.30027
0.27938
0.24624
0.35220
0.17508
0.30166
0.20703
0.35983
0.31645
0.26986
0.25518
0.30151
0.25223
0.17472
0.27648
0.28363
0.25950
0.28378
0.25680
0.33086
0.21361
0.28314
0.25149
0.34221
0.24176
0.28827
0.22806
0.25240
0.27349
0.25483
0.19349
0.25077
0.26866
0.29002
0.22841
0.30959
0.20948
0.26566
0.27909
0.29275
0.27491
0.16095
0.22656
0.31602
0.32392
0.27688
0.29969
0.31614
0.27394
0.25653
0.22972
0.30407
0.27686
0.27528
0.21617
0.16025
0.30097
0.30123
0.23300
0.27880
0.19547
0.32990
0.29209
0.21463
0.20822
0.28020
0.29295
0.30336
0.27774
0.26239
0.34156
0.34549
0.14170
0.23090
0.31601
0.28216
0.29561
0.29030
0.33065
0.20355
0.19606
0.17188
0.26653
0.28202
0.36765
0.31358
0.27924
0.28949
0.20322
0.26341
0.29712
0.27506
0.18795
0.33121
0.21248
0.23046
0.33689
0.30666
0.27381
0.22866
0.25410
0.28235
0.34750
0.34519
0.22897
0.28109
0.19382
0.31057
0.29870
0.12159
0.27313
0.17233
0.25203
0.29975
0.21138
0.26942
0.23285
0.26883
0.22209
0.24890
0.26065
0.34875
0.29260
0.27380
0.19536
0.28830
0.24135
0.23222
0.22293
0.32679
0.28476
0.31228
0.26764
0.26964
0.29088
0.26595
0.23324
0.25628
0.17951
0.33326
0.27455
0.34162
0.27219
0.28670
0.36054
0.26406
0.26978
0.31452
0.18118
0.22470
0.30151
0.25347
0.31340
0.30377
0.29440
0.33314
0.38648
0.31270
0.32549
0.25532
0.30502
0.23942
0.36899
0.28062
0.26584
0.32514
0.31519
0.30567
0.32562
0.38145
0.21552
0.24524
0.28907
0.25950
0.31686
0.30684
0.21771
0.27429
0.34197
0.22210
0.28054
0.32174
0.28395
0.24280
0.25625
0.27931
0.29114
0.27280
0.32291
0.28361
0.26319
0.30787
0.26381
0.30789
0.29175
0.28278
0.14876
0.31741
0.33082
0.35605
0.33802
0.30786
0.40737
0.41085
0.28913
0.14483
0.31258
0.38659
0.27414
0.20389
0.31226
0.32146
0.22528
0.24192
0.31145
0.27074
0.27595
0.25342
0.33873
0.31971
0.39040
0.31918
0.31350
0.28439
0.39545
0.30772
0.29415
0.31609
0.36772
0.28218
0.18016
0.31874
0.45605
0.21071
0.41251
0.41386
0.17816
0.29318
0.37724
0.31820
0.29954
0.28010
0.28825
0.23561
0.29730
0.30571
0.29917
0.30119
0.38090
0.28529
0.29307
0.23627
0.21436
0.26586
0.40451
0.23738
0.09807
0.33398
0.13617
0.16491
0.41752
0.12497
0.22547
0.19627
0.28631
0.24987
0.43090
0.17274
0.33781
0.40249
0.23319
0.22702
0.25968
0.26589
0.21035
0.35512
0.14810
0.35860
0.35436
0.25076
0.23364
0.25946
0.34442
0.28300
0.17819
0.34473
0.42485
0.31621
0.28619
0.36972
0.37162
0.22813
0.25061
0.28936
0.37844
0.18822
0.21298
0.23248
0.34314
0.28159
0.25608
0.28986
0.30175
0.35650
0.23246
0.31553
0.34667
0.28891
0.29716
0.26008
0.38246
0.30091
0.27953
0.29851
0.31236
0.32898
0.27653
0.32349
0.20059
0.30846
0.26234
0.24894
0.32086
0.28933
0.26689
0.29184
0.17999
0.31869
0.25661
0.04179
0.17438
0.25356
0.25916
0.31410
0.19564
0.23319
0.37671
0.20176
0.07682
0.16175
0.07472
0.28616
0.23823
0.18509
0.26944
0.07303
0.07891
0.13617
0.20249
0.05446
0.10054
0.22513
0.29172
0.20339
0.21293
0.27412
0.10074
0.30194
0.25335
0.03873
0.11606
0.17943
0.25826
0.18528
0.26268
0.20470
0.26529
0.07500
0.08801
0.13420
0.12871
0.29248
0.13663
0.14583
0.20797
0.32042
0.20734
0.27891
0.22104
0.07292
0.29965
0.09090
0.12159
0.24417
0.18123
0.25477
0.05669
0.11925
0.24826
0.19694
0.25557
0.23757
0.09255
0.09081
0.10530
0.20363
0.22783
0.20678
0.13165
0.30915
0.19943
0.07848
0.26536
0.32256
0.09685
0.13583
0.21374
0.01599
0.05490
0.23292
0.20128
0.19872
0.24134
0.29305
0.19251
0.33788
0.24767
0.23562
0.21848
0.21577
0.19535
0.07827
0.27119
0.10933
0.09049
0.21739
0.23359
0.31580
0.24321
0.06537
0.08491
0.11976
0.25013
0.26382
0.27426
0.11678
0.20992
0.30919
0.15454
0.22090
0.12977
0.09692
0.05181
0.12861
0.14682
0.08624
0.29425
0.31813
0.09772
0.07077
0.04913
0.10002
0.12214
0.28474
