0.09799
0.10013
0.04952
0.21818
0.05122
0.10514
0.17585
0.15196
0.17655
0.03272
0.21756
0.11050
0.12984
0.09714
0.10650
0.23263
0.10565
0.15684
0.05865
0.13981
0.29988
0.17896
0.14863
0.07537
0.20762
0.11353
0.09415
0.25945
0.06571
0.15669
0.12897
0.26006
0.12428
0.10495
0.05118
0.09475
0.11188
0.06327
0.11207
0.11561
0.30696
0.22224
0.06724
0.09037
0.29039
0.20749
0.14662
0.23486
0.19020
0.14729
0.09412
0.11076
0.10964
0.31843
0.10030
0.23593
0.25159
0.09910
0.11428
0.09671
0.26781
0.28730
0.10935
0.24031
0.27238
0.31580
0.02936
0.19099
0.09458
0.06795
0.12341
0.29065
0.29586
0.19638
0.24990
0.08419
0.08132
0.03441
0.17504
0.15032
0.32255
0.16525
0.32838
0.28782
0.25401
0.34022
0.09931
0.07522
0.12757
0.23314
0.30548
0.17274
0.07264
0.25295
0.05574
0.15756
0.18664
0.16848
0.19386
0.15196
0.09457
0.19799
0.11158
0.12809
0.20301
0.29801
0.11370
0.15512
0.14956
0.27488
0.04339
0.24460
0.10402
0.20976
0.10335
0.16651
0.28205
0.03864
0.06451
0.13825
0.19881
0.09539
0.27273
0.01053
0.08539
0.15623
0.32747
0.26258
0.17756
0.26075
0.09010
0.11760
0.32855
0.32938
0.12073
0.12593
0.03708
0.28593
0.27816
0.05236
0.19900
0.03612
0.27834
0.20533
0.10020
0.31230
0.07220
0.34552
0.15126
0.09115
0.18034
0.25029
0.09847
0.31322
0.29051
0.32492
0.08773
0.14142
0.14401
0.18050
0.29204
0.28469
0.29932
0.31542
0.08504
0.13797
0.31342
0.26063
0.07841
0.26735
0.07046
0.24118
0.25583
0.02891
0.08491
0.20038
0.04722
0.12791
0.12549
0.23395
0.12293
0.10465
0.22709
0.16286
0.05912
0.21170
0.19814
0.24138
0.22352
0.19201
0.09384
0.08072
0.05164
0.14253
0.09611
0.21604
0.19865
0.10832
0.06548
0.27159
0.21222
0.11259
0.17969
0.13789
0.09231
0.21452
0.09780
0.19117
0.23671
0.07699
0.27183
0.23021
0.10096
0.23899
0.30263
0.22424
0.11093
0.24331
0.20319
0.32774
0.12754
0.20035
0.10207
0.07124
0.09577
0.06681
0.19563
0.15899
0.13471
0.05090
0.27212
0.11755
0.21273
0.09655
0.06341
0.26806
0.11702
0.04166
0.09631
0.27588
0.06363
0.28266
0.08002
0.11065
0.17381
0.21078
0.11725
0.05058
0.14240
0.09814
0.11126
0.13046
0.08902
0.28555
0.16750
0.16605
0.20966
0.15156
0.04919
0.13218
0.21902
0.15702
0.23208
0.14631
0.15023
0.25733
0.26996
0.09326
0.18253
0.06300
0.09574
0.11699
0.06429
0.02398
0.34768
0.15442
0.07821
0.18381
0.09868
0.07820
0.14925
0.32188
0.12380
0.02428
0.26955
0.15272
0.16039
0.16392
0.16970
0.12583
0.10308
0.07842
0.19543
0.20269
0.12740
0.09457
0.15394
0.18235
0.15374
0.17059
0.35438
0.24933
0.27713
0.13626
0.09101
0.29389
0.31123
0.29830
0.04103
0.26668
0.11437
0.26266
0.11619
0.10490
0.10523
0.11045
0.10094
0.16929
0.22346
0.05553
0.11558
0.04279
0.26755
0.15974
0.23744
0.14891
0.21329
0.24053
0.09815
0.05567
0.26050
0.27206
0.36566
0.24218
0.32468
0.20837
0.22393
0.30543
0.26471
0.24493
0.06152
0.08387
0.14143
0.23944
0.05135
0.05509
0.17990
0.11240
0.16702
0.08767
0.16137
0.10297
0.24579
0.26735
0.24045
0.19935
0.31327
0.12309
0.10633
0.28965
0.06240
0.24142
0.05091
0.07146
0.14135
0.07700
0.24633
0.33663
0.06813
0.06482
0.10550
0.25744
0.11093
0.03687
0.07839
0.06820
0.03816
0.09443
0.20198
0.07493
0.25438
0.14730
0.18404
0.10245
0.15213
0.28473
0.19393
0.26382
0.35157
0.15026
0.26522
0.31026
0.29691
0.30667
0.27856
0.25272
0.34382
0.25893
0.24373
0.24435
0.20881
0.29547
0.17856
0.35672
0.31375
0.24114
0.24792
0.23654
0.25637
0.33536
0.29169
0.23839
0.30739
0.33611
0.21255
0.25655
0.32498
0.25331
0.23265
0.25546
0.28642
0.31043
0.24492
0.19958
0.34100
0.26037
0.24087
0.30680
0.20823
0.28459
0.34644
0.27863
0.30411
0.29964
0.27080
0.24662
0.28612
0.32662
0.22055
0.28993
0.30366
0.24897
0.28491
0.27613
0.18141
0.29974
0.23885
0.27326
0.31629
0.28383
0.26613
0.15873
0.27469
0.36015
0.09948
0.27705
0.20092
0.19395
0.15458
0.35496
0.28590
0.30774
0.15882
0.34318
0.26911
0.28805
0.36048
0.31241
0.28725
0.28056
0.23790
0.27786
0.16181
0.35612
0.28925
0.24653
0.17508
0.33297
0.17518
0.26766
0.28267
0.25511
0.34231
0.32657
0.22474
0.30293
0.30786
0.11457
0.16655
0.28549
0.16845
0.18007
0.13764
0.28077
0.32887
0.26529
0.25219
0.23702
0.30023
0.19756
0.30480
0.25535
0.28763
0.18991
0.27808
0.28375
0.21156
0.17090
0.33784
0.30505
0.16875
0.27688
0.32576
0.25312
0.34821
0.31159
0.21853
0.25256
0.20640
0.29304
0.30362
0.26842
0.25456
0.22246
0.16469
0.29318
0.18758
0.28598
0.22184
0.27572
0.30780
0.29529
0.16738
0.23014
0.28712
0.20780
0.28414
0.18318
0.23097
0.22539
0.18408
0.22775
0.29298
0.31566
0.31449
0.23064
0.22348
0.32008
0.19286
0.22107
0.21307
0.31165
0.28542
0.12760
0.17986
0.27627
0.28299
0.20960
0.12069
0.20311
0.26375
0.20192
0.20237
0.25867
0.31088
0.17007
0.23951
0.26353
0.28172
0.17829
0.30038
0.24534
0.23439
0.37168
0.17978
0.27324
0.22219
0.34953
0.31250
0.25464
0.27940
0.28766
0.26043
0.17199
0.30188
0.26782
0.25088
0.28798
0.26140
0.34278
0.22525
0.27873
0.20259
0.32215
0.22321
0.26459
0.22262
0.26263
0.26878
0.25748
0.18705
0.24513
0.22868
0.30485
0.17547
0.30981
0.22019
0.25974
0.28446
0.28967
0.25900
0.13966
0.22111
0.32687
0.32881
0.25955
0.28540
0.29450
0.25606
0.24151
0.23202
0.28764
0.27737
0.27325
0.23780
0.13266
0.28972
0.30487
0.24827
0.25794
0.17982
0.32393
0.27148
0.18775
0.21579
0.27579
0.28387
0.29829
0.25352
0.24200
0.34493
0.34957
0.14655
0.22397
0.31103
0.28407
0.26724
0.30972
0.33464
0.19153
0.19153
0.12684
0.24492
0.28119
0.35938
0.27101
0.26909
0.28569
0.23752
0.25991
0.30534
0.27760
0.17438
0.32771
0.22336
0.22461
0.32865
0.30046
0.25788
0.23550
0.24611
0.29380
0.32610
0.33479
0.22863
0.27638
0.16743
0.30525
0.29226
0.10473
0.26252
0.15186
0.23467
0.29449
0.20956
0.24837
0.22834
0.25240
0.20589
0.22709
0.24737
0.32935
0.27875
0.26301
0.16903
0.29746
0.24792
0.23693
0.16228
0.31462
0.26544
0.32410
0.23821
0.24582
0.27433
0.25765
0.23848
0.26594
0.17348
0.30622
0.27455
0.33564
0.27716
0.26212
0.34044
0.24048
0.25590
0.29323
0.18022
0.21024
0.28955
0.21874
0.28149
0.31070
0.27326
0.32641
0.37491
0.30369
0.31825
0.26030
0.30091
0.27328
0.34983
0.26504
0.26062
0.31655
0.31327
0.29545
0.32344
0.37210
0.21420
0.23341
0.31192
0.22284
0.31524
0.31406
0.22743
0.25907
0.34495
0.22801
0.26193
0.31171
0.27052
0.23143
0.25557
0.28032
0.25430
0.28382
0.31161
0.28878
0.24474
0.29661
0.26004
0.30701
0.27981
0.26196
0.12130
0.32504
0.31950
0.34494
0.30359
0.28180
0.35934
0.39649
0.28179
0.16361
0.30556
0.36945
0.25582
0.14583
0.30664
0.31467
0.23808
0.24484
0.31583
0.25433
0.25249
0.23781
0.31530
0.31867
0.35023
0.29572
0.31056
0.27759
0.36081
0.26695
0.24119
0.28374
0.35395
0.28120
0.16882
0.32058
0.42416
0.23596
0.38834
0.37557
0.17516
0.29312
0.34378
0.32039
0.28552
0.26686
0.28361
0.19945
0.26581
0.28908
0.26290
0.29305
0.35952
0.29083
0.28614
0.19604
0.23718
0.26498
0.38107
0.16696
0.09190
0.31598
0.08452
0.15914
0.39815
0.13749
0.23559
0.17471
0.27332
0.23724
0.42328
0.16952
0.33105
0.37087
0.22418
0.22395
0.25478
0.20930
0.19661
0.36346
0.16319
0.35797
0.32357
0.25791
0.23513
0.24449
0.32058
0.25362
0.18281
0.34142
0.39940
0.28438
0.27795
0.35453
0.35127
0.24376
0.22354
0.26824
0.37281
0.20555
0.19697
0.23750
0.33747
0.28202
0.23963
0.27996
0.30631
0.29731
0.17679
0.29371
0.33598
0.27882
0.29358
0.23638
0.36207
0.30377
0.26870
0.29829
0.29859
0.31981
0.24595
0.28352
0.24273
0.31336
0.24524
0.25102
0.31557
0.28307
0.24501
0.30180
0.15280
0.32709
0.25163
0.05331
0.13491
0.23158
0.25625
0.29539
0.17338
0.22714
0.35247
0.22391
0.04406
0.14058
0.05256
0.31660
0.21958
0.18088
0.30544
0.06583
0.11749
0.18243
0.21815
0.10538
0.09586
0.24974
0.26645
0.24310
0.21229
0.28049
0.01943
0.29426
0.19096
0.03840
0.02929
0.08476
0.29116
0.15718
0.24072
0.21029
0.32476
0.06400
0.04062
0.07665
0.07126
0.31435
0.10282
0.21155
0.14932
0.27960
0.07390
0.27790
0.23814
0.04282
0.26604
0.04448
0.08147
0.24943
0.19674
0.22786
0.04353
0.06271
0.21057
0.22727
0.29126
0.24249
0.01150
0.05238
0.14491
0.20434
0.19884
0.22493
0.11334
0.24232
0.19732
0.12669
0.27683
0.25184
0.09443
0.15474
0.15994
0.05160
0.01836
0.20674
0.13404
0.19338
0.23429
0.26857
0.19384
0.35481
0.22670
0.24884
0.12832
0.24828
0.17711
0.05086
0.26763
0.08824
0.05985
0.23202
0.25776
0.28491
0.21824
0.05569
0.07013
0.18200
0.21319
0.23775
0.28340
0.12134
0.17471
0.33803
0.13922
0.21253
0.15580
0.02201
0.03776
0.20046
0.05125
0.08834
0.23370
0.29709
0.07095
0.05912
0.02701
0.07258
0.07848
0.30490
