0.11744
0.10711
0.07425
0.26259
0.08663
0.12811
0.20798
0.15244
0.21680
0.10109
0.21805
0.12873
0.14974
0.13913
0.08257
0.25417
0.12651
0.13532
0.08339
0.13682
0.31788
0.12607
0.16032
0.05285
0.25335
0.16613
0.11542
0.25135
0.09892
0.19968
0.16253
0.29929
0.15399
0.09775
0.08539
0.10054
0.15252
0.08870
0.15185
0.16642
0.31131
0.27622
0.12821
0.18407
0.26255
0.25326
0.14926
0.28096
0.18075
0.18329
0.09037
0.15187
0.15576
0.31723
0.08981
0.26362
0.28110
0.13408
0.11111
0.09510
0.28651
0.30423
0.12080
0.18508
0.27796
0.30920
0.05508
0.19848
0.14880
0.04337
0.12442
0.28205
0.33444
0.21574
0.26011
0.13490
0.10833
0.04476
0.22103
0.15719
0.31355
0.22339
0.32046
0.29472
0.26587
0.36271
0.09747
0.11921
0.15241
0.26515
0.31767
0.20139
0.07690
0.30430
0.07570
0.13813
0.21045
0.21030
0.22289
0.16458
0.08928
0.21318
0.14913
0.12460
0.23165
0.26835
0.16174
0.17049
0.17107
0.28560
0.03012
0.24188
0.08992
0.25803
0.13321
0.16706
0.27663
0.06393
0.11442
0.19679
0.24240
0.08409
0.28794
0.04018
0.10787
0.16362
0.33207
0.29512
0.23070
0.24562
0.11390
0.11545
0.30158
0.35647
0.14099
0.17623
0.09352
0.29402
0.25258
0.08411
0.18843
0.04661
0.30541
0.19995
0.15835
0.31613
0.09519
0.36070
0.19494
0.08545
0.18960
0.26560
0.12486
0.28582
0.30989
0.32358
0.12398
0.15703
0.13688
0.21484
0.28548
0.32262
0.28836
0.33511
0.10231
0.10954
0.32434
0.27936
0.09896
0.26698
0.07760
0.25705
0.27199
0.05788
0.09186
0.20265
0.05471
0.06480
0.17244
0.27206
0.07012
0.10175
0.24893
0.14776
0.08119
0.20543
0.22497
0.24644
0.24918
0.19841
0.16169
0.09657
0.05959
0.15663
0.15064
0.26656
0.19258
0.19463
0.09110
0.28547
0.24413
0.09303
0.19298
0.14379
0.04686
0.26108
0.13365
0.19962
0.25499
0.14397
0.25805
0.24787
0.11880
0.23065
0.27410
0.25248
0.14598
0.26698
0.22733
0.33816
0.14920
0.22852
0.13800
0.07895
0.09871
0.04688
0.19004
0.19566
0.16524
0.07938
0.29772
0.11282
0.27696
0.15789
0.04091
0.31538
0.10904
0.03343
0.11311
0.29714
0.07835
0.31470
0.11096
0.10785
0.17428
0.20270
0.11537
0.04789
0.15534
0.09791
0.12933
0.13522
0.11080
0.27570
0.12521
0.16975
0.20349
0.10471
0.10340
0.14364
0.17738
0.15394
0.20046
0.14008
0.13290
0.24791
0.26424
0.09686
0.20108
0.06237
0.10334
0.14188
0.07817
0.04776
0.35986
0.17273
0.08372
0.22687
0.17364
0.07154
0.14234
0.33096
0.12785
0.11382
0.31896
0.10684
0.20671
0.18206
0.18309
0.19263
0.08217
0.11409
0.22492
0.21978
0.15353
0.09928
0.21747
0.19719
0.18779
0.15842
0.31685
0.25459
0.26086
0.13889
0.13195
0.31097
0.34287
0.31539
0.03617
0.27268
0.12606
0.31884
0.16282
0.08595
0.16439
0.13728
0.12368
0.22268
0.27524
0.07517
0.10151
0.07022
0.27995
0.21251
0.26529
0.18516
0.23547
0.24781
0.13442
0.07323
0.28172
0.25917
0.36583
0.30922
0.33928
0.25347
0.26570
0.30108
0.27145
0.29433
0.07464
0.10416
0.13604
0.23436
0.06788
0.08215
0.20677
0.13908
0.22011
0.11628
0.18301
0.15655
0.27184
0.27056
0.28037
0.19161
0.32035
0.16190
0.12886
0.31912
0.10530
0.18989
0.08326
0.11359
0.21670
0.04832
0.24236
0.34050
0.06142
0.12270
0.14870
0.26346
0.11743
0.07147
0.08623
0.05863
0.11974
0.14935
0.16586
0.10347
0.28167
0.16981
0.23133
0.10596
0.14334
0.30309
0.21113
0.26547
0.33323
0.15377
0.27276
0.30242
0.28593
0.32731
0.28554
0.26035
0.32727
0.25011
0.22767
0.24404
0.22419
0.29283
0.20433
0.37244
0.33187
0.24039
0.25998
0.24820
0.23756
0.34175
0.30387
0.24611
0.28866
0.33663
0.22581
0.26672
0.32221
0.26764
0.23774
0.25469
0.30224
0.30987
0.25206
0.23073
0.34481
0.27044
0.25095
0.33645
0.21090
0.30766
0.33533
0.29380
0.30081
0.30159
0.28502
0.23891
0.29096
0.34907
0.22183
0.29889
0.32029
0.25769
0.29070
0.30185
0.20133
0.30380
0.24814
0.27740
0.31947
0.29132
0.27071
0.18160
0.27750
0.35986
0.15278
0.26814
0.20125
0.20231
0.21407
0.35076
0.30691
0.30906
0.17736
0.34466
0.26631
0.25829
0.36456
0.30331
0.29281
0.29264
0.24413
0.28695
0.19844
0.36835
0.29060
0.24815
0.16608
0.31636
0.19490
0.25899
0.29432
0.25705
0.34780
0.31443
0.20925
0.30634
0.27791
0.18519
0.17556
0.28894
0.18583
0.18702
0.16879
0.28307
0.33936
0.25453
0.27034
0.24449
0.29722
0.23541
0.30278
0.26746
0.30373
0.20942
0.28720
0.28435
0.21066
0.17662
0.34182
0.29470
0.18166
0.32086
0.30506
0.25660
0.35829
0.30786
0.24268
0.29385
0.20962
0.28565
0.31030
0.27069
0.28371
0.24803
0.17925
0.31322
0.23359
0.30278
0.22254
0.25477
0.32619
0.30845
0.19126
0.23448
0.29367
0.19925
0.29498
0.19470
0.24091
0.23392
0.23971
0.23058
0.30158
0.31973
0.33120
0.24478
0.22528
0.33022
0.22076
0.21100
0.21780
0.29957
0.31139
0.18285
0.18520
0.28776
0.29124
0.21532
0.17057
0.21869
0.26313
0.21348
0.25728
0.25301
0.32688
0.16716
0.23501
0.26289
0.28789
0.19876
0.28288
0.28603
0.24274
0.37234
0.19464
0.30338
0.22367
0.35247
0.31224
0.24909
0.26876
0.29428
0.24522
0.18474
0.29372
0.28912
0.26812
0.28080
0.26590
0.33618
0.25798
0.26632
0.23618
0.34622
0.22342
0.28838
0.23143
0.26066
0.27521
0.25868
0.21683
0.25339
0.26439
0.30841
0.22095
0.31723
0.24232
0.28867
0.29526
0.27910
0.30524
0.16042
0.21998
0.30584
0.33038
0.26435
0.27936
0.30957
0.26242
0.25041
0.21323
0.31145
0.29020
0.26516
0.25268
0.20378
0.29904
0.31394
0.26142
0.25958
0.22881
0.33890
0.28021
0.20121
0.18977
0.29047
0.28460
0.29366
0.28035
0.25593
0.34226
0.34943
0.15163
0.25897
0.31037
0.26848
0.27142
0.30293
0.34425
0.23265
0.19302
0.20986
0.27503
0.27635
0.35856
0.30891
0.29104
0.28584
0.22270
0.26177
0.28966
0.28426
0.17568
0.32945
0.21389
0.24357
0.33755
0.30462
0.25028
0.25567
0.25972
0.30542
0.34750
0.34001
0.23208
0.28492
0.20570
0.32455
0.31258
0.14709
0.28180
0.19822
0.24279
0.27524
0.25831
0.26694
0.24499
0.27106
0.22284
0.22218
0.25485
0.33563
0.28809
0.27607
0.20940
0.29632
0.24930
0.24136
0.19246
0.34125
0.27743
0.32437
0.26480
0.24818
0.27692
0.25872
0.23900
0.26033
0.19103
0.32667
0.26415
0.33266
0.27045
0.32118
0.36147
0.28417
0.27015
0.30080
0.17042
0.20474
0.28915
0.21251
0.30726
0.30493
0.28446
0.33006
0.38122
0.30809
0.32985
0.25802
0.29869
0.27582
0.35629
0.25124
0.27720
0.32550
0.32909
0.30169
0.33762
0.39198
0.19930
0.26181
0.31476
0.27022
0.32658
0.30611
0.23611
0.24767
0.34357
0.23593
0.26814
0.32406
0.29446
0.25558
0.25191
0.26683
0.24671
0.28212
0.30841
0.28982
0.25010
0.30943
0.27413
0.29463
0.27433
0.28594
0.14018
0.30735
0.32545
0.36945
0.32828
0.31933
0.41324
0.39882
0.26653
0.19981
0.30502
0.40976
0.28684
0.20425
0.29928
0.34988
0.24897
0.22844
0.33283
0.23812
0.28260
0.24247
0.34474
0.36322
0.42238
0.31118
0.29620
0.25003
0.38981
0.30537
0.29119
0.30207
0.35325
0.26625
0.19756
0.32808
0.44756
0.24462
0.40916
0.42498
0.21929
0.29102
0.35901
0.32311
0.30363
0.25711
0.27947
0.22576
0.29992
0.30846
0.31548
0.31537
0.38590
0.26387
0.28909
0.28806
0.21107
0.24972
0.39697
0.24760
0.15424
0.35605
0.20433
0.18858
0.39252
0.18116
0.26446
0.23641
0.26411
0.24365
0.45917
0.20458
0.32260
0.37953
0.25394
0.23600
0.26330
0.26408
0.22075
0.35954
0.20269
0.36851
0.36673
0.23768
0.24594
0.23392
0.34677
0.27086
0.21112
0.35114
0.43385
0.31854
0.28984
0.34740
0.36714
0.20426
0.27391
0.27726
0.39458
0.21741
0.23909
0.24595
0.35517
0.27184
0.26797
0.27011
0.32987
0.37625
0.21997
0.26915
0.34435
0.30372
0.28642
0.24973
0.37357
0.28570
0.25892
0.27865
0.29845
0.33763
0.25676
0.29751
0.24148
0.32834
0.26828
0.23502
0.30573
0.28975
0.21666
0.28381
0.20650
0.33451
0.19589
0.06002
0.14135
0.23313
0.22768
0.30502
0.21869
0.23583
0.35113
0.20579
0.09057
0.13976
0.05532
0.28639
0.27071
0.18567
0.28526
0.10034
0.19799
0.15742
0.24288
0.07413
0.08661
0.26556
0.24312
0.22602
0.21454
0.25296
0.09172
0.30588
0.23662
0.07567
0.09460
0.12241
0.27630
0.08930
0.24704
0.19347
0.27772
0.07521
0.06235
0.03892
0.08609
0.28907
0.15432
0.13768
0.23712
0.27989
0.16969
0.29862
0.21412
0.07363
0.28028
0.11649
0.07153
0.24452
0.18034
0.23988
0.09614
0.04117
0.23003
0.21028
0.29004
0.26208
0.04940
0.06823
0.19843
0.23613
0.15214
0.25019
0.16183
0.25020
0.21455
0.11374
0.28959
0.28627
0.12418
0.16433
0.11973
0.08204
0.04419
0.24623
0.14617
0.19427
0.26276
0.28176
0.19761
0.31495
0.22091
0.22700
0.24002
0.22391
0.21876
0.05586
0.24125
0.11654
0.08708
0.23502
0.23287
0.33084
0.24246
0.09849
0.08186
0.12740
0.27069
0.20903
0.30280
0.06290
0.17810
0.31417
0.14548
0.23691
0.09919
0.03699
0.07204
0.17019
0.07218
0.08139
0.28655
0.27938
0.09015
0.09722
0.06540
0.11065
0.09177
0.24509
