0.10900
0.09981
0.05723
0.24447
0.06877
0.11887
0.21597
0.14938
0.19419
0.07329
0.22612
0.12512
0.17453
0.12140
0.13639
0.22456
0.11549
0.13008
0.10243
0.12064
0.30062
0.14002
0.13502
0.07001
0.24831
0.15925
0.12280
0.26866
0.09939
0.19452
0.12578
0.27314
0.18112
0.09274
0.12435
0.10879
0.11972
0.10506
0.14198
0.16522
0.31695
0.26736
0.10484
0.13123
0.27096
0.24438
0.16862
0.25347
0.17934
0.16841
0.09240
0.13679
0.13393
0.28813
0.10603
0.23924
0.26499
0.10921
0.10608
0.07932
0.28082
0.30240
0.12187
0.24536
0.26618
0.30092
0.05625
0.20083
0.08936
0.05033
0.13788
0.29698
0.32835
0.22473
0.24461
0.13825
0.07779
0.03872
0.19883
0.15402
0.30344
0.19961
0.29185
0.27823
0.26378
0.36546
0.09480
0.09964
0.13436
0.24219
0.31090
0.17394
0.06110
0.22978
0.03972
0.13451
0.21757
0.20354
0.17139
0.17589
0.10503
0.21351
0.12942
0.13732
0.22923
0.28884
0.16864
0.18664
0.21221
0.27418
0.02911
0.23271
0.07398
0.25430
0.13527
0.15570
0.25976
0.06445
0.08734
0.15782
0.25386
0.07908
0.29661
0.03876
0.10713
0.17687
0.30001
0.26254
0.19290
0.26938
0.09842
0.11524
0.31956
0.32068
0.11215
0.18241
0.05740
0.27265
0.26227
0.07011
0.18980
0.04843
0.28037
0.19290
0.12855
0.30294
0.10311
0.32898
0.18494
0.08927
0.17268
0.26417
0.12657
0.29869
0.30301
0.29852
0.15725
0.14487
0.16387
0.21531
0.29678
0.29807
0.26842
0.31547
0.10224
0.11238
0.32438
0.29890
0.06074
0.25470
0.06821
0.22262
0.22330
0.05779
0.10429
0.20981
0.08318
0.07906
0.18154
0.26646
0.04872
0.10046
0.21315
0.16838
0.08601
0.23162
0.23642
0.25755
0.23781
0.22354
0.14848
0.07342
0.06052
0.15906
0.14246
0.24304
0.22054
0.14623
0.11227
0.24470
0.22032
0.04829
0.17228
0.14643
0.06170
0.25928
0.13432
0.20994
0.24327
0.14153
0.26819
0.21492
0.09208
0.24469
0.26749
0.22751
0.12476
0.28022
0.27507
0.31001
0.14187
0.21425
0.14657
0.06595
0.08959
0.08237
0.18808
0.22699
0.17479
0.05797
0.25460
0.11544
0.23034
0.13606
0.06222
0.28958
0.11223
0.03228
0.11212
0.25014
0.07742
0.27630
0.10976
0.10083
0.16224
0.23878
0.13116
0.05477
0.12185
0.13229
0.11363
0.08804
0.10248
0.27273
0.13376
0.18413
0.18984
0.12000
0.07507
0.12551
0.19867
0.13572
0.19679
0.17993
0.16494
0.26714
0.29054
0.09302
0.24289
0.06467
0.10873
0.12861
0.07258
0.04165
0.33858
0.17982
0.06959
0.20720
0.20872
0.08255
0.15091
0.31628
0.11835
0.09801
0.28785
0.14293
0.18958
0.17964
0.22969
0.19302
0.10250
0.08955
0.19513
0.22602
0.15430
0.10746
0.16797
0.19784
0.18967
0.18887
0.32590
0.28174
0.26776
0.14471
0.13560
0.28177
0.31116
0.30681
0.04724
0.22676
0.14218
0.27568
0.16459
0.10651
0.13702
0.17298
0.11185
0.23051
0.20623
0.06505
0.09487
0.08264
0.21233
0.17102
0.21655
0.18162
0.19978
0.23136
0.13335
0.05081
0.23092
0.28426
0.36874
0.26430
0.35194
0.21826
0.22965
0.27905
0.24489
0.26207
0.07900
0.07580
0.14004
0.23367
0.07321
0.09687
0.18568
0.16176
0.21453
0.14108
0.20601
0.13880
0.29317
0.26924
0.25098
0.21637
0.29592
0.13059
0.14147
0.29303
0.07698
0.18507
0.06514
0.07759
0.19965
0.10399
0.25674
0.31630
0.12673
0.10848
0.17484
0.24695
0.13449
0.05696
0.08763
0.08016
0.09750
0.10049
0.19886
0.10395
0.26310
0.17319
0.19748
0.12963
0.14375
0.27644
0.22650
0.29609
0.33586
0.16033
0.24075
0.32428
0.30024
0.33555
0.27919
0.26885
0.33452
0.26644
0.23583
0.28174
0.21080
0.31907
0.20401
0.36281
0.30441
0.22960
0.26011
0.25293
0.28680
0.35377
0.30347
0.25901
0.30461
0.31496
0.23030
0.27699
0.31364
0.28922
0.22586
0.25385
0.30268
0.30402
0.27767
0.22169
0.33307
0.28679
0.25834
0.32823
0.19005
0.29901
0.34008
0.30806
0.29909
0.32255
0.30072
0.25265
0.29813
0.32213
0.23788
0.30526
0.30067
0.27579
0.31575
0.31189
0.21767
0.32397
0.27138
0.26513
0.28868
0.25938
0.29083
0.19330
0.26285
0.35607
0.10850
0.28640
0.25014
0.23767
0.16320
0.37349
0.29332
0.30765
0.16267
0.33207
0.27790
0.27426
0.36641
0.27884
0.31488
0.28190
0.24555
0.28323
0.16735
0.34500
0.31029
0.24924
0.15829
0.33715
0.20216
0.26781
0.28090
0.26860
0.33456
0.29392
0.22806
0.30253
0.30467
0.15785
0.17392
0.31424
0.17491
0.18682
0.12040
0.29260
0.31640
0.28405
0.29552
0.23957
0.31541
0.20926
0.32291
0.29976
0.29878
0.19724
0.27657
0.30242
0.19152
0.18544
0.34807
0.28605
0.24291
0.30294
0.29648
0.24332
0.35932
0.29454
0.23718
0.27139
0.20482
0.28471
0.29061
0.30377
0.28061
0.25252
0.16340
0.33641
0.22201
0.30137
0.20543
0.28671
0.34012
0.25067
0.18153
0.21408
0.28053
0.19981
0.29077
0.19491
0.23343
0.23929
0.21422
0.24278
0.30618
0.30547
0.30600
0.26804
0.24647
0.30293
0.21646
0.25159
0.24020
0.26983
0.29727
0.15037
0.20018
0.28966
0.29864
0.23640
0.15197
0.20365
0.24576
0.24456
0.23128
0.28949
0.33924
0.15702
0.27219
0.25212
0.30304
0.21602
0.30604
0.27048
0.25587
0.36197
0.18659
0.28981
0.25080
0.34480
0.30860
0.27000
0.28287
0.31396
0.25993
0.18691
0.30868
0.28442
0.28035
0.26483
0.25984
0.33127
0.24624
0.26027
0.23383
0.33036
0.25638
0.29361
0.23458
0.27861
0.26305
0.24969
0.20966
0.29112
0.26129
0.30564
0.21567
0.32160
0.24994
0.29502
0.27679
0.25152
0.28396
0.14711
0.26080
0.30773
0.31093
0.27789
0.30746
0.31666
0.26751
0.25392
0.26316
0.27847
0.29664
0.29640
0.24694
0.16127
0.30235
0.29456
0.26849
0.29036
0.18514
0.31420
0.30500
0.21343
0.19894
0.26537
0.29136
0.31686
0.27392
0.25040
0.33369
0.33590
0.15087
0.23680
0.29561
0.28493
0.29552
0.31353
0.31925
0.21704
0.18190
0.15639
0.28213
0.30339
0.34438
0.28750
0.27451
0.30740
0.22473
0.25435
0.26973
0.25085
0.17384
0.30527
0.21638
0.23989
0.31966
0.30441
0.28335
0.22937
0.27142
0.28815
0.35326
0.33266
0.27530
0.25312
0.18360
0.32345
0.28122
0.14244
0.28987
0.16570
0.26308
0.30206
0.22604
0.27628
0.22216
0.28686
0.19469
0.25868
0.25254
0.33544
0.29307
0.29298
0.21313
0.27352
0.25313
0.25606
0.23593
0.29533
0.26393
0.34072
0.26406
0.27981
0.30355
0.28022
0.26111
0.25989
0.21138
0.31601
0.29078
0.32305
0.25762
0.26013
0.33407
0.25548
0.28197
0.32040
0.20205
0.25361
0.31249
0.26328
0.31851
0.29902
0.30944
0.33239
0.37123
0.29088
0.31197
0.25360
0.28255
0.25978
0.35078
0.27860
0.26712
0.31598
0.30705
0.31031
0.30037
0.38130
0.22081
0.28863
0.31731
0.24003
0.30669
0.31923
0.24418
0.27072
0.31886
0.23248
0.29908
0.28597
0.28952
0.25250
0.27133
0.29287
0.24527
0.26812
0.33498
0.27869
0.25194
0.31759
0.27512
0.32437
0.29959
0.26913
0.15325
0.30828
0.34364
0.34429
0.33651
0.27253
0.39766
0.38499
0.28885
0.17441
0.32256
0.37619
0.26432
0.13259
0.32990
0.31462
0.23117
0.26730
0.30411
0.27159
0.23138
0.24961
0.34571
0.32159
0.35697
0.26761
0.32555
0.29569
0.39590
0.27698
0.29545
0.32244
0.33465
0.30212
0.18380
0.30344
0.44788
0.24478
0.40636
0.41539
0.18143
0.30716
0.36534
0.32813
0.24893
0.27273
0.31076
0.23768
0.25031
0.31387
0.28048
0.28470
0.39017
0.30760
0.30519
0.22220
0.23698
0.28917
0.39556
0.17656
0.07625
0.33321
0.11958
0.18191
0.40137
0.12145
0.21229
0.19150
0.29665
0.24070
0.44003
0.15490
0.35006
0.38884
0.25293
0.18658
0.27801
0.21701
0.17455
0.36477
0.14662
0.36009
0.33021
0.28124
0.23061
0.26799
0.33706
0.28347
0.17499
0.31843
0.42258
0.30800
0.28105
0.37171
0.38108
0.24544
0.23071
0.29510
0.37980
0.17299
0.20438
0.24102
0.34940
0.30347
0.25220
0.29230
0.31550
0.32485
0.20933
0.32808
0.34041
0.27401
0.30601
0.26306
0.37099
0.31379
0.22577
0.30426
0.32865
0.32945
0.26681
0.31622
0.23793
0.32161
0.24430
0.27317
0.33124
0.30133
0.26305
0.30576
0.19628
0.30079
0.24794
0.05076
0.14546
0.23138
0.26572
0.23915
0.21863
0.21259
0.31907
0.21397
0.05924
0.15763
0.06644
0.27998
0.22051
0.19223
0.30960
0.10071
0.14127
0.18915
0.20849
0.07884
0.15013
0.23530
0.26744
0.13662
0.21024
0.21422
0.06731
0.30096
0.21457
0.03723
0.07223
0.15068
0.27844
0.11060
0.26828
0.22265
0.33966
0.06698
0.04510
0.10159
0.08375
0.28762
0.10919
0.12539
0.15207
0.33111
0.13229
0.29498
0.20774
0.10839
0.30032
0.05445
0.05959
0.31036
0.19666
0.29440
0.09611
0.05974
0.18657
0.18299
0.24809
0.24697
0.04089
0.08036
0.18107
0.20231
0.23636
0.21994
0.10614
0.21134
0.17066
0.06932
0.28783
0.29800
0.10894
0.07560
0.14866
0.04359
0.05125
0.27534
0.17410
0.19597
0.18762
0.26771
0.20865
0.33019
0.28060
0.29852
0.15769
0.16999
0.17841
0.03244
0.25507
0.08526
0.09528
0.18158
0.21905
0.25552
0.25419
0.08507
0.06112
0.17436
0.22018
0.27771
0.31684
0.07614
0.25365
0.36192
0.09227
0.21526
0.08357
0.05042
0.08201
0.08594
0.06413
0.09469
0.27539
0.27611
0.12692
0.06411
0.04484
0.09457
0.08954
0.32087
