0.09058
0.10327
0.05276
0.20607
0.10160
0.15407
0.25795
0.12989
0.18324
0.03893
0.17414
0.11397
0.15564
0.10892
0.10558
0.22352
0.13839
0.10460
0.09682
0.14832
0.26913
0.14594
0.13456
0.06762
0.22342
0.13077
0.12771
0.22504
0.10989
0.12561
0.16656
0.21537
0.12301
0.10759
0.09591
0.09718
0.12832
0.07090
0.11635
0.13543
0.28640
0.25540
0.07022
0.13917
0.26976
0.19607
0.16924
0.22708
0.17268
0.15739
0.09810
0.12351
0.15044
0.29232
0.09120
0.20959
0.17352
0.12403
0.14553
0.08157
0.27835
0.27115
0.11501
0.23310
0.28803
0.32557
0.05758
0.18355
0.11168
0.03920
0.14095
0.31579
0.28070
0.17869
0.26271
0.10424
0.10607
0.04968
0.20108
0.17736
0.33367
0.16307
0.32069
0.27012
0.20880
0.35314
0.10137
0.07050
0.11662
0.26513
0.32702
0.18457
0.09031
0.26838
0.05681
0.16188
0.20887
0.23615
0.21271
0.17008
0.10171
0.12676
0.10335
0.12269
0.22601
0.29947
0.12777
0.16698
0.15327
0.29468
0.03708
0.27079
0.11194
0.20521
0.11036
0.13636
0.26282
0.06025
0.05688
0.20464
0.21189
0.09890
0.28488
0.01879
0.08457
0.12159
0.28717
0.27200
0.16674
0.23937
0.08578
0.11294
0.30725
0.35399
0.10218
0.13029
0.08290
0.27580
0.24848
0.04239
0.15405
0.05324
0.29323
0.17454
0.12078
0.25088
0.08943
0.36026
0.18163
0.08806
0.15515
0.27121
0.10659
0.29349
0.30297
0.32386
0.07654
0.13868
0.16109
0.18307
0.22027
0.25008
0.27787
0.31051
0.08853
0.11502
0.26792
0.25760
0.06366
0.26482
0.06314
0.23644
0.25629
0.03393
0.07865
0.22114
0.06919
0.04422
0.18086
0.27222
0.12141
0.10863
0.24188
0.15386
0.10262
0.14946
0.23887
0.26333
0.26339
0.17084
0.11024
0.08238
0.04618
0.14389
0.15825
0.23656
0.16332
0.14983
0.08273
0.27601
0.20883
0.09222
0.17718
0.13999
0.06194
0.19519
0.10216
0.21723
0.25236
0.07386
0.26200
0.24979
0.08320
0.22272
0.27658
0.23820
0.12515
0.29854
0.22459
0.35136
0.09332
0.19609
0.10493
0.05967
0.08060
0.05464
0.14046
0.18419
0.12778
0.06547
0.23511
0.07784
0.22265
0.11902
0.10522
0.24143
0.10951
0.06071
0.12466
0.27146
0.04718
0.29314
0.07809
0.10595
0.13100
0.19603
0.10551
0.06295
0.10417
0.10166
0.10090
0.10727
0.11289
0.18875
0.14849
0.15274
0.18457
0.05639
0.05042
0.13536
0.19895
0.14685
0.22771
0.21028
0.10898
0.19488
0.27786
0.09042
0.16458
0.05544
0.07509
0.12230
0.06544
0.04646
0.35328
0.18535
0.06469
0.19602
0.19395
0.09493
0.15726
0.30699
0.14142
0.07529
0.28918
0.12268
0.18721
0.18705
0.18207
0.14684
0.09702
0.08375
0.17817
0.20854
0.17526
0.11004
0.16860
0.14837
0.17166
0.12435
0.33771
0.24569
0.28289
0.12444
0.06539
0.30569
0.30351
0.33582
0.03206
0.25121
0.11438
0.27507
0.13624
0.07169
0.14755
0.12044
0.10929
0.16972
0.23800
0.04705
0.10833
0.04847
0.25791
0.14376
0.26517
0.11051
0.23504
0.22546
0.10714
0.04741
0.27816
0.22182
0.35202
0.22911
0.28691
0.23924
0.23313
0.30752
0.28519
0.21977
0.07521
0.07207
0.10987
0.24062
0.05735
0.08241
0.19913
0.09906
0.19578
0.08205
0.16535
0.11114
0.24281
0.28547
0.26765
0.22705
0.32399
0.11089
0.13964
0.31734
0.06622
0.18912
0.05069
0.09582
0.22497
0.04961
0.24126
0.32758
0.05451
0.09637
0.12745
0.23734
0.09906
0.05614
0.09642
0.07137
0.06357
0.09230
0.21185
0.08375
0.27950
0.16876
0.17719
0.06046
0.17153
0.28912
0.23039
0.29684
0.35071
0.19579
0.29276
0.32077
0.32372
0.34187
0.27629
0.26175
0.33858
0.26875
0.24389
0.26646
0.21627
0.33591
0.19695
0.36734
0.31320
0.24780
0.27380
0.25001
0.28643
0.34922
0.32035
0.27256
0.28964
0.32053
0.24427
0.29323
0.32605
0.26633
0.26183
0.24738
0.32133
0.30008
0.29755
0.21205
0.33914
0.27611
0.28370
0.32980
0.23599
0.32423
0.35768
0.27829
0.32604
0.32724
0.30973
0.21882
0.31466
0.31834
0.25557
0.31379
0.31730
0.28964
0.26947
0.27518
0.18521
0.31909
0.25543
0.27451
0.30900
0.28704
0.30440
0.17179
0.27277
0.36536
0.15641
0.27226
0.23975
0.23231
0.18861
0.36285
0.30429
0.28512
0.17992
0.35742
0.27290
0.25559
0.36758
0.29292
0.31508
0.29762
0.24822
0.27080
0.18560
0.36945
0.32031
0.25505
0.16085
0.34754
0.20627
0.22747
0.27930
0.24382
0.35151
0.31089
0.17624
0.31978
0.27595
0.17809
0.17599
0.31835
0.18469
0.20150
0.15049
0.28706
0.32419
0.30405
0.30349
0.24778
0.31350
0.18837
0.32652
0.30528
0.32040
0.21576
0.28288
0.30538
0.20032
0.18896
0.34389
0.29204
0.20223
0.33008
0.30649
0.25405
0.33454
0.30823
0.19840
0.28356
0.16365
0.28753
0.31100
0.28574
0.26827
0.23274
0.18169
0.33722
0.21051
0.32115
0.18942
0.30935
0.34729
0.28328
0.18520
0.21466
0.30105
0.19273
0.32763
0.19272
0.24679
0.24825
0.21918
0.23833
0.31508
0.31852
0.31474
0.25623
0.22678
0.32117
0.23804
0.21468
0.22711
0.26901
0.27489
0.16833
0.17647
0.29848
0.30985
0.22625
0.17040
0.20473
0.27091
0.24332
0.22738
0.28979
0.34467
0.17100
0.25587
0.26835
0.30773
0.16865
0.30766
0.25906
0.23212
0.39292
0.17818
0.31548
0.21110
0.36159
0.30769
0.29007
0.26816
0.30090
0.27804
0.18934
0.31077
0.26123
0.29750
0.27571
0.27038
0.34155
0.24886
0.29134
0.23569
0.33998
0.24277
0.30223
0.23237
0.27224
0.27704
0.26414
0.19909
0.27255
0.25970
0.32892
0.21236
0.31114
0.21124
0.30630
0.29287
0.26730
0.25625
0.15225
0.24821
0.31561
0.31603
0.28882
0.31476
0.33029
0.25939
0.27934
0.23329
0.29433
0.29863
0.30317
0.25591
0.18330
0.31308
0.31246
0.23901
0.29648
0.20904
0.33346
0.30535
0.21795
0.22766
0.27383
0.29386
0.32312
0.27342
0.25795
0.33254
0.36230
0.14287
0.24506
0.30978
0.28189
0.31850
0.31419
0.31752
0.24422
0.20750
0.20140
0.28231
0.30670
0.35705
0.28453
0.29732
0.32383
0.21582
0.24538
0.28631
0.27987
0.17354
0.34231
0.23181
0.22901
0.35245
0.31646
0.27726
0.21764
0.24785
0.28333
0.36605
0.32519
0.26852
0.25699
0.18755
0.34029
0.31334
0.14254
0.30046
0.20083
0.26516
0.29912
0.22356
0.27824
0.25628
0.28786
0.20525
0.24004
0.22204
0.33747
0.29820
0.31237
0.21944
0.28122
0.25767
0.22130
0.18793
0.33676
0.28325
0.31765
0.24329
0.27313
0.29524
0.24962
0.26615
0.28776
0.19352
0.33190
0.24352
0.34662
0.25927
0.27649
0.34829
0.27365
0.29081
0.33520
0.21724
0.17020
0.33201
0.22584
0.31466
0.31551
0.31828
0.35792
0.37314
0.29013
0.32352
0.28390
0.32688
0.31887
0.35304
0.26291
0.25540
0.33663
0.32307
0.32580
0.32759
0.39308
0.19569
0.27178
0.30137
0.24911
0.31103
0.34315
0.24627
0.25941
0.33809
0.23630
0.31193
0.30228
0.31079
0.27341
0.26396
0.29103
0.30464
0.29254
0.35626
0.29645
0.27074
0.31975
0.28132
0.33454
0.30731
0.27963
0.12282
0.33852
0.35291
0.34476
0.33929
0.32570
0.38275
0.39411
0.28876
0.17184
0.32877
0.37409
0.29519
0.21902
0.32063
0.33926
0.25424
0.25557
0.33011
0.24411
0.26337
0.27838
0.34589
0.34515
0.39133
0.30689
0.31936
0.27374
0.37779
0.28587
0.29126
0.30444
0.36579
0.28588
0.19894
0.32359
0.45077
0.25531
0.41316
0.39177
0.17389
0.29824
0.36743
0.33121
0.28508
0.27692
0.28310
0.22993
0.27576
0.31973
0.26895
0.28698
0.38721
0.29388
0.30241
0.23113
0.21277
0.27357
0.40261
0.25049
0.10764
0.32909
0.16512
0.19525
0.41139
0.17750
0.25682
0.21483
0.27916
0.22859
0.43649
0.19230
0.33839
0.40662
0.25231
0.22176
0.26841
0.27862
0.21801
0.37135
0.17701
0.37365
0.35430
0.27393
0.25533
0.25787
0.34354
0.28865
0.20003
0.36160
0.41415
0.30509
0.30563
0.37105
0.36339
0.23485
0.25573
0.28974
0.38429
0.19010
0.23159
0.24810
0.36305
0.29580
0.25193
0.29278
0.32075
0.37303
0.23314
0.30802
0.35401
0.27348
0.30312
0.24596
0.37836
0.29337
0.26373
0.28806
0.31231
0.32269
0.25616
0.31402
0.24346
0.33482
0.24935
0.26596
0.32152
0.28842
0.23936
0.30641
0.18220
0.29593
0.20655
0.03620
0.11437
0.18782
0.19248
0.25907
0.21853
0.21635
0.30022
0.21180
0.07012
0.22152
0.06605
0.30005
0.22156
0.17125
0.31468
0.08387
0.18850
0.18737
0.19628
0.08035
0.15290
0.25770
0.26964
0.19131
0.21603
0.26051
0.05247
0.32565
0.19684
0.07782
0.08119
0.13211
0.28487
0.10946
0.24614
0.23893
0.27102
0.08155
0.03568
0.11527
0.07250
0.29438
0.06364
0.10002
0.17593
0.31570
0.11984
0.19739
0.21618
0.06896
0.21419
0.09277
0.06355
0.29743
0.18802
0.25858
0.09770
0.03833
0.21502
0.21202
0.29004
0.24259
0.03213
0.02968
0.19345
0.21036
0.21556
0.17602
0.12232
0.24076
0.21077
0.14029
0.25320
0.30743
0.14914
0.14448
0.16244
0.08798
0.08630
0.20446
0.13278
0.19832
0.24539
0.26905
0.20332
0.32096
0.21140
0.27377
0.12544
0.23681
0.10808
0.04752
0.26721
0.13046
0.07164
0.22486
0.24716
0.27138
0.24826
0.11669
0.07788
0.13829
0.18853
0.17931
0.26156
0.10721
0.19990
0.28371
0.14950
0.22924
0.12574
0.01632
0.07123
0.10111
0.04336
0.08218
0.25142
0.21743
0.08655
0.10858
0.04137
0.05177
0.10960
0.21009
