0.10744
0.11284
0.09550
0.26500
0.07978
0.13306
0.24674
0.15647
0.19419
0.09159
0.22285
0.12561
0.16005
0.10802
0.17640
0.23100
0.16471
0.13814
0.07556
0.12866
0.26852
0.18622
0.13511
0.05287
0.25020
0.16543
0.16701
0.25577
0.14455
0.21511
0.19619
0.26182
0.14319
0.09937
0.14142
0.09274
0.13233
0.09479
0.16106
0.16918
0.28867
0.29394
0.11879
0.15305
0.26726
0.24779
0.19343
0.25786
0.19496
0.16390
0.09285
0.13875
0.14380
0.27183
0.10437
0.21940
0.20312
0.12854
0.15332
0.10664
0.27513
0.28191
0.14894
0.19066
0.28190
0.32102
0.11311
0.14343
0.09769
0.05740
0.14425
0.31661
0.26890
0.17989
0.24185
0.15286
0.10526
0.07877
0.20977
0.13984
0.30086
0.15304
0.34047
0.27143
0.26288
0.31285
0.09775
0.09207
0.14861
0.25692
0.31958
0.17551
0.09178
0.28106
0.09969
0.18422
0.23387
0.23093
0.20643
0.15250
0.09263
0.20318
0.11577
0.11921
0.24225
0.29763
0.16427
0.16981
0.17554
0.26723
0.05293
0.24541
0.14256
0.20592
0.13477
0.15580
0.26740
0.07652
0.08761
0.21763
0.22908
0.11473
0.29709
0.05480
0.12105
0.15456
0.26134
0.27091
0.18498
0.25321
0.10365
0.12319
0.25216
0.31584
0.11946
0.14263
0.08651
0.28202
0.26093
0.10612
0.14421
0.06587
0.28119
0.24275
0.16983
0.19823
0.10405
0.32542
0.18665
0.09548
0.18796
0.24812
0.11958
0.32102
0.30485
0.33064
0.13189
0.16686
0.13354
0.22444
0.27641
0.24245
0.28143
0.31264
0.09719
0.09931
0.30069
0.25440
0.11228
0.21680
0.07762
0.26357
0.23933
0.03513
0.11746
0.20464
0.10483
0.11371
0.20484
0.29434
0.14909
0.10270
0.20605
0.13196
0.11955
0.19172
0.21340
0.23317
0.25610
0.17067
0.14621
0.10191
0.07518
0.16662
0.16798
0.21840
0.19394
0.18223
0.09419
0.26630
0.23676
0.04115
0.23582
0.15086
0.09171
0.25380
0.13987
0.21738
0.24722
0.13100
0.26937
0.20426
0.13049
0.23498
0.23651
0.26154
0.11677
0.22158
0.24024
0.35618
0.17545
0.23940
0.10452
0.09684
0.11010
0.05015
0.17272
0.20980
0.15995
0.10026
0.26337
0.15787
0.23360
0.15742
0.11980
0.27862
0.09792
0.06588
0.10856
0.29064
0.09212
0.27165
0.15195
0.13145
0.18266
0.23437
0.10775
0.05155
0.10198
0.11578
0.10773
0.13854
0.15631
0.27629
0.14251
0.17239
0.19385
0.07677
0.09218
0.13090
0.20680
0.17258
0.21590
0.18028
0.14329
0.23554
0.28487
0.09936
0.18793
0.08158
0.11825
0.12249
0.09303
0.05894
0.33391
0.19971
0.06819
0.20858
0.18816
0.08743
0.14895
0.34388
0.14206
0.11424
0.27545
0.11451
0.20274
0.20436
0.15040
0.22692
0.10541
0.09264
0.14361
0.23722
0.16913
0.09987
0.19683
0.14879
0.18927
0.14602
0.32473
0.31605
0.24866
0.18252
0.12886
0.29353
0.29705
0.33768
0.05416
0.27286
0.14586
0.29117
0.13486
0.12559
0.11861
0.11267
0.11660
0.21239
0.22902
0.11284
0.07331
0.09714
0.28424
0.18372
0.28345
0.19695
0.23706
0.24316
0.19075
0.06689
0.29663
0.24490
0.36165
0.21024
0.27096
0.22790
0.25889
0.28933
0.29368
0.27484
0.07267
0.08633
0.15012
0.22129
0.06909
0.05791
0.20991
0.13969
0.24730
0.17495
0.17234
0.13779
0.27425
0.27604
0.24015
0.24629
0.31238
0.15306
0.13545
0.33359
0.09638
0.17075
0.07977
0.08183
0.19109
0.10374
0.26238
0.32685
0.07428
0.13007
0.14869
0.24447
0.10884
0.08248
0.09232
0.12020
0.05576
0.09784
0.19765
0.09163
0.25473
0.14836
0.18826
0.12876
0.16565
0.29082
0.19048
0.26655
0.34886
0.14586
0.28901
0.28768
0.31217
0.30354
0.28561
0.23636
0.34889
0.22752
0.24436
0.26044
0.22101
0.29285
0.19310
0.36655
0.31124
0.26628
0.27258
0.23595
0.26497
0.33896
0.29544
0.24598
0.30885
0.33888
0.22177
0.25282
0.31188
0.26726
0.25237
0.24465
0.29192
0.31475
0.26276
0.25057
0.35071
0.24343
0.22263
0.29572
0.17501
0.31114
0.35101
0.27984
0.27071
0.31742
0.27459
0.22796
0.28400
0.32987
0.22256
0.28293
0.31092
0.25131
0.28812
0.29358
0.18072
0.28890
0.25747
0.28082
0.32243
0.29992
0.26393
0.16610
0.27789
0.35141
0.14174
0.27532
0.20673
0.17869
0.21057
0.36310
0.30530
0.32032
0.16515
0.35237
0.26516
0.26459
0.35211
0.30669
0.29764
0.28339
0.23424
0.25678
0.20245
0.35825
0.28105
0.24792
0.16764
0.31907
0.22036
0.24744
0.28388
0.25133
0.34758
0.29290
0.19636
0.31893
0.29625
0.19211
0.15356
0.26458
0.19334
0.20898
0.17233
0.28781
0.34134
0.24382
0.26626
0.24636
0.30023
0.22009
0.30359
0.23687
0.29155
0.20032
0.27625
0.30580
0.22267
0.19757
0.34146
0.29619
0.16901
0.30727
0.32122
0.26322
0.35558
0.30118
0.22705
0.29004
0.22647
0.28817
0.29934
0.26176
0.27900
0.23002
0.15618
0.28240
0.22960
0.27788
0.20452
0.28708
0.31895
0.28698
0.20387
0.20920
0.27594
0.21272
0.29764
0.19001
0.23610
0.22610
0.23123
0.20486
0.30823
0.32498
0.31641
0.23500
0.20179
0.33106
0.22010
0.18507
0.18814
0.29680
0.30307
0.16378
0.18650
0.27841
0.29020
0.20184
0.15830
0.24266
0.26241
0.21176
0.25715
0.24349
0.30376
0.17695
0.20832
0.26601
0.29348
0.18479
0.26040
0.24517
0.24300
0.37175
0.19461
0.28896
0.22270
0.35770
0.31443
0.25508
0.25693
0.28430
0.25634
0.18873
0.31518
0.28685
0.28867
0.28985
0.27645
0.34263
0.23878
0.27508
0.18823
0.34828
0.24215
0.27786
0.22944
0.25127
0.27539
0.24285
0.19154
0.24746
0.23446
0.32131
0.18873
0.31042
0.22862
0.26528
0.29500
0.28587
0.28034
0.14678
0.21101
0.32455
0.31847
0.26568
0.30368
0.27442
0.27553
0.24647
0.19481
0.29326
0.27960
0.29457
0.27240
0.19453
0.29913
0.30881
0.25551
0.28599
0.25539
0.31875
0.28379
0.19067
0.20626
0.28999
0.28441
0.28603
0.24979
0.22373
0.34978
0.34408
0.13721
0.24386
0.30885
0.26156
0.26321
0.29510
0.33953
0.24074
0.20217
0.19426
0.23286
0.28012
0.35786
0.28728
0.29585
0.26769
0.22300
0.26676
0.29705
0.28235
0.17166
0.32496
0.22291
0.24536
0.33857
0.29023
0.26643
0.24522
0.23830
0.29914
0.33792
0.34848
0.24595
0.27662
0.20179
0.30713
0.31846
0.12429
0.23671
0.19960
0.24355
0.27959
0.24098
0.25255
0.25389
0.24361
0.21230
0.21475
0.21580
0.32676
0.25641
0.26220
0.18530
0.29214
0.24958
0.22350
0.18207
0.32629
0.26661
0.31395
0.26513
0.20298
0.28364
0.25723
0.26286
0.26901
0.17499
0.32801
0.25120
0.32830
0.28052
0.29455
0.33567
0.26523
0.25187
0.28315
0.15576
0.17941
0.28432
0.21431
0.29627
0.29934
0.24468
0.30734
0.37881
0.29668
0.31934
0.26951
0.30395
0.30164
0.36079
0.22814
0.26529
0.31830
0.32094
0.29954
0.32195
0.38458
0.19709
0.25808
0.32355
0.24899
0.33034
0.32978
0.25536
0.24633
0.35172
0.23607
0.27914
0.30475
0.25211
0.22431
0.21696
0.28429
0.25644
0.28699
0.30834
0.28769
0.26287
0.29911
0.26591
0.30668
0.27001
0.28288
0.13199
0.32000
0.30957
0.34410
0.31162
0.32453
0.39140
0.38351
0.27200
0.21240
0.30245
0.39489
0.27348
0.16251
0.27481
0.37182
0.25793
0.21834
0.33769
0.25568
0.26079
0.26290
0.30135
0.36194
0.39748
0.29521
0.27033
0.25952
0.36298
0.26452
0.28606
0.30146
0.33717
0.26190
0.19101
0.32470
0.41017
0.26586
0.34459
0.41668
0.21399
0.29763
0.32738
0.30007
0.29943
0.25122
0.27737
0.23506
0.28938
0.26878
0.29672
0.29040
0.34679
0.26785
0.27446
0.26080
0.19875
0.24028
0.36985
0.23956
0.14367
0.34033
0.16636
0.17396
0.35904
0.19938
0.23568
0.23363
0.27559
0.23513
0.42231
0.20007
0.31225
0.36418
0.25402
0.24163
0.25729
0.24184
0.22323
0.32876
0.17823
0.35654
0.35983
0.22135
0.24852
0.24368
0.35020
0.24050
0.22509
0.33622
0.40479
0.30382
0.27410
0.32877
0.33296
0.21661
0.27150
0.30513
0.40435
0.20207
0.23652
0.22508
0.35871
0.28054
0.23737
0.26404
0.31609
0.37150
0.22205
0.27690
0.30649
0.29441
0.28255
0.26128
0.35892
0.28855
0.28342
0.29621
0.28866
0.34031
0.27440
0.30046
0.24284
0.34686
0.26645
0.21583
0.30329
0.30135
0.22990
0.27453
0.16494
0.32292
0.20591
0.05778
0.21363
0.19403
0.23422
0.26403
0.22044
0.21504
0.31341
0.19956
0.07750
0.22996
0.01628
0.24963
0.25553
0.18179
0.30268
0.03883
0.17445
0.19099
0.21195
0.10471
0.12230
0.22323
0.28754
0.15794
0.20226
0.25267
0.07493
0.37319
0.22508
0.02900
0.04832
0.13683
0.26798
0.12956
0.27677
0.19882
0.33203
0.03999
0.07243
0.02848
0.04463
0.19997
0.12718
0.17077
0.20957
0.32091
0.18742
0.28976
0.20689
0.08474
0.30479
0.05316
0.08321
0.27365
0.19681
0.29940
0.13324
0.04884
0.20560
0.18851
0.26283
0.23123
0.05386
0.04106
0.16947
0.20385
0.20200
0.20492
0.11008
0.22952
0.09081
0.12892
0.25116
0.26206
0.13374
0.07997
0.22018
0.16140
0.08223
0.25055
0.14833
0.18707
0.20344
0.23377
0.19822
0.29659
0.28220
0.28999
0.10998
0.23657
0.18903
0.02398
0.22953
0.09337
0.06187
0.16540
0.22402
0.27520
0.22954
0.12751
0.09700
0.18217
0.21549
0.25035
0.30598
0.09015
0.22127
0.36394
0.16824
0.22313
0.09310
0.09407
0.07548
0.18482
0.05741
0.14125
0.28293
0.26823
0.11214
0.12106
0.04087
0.08850
0.08561
0.29816
