0.09057
0.12225
0.03776
0.20115
0.07462
0.11052
0.21737
0.10766
0.16301
0.03682
0.16007
0.13054
0.12932
0.11706
0.13552
0.21685
0.12259
0.09522
0.04855
0.11857
0.29093
0.11060
0.13128
0.06677
0.23269
0.10905
0.16687
0.19336
0.05618
0.12577
0.13605
0.25598
0.13609
0.10872
0.14075
0.09745
0.14926
0.09447
0.10556
0.13735
0.29243
0.20560
0.09211
0.07213
0.28730
0.22756
0.13672
0.20476
0.15902
0.14802
0.09260
0.13271
0.13098
0.31002
0.09057
0.23320
0.20151
0.08313
0.13336
0.07094
0.24734
0.28572
0.10899
0.20802
0.27840
0.32162
0.06178
0.11731
0.10754
0.02096
0.11890
0.29688
0.31921
0.17060
0.24248
0.07337
0.04836
0.04809
0.20757
0.15271
0.30554
0.14635
0.30693
0.24752
0.24074
0.34463
0.10063
0.08524
0.11704
0.24076
0.31336
0.17157
0.05445
0.26385
0.05212
0.12806
0.19072
0.22540
0.18480
0.13945
0.10344
0.15685
0.10386
0.12133
0.16469
0.30857
0.11833
0.17038
0.10900
0.27994
0.01364
0.20937
0.06993
0.26066
0.11297
0.15285
0.24748
0.07366
0.06869
0.17122
0.24044
0.02593
0.24767
0.01358
0.08630
0.09000
0.27383
0.26841
0.16055
0.23170
0.06475
0.11722
0.29612
0.34897
0.09922
0.10630
0.08219
0.27700
0.26956
0.03250
0.13489
0.03478
0.24719
0.18622
0.09683
0.25285
0.06725
0.31107
0.16125
0.09544
0.14062
0.20656
0.11626
0.29339
0.31331
0.28721
0.09317
0.12490
0.12920
0.15599
0.23767
0.27913
0.24973
0.29845
0.09541
0.10839
0.26079
0.28954
0.07860
0.28622
0.04029
0.20075
0.18823
0.02942
0.06486
0.18633
0.10551
0.05860
0.18364
0.25377
0.07385
0.09831
0.22623
0.12080
0.06451
0.23039
0.18758
0.23685
0.24540
0.17247
0.11727
0.06248
0.04526
0.12827
0.12169
0.20039
0.18463
0.15964
0.09702
0.23877
0.22735
0.07675
0.14080
0.14863
0.04382
0.16600
0.07157
0.20236
0.25685
0.12377
0.24983
0.21828
0.07927
0.23907
0.25145
0.23779
0.11554
0.26329
0.18089
0.33588
0.08620
0.13835
0.08044
0.04085
0.05435
0.03126
0.14757
0.14907
0.15400
0.08363
0.23259
0.05146
0.20411
0.09911
0.05049
0.21080
0.11975
0.04170
0.09416
0.25166
0.07220
0.27219
0.07945
0.10804
0.12488
0.17855
0.10992
0.05081
0.09426
0.10256
0.10330
0.11965
0.08478
0.22995
0.15923
0.16688
0.18871
0.07997
0.03030
0.14432
0.20585
0.14420
0.20495
0.14007
0.07915
0.27392
0.26317
0.09440
0.14176
0.04919
0.04529
0.11574
0.04367
0.03105
0.39100
0.10297
0.04898
0.22337
0.12683
0.05744
0.14541
0.31319
0.15623
0.05530
0.27563
0.11990
0.17197
0.15146
0.14261
0.12726
0.08694
0.04225
0.18431
0.15371
0.13892
0.09597
0.12170
0.15238
0.21594
0.14323
0.33160
0.26726
0.26610
0.11293
0.07109
0.30129
0.32528
0.32251
0.03315
0.26916
0.14011
0.28519
0.14091
0.07616
0.12317
0.08364
0.11892
0.17779
0.23136
0.05017
0.06675
0.13128
0.29869
0.10705
0.21113
0.16161
0.22015
0.23087
0.10778
0.07622
0.21732
0.24748
0.32865
0.20964
0.31975
0.21309
0.22322
0.25164
0.29054
0.24868
0.05729
0.06146
0.10012
0.24035
0.05194
0.07653
0.18331
0.10018
0.17956
0.07433
0.12561
0.13643
0.22505
0.28222
0.25518
0.18731
0.31372
0.12341
0.14861
0.29913
0.06944
0.21023
0.06144
0.08769
0.17833
0.04648
0.25893
0.33648
0.06976
0.07021
0.12432
0.26240
0.12856
0.02892
0.05169
0.09797
0.06054
0.06703
0.17892
0.07829
0.28062
0.14900
0.15878
0.06104
0.22002
0.27530
0.16036
0.24632
0.33580
0.18798
0.28893
0.31423
0.29670
0.30357
0.27559
0.22284
0.33623
0.23553
0.26790
0.24144
0.22707
0.28829
0.19970
0.35146
0.31357
0.27508
0.22280
0.24767
0.21928
0.35947
0.29201
0.25959
0.29933
0.31299
0.22439
0.23060
0.27922
0.28208
0.25479
0.24992
0.28542
0.30433
0.23644
0.21826
0.32782
0.25591
0.26615
0.33422
0.22110
0.32174
0.32722
0.29238
0.30455
0.31245
0.27631
0.22932
0.26312
0.31577
0.19831
0.28395
0.29840
0.21440
0.25890
0.29559
0.15419
0.29893
0.27370
0.26723
0.30430
0.28879
0.25323
0.19200
0.27662
0.35206
0.16236
0.27657
0.21591
0.20687
0.21067
0.37173
0.31586
0.32020
0.16999
0.35219
0.27155
0.27278
0.35098
0.26724
0.27382
0.29007
0.24727
0.28870
0.20063
0.33360
0.27671
0.24604
0.15643
0.32362
0.18657
0.26185
0.27716
0.25387
0.32479
0.30462
0.21722
0.30314
0.29833
0.16639
0.15565
0.27104
0.18656
0.20879
0.17994
0.29557
0.33638
0.27940
0.27466
0.24422
0.27817
0.22146
0.27267
0.27580
0.27915
0.22491
0.28606
0.27907
0.19997
0.18088
0.36213
0.30113
0.23891
0.30322
0.31453
0.27143
0.35797
0.29948
0.22427
0.27010
0.22473
0.28100
0.31363
0.26048
0.20453
0.23837
0.15151
0.29070
0.22005
0.26894
0.20657
0.27184
0.28565
0.28560
0.20968
0.24216
0.29830
0.21158
0.27160
0.20757
0.22421
0.22352
0.23820
0.17969
0.31589
0.31609
0.31695
0.20647
0.21795
0.30949
0.22809
0.20195
0.19754
0.26675
0.29812
0.17873
0.19216
0.28157
0.28344
0.17313
0.14818
0.25002
0.25808
0.23351
0.27299
0.25126
0.30431
0.17187
0.23979
0.26326
0.27262
0.18930
0.31954
0.26272
0.26643
0.38587
0.19119
0.28192
0.21313
0.36147
0.29952
0.26511
0.27761
0.28155
0.26990
0.20050
0.31498
0.25719
0.23782
0.27592
0.29536
0.32406
0.23859
0.26354
0.23347
0.33955
0.23051
0.24990
0.23039
0.26288
0.28516
0.25760
0.21990
0.22765
0.22078
0.32410
0.21536
0.31744
0.23137
0.23828
0.27359
0.25343
0.28866
0.16003
0.19371
0.29873
0.31237
0.26336
0.28262
0.26337
0.26848
0.22933
0.22128
0.28850
0.27726
0.23579
0.22026
0.19539
0.30394
0.27531
0.26174
0.27875
0.23750
0.30409
0.26565
0.17028
0.21617
0.26031
0.28726
0.29332
0.25538
0.21035
0.32809
0.34291
0.14845
0.24156
0.31028
0.28228
0.24175
0.31607
0.32795
0.24595
0.19416
0.19618
0.24773
0.27016
0.34163
0.27034
0.30074
0.29525
0.23489
0.26189
0.26844
0.26997
0.16774
0.33513
0.20401
0.25560
0.33752
0.31654
0.20009
0.24626
0.22646
0.28060
0.32249
0.32347
0.25992
0.23332
0.19307
0.31172
0.30701
0.13778
0.24661
0.21896
0.22188
0.23862
0.24964
0.26158
0.26264
0.27912
0.20382
0.19908
0.22249
0.32094
0.28016
0.25258
0.20213
0.26517
0.25108
0.22635
0.23176
0.32146
0.29276
0.32983
0.25270
0.25418
0.29287
0.25660
0.23529
0.26877
0.18138
0.31457
0.26245
0.32444
0.24445
0.29810
0.32368
0.28801
0.24318
0.28936
0.16391
0.20778
0.26333
0.22598
0.27065
0.30059
0.25378
0.31810
0.35915
0.30726
0.31128
0.28529
0.29941
0.29483
0.35179
0.24418
0.28653
0.30339
0.30839
0.27732
0.29093
0.38088
0.23269
0.24101
0.31714
0.22863
0.30366
0.34609
0.24287
0.23854
0.33300
0.23308
0.25918
0.29098
0.29412
0.24915
0.23972
0.25974
0.29292
0.26069
0.31222
0.27758
0.24389
0.26471
0.26454
0.28377
0.25611
0.26183
0.12979
0.35554
0.30668
0.35131
0.31556
0.32024
0.37643
0.38476
0.25445
0.19961
0.29371
0.39090
0.27825
0.22393
0.28993
0.35398
0.24878
0.23010
0.33305
0.23305
0.28346
0.25316
0.34502
0.38314
0.44426
0.32120
0.30465
0.28128
0.38449
0.29699
0.30917
0.27727
0.35452
0.27490
0.19647
0.30098
0.45396
0.25386
0.40262
0.40947
0.21021
0.28959
0.35092
0.31370
0.29347
0.23873
0.20928
0.22613
0.29819
0.26878
0.29489
0.32527
0.37633
0.28679
0.23982
0.22829
0.18863
0.17198
0.38752
0.22496
0.13946
0.35480
0.18206
0.22102
0.38513
0.17834
0.25975
0.22544
0.26358
0.23138
0.44277
0.19979
0.32364
0.39351
0.24435
0.25130
0.24564
0.26646
0.23611
0.33787
0.20297
0.37950
0.34774
0.25875
0.23037
0.20635
0.35603
0.25602
0.21610
0.34389
0.41083
0.33477
0.31212
0.37986
0.35051
0.15245
0.28253
0.29059
0.39213
0.21056
0.23803
0.25165
0.36408
0.22512
0.24348
0.24622
0.32838
0.38321
0.24198
0.26976
0.34018
0.29535
0.24940
0.21983
0.38902
0.28699
0.24692
0.23526
0.27591
0.35087
0.26437
0.30348
0.25368
0.33141
0.25548
0.24415
0.29703
0.27236
0.24812
0.23285
0.18239
0.27852
0.20970
0.05878
0.17883
0.17326
0.25739
0.25989
0.22082
0.24173
0.33788
0.11528
0.04085
0.16018
0.04539
0.26332
0.19209
0.17658
0.25420
0.03249
0.08249
0.21759
0.16013
0.09184
0.10875
0.27595
0.29169
0.19519
0.21532
0.23025
0.03999
0.27597
0.22276
0.03125
0.04812
0.11681
0.25658
0.06492
0.18509
0.18552
0.29916
0.02050
0.07532
0.07271
0.03974
0.25233
0.18211
0.15586
0.17244
0.23065
0.08605
0.25170
0.23192
0.03072
0.28347
0.08336
0.02784
0.28175
0.17672
0.20369
0.04399
0.06673
0.21980
0.22979
0.29251
0.25834
0.03052
0.08442
0.18642
0.19469
0.10580
0.16372
0.08330
0.25581
0.10613
0.13875
0.24713
0.26649
0.07355
0.11066
0.15244
0.06700
0.02776
0.14587
0.07834
0.19731
0.25652
0.29823
0.20379
0.25749
0.23720
0.18488
0.15986
0.21375
0.16906
0.02100
0.25517
0.10078
0.06582
0.15186
0.24079
0.23474
0.27691
0.04776
0.08881
0.12081
0.18920
0.23108
0.24002
0.10070
0.14556
0.33559
0.11625
0.20646
0.08761
0.03086
0.03802
0.14569
0.05932
0.10705
0.25785
0.27644
0.08494
0.09504
0.02685
0.07052
0.06501
0.24560
