0.10074
0.11307
0.08773
0.23883
0.07270
0.16550
0.22482
0.15189
0.20059
0.04967
0.20285
0.13287
0.14305
0.12784
0.08521
0.22957
0.09199
0.15165
0.08471
0.15019
0.31261
0.12889
0.18742
0.06057
0.23949
0.15397
0.13445
0.24136
0.12339
0.16238
0.17890
0.23793
0.15756
0.10280
0.07836
0.11567
0.12180
0.06847
0.13663
0.13531
0.28785
0.26680
0.10761
0.14892
0.27914
0.21024
0.16732
0.22441
0.20590
0.13668
0.14675
0.11948
0.17254
0.27768
0.09464
0.25622
0.25015
0.10684
0.17587
0.08645
0.25071
0.28106
0.13944
0.19425
0.27781
0.27042
0.09198
0.18073
0.10269
0.06992
0.12598
0.30790
0.31701
0.19931
0.27441
0.12257
0.06472
0.05472
0.21288
0.17247
0.30224
0.22506
0.34846
0.26575
0.27323
0.35835
0.09699
0.08227
0.13736
0.25179
0.32647
0.19354
0.07953
0.27759
0.04942
0.14913
0.19835
0.21602
0.18110
0.17089
0.10013
0.15457
0.11905
0.14906
0.21413
0.28619
0.18125
0.15395
0.13183
0.28895
0.02953
0.22822
0.09578
0.23438
0.16184
0.15803
0.26774
0.09171
0.08881
0.16833
0.25429
0.10434
0.27655
0.02728
0.08776
0.14252
0.29918
0.27248
0.19031
0.25168
0.08106
0.13967
0.32314
0.33436
0.11899
0.17113
0.07921
0.27747
0.22968
0.07878
0.14283
0.04746
0.28025
0.16369
0.17423
0.25106
0.08332
0.34936
0.15932
0.09382
0.16661
0.25160
0.13928
0.29963
0.28922
0.31007
0.12747
0.17315
0.16115
0.19691
0.22471
0.27780
0.27997
0.32460
0.09866
0.11403
0.31458
0.30282
0.05255
0.25476
0.04053
0.19973
0.20354
0.02491
0.07686
0.20997
0.06594
0.08399
0.15396
0.23081
0.06065
0.10494
0.18660
0.14366
0.12857
0.21254
0.23185
0.23321
0.25975
0.18891
0.13585
0.08345
0.02354
0.14694
0.15872
0.25527
0.22025
0.18866
0.07143
0.24549
0.19041
0.05383
0.15652
0.14107
0.04117
0.27923
0.08948
0.25174
0.23926
0.12680
0.24130
0.20255
0.11248
0.22687
0.27983
0.24816
0.13279
0.24947
0.23694
0.32969
0.09420
0.20068
0.11636
0.08802
0.08616
0.07045
0.17732
0.16786
0.13070
0.07308
0.23856
0.09191
0.25211
0.15884
0.06671
0.30216
0.11791
0.04709
0.15071
0.28774
0.10664
0.26423
0.10315
0.11452
0.16399
0.18427
0.10619
0.06073
0.12873
0.11505
0.11018
0.12393
0.10506
0.28230
0.14325
0.16373
0.20998
0.06691
0.08170
0.14379
0.15000
0.16670
0.19362
0.15716
0.15434
0.25081
0.27164
0.10393
0.17166
0.08698
0.12013
0.13743
0.05973
0.04778
0.35219
0.18122
0.05805
0.20185
0.13605
0.06165
0.11569
0.28151
0.14332
0.07531
0.29774
0.12030
0.20257
0.15806
0.18069
0.20541
0.09016
0.06250
0.20464
0.20517
0.14651
0.09850
0.17849
0.18769
0.16721
0.15344
0.33710
0.27498
0.23510
0.11061
0.15397
0.29298
0.30790
0.33605
0.05403
0.24720
0.15159
0.24331
0.10179
0.06647
0.11515
0.14439
0.14190
0.22366
0.22768
0.11260
0.09278
0.07429
0.26978
0.16127
0.24884
0.14211
0.23537
0.23309
0.17083
0.05843
0.22446
0.24482
0.36550
0.29220
0.31435
0.22368
0.23975
0.28410
0.28329
0.25625
0.06799
0.08334
0.12136
0.22530
0.04500
0.09818
0.21733
0.11876
0.25759
0.07053
0.17565
0.15326
0.28846
0.26438
0.26897
0.16584
0.31204
0.12454
0.16964
0.31360
0.07106
0.21189
0.08386
0.09849
0.13745
0.09452
0.23392
0.31787
0.08132
0.11733
0.15967
0.25634
0.11735
0.05874
0.10263
0.08579
0.07531
0.12523
0.18091
0.06090
0.27977
0.16854
0.20835
0.08225
0.18067
0.29290
0.22346
0.29021
0.34049
0.16000
0.28108
0.32555
0.30271
0.32426
0.27114
0.26417
0.34511
0.27192
0.25658
0.26686
0.25488
0.29769
0.20050
0.36753
0.31734
0.28937
0.26179
0.24477
0.27156
0.35516
0.29596
0.24566
0.29057
0.33075
0.22466
0.26474
0.30938
0.28477
0.26481
0.26718
0.29434
0.30823
0.27030
0.24376
0.33223
0.28286
0.26498
0.34306
0.20740
0.31982
0.34024
0.29991
0.30614
0.30457
0.29593
0.24905
0.29216
0.33416
0.22113
0.29445
0.31488
0.25577
0.27156
0.31835
0.18929
0.31321
0.27070
0.27559
0.30620
0.29159
0.27281
0.19542
0.27831
0.35344
0.14330
0.28957
0.24283
0.21335
0.20534
0.36866
0.31267
0.31420
0.17023
0.33996
0.27089
0.28507
0.36424
0.28679
0.30292
0.29560
0.23842
0.29679
0.20510
0.34887
0.28388
0.23572
0.15390
0.34415
0.23426
0.25896
0.29343
0.27880
0.34621
0.31703
0.23979
0.32582
0.30744
0.18358
0.19990
0.30512
0.18808
0.18195
0.15655
0.29179
0.35571
0.27314
0.26858
0.24759
0.31142
0.24011
0.29588
0.29522
0.28801
0.21138
0.29357
0.29761
0.22618
0.17343
0.36492
0.28045
0.21878
0.29636
0.29818
0.28107
0.34943
0.30957
0.25397
0.28550
0.23509
0.28960
0.32876
0.27918
0.27839
0.23505
0.16474
0.31025
0.23817
0.30040
0.24898
0.28170
0.32507
0.28213
0.21027
0.22074
0.30314
0.21280
0.29746
0.21867
0.23402
0.25184
0.24616
0.22300
0.32569
0.31440
0.31939
0.25780
0.22493
0.31316
0.20891
0.23772
0.23925
0.29053
0.29656
0.16977
0.19509
0.25213
0.27808
0.22176
0.15903
0.23165
0.27499
0.24251
0.25925
0.27268
0.32186
0.19485
0.24424
0.26362
0.29318
0.21357
0.29357
0.26049
0.24326
0.38778
0.19383
0.30375
0.23404
0.34961
0.31023
0.27358
0.28011
0.29872
0.26690
0.18978
0.32681
0.27396
0.26553
0.27690
0.26392
0.33442
0.24552
0.28256
0.23820
0.33313
0.22963
0.28902
0.23656
0.27984
0.28044
0.24741
0.23122
0.24776
0.23496
0.33241
0.22710
0.34310
0.25478
0.28321
0.28616
0.27745
0.29236
0.15185
0.23603
0.32251
0.32007
0.27080
0.28425
0.32670
0.28340
0.24748
0.21990
0.29528
0.31322
0.26384
0.24679
0.22083
0.28804
0.30215
0.26989
0.27355
0.28026
0.33725
0.29664
0.22298
0.19329
0.26916
0.30033
0.30214
0.26567
0.23211
0.34468
0.33813
0.14895
0.28097
0.30863
0.25827
0.28621
0.32368
0.33066
0.22868
0.19286
0.20860
0.26962
0.28301
0.35696
0.28848
0.29388
0.29073
0.24067
0.26184
0.30020
0.27520
0.16491
0.31799
0.20973
0.24442
0.33915
0.31054
0.26560
0.25691
0.27101
0.29062
0.33238
0.32703
0.23180
0.26075
0.21340
0.30518
0.29756
0.13938
0.27866
0.21591
0.26035
0.28417
0.24515
0.29324
0.24534
0.25468
0.22034
0.24417
0.23973
0.33986
0.29859
0.27761
0.19931
0.28932
0.26282
0.25044
0.23100
0.32562
0.27755
0.34397
0.24647
0.27195
0.29324
0.28108
0.26264
0.28316
0.18951
0.32335
0.28908
0.33476
0.28079
0.29533
0.35349
0.29171
0.27569
0.31200
0.18335
0.22168
0.29790
0.23634
0.30893
0.30458
0.30227
0.32338
0.38275
0.31283
0.32271
0.27265
0.30436
0.29268
0.36145
0.27533
0.27751
0.32920
0.32535
0.30253
0.32950
0.38659
0.23383
0.27880
0.29902
0.24975
0.31360
0.32696
0.24678
0.24626
0.32328
0.24300
0.28014
0.30775
0.27204
0.26337
0.26197
0.27913
0.28402
0.28721
0.31531
0.29222
0.26992
0.30559
0.28009
0.30319
0.28019
0.26059
0.14385
0.32239
0.32105
0.36623
0.32591
0.32722
0.40229
0.39906
0.26101
0.19673
0.28216
0.40225
0.26933
0.23307
0.30395
0.34013
0.26745
0.24441
0.33989
0.23897
0.28987
0.23107
0.33976
0.35690
0.41463
0.31288
0.29885
0.26628
0.40763
0.29274
0.32216
0.28699
0.34953
0.25636
0.17153
0.32895
0.45322
0.26786
0.41008
0.40882
0.23619
0.27793
0.34765
0.31039
0.29527
0.24448
0.25320
0.22973
0.31024
0.29983
0.30339
0.29683
0.38841
0.27285
0.26800
0.26961
0.20916
0.23861
0.38344
0.25854
0.16206
0.33326
0.18442
0.20304
0.39067
0.18818
0.26189
0.24621
0.22302
0.23273
0.43509
0.20359
0.32485
0.37910
0.25374
0.24714
0.25005
0.26858
0.18508
0.35215
0.20809
0.35055
0.35797
0.26413
0.24672
0.23719
0.35046
0.29092
0.24144
0.33118
0.43696
0.33483
0.27431
0.37302
0.38038
0.22527
0.28375
0.28669
0.38606
0.21342
0.23927
0.25471
0.35594
0.27091
0.25773
0.27197
0.32931
0.36793
0.25635
0.27793
0.34162
0.31345
0.26211
0.25293
0.37908
0.28817
0.28031
0.27238
0.28987
0.34727
0.25875
0.27786
0.23804
0.35272
0.26911
0.24881
0.29729
0.30174
0.23020
0.27272
0.18256
0.29728
0.21064
0.06786
0.12586
0.26036
0.17786
0.27672
0.20158
0.24805
0.34703
0.25033
0.07641
0.16387
0.03642
0.29067
0.18747
0.17442
0.33649
0.06263
0.09257
0.18209
0.21834
0.09847
0.16194
0.17533
0.27326
0.17967
0.21205
0.27115
0.08726
0.31480
0.17296
0.06732
0.04667
0.11290
0.29320
0.06959
0.22077
0.18245
0.26337
0.05380
0.08989
0.10345
0.10715
0.27153
0.14521
0.14824
0.22315
0.30667
0.13629
0.29438
0.22102
0.10912
0.29860
0.03673
0.05553
0.30439
0.19692
0.27538
0.09974
0.07696
0.18740
0.19670
0.26175
0.25797
0.06428
0.10932
0.19165
0.21325
0.15338
0.17564
0.14415
0.24735
0.19761
0.13797
0.26592
0.30930
0.11643
0.11807
0.15286
0.14221
0.04375
0.29157
0.19457
0.21377
0.26502
0.23152
0.20207
0.32876
0.24313
0.24213
0.16572
0.23417
0.24045
0.04647
0.24221
0.10621
0.10067
0.17197
0.22439
0.28896
0.26706
0.07947
0.09554
0.12170
0.22769
0.21160
0.27823
0.11626
0.24780
0.29864
0.12954
0.23106
0.11781
0.02580
0.07069
0.14075
0.08317
0.07439
0.21956
0.29850
0.11876
0.10347
0.05523
0.08314
0.15135
0.22325
