0.12176
0.10199
0.08229
0.26635
0.09166
0.14352
0.22434
0.15382
0.18859
0.08492
0.15572
0.10977
0.20089
0.10788
0.17451
0.22350
0.13550
0.12368
0.12526
0.13915
0.30688
0.14910
0.15838
0.04776
0.26722
0.17978
0.14476
0.24765
0.13369
0.16544
0.18837
0.22462
0.16387
0.09705
0.11435
0.10070
0.13308
0.13700
0.17784
0.18556
0.29510
0.28002
0.09527
0.13372
0.28780
0.21103
0.17075
0.24641
0.20703
0.16929
0.09280
0.16848
0.13595
0.30694
0.10267
0.19854
0.22745
0.14936
0.17120
0.12302
0.27654
0.29887
0.13456
0.24062
0.27743
0.32470
0.09374
0.17744
0.09526
0.07351
0.14043
0.32398
0.29392
0.22086
0.25802
0.18279
0.12146
0.06842
0.22825
0.14612
0.32401
0.19570
0.33367
0.26832
0.26175
0.35284
0.09903
0.08758
0.14691
0.26424
0.35102
0.21041
0.11035
0.26481
0.11644
0.20744
0.23025
0.22880
0.20801
0.15934
0.09708
0.22710
0.12924
0.11504
0.20079
0.29812
0.19651
0.18912
0.22993
0.28766
0.05812
0.27983
0.13021
0.21743
0.12105
0.18423
0.28094
0.07218
0.05780
0.20261
0.22405
0.10746
0.28757
0.03920
0.13170
0.16640
0.34282
0.28009
0.17142
0.25249
0.12771
0.12761
0.31598
0.33182
0.10342
0.15409
0.07068
0.28704
0.27710
0.07098
0.19862
0.07469
0.31921
0.20778
0.16881
0.23028
0.09744
0.35617
0.19850
0.09509
0.14836
0.29959
0.10896
0.32489
0.30905
0.32685
0.14009
0.15398
0.14498
0.25086
0.29907
0.23790
0.26736
0.33502
0.09730
0.13697
0.26727
0.29134
0.11997
0.28701
0.07863
0.21852
0.24485
0.05462
0.10505
0.23835
0.11185
0.07036
0.20746
0.30251
0.12549
0.11280
0.27123
0.18041
0.09566
0.13438
0.25175
0.27686
0.25307
0.17014
0.12447
0.09047
0.07771
0.13478
0.18128
0.27217
0.20993
0.18172
0.13254
0.30663
0.24563
0.09689
0.21089
0.12353
0.08904
0.23333
0.14060
0.20207
0.27885
0.14222
0.26401
0.23923
0.11613
0.26417
0.25317
0.25806
0.13065
0.26856
0.25324
0.33184
0.13579
0.22946
0.10489
0.14604
0.10963
0.11176
0.18003
0.21771
0.15643
0.08617
0.24082
0.12982
0.25184
0.15759
0.04761
0.28666
0.12472
0.06300
0.10567
0.29535
0.09301
0.28857
0.12826
0.10445
0.15701
0.24445
0.10604
0.06536
0.10735
0.11116
0.12934
0.13241
0.13583
0.25869
0.15425
0.14384
0.16988
0.07387
0.06442
0.14928
0.21596
0.18118
0.21943
0.19929
0.14198
0.24438
0.27905
0.10156
0.19393
0.10773
0.14931
0.13750
0.06845
0.08419
0.36219
0.20244
0.06859
0.15520
0.15002
0.06490
0.15030
0.33325
0.15064
0.09112
0.32017
0.11347
0.23916
0.20129
0.18959
0.18600
0.10692
0.12588
0.20122
0.24740
0.20637
0.09839
0.20112
0.16669
0.20310
0.18998
0.33634
0.29277
0.28312
0.20225
0.13905
0.30550
0.30614
0.34256
0.05787
0.27519
0.16638
0.28654
0.15936
0.09901
0.16323
0.15616
0.11291
0.19309
0.23844
0.14257
0.11127
0.13085
0.30405
0.14118
0.27078
0.21084
0.27160
0.26205
0.15739
0.09325
0.25020
0.27852
0.35246
0.24333
0.30993
0.24782
0.24596
0.29083
0.27654
0.27856
0.04839
0.10879
0.15286
0.23863
0.07505
0.09323
0.18406
0.16837
0.26413
0.12233
0.19984
0.17269
0.26728
0.28433
0.26553
0.21444
0.31155
0.14634
0.14484
0.32513
0.11971
0.18647
0.06886
0.07286
0.26576
0.07682
0.24551
0.34757
0.08631
0.09261
0.14549
0.24770
0.10877
0.05507
0.09589
0.09301
0.07995
0.10952
0.20017
0.11488
0.29412
0.17117
0.20979
0.13374
0.19627
0.29719
0.22277
0.27323
0.33546
0.16807
0.26827
0.30598
0.28738
0.31442
0.27966
0.24326
0.33796
0.26005
0.24800
0.25778
0.21327
0.30096
0.18590
0.36700
0.31997
0.24336
0.25331
0.24283
0.25829
0.34437
0.29725
0.24511
0.30791
0.32757
0.21514
0.26281
0.31514
0.26533
0.22819
0.25794
0.30185
0.30118
0.26464
0.21013
0.33483
0.27039
0.22567
0.30890
0.17116
0.29949
0.32644
0.29842
0.29660
0.30268
0.28537
0.25468
0.29120
0.33899
0.21417
0.29349
0.31690
0.26256
0.29882
0.30759
0.18898
0.29813
0.26662
0.27213
0.30938
0.27507
0.27381
0.19519
0.29182
0.36055
0.13313
0.27985
0.21866
0.21376
0.19901
0.36309
0.29039
0.32743
0.15571
0.34981
0.27171
0.25971
0.36476
0.31645
0.30374
0.29368
0.24496
0.28664
0.17879
0.33526
0.28941
0.23869
0.14492
0.30656
0.19377
0.24730
0.29025
0.27200
0.33112
0.31072
0.19549
0.32331
0.31092
0.16800
0.19240
0.29301
0.17407
0.20587
0.14645
0.29964
0.33705
0.23883
0.26988
0.23562
0.29111
0.21313
0.29445
0.28731
0.28842
0.21968
0.28479
0.28584
0.20677
0.18561
0.36251
0.28411
0.21388
0.30521
0.31524
0.24965
0.36209
0.29996
0.23374
0.29342
0.20967
0.29228
0.30857
0.26204
0.26894
0.24324
0.15691
0.32656
0.23047
0.29391
0.23941
0.28601
0.31032
0.27602
0.18333
0.22576
0.27407
0.22389
0.29271
0.19738
0.23552
0.22274
0.22020
0.21919
0.30109
0.31487
0.30490
0.24211
0.22275
0.32280
0.19283
0.21377
0.20882
0.27572
0.31055
0.16517
0.17999
0.28811
0.27533
0.22696
0.15882
0.22448
0.26468
0.22450
0.23410
0.25608
0.31080
0.18051
0.25946
0.27798
0.27633
0.20585
0.28783
0.28561
0.24980
0.37271
0.17989
0.29839
0.22617
0.35400
0.30553
0.26625
0.26814
0.28299
0.27597
0.19883
0.31027
0.27856
0.26595
0.28191
0.26579
0.32173
0.23750
0.29444
0.22502
0.33622
0.24287
0.29076
0.22367
0.23277
0.27833
0.25212
0.22477
0.25244
0.24891
0.30499
0.20104
0.31171
0.24483
0.27938
0.29040
0.27083
0.27957
0.13036
0.24400
0.32494
0.32291
0.24917
0.29329
0.30444
0.26048
0.23022
0.21795
0.29285
0.29172
0.26547
0.22088
0.18024
0.29444
0.30276
0.24718
0.27430
0.22515
0.33910
0.27847
0.21571
0.19541
0.28926
0.29348
0.29797
0.26057
0.25106
0.33717
0.33595
0.13723
0.24545
0.30928
0.27829
0.28729
0.30665
0.33379
0.22926
0.19819
0.19025
0.26830
0.26703
0.35174
0.29052
0.28667
0.27978
0.21041
0.25304
0.30484
0.27547
0.15652
0.31977
0.22826
0.23516
0.33994
0.31143
0.27161
0.22366
0.26283
0.28813
0.33212
0.34254
0.26102
0.26806
0.21686
0.29196
0.30402
0.11926
0.27242
0.18391
0.24163
0.28888
0.20455
0.26508
0.26072
0.26166
0.21688
0.21994
0.24069
0.32215
0.28729
0.25648
0.18823
0.29358
0.25400
0.23460
0.21224
0.31805
0.30053
0.33557
0.25325
0.24678
0.27836
0.26359
0.22537
0.27822
0.18835
0.31328
0.26097
0.33650
0.27297
0.28578
0.33608
0.26285
0.25570
0.29848
0.16521
0.22016
0.29633
0.24216
0.28857
0.31077
0.27921
0.31585
0.37398
0.29607
0.31136
0.26022
0.29577
0.28265
0.35941
0.25865
0.27873
0.32543
0.31594
0.28110
0.33484
0.38678
0.23922
0.28007
0.29903
0.23919
0.31518
0.32615
0.23079
0.25527
0.33631
0.23429
0.26643
0.30782
0.25942
0.22011
0.25070
0.26968
0.26683
0.29687
0.31605
0.29642
0.23624
0.29988
0.28437
0.30539
0.28894
0.27461
0.13911
0.31190
0.32352
0.35980
0.30833
0.29454
0.38458
0.36520
0.27370
0.16005
0.29046
0.38162
0.27451
0.21079
0.29521
0.30306
0.22769
0.24785
0.30691
0.24786
0.26720
0.24581
0.33778
0.35017
0.41302
0.29131
0.29177
0.28685
0.37571
0.31017
0.32162
0.29581
0.35334
0.25864
0.17827
0.31328
0.44919
0.25034
0.39696
0.40650
0.21195
0.29655
0.33441
0.30367
0.28647
0.25403
0.27639
0.23169
0.29898
0.29355
0.26761
0.29292
0.37348
0.26430
0.29312
0.23102
0.21154
0.23400
0.38230
0.21785
0.11037
0.32693
0.16434
0.20848
0.39141
0.13244
0.23626
0.19914
0.26346
0.25583
0.43946
0.19239
0.31616
0.38747
0.26092
0.24621
0.24406
0.25534
0.17731
0.33974
0.15457
0.36342
0.32720
0.22566
0.24631
0.22353
0.32675
0.28313
0.19595
0.33455
0.42079
0.31933
0.29047
0.36369
0.36236
0.22322
0.25770
0.28459
0.37524
0.17873
0.23464
0.22165
0.34716
0.27912
0.24709
0.27775
0.32041
0.37047
0.25553
0.29124
0.31400
0.29736
0.28044
0.25281
0.37454
0.27144
0.27235
0.29208
0.30414
0.34676
0.27221
0.30532
0.23500
0.32325
0.25412
0.24800
0.31564
0.29124
0.24081
0.26726
0.18178
0.31348
0.19278
0.03992
0.15375
0.25471
0.23699
0.25660
0.20605
0.22878
0.32705
0.22392
0.06093
0.18789
0.04973
0.26693
0.23746
0.17046
0.28600
0.09864
0.11891
0.17816
0.22530
0.04157
0.17463
0.24604
0.26435
0.12763
0.20640
0.27478
0.09030
0.30449
0.21904
0.06700
0.12115
0.15881
0.29566
0.14574
0.24464
0.17956
0.31723
0.05294
0.07123
0.14966
0.07196
0.24250
0.09685
0.16632
0.15998
0.24361
0.21844
0.29227
0.20810
0.06496
0.28609
0.05470
0.08053
0.27593
0.19504
0.25030
0.07584
0.12695
0.19227
0.19931
0.27198
0.26467
0.11005
0.06749
0.13404
0.20352
0.24031
0.19745
0.12443
0.25429
0.17775
0.11341
0.23079
0.27450
0.11323
0.15815
0.16104
0.09519
0.06660
0.29188
0.20650
0.20791
0.21391
0.22646
0.20505
0.33409
0.25954
0.26708
0.17751
0.19958
0.20343
0.06013
0.21071
0.08852
0.06121
0.21619
0.23517
0.28552
0.23945
0.10775
0.07282
0.18222
0.24773
0.24939
0.31091
0.08684
0.22331
0.29817
0.11409
0.23545
0.11233
0.04205
0.08721
0.13339
0.12005
0.10743
0.24187
0.27504
0.10950
0.07920
0.03383
0.07074
0.09858
0.28594
