0.10936
0.09029
0.07085
0.25737
0.07157
0.12689
0.20896
0.13546
0.18426
0.08747
0.16745
0.12490
0.12384
0.11988
0.13348
0.22627
0.12845
0.10960
0.10230
0.16929
0.30571
0.16951
0.17901
0.05301
0.23423
0.14105
0.13915
0.26798
0.11392
0.18845
0.18466
0.26660
0.21150
0.09952
0.10753
0.10762
0.11999
0.07267
0.13195
0.16717
0.29864
0.24654
0.08772
0.11395
0.25660
0.20979
0.15494
0.24283
0.17606
0.14901
0.10721
0.13436
0.14383
0.27877
0.09217
0.24152
0.25587
0.12407
0.14858
0.07057
0.29542
0.28609
0.12256
0.22154
0.26166
0.30815
0.06472
0.15284
0.11213
0.05073
0.17119
0.29313
0.32922
0.21451
0.25221
0.12585
0.08249
0.04298
0.23411
0.14739
0.29419
0.14920
0.29035
0.26887
0.27531
0.33768
0.11295
0.08871
0.15937
0.22941
0.31967
0.19715
0.08136
0.27369
0.07443
0.14461
0.22505
0.22137
0.21848
0.15519
0.10267
0.20440
0.14407
0.13370
0.22175
0.28898
0.15216
0.18834
0.19991
0.28140
0.03382
0.26400
0.08011
0.23916
0.13002
0.15159
0.27699
0.07003
0.05698
0.17969
0.24743
0.12752
0.28372
0.04524
0.08770
0.16815
0.34948
0.26159
0.17475
0.26270
0.13490
0.17000
0.25972
0.33652
0.09385
0.16079
0.05190
0.28188
0.24833
0.06692
0.17306
0.06240
0.30448
0.22242
0.16715
0.27963
0.08604
0.33819
0.18525
0.08928
0.19977
0.21559
0.11734
0.28903
0.28506
0.34206
0.10428
0.14576
0.14950
0.19828
0.29764
0.28100
0.25411
0.31729
0.09456
0.11658
0.30331
0.29866
0.08832
0.28970
0.06340
0.22170
0.24583
0.05464
0.10999
0.20597
0.10267
0.07761
0.22803
0.27659
0.08331
0.10294
0.24457
0.15094
0.07024
0.14418
0.20642
0.22399
0.24493
0.20376
0.13670
0.08556
0.11571
0.15683
0.14301
0.24002
0.19900
0.14339
0.12034
0.28600
0.23329
0.07318
0.20160
0.17350
0.06807
0.21484
0.13636
0.20625
0.27294
0.14816
0.26616
0.21849
0.10996
0.27289
0.23057
0.24201
0.14409
0.24356
0.20720
0.32889
0.12813
0.25010
0.07883
0.04652
0.08348
0.07889
0.21342
0.19447
0.14339
0.05523
0.28596
0.17038
0.26132
0.11343
0.06460
0.26735
0.10846
0.07570
0.11527
0.22447
0.06750
0.29426
0.11060
0.10612
0.17591
0.20919
0.10808
0.04808
0.13654
0.10597
0.11764
0.13491
0.11445
0.28014
0.14615
0.16499
0.20415
0.09473
0.08566
0.13647
0.23623
0.14611
0.20973
0.16150
0.12722
0.26331
0.28282
0.09532
0.20165
0.06300
0.11646
0.14216
0.07638
0.03563
0.35967
0.15371
0.09756
0.20362
0.18587
0.07531
0.12762
0.32080
0.14529
0.05542
0.28886
0.10981
0.20634
0.19293
0.18441
0.16124
0.11660
0.10225
0.19224
0.22206
0.23224
0.09968
0.19486
0.18755
0.16395
0.18677
0.32628
0.29385
0.27879
0.16245
0.13882
0.28264
0.31284
0.31682
0.03778
0.27682
0.11097
0.28822
0.16094
0.08360
0.12363
0.14760
0.10993
0.22192
0.23128
0.09616
0.09715
0.05687
0.29329
0.14662
0.21187
0.20007
0.21970
0.24978
0.15936
0.07431
0.24016
0.27566
0.35628
0.24831
0.32261
0.24981
0.24346
0.28281
0.27111
0.29394
0.05819
0.07832
0.15578
0.23592
0.06783
0.07638
0.20014
0.16419
0.19714
0.12896
0.17677
0.14053
0.28609
0.25311
0.23761
0.19114
0.29863
0.15147
0.16794
0.30925
0.10030
0.17043
0.06848
0.09134
0.20530
0.04584
0.24573
0.33959
0.08452
0.10801
0.14468
0.23024
0.10707
0.05211
0.05916
0.07749
0.10767
0.08440
0.19160
0.08568
0.26592
0.17749
0.18568
0.12562
0.18332
0.28030
0.19478
0.30881
0.36617
0.15652
0.27723
0.30546
0.33253
0.35068
0.28273
0.27813
0.36096
0.28365
0.22226
0.26590
0.20942
0.32724
0.19619
0.36246
0.34554
0.27677
0.27265
0.25132
0.28453
0.34925
0.31704
0.25221
0.31257
0.32467
0.23108
0.29449
0.33518
0.27364
0.25352
0.26187
0.33072
0.31294
0.26832
0.23426
0.34197
0.27010
0.26521
0.32541
0.19969
0.28713
0.34454
0.29077
0.33534
0.32704
0.33449
0.22309
0.30646
0.33752
0.24394
0.31867
0.33072
0.23778
0.28240
0.29304
0.19017
0.32348
0.24675
0.25926
0.31232
0.28082
0.29149
0.17209
0.28019
0.36252
0.10924
0.26432
0.22201
0.21239
0.20392
0.36463
0.30758
0.32958
0.17093
0.34168
0.26854
0.28113
0.36142
0.31308
0.32614
0.27931
0.25297
0.26577
0.19145
0.35904
0.31862
0.26566
0.16445
0.31024
0.22216
0.27992
0.28235
0.25887
0.34421
0.33003
0.19394
0.33180
0.30460
0.21561
0.20044
0.31802
0.18680
0.21166
0.18341
0.32505
0.35665
0.30418
0.29538
0.24691
0.32859
0.20359
0.32138
0.29339
0.32778
0.19807
0.27736
0.31536
0.21217
0.18040
0.34916
0.28787
0.18980
0.34130
0.32154
0.25681
0.34379
0.32468
0.22458
0.29737
0.20663
0.28177
0.29193
0.28248
0.29816
0.24856
0.16958
0.31793
0.20954
0.30941
0.22021
0.30392
0.34029
0.29896
0.21061
0.24601
0.28674
0.23254
0.33853
0.19078
0.24906
0.24701
0.23234
0.22960
0.30114
0.31343
0.30939
0.25722
0.20379
0.32409
0.23391
0.20748
0.21440
0.30155
0.32594
0.16691
0.18504
0.28826
0.31838
0.21170
0.15334
0.21860
0.25694
0.22314
0.25755
0.26602
0.34785
0.17371
0.24324
0.26364
0.30806
0.18943
0.28174
0.30329
0.23167
0.36371
0.20662
0.32399
0.23031
0.35200
0.33355
0.27130
0.27284
0.31238
0.26355
0.19738
0.29975
0.29622
0.28281
0.28869
0.26248
0.33748
0.23692
0.28299
0.23191
0.34900
0.25328
0.30262
0.23020
0.27944
0.27950
0.28178
0.22887
0.26586
0.26812
0.29853
0.20502
0.30700
0.24205
0.28786
0.29750
0.29459
0.29307
0.14934
0.21446
0.32469
0.32802
0.30183
0.30050
0.31872
0.25287
0.25826
0.21281
0.27975
0.28447
0.31201
0.26554
0.19038
0.33975
0.30581
0.25003
0.28749
0.26141
0.33803
0.30221
0.21517
0.21065
0.27217
0.29801
0.31457
0.27555
0.25570
0.34563
0.36418
0.15457
0.23262
0.31811
0.29720
0.31600
0.29467
0.34826
0.23472
0.22497
0.19407
0.29935
0.29572
0.36088
0.29397
0.29738
0.31877
0.23402
0.24693
0.30391
0.27163
0.18786
0.32188
0.23425
0.23565
0.33104
0.28329
0.26029
0.23800
0.27657
0.30218
0.36656
0.34521
0.24761
0.28201
0.19683
0.32400
0.29794
0.13416
0.26927
0.19700
0.24588
0.30204
0.22273
0.28809
0.23772
0.27730
0.22627
0.23340
0.26480
0.34761
0.29996
0.28573
0.19155
0.30432
0.24515
0.22287
0.18449
0.35303
0.29441
0.32467
0.28709
0.26327
0.31588
0.26304
0.25917
0.26035
0.17593
0.30322
0.26277
0.34594
0.25598
0.31641
0.35547
0.27771
0.29213
0.33135
0.16163
0.21157
0.33394
0.23947
0.33960
0.30951
0.29738
0.35760
0.37744
0.32058
0.32626
0.27724
0.31897
0.27011
0.34053
0.27836
0.25981
0.32157
0.32345
0.34377
0.31671
0.38645
0.23911
0.25352
0.30419
0.23935
0.33028
0.32062
0.23709
0.23489
0.35914
0.23841
0.30394
0.30788
0.29008
0.25782
0.26780
0.24457
0.29183
0.26288
0.32334
0.28163
0.26144
0.32548
0.27656
0.34617
0.30569
0.30873
0.14142
0.30973
0.32953
0.35138
0.33743
0.31925
0.43290
0.41492
0.28294
0.20790
0.30978
0.37441
0.30203
0.22951
0.30552
0.35414
0.27145
0.22911
0.32931
0.26170
0.26918
0.27403
0.35293
0.36263
0.42558
0.29754
0.32449
0.28866
0.41059
0.30198
0.30208
0.33111
0.37108
0.30375
0.23433
0.31769
0.45823
0.25905
0.42026
0.42451
0.19546
0.32749
0.38528
0.30940
0.28975
0.25663
0.28901
0.22034
0.28457
0.31209
0.30597
0.29758
0.40257
0.30808
0.27784
0.26258
0.24319
0.26306
0.41245
0.22291
0.14035
0.35062
0.16248
0.20424
0.42061
0.19441
0.22805
0.24414
0.29100
0.25469
0.45740
0.20127
0.36308
0.42081
0.26236
0.23483
0.27306
0.27786
0.21483
0.37185
0.18941
0.37052
0.33634
0.27266
0.26839
0.22201
0.34442
0.29228
0.23291
0.34671
0.43308
0.35169
0.31166
0.39838
0.38274
0.21464
0.28697
0.27049
0.40588
0.22479
0.22981
0.25573
0.36300
0.27836
0.28047
0.26159
0.34880
0.37967
0.24431
0.28451
0.34989
0.32407
0.29665
0.27472
0.39062
0.31155
0.29065
0.28892
0.30143
0.35502
0.28674
0.28398
0.24419
0.34013
0.25860
0.24218
0.35205
0.28977
0.23077
0.28876
0.17715
0.32269
0.20181
0.02356
0.14053
0.19804
0.28150
0.27243
0.21752
0.25906
0.32876
0.16789
0.08053
0.22349
0.04012
0.29286
0.21935
0.17264
0.30711
0.09921
0.07462
0.18674
0.26215
0.09458
0.12520
0.24872
0.20872
0.19735
0.21191
0.26003
0.06823
0.35203
0.24026
0.07392
0.07516
0.17668
0.28405
0.12638
0.17968
0.18922
0.31914
0.08544
0.03887
0.03235
0.12026
0.30203
0.13149
0.16074
0.15883
0.31630
0.13454
0.29669
0.21614
0.11060
0.27678
0.07957
0.06698
0.15339
0.19336
0.22167
0.06176
0.06269
0.24427
0.18977
0.26647
0.25446
0.02671
0.06465
0.20213
0.19839
0.22020
0.22189
0.10387
0.24321
0.16719
0.12674
0.26731
0.27958
0.09015
0.14255
0.17879
0.10230
0.05065
0.21992
0.13731
0.20095
0.26756
0.24925
0.19843
0.35779
0.21110
0.23085
0.16134
0.23593
0.17874
0.07760
0.25476
0.09859
0.09067
0.20521
0.26523
0.30028
0.25143
0.05135
0.10388
0.11969
0.22664
0.25582
0.24981
0.08319
0.18109
0.35018
0.10229
0.20007
0.08387
0.03855
0.04144
0.13048
0.07025
0.08268
0.24185
0.27785
0.07861
0.13492
0.08562
0.07174
0.08215
0.23827
