0.12998
0.09023
0.04063
0.23801
0.05546
0.13855
0.25363
0.10905
0.16550
0.08297
0.15282
0.11979
0.10300
0.13489
0.11157
0.22916
0.12020
0.09931
0.04599
0.13271
0.27907
0.10699
0.15261
0.06116
0.18821
0.10088
0.10673
0.22720
0.07246
0.09900
0.14698
0.22709
0.14684
0.10423
0.05097
0.09848
0.11814
0.07565
0.08558
0.14332
0.28196
0.25202
0.09141
0.11370
0.26933
0.16795
0.10989
0.22248
0.18082
0.15336
0.10594
0.16056
0.13391
0.27454
0.11115
0.21298
0.18673
0.13830
0.16518
0.06908
0.27125
0.28243
0.08084
0.26680
0.26675
0.30812
0.04079
0.17103
0.07334
0.02124
0.17230
0.30124
0.28746
0.19174
0.23532
0.11373
0.09944
0.04369
0.20073
0.19027
0.29621
0.14759
0.31912
0.24733
0.26631
0.33223
0.10030
0.11115
0.13429
0.25864
0.30532
0.14875
0.05189
0.24130
0.04338
0.16340
0.19474
0.21991
0.19747
0.13199
0.09682
0.18948
0.12371
0.13674
0.17264
0.29656
0.12788
0.18759
0.10576
0.29321
0.03793
0.27668
0.06613
0.22483
0.10373
0.19264
0.26587
0.05084
0.06238
0.12981
0.19889
0.08968
0.28918
0.01772
0.07219
0.12362
0.28021
0.25077
0.11012
0.23337
0.08444
0.13253
0.25162
0.34222
0.10490
0.10220
0.03898
0.28297
0.27827
0.04446
0.16821
0.05804
0.26500
0.19120
0.13866
0.30429
0.06677
0.32331
0.15639
0.09704
0.18798
0.23096
0.10095
0.28820
0.32942
0.33704
0.11769
0.11450
0.18805
0.17144
0.24063
0.23066
0.25330
0.30408
0.10015
0.10987
0.27171
0.25653
0.06584
0.24493
0.02779
0.20334
0.21822
0.03155
0.07728
0.23577
0.06309
0.06287
0.16175
0.27284
0.07179
0.10593
0.19199
0.11042
0.06033
0.20494
0.17374
0.22658
0.21981
0.14014
0.09411
0.04901
0.05010
0.16261
0.09501
0.20920
0.15646
0.14214
0.05835
0.26042
0.19969
0.09921
0.15249
0.15500
0.05088
0.20421
0.06994
0.19468
0.24465
0.06142
0.23262
0.21371
0.10520
0.23868
0.25676
0.24542
0.12428
0.17276
0.21238
0.34902
0.12124
0.14788
0.11086
0.03702
0.07676
0.04766
0.12496
0.14467
0.14029
0.06175
0.23096
0.10260
0.22907
0.08972
0.01989
0.25166
0.11308
0.03103
0.12873
0.24117
0.08560
0.28756
0.08402
0.10683
0.19915
0.21101
0.13633
0.05684
0.09380
0.10735
0.11079
0.09637
0.07342
0.26318
0.18350
0.18460
0.16024
0.07297
0.03312
0.14960
0.21793
0.15712
0.24038
0.13098
0.16637
0.26854
0.30154
0.10572
0.16998
0.06756
0.10416
0.12646
0.05125
0.04646
0.32361
0.12608
0.04982
0.19419
0.12520
0.06178
0.12960
0.32851
0.18026
0.05677
0.28467
0.15325
0.15323
0.18603
0.17608
0.13499
0.06911
0.06659
0.14948
0.18398
0.14896
0.10444
0.10127
0.15346
0.13676
0.12303
0.33809
0.25635
0.28081
0.12211
0.10621
0.29931
0.28251
0.32097
0.05340
0.25365
0.10576
0.26875
0.14325
0.11868
0.12154
0.10027
0.09497
0.16924
0.20721
0.06110
0.08891
0.05398
0.23163
0.13642
0.24650
0.17044
0.21596
0.25780
0.10316
0.05421
0.27260
0.28155
0.33337
0.22851
0.31669
0.22829
0.23950
0.28707
0.27583
0.25610
0.07097
0.08868
0.14352
0.24067
0.02866
0.07010
0.17213
0.10704
0.19096
0.08890
0.13929
0.09893
0.26101
0.26731
0.20701
0.18060
0.31225
0.12998
0.12787
0.29059
0.06347
0.23831
0.04509
0.06259
0.10454
0.04616
0.24080
0.31702
0.06655
0.04538
0.11372
0.25268
0.10808
0.06400
0.06292
0.04236
0.05119
0.10273
0.16421
0.08236
0.27099
0.16147
0.17328
0.05426
0.17878
0.28609
0.24123
0.28723
0.34145
0.21734
0.26080
0.32248
0.30170
0.32265
0.26659
0.25734
0.35809
0.26768
0.24676
0.26051
0.19888
0.30675
0.16633
0.37348
0.30934
0.22017
0.25824
0.25081
0.26483
0.36348
0.30054
0.25575
0.30178
0.33499
0.24171
0.27093
0.29210
0.27756
0.27214
0.25652
0.30540
0.29745
0.27920
0.20575
0.33220
0.27303
0.26389
0.33196
0.22148
0.30700
0.34455
0.27565
0.31366
0.31597
0.29222
0.24840
0.30075
0.32486
0.24397
0.31321
0.29833
0.27457
0.30963
0.31146
0.20260
0.30997
0.26379
0.26510
0.30173
0.28454
0.28053
0.16913
0.23884
0.33503
0.08544
0.29925
0.24579
0.21425
0.17028
0.36616
0.32610
0.31887
0.20288
0.33740
0.25363
0.27336
0.35767
0.29229
0.31659
0.30390
0.24438
0.28036
0.14090
0.35246
0.29382
0.24575
0.17700
0.33264
0.16031
0.26265
0.28734
0.24538
0.34366
0.29490
0.21621
0.30917
0.31172
0.10968
0.20749
0.29510
0.18760
0.19216
0.16774
0.29670
0.31492
0.27934
0.27153
0.25231
0.30177
0.21924
0.30659
0.27335
0.30520
0.20711
0.27510
0.29910
0.20297
0.19523
0.34804
0.26978
0.23844
0.28893
0.30179
0.27098
0.36166
0.28708
0.23039
0.28560
0.17343
0.28353
0.31552
0.29552
0.25028
0.23604
0.21097
0.31565
0.21982
0.29155
0.20065
0.28468
0.32402
0.28560
0.19160
0.22496
0.30097
0.20154
0.29726
0.16503
0.23848
0.23346
0.19085
0.23064
0.32441
0.31550
0.31954
0.25121
0.24495
0.30690
0.19357
0.24180
0.24430
0.30138
0.28887
0.17609
0.19140
0.29849
0.28653
0.23486
0.15148
0.22039
0.26903
0.23916
0.23508
0.27057
0.31731
0.16091
0.27488
0.27516
0.29557
0.17871
0.30965
0.26406
0.26342
0.39503
0.20667
0.26944
0.20849
0.34884
0.30206
0.27697
0.27910
0.31059
0.27769
0.20881
0.29596
0.26728
0.29102
0.27907
0.25974
0.33908
0.24845
0.27273
0.23109
0.33017
0.23976
0.28472
0.23444
0.27153
0.29900
0.28835
0.20990
0.26492
0.24005
0.31826
0.22040
0.31748
0.24321
0.29664
0.29178
0.27217
0.25149
0.17454
0.25910
0.32036
0.30042
0.27308
0.29576
0.31872
0.25443
0.26320
0.25286
0.29204
0.30428
0.28653
0.24071
0.15684
0.30465
0.30146
0.26263
0.28299
0.18860
0.32065
0.29755
0.22361
0.20143
0.27027
0.28418
0.28938
0.29306
0.24870
0.34707
0.34374
0.17810
0.23857
0.30834
0.28028
0.28347
0.31560
0.31910
0.22393
0.21703
0.18071
0.25793
0.29633
0.34934
0.28077
0.29224
0.28820
0.24154
0.26549
0.28793
0.26995
0.19699
0.30959
0.24113
0.23042
0.32767
0.30527
0.27798
0.25452
0.27912
0.28046
0.34171
0.33397
0.26447
0.26564
0.20759
0.32108
0.30290
0.12755
0.30013
0.17465
0.26515
0.28957
0.18675
0.29923
0.22545
0.28639
0.20103
0.26568
0.24906
0.33197
0.28888
0.28172
0.19976
0.26407
0.25188
0.26340
0.23448
0.29681
0.26954
0.34139
0.25442
0.27514
0.30182
0.28492
0.27224
0.28203
0.19398
0.28165
0.28670
0.31507
0.25808
0.27816
0.32706
0.28278
0.27846
0.30661
0.18311
0.23331
0.30526
0.24630
0.30215
0.29967
0.28672
0.32682
0.37676
0.29416
0.33857
0.27760
0.25664
0.28599
0.34502
0.26974
0.28502
0.30609
0.31024
0.29602
0.31767
0.36876
0.23420
0.27035
0.31308
0.23957
0.31075
0.34086
0.25469
0.24622
0.31868
0.24221
0.30593
0.29922
0.28832
0.25623
0.27231
0.26689
0.25144
0.27687
0.32806
0.28676
0.25751
0.30731
0.27694
0.30990
0.28651
0.25838
0.14029
0.32092
0.32697
0.32787
0.32104
0.30266
0.38356
0.39689
0.28792
0.17285
0.31795
0.38052
0.28685
0.18918
0.30973
0.33817
0.25870
0.27559
0.31945
0.27343
0.23402
0.25905
0.33353
0.34418
0.36025
0.27405
0.32372
0.28041
0.38931
0.27431
0.25409
0.32488
0.33113
0.29462
0.17075
0.29948
0.42512
0.25292
0.39183
0.39559
0.18849
0.30413
0.34570
0.30171
0.27561
0.25479
0.29992
0.24227
0.27107
0.32722
0.25460
0.26131
0.37425
0.30307
0.28395
0.25394
0.22854
0.29576
0.38347
0.17671
0.09361
0.32632
0.13876
0.21225
0.39884
0.15449
0.18313
0.21627
0.30025
0.24958
0.42691
0.17584
0.33413
0.38198
0.25211
0.22906
0.27718
0.22525
0.21116
0.35678
0.17063
0.36537
0.33347
0.28044
0.25573
0.26066
0.36033
0.27662
0.19245
0.30553
0.40938
0.31634
0.29043
0.36302
0.37268
0.22808
0.26178
0.28482
0.37913
0.16490
0.21235
0.26100
0.36744
0.29605
0.24336
0.27733
0.28889
0.35378
0.20747
0.31392
0.34967
0.28671
0.29280
0.25591
0.37390
0.30504
0.23950
0.29524
0.31026
0.35541
0.26547
0.30943
0.22956
0.33713
0.22130
0.25919
0.32024
0.31503
0.26522
0.28969
0.21497
0.29205
0.23053
0.05746
0.13913
0.17527
0.22257
0.23079
0.17732
0.23776
0.34860
0.19399
0.06567
0.15054
0.04740
0.27011
0.22659
0.19428
0.31534
0.06789
0.10629
0.15472
0.15437
0.05623
0.10387
0.25240
0.21513
0.19941
0.22571
0.26802
0.02576
0.33860
0.24731
0.06707
0.02196
0.10165
0.28277
0.15036
0.22258
0.15665
0.28441
0.07306
0.05035
0.07195
0.09029
0.25515
0.15587
0.10864
0.18152
0.29836
0.15157
0.30099
0.23007
0.07809
0.24861
0.08283
0.04095
0.21489
0.19009
0.19752
0.05446
0.05783
0.20240
0.19927
0.25539
0.18566
0.01170
0.04100
0.17356
0.20938
0.17908
0.14908
0.10738
0.20015
0.15363
0.09601
0.27826
0.29453
0.06501
0.13209
0.19019
0.04865
0.02850
0.24327
0.11378
0.18661
0.25086
0.28427
0.19292
0.31412
0.17736
0.23770
0.19775
0.21531
0.15734
0.02359
0.24159
0.04969
0.03987
0.20084
0.25232
0.25076
0.24794
0.04548
0.08011
0.10946
0.16828
0.22536
0.28673
0.05839
0.16608
0.32925
0.07330
0.22272
0.12485
0.04774
0.02017
0.16204
0.08492
0.07900
0.22682
0.24552
0.09928
0.12172
0.01217
0.09162
0.09289
0.26215
