0.08661
0.09624
0.06149
0.26041
0.08126
0.13998
0.22604
0.11784
0.19869
0.07294
0.17055
0.11414
0.12711
0.11040
0.07966
0.23026
0.15114
0.10205
0.08047
0.15410
0.27143
0.16244
0.18449
0.05354
0.21401
0.14071
0.11251
0.20412
0.06331
0.07495
0.16707
0.24440
0.14180
0.09188
0.08251
0.09123
0.13518
0.06651
0.09579
0.13094
0.27353
0.24514
0.09110
0.13626
0.28063
0.22197
0.16607
0.20858
0.18090
0.12153
0.10232
0.13081
0.12676
0.31118
0.09379
0.26370
0.23775
0.11274
0.11974
0.08502
0.28523
0.26862
0.12591
0.21505
0.26496
0.29973
0.03930
0.17066
0.09114
0.05071
0.12862
0.29972
0.29942
0.16809
0.22114
0.09400
0.06371
0.03562
0.22110
0.16483
0.29987
0.16612
0.32170
0.26030
0.28871
0.32893
0.11417
0.06678
0.16459
0.26531
0.30538
0.21443
0.05231
0.26485
0.04524
0.19153
0.21694
0.21508
0.20553
0.14960
0.09202
0.18534
0.11518
0.10867
0.17414
0.29298
0.17478
0.16352
0.14066
0.27330
0.05536
0.24008
0.05957
0.23494
0.10170
0.15254
0.25477
0.07924
0.07564
0.20540
0.24492
0.07886
0.28226
0.02537
0.07909
0.12685
0.32291
0.25525
0.12234
0.25971
0.15320
0.11152
0.33295
0.34070
0.09943
0.08893
0.06092
0.29625
0.25979
0.08004
0.20948
0.02310
0.30103
0.15126
0.12510
0.28114
0.09076
0.33738
0.18081
0.08660
0.14538
0.26574
0.11030
0.32218
0.29131
0.31061
0.16073
0.15189
0.16541
0.15471
0.18275
0.26515
0.26848
0.31153
0.09001
0.12376
0.30482
0.29247
0.06804
0.26003
0.05818
0.21777
0.22914
0.04164
0.07562
0.17643
0.09455
0.07299
0.20395
0.25845
0.07087
0.11105
0.18425
0.17220
0.09427
0.17328
0.22619
0.22812
0.27087
0.19225
0.09339
0.06876
0.08347
0.18644
0.09582
0.27781
0.14695
0.12216
0.08751
0.27851
0.17111
0.10201
0.16106
0.13160
0.04985
0.26220
0.09072
0.19695
0.25080
0.07436
0.22324
0.22334
0.10772
0.25546
0.27090
0.27318
0.12234
0.19716
0.23366
0.31997
0.10790
0.19963
0.14016
0.08716
0.10870
0.08559
0.13439
0.13411
0.10337
0.07202
0.23778
0.09827
0.24051
0.11080
0.08138
0.30111
0.10944
0.02453
0.10068
0.26491
0.12101
0.28751
0.16815
0.11682
0.15837
0.18027
0.09934
0.04295
0.11758
0.10155
0.11254
0.09792
0.10747
0.25099
0.17245
0.15986
0.18875
0.05907
0.08254
0.13647
0.24050
0.17970
0.22192
0.14250
0.17237
0.19933
0.26501
0.09743
0.17816
0.04419
0.09011
0.11591
0.06583
0.05676
0.34961
0.15141
0.07310
0.21782
0.14502
0.09307
0.08829
0.32261
0.14210
0.09016
0.29618
0.11685
0.19530
0.17490
0.18625
0.14006
0.07705
0.06469
0.18339
0.22896
0.20593
0.09105
0.17310
0.17460
0.19793
0.11804
0.31000
0.23196
0.26617
0.19128
0.12596
0.29338
0.29951
0.32535
0.03216
0.26395
0.11478
0.25301
0.10266
0.06598
0.14914
0.14331
0.10618
0.14696
0.24901
0.05332
0.12555
0.04611
0.28805
0.12641
0.25797
0.09892
0.24694
0.20096
0.18991
0.07586
0.24736
0.23590
0.37398
0.24985
0.26954
0.24457
0.23371
0.29709
0.26901
0.23761
0.05203
0.06294
0.15363
0.20443
0.04357
0.03998
0.19185
0.14037
0.19190
0.08282
0.16906
0.08750
0.28643
0.27727
0.24499
0.18806
0.30485
0.10237
0.14183
0.31328
0.07562
0.18185
0.06622
0.10660
0.12639
0.03817
0.21881
0.33583
0.05143
0.09543
0.13446
0.23115
0.10941
0.07086
0.05646
0.07806
0.04728
0.10641
0.16413
0.07344
0.25364
0.19229
0.21202
0.06978
0.19654
0.29116
0.19797
0.27927
0.34940
0.14747
0.28373
0.32033
0.28270
0.29275
0.28585
0.23893
0.35658
0.22802
0.24646
0.24397
0.20445
0.30638
0.17166
0.37191
0.30224
0.25554
0.23602
0.20499
0.23228
0.33214
0.27922
0.23731
0.31283
0.34093
0.24416
0.24945
0.31821
0.26195
0.26409
0.27204
0.29044
0.30589
0.22483
0.19537
0.35627
0.23165
0.25794
0.31478
0.18364
0.30546
0.35796
0.30448
0.27299
0.30658
0.24227
0.22578
0.25433
0.33566
0.20930
0.26962
0.32298
0.23812
0.28461
0.27932
0.16914
0.30879
0.25550
0.29143
0.30233
0.29095
0.26234
0.18217
0.27833
0.36559
0.15937
0.28040
0.19498
0.17948
0.18678
0.35697
0.30348
0.32675
0.15592
0.34914
0.27313
0.27208
0.36551
0.30873
0.27601
0.28092
0.22842
0.29439
0.17532
0.36447
0.27865
0.22303
0.19271
0.34028
0.18958
0.24080
0.28714
0.25936
0.34918
0.30934
0.21392
0.31353
0.30447
0.13223
0.15846
0.25316
0.18657
0.19262
0.16841
0.29060
0.33754
0.25108
0.26614
0.24564
0.29233
0.21354
0.28975
0.24018
0.26223
0.21066
0.29284
0.28009
0.19712
0.15381
0.33051
0.28237
0.19062
0.27347
0.32551
0.26862
0.36730
0.30049
0.21235
0.25734
0.16533
0.29692
0.31731
0.25884
0.26101
0.22674
0.14896
0.28645
0.22738
0.25463
0.21116
0.25829
0.30863
0.29174
0.17986
0.21603
0.29490
0.21079
0.25667
0.18745
0.21688
0.21259
0.20466
0.22435
0.31659
0.32816
0.31711
0.21736
0.17997
0.32604
0.17822
0.17599
0.18895
0.30285
0.30251
0.17522
0.17938
0.27394
0.26927
0.18603
0.14032
0.21850
0.26959
0.19777
0.25058
0.23038
0.29845
0.16440
0.24510
0.25556
0.25170
0.18513
0.28628
0.26734
0.23251
0.39268
0.18582
0.28418
0.21916
0.34888
0.30945
0.24583
0.25586
0.27460
0.27572
0.18247
0.31355
0.25569
0.26216
0.27564
0.28347
0.33925
0.23295
0.27745
0.23005
0.32850
0.20664
0.25281
0.17367
0.23561
0.27803
0.24308
0.22180
0.21386
0.22149
0.31142
0.19388
0.32297
0.20514
0.23309
0.29976
0.28494
0.26675
0.14440
0.23405
0.32102
0.31206
0.22478
0.26689
0.27980
0.27159
0.25832
0.22982
0.30537
0.29921
0.25368
0.22701
0.17249
0.28426
0.31481
0.24486
0.25692
0.23038
0.32690
0.26104
0.17644
0.18454
0.28462
0.29605
0.27444
0.27326
0.24742
0.35302
0.35089
0.13470
0.22139
0.32106
0.28195
0.26779
0.31004
0.33007
0.23127
0.19452
0.16839
0.21727
0.28036
0.35356
0.27285
0.27912
0.28372
0.21801
0.28276
0.30089
0.27501
0.15168
0.32609
0.23366
0.21949
0.32983
0.30098
0.23241
0.25087
0.23716
0.29841
0.31312
0.33878
0.24593
0.29382
0.18648
0.31574
0.31170
0.12707
0.27345
0.20261
0.24592
0.26992
0.20933
0.25406
0.25696
0.23817
0.21455
0.24005
0.21632
0.33751
0.28977
0.24613
0.18005
0.27179
0.24285
0.24030
0.17618
0.32506
0.26872
0.34064
0.24316
0.23477
0.25314
0.27408
0.22234
0.27825
0.16860
0.30857
0.24077
0.32288
0.28340
0.29245
0.34294
0.27971
0.24414
0.29277
0.16596
0.16098
0.27648
0.21250
0.29153
0.31222
0.24658
0.29935
0.37414
0.29282
0.32748
0.27213
0.29677
0.29226
0.35153
0.22113
0.29432
0.31832
0.31512
0.26512
0.31941
0.38353
0.23120
0.21649
0.32732
0.21879
0.31440
0.32610
0.23907
0.23518
0.33935
0.24429
0.25274
0.32044
0.26752
0.22413
0.23723
0.25917
0.28606
0.30172
0.32077
0.28960
0.23540
0.28704
0.27020
0.29388
0.27831
0.27941
0.13150
0.30832
0.33416
0.35056
0.31624
0.32901
0.38388
0.37393
0.28654
0.16776
0.29975
0.37981
0.26834
0.16688
0.30111
0.34333
0.25396
0.22262
0.32624
0.24409
0.26574
0.23814
0.31920
0.33828
0.40588
0.29653
0.30244
0.26316
0.36717
0.26269
0.27755
0.27861
0.31925
0.25987
0.17772
0.32413
0.43872
0.24484
0.38868
0.40193
0.21855
0.30861
0.35255
0.32535
0.28002
0.25873
0.28482
0.20406
0.27668
0.26351
0.30044
0.31282
0.36789
0.25524
0.28456
0.27955
0.23987
0.24540
0.37899
0.22433
0.11468
0.33009
0.16528
0.19275
0.38465
0.16273
0.22278
0.18676
0.26306
0.22179
0.42781
0.19197
0.33063
0.37164
0.23653
0.20515
0.27599
0.22307
0.19474
0.35616
0.16386
0.35814
0.35719
0.27391
0.23829
0.23871
0.34115
0.25530
0.19982
0.33351
0.41108
0.30462
0.27048
0.35721
0.35409
0.23383
0.26347
0.27749
0.39428
0.18672
0.23218
0.24262
0.36618
0.27927
0.25193
0.27206
0.29083
0.36189
0.21433
0.29429
0.33363
0.29064
0.27300
0.22973
0.36744
0.30212
0.26095
0.27454
0.29031
0.34392
0.25020
0.29622
0.23448
0.30892
0.26602
0.25542
0.30874
0.26806
0.22811
0.28884
0.19264
0.29833
0.21518
0.06084
0.09675
0.18665
0.22471
0.29206
0.19289
0.22288
0.35097
0.19971
0.09864
0.16026
0.05218
0.26553
0.27282
0.16606
0.30820
0.05876
0.12789
0.21110
0.18298
0.08890
0.13983
0.20134
0.26698
0.20646
0.21098
0.26118
0.03238
0.33333
0.26323
0.02513
0.05653
0.10956
0.32480
0.15305
0.19273
0.21210
0.30053
0.10430
0.05468
0.05815
0.08202
0.27494
0.11292
0.07654
0.20929
0.30325
0.13637
0.28804
0.20616
0.04778
0.27223
0.08650
0.08039
0.24583
0.18789
0.17565
0.10201
0.09270
0.21056
0.21934
0.29066
0.24158
0.04249
0.09671
0.07937
0.20255
0.19487
0.17900
0.11991
0.30051
0.19612
0.15326
0.28275
0.29393
0.11714
0.10490
0.19418
0.09694
0.04514
0.25194
0.16257
0.22030
0.22114
0.25342
0.20169
0.32460
0.24050
0.22947
0.14305
0.20934
0.22603
0.01992
0.25534
0.14030
0.06348
0.20588
0.25386
0.29295
0.21715
0.06610
0.06919
0.12157
0.15197
0.25572
0.24114
0.08520
0.22676
0.33072
0.16291
0.25324
0.09617
0.00928
0.06100
0.16599
0.05151
0.10684
0.28804
0.28594
0.07668
0.13502
0.05376
0.04431
0.10094
0.27064
