0.15603
0.09790
0.09760
0.26842
0.09607
0.14377
0.21833
0.17187
0.20443
0.09194
0.23232
0.14809
0.18400
0.12433
0.13848
0.23305
0.13752
0.16909
0.09002
0.16848
0.29931
0.16935
0.18212
0.07523
0.25386
0.18908
0.14009
0.22768
0.10315
0.19713
0.17171
0.28139
0.17515
0.11064
0.10159
0.09145
0.11427
0.14894
0.16779
0.18300
0.30996
0.25241
0.10954
0.17989
0.30242
0.21390
0.19658
0.24364
0.22447
0.17175
0.10132
0.16641
0.12566
0.26757
0.09838
0.23668
0.25001
0.15390
0.15107
0.12604
0.26190
0.30231
0.12836
0.21934
0.29604
0.33947
0.11550
0.19272
0.16355
0.06041
0.13971
0.26244
0.31120
0.21405
0.28586
0.19198
0.11289
0.05781
0.18012
0.18080
0.31704
0.19312
0.33244
0.27594
0.25646
0.34744
0.10025
0.15145
0.17752
0.25289
0.31894
0.23058
0.10183
0.25655
0.08296
0.18453
0.20833
0.22100
0.22841
0.16236
0.10874
0.18897
0.13097
0.12395
0.21547
0.30089
0.17617
0.18677
0.17651
0.29499
0.04739
0.26388
0.11609
0.23387
0.11189
0.17737
0.27695
0.07319
0.08140
0.18180
0.23653
0.11698
0.27672
0.06025
0.14125
0.17774
0.25410
0.28541
0.21942
0.22588
0.12342
0.15213
0.26818
0.35735
0.11554
0.15370
0.10455
0.29149
0.27841
0.09887
0.17613
0.05349
0.29446
0.21871
0.18315
0.28080
0.08661
0.35766
0.18474
0.09857
0.19543
0.28706
0.11252
0.33161
0.31141
0.32527
0.16358
0.14492
0.18227
0.20024
0.28294
0.26062
0.28772
0.33182
0.09400
0.15020
0.31960
0.26946
0.10547
0.24026
0.07780
0.26679
0.25862
0.06329
0.15860
0.24285
0.09216
0.12543
0.17857
0.28242
0.07841
0.11852
0.19353
0.18780
0.11530
0.16169
0.23073
0.22548
0.24741
0.19765
0.16162
0.10735
0.10991
0.14989
0.15737
0.26126
0.21442
0.19822
0.12920
0.28566
0.21979
0.10986
0.19969
0.15261
0.09088
0.26031
0.14439
0.23749
0.24886
0.15092
0.23315
0.23982
0.15974
0.25335
0.23526
0.24057
0.15468
0.25817
0.22172
0.36130
0.12082
0.23467
0.16659
0.13954
0.12820
0.07939
0.21621
0.20059
0.17595
0.08430
0.25872
0.12393
0.29602
0.17508
0.07460
0.28702
0.13123
0.06223
0.11535
0.30184
0.09620
0.27822
0.12148
0.12359
0.19875
0.23410
0.11784
0.07832
0.15745
0.11619
0.11922
0.14104
0.18932
0.26738
0.13859
0.16618
0.21082
0.12646
0.10557
0.15051
0.13692
0.17193
0.20135
0.18470
0.16224
0.23042
0.29630
0.09751
0.22686
0.05732
0.13379
0.13670
0.10556
0.07534
0.36619
0.21548
0.10863
0.21891
0.17317
0.07892
0.16526
0.30736
0.16768
0.09058
0.29589
0.12061
0.20286
0.20565
0.14117
0.17772
0.12536
0.09866
0.17959
0.24867
0.22539
0.11301
0.20593
0.19704
0.20644
0.17873
0.35729
0.27308
0.26302
0.13903
0.14879
0.29242
0.31913
0.32581
0.06769
0.26721
0.13418
0.30162
0.17292
0.11774
0.14809
0.14338
0.09755
0.25185
0.20925
0.11117
0.10798
0.09528
0.27305
0.21980
0.24587
0.20725
0.20882
0.24171
0.18886
0.09084
0.27117
0.24013
0.36913
0.25378
0.30949
0.23213
0.27240
0.28512
0.26106
0.22929
0.08262
0.08881
0.16361
0.23764
0.09349
0.08231
0.23788
0.16488
0.24585
0.14107
0.20238
0.14409
0.27556
0.28970
0.22967
0.21260
0.30798
0.15135
0.15265
0.31655
0.11892
0.19475
0.08960
0.09722
0.22838
0.07897
0.26740
0.35851
0.08291
0.10398
0.20868
0.26345
0.10507
0.08520
0.13744
0.09687
0.12197
0.12283
0.23059
0.12047
0.25575
0.14471
0.17476
0.12908
0.23159
0.29381
0.20888
0.28294
0.34401
0.15496
0.27838
0.31948
0.30265
0.33322
0.27340
0.24555
0.33154
0.25626
0.24838
0.28220
0.22872
0.28887
0.20836
0.36244
0.30989
0.27811
0.28784
0.25204
0.27560
0.37286
0.30543
0.26486
0.31587
0.32033
0.23121
0.28271
0.31449
0.28977
0.24570
0.25902
0.30751
0.30653
0.26959
0.22552
0.34366
0.28776
0.26318
0.33341
0.19215
0.32588
0.34983
0.30546
0.31445
0.31353
0.32162
0.23362
0.28890
0.33779
0.23608
0.30391
0.31741
0.25679
0.29182
0.31744
0.20753
0.32217
0.28026
0.26723
0.30686
0.26612
0.26753
0.20911
0.28789
0.35471
0.18146
0.29386
0.22190
0.24103
0.21093
0.37592
0.31578
0.33436
0.18170
0.34876
0.27277
0.28126
0.37746
0.30471
0.30790
0.29803
0.26323
0.29879
0.20913
0.34315
0.28955
0.23940
0.19673
0.33901
0.23584
0.27619
0.29464
0.27094
0.33694
0.32599
0.21596
0.30076
0.30724
0.16376
0.17655
0.29303
0.20453
0.18809
0.15656
0.30951
0.35133
0.29524
0.28648
0.25613
0.31116
0.23419
0.31617
0.28750
0.29904
0.20010
0.27994
0.31923
0.23961
0.17949
0.36828
0.28523
0.22980
0.32019
0.30973
0.26551
0.35505
0.30546
0.26454
0.26267
0.23350
0.29264
0.31226
0.27276
0.28816
0.25108
0.17148
0.32836
0.24729
0.26982
0.25706
0.31420
0.32621
0.26715
0.22098
0.24832
0.29156
0.22142
0.30945
0.21665
0.26192
0.26196
0.25248
0.21659
0.32329
0.31501
0.31238
0.25930
0.23222
0.31563
0.21268
0.21263
0.23058
0.27966
0.30272
0.17294
0.19959
0.30118
0.28617
0.23676
0.17823
0.23205
0.26440
0.25848
0.26762
0.26267
0.33967
0.19686
0.25511
0.27130
0.26830
0.21219
0.30425
0.29406
0.27040
0.38582
0.21601
0.31142
0.25361
0.37193
0.30196
0.26400
0.28907
0.31185
0.26675
0.19221
0.31269
0.28494
0.25712
0.27557
0.26835
0.33758
0.26535
0.27660
0.25282
0.31690
0.24044
0.29603
0.22615
0.27326
0.26520
0.26743
0.24732
0.27741
0.26114
0.32844
0.23370
0.32361
0.26648
0.28065
0.27155
0.26236
0.27573
0.16383
0.23488
0.32594
0.31690
0.27577
0.29491
0.32294
0.26991
0.20161
0.23093
0.28669
0.30423
0.28167
0.26427
0.21712
0.29595
0.30235
0.28142
0.28710
0.22434
0.33190
0.31088
0.21593
0.22841
0.28305
0.29533
0.29956
0.26319
0.26986
0.34045
0.33766
0.16351
0.25339
0.31429
0.30294
0.27505
0.31552
0.32779
0.26092
0.20439
0.17434
0.27055
0.29251
0.34672
0.29271
0.30935
0.29832
0.24512
0.27791
0.27627
0.26627
0.18548
0.34567
0.22131
0.24543
0.33171
0.31106
0.25937
0.24238
0.27073
0.29242
0.34250
0.33719
0.24854
0.25665
0.23319
0.29207
0.31068
0.14233
0.29366
0.23029
0.25153
0.30859
0.25007
0.29718
0.26953
0.26069
0.22976
0.26611
0.23281
0.34226
0.28317
0.27812
0.21794
0.28785
0.25726
0.25162
0.20611
0.34112
0.26871
0.35160
0.26586
0.25468
0.32189
0.29003
0.25480
0.27485
0.20128
0.33455
0.29433
0.32256
0.25910
0.29872
0.33145
0.27907
0.27708
0.32128
0.20887
0.23040
0.30855
0.23331
0.29853
0.29915
0.28718
0.32129
0.37860
0.30243
0.30497
0.27487
0.30054
0.31012
0.35822
0.25899
0.28361
0.31944
0.30912
0.31622
0.32413
0.39271
0.26657
0.28855
0.31838
0.26403
0.30581
0.34070
0.24870
0.24940
0.34580
0.22231
0.27635
0.29660
0.28080
0.25829
0.24111
0.26651
0.28557
0.27467
0.33283
0.28990
0.24010
0.31599
0.27662
0.32698
0.30206
0.27642
0.17252
0.32187
0.31817
0.36458
0.32726
0.30993
0.40596
0.40395
0.25072
0.21195
0.29730
0.37912
0.26175
0.19844
0.29349
0.35016
0.25282
0.23492
0.33895
0.25210
0.26022
0.23134
0.33236
0.35949
0.40958
0.29256
0.28911
0.25716
0.38973
0.28039
0.31479
0.32234
0.32697
0.26044
0.22548
0.30437
0.43364
0.25151
0.39001
0.42598
0.23772
0.28083
0.36190
0.32824
0.28691
0.21937
0.26764
0.20055
0.29883
0.27831
0.31911
0.29997
0.38533
0.27427
0.28032
0.26459
0.21202
0.24299
0.37857
0.21168
0.13985
0.33816
0.20862
0.18100
0.38634
0.16793
0.24958
0.22575
0.29908
0.23238
0.44386
0.20045
0.32091
0.38544
0.26756
0.25981
0.25505
0.24448
0.21428
0.32930
0.19544
0.36521
0.34500
0.25680
0.24922
0.22757
0.35293
0.25737
0.22335
0.36516
0.43216
0.32303
0.27598
0.35115
0.37244
0.21310
0.28072
0.29760
0.39089
0.20152
0.24277
0.25279
0.36894
0.25894
0.23609
0.26896
0.34150
0.35171
0.25755
0.29493
0.32824
0.30525
0.27120
0.22238
0.37059
0.30410
0.25061
0.27227
0.33815
0.34011
0.27545
0.29249
0.23623
0.35257
0.26667
0.24755
0.29887
0.29938
0.21660
0.27389
0.17235
0.31200
0.24717
0.05559
0.15751
0.22183
0.22653
0.29241
0.20830
0.30113
0.37351
0.19190
0.09061
0.24364
0.08952
0.19614
0.28166
0.19314
0.28115
0.10457
0.12920
0.15719
0.20179
0.13336
0.16059
0.22311
0.22020
0.12232
0.20983
0.28871
0.08979
0.28610
0.22833
0.04181
0.13952
0.15808
0.29223
0.11372
0.22835
0.19968
0.30532
0.12019
0.11693
0.12413
0.11295
0.25859
0.15774
0.13167
0.21721
0.30561
0.20808
0.30121
0.21095
0.11871
0.29836
0.06649
0.12478
0.27227
0.17529
0.19883
0.07478
0.12101
0.21135
0.21280
0.30862
0.23453
0.07942
0.09721
0.18213
0.21223
0.19966
0.23873
0.12865
0.25623
0.21373
0.13297
0.21252
0.23908
0.15173
0.17343
0.19972
0.08187
0.07502
0.23597
0.15601
0.17649
0.27438
0.28547
0.20371
0.33503
0.23380
0.27484
0.13089
0.23056
0.22680
0.06300
0.26052
0.15181
0.09521
0.20837
0.26237
0.28888
0.20991
0.06785
0.15587
0.21412
0.23033
0.24412
0.27978
0.09137
0.23319
0.28815
0.15719
0.21708
0.08874
0.04898
0.05760
0.16249
0.06946
0.11377
0.27618
0.22381
0.13751
0.13409
0.05924
0.09889
0.07910
0.29095
