0.09723
0.09293
0.03534
0.25384
0.06304
0.11609
0.19891
0.12572
0.18643
0.04043
0.17329
0.10754
0.11616
0.11194
0.09237
0.22389
0.11891
0.08710
0.05179
0.12826
0.29835
0.16849
0.13476
0.04146
0.20691
0.11457
0.09932
0.19902
0.08748
0.15304
0.09546
0.21664
0.15073
0.10314
0.06583
0.09842
0.15110
0.05825
0.10263
0.15328
0.30013
0.23498
0.07287
0.10094
0.28218
0.20926
0.12451
0.19832
0.17393
0.12757
0.10402
0.11083
0.11914
0.26665
0.09818
0.20837
0.16900
0.13744
0.04855
0.07936
0.24499
0.25950
0.07797
0.23466
0.27947
0.33442
0.03180
0.15229
0.07572
0.03987
0.14751
0.28547
0.25585
0.18004
0.24232
0.07492
0.07665
0.06845
0.20011
0.16303
0.24493
0.14860
0.31214
0.25979
0.23295
0.34829
0.09725
0.06631
0.12639
0.27120
0.29118
0.14432
0.05320
0.21308
0.05898
0.09185
0.22188
0.18177
0.22720
0.14398
0.09604
0.18413
0.11076
0.10886
0.17614
0.31084
0.09887
0.16675
0.10275
0.28072
0.03997
0.26242
0.06396
0.22890
0.09725
0.17839
0.27124
0.04630
0.05684
0.16698
0.19147
0.08130
0.27585
0.01714
0.07148
0.11835
0.27160
0.28404
0.11687
0.24939
0.09183
0.08953
0.28262
0.35196
0.09236
0.11884
0.07249
0.28776
0.28300
0.03048
0.16660
0.03355
0.25420
0.20491
0.10787
0.31661
0.05582
0.32592
0.16932
0.09360
0.16862
0.22237
0.10304
0.27526
0.29300
0.31983
0.10095
0.17672
0.15570
0.15862
0.25592
0.27590
0.26439
0.31317
0.09688
0.09435
0.27643
0.27182
0.04113
0.30020
0.05041
0.18318
0.23322
0.02937
0.11075
0.20690
0.06691
0.08043
0.17583
0.26248
0.06108
0.10258
0.20765
0.16393
0.04860
0.22523
0.19890
0.22565
0.22637
0.12142
0.06539
0.06703
0.05114
0.11128
0.13015
0.21867
0.12934
0.15930
0.07379
0.26698
0.20813
0.12557
0.14961
0.14335
0.03001
0.15922
0.07759
0.21751
0.23717
0.06606
0.23134
0.22003
0.07219
0.25413
0.25974
0.20445
0.10530
0.17582
0.18966
0.34558
0.10200
0.13778
0.08595
0.05030
0.06318
0.05130
0.15649
0.13452
0.10075
0.04229
0.25377
0.08924
0.20061
0.07151
0.03144
0.24307
0.10912
0.04905
0.10895
0.28046
0.05156
0.27443
0.06931
0.10772
0.14241
0.21668
0.12267
0.07138
0.09202
0.09883
0.10852
0.09204
0.08309
0.22862
0.17874
0.17871
0.18254
0.07531
0.06815
0.13801
0.22262
0.13734
0.23608
0.13687
0.12702
0.27467
0.29138
0.09693
0.20813
0.05745
0.10120
0.12078
0.04682
0.02620
0.36566
0.13800
0.04128
0.19150
0.14167
0.06982
0.12125
0.33138
0.13868
0.06817
0.28552
0.14098
0.15023
0.15772
0.13406
0.07948
0.09722
0.08191
0.17792
0.19888
0.16615
0.10183
0.12576
0.15669
0.16715
0.16129
0.32225
0.22293
0.24777
0.13575
0.06138
0.30429
0.29113
0.30804
0.03117
0.25092
0.09987
0.26809
0.14976
0.09584
0.09473
0.09450
0.09338
0.11527
0.22166
0.05257
0.07335
0.04386
0.23636
0.12491
0.19956
0.16936
0.21071
0.24227
0.10210
0.06142
0.18689
0.24473
0.36149
0.24617
0.31963
0.21900
0.22578
0.23267
0.29167
0.27157
0.04934
0.06930
0.12302
0.21941
0.04427
0.05192
0.15716
0.10796
0.20150
0.10706
0.17827
0.09482
0.25180
0.27158
0.22321
0.19179
0.30201
0.10483
0.13200
0.28398
0.07131
0.25178
0.08679
0.08081
0.09936
0.02661
0.24072
0.33872
0.07809
0.06749
0.10482
0.24102
0.10026
0.03129
0.09892
0.06966
0.06499
0.07535
0.17514
0.08655
0.25972
0.12076
0.17299
0.10067
0.19356
0.30219
0.22422
0.27331
0.35629
0.16695
0.31702
0.30962
0.28922
0.31989
0.26609
0.23059
0.35380
0.25657
0.24575
0.25944
0.23120
0.29537
0.18422
0.36965
0.34760
0.25477
0.26268
0.25327
0.26319
0.34988
0.27752
0.23765
0.32894
0.33298
0.24635
0.24573
0.32970
0.26400
0.25159
0.24496
0.30646
0.30846
0.27637
0.21007
0.35424
0.26519
0.26720
0.32612
0.19961
0.29454
0.34597
0.27496
0.31822
0.29958
0.27148
0.21906
0.29640
0.33672
0.22436
0.28109
0.32705
0.25371
0.29444
0.28725
0.16582
0.29438
0.22728
0.26855
0.30139
0.29311
0.26259
0.15312
0.25235
0.36451
0.11949
0.26953
0.23121
0.21193
0.15597
0.35598
0.32377
0.32521
0.18356
0.35777
0.27365
0.25552
0.37581
0.31755
0.30352
0.28892
0.23008
0.27644
0.17046
0.36452
0.29799
0.26419
0.17311
0.31722
0.18059
0.24252
0.30116
0.23653
0.33585
0.32523
0.20229
0.33466
0.32429
0.15070
0.22038
0.29732
0.14714
0.14866
0.14691
0.29149
0.35023
0.27169
0.26114
0.24552
0.30934
0.18129
0.30869
0.26111
0.28474
0.19823
0.28166
0.27397
0.19261
0.14016
0.35912
0.28974
0.19037
0.31741
0.29808
0.24238
0.34096
0.31000
0.19442
0.28751
0.17239
0.27838
0.31021
0.28584
0.28598
0.24307
0.19061
0.32275
0.20260
0.29292
0.19230
0.27616
0.31944
0.26754
0.16926
0.22026
0.29296
0.19590
0.29071
0.17590
0.24932
0.22040
0.21171
0.21217
0.29630
0.30948
0.31409
0.23267
0.19319
0.31776
0.20810
0.21344
0.25622
0.29726
0.30364
0.12435
0.18599
0.27311
0.26983
0.20003
0.14050
0.19848
0.25918
0.23669
0.22729
0.27533
0.32402
0.16686
0.25996
0.27483
0.27902
0.17010
0.28874
0.28325
0.23262
0.36658
0.16475
0.31418
0.19752
0.36267
0.31694
0.25712
0.27600
0.26822
0.27487
0.17189
0.31681
0.28785
0.26043
0.27218
0.26479
0.33080
0.21205
0.30270
0.21072
0.34230
0.23740
0.29517
0.22884
0.29397
0.29055
0.28323
0.20899
0.25089
0.22146
0.30726
0.18737
0.35069
0.21254
0.27151
0.29881
0.29545
0.29051
0.16374
0.22920
0.31936
0.31234
0.26525
0.28309
0.30332
0.24653
0.24441
0.23434
0.29739
0.27260
0.26386
0.23738
0.15034
0.28652
0.30918
0.24107
0.27080
0.21673
0.34008
0.30070
0.21220
0.19839
0.28577
0.26550
0.28274
0.26836
0.27464
0.34912
0.36009
0.15512
0.24094
0.31285
0.25425
0.27935
0.28960
0.33405
0.19732
0.21670
0.15898
0.27421
0.26751
0.35207
0.29223
0.28047
0.27265
0.22897
0.26510
0.30543
0.26939
0.17558
0.32096
0.22937
0.22820
0.33292
0.29609
0.25539
0.24898
0.27267
0.28080
0.33542
0.32406
0.25314
0.28113
0.18365
0.29108
0.31574
0.11500
0.28045
0.17517
0.23980
0.28295
0.21606
0.29514
0.20497
0.26293
0.21285
0.26085
0.25354
0.36537
0.27036
0.26508
0.18739
0.29222
0.25364
0.22549
0.19968
0.31990
0.28970
0.32752
0.25102
0.25880
0.26525
0.24361
0.25084
0.30024
0.16569
0.32977
0.23754
0.33406
0.26458
0.28713
0.35244
0.26912
0.26854
0.28130
0.17887
0.22769
0.28187
0.20050
0.29748
0.30076
0.27487
0.33238
0.36708
0.31059
0.34040
0.27091
0.31199
0.29375
0.36294
0.25406
0.24168
0.32613
0.30638
0.28581
0.34587
0.40384
0.20773
0.24408
0.32364
0.24672
0.29585
0.31736
0.21492
0.26194
0.33967
0.23913
0.28735
0.32576
0.29681
0.25762
0.25079
0.25865
0.30041
0.29131
0.31487
0.29373
0.25422
0.27840
0.28357
0.30522
0.27173
0.28888
0.12699
0.33433
0.31869
0.35296
0.34734
0.28782
0.40355
0.40924
0.28370
0.16736
0.30928
0.36667
0.25948
0.19476
0.32213
0.32976
0.24636
0.26127
0.31586
0.25895
0.28371
0.25614
0.33487
0.34496
0.38968
0.30532
0.31240
0.28912
0.38079
0.27493
0.29799
0.31249
0.33056
0.28526
0.19043
0.31732
0.43935
0.24673
0.39527
0.41697
0.18274
0.28790
0.36957
0.32549
0.27563
0.27359
0.27863
0.21036
0.27903
0.30271
0.28703
0.31001
0.37350
0.30916
0.29394
0.25207
0.21277
0.28226
0.40605
0.22339
0.09950
0.34846
0.09955
0.17818
0.38727
0.14471
0.24980
0.19438
0.30004
0.22205
0.42208
0.18106
0.33766
0.39168
0.25079
0.22053
0.26095
0.23132
0.21335
0.35959
0.15936
0.35433
0.34174
0.25500
0.25016
0.24968
0.34279
0.27900
0.19776
0.35009
0.39213
0.31450
0.28724
0.36738
0.37243
0.23644
0.24881
0.28755
0.38357
0.20788
0.20514
0.25781
0.34296
0.28537
0.25289
0.27264
0.30450
0.35238
0.23204
0.31073
0.36068
0.28542
0.29466
0.25240
0.38295
0.29505
0.25061
0.29636
0.29866
0.33611
0.27232
0.30926
0.22285
0.31958
0.25337
0.25308
0.33385
0.29936
0.26007
0.28709
0.21002
0.34381
0.21224
0.05079
0.11373
0.14672
0.26071
0.28618
0.20343
0.23203
0.34544
0.17227
0.10905
0.13406
0.03724
0.28643
0.25302
0.14463
0.28825
0.06833
0.07490
0.16628
0.24431
0.10586
0.11316
0.21776
0.27530
0.17040
0.21423
0.25212
0.04812
0.28601
0.22758
0.02118
0.05814
0.11675
0.25553
0.13414
0.23659
0.16613
0.25198
0.02272
0.08248
0.02146
0.02696
0.28191
0.12008
0.11745
0.17318
0.27571
0.11861
0.22050
0.23450
0.03786
0.28706
0.08225
0.01068
0.20106
0.20424
0.22086
0.04573
0.05460
0.20679
0.22366
0.28875
0.25606
0.01952
0.01882
0.16386
0.20077
0.15378
0.24542
0.10503
0.16562
0.16906
0.10968
0.26233
0.23398
0.07309
0.10549
0.17559
0.03541
0.02718
0.19511
0.10970
0.18733
0.25477
0.27107
0.20817
0.33965
0.23820
0.26963
0.22407
0.19988
0.19861
0.01577
0.24424
0.03931
0.04539
0.16678
0.24837
0.30771
0.26590
0.06218
0.06893
0.07758
0.16710
0.19352
0.24187
0.06427
0.19185
0.28807
0.14643
0.18839
0.10276
0.04463
0.04413
0.23321
0.04093
0.09208
0.27804
0.29759
0.08325
0.10618
0.03097
0.06438
0.04874
0.22044
