0.14234
0.10855
0.10241
0.25692
0.11362
0.16389
0.23912
0.18681
0.22330
0.05911
0.24735
0.14546
0.17466
0.10977
0.16677
0.22565
0.12711
0.12585
0.09600
0.16472
0.25108
0.16157
0.15851
0.10847
0.25348
0.16547
0.15023
0.27065
0.10913
0.17193
0.20305
0.27214
0.13932
0.12652
0.11048
0.09730
0.13445
0.11204
0.15091
0.16055
0.29572
0.27466
0.13403
0.14910
0.27895
0.20528
0.21878
0.23581
0.19361
0.18338
0.10445
0.16655
0.12347
0.28679
0.09331
0.23902
0.22901
0.16827
0.17753
0.10998
0.25293
0.27612
0.17509
0.20784
0.27531
0.28452
0.09173
0.16216
0.11248
0.07970
0.13656
0.26490
0.31885
0.19775
0.27554
0.16612
0.10270
0.02499
0.23558
0.13589
0.27923
0.20428
0.32050
0.28147
0.26676
0.36112
0.09496
0.08581
0.15368
0.27860
0.30173
0.21037
0.15006
0.26306
0.10246
0.18732
0.23439
0.22088
0.20244
0.17426
0.09140
0.18135
0.10008
0.12724
0.25964
0.27995
0.16664
0.15721
0.21790
0.27752
0.06154
0.24859
0.11110
0.24522
0.13712
0.23161
0.28086
0.03875
0.07236
0.19519
0.26118
0.07318
0.26697
0.01845
0.15633
0.16848
0.31848
0.27996
0.21505
0.26782
0.14253
0.11301
0.27536
0.33160
0.09308
0.16792
0.11467
0.29486
0.26400
0.05793
0.20276
0.09589
0.27101
0.19115
0.13355
0.20702
0.12847
0.36361
0.18459
0.08984
0.15715
0.30482
0.15409
0.31100
0.28921
0.33045
0.13942
0.17358
0.15240
0.23110
0.28763
0.27942
0.25614
0.31361
0.08441
0.15607
0.33310
0.28186
0.09344
0.29663
0.06739
0.27488
0.23165
0.07273
0.15614
0.22127
0.11992
0.07323
0.16305
0.27795
0.11359
0.12117
0.19337
0.15664
0.13291
0.14341
0.24086
0.25763
0.26073
0.22900
0.15895
0.12862
0.05930
0.16728
0.15509
0.24364
0.28045
0.17688
0.11202
0.27560
0.21215
0.09258
0.21954
0.15387
0.08921
0.25097
0.14383
0.19749
0.28138
0.14383
0.21891
0.23734
0.12185
0.24817
0.27144
0.25636
0.12237
0.29420
0.17153
0.35792
0.15718
0.24641
0.15093
0.10819
0.09765
0.07271
0.21736
0.19226
0.15989
0.07844
0.25710
0.13903
0.25695
0.19089
0.07255
0.27996
0.15569
0.04381
0.10552
0.28210
0.08828
0.27574
0.11781
0.11491
0.13140
0.21246
0.10142
0.07923
0.14254
0.09478
0.10797
0.19262
0.16050
0.27929
0.12492
0.17529
0.21317
0.09028
0.06619
0.13084
0.22257
0.18757
0.20013
0.22082
0.18879
0.26424
0.25813
0.09168
0.20349
0.08581
0.13404
0.12778
0.11284
0.06665
0.35869
0.20773
0.08946
0.24417
0.13703
0.08631
0.21961
0.32132
0.13240
0.10658
0.30047
0.12058
0.20847
0.19257
0.18073
0.17423
0.13329
0.12758
0.19038
0.25187
0.15926
0.09737
0.21346
0.18748
0.22781
0.18287
0.29408
0.25931
0.26073
0.16037
0.14045
0.28331
0.29042
0.27673
0.06079
0.26490
0.15146
0.28747
0.15949
0.12081
0.20568
0.19617
0.09871
0.24881
0.25883
0.09393
0.14065
0.08201
0.30749
0.21344
0.23497
0.20588
0.24553
0.25557
0.13493
0.06854
0.30111
0.29115
0.38083
0.25129
0.35425
0.24745
0.24287
0.25881
0.27360
0.29016
0.08398
0.12683
0.18077
0.25304
0.08362
0.08259
0.24039
0.16239
0.23568
0.17121
0.16550
0.13790
0.28128
0.26255
0.24930
0.21745
0.31155
0.16412
0.13339
0.32593
0.10954
0.21541
0.09763
0.09446
0.16540
0.10341
0.24176
0.32940
0.08358
0.10872
0.15036
0.24495
0.10169
0.08512
0.10483
0.07219
0.09141
0.10025
0.19955
0.11769
0.28653
0.20447
0.22291
0.10641
0.21744
0.30068
0.19931
0.26605
0.34992
0.18975
0.30032
0.31111
0.28865
0.30052
0.29039
0.23369
0.35357
0.25948
0.23486
0.24933
0.23712
0.28898
0.16957
0.36160
0.33960
0.28520
0.25161
0.24632
0.23394
0.33390
0.27794
0.23717
0.31507
0.33770
0.22532
0.24250
0.32065
0.26723
0.25005
0.26827
0.27242
0.31372
0.26245
0.23544
0.35160
0.26496
0.25011
0.32755
0.18650
0.30809
0.34502
0.29774
0.29657
0.29575
0.28990
0.24344
0.28093
0.33401
0.21246
0.28001
0.32467
0.24730
0.25447
0.30398
0.20811
0.28958
0.26528
0.28559
0.31375
0.29963
0.26682
0.17137
0.29265
0.36344
0.13027
0.27551
0.21044
0.17869
0.18971
0.34243
0.29781
0.32897
0.17888
0.35187
0.26775
0.26454
0.36307
0.31263
0.29257
0.29937
0.23837
0.28991
0.19583
0.35548
0.28294
0.24367
0.17009
0.32424
0.22742
0.24724
0.29447
0.26263
0.35476
0.33416
0.23186
0.33041
0.32414
0.19143
0.18179
0.28537
0.18927
0.19050
0.15735
0.30076
0.34570
0.26255
0.26259
0.24349
0.28239
0.23012
0.27318
0.25871
0.26369
0.19516
0.28311
0.29423
0.22087
0.18609
0.34125
0.29966
0.18793
0.30489
0.31828
0.27881
0.35102
0.31399
0.23719
0.28844
0.21184
0.28876
0.32079
0.26591
0.28635
0.23674
0.17093
0.30088
0.22487
0.27129
0.23344
0.27128
0.30683
0.29028
0.19645
0.24342
0.28499
0.20522
0.28715
0.19853
0.24270
0.21162
0.23503
0.20009
0.31278
0.32139
0.33064
0.24033
0.19466
0.32801
0.21896
0.19772
0.20776
0.30672
0.31546
0.16380
0.17436
0.26377
0.25260
0.20174
0.15908
0.21480
0.26387
0.21630
0.27423
0.25136
0.30160
0.18495
0.23455
0.27507
0.27055
0.19584
0.27847
0.26999
0.25428
0.36639
0.19046
0.30413
0.23935
0.36294
0.31776
0.26001
0.26391
0.27495
0.27517
0.19938
0.30182
0.29144
0.27457
0.28624
0.25440
0.34058
0.25228
0.30110
0.22967
0.34126
0.22305
0.29759
0.22304
0.26359
0.27622
0.25955
0.23356
0.24861
0.24258
0.31494
0.21224
0.30667
0.23568
0.26492
0.28479
0.29552
0.29783
0.14619
0.21933
0.33035
0.32415
0.24330
0.26447
0.30527
0.27776
0.22424
0.20778
0.30874
0.29414
0.25395
0.23904
0.20789
0.29299
0.30486
0.23696
0.25865
0.25926
0.33371
0.27349
0.20665
0.17910
0.28853
0.29876
0.28183
0.27987
0.26795
0.34454
0.35497
0.14730
0.20322
0.32766
0.24911
0.26924
0.28869
0.34166
0.24013
0.20002
0.20652
0.24083
0.25954
0.36152
0.30374
0.27528
0.27105
0.24021
0.27273
0.30573
0.28364
0.17647
0.33815
0.22064
0.24211
0.33644
0.30226
0.24535
0.25521
0.25521
0.29324
0.32587
0.34049
0.26757
0.28671
0.23228
0.30289
0.32310
0.13014
0.27932
0.21470
0.24760
0.26869
0.24359
0.28535
0.25754
0.25622
0.25318
0.22471
0.25323
0.34033
0.28543
0.26688
0.19619
0.30101
0.25120
0.23530
0.20629
0.34817
0.28686
0.32291
0.26321
0.22680
0.27737
0.26943
0.25483
0.26803
0.15937
0.32190
0.27207
0.34158
0.28785
0.31169
0.34967
0.29038
0.25805
0.28695
0.15373
0.16942
0.27364
0.19223
0.28375
0.31919
0.27970
0.31334
0.38144
0.32503
0.32879
0.27592
0.31653
0.30536
0.36272
0.24574
0.28356
0.31807
0.31708
0.27406
0.33277
0.38456
0.22987
0.25302
0.31646
0.24368
0.32034
0.33126
0.27279
0.22806
0.34462
0.23792
0.25977
0.31334
0.27595
0.25681
0.23867
0.25250
0.29150
0.28956
0.31302
0.28582
0.24205
0.29368
0.27183
0.29253
0.25079
0.29293
0.12679
0.31724
0.28285
0.36627
0.31035
0.31529
0.40647
0.40226
0.22536
0.22333
0.27887
0.39347
0.31149
0.24814
0.30742
0.34787
0.24047
0.21809
0.31184
0.19069
0.28777
0.22442
0.32118
0.38596
0.45844
0.29881
0.28046
0.22469
0.39209
0.32344
0.27971
0.28910
0.35756
0.22400
0.19152
0.31456
0.45355
0.27395
0.41890
0.41564
0.20381
0.27791
0.35764
0.29198
0.31122
0.20747
0.23933
0.21362
0.30026
0.30070
0.30350
0.29784
0.37114
0.26039
0.22201
0.27682
0.18205
0.19477
0.39239
0.27161
0.15875
0.33627
0.17715
0.17994
0.41047
0.16937
0.28560
0.22642
0.27512
0.25224
0.45327
0.21521
0.31117
0.38289
0.23413
0.25149
0.22077
0.27602
0.23411
0.34784
0.20427
0.37563
0.35922
0.25098
0.27540
0.17749
0.33571
0.28979
0.25362
0.36139
0.41046
0.35228
0.29048
0.36185
0.37233
0.17749
0.29593
0.27686
0.38466
0.24313
0.22783
0.25436
0.34750
0.23290
0.25345
0.22854
0.34743
0.38169
0.24923
0.24066
0.34701
0.31082
0.26748
0.26228
0.40255
0.28331
0.29378
0.24025
0.23826
0.36307
0.26425
0.27936
0.24983
0.35138
0.26813
0.20113
0.32870
0.29079
0.21937
0.25574
0.12319
0.29779
0.25382
0.11318
0.10194
0.17430
0.23229
0.32425
0.24225
0.24626
0.35413
0.18897
0.08131
0.19327
0.05461
0.28930
0.26342
0.17531
0.29509
0.09446
0.09471
0.17082
0.23111
0.10098
0.14521
0.24138
0.26867
0.21558
0.21819
0.25150
0.09946
0.29460
0.25569
0.03285
0.12022
0.14566
0.27896
0.15244
0.22870
0.23727
0.26360
0.09788
0.10746
0.06691
0.06532
0.30330
0.17467
0.11598
0.17428
0.20392
0.11445
0.29150
0.20856
0.09139
0.21671
0.07920
0.09623
0.27857
0.18241
0.25533
0.05543
0.14090
0.21811
0.21060
0.32273
0.24565
0.03539
0.06509
0.15454
0.21702
0.13041
0.23060
0.08441
0.26730
0.15022
0.14895
0.25243
0.30937
0.08171
0.17568
0.19037
0.07306
0.09921
0.20345
0.07137
0.18809
0.23247
0.28462
0.20215
0.32256
0.24892
0.24535
0.21622
0.20308
0.18301
0.03785
0.27866
0.15049
0.09213
0.17550
0.26173
0.28406
0.27773
0.03497
0.15103
0.20290
0.25685
0.22112
0.26225
0.06422
0.19974
0.26749
0.12020
0.21180
0.10387
0.05807
0.05064
0.19162
0.02711
0.10164
0.27486
0.28058
0.11060
0.08177
0.01164
0.05262
0.08636
0.21752
