0.10014
0.09923
0.05519
0.19518
0.07306
0.12096
0.21398
0.12362
0.17099
0.04296
0.16311
0.12424
0.14921
0.11562
0.13049
0.20543
0.17366
0.13726
0.08228
0.13854
0.26805
0.12900
0.13122
0.06270
0.23801
0.09376
0.11533
0.21351
0.09556
0.14495
0.18966
0.23716
0.13209
0.09921
0.06838
0.10195
0.18740
0.08886
0.10335
0.12546
0.29460
0.23530
0.07083
0.09746
0.27586
0.20454
0.11370
0.22818
0.15465
0.10893
0.10140
0.09626
0.18172
0.30887
0.08488
0.20859
0.22155
0.10805
0.12104
0.05095
0.27716
0.29237
0.09460
0.20029
0.29001
0.32714
0.04377
0.10803
0.08399
0.04492
0.12132
0.31145
0.26892
0.13163
0.24273
0.07656
0.04051
0.03174
0.19475
0.15897
0.31302
0.16451
0.29984
0.26775
0.25391
0.35026
0.09547
0.08110
0.09548
0.26074
0.34634
0.18201
0.05118
0.24120
0.06218
0.11324
0.16347
0.20622
0.18379
0.12509
0.10160
0.14355
0.11046
0.11831
0.19041
0.29881
0.10483
0.15337
0.14753
0.28941
0.01536
0.24388
0.06099
0.23971
0.10231
0.11536
0.22394
0.05536
0.04075
0.16279
0.24934
0.07372
0.28839
0.02244
0.07360
0.11667
0.24545
0.27144
0.14747
0.27209
0.06420
0.11038
0.30838
0.31951
0.09917
0.09470
0.03181
0.26087
0.27036
0.04669
0.17143
0.03821
0.29670
0.15056
0.10431
0.23767
0.06142
0.36378
0.16382
0.09399
0.14638
0.21936
0.10359
0.32211
0.32527
0.35479
0.08663
0.13969
0.15361
0.18746
0.20764
0.26443
0.26690
0.31904
0.08579
0.08188
0.27900
0.28762
0.04239
0.23906
0.05495
0.19908
0.24369
0.02757
0.07763
0.22894
0.05947
0.05815
0.16740
0.24548
0.05270
0.09369
0.20345
0.12752
0.04501
0.12450
0.16783
0.27411
0.24706
0.16047
0.10551
0.06986
0.04112
0.13907
0.11542
0.19004
0.18736
0.14829
0.08233
0.29815
0.23822
0.07816
0.14181
0.16923
0.04167
0.18876
0.05503
0.18934
0.22781
0.11138
0.28270
0.18989
0.04816
0.25198
0.25738
0.24045
0.12568
0.22947
0.22022
0.37496
0.08107
0.15156
0.09698
0.05059
0.05476
0.03310
0.16934
0.14514
0.12801
0.07361
0.19874
0.07802
0.20503
0.09380
0.03585
0.27937
0.10825
0.03629
0.09837
0.22880
0.07450
0.29121
0.08050
0.11606
0.12930
0.18267
0.11048
0.05342
0.11268
0.10916
0.10155
0.08133
0.06746
0.26165
0.14374
0.15461
0.20012
0.06116
0.06128
0.13459
0.20543
0.15510
0.20713
0.15526
0.16229
0.20599
0.26065
0.10525
0.17965
0.07270
0.11726
0.12688
0.04460
0.02518
0.37473
0.13409
0.04778
0.21404
0.16889
0.08270
0.13897
0.34495
0.15031
0.05517
0.29178
0.11644
0.13039
0.14619
0.18144
0.13103
0.09527
0.03733
0.16258
0.15672
0.16890
0.10938
0.12366
0.14357
0.16272
0.13778
0.33527
0.28699
0.28693
0.11626
0.05793
0.29677
0.29896
0.31461
0.01149
0.24673
0.13569
0.27440
0.09693
0.06503
0.15321
0.08819
0.10352
0.14906
0.21595
0.07250
0.07416
0.05584
0.31303
0.13808
0.25655
0.16219
0.21954
0.24214
0.11974
0.03958
0.20224
0.25826
0.35585
0.25638
0.32329
0.19928
0.21065
0.29932
0.28597
0.25143
0.06861
0.07291
0.09097
0.21723
0.03016
0.06739
0.16538
0.11470
0.20918
0.08988
0.12805
0.09545
0.25074
0.22905
0.24401
0.18241
0.33231
0.11958
0.13300
0.32530
0.11207
0.19254
0.02902
0.07186
0.22653
0.05932
0.24817
0.29547
0.05560
0.07718
0.12065
0.21961
0.10945
0.04869
0.09536
0.05932
0.04783
0.08981
0.16088
0.06073
0.27295
0.14424
0.15368
0.08583
0.16131
0.29102
0.21973
0.28861
0.33793
0.17620
0.26660
0.31978
0.31033
0.33223
0.28127
0.26400
0.35068
0.27470
0.25994
0.26616
0.22243
0.31536
0.21682
0.36152
0.31338
0.22819
0.28330
0.26662
0.28315
0.35610
0.30424
0.23765
0.31137
0.32425
0.23811
0.26683
0.32837
0.29417
0.23339
0.24670
0.30234
0.31673
0.28844
0.23227
0.34089
0.27578
0.24212
0.33402
0.21453
0.31327
0.33903
0.29465
0.32061
0.32270
0.30053
0.26093
0.29647
0.34033
0.21175
0.30467
0.31346
0.26625
0.29667
0.31665
0.23517
0.31688
0.26852
0.27355
0.31225
0.27514
0.28857
0.18464
0.27562
0.36573
0.15451
0.27598
0.22579
0.21588
0.19789
0.37048
0.30215
0.31314
0.16045
0.35064
0.27573
0.29690
0.37211
0.29293
0.30434
0.29006
0.24220
0.29122
0.17798
0.36125
0.30322
0.23864
0.18904
0.34407
0.21023
0.27834
0.29301
0.27118
0.34965
0.30107
0.22649
0.29753
0.31140
0.20648
0.19843
0.30770
0.18892
0.20703
0.15180
0.29465
0.34676
0.26953
0.29618
0.24927
0.31078
0.21418
0.32397
0.28698
0.30265
0.18671
0.28647
0.31164
0.23565
0.18954
0.35576
0.30078
0.21228
0.29946
0.30744
0.24415
0.35678
0.30754
0.25685
0.30066
0.20528
0.30318
0.28928
0.29330
0.27152
0.23168
0.17590
0.34838
0.22645
0.29121
0.23763
0.28489
0.33586
0.25621
0.21095
0.19830
0.28468
0.20780
0.30848
0.20523
0.25435
0.23108
0.21147
0.23399
0.30740
0.30853
0.31626
0.25761
0.24149
0.31629
0.20714
0.23365
0.22854
0.28215
0.31185
0.15642
0.19206
0.27613
0.29696
0.22334
0.17072
0.22574
0.26585
0.23538
0.23091
0.29418
0.33012
0.17910
0.24519
0.27787
0.31090
0.21944
0.29320
0.27662
0.26035
0.37454
0.19175
0.29939
0.25028
0.35955
0.30035
0.27697
0.28607
0.31503
0.26516
0.17427
0.31585
0.29731
0.28308
0.27168
0.26898
0.33984
0.25128
0.28137
0.23082
0.34154
0.25341
0.31584
0.22607
0.27968
0.26121
0.26085
0.20301
0.26635
0.26392
0.31273
0.24223
0.32369
0.25914
0.27361
0.27783
0.26877
0.29524
0.14503
0.24442
0.32508
0.33010
0.26738
0.29027
0.31769
0.25475
0.24203
0.24116
0.29907
0.30119
0.29177
0.23983
0.17029
0.31410
0.29208
0.27159
0.29073
0.23261
0.33311
0.29515
0.20141
0.21372
0.29087
0.27315
0.31221
0.26316
0.24854
0.32915
0.35124
0.15307
0.26647
0.30481
0.28074
0.29204
0.32874
0.33768
0.21594
0.20135
0.17700
0.27702
0.29875
0.36195
0.29587
0.28930
0.30326
0.25988
0.27315
0.28903
0.26817
0.17103
0.31244
0.23743
0.22714
0.33117
0.30483
0.27068
0.24362
0.26359
0.27913
0.35175
0.34484
0.27106
0.26782
0.19827
0.31702
0.29506
0.14335
0.28366
0.18358
0.25437
0.29923
0.23432
0.27859
0.22434
0.27462
0.22467
0.24672
0.25195
0.34450
0.28813
0.27577
0.20856
0.29030
0.24869
0.25568
0.21967
0.33622
0.27867
0.34046
0.26025
0.26964
0.29497
0.28082
0.27339
0.26382
0.18753
0.32623
0.27928
0.34549
0.26605
0.27979
0.35249
0.25502
0.26851
0.31243
0.18765
0.23159
0.30407
0.23446
0.30475
0.29934
0.28545
0.33595
0.37398
0.30726
0.31013
0.27138
0.29277
0.28719
0.36972
0.27175
0.27547
0.32035
0.32323
0.30896
0.32632
0.39817
0.22414
0.28894
0.32080
0.25315
0.31207
0.31201
0.26046
0.27008
0.34544
0.23009
0.27897
0.31265
0.29302
0.24043
0.25270
0.29511
0.26531
0.29055
0.31952
0.28623
0.25698
0.30765
0.27042
0.32438
0.28975
0.28534
0.15286
0.33034
0.34208
0.35584
0.34085
0.32199
0.41369
0.40489
0.27912
0.19468
0.31510
0.39506
0.28914
0.17932
0.32374
0.34412
0.25538
0.24456
0.33287
0.26857
0.25375
0.25818
0.34007
0.34829
0.38175
0.27440
0.32417
0.28564
0.39162
0.25114
0.29486
0.31810
0.35922
0.27542
0.20132
0.30975
0.45711
0.24028
0.41876
0.42496
0.21431
0.30343
0.36904
0.32624
0.28267
0.25797
0.29563
0.23850
0.25694
0.31044
0.28467
0.30769
0.39429
0.30661
0.30880
0.25893
0.22550
0.27318
0.40878
0.21274
0.11863
0.35017
0.14901
0.14789
0.41923
0.15619
0.25949
0.21229
0.29241
0.25037
0.45986
0.19764
0.34804
0.40524
0.23199
0.23849
0.25522
0.24784
0.21239
0.37460
0.18536
0.38396
0.34056
0.28304
0.24998
0.25618
0.34329
0.28982
0.22661
0.33585
0.43404
0.31941
0.29538
0.37497
0.39250
0.24227
0.26060
0.29719
0.38388
0.20399
0.24300
0.26569
0.34929
0.29186
0.26144
0.28697
0.33520
0.35064
0.24141
0.31236
0.34962
0.29996
0.30070
0.25789
0.38162
0.31416
0.28760
0.30531
0.33126
0.34679
0.28583
0.31317
0.22509
0.33871
0.28256
0.27700
0.34003
0.31386
0.25039
0.31078
0.22208
0.32989
0.21375
0.01321
0.15134
0.20027
0.17454
0.27940
0.20275
0.25443
0.31442
0.23564
0.05715
0.21910
0.03143
0.26365
0.27502
0.19425
0.27837
0.07742
0.11333
0.19546
0.15460
0.06071
0.14216
0.22646
0.27873
0.15739
0.21530
0.26811
0.03378
0.30920
0.19254
0.02120
0.03888
0.08472
0.27672
0.06113
0.16377
0.21432
0.26769
0.04074
0.04229
0.03081
0.05135
0.26316
0.08762
0.16967
0.24125
0.27524
0.15093
0.28912
0.21980
0.02106
0.24026
0.08563
0.01690
0.29502
0.19161
0.23510
0.09001
0.05838
0.21250
0.20726
0.30141
0.24332
0.01884
0.06013
0.17972
0.20306
0.23826
0.17832
0.07933
0.23959
0.16691
0.09151
0.24709
0.29650
0.08331
0.14086
0.16626
0.05725
0.01815
0.25894
0.16099
0.21693
0.27597
0.28333
0.20007
0.34740
0.26713
0.24852
0.15119
0.17940
0.13405
0.02440
0.23896
0.08101
0.06698
0.22869
0.22921
0.26397
0.23226
0.03924
0.04414
0.07644
0.17057
0.16029
0.31445
0.08636
0.17278
0.33215
0.10935
0.22906
0.09518
0.02781
0.08347
0.14034
0.06777
0.06271
0.27515
0.28890
0.07966
0.07942
0.02730
0.04438
0.04570
0.28912
