0.09405
0.09734
0.06382
0.22871
0.07084
0.13607
0.20293
0.16704
0.14827
0.08251
0.20795
0.12963
0.12793
0.12889
0.08433
0.23744
0.11943
0.11019
0.06609
0.16025
0.27068
0.12880
0.12441
0.05057
0.24272
0.13783
0.10585
0.22755
0.14378
0.18524
0.17293
0.24789
0.14159
0.11928
0.07608
0.10311
0.13587
0.05309
0.12820
0.17350
0.29581
0.26002
0.08329
0.13809
0.25786
0.21510
0.17283
0.23553
0.17431
0.12072
0.10069
0.15711
0.12542
0.27787
0.09870
0.24827
0.19476
0.11190
0.12461
0.08741
0.23946
0.27230
0.15089
0.21687
0.25744
0.30155
0.05365
0.15079
0.09011
0.03133
0.11680
0.29572
0.29754
0.18137
0.24495
0.11548
0.07531
0.04902
0.20230
0.15404
0.31169
0.14699
0.31209
0.27253
0.25239
0.35564
0.09788
0.08042
0.14009
0.20551
0.30403
0.18255
0.06077
0.23744
0.08796
0.16262
0.20624
0.18249
0.18167
0.14963
0.09446
0.17789
0.10632
0.11566
0.18861
0.29437
0.12684
0.17300
0.15054
0.25095
0.03459
0.26979
0.07801
0.20683
0.11800
0.17000
0.24956
0.04133
0.06894
0.18501
0.22827
0.06578
0.26706
0.01950
0.11721
0.15130
0.27446
0.26720
0.18501
0.22375
0.07150
0.11233
0.28899
0.32058
0.11663
0.15931
0.07555
0.28234
0.27401
0.05086
0.19048
0.04336
0.28504
0.16482
0.13948
0.29989
0.06296
0.31281
0.18277
0.09876
0.16827
0.25590
0.10722
0.28618
0.32130
0.32159
0.10446
0.15478
0.13160
0.18635
0.25412
0.24262
0.28544
0.29650
0.09394
0.12775
0.28868
0.24697
0.06657
0.27647
0.03652
0.23238
0.17162
0.04097
0.09180
0.21491
0.06548
0.06764
0.14203
0.25386
0.10942
0.12407
0.20322
0.13761
0.09579
0.14220
0.20172
0.23781
0.25078
0.18945
0.11597
0.06059
0.05668
0.14593
0.11516
0.23142
0.18633
0.12309
0.09001
0.26206
0.25195
0.08513
0.20529
0.15024
0.06544
0.19872
0.10728
0.16998
0.24253
0.11427
0.25008
0.23113
0.08751
0.23053
0.23358
0.26623
0.13773
0.24681
0.21877
0.29704
0.12008
0.20867
0.11271
0.07950
0.07810
0.04307
0.15512
0.16601
0.16280
0.07820
0.28130
0.11477
0.28544
0.11685
0.07204
0.25273
0.12285
0.03595
0.11392
0.25877
0.08193
0.30811
0.10304
0.15270
0.14505
0.22214
0.11827
0.03737
0.10002
0.10666
0.10387
0.11410
0.09440
0.25619
0.15707
0.17082
0.20974
0.05890
0.07710
0.14674
0.27309
0.15460
0.24021
0.12504
0.15133
0.24568
0.29549
0.09243
0.16139
0.07098
0.12917
0.14297
0.07170
0.04916
0.35639
0.17103
0.06621
0.20521
0.13583
0.07268
0.16491
0.32214
0.15066
0.09331
0.30576
0.11648
0.16246
0.17512
0.17806
0.17878
0.09122
0.07991
0.18363
0.21661
0.19626
0.09129
0.11860
0.14606
0.19092
0.15566
0.31030
0.24533
0.24866
0.11737
0.11516
0.28588
0.28394
0.31857
0.03134
0.24728
0.11948
0.30182
0.12374
0.09697
0.09743
0.08944
0.10694
0.18266
0.24589
0.07393
0.05667
0.07326
0.23415
0.16325
0.25855
0.18650
0.22448
0.20685
0.12872
0.09357
0.25777
0.30423
0.36925
0.18621
0.29441
0.23697
0.22062
0.29491
0.27224
0.25144
0.07509
0.09243
0.14997
0.23525
0.07132
0.09760
0.21619
0.11901
0.17384
0.08237
0.17620
0.13023
0.27293
0.27047
0.23528
0.19708
0.30302
0.10266
0.16994
0.32213
0.11371
0.19290
0.05471
0.06210
0.22150
0.07306
0.23288
0.32384
0.05938
0.07848
0.13517
0.23801
0.12787
0.05622
0.06157
0.06592
0.06624
0.09742
0.19848
0.09778
0.26629
0.17122
0.18130
0.05133
0.20143
0.28207
0.23275
0.27877
0.34657
0.21862
0.27845
0.31239
0.30243
0.33392
0.28105
0.26670
0.34796
0.26389
0.25282
0.28976
0.22700
0.30601
0.16762
0.36776
0.32850
0.27691
0.27064
0.25531
0.26561
0.34836
0.29292
0.25845
0.30890
0.34188
0.23029
0.27784
0.30111
0.27267
0.26147
0.25515
0.30549
0.30704
0.29088
0.23959
0.34751
0.23312
0.25002
0.31974
0.20499
0.31163
0.34655
0.29185
0.30490
0.33580
0.29450
0.25536
0.32612
0.32159
0.21934
0.30799
0.31898
0.25994
0.27950
0.30594
0.19452
0.30808
0.26536
0.28479
0.30681
0.30119
0.26478
0.18435
0.26317
0.34242
0.15500
0.28073
0.21084
0.19687
0.20312
0.35611
0.30977
0.32840
0.18088
0.34946
0.26206
0.27215
0.36831
0.31370
0.31831
0.28806
0.24101
0.28611
0.20133
0.35321
0.31472
0.25682
0.16801
0.32354
0.18507
0.25685
0.28281
0.25273
0.34929
0.30932
0.22348
0.32298
0.31926
0.17627
0.18424
0.29452
0.18577
0.18691
0.19761
0.29979
0.34265
0.28747
0.29671
0.24537
0.29652
0.23196
0.33839
0.26137
0.30132
0.19810
0.28308
0.29616
0.20642
0.17312
0.34397
0.27741
0.19175
0.29586
0.31518
0.27231
0.34940
0.29756
0.24466
0.28679
0.21973
0.29387
0.31146
0.32642
0.25474
0.21560
0.18496
0.31997
0.22210
0.28483
0.22551
0.31401
0.35137
0.28885
0.21388
0.22811
0.28401
0.21114
0.31107
0.20458
0.21691
0.20502
0.23254
0.24487
0.31664
0.31462
0.31277
0.25274
0.21762
0.31528
0.20824
0.23191
0.24647
0.30393
0.29710
0.16877
0.18439
0.27982
0.29730
0.22246
0.14823
0.21686
0.27380
0.22581
0.27045
0.30235
0.33609
0.17210
0.26125
0.27136
0.30514
0.20324
0.30412
0.27100
0.25478
0.37833
0.20766
0.30031
0.22715
0.34907
0.31334
0.23969
0.27706
0.31695
0.27805
0.19297
0.29711
0.27024
0.26684
0.28028
0.26745
0.33474
0.22847
0.28153
0.22723
0.32914
0.24123
0.28110
0.23193
0.26390
0.28125
0.26883
0.22223
0.23228
0.24400
0.31399
0.21596
0.31857
0.23849
0.29756
0.28527
0.29063
0.27214
0.15753
0.23901
0.32530
0.31643
0.27561
0.30110
0.30783
0.26808
0.24739
0.23366
0.30717
0.28942
0.26940
0.25484
0.19540
0.32639
0.30021
0.26501
0.24211
0.22489
0.32340
0.30167
0.21054
0.20062
0.28086
0.27398
0.29226
0.26429
0.26428
0.34996
0.35229
0.17367
0.24565
0.30460
0.26686
0.27659
0.30129
0.33338
0.24084
0.20563
0.19044
0.26554
0.29389
0.35351
0.27976
0.30111
0.31526
0.23398
0.26885
0.29305
0.26396
0.18069
0.32607
0.22023
0.26235
0.33208
0.30043
0.25599
0.26081
0.27082
0.29272
0.35595
0.33431
0.23622
0.28354
0.19895
0.31975
0.29911
0.14472
0.26027
0.22189
0.23194
0.31228
0.24668
0.27451
0.25449
0.28029
0.21868
0.24616
0.24869
0.34156
0.26457
0.25454
0.20089
0.27192
0.25388
0.24951
0.19756
0.31837
0.27203
0.32663
0.24880
0.25673
0.28204
0.27725
0.24746
0.26856
0.16675
0.30079
0.27919
0.32681
0.27172
0.28329
0.34163
0.28566
0.24703
0.30637
0.14319
0.22277
0.30663
0.22436
0.28702
0.29184
0.28188
0.33330
0.37450
0.30680
0.32417
0.26748
0.30193
0.28988
0.34828
0.27894
0.27493
0.31431
0.31937
0.30243
0.31913
0.37766
0.22437
0.24101
0.31166
0.23298
0.32880
0.33045
0.26891
0.24377
0.35378
0.22776
0.28453
0.30992
0.28790
0.27364
0.26250
0.25284
0.27265
0.28788
0.32641
0.28260
0.25040
0.31888
0.26680
0.33064
0.29005
0.27992
0.12399
0.31374
0.35522
0.35532
0.34645
0.33751
0.42749
0.40934
0.30962
0.20770
0.34095
0.39222
0.29231
0.19059
0.33256
0.36609
0.27567
0.28492
0.31564
0.27681
0.27839
0.26795
0.35425
0.36897
0.39997
0.31522
0.33697
0.27748
0.41460
0.29442
0.29217
0.34338
0.36661
0.31097
0.18783
0.31541
0.46611
0.28082
0.42221
0.44745
0.19966
0.31135
0.36881
0.32833
0.29774
0.27666
0.29976
0.24371
0.29688
0.33444
0.30308
0.28191
0.40050
0.31284
0.30954
0.28281
0.24943
0.29771
0.41358
0.23801
0.13660
0.34098
0.16933
0.18780
0.42929
0.18253
0.27131
0.25147
0.29204
0.25541
0.41761
0.20820
0.34515
0.40603
0.25368
0.21908
0.27619
0.25363
0.22697
0.38069
0.20063
0.35534
0.36866
0.26646
0.25928
0.27380
0.34319
0.28443
0.22120
0.33589
0.41264
0.31372
0.29848
0.38041
0.38406
0.24685
0.27020
0.27768
0.37566
0.20778
0.24204
0.27043
0.33989
0.30485
0.26691
0.30544
0.30852
0.36990
0.22742
0.32582
0.35239
0.29804
0.29730
0.27213
0.38266
0.32158
0.27999
0.31945
0.33570
0.33613
0.28055
0.29014
0.24018
0.32739
0.25439
0.26732
0.32458
0.30350
0.25910
0.30660
0.20824
0.31999
0.21777
0.06144
0.17328
0.23389
0.22286
0.30396
0.20451
0.27327
0.36134
0.20657
0.05362
0.17267
0.05879
0.33271
0.24651
0.18572
0.30620
0.03842
0.15231
0.16876
0.22170
0.07791
0.13033
0.26448
0.22310
0.19402
0.20940
0.29714
0.04773
0.29790
0.16863
0.09613
0.07058
0.18441
0.25282
0.18828
0.28041
0.20073
0.31177
0.08146
0.08134
0.08486
0.09708
0.29827
0.06441
0.20139
0.13114
0.30467
0.17569
0.27871
0.20669
0.08413
0.26680
0.04351
0.04172
0.26935
0.18713
0.23391
0.06202
0.05936
0.20710
0.18567
0.30728
0.25094
0.01565
0.14329
0.17256
0.20198
0.21337
0.20181
0.14641
0.21773
0.19051
0.08497
0.27351
0.29785
0.08565
0.17859
0.18832
0.07723
0.05228
0.17904
0.16033
0.17322
0.26434
0.22876
0.20390
0.36121
0.23055
0.22882
0.14029
0.18601
0.20222
0.06540
0.24616
0.12258
0.06477
0.20352
0.21924
0.26565
0.16528
0.07308
0.11111
0.06052
0.25827
0.22708
0.30367
0.10275
0.17725
0.31912
0.20510
0.23419
0.10050
0.04616
0.03796
0.14877
0.05315
0.08271
0.28624
0.26314
0.09815
0.09449
0.04201
0.14518
0.07221
0.28893
