0.09183
0.09723
0.07397
0.24865
0.08171
0.12035
0.23158
0.15273
0.18000
0.04190
0.13727
0.10463
0.12678
0.11173
0.12675
0.22042
0.13251
0.12272
0.07825
0.16330
0.26913
0.11422
0.14278
0.06228
0.19751
0.14648
0.12727
0.25300
0.09914
0.13596
0.12750
0.25609
0.14711
0.10690
0.11650
0.09631
0.13315
0.11494
0.16992
0.16821
0.26965
0.25710
0.08569
0.12131
0.25993
0.20047
0.15264
0.22352
0.16408
0.15977
0.10341
0.15479
0.13752
0.26982
0.09530
0.23275
0.18410
0.13497
0.07284
0.09435
0.21526
0.29336
0.16140
0.23516
0.28753
0.31709
0.05310
0.20190
0.09708
0.04653
0.13393
0.28303
0.29948
0.19487
0.24968
0.12503
0.11406
0.03124
0.21151
0.14682
0.29783
0.11872
0.31093
0.25594
0.27251
0.35119
0.09317
0.11297
0.15217
0.22024
0.31107
0.14082
0.07582
0.26507
0.08482
0.15188
0.19553
0.24390
0.19305
0.14911
0.09425
0.19878
0.11799
0.10876
0.21239
0.30544
0.13980
0.16078
0.18374
0.30335
0.04082
0.26948
0.11779
0.20014
0.10223
0.14586
0.24862
0.06055
0.05629
0.15040
0.21066
0.08469
0.27000
0.02683
0.09500
0.14362
0.27380
0.26638
0.16384
0.25508
0.11081
0.13355
0.27804
0.32717
0.10617
0.14410
0.05505
0.28686
0.25278
0.09376
0.18223
0.03457
0.28851
0.18642
0.14869
0.24782
0.05379
0.35402
0.18635
0.09105
0.16233
0.23703
0.11607
0.30703
0.31012
0.32590
0.12159
0.14290
0.14702
0.19095
0.23010
0.26542
0.24500
0.33237
0.09960
0.13253
0.27034
0.28692
0.07716
0.26192
0.05204
0.22294
0.21982
0.04005
0.10159
0.22618
0.07270
0.10117
0.16951
0.29755
0.09762
0.10501
0.21181
0.12033
0.08748
0.17136
0.22701
0.21857
0.24786
0.17644
0.10865
0.04973
0.08072
0.15643
0.15665
0.24690
0.20437
0.16339
0.09530
0.28201
0.23576
0.10772
0.15264
0.12817
0.06031
0.18167
0.12199
0.22206
0.25557
0.10700
0.24848
0.21099
0.11370
0.25501
0.21679
0.25370
0.12362
0.27919
0.20450
0.33655
0.09562
0.21684
0.13608
0.09970
0.10803
0.06351
0.18328
0.21978
0.13058
0.07665
0.24233
0.12611
0.21206
0.09552
0.07988
0.26284
0.11768
0.05096
0.11734
0.25148
0.05444
0.31307
0.12420
0.10309
0.14146
0.18685
0.11331
0.04782
0.11630
0.10240
0.10293
0.12826
0.10586
0.26453
0.14247
0.17289
0.16772
0.05880
0.05197
0.16234
0.20165
0.15515
0.20015
0.17765
0.11738
0.23812
0.26615
0.09721
0.14846
0.05829
0.09595
0.11707
0.07668
0.03050
0.37066
0.15215
0.06558
0.22180
0.15090
0.11070
0.15471
0.34042
0.12527
0.09182
0.29499
0.11761
0.19976
0.17085
0.13071
0.14612
0.07714
0.10406
0.18084
0.22031
0.18931
0.09030
0.17411
0.16107
0.15692
0.14302
0.32427
0.29205
0.24776
0.15590
0.09981
0.30796
0.30255
0.30866
0.03740
0.28847
0.11335
0.31021
0.12809
0.11027
0.10669
0.11790
0.08170
0.16694
0.24308
0.06193
0.11080
0.10350
0.26111
0.10588
0.21731
0.15872
0.25215
0.22445
0.13515
0.04522
0.25411
0.26806
0.37375
0.19350
0.31033
0.21737
0.24232
0.28652
0.28403
0.22111
0.05150
0.06680
0.12820
0.22882
0.04786
0.09390
0.18542
0.13237
0.22576
0.13254
0.16691
0.11761
0.30645
0.25497
0.23930
0.21113
0.29893
0.14403
0.14069
0.32702
0.06372
0.18781
0.05797
0.09264
0.21923
0.10429
0.23159
0.35070
0.09408
0.07633
0.13451
0.23829
0.10232
0.03857
0.07427
0.04964
0.07115
0.12279
0.16749
0.06515
0.27913
0.15754
0.21776
0.08319
0.19733
0.29316
0.23034
0.29230
0.35605
0.18409
0.28268
0.30520
0.29672
0.30856
0.27964
0.25419
0.35386
0.26903
0.20958
0.25402
0.19696
0.28058
0.18456
0.37186
0.33286
0.23734
0.28359
0.24780
0.25173
0.34328
0.27485
0.22784
0.28894
0.33529
0.24671
0.23895
0.30875
0.26003
0.25238
0.26328
0.26201
0.29772
0.26822
0.20895
0.34733
0.25120
0.25536
0.33551
0.20497
0.29245
0.35011
0.29096
0.29773
0.31056
0.26821
0.22474
0.28085
0.33672
0.24312
0.29778
0.29970
0.28446
0.26736
0.29295
0.18495
0.30496
0.25360
0.26632
0.32339
0.30110
0.27872
0.18331
0.28258
0.36100
0.11931
0.27230
0.22498
0.22041
0.17898
0.36444
0.30417
0.31550
0.16072
0.35282
0.27442
0.27438
0.36181
0.28673
0.29376
0.29336
0.23201
0.26331
0.18091
0.36620
0.25805
0.23609
0.17591
0.30847
0.21428
0.26458
0.29511
0.24713
0.35153
0.30997
0.19592
0.32114
0.31101
0.16714
0.20187
0.25554
0.18868
0.21100
0.14663
0.31027
0.34143
0.27708
0.28225
0.24218
0.28669
0.21330
0.30282
0.28279
0.28250
0.23121
0.28593
0.27416
0.22898
0.16446
0.36117
0.29329
0.21584
0.30929
0.30010
0.25614
0.35322
0.29582
0.21580
0.24928
0.20683
0.29503
0.29897
0.26802
0.27135
0.22127
0.16588
0.29742
0.23167
0.30541
0.21163
0.27651
0.31350
0.27550
0.20287
0.23826
0.30981
0.21500
0.30103
0.17702
0.23728
0.24073
0.22048
0.25885
0.30587
0.30853
0.33365
0.25529
0.21708
0.31265
0.21072
0.21412
0.22164
0.28526
0.30526
0.15225
0.17760
0.27484
0.27536
0.23059
0.16221
0.20655
0.28135
0.21486
0.26253
0.29351
0.31422
0.15221
0.24701
0.27063
0.26346
0.18603
0.29238
0.26673
0.25726
0.38509
0.18946
0.30234
0.22890
0.35342
0.30242
0.25844
0.26257
0.26189
0.28771
0.21040
0.31444
0.28344
0.26765
0.27405
0.28170
0.33680
0.21429
0.29378
0.22936
0.33617
0.22586
0.28162
0.23432
0.25758
0.29724
0.26494
0.20771
0.26272
0.23423
0.29160
0.21525
0.31435
0.21632
0.28687
0.28094
0.27108
0.24663
0.15724
0.26473
0.33739
0.30052
0.25305
0.29565
0.30004
0.27024
0.27635
0.21348
0.29265
0.28152
0.27375
0.20692
0.19293
0.28814
0.29506
0.24600
0.26736
0.22366
0.33264
0.28027
0.20655
0.22546
0.28200
0.27522
0.27750
0.26999
0.25659
0.34715
0.34748
0.14391
0.22576
0.30147
0.27802
0.27016
0.30143
0.32677
0.21094
0.20279
0.20166
0.26997
0.27508
0.34847
0.27905
0.30187
0.28500
0.20411
0.26638
0.30986
0.26679
0.17025
0.33669
0.19040
0.21854
0.33661
0.31365
0.25174
0.19882
0.27041
0.28406
0.30002
0.31822
0.23881
0.26673
0.19007
0.29868
0.30497
0.12238
0.28708
0.19272
0.25306
0.27862
0.20417
0.27284
0.24344
0.24317
0.23694
0.26033
0.23676
0.34119
0.30627
0.28468
0.19485
0.30613
0.25526
0.21511
0.19149
0.32622
0.28437
0.33809
0.24568
0.21897
0.29841
0.26925
0.21508
0.27561
0.18133
0.34567
0.26876
0.32599
0.28195
0.28632
0.33839
0.26985
0.23313
0.29653
0.17579
0.21013
0.29151
0.27792
0.31061
0.31132
0.29313
0.32283
0.37043
0.30005
0.29918
0.25222
0.30164
0.29385
0.36984
0.25521
0.25459
0.33399
0.32314
0.26640
0.33925
0.39154
0.23334
0.26108
0.28273
0.23791
0.30934
0.33522
0.22086
0.23999
0.34298
0.23719
0.28978
0.31196
0.30461
0.27390
0.24375
0.25527
0.28576
0.29519
0.32346
0.30678
0.25618
0.27377
0.29450
0.29888
0.26521
0.28196
0.13985
0.34096
0.28935
0.35468
0.28882
0.33044
0.42604
0.39870
0.25119
0.17232
0.29342
0.38989
0.30377
0.22971
0.30584
0.35048
0.25553
0.24718
0.34254
0.21077
0.28611
0.26710
0.31004
0.36574
0.43027
0.31502
0.31341
0.28075
0.38909
0.27428
0.31912
0.33169
0.34506
0.27821
0.19366
0.31481
0.44423
0.26692
0.41553
0.43620
0.22222
0.30995
0.36720
0.32711
0.28598
0.25551
0.25645
0.22629
0.30147
0.31651
0.29410
0.32081
0.36049
0.29335
0.25737
0.25212
0.19287
0.26159
0.40171
0.24226
0.15003
0.35802
0.17363
0.19065
0.40854
0.18385
0.26330
0.21095
0.24669
0.24467
0.45307
0.20487
0.31548
0.39741
0.23804
0.23412
0.22688
0.28084
0.22976
0.34212
0.18097
0.36820
0.34034
0.25041
0.25083
0.21875
0.34549
0.31351
0.20608
0.34659
0.43093
0.33370
0.31302
0.35064
0.36461
0.19493
0.29258
0.29351
0.38684
0.22422
0.21259
0.24020
0.37537
0.26542
0.25002
0.25688
0.33929
0.36726
0.23064
0.27701
0.31794
0.29219
0.28779
0.26408
0.39730
0.28978
0.27986
0.26412
0.32059
0.33116
0.30294
0.31129
0.23543
0.35146
0.25552
0.23837
0.29223
0.30481
0.24311
0.28231
0.20309
0.28578
0.20725
0.05429
0.19990
0.21350
0.24268
0.31215
0.19558
0.28689
0.32120
0.13761
0.07415
0.18245
0.07644
0.29585
0.25482
0.22256
0.28063
0.05894
0.15287
0.18845
0.17094
0.09962
0.15191
0.19720
0.27878
0.21084
0.20912
0.29605
0.06630
0.32933
0.26355
0.04148
0.06681
0.15759
0.26762
0.09907
0.24918
0.13824
0.30041
0.10058
0.09878
0.11477
0.04880
0.31401
0.17006
0.16471
0.19472
0.27829
0.15824
0.26405
0.19639
0.06140
0.27836
0.06644
0.10221
0.21829
0.18601
0.29516
0.07823
0.09691
0.20913
0.18965
0.23535
0.23147
0.06301
0.05529
0.18043
0.20558
0.16917
0.17886
0.15285
0.29421
0.15920
0.14829
0.24332
0.24423
0.10504
0.18787
0.14190
0.08884
0.05035
0.15523
0.12333
0.17271
0.23932
0.28838
0.20076
0.31981
0.28118
0.20861
0.23033
0.24295
0.22389
0.04614
0.26478
0.06391
0.06857
0.21152
0.23051
0.28773
0.23866
0.08364
0.05809
0.11850
0.22923
0.19124
0.25333
0.10389
0.18927
0.29016
0.07740
0.20591
0.09703
0.05594
0.05465
0.13455
0.08747
0.08928
0.25485
0.30170
0.13730
0.08440
0.05828
0.11439
0.12622
0.20270
