0.13124
0.09782
0.06657
0.26249
0.07909
0.13697
0.25895
0.15401
0.17049
0.07847
0.20613
0.12027
0.18217
0.11998
0.16683
0.22969
0.11177
0.15297
0.05563
0.17542
0.33513
0.16527
0.13155
0.06465
0.22178
0.16423
0.17365
0.25589
0.12293
0.21075
0.16458
0.27148
0.13684
0.10293
0.09427
0.09342
0.13966
0.06782
0.16708
0.18279
0.31232
0.28008
0.12053
0.15162
0.29360
0.21234
0.18423
0.24925
0.21486
0.16813
0.09188
0.14297
0.14625
0.29117
0.09427
0.22256
0.21575
0.13217
0.15035
0.08884
0.27503
0.30131
0.11299
0.20273
0.28504
0.30752
0.05164
0.18973
0.10350
0.05950
0.13313
0.31164
0.33097
0.20606
0.26713
0.18648
0.10614
0.05033
0.21471
0.15826
0.32787
0.20056
0.34605
0.27269
0.27966
0.36353
0.09628
0.10245
0.17664
0.24213
0.33282
0.17520
0.10928
0.26613
0.06611
0.15017
0.21646
0.19257
0.20266
0.15040
0.09770
0.22029
0.15186
0.12562
0.26798
0.29247
0.18215
0.19254
0.19213
0.27802
0.04818
0.25757
0.11915
0.24482
0.10877
0.17716
0.27245
0.05505
0.03701
0.18336
0.25568
0.08834
0.27781
0.01785
0.12648
0.17013
0.25786
0.27634
0.21537
0.28520
0.15327
0.11733
0.28609
0.35561
0.11146
0.15407
0.06964
0.29823
0.27676
0.05071
0.20174
0.03844
0.29142
0.20251
0.14603
0.24919
0.11139
0.35481
0.20238
0.09255
0.20867
0.25953
0.11330
0.32317
0.32663
0.33409
0.13594
0.18187
0.16057
0.20385
0.30514
0.25642
0.25509
0.31095
0.09003
0.16134
0.30410
0.28762
0.08265
0.28399
0.04561
0.24760
0.21178
0.05190
0.09965
0.22378
0.11320
0.09196
0.22269
0.29071
0.07611
0.10129
0.22262
0.16922
0.11049
0.16729
0.24730
0.29581
0.26449
0.19503
0.14905
0.07297
0.10456
0.16927
0.16697
0.24647
0.25831
0.18178
0.10452
0.26880
0.23388
0.08895
0.22646
0.12712
0.07197
0.25223
0.11777
0.21675
0.27540
0.14397
0.25809
0.25292
0.12018
0.26574
0.24766
0.26635
0.13026
0.26201
0.20497
0.33435
0.13663
0.21058
0.09893
0.07655
0.13104
0.04570
0.18106
0.23214
0.12541
0.13064
0.23245
0.16526
0.21175
0.14928
0.03918
0.27702
0.12574
0.04678
0.11794
0.27292
0.05804
0.31362
0.12917
0.10852
0.18350
0.22913
0.11178
0.04650
0.12298
0.11197
0.13653
0.12351
0.12750
0.27451
0.12681
0.17565
0.21266
0.08124
0.07034
0.13476
0.22701
0.18144
0.21193
0.16155
0.14681
0.23503
0.29345
0.09436
0.18501
0.07701
0.11950
0.13192
0.10005
0.04705
0.36336
0.19437
0.09229
0.20242
0.18755
0.06511
0.13459
0.32990
0.12540
0.13025
0.31426
0.12843
0.21176
0.20094
0.18078
0.17288
0.08522
0.09085
0.18411
0.22165
0.21147
0.09818
0.18288
0.16636
0.18896
0.16466
0.33776
0.27022
0.27568
0.18640
0.10555
0.29924
0.31404
0.34718
0.02859
0.24637
0.11942
0.30040
0.15269
0.11076
0.14085
0.11576
0.09243
0.19738
0.19801
0.09095
0.07505
0.13358
0.26107
0.17288
0.25383
0.20750
0.22355
0.25291
0.16698
0.08641
0.28062
0.25981
0.36066
0.23836
0.33165
0.25236
0.25922
0.32349
0.29466
0.27945
0.05751
0.09917
0.16100
0.24305
0.08427
0.11950
0.20153
0.15845
0.22989
0.14073
0.17753
0.12182
0.28575
0.26624
0.26520
0.23383
0.32050
0.14013
0.12400
0.31112
0.08301
0.18133
0.08156
0.06946
0.20119
0.07467
0.25844
0.31389
0.07983
0.06614
0.17453
0.23935
0.10842
0.05425
0.05385
0.09126
0.08326
0.10145
0.21071
0.08561
0.27181
0.17276
0.18349
0.13466
0.14570
0.29766
0.21146
0.29155
0.33650
0.18176
0.25336
0.29628
0.30873
0.32971
0.28116
0.25058
0.32663
0.29454
0.23062
0.27581
0.17565
0.31258
0.17633
0.37518
0.30464
0.21283
0.26115
0.23063
0.25837
0.34452
0.30288
0.25871
0.31930
0.31806
0.24567
0.27587
0.32930
0.25549
0.19640
0.25664
0.28102
0.29570
0.28888
0.18006
0.33501
0.27705
0.24588
0.31192
0.17247
0.27084
0.35595
0.28399
0.31372
0.31843
0.31276
0.22154
0.30432
0.32559
0.21508
0.29387
0.31815
0.27113
0.28449
0.29869
0.19472
0.32010
0.26006
0.27446
0.29970
0.25353
0.26843
0.16735
0.27699
0.35144
0.12105
0.28482
0.23996
0.23133
0.16882
0.36442
0.27284
0.31597
0.15815
0.35018
0.27396
0.25608
0.35929
0.29945
0.30787
0.29043
0.25938
0.27884
0.15098
0.36354
0.31270
0.25296
0.18937
0.30362
0.17668
0.25609
0.28368
0.25548
0.34556
0.28503
0.17950
0.31338
0.32110
0.14181
0.20727
0.31511
0.18330
0.19655
0.12281
0.29607
0.33827
0.27806
0.28749
0.23479
0.30755
0.19757
0.31657
0.28802
0.29831
0.21598
0.27118
0.30574
0.19525
0.16752
0.35966
0.26461
0.21309
0.32514
0.29420
0.22480
0.35810
0.29538
0.23294
0.27705
0.18536
0.29684
0.29205
0.28273
0.27794
0.24167
0.16944
0.32802
0.21534
0.29313
0.21360
0.28585
0.32442
0.27644
0.15470
0.20633
0.28088
0.18737
0.30397
0.17990
0.24490
0.23260
0.21439
0.21195
0.29469
0.30463
0.30193
0.25173
0.22943
0.32424
0.19498
0.24430
0.24084
0.28790
0.29973
0.14440
0.18089
0.29767
0.28624
0.22308
0.14541
0.18629
0.24324
0.22411
0.22270
0.27710
0.31946
0.15241
0.22796
0.28041
0.29686
0.16921
0.28329
0.28680
0.23646
0.34938
0.18247
0.30758
0.22382
0.35144
0.29304
0.28373
0.25013
0.29687
0.27255
0.17619
0.31168
0.29097
0.27734
0.27815
0.26748
0.33690
0.22943
0.26154
0.24701
0.32787
0.23312
0.28275
0.22484
0.26842
0.25282
0.25636
0.18879
0.28139
0.26679
0.27841
0.20812
0.30143
0.24124
0.26405
0.27150
0.27078
0.29520
0.12796
0.24423
0.31856
0.31201
0.27834
0.30455
0.31415
0.23511
0.23733
0.24627
0.29603
0.29677
0.29135
0.22309
0.15880
0.29718
0.30662
0.23376
0.26735
0.18445
0.32284
0.31394
0.20547
0.19675
0.28801
0.29310
0.31120
0.25350
0.27100
0.32856
0.34486
0.13257
0.22348
0.29185
0.28774
0.28310
0.29655
0.33514
0.19996
0.20811
0.17492
0.27648
0.29262
0.34935
0.30453
0.26526
0.30775
0.20709
0.22779
0.28364
0.27060
0.18245
0.30894
0.23176
0.22383
0.31604
0.30900
0.27918
0.20779
0.25304
0.28586
0.34335
0.33404
0.24426
0.25992
0.18948
0.30402
0.29806
0.12001
0.27779
0.16952
0.25689
0.30395
0.20679
0.29107
0.26374
0.28206
0.21235
0.23006
0.24914
0.31490
0.28955
0.27037
0.18481
0.28023
0.25134
0.21522
0.20148
0.32557
0.27449
0.34632
0.24676
0.27307
0.30233
0.25522
0.25152
0.26553
0.18269
0.32200
0.25584
0.30859
0.26381
0.28428
0.32480
0.25025
0.27498
0.32058
0.19952
0.23054
0.31079
0.23351
0.29938
0.30930
0.28953
0.33376
0.36116
0.27827
0.30750
0.24562
0.26112
0.26295
0.34014
0.25928
0.25740
0.32199
0.30762
0.29346
0.31563
0.37979
0.23070
0.27953
0.32807
0.24588
0.30750
0.32510
0.23714
0.26600
0.34381
0.23335
0.28547
0.30893
0.26622
0.24934
0.25272
0.28147
0.26749
0.28997
0.31155
0.29222
0.26743
0.31688
0.27141
0.31731
0.29055
0.28039
0.13474
0.33125
0.32907
0.35491
0.33302
0.29201
0.38189
0.38420
0.28859
0.14669
0.31302
0.37577
0.27433
0.15206
0.32712
0.32666
0.21397
0.25368
0.29844
0.25696
0.26304
0.25361
0.34610
0.32937
0.37806
0.29610
0.33414
0.29777
0.38471
0.28539
0.29018
0.31456
0.35551
0.29979
0.17574
0.29153
0.44496
0.21366
0.39372
0.39737
0.17856
0.31025
0.36728
0.32433
0.26476
0.26226
0.30459
0.24915
0.25969
0.31867
0.28539
0.28267
0.37548
0.30665
0.29814
0.23650
0.19540
0.28972
0.39709
0.20144
0.09028
0.32436
0.12341
0.17240
0.40850
0.10861
0.21461
0.17521
0.31519
0.24309
0.44470
0.16980
0.35238
0.38286
0.25037
0.21042
0.27418
0.22699
0.19195
0.36255
0.13270
0.34674
0.33202
0.26649
0.24209
0.25232
0.33292
0.28452
0.18917
0.31704
0.42157
0.30785
0.29482
0.36787
0.36263
0.23437
0.21908
0.28792
0.37500
0.16407
0.20116
0.23642
0.35266
0.30196
0.25103
0.28805
0.33277
0.35055
0.20500
0.31884
0.33818
0.27814
0.31624
0.25690
0.39536
0.32434
0.23543
0.30180
0.31486
0.33239
0.28010
0.32001
0.21916
0.29487
0.23993
0.24950
0.33548
0.30152
0.26240
0.32063
0.19455
0.30558
0.24827
0.06031
0.16671
0.18442
0.23316
0.26791
0.19435
0.25449
0.35676
0.20615
0.04479
0.24117
0.03294
0.25168
0.24248
0.16974
0.25317
0.02959
0.07783
0.18598
0.20368
0.08687
0.15269
0.24670
0.23518
0.12752
0.20879
0.26851
0.08606
0.33461
0.20647
0.04671
0.09313
0.17262
0.29581
0.20278
0.19303
0.15891
0.29851
0.05099
0.08235
0.16339
0.12482
0.26570
0.18683
0.19397
0.22853
0.29169
0.21268
0.30285
0.21274
0.07036
0.29186
0.05365
0.09488
0.27627
0.18609
0.25900
0.06448
0.07095
0.21184
0.19492
0.26729
0.25426
0.03843
0.06756
0.19162
0.20749
0.19777
0.21530
0.06196
0.26825
0.12043
0.13758
0.24848
0.27025
0.08038
0.17319
0.15511
0.07429
0.06882
0.27907
0.09182
0.21362
0.24763
0.20710
0.20162
0.34913
0.26611
0.27185
0.17029
0.21528
0.20976
0.04418
0.24307
0.06934
0.09487
0.16949
0.22652
0.27511
0.25141
0.07980
0.12095
0.17322
0.18964
0.28786
0.30133
0.09816
0.24524
0.32287
0.12398
0.24438
0.10593
0.05519
0.07295
0.07377
0.11272
0.12109
0.21138
0.26714
0.14667
0.10885
0.06617
0.07980
0.09274
0.30369
