0.13118
0.10634
0.05144
0.24774
0.06235
0.11583
0.24472
0.15251
0.21834
0.07650
0.20462
0.14078
0.14578
0.10900
0.10330
0.23476
0.15860
0.18085
0.09046
0.15675
0.30415
0.15535
0.16036
0.13978
0.27280
0.14203
0.13222
0.21934
0.13222
0.18120
0.17562
0.25726
0.13992
0.09760
0.08644
0.09709
0.12424
0.09694
0.10366
0.17890
0.30968
0.26119
0.09938
0.10134
0.29077
0.20150
0.15820
0.25886
0.20045
0.14592
0.09057
0.12305
0.14147
0.33364
0.09403
0.25692
0.24099
0.13056
0.15442
0.07574
0.27504
0.30768
0.12025
0.19585
0.27376
0.30951
0.04612
0.19629
0.11042
0.04382
0.14032
0.31446
0.31370
0.16919
0.25639
0.12335
0.15903
0.06426
0.21616
0.17392
0.34973
0.18105
0.34082
0.26287
0.28138
0.34899
0.09987
0.08110
0.12784
0.27364
0.34021
0.18089
0.06807
0.25113
0.07945
0.17191
0.20321
0.22346
0.18565
0.16393
0.09543
0.21014
0.12588
0.11740
0.24115
0.27402
0.11277
0.15862
0.16871
0.27812
0.02843
0.28941
0.06991
0.26030
0.10607
0.16645
0.27750
0.03713
0.06270
0.21110
0.24666
0.06534
0.30763
0.01486
0.11710
0.13142
0.32110
0.24515
0.20453
0.27087
0.11484
0.13396
0.30335
0.38200
0.10426
0.15229
0.05520
0.27039
0.25547
0.04266
0.20187
0.05708
0.30657
0.17821
0.13649
0.30038
0.10123
0.37500
0.20157
0.09750
0.15530
0.28605
0.10370
0.33087
0.27640
0.30692
0.12521
0.19302
0.13011
0.18914
0.25887
0.28939
0.28608
0.32089
0.08919
0.11067
0.30010
0.28031
0.12765
0.27397
0.06993
0.21640
0.21539
0.05830
0.10357
0.22288
0.08635
0.08879
0.14828
0.28879
0.09201
0.10934
0.23129
0.17553
0.08916
0.21299
0.21230
0.24531
0.23946
0.21818
0.12869
0.05659
0.06679
0.12211
0.13579
0.24623
0.16853
0.17649
0.09092
0.28955
0.22033
0.10775
0.24030
0.15902
0.06947
0.25185
0.08880
0.22056
0.26082
0.07437
0.30486
0.25283
0.11037
0.25947
0.25988
0.22802
0.12655
0.22122
0.24867
0.34776
0.15591
0.18792
0.15073
0.06802
0.11698
0.05781
0.18069
0.16114
0.13136
0.07449
0.25624
0.08207
0.25737
0.15092
0.03285
0.27357
0.13298
0.03500
0.11456
0.26501
0.09272
0.31587
0.12307
0.10568
0.12969
0.23170
0.11305
0.05963
0.17175
0.09694
0.09336
0.12863
0.10823
0.24927
0.14811
0.15344
0.21433
0.11330
0.05619
0.12431
0.22134
0.16686
0.22595
0.16182
0.12425
0.27922
0.32436
0.09619
0.18482
0.05068
0.07675
0.12504
0.07546
0.05857
0.35024
0.20495
0.06204
0.18163
0.15585
0.07150
0.13530
0.36482
0.10414
0.10377
0.32099
0.13690
0.21910
0.22477
0.18789
0.12850
0.11083
0.09451
0.22680
0.24921
0.14831
0.09760
0.20138
0.16637
0.17845
0.15122
0.33222
0.31777
0.29971
0.17821
0.16098
0.30193
0.32599
0.32485
0.03407
0.26187
0.10458
0.28709
0.20461
0.10633
0.12840
0.13448
0.09163
0.17215
0.22111
0.07284
0.08941
0.08949
0.28304
0.17195
0.23822
0.15737
0.24907
0.25409
0.17930
0.09797
0.26832
0.26636
0.34737
0.27264
0.31830
0.24755
0.26836
0.30710
0.28210
0.26540
0.06579
0.10041
0.15182
0.22786
0.06184
0.05463
0.20683
0.12284
0.24117
0.13008
0.16991
0.12013
0.27107
0.25850
0.24052
0.21473
0.29713
0.14199
0.11014
0.32389
0.07004
0.23344
0.08258
0.07601
0.23060
0.05780
0.24196
0.32458
0.06541
0.10790
0.11596
0.27027
0.12828
0.04180
0.08736
0.07146
0.08625
0.11707
0.20632
0.09840
0.29510
0.19136
0.19551
0.09445
0.13784
0.27834
0.20643
0.29480
0.35568
0.16687
0.24251
0.30429
0.31069
0.33809
0.29585
0.26768
0.37148
0.27352
0.24186
0.27376
0.22548
0.30635
0.19018
0.37827
0.32124
0.23654
0.26734
0.24933
0.27031
0.34714
0.30985
0.23937
0.31632
0.33986
0.25536
0.27834
0.33340
0.26293
0.24676
0.25845
0.30480
0.32023
0.28098
0.22838
0.34806
0.27863
0.25893
0.33983
0.20001
0.29629
0.36039
0.30020
0.32903
0.31697
0.30918
0.23697
0.30237
0.34687
0.22922
0.31327
0.32466
0.27679
0.29275
0.30036
0.21819
0.31280
0.26219
0.29171
0.33255
0.29960
0.27249
0.17325
0.30119
0.38126
0.11330
0.27489
0.21931
0.20132
0.19308
0.35641
0.29816
0.31615
0.17987
0.36126
0.26436
0.24148
0.37840
0.32531
0.31479
0.28699
0.24335
0.27301
0.19523
0.36818
0.30520
0.26678
0.17687
0.31995
0.19356
0.24541
0.29023
0.26006
0.35625
0.33390
0.22022
0.32981
0.30173
0.15740
0.19810
0.31631
0.17510
0.17714
0.17059
0.30291
0.34563
0.29007
0.28014
0.24597
0.31902
0.22106
0.31371
0.29646
0.29583
0.20660
0.28689
0.30816
0.24844
0.17615
0.34574
0.30839
0.20186
0.32154
0.33192
0.25155
0.34559
0.30421
0.23296
0.30379
0.20523
0.29932
0.30178
0.30908
0.29328
0.27128
0.17564
0.33255
0.21207
0.31399
0.21139
0.29525
0.33271
0.31634
0.19892
0.23438
0.29008
0.21530
0.31647
0.16138
0.25907
0.24609
0.21676
0.22116
0.31018
0.33699
0.33014
0.24383
0.22235
0.34934
0.22274
0.23354
0.22587
0.30534
0.30958
0.14505
0.19277
0.28648
0.29592
0.22073
0.16750
0.21155
0.25355
0.23252
0.22619
0.26260
0.33689
0.15575
0.27365
0.27679
0.29056
0.18351
0.29816
0.29063
0.25686
0.37069
0.19073
0.30436
0.20597
0.34642
0.32658
0.26484
0.26333
0.30315
0.27043
0.19135
0.29170
0.30315
0.27360
0.30038
0.27065
0.35674
0.23873
0.29599
0.23744
0.33693
0.25444
0.31355
0.23965
0.27020
0.28031
0.25973
0.20281
0.24679
0.24635
0.31257
0.22020
0.31157
0.24299
0.30143
0.29165
0.28779
0.31468
0.16693
0.23327
0.34004
0.33297
0.27849
0.30713
0.30196
0.26342
0.25739
0.25492
0.28742
0.28801
0.28781
0.26723
0.16352
0.32091
0.31354
0.23534
0.27147
0.24646
0.32788
0.30415
0.21974
0.21434
0.28357
0.29307
0.30676
0.27882
0.24867
0.35086
0.36298
0.15317
0.25627
0.30963
0.28198
0.29516
0.30071
0.34625
0.18395
0.21434
0.17640
0.29072
0.30196
0.37091
0.29384
0.27304
0.30206
0.21850
0.25800
0.29596
0.28624
0.18545
0.31991
0.23759
0.24835
0.33770
0.28741
0.27648
0.24442
0.27554
0.30522
0.35005
0.34888
0.26779
0.27728
0.18580
0.32735
0.30626
0.12440
0.27992
0.15520
0.24666
0.28643
0.22820
0.30141
0.21795
0.27112
0.19816
0.25422
0.26033
0.35400
0.30922
0.28857
0.19123
0.31109
0.25553
0.24293
0.21871
0.32839
0.30862
0.31232
0.28024
0.26599
0.30770
0.25938
0.25774
0.27231
0.19250
0.31073
0.26175
0.34408
0.29194
0.32800
0.35367
0.24557
0.27772
0.30200
0.17477
0.20657
0.30930
0.23361
0.32400
0.31206
0.30686
0.33266
0.39130
0.30637
0.33688
0.25575
0.31599
0.28207
0.36387
0.28553
0.26889
0.32434
0.32605
0.31311
0.32276
0.40148
0.20999
0.26470
0.32906
0.26263
0.32506
0.31502
0.24400
0.25890
0.34258
0.23101
0.30834
0.32502
0.29581
0.26389
0.27094
0.27305
0.27657
0.30770
0.32460
0.29272
0.27072
0.31810
0.27799
0.32157
0.28779
0.29869
0.14488
0.31052
0.34224
0.36616
0.34432
0.31594
0.42044
0.41817
0.30766
0.18619
0.32933
0.39452
0.28145
0.15759
0.32569
0.35371
0.25929
0.25835
0.34209
0.24434
0.27783
0.25777
0.35375
0.35234
0.39876
0.30046
0.32582
0.28940
0.38873
0.30178
0.29455
0.32680
0.34249
0.29519
0.20665
0.31486
0.46174
0.25410
0.41793
0.42739
0.21635
0.31558
0.36968
0.28829
0.29753
0.26071
0.29985
0.25327
0.29200
0.31460
0.29705
0.32487
0.40020
0.30468
0.30688
0.27030
0.23035
0.25842
0.42333
0.20847
0.12081
0.36343
0.17017
0.22415
0.42450
0.16467
0.24204
0.21962
0.29090
0.23314
0.43071
0.18863
0.35275
0.40168
0.26740
0.20600
0.27922
0.26026
0.20375
0.37391
0.18630
0.37001
0.36193
0.28952
0.26587
0.25599
0.34868
0.28965
0.21342
0.35034
0.42409
0.32911
0.29595
0.36594
0.37821
0.24053
0.27840
0.28009
0.38417
0.22615
0.23377
0.25150
0.36664
0.29085
0.25490
0.28903
0.35521
0.35563
0.21406
0.29994
0.34188
0.30036
0.31203
0.27538
0.39038
0.30798
0.25744
0.31579
0.32423
0.34342
0.26836
0.30963
0.24794
0.34841
0.28050
0.26305
0.34087
0.30911
0.24279
0.31740
0.18796
0.35115
0.20822
0.10250
0.09310
0.19547
0.25006
0.23985
0.21442
0.25508
0.35126
0.17515
0.07563
0.22839
0.05701
0.29533
0.24444
0.19979
0.29597
0.08131
0.14647
0.21952
0.26275
0.07409
0.09391
0.24361
0.25158
0.16428
0.20978
0.29021
0.09025
0.32596
0.25657
0.04165
0.05102
0.10827
0.29785
0.16255
0.17061
0.24288
0.33464
0.02631
0.04692
0.04292
0.08786
0.29161
0.09917
0.13134
0.19539
0.31565
0.12718
0.29403
0.21836
0.04052
0.26116
0.08499
0.08557
0.27792
0.18715
0.25812
0.05114
0.06454
0.22327
0.22602
0.28468
0.27264
0.07424
0.10416
0.17096
0.20368
0.15471
0.18711
0.04202
0.28702
0.13753
0.08730
0.29418
0.29320
0.09463
0.09114
0.17035
0.08235
0.06509
0.19084
0.10829
0.20152
0.25572
0.27688
0.18913
0.35344
0.22146
0.25471
0.19650
0.20439
0.12730
0.04920
0.24737
0.06296
0.04989
0.19868
0.25717
0.26800
0.25272
0.07787
0.05389
0.12409
0.19505
0.22640
0.24040
0.07288
0.17662
0.33961
0.14630
0.26396
0.22134
0.03944
0.04049
0.13439
0.09503
0.10508
0.23119
0.26445
0.07997
0.07755
0.07413
0.07334
0.04026
0.27500
