0.09459
0.09485
0.04678
0.22679
0.07921
0.10584
0.22817
0.13722
0.15915
0.08315
0.18033
0.12453
0.12854
0.10152
0.10540
0.22437
0.14963
0.11669
0.07684
0.14182
0.29041
0.16297
0.12066
0.05351
0.18098
0.14028
0.18438
0.21606
0.07991
0.17952
0.18817
0.25214
0.12158
0.10487
0.11810
0.09518
0.15286
0.07455
0.11904
0.16881
0.27252
0.23724
0.09776
0.11365
0.27188
0.19044
0.15378
0.20231
0.16879
0.15584
0.10153
0.15821
0.12489
0.27866
0.09371
0.18921
0.20135
0.12950
0.11615
0.08277
0.26857
0.28730
0.12900
0.21559
0.29155
0.31098
0.04685
0.15080
0.07447
0.05713
0.14303
0.32680
0.28566
0.15645
0.27464
0.14136
0.09805
0.02280
0.19651
0.15871
0.31596
0.16808
0.30541
0.24192
0.25301
0.31383
0.09690
0.07652
0.12082
0.28506
0.32760
0.15357
0.05601
0.18097
0.06724
0.13559
0.22965
0.22861
0.17970
0.16787
0.10328
0.19261
0.11736
0.11896
0.21414
0.29312
0.15065
0.19588
0.14535
0.28859
0.01722
0.26554
0.06976
0.25615
0.10885
0.16203
0.24255
0.05450
0.05842
0.20120
0.20421
0.08161
0.30483
0.01826
0.07852
0.12218
0.33514
0.26395
0.15394
0.27455
0.10938
0.10121
0.29877
0.32937
0.10475
0.10081
0.07299
0.30520
0.27568
0.05922
0.17961
0.02909
0.27585
0.21842
0.11285
0.25136
0.06684
0.35115
0.14492
0.10264
0.16495
0.23313
0.11197
0.31304
0.28759
0.35142
0.11311
0.15955
0.13634
0.18435
0.28443
0.27843
0.26183
0.35154
0.08834
0.13577
0.30579
0.28985
0.06336
0.26211
0.05327
0.21821
0.20211
0.02014
0.09905
0.21519
0.07380
0.06613
0.19154
0.27080
0.11938
0.10190
0.22272
0.12230
0.04832
0.23163
0.19545
0.23384
0.25007
0.15160
0.08716
0.06483
0.06055
0.16094
0.14069
0.23278
0.16315
0.19186
0.11306
0.27491
0.21295
0.08376
0.19257
0.15669
0.07264
0.21407
0.10333
0.19493
0.26501
0.08514
0.24967
0.23394
0.11126
0.24050
0.27377
0.21512
0.11648
0.24618
0.20568
0.37115
0.10627
0.20814
0.08522
0.05458
0.06806
0.04175
0.14145
0.14572
0.15578
0.08304
0.19748
0.08951
0.21713
0.10270
0.04560
0.29225
0.11158
0.04731
0.10610
0.26596
0.05513
0.31224
0.10286
0.10087
0.12781
0.23117
0.11275
0.06158
0.09691
0.10313
0.10595
0.13023
0.09973
0.22634
0.14338
0.16354
0.20042
0.08661
0.04872
0.13667
0.25344
0.14272
0.21997
0.14979
0.11305
0.27674
0.28584
0.09284
0.19114
0.08048
0.07612
0.11588
0.04688
0.04778
0.35359
0.12564
0.07268
0.21277
0.18200
0.08227
0.16447
0.34264
0.16881
0.03642
0.30360
0.11919
0.11764
0.18790
0.16485
0.13242
0.12057
0.08838
0.17506
0.20308
0.15125
0.10429
0.13712
0.16621
0.17726
0.13013
0.32787
0.21468
0.27277
0.18342
0.09621
0.31753
0.26761
0.32860
0.03980
0.23022
0.13835
0.27616
0.14794
0.10306
0.12394
0.13021
0.09059
0.15722
0.22241
0.07572
0.08644
0.06538
0.26231
0.13929
0.22274
0.16679
0.21718
0.23562
0.14271
0.05719
0.24880
0.25607
0.36339
0.21739
0.31224
0.22176
0.22626
0.28113
0.27464
0.28596
0.06236
0.06037
0.14794
0.22380
0.05940
0.04476
0.15773
0.11510
0.20036
0.12102
0.15250
0.10757
0.27517
0.28786
0.22522
0.21568
0.30461
0.10647
0.11268
0.32755
0.09113
0.24769
0.07753
0.06415
0.15544
0.04107
0.23616
0.32126
0.06861
0.07920
0.11758
0.21999
0.09923
0.04279
0.06751
0.08110
0.06602
0.10899
0.18429
0.09231
0.25886
0.16911
0.20670
0.11116
0.19167
0.27840
0.14897
0.23199
0.35136
0.15938
0.29673
0.30809
0.28132
0.29217
0.27175
0.22002
0.36051
0.22202
0.22377
0.23426
0.22498
0.28124
0.18116
0.36445
0.29747
0.28558
0.23979
0.25136
0.23195
0.35056
0.29702
0.22387
0.32530
0.33005
0.20137
0.24098
0.30460
0.26460
0.26818
0.24813
0.26658
0.30225
0.23131
0.21626
0.33572
0.23456
0.18412
0.28824
0.17221
0.32094
0.35214
0.28632
0.26962
0.29744
0.27942
0.24277
0.25911
0.33304
0.17218
0.25507
0.32818
0.21603
0.28495
0.29113
0.18060
0.28964
0.26213
0.27355
0.28479
0.28924
0.25640
0.18261
0.30263
0.33597
0.16265
0.29105
0.16987
0.17525
0.21094
0.36202
0.31023
0.32721
0.16904
0.33263
0.27064
0.28464
0.36907
0.31448
0.25501
0.27491
0.23408
0.27943
0.19524
0.35935
0.29193
0.21779
0.18542
0.32954
0.22438
0.26608
0.28585
0.25552
0.34026
0.32403
0.22112
0.30454
0.33082
0.17758
0.13660
0.26846
0.18301
0.19786
0.16194
0.28432
0.33032
0.26443
0.26379
0.24762
0.28240
0.22080
0.28480
0.23094
0.27458
0.19576
0.27400
0.27602
0.21223
0.17092
0.35122
0.30283
0.17806
0.27682
0.31424
0.26830
0.34784
0.30542
0.22592
0.25652
0.19887
0.29007
0.31490
0.25232
0.27107
0.20897
0.15262
0.29209
0.21672
0.24531
0.23816
0.27099
0.30703
0.28441
0.20121
0.24815
0.28915
0.20206
0.24583
0.19803
0.23816
0.23311
0.23551
0.20356
0.30207
0.30592
0.31902
0.21738
0.17712
0.32195
0.16445
0.19353
0.20008
0.29750
0.29112
0.17762
0.18101
0.28354
0.27135
0.19008
0.14958
0.19413
0.25887
0.19055
0.25784
0.22580
0.31289
0.17339
0.21457
0.26260
0.26679
0.19328
0.22916
0.25620
0.22519
0.37131
0.19058
0.30881
0.23488
0.34670
0.30240
0.24312
0.27507
0.26653
0.26467
0.18743
0.30811
0.27752
0.25369
0.29206
0.27342
0.34257
0.20805
0.29446
0.21217
0.33173
0.19405
0.25572
0.21990
0.21125
0.26258
0.26521
0.20342
0.22884
0.24374
0.31693
0.20781
0.30649
0.24227
0.23274
0.28978
0.28654
0.30176
0.14509
0.22710
0.33496
0.32029
0.22123
0.27653
0.27726
0.26844
0.23882
0.19557
0.27721
0.29449
0.25596
0.24699
0.19756
0.28614
0.30728
0.27106
0.26167
0.21262
0.32496
0.26210
0.15508
0.21583
0.26147
0.29702
0.28699
0.20557
0.24133
0.35470
0.34931
0.14050
0.23417
0.32423
0.25082
0.27839
0.30214
0.33140
0.24747
0.19822
0.21232
0.22514
0.24046
0.34667
0.27467
0.29342
0.27969
0.24327
0.26504
0.28456
0.27137
0.16971
0.31619
0.20543
0.25104
0.33023
0.30626
0.26564
0.22496
0.23548
0.29688
0.33979
0.33084
0.21578
0.27806
0.23324
0.28716
0.30642
0.11195
0.21200
0.19814
0.20064
0.27485
0.23164
0.22182
0.24577
0.26042
0.22957
0.21688
0.22338
0.31721
0.24805
0.27247
0.18419
0.29045
0.23640
0.23983
0.18198
0.32331
0.29343
0.34096
0.24465
0.22150
0.28341
0.27074
0.23632
0.27071
0.13526
0.32242
0.25845
0.31707
0.29824
0.29246
0.33411
0.26649
0.24846
0.30860
0.17423
0.18863
0.29413
0.17697
0.25689
0.31023
0.25413
0.30466
0.36523
0.30757
0.31930
0.27831
0.30203
0.30307
0.34020
0.24225
0.28292
0.30425
0.30585
0.27269
0.31966
0.37276
0.22853
0.24330
0.34140
0.21039
0.30864
0.32842
0.26143
0.22050
0.32580
0.22776
0.24791
0.28719
0.24279
0.20414
0.23980
0.22733
0.30802
0.29204
0.28015
0.28744
0.20303
0.29926
0.26778
0.29038
0.27133
0.28530
0.13922
0.32962
0.30922
0.34826
0.30442
0.30493
0.36421
0.34949
0.25985
0.18760
0.29544
0.38583
0.29222
0.22768
0.32454
0.34454
0.23192
0.18531
0.33547
0.19360
0.26733
0.23406
0.34065
0.36290
0.44446
0.29408
0.29370
0.27795
0.35226
0.28116
0.31396
0.27810
0.34970
0.28978
0.16206
0.30628
0.43752
0.27329
0.39122
0.39730
0.22248
0.28535
0.32690
0.30126
0.29473
0.23566
0.27539
0.19752
0.27565
0.30103
0.30140
0.31988
0.35072
0.29800
0.28248
0.24297
0.18403
0.24109
0.36029
0.23878
0.13615
0.32606
0.19158
0.21478
0.39498
0.16824
0.26950
0.21026
0.29334
0.21932
0.44254
0.19609
0.33002
0.39807
0.22641
0.21878
0.24244
0.25540
0.19431
0.33981
0.18522
0.37449
0.34851
0.22593
0.26527
0.24627
0.32156
0.28373
0.23447
0.34178
0.40877
0.31457
0.30047
0.34800
0.33595
0.21120
0.27168
0.27312
0.39959
0.20699
0.20381
0.22300
0.36982
0.27159
0.25637
0.24603
0.34835
0.36700
0.25368
0.27543
0.31685
0.28595
0.29300
0.23859
0.39832
0.30338
0.29013
0.29030
0.28682
0.32269
0.24024
0.29368
0.24754
0.31772
0.24717
0.22709
0.29947
0.24690
0.24574
0.27706
0.19383
0.30097
0.20401
0.06519
0.20921
0.16141
0.25322
0.27680
0.20804
0.24609
0.31511
0.19300
0.04485
0.15281
0.06501
0.26295
0.19247
0.18520
0.30017
0.03531
0.14316
0.17582
0.21622
0.10322
0.09302
0.20074
0.31123
0.22793
0.20759
0.28665
0.04464
0.31391
0.21911
0.04858
0.05816
0.07212
0.27662
0.11178
0.27767
0.15578
0.29602
0.04196
0.04681
0.06615
0.03288
0.28517
0.15463
0.14041
0.23141
0.30869
0.11440
0.26354
0.21526
0.05411
0.24447
0.07440
0.07358
0.23097
0.19195
0.17344
0.08093
0.04613
0.18517
0.20632
0.23224
0.23030
0.06330
0.02965
0.17440
0.20595
0.15732
0.18572
0.06190
0.24966
0.12993
0.10120
0.24061
0.30381
0.10677
0.09642
0.16703
0.06465
0.03507
0.20320
0.10983
0.20377
0.26673
0.25604
0.21460
0.29975
0.26174
0.25641
0.16471
0.18214
0.15432
0.04974
0.22688
0.06015
0.05213
0.20407
0.21611
0.30201
0.22569
0.05115
0.08409
0.12927
0.21679
0.24511
0.25766
0.19711
0.15900
0.27384
0.11044
0.20445
0.10011
0.04246
0.05794
0.10492
0.06669
0.10126
0.26905
0.25072
0.11874
0.10770
0.00685
0.11734
0.09951
0.24400
