0.11702
0.09481
0.05578
0.26125
0.07026
0.12364
0.21135
0.16010
0.18650
0.09291
0.19040
0.15116
0.15934
0.11659
0.13480
0.23046
0.11477
0.10784
0.08435
0.14272
0.31207
0.14512
0.13044
0.07206
0.19364
0.14400
0.12868
0.24964
0.09062
0.18399
0.18216
0.24601
0.15655
0.09556
0.12815
0.09712
0.11468
0.11195
0.11372
0.17090
0.29664
0.28628
0.09182
0.13986
0.29475
0.20473
0.20159
0.18394
0.15327
0.17957
0.09180
0.12603
0.14817
0.29400
0.09200
0.20253
0.22545
0.12462
0.08412
0.09778
0.28328
0.28600
0.12231
0.18235
0.27332
0.29686
0.08278
0.16363
0.07604
0.04718
0.11278
0.30527
0.32908
0.19780
0.25922
0.17227
0.11057
0.03845
0.22309
0.13586
0.30792
0.18763
0.25417
0.27496
0.26394
0.33656
0.09063
0.09083
0.13783
0.23394
0.34100
0.20732
0.08901
0.27326
0.07225
0.19818
0.20389
0.22240
0.20486
0.18396
0.09768
0.16862
0.10013
0.11249
0.20678
0.31391
0.16313
0.15286
0.19574
0.27106
0.05743
0.25844
0.07898
0.20417
0.09963
0.17458
0.26847
0.06286
0.06011
0.19515
0.23837
0.09350
0.27129
0.02328
0.10454
0.17110
0.28255
0.25738
0.19009
0.23524
0.10290
0.12897
0.27956
0.34302
0.09966
0.16019
0.05454
0.30870
0.25410
0.04745
0.15673
0.04577
0.31662
0.17426
0.11896
0.21357
0.09220
0.36130
0.19118
0.08575
0.17418
0.21620
0.10963
0.31435
0.29888
0.33995
0.09712
0.11062
0.13652
0.17289
0.27802
0.28605
0.27049
0.29649
0.09590
0.09850
0.31139
0.27227
0.07637
0.27890
0.02704
0.23388
0.26007
0.02851
0.10375
0.22941
0.07309
0.07787
0.19624
0.27811
0.06745
0.10335
0.21561
0.14550
0.08665
0.21121
0.20960
0.25457
0.27046
0.18605
0.16050
0.08587
0.07209
0.11643
0.11183
0.24830
0.21049
0.17208
0.09673
0.29523
0.20835
0.04498
0.19301
0.14960
0.08713
0.23583
0.15885
0.20411
0.26987
0.12924
0.27392
0.19082
0.11279
0.26405
0.28468
0.25709
0.13824
0.27135
0.19781
0.35731
0.10222
0.24950
0.11618
0.08495
0.08281
0.05048
0.18456
0.21333
0.14641
0.07002
0.24285
0.12445
0.24230
0.11397
0.06352
0.29427
0.11351
0.03720
0.10666
0.26602
0.06551
0.29306
0.06543
0.10181
0.16623
0.19897
0.11454
0.06382
0.07898
0.11118
0.11685
0.14363
0.11926
0.28227
0.11683
0.15256
0.17465
0.09382
0.06672
0.14143
0.12503
0.16680
0.19666
0.16886
0.14253
0.23692
0.26594
0.09413
0.18087
0.10117
0.10700
0.11902
0.07390
0.02977
0.36682
0.18736
0.07633
0.18933
0.13921
0.10890
0.14842
0.35653
0.11688
0.10591
0.27454
0.12651
0.22372
0.19630
0.12554
0.16773
0.07625
0.07705
0.15567
0.26047
0.17334
0.09782
0.21178
0.16592
0.17345
0.10386
0.33080
0.26185
0.25512
0.16979
0.13531
0.29931
0.32362
0.32177
0.05014
0.28776
0.12869
0.29820
0.12423
0.09951
0.13358
0.10507
0.11204
0.21721
0.21800
0.06640
0.07153
0.09764
0.26794
0.17340
0.21722
0.19271
0.26101
0.27805
0.14186
0.04861
0.28176
0.29490
0.37609
0.23799
0.31527
0.19430
0.24173
0.30188
0.27698
0.27137
0.04752
0.07579
0.13317
0.24981
0.05414
0.07321
0.20299
0.10776
0.22040
0.12932
0.16274
0.12488
0.26060
0.25978
0.26528
0.22666
0.33377
0.12851
0.12898
0.34021
0.10957
0.20922
0.05592
0.05485
0.19381
0.06418
0.20599
0.35970
0.09276
0.06460
0.14768
0.24362
0.10071
0.08077
0.07215
0.09016
0.08152
0.08377
0.19658
0.10852
0.29206
0.16788
0.18674
0.09185
0.18950
0.30369
0.20652
0.27837
0.35981
0.17006
0.28037
0.31007
0.30820
0.30745
0.29106
0.24411
0.35321
0.26879
0.24316
0.25598
0.25026
0.29288
0.18897
0.37602
0.33625
0.27837
0.25932
0.25927
0.24181
0.34496
0.30406
0.23692
0.32050
0.33334
0.23325
0.24600
0.32490
0.28309
0.25426
0.26052
0.29862
0.31509
0.28272
0.22524
0.34578
0.27507
0.24790
0.32941
0.17691
0.32060
0.36053
0.29951
0.32266
0.29900
0.28925
0.23081
0.28061
0.32947
0.23901
0.28169
0.32753
0.26204
0.26589
0.31891
0.20056
0.31579
0.27519
0.27470
0.32134
0.27948
0.28781
0.19550
0.29574
0.37008
0.13797
0.28942
0.24779
0.21394
0.20863
0.35930
0.31631
0.33012
0.18488
0.36835
0.27861
0.29324
0.37562
0.31607
0.29747
0.30440
0.23155
0.28474
0.19345
0.36525
0.27994
0.23646
0.17833
0.33594
0.21243
0.27799
0.29005
0.27979
0.35489
0.33155
0.24280
0.32638
0.30603
0.17543
0.17550
0.31150
0.18602
0.20659
0.17089
0.30344
0.34733
0.29651
0.28062
0.24574
0.29728
0.21946
0.29566
0.27118
0.28903
0.20782
0.28725
0.28956
0.25202
0.19673
0.36656
0.30006
0.21223
0.31753
0.32529
0.26296
0.36994
0.31744
0.26007
0.28525
0.23483
0.28609
0.32527
0.29129
0.28807
0.22604
0.17464
0.33004
0.23084
0.30311
0.24498
0.27511
0.32449
0.28896
0.22853
0.24508
0.30086
0.22874
0.29734
0.20640
0.24798
0.22273
0.23114
0.22310
0.32744
0.32665
0.32792
0.24698
0.24605
0.32226
0.23421
0.23536
0.22564
0.30691
0.30621
0.15959
0.18269
0.29538
0.26351
0.23804
0.16107
0.23110
0.27117
0.22475
0.25275
0.27028
0.31213
0.18027
0.24370
0.29134
0.30377
0.19053
0.27348
0.28172
0.26873
0.39100
0.19885
0.30409
0.22989
0.36380
0.31537
0.26246
0.28168
0.29135
0.27216
0.20828
0.31893
0.27702
0.24967
0.28706
0.28040
0.34502
0.25430
0.27572
0.21998
0.35331
0.24714
0.28245
0.23235
0.24910
0.28395
0.25322
0.22118
0.25543
0.25981
0.32472
0.21150
0.32826
0.25057
0.27031
0.27858
0.28351
0.31567
0.15797
0.24351
0.32335
0.32808
0.25420
0.27761
0.30419
0.28325
0.23572
0.21011
0.30852
0.30432
0.27593
0.27194
0.19950
0.30774
0.31451
0.27140
0.26495
0.21654
0.33799
0.32387
0.21150
0.18335
0.29256
0.30091
0.29057
0.28127
0.24359
0.33776
0.35453
0.16114
0.24279
0.31326
0.27084
0.26993
0.30618
0.33857
0.24563
0.20286
0.19530
0.27673
0.26881
0.36403
0.30837
0.31750
0.27785
0.23388
0.27426
0.28693
0.27773
0.18150
0.33727
0.23794
0.25599
0.34827
0.31168
0.24989
0.26109
0.26863
0.29062
0.33140
0.33817
0.25493
0.28688
0.22616
0.29265
0.31974
0.12711
0.28399
0.19958
0.23936
0.26669
0.25641
0.28952
0.25322
0.24607
0.25179
0.24883
0.25685
0.35341
0.28735
0.27094
0.19698
0.30289
0.26470
0.23043
0.20282
0.34564
0.30370
0.34633
0.26172
0.26415
0.30043
0.26610
0.25476
0.28462
0.19693
0.33231
0.26648
0.34455
0.28811
0.31955
0.35800
0.28862
0.27556
0.29227
0.16487
0.22263
0.28807
0.24140
0.30523
0.31226
0.27785
0.32429
0.38984
0.33363
0.31412
0.28424
0.32030
0.30372
0.36187
0.25950
0.29012
0.32267
0.32225
0.28609
0.32829
0.39601
0.24060
0.27520
0.34244
0.25811
0.32086
0.34019
0.24114
0.23901
0.34967
0.23960
0.29050
0.32173
0.29607
0.25150
0.25776
0.25804
0.28682
0.28273
0.30921
0.29910
0.25831
0.31157
0.28279
0.30026
0.26866
0.28445
0.15323
0.31597
0.31201
0.33891
0.30090
0.32115
0.39454
0.39287
0.26471
0.21395
0.30090
0.37056
0.27547
0.21393
0.27880
0.34403
0.26299
0.21336
0.33864
0.22810
0.29035
0.24979
0.31649
0.36314
0.42789
0.29822
0.29807
0.24807
0.37778
0.32098
0.28555
0.28554
0.34858
0.27596
0.18910
0.33239
0.44278
0.24586
0.41592
0.39200
0.22572
0.28298
0.34275
0.31977
0.30243
0.24462
0.24814
0.23282
0.30501
0.29612
0.27733
0.31586
0.35322
0.26253
0.24796
0.24762
0.18379
0.23518
0.38956
0.24466
0.13780
0.33528
0.15476
0.19928
0.41329
0.18510
0.25613
0.23839
0.26034
0.24113
0.43475
0.23367
0.32229
0.38052
0.25004
0.25196
0.24269
0.27804
0.21757
0.35642
0.19403
0.38457
0.35663
0.22560
0.24969
0.21833
0.36370
0.27473
0.22810
0.35565
0.42888
0.33132
0.27206
0.35454
0.37877
0.19858
0.28144
0.29344
0.40373
0.19795
0.22916
0.23627
0.35458
0.25253
0.24643
0.26751
0.33293
0.37888
0.24429
0.28596
0.34534
0.30733
0.25288
0.25913
0.38735
0.28542
0.28652
0.25995
0.29185
0.32633
0.25574
0.31107
0.25492
0.33145
0.25180
0.24364
0.29896
0.29840
0.22664
0.27320
0.18201
0.31797
0.18909
0.03946
0.12488
0.17738
0.28045
0.30697
0.21236
0.25454
0.35139
0.19366
0.07355
0.19940
0.03760
0.30031
0.22666
0.18328
0.27914
0.04471
0.07429
0.17116
0.18151
0.07524
0.08469
0.23194
0.24783
0.12691
0.21371
0.28386
0.05106
0.26576
0.24657
0.02620
0.07599
0.14114
0.28019
0.20768
0.21168
0.20155
0.30983
0.03828
0.05479
0.08473
0.06146
0.29637
0.13756
0.17288
0.10574
0.29161
0.16176
0.31502
0.21236
0.05505
0.22716
0.04918
0.04539
0.19358
0.19572
0.17939
0.04147
0.08409
0.20249
0.20126
0.28742
0.24283
0.03345
0.04325
0.16271
0.21404
0.15469
0.17769
0.10661
0.26088
0.12527
0.09640
0.27521
0.27027
0.07965
0.10710
0.13596
0.04529
0.01448
0.19597
0.11665
0.20885
0.22667
0.29437
0.20237
0.32688
0.16625
0.22729
0.22137
0.21663
0.20331
0.05874
0.28331
0.09368
0.07165
0.15677
0.24866
0.29247
0.25981
0.10819
0.08015
0.10701
0.22973
0.23447
0.22062
0.06849
0.16359
0.29947
0.13222
0.24454
0.05726
0.07206
0.03395
0.09833
0.04246
0.05414
0.21434
0.27706
0.10166
0.12879
0.05063
0.11253
0.07569
0.18527
