0.10807
0.12723
0.07034
0.26985
0.10223
0.13391
0.20327
0.15727
0.20591
0.07863
0.20239
0.11790
0.19680
0.12216
0.13963
0.21551
0.11823
0.14378
0.10722
0.14644
0.25888
0.18413
0.16411
0.10192
0.19890
0.17239
0.13874
0.21431
0.10354
0.20965
0.17843
0.27327
0.13089
0.10843
0.12283
0.09252
0.10539
0.15536
0.07988
0.20138
0.23108
0.26750
0.06997
0.12035
0.28977
0.19844
0.16500
0.25241
0.24530
0.15340
0.09939
0.16589
0.12136
0.29650
0.09157
0.24350
0.25042
0.16590
0.11890
0.13251
0.25787
0.28273
0.16293
0.23210
0.28093
0.29004
0.07210
0.14651
0.11419
0.05006
0.16714
0.29156
0.28667
0.16845
0.26180
0.13286
0.10590
0.05092
0.17240
0.17288
0.31231
0.16267
0.27397
0.24343
0.28232
0.27935
0.09167
0.08882
0.14582
0.24509
0.29141
0.18919
0.06057
0.22239
0.09566
0.14976
0.21706
0.23345
0.18580
0.17451
0.09506
0.16530
0.11900
0.12025
0.18710
0.30083
0.16059
0.18703
0.17237
0.25609
0.03811
0.25145
0.13269
0.18237
0.12623
0.24007
0.26918
0.05512
0.08172
0.20418
0.22117
0.09903
0.26853
0.02663
0.13336
0.10724
0.25621
0.25758
0.14141
0.26221
0.12364
0.15598
0.28822
0.28056
0.12275
0.14615
0.08905
0.27844
0.19686
0.05572
0.18837
0.05622
0.28595
0.18031
0.13724
0.30815
0.11047
0.32474
0.18620
0.09722
0.16896
0.27039
0.12533
0.30056
0.30976
0.30873
0.14133
0.12632
0.17754
0.23959
0.23858
0.28688
0.24969
0.29293
0.09285
0.14682
0.29585
0.21919
0.18888
0.28328
0.05516
0.24888
0.21947
0.07547
0.15240
0.19297
0.07626
0.05863
0.16419
0.24778
0.08914
0.11152
0.20027
0.15950
0.09848
0.19427
0.22410
0.21207
0.25749
0.21128
0.12843
0.10310
0.07468
0.14592
0.14223
0.25367
0.17461
0.16534
0.09002
0.27937
0.25243
0.11628
0.19065
0.14568
0.07970
0.23546
0.13762
0.21840
0.26299
0.11124
0.23811
0.21392
0.11703
0.24019
0.28734
0.20188
0.12728
0.23663
0.21195
0.34455
0.14248
0.21193
0.15038
0.10122
0.08767
0.06368
0.18392
0.14077
0.22252
0.06537
0.22686
0.10590
0.23088
0.12511
0.07466
0.28538
0.10845
0.05133
0.11559
0.24250
0.08064
0.27649
0.14779
0.12003
0.13186
0.21262
0.11158
0.07709
0.14340
0.10553
0.12107
0.16938
0.11479
0.24651
0.16290
0.14862
0.15727
0.13482
0.09637
0.12488
0.21276
0.18021
0.26360
0.17540
0.18796
0.25376
0.29056
0.11121
0.20033
0.05075
0.09952
0.13613
0.06179
0.06699
0.35322
0.18572
0.07096
0.17779
0.15373
0.08442
0.13477
0.32126
0.13199
0.07818
0.27547
0.11243
0.18178
0.20355
0.21546
0.13688
0.13383
0.15855
0.21311
0.22365
0.19579
0.10129
0.17676
0.16078
0.16774
0.17495
0.33323
0.27406
0.24134
0.18861
0.17869
0.28911
0.32124
0.33124
0.04228
0.24943
0.12745
0.23056
0.15569
0.13209
0.20647
0.12891
0.09161
0.15347
0.22924
0.06820
0.14374
0.07571
0.24149
0.13197
0.25922
0.16366
0.22845
0.26933
0.17934
0.08861
0.22777
0.24967
0.36624
0.23655
0.31285
0.20960
0.24250
0.24783
0.29146
0.26734
0.05550
0.09951
0.17098
0.24293
0.06322
0.08930
0.19918
0.14003
0.20116
0.11318
0.19390
0.09488
0.28517
0.24222
0.23794
0.20722
0.29037
0.14528
0.11543
0.32098
0.09585
0.23448
0.06807
0.10600
0.19610
0.04858
0.23004
0.35086
0.04691
0.07977
0.14295
0.23686
0.11068
0.06203
0.06548
0.08816
0.08869
0.11191
0.17173
0.11948
0.25167
0.20028
0.24207
0.08513
0.16124
0.26133
0.23828
0.29080
0.32506
0.19451
0.28400
0.31723
0.31995
0.32755
0.27236
0.28554
0.33207
0.27477
0.25555
0.25378
0.23161
0.31502
0.18831
0.35001
0.26340
0.23998
0.27478
0.25768
0.29546
0.35821
0.29960
0.26167
0.28083
0.30307
0.25693
0.29261
0.29322
0.26431
0.26881
0.26483
0.31638
0.27978
0.28420
0.20081
0.33548
0.28544
0.27109
0.33266
0.20998
0.30919
0.32893
0.30828
0.32490
0.32000
0.30896
0.24419
0.29846
0.31980
0.24440
0.31469
0.27562
0.26554
0.28512
0.32314
0.19649
0.30764
0.27920
0.25731
0.29776
0.27842
0.28695
0.16117
0.27717
0.34614
0.11613
0.29537
0.24401
0.22675
0.21497
0.37488
0.33215
0.27007
0.18404
0.30783
0.27720
0.26897
0.33082
0.27190
0.32480
0.31539
0.26179
0.29094
0.17269
0.35323
0.30149
0.28212
0.18739
0.33465
0.18931
0.27044
0.25269
0.26454
0.31536
0.28627
0.21812
0.30799
0.24995
0.16625
0.20630
0.31274
0.18863
0.21910
0.16883
0.28709
0.29875
0.31327
0.27821
0.24870
0.31946
0.21522
0.31923
0.28778
0.31505
0.22687
0.28576
0.30258
0.21732
0.20736
0.36533
0.27070
0.22770
0.29806
0.31581
0.26865
0.37115
0.27850
0.23048
0.29831
0.20347
0.28095
0.32976
0.29952
0.25381
0.23710
0.18133
0.32891
0.25305
0.30411
0.23261
0.29871
0.33090
0.24481
0.20058
0.25147
0.30669
0.21855
0.30650
0.19163
0.23726
0.24476
0.21847
0.25424
0.31928
0.30167
0.31184
0.25709
0.21241
0.29469
0.22120
0.23795
0.21340
0.25001
0.29027
0.15605
0.19639
0.27789
0.30092
0.25479
0.16243
0.21168
0.24332
0.23791
0.22828
0.28302
0.33444
0.17514
0.29763
0.24325
0.31044
0.20246
0.28161
0.27128
0.24785
0.39799
0.20717
0.27089
0.22731
0.33385
0.27595
0.29572
0.27867
0.29622
0.28309
0.19360
0.32276
0.28110
0.29606
0.25310
0.28599
0.29747
0.23767
0.27331
0.23551
0.31462
0.26282
0.30742
0.21885
0.26392
0.28386
0.26529
0.21981
0.26828
0.24733
0.32798
0.21433
0.33150
0.25598
0.30110
0.27877
0.23823
0.25613
0.14923
0.27840
0.30337
0.27825
0.30845
0.32877
0.33187
0.26078
0.29279
0.27942
0.28014
0.28170
0.30909
0.23349
0.16210
0.31733
0.28736
0.26974
0.30559
0.22055
0.31261
0.32388
0.21304
0.23070
0.27243
0.29582
0.29093
0.29430
0.24606
0.33110
0.31936
0.16394
0.25036
0.27926
0.29716
0.29293
0.32382
0.31420
0.23792
0.21549
0.19876
0.27906
0.31208
0.33968
0.26498
0.29923
0.31577
0.23808
0.25129
0.27230
0.26332
0.19275
0.30527
0.21428
0.24529
0.32709
0.32357
0.29628
0.23744
0.26087
0.27316
0.35307
0.31355
0.24007
0.25212
0.20603
0.33668
0.30089
0.14507
0.29670
0.17461
0.27501
0.30563
0.23504
0.28644
0.23248
0.30214
0.20777
0.26965
0.24170
0.31041
0.30453
0.29690
0.18543
0.27948
0.25231
0.25371
0.22269
0.28844
0.23921
0.34549
0.26544
0.29339
0.31686
0.29343
0.27080
0.28753
0.17961
0.31611
0.27532
0.29908
0.23479
0.24735
0.31102
0.27580
0.29419
0.31803
0.19099
0.16184
0.30418
0.26790
0.32267
0.27614
0.29176
0.33825
0.36213
0.24266
0.31518
0.26784
0.27182
0.30903
0.33731
0.29765
0.29650
0.31871
0.28819
0.30291
0.29790
0.36748
0.20059
0.28099
0.34905
0.23527
0.29815
0.33233
0.23056
0.24349
0.33922
0.23192
0.27705
0.26181
0.30814
0.27145
0.29295
0.30312
0.24147
0.29247
0.35015
0.30169
0.25201
0.32135
0.28955
0.31498
0.30937
0.25473
0.15274
0.32761
0.32766
0.34210
0.33624
0.28943
0.36273
0.39221
0.29661
0.13882
0.33024
0.35142
0.25810
0.16239
0.32530
0.32735
0.24044
0.26292
0.31358
0.27502
0.27952
0.26270
0.34054
0.33548
0.36852
0.26681
0.34225
0.31079
0.38043
0.29853
0.31087
0.28936
0.31191
0.31244
0.14370
0.31200
0.40764
0.22498
0.38051
0.37134
0.16504
0.31950
0.36520
0.32648
0.26907
0.27606
0.30891
0.22584
0.27469
0.29629
0.26401
0.27101
0.35707
0.32042
0.31007
0.23175
0.18972
0.29396
0.39250
0.22811
0.09637
0.31764
0.15417
0.20915
0.38226
0.14211
0.20662
0.19383
0.31016
0.22297
0.42125
0.18339
0.35645
0.39006
0.25476
0.20144
0.28839
0.24118
0.19272
0.35657
0.16533
0.34860
0.33784
0.30432
0.23291
0.25709
0.33021
0.28997
0.18728
0.28890
0.41724
0.28784
0.28236
0.35782
0.35204
0.26251
0.25024
0.27974
0.37070
0.17133
0.18876
0.23193
0.36974
0.31008
0.24537
0.28851
0.29739
0.33941
0.20951
0.31485
0.31831
0.28611
0.31702
0.24176
0.36278
0.32906
0.21060
0.31670
0.32457
0.32333
0.25565
0.30381
0.23048
0.35450
0.25326
0.28435
0.32677
0.27856
0.23364
0.31701
0.19978
0.32904
0.23605
0.07766
0.08531
0.21954
0.18651
0.29936
0.19703
0.23398
0.32416
0.20468
0.05277
0.17084
0.03007
0.27149
0.26348
0.21521
0.31455
0.08483
0.13330
0.19063
0.23912
0.06125
0.14466
0.19621
0.27838
0.22710
0.21198
0.23620
0.06329
0.31877
0.22749
0.03395
0.09993
0.09909
0.31230
0.17250
0.21973
0.23278
0.25028
0.10445
0.07518
0.05479
0.08353
0.28787
0.10254
0.09526
0.24505
0.32684
0.16535
0.32283
0.22090
0.11659
0.26690
0.07967
0.07907
0.29252
0.17931
0.28647
0.04872
0.04685
0.21503
0.20437
0.19739
0.24655
0.05546
0.05445
0.16386
0.20891
0.23491
0.17513
0.11039
0.28027
0.14195
0.08784
0.29605
0.27773
0.11060
0.14855
0.24692
0.07846
0.05244
0.25655
0.15245
0.18843
0.27374
0.26959
0.19775
0.29598
0.23915
0.29845
0.20792
0.22241
0.19036
0.03478
0.23310
0.04123
0.09223
0.19338
0.23763
0.26599
0.28466
0.08711
0.09362
0.21130
0.26340
0.28035
0.32082
0.13081
0.23012
0.31230
0.15093
0.24031
0.08429
0.06580
0.04688
0.18088
0.06102
0.12975
0.25429
0.28465
0.10111
0.09301
0.01554
0.08846
0.05118
0.31118
