0.10395
0.09217
0.03891
0.24305
0.07632
0.13928
0.22305
0.13363
0.17434
0.05560
0.19027
0.12673
0.15931
0.12796
0.16765
0.22069
0.11311
0.11966
0.05714
0.15217
0.29860
0.14253
0.17077
0.07146
0.25682
0.15531
0.14277
0.18261
0.08355
0.12751
0.13005
0.22713
0.15874
0.10171
0.08575
0.09537
0.11193
0.06643
0.12456
0.15507
0.29617
0.24995
0.08119
0.10433
0.28597
0.20392
0.15804
0.17790
0.17462
0.13712
0.10769
0.14068
0.14770
0.27380
0.10000
0.25278
0.21082
0.11943
0.10981
0.08517
0.26452
0.30039
0.10229
0.18487
0.28695
0.31533
0.03583
0.17229
0.11795
0.03002
0.13258
0.30693
0.29284
0.17507
0.25330
0.10227
0.09666
0.03522
0.22126
0.16883
0.29792
0.14157
0.28424
0.27694
0.23103
0.35011
0.10191
0.10278
0.12216
0.26418
0.33258
0.20045
0.07305
0.21638
0.06473
0.12654
0.23446
0.22441
0.20635
0.16197
0.09280
0.15795
0.10579
0.12222
0.24188
0.31294
0.08689
0.15979
0.16442
0.28289
0.02124
0.24866
0.05743
0.23736
0.10505
0.15246
0.25261
0.07145
0.07821
0.15920
0.18972
0.06340
0.27061
0.01901
0.08383
0.14802
0.28321
0.28153
0.16970
0.26069
0.06408
0.10113
0.30976
0.33867
0.10270
0.11407
0.10776
0.27746
0.26318
0.04404
0.13981
0.03900
0.28788
0.17829
0.11796
0.26989
0.11193
0.32666
0.15892
0.08876
0.16497
0.22422
0.10547
0.32476
0.31648
0.35418
0.08936
0.12098
0.14050
0.17810
0.23224
0.24314
0.27200
0.30732
0.09962
0.10839
0.30400
0.28442
0.07976
0.23654
0.03654
0.24233
0.20796
0.01849
0.08577
0.22858
0.07052
0.07973
0.16320
0.26086
0.08199
0.10294
0.19008
0.10669
0.06416
0.15448
0.21742
0.23359
0.26813
0.16521
0.09536
0.08764
0.04584
0.12515
0.14192
0.19045
0.20515
0.20216
0.09675
0.26198
0.17522
0.05547
0.17752
0.16558
0.04959
0.19559
0.08368
0.20866
0.24099
0.07826
0.25365
0.20842
0.08923
0.25306
0.26815
0.26384
0.13032
0.25846
0.20053
0.29862
0.09119
0.12362
0.11923
0.06083
0.08034
0.05964
0.15380
0.14978
0.12966
0.06871
0.24545
0.08548
0.23252
0.10127
0.04562
0.26706
0.11203
0.02089
0.09867
0.27237
0.09384
0.28282
0.08448
0.11284
0.12900
0.21689
0.10223
0.04840
0.09628
0.12271
0.11555
0.10050
0.11999
0.20701
0.15691
0.14068
0.18472
0.05171
0.06904
0.13234
0.16627
0.12421
0.20425
0.17919
0.12650
0.23900
0.27147
0.09385
0.15587
0.05190
0.09404
0.11700
0.06279
0.04432
0.33267
0.13346
0.06915
0.19289
0.14242
0.07891
0.13403
0.31589
0.13901
0.07015
0.31079
0.12512
0.19551
0.15850
0.15293
0.11428
0.08733
0.05525
0.14950
0.20537
0.10955
0.10358
0.14649
0.16419
0.16819
0.13561
0.32542
0.24603
0.26488
0.10254
0.07236
0.27502
0.27998
0.31506
0.01920
0.24224
0.14089
0.27683
0.13449
0.07029
0.11212
0.09569
0.11545
0.16871
0.19124
0.06840
0.05141
0.10711
0.26048
0.12615
0.19260
0.13233
0.20828
0.22477
0.10229
0.03832
0.24177
0.22051
0.34027
0.24785
0.30437
0.20460
0.26630
0.28257
0.25700
0.21129
0.04686
0.07713
0.15402
0.21929
0.04122
0.03289
0.20134
0.13486
0.22283
0.11086
0.15568
0.10020
0.26985
0.27956
0.23917
0.20858
0.30895
0.12573
0.15413
0.30478
0.04866
0.19448
0.05429
0.07954
0.20356
0.06603
0.23919
0.32290
0.08148
0.08454
0.13594
0.23498
0.10750
0.02978
0.07334
0.05434
0.04712
0.08567
0.19028
0.07693
0.25219
0.14541
0.17638
0.08355
0.19958
0.29847
0.21942
0.23003
0.35963
0.18721
0.29129
0.31652
0.28617
0.29151
0.28020
0.25406
0.33849
0.22125
0.28614
0.23418
0.24685
0.30017
0.21059
0.38524
0.31900
0.26044
0.24464
0.26922
0.21712
0.36449
0.28803
0.26157
0.31423
0.32353
0.21096
0.25795
0.32827
0.28911
0.25916
0.25713
0.26159
0.30225
0.22785
0.22188
0.34673
0.25136
0.22106
0.32379
0.19768
0.32237
0.36024
0.28587
0.29430
0.31776
0.24930
0.25298
0.24479
0.34175
0.21289
0.29845
0.33350
0.25254
0.25563
0.31588
0.20168
0.30926
0.28135
0.27787
0.30861
0.29420
0.28264
0.20860
0.29981
0.35205
0.17228
0.30780
0.23149
0.22783
0.22767
0.37860
0.32096
0.33125
0.17918
0.35677
0.28312
0.30515
0.36367
0.31977
0.27687
0.30225
0.22802
0.29900
0.21770
0.35621
0.27877
0.21469
0.17149
0.35045
0.22716
0.28025
0.29468
0.27202
0.34307
0.33501
0.24471
0.33096
0.33269
0.18825
0.18541
0.30117
0.20770
0.23470
0.15631
0.30814
0.34199
0.25325
0.28976
0.25082
0.26292
0.22545
0.30673
0.24030
0.26607
0.21012
0.27862
0.30066
0.24926
0.20051
0.36257
0.29882
0.23073
0.30231
0.31820
0.26686
0.38136
0.30943
0.26561
0.23743
0.23222
0.29564
0.32723
0.27213
0.27111
0.23690
0.16664
0.31514
0.24423
0.27265
0.23946
0.23387
0.33270
0.28076
0.23101
0.22327
0.30348
0.22626
0.25588
0.22869
0.23609
0.26835
0.25012
0.20082
0.31823
0.31411
0.31679
0.24880
0.24536
0.32675
0.24911
0.25065
0.23804
0.29171
0.31123
0.17966
0.20546
0.28674
0.28552
0.18259
0.18436
0.23949
0.27450
0.19490
0.26032
0.25863
0.31044
0.20309
0.23576
0.27504
0.29681
0.21484
0.27823
0.26489
0.27836
0.38546
0.21554
0.31578
0.24422
0.37967
0.31290
0.25397
0.28989
0.30391
0.28590
0.22222
0.32423
0.28540
0.25052
0.28078
0.29368
0.34451
0.26996
0.28961
0.24004
0.34162
0.24768
0.25177
0.22789
0.26513
0.27168
0.27600
0.21539
0.25412
0.27484
0.33448
0.24134
0.33063
0.25188
0.25433
0.28667
0.27118
0.30885
0.17333
0.22199
0.31940
0.34384
0.23490
0.28621
0.32030
0.28207
0.21242
0.21920
0.28404
0.30953
0.28929
0.27457
0.21914
0.30031
0.30384
0.27893
0.26711
0.22886
0.34087
0.28984
0.16504
0.22007
0.28236
0.31220
0.29806
0.27209
0.25902
0.35355
0.34612
0.16702
0.25725
0.30773
0.28437
0.26289
0.32904
0.33519
0.24089
0.19883
0.22036
0.22471
0.28989
0.35529
0.31173
0.29346
0.29014
0.25409
0.28231
0.28956
0.27837
0.18036
0.35029
0.23648
0.24863
0.33253
0.31372
0.26046
0.26122
0.24680
0.29230
0.34568
0.33679
0.28289
0.27969
0.22717
0.32128
0.32545
0.15922
0.29807
0.21586
0.26092
0.26330
0.26341
0.26201
0.27630
0.25271
0.24032
0.24453
0.25274
0.34509
0.30001
0.24652
0.21789
0.29468
0.24685
0.26645
0.21270
0.32701
0.28725
0.34793
0.26458
0.27896
0.29272
0.28898
0.23614
0.29822
0.20578
0.33972
0.28470
0.33150
0.27074
0.28599
0.33811
0.29554
0.26445
0.29848
0.21344
0.22736
0.26996
0.23685
0.26540
0.30086
0.27718
0.33324
0.38374
0.30620
0.30655
0.28117
0.29236
0.31102
0.36347
0.27558
0.29707
0.32524
0.30744
0.28769
0.33210
0.39792
0.23968
0.26524
0.33286
0.24299
0.30900
0.33272
0.26129
0.24949
0.33715
0.23606
0.25752
0.31194
0.30436
0.22117
0.24482
0.27192
0.27143
0.28698
0.33098
0.29992
0.23315
0.27777
0.26883
0.30809
0.27498
0.28367
0.18269
0.36203
0.33648
0.37116
0.31675
0.32713
0.40110
0.41354
0.26638
0.21726
0.32259
0.39307
0.26405
0.23043
0.33042
0.34468
0.26310
0.23465
0.33611
0.22701
0.29266
0.25882
0.34990
0.34654
0.39684
0.28234
0.32273
0.25828
0.39964
0.30644
0.31631
0.31677
0.36411
0.29843
0.21579
0.30736
0.46044
0.26031
0.41987
0.41202
0.24398
0.28628
0.36274
0.33685
0.29633
0.24450
0.29706
0.23313
0.32184
0.30911
0.31521
0.30713
0.37991
0.28510
0.28376
0.25512
0.20453
0.26312
0.39602
0.23444
0.15956
0.35266
0.19562
0.18682
0.40883
0.16686
0.21441
0.23105
0.27497
0.24762
0.44411
0.21961
0.34615
0.40931
0.23065
0.24342
0.25681
0.25901
0.22214
0.34753
0.20726
0.37742
0.35297
0.25351
0.24202
0.22925
0.36727
0.28488
0.23542
0.35100
0.43797
0.33271
0.30032
0.37926
0.38113
0.23106
0.28365
0.28961
0.38538
0.23673
0.26504
0.22943
0.35482
0.27002
0.23667
0.28164
0.35737
0.36806
0.27936
0.28919
0.34108
0.32605
0.27834
0.26611
0.40282
0.30873
0.29216
0.28872
0.31860
0.34767
0.28040
0.31798
0.24022
0.35752
0.26956
0.27697
0.31882
0.31909
0.25408
0.29518
0.22471
0.35702
0.20345
0.05959
0.15295
0.24515
0.23964
0.28591
0.19032
0.29691
0.30562
0.23053
0.09091
0.17885
0.04371
0.28759
0.24719
0.18626
0.29705
0.04671
0.11396
0.19394
0.15647
0.07877
0.12420
0.22144
0.28114
0.17799
0.20652
0.25081
0.06622
0.33162
0.17399
0.02636
0.04178
0.08227
0.23063
0.11466
0.21447
0.14703
0.28951
0.06209
0.02931
0.11277
0.15623
0.24619
0.08634
0.14079
0.16830
0.29200
0.14701
0.29179
0.21702
0.07716
0.27323
0.05208
0.07647
0.29006
0.17990
0.24168
0.09627
0.10944
0.17259
0.19277
0.27350
0.25575
0.04768
0.09066
0.19377
0.21620
0.23688
0.16289
0.06671
0.21230
0.21933
0.14410
0.23853
0.22838
0.09467
0.12501
0.11120
0.09282
0.03935
0.24681
0.15036
0.20068
0.23938
0.25840
0.19977
0.31441
0.29159
0.22447
0.13510
0.24119
0.22779
0.03580
0.26644
0.08818
0.08604
0.21396
0.23362
0.26315
0.22060
0.08519
0.07368
0.09808
0.18850
0.23395
0.33033
0.04792
0.21567
0.32181
0.16071
0.24710
0.06167
0.05036
0.07138
0.16038
0.06372
0.07854
0.26230
0.27696
0.10782
0.10689
0.02771
0.06795
0.04960
0.26095
