0.11068
0.10196
0.03441
0.25509
0.09013
0.11478
0.19356
0.14452
0.14619
0.08657
0.14532
0.14192
0.13116
0.12056
0.07098
0.20147
0.07835
0.13605
0.09856
0.15214
0.30563
0.10340
0.14359
0.04660
0.19950
0.14030
0.10583
0.26556
0.10293
0.12097
0.14316
0.25945
0.13987
0.11363
0.07952
0.10063
0.14018
0.10092
0.10344
0.12241
0.27096
0.26434
0.06616
0.14751
0.30421
0.19521
0.11099
0.22770
0.20348
0.15051
0.09431
0.15892
0.16718
0.28734
0.09516
0.25845
0.20128
0.10019
0.09578
0.07107
0.26300
0.29125
0.09757
0.19647
0.28564
0.32600
0.05248
0.16872
0.12499
0.04203
0.12252
0.31661
0.30233
0.21653
0.24250
0.10155
0.08528
0.02371
0.22889
0.16745
0.32164
0.15229
0.31873
0.29503
0.26245
0.32857
0.10195
0.04416
0.12079
0.25881
0.31002
0.17288
0.04300
0.26166
0.05967
0.11799
0.19841
0.23215
0.18220
0.15018
0.09355
0.17178
0.12872
0.13554
0.19869
0.30744
0.17271
0.17463
0.15791
0.28788
0.04806
0.22636
0.04038
0.27109
0.10965
0.16138
0.29655
0.06235
0.04870
0.12167
0.25200
0.08047
0.29335
0.01566
0.07252
0.10362
0.32204
0.26957
0.11598
0.24476
0.08286
0.09683
0.30768
0.35105
0.11040
0.17245
0.07688
0.27324
0.26264
0.03167
0.12222
0.02568
0.31072
0.18557
0.15330
0.30195
0.07701
0.36105
0.18648
0.08897
0.19104
0.26678
0.12502
0.30462
0.30806
0.31849
0.10325
0.16062
0.18807
0.14188
0.24520
0.29340
0.27844
0.34666
0.10867
0.11551
0.27110
0.26672
0.07894
0.25424
0.03800
0.22693
0.16258
0.05238
0.07597
0.22450
0.05137
0.05483
0.15900
0.27625
0.05728
0.10677
0.18657
0.13662
0.10936
0.18397
0.24914
0.25607
0.25250
0.18403
0.08418
0.05888
0.04431
0.11841
0.10915
0.23972
0.15623
0.13639
0.10049
0.26847
0.19391
0.05950
0.14402
0.17604
0.03681
0.17461
0.04761
0.17360
0.23969
0.07634
0.23218
0.24536
0.08936
0.21776
0.27588
0.26346
0.12453
0.29019
0.21212
0.35227
0.08071
0.17314
0.12185
0.03312
0.07837
0.05375
0.15130
0.18564
0.14549
0.05731
0.27853
0.11207
0.23528
0.11396
0.04107
0.26057
0.11440
0.02803
0.10580
0.26491
0.08289
0.28213
0.08166
0.11035
0.16645
0.23620
0.10046
0.03785
0.12506
0.10365
0.11765
0.12210
0.08242
0.21802
0.14347
0.16309
0.19553
0.05823
0.04964
0.13793
0.19815
0.13372
0.20519
0.15072
0.08488
0.26865
0.27376
0.09692
0.14298
0.03663
0.05088
0.12767
0.06059
0.04095
0.36711
0.14865
0.07382
0.22163
0.16978
0.07933
0.12902
0.32650
0.14755
0.05353
0.29542
0.12413
0.15769
0.17901
0.17346
0.14479
0.11784
0.06365
0.20340
0.16755
0.15206
0.09441
0.15429
0.15145
0.16057
0.14244
0.31690
0.25205
0.26660
0.08561
0.10018
0.32420
0.28784
0.32183
0.03312
0.26368
0.12309
0.28788
0.15313
0.06369
0.14934
0.12401
0.09645
0.16285
0.22574
0.05464
0.07157
0.06449
0.25460
0.16029
0.23478
0.11519
0.20548
0.24407
0.10560
0.06567
0.23608
0.29749
0.34294
0.26101
0.32819
0.23946
0.23862
0.29502
0.26265
0.27653
0.05800
0.06203
0.10238
0.22377
0.02269
0.07811
0.24955
0.09899
0.20500
0.09048
0.18742
0.11247
0.26713
0.22710
0.24789
0.16759
0.28082
0.12687
0.18639
0.32679
0.05003
0.21154
0.03641
0.07425
0.19057
0.03359
0.23079
0.32892
0.06847
0.07488
0.12803
0.27827
0.11671
0.04051
0.05921
0.03909
0.05034
0.07789
0.22627
0.06063
0.28154
0.12854
0.19731
0.11138
0.17204
0.27674
0.27954
0.32336
0.35706
0.19889
0.24861
0.32082
0.34206
0.35127
0.28450
0.28670
0.36697
0.31006
0.24213
0.29575
0.21198
0.33570
0.19426
0.36558
0.31789
0.24061
0.30503
0.23742
0.29156
0.35069
0.34152
0.28009
0.26739
0.31861
0.29056
0.30042
0.28406
0.25039
0.23209
0.25939
0.33882
0.29809
0.30335
0.25689
0.32039
0.31780
0.28721
0.37266
0.20488
0.30569
0.34556
0.29195
0.35811
0.32997
0.32952
0.23751
0.29747
0.32474
0.26721
0.31318
0.30018
0.30398
0.30164
0.30709
0.21339
0.35216
0.24810
0.26525
0.27775
0.27586
0.31948
0.16961
0.27953
0.35019
0.12093
0.28920
0.29637
0.25094
0.17911
0.36529
0.31135
0.31244
0.18963
0.32102
0.26605
0.26390
0.35660
0.29263
0.33476
0.28082
0.25687
0.27454
0.18737
0.36298
0.33702
0.27763
0.18339
0.34245
0.19291
0.26692
0.28681
0.26713
0.34417
0.30963
0.19613
0.30888
0.26279
0.17013
0.19766
0.33899
0.18421
0.18808
0.18016
0.30800
0.29786
0.31411
0.31108
0.24711
0.34296
0.20215
0.33047
0.31443
0.32761
0.22206
0.29831
0.33687
0.22082
0.15795
0.36439
0.27796
0.24380
0.33431
0.29784
0.24406
0.38513
0.25993
0.22452
0.32654
0.19581
0.27703
0.30540
0.30900
0.30158
0.25886
0.19775
0.35911
0.20782
0.33792
0.19708
0.30645
0.35500
0.26687
0.19174
0.20855
0.30103
0.20787
0.32298
0.17293
0.26690
0.22017
0.22298
0.25405
0.31120
0.30824
0.32726
0.30018
0.25901
0.29108
0.21821
0.26703
0.28378
0.28585
0.32477
0.14363
0.19213
0.29081
0.32032
0.24766
0.15897
0.21558
0.26152
0.26009
0.25529
0.28634
0.35489
0.17633
0.27710
0.27362
0.33414
0.17111
0.30698
0.30217
0.24318
0.38370
0.20835
0.32756
0.21768
0.34988
0.31148
0.32197
0.26907
0.33228
0.25935
0.19156
0.31146
0.29824
0.30108
0.25841
0.25362
0.33826
0.24106
0.25371
0.24330
0.33956
0.28282
0.32409
0.24744
0.30875
0.27960
0.30393
0.22976
0.29252
0.28567
0.30479
0.22887
0.35657
0.23372
0.31473
0.26546
0.27755
0.30265
0.18754
0.29670
0.30944
0.29784
0.31177
0.34310
0.35582
0.23905
0.28146
0.26327
0.28269
0.30611
0.31498
0.26087
0.18087
0.33604
0.29081
0.24355
0.29774
0.24385
0.30976
0.34555
0.24803
0.19015
0.29615
0.29217
0.34450
0.29474
0.25518
0.32782
0.32143
0.16276
0.23994
0.29747
0.28854
0.31743
0.31189
0.30894
0.22551
0.24568
0.18765
0.30600
0.31807
0.34996
0.31347
0.29162
0.32489
0.22447
0.25678
0.27512
0.23782
0.20478
0.31880
0.25339
0.24446
0.33007
0.30938
0.29502
0.24359
0.32946
0.26479
0.36196
0.31337
0.25063
0.25522
0.20621
0.30922
0.32566
0.14456
0.32907
0.17549
0.28572
0.30049
0.22284
0.30255
0.20342
0.31302
0.21208
0.29025
0.26868
0.32685
0.34650
0.32009
0.19723
0.23774
0.25012
0.24284
0.24428
0.31354
0.27766
0.34162
0.27379
0.28526
0.32171
0.27594
0.29427
0.28050
0.19396
0.31587
0.28379
0.32623
0.25174
0.26703
0.35097
0.28343
0.30784
0.34846
0.18745
0.25031
0.33056
0.29557
0.33757
0.26919
0.32087
0.34779
0.38141
0.28897
0.35839
0.26014
0.27959
0.26792
0.35044
0.30232
0.26406
0.31946
0.31162
0.33108
0.32309
0.39046
0.21753
0.28667
0.33671
0.28930
0.30383
0.32237
0.26266
0.24953
0.34752
0.23275
0.32894
0.29004
0.31921
0.28303
0.28435
0.29736
0.25563
0.28318
0.35340
0.28467
0.29455
0.33594
0.27359
0.33337
0.31055
0.30183
0.15466
0.30489
0.34204
0.34479
0.33935
0.32364
0.40776
0.43367
0.29324
0.18208
0.33408
0.38052
0.30848
0.20641
0.33518
0.35373
0.25185
0.26603
0.32762
0.24237
0.29072
0.27888
0.35970
0.36490
0.41814
0.28540
0.33981
0.27223
0.41344
0.29944
0.31413
0.31411
0.36880
0.31113
0.16824
0.30698
0.48166
0.25733
0.42657
0.41054
0.19008
0.30906
0.39108
0.32898
0.28886
0.27100
0.29532
0.26947
0.29465
0.34274
0.32131
0.27368
0.41004
0.31176
0.30053
0.27189
0.24574
0.27786
0.42229
0.26240
0.12298
0.33674
0.14213
0.17098
0.43212
0.17711
0.27513
0.22407
0.28199
0.26738
0.47519
0.18618
0.34907
0.42359
0.25183
0.22859
0.27093
0.27873
0.21559
0.38996
0.16553
0.37072
0.35417
0.29510
0.27119
0.23838
0.35269
0.29461
0.21821
0.35811
0.44798
0.34012
0.31667
0.39475
0.40440
0.21657
0.23282
0.29248
0.40395
0.22913
0.25032
0.25369
0.35761
0.29654
0.27055
0.27463
0.35326
0.37373
0.26100
0.30318
0.33936
0.30490
0.30628
0.27962
0.41361
0.30652
0.27469
0.28524
0.31992
0.37257
0.28544
0.31027
0.22700
0.34393
0.28093
0.26160
0.33257
0.34123
0.23807
0.29013
0.19018
0.31067
0.22572
0.02441
0.11261
0.17158
0.24775
0.26722
0.21352
0.24814
0.32759
0.17164
0.06476
0.09495
0.06632
0.32020
0.28249
0.17507
0.31158
0.09952
0.11714
0.22099
0.17170
0.05082
0.13376
0.23626
0.30731
0.21883
0.21898
0.21105
0.09343
0.28609
0.25388
0.05520
0.10918
0.13553
0.27168
0.11023
0.24395
0.21191
0.31276
0.05318
0.06648
0.03078
0.04639
0.29928
0.07395
0.12511
0.11023
0.28579
0.15278
0.28312
0.22129
0.07486
0.27666
0.10088
0.03732
0.23804
0.18657
0.26856
0.06235
0.11466
0.22237
0.19179
0.30076
0.25579
0.08133
0.06572
0.20783
0.21210
0.24292
0.20847
0.08772
0.31697
0.14024
0.13426
0.28370
0.27488
0.09964
0.14417
0.18184
0.04924
0.02733
0.19078
0.14941
0.19017
0.27805
0.29122
0.19642
0.32681
0.27620
0.20380
0.19098
0.17748
0.13853
0.03250
0.24422
0.10711
0.09661
0.21976
0.24739
0.28729
0.25684
0.04831
0.09050
0.17640
0.15779
0.20388
0.23484
0.10988
0.19053
0.31447
0.16066
0.25903
0.13713
0.03741
0.05657
0.17754
0.07398
0.06261
0.28554
0.29986
0.09719
0.05969
0.02463
0.08171
0.09494
0.24222
