0.10160
0.11863
0.08695
0.22663
0.06383
0.15477
0.21683
0.15334
0.15237
0.03105
0.18197
0.15581
0.15199
0.12401
0.08805
0.21089
0.10711
0.12600
0.04218
0.13766
0.28211
0.11358
0.15886
0.03298
0.15650
0.13148
0.09267
0.25148
0.05141
0.12085
0.12941
0.26364
0.12934
0.10332
0.05227
0.09532
0.11909
0.06117
0.08031
0.14365
0.30092
0.26174
0.10143
0.09270
0.28784
0.21565
0.17512
0.23173
0.16119
0.12980
0.09191
0.13987
0.13399
0.27134
0.13159
0.20833
0.23242
0.10837
0.10360
0.06799
0.23944
0.31509
0.10447
0.17971
0.28419
0.32038
0.04285
0.20049
0.10856
0.04645
0.12253
0.31415
0.32030
0.20868
0.23406
0.10897
0.04583
0.01641
0.19296
0.14852
0.32121
0.11372
0.33709
0.25719
0.24782
0.35283
0.09546
0.09403
0.11825
0.22349
0.33849
0.16027
0.07716
0.27829
0.03987
0.18668
0.17424
0.22986
0.19527
0.14867
0.09559
0.20157
0.12067
0.11769
0.20294
0.29380
0.14907
0.14555
0.18853
0.27548
0.02660
0.25316
0.07237
0.27398
0.10183
0.14115
0.28243
0.02736
0.05551
0.18017
0.21445
0.07085
0.28415
0.02367
0.08963
0.16039
0.29173
0.27724
0.17063
0.24615
0.06679
0.08857
0.32417
0.34290
0.09445
0.15636
0.07675
0.28345
0.27167
0.04051
0.15357
0.02412
0.27935
0.13258
0.14116
0.26598
0.12524
0.33318
0.17501
0.08854
0.15297
0.21815
0.09982
0.31196
0.31573
0.34193
0.12958
0.10960
0.15465
0.18064
0.21227
0.29312
0.26149
0.31017
0.10399
0.07559
0.32592
0.27823
0.04723
0.25564
0.03468
0.22631
0.21699
0.01732
0.06801
0.19955
0.04645
0.08068
0.15044
0.24318
0.06721
0.10552
0.18423
0.14675
0.10698
0.17918
0.22263
0.23831
0.24681
0.17250
0.11634
0.05417
0.07117
0.15001
0.13404
0.24478
0.26787
0.11801
0.06931
0.25915
0.19646
0.10353
0.17401
0.14446
0.05873
0.19960
0.08257
0.16536
0.26374
0.09887
0.24851
0.22189
0.11718
0.19725
0.27689
0.25784
0.12598
0.26175
0.20521
0.32204
0.11154
0.18127
0.11023
0.05881
0.05604
0.06383
0.13168
0.20786
0.13065
0.07268
0.21209
0.10648
0.25033
0.12770
0.08194
0.28826
0.10772
0.04665
0.09760
0.29264
0.06701
0.29186
0.07739
0.11445
0.15081
0.16182
0.11179
0.04304
0.09334
0.11124
0.10084
0.10708
0.09032
0.28870
0.15096
0.15240
0.20963
0.09915
0.07187
0.13203
0.18096
0.14306
0.19676
0.19241
0.14269
0.24787
0.31887
0.09703
0.11661
0.06795
0.09651
0.11595
0.04586
0.04327
0.35964
0.14812
0.04388
0.17080
0.11300
0.06699
0.16929
0.33350
0.12791
0.07998
0.26444
0.11551
0.23671
0.16711
0.17612
0.10141
0.07067
0.07097
0.17447
0.16669
0.13719
0.09372
0.13519
0.15594
0.19123
0.12203
0.35681
0.25356
0.26460
0.07189
0.08099
0.29177
0.30095
0.32404
0.03121
0.23545
0.11574
0.28742
0.09739
0.07657
0.10346
0.08749
0.10283
0.19194
0.24029
0.08640
0.07220
0.03847
0.27277
0.14905
0.23764
0.13260
0.17357
0.23431
0.12743
0.04162
0.25458
0.26477
0.37760
0.26461
0.31398
0.21637
0.23309
0.29841
0.24341
0.22365
0.06973
0.06072
0.13534
0.22752
0.03955
0.05417
0.22230
0.12109
0.18719
0.15276
0.13986
0.11975
0.26933
0.28369
0.22443
0.17447
0.31809
0.14235
0.17705
0.30584
0.07856
0.22188
0.03068
0.06265
0.17811
0.03932
0.25642
0.30752
0.08680
0.06052
0.10146
0.27445
0.11338
0.06410
0.06986
0.05350
0.05446
0.11141
0.17502
0.03225
0.28265
0.15141
0.15933
0.07980
0.18712
0.29785
0.22361
0.27316
0.36556
0.18030
0.30895
0.31610
0.29510
0.30254
0.28941
0.24898
0.37287
0.27281
0.26121
0.26377
0.24507
0.29553
0.18380
0.38753
0.33680
0.23665
0.26950
0.24715
0.23728
0.32473
0.28189
0.20639
0.32357
0.33407
0.22836
0.22541
0.34550
0.26561
0.23601
0.26558
0.28080
0.31931
0.27795
0.18571
0.35629
0.25766
0.23041
0.32038
0.19206
0.26143
0.36516
0.26792
0.29371
0.29020
0.27809
0.21626
0.26814
0.33968
0.19003
0.26669
0.34085
0.22093
0.26249
0.29863
0.18522
0.29080
0.25717
0.29449
0.31351
0.29080
0.24494
0.16974
0.28763
0.38685
0.13793
0.27597
0.21733
0.20536
0.21721
0.35908
0.28792
0.35182
0.14588
0.34841
0.26106
0.28406
0.38159
0.31507
0.28914
0.27089
0.22649
0.28033
0.17748
0.38015
0.28333
0.22760
0.14534
0.30557
0.18250
0.26035
0.28819
0.27680
0.36375
0.33608
0.22422
0.34661
0.32481
0.16170
0.16314
0.27977
0.15540
0.14898
0.12455
0.31267
0.35414
0.26541
0.23677
0.23690
0.28049
0.19606
0.28774
0.26439
0.26978
0.19510
0.29323
0.27609
0.20699
0.17344
0.35867
0.29822
0.18971
0.31352
0.31877
0.25091
0.35240
0.31679
0.24335
0.29916
0.21630
0.30175
0.30467
0.28546
0.27475
0.22299
0.14505
0.31765
0.20204
0.28577
0.22453
0.26302
0.30469
0.29003
0.17727
0.24101
0.30087
0.21132
0.28817
0.18180
0.24971
0.21977
0.20784
0.21613
0.30576
0.32364
0.32781
0.21625
0.20822
0.33208
0.20005
0.19551
0.20746
0.31360
0.30947
0.15006
0.17470
0.25752
0.25806
0.20670
0.13354
0.20847
0.26563
0.23413
0.24421
0.23616
0.30007
0.14659
0.22802
0.26638
0.27591
0.16123
0.28137
0.27771
0.23891
0.35611
0.16637
0.31484
0.23021
0.38523
0.32634
0.25405
0.26717
0.28681
0.28807
0.17041
0.31536
0.27871
0.25217
0.29595
0.29062
0.34912
0.22766
0.30171
0.21427
0.34307
0.20675
0.28195
0.23514
0.24804
0.27616
0.25178
0.22145
0.24852
0.25536
0.32527
0.21067
0.29697
0.21020
0.25980
0.28445
0.28780
0.31409
0.11620
0.22345
0.32926
0.34005
0.24806
0.26775
0.30186
0.26635
0.24628
0.20526
0.30575
0.27448
0.26351
0.22132
0.15707
0.29327
0.31892
0.23159
0.24723
0.22505
0.34725
0.27852
0.21430
0.18758
0.28646
0.30483
0.27773
0.27925
0.24163
0.36701
0.36697
0.12787
0.21392
0.33088
0.27117
0.27183
0.30466
0.35080
0.20799
0.18850
0.19700
0.26952
0.28190
0.36614
0.27733
0.27065
0.27386
0.22226
0.25839
0.31608
0.28065
0.15999
0.34345
0.23934
0.22143
0.35751
0.32040
0.26812
0.22884
0.27087
0.30542
0.32889
0.33390
0.23673
0.28265
0.18600
0.29246
0.30803
0.10644
0.26356
0.17127
0.25302
0.26231
0.21944
0.28638
0.24936
0.25293
0.20025
0.26144
0.25918
0.35772
0.27766
0.26417
0.17349
0.30131
0.25577
0.23265
0.18991
0.35681
0.28948
0.32887
0.24911
0.22944
0.27472
0.25411
0.22953
0.28616
0.17025
0.34465
0.27170
0.35795
0.29290
0.31213
0.35518
0.28144
0.24191
0.28338
0.18282
0.22424
0.27488
0.23218
0.29133
0.32048
0.27299
0.31412
0.38627
0.32279
0.33320
0.26045
0.31968
0.30382
0.38189
0.24699
0.27100
0.32761
0.33169
0.28583
0.33758
0.40402
0.22237
0.26526
0.35990
0.24498
0.32224
0.32572
0.23980
0.26870
0.37341
0.23521
0.25943
0.31584
0.30138
0.25217
0.25359
0.25984
0.27805
0.29596
0.30305
0.29309
0.23739
0.29123
0.28236
0.29539
0.25547
0.26402
0.12736
0.35024
0.33632
0.37746
0.30858
0.31314
0.39657
0.38148
0.27154
0.16795
0.30845
0.40367
0.29814
0.22385
0.31078
0.32345
0.24454
0.23930
0.33546
0.24570
0.29162
0.24712
0.34040
0.37195
0.42364
0.34325
0.32093
0.26734
0.40200
0.32389
0.30735
0.30854
0.39116
0.27152
0.16939
0.33647
0.47356
0.25514
0.44008
0.40902
0.20992
0.29920
0.36367
0.32243
0.30746
0.23063
0.27545
0.20427
0.30189
0.29325
0.28539
0.32227
0.40376
0.28967
0.26685
0.25218
0.20919
0.25651
0.38713
0.25899
0.10920
0.33842
0.18987
0.16589
0.42407
0.15177
0.26953
0.21420
0.25702
0.26586
0.45611
0.17906
0.32967
0.38757
0.25162
0.23382
0.25147
0.29389
0.22532
0.36633
0.18025
0.36266
0.34231
0.27558
0.25551
0.23910
0.35687
0.28485
0.22174
0.34718
0.45019
0.31912
0.30207
0.38017
0.37876
0.23280
0.25465
0.29736
0.38377
0.23032
0.23365
0.23322
0.35605
0.26473
0.26386
0.26163
0.33294
0.37644
0.23875
0.29156
0.35364
0.31171
0.29286
0.27249
0.42252
0.30232
0.29845
0.28092
0.30254
0.34992
0.28152
0.30153
0.23904
0.34463
0.27638
0.23872
0.31194
0.30677
0.23662
0.28286
0.23701
0.32672
0.20119
0.01539
0.11346
0.22836
0.26487
0.30629
0.19776
0.23121
0.36300
0.19082
0.04387
0.18070
0.05790
0.32115
0.23801
0.18117
0.27522
0.09005
0.09585
0.20984
0.17784
0.10730
0.15723
0.26147
0.28154
0.21712
0.20965
0.26816
0.03797
0.30686
0.22240
0.07049
0.05958
0.07980
0.29493
0.06737
0.19043
0.21459
0.30620
0.02653
0.03819
0.08751
0.06377
0.23677
0.19174
0.13965
0.18091
0.22715
0.13779
0.27557
0.22070
0.06010
0.27882
0.15115
0.05057
0.23449
0.17227
0.22916
0.07079
0.09128
0.20914
0.20517
0.30324
0.23828
0.02521
0.13435
0.19036
0.20148
0.09449
0.19510
0.12555
0.28870
0.19014
0.15878
0.25965
0.29221
0.06780
0.12456
0.13991
0.09727
0.02045
0.22589
0.12143
0.17278
0.26366
0.30485
0.21042
0.30493
0.23403
0.25563
0.10721
0.21208
0.17903
0.04506
0.24590
0.10884
0.06389
0.18261
0.25541
0.28572
0.25413
0.08579
0.07593
0.11183
0.22976
0.26428
0.25474
0.08996
0.20043
0.32039
0.16532
0.23740
0.08700
0.04617
0.04024
0.13722
0.05014
0.08890
0.29306
0.26613
0.08067
0.10433
0.04993
0.08230
0.07161
0.25383
