0.16088
0.19015
0.12990
0.26124
0.11792
0.16610
0.23482
0.17182
0.18277
0.09681
0.22580
0.16684
0.21844
0.13041
0.17681
0.23885
0.12924
0.15808
0.09080
0.16963
0.32188
0.17339
0.20526
0.05935
0.23305
0.18071
0.15769
0.26101
0.09876
0.15805
0.19115
0.28969
0.19419
0.10687
0.14850
0.09824
0.12785
0.12936
0.19689
0.16722
0.28802
0.27429
0.18259
0.13798
0.31115
0.21275
0.14337
0.26829
0.21632
0.18729
0.10281
0.15878
0.12976
0.29502
0.09749
0.20248
0.25850
0.15943
0.16607
0.12017
0.28762
0.33300
0.12984
0.17946
0.28588
0.30726
0.08785
0.16320
0.16579
0.07852
0.15238
0.30358
0.32921
0.19324
0.24603
0.17677
0.07999
0.05680
0.21526
0.19176
0.31719
0.21038
0.34921
0.25401
0.25853
0.37237
0.09506
0.15363
0.18456
0.28174
0.33390
0.18925
0.10575
0.24056
0.10045
0.23231
0.20432
0.21167
0.19283
0.17986
0.10541
0.20961
0.12368
0.13581
0.23028
0.27104
0.18696
0.16711
0.20586
0.28633
0.06339
0.26636
0.17884
0.22926
0.12797
0.20528
0.25232
0.07022
0.10961
0.18774
0.25242
0.12700
0.28870
0.03367
0.12740
0.17872
0.32972
0.25784
0.17317
0.26896
0.13827
0.15716
0.30425
0.33199
0.11521
0.16617
0.11394
0.27992
0.27284
0.08818
0.20831
0.05874
0.30813
0.15273
0.15130
0.30571
0.12774
0.33401
0.15499
0.11169
0.19209
0.26608
0.13491
0.30160
0.32508
0.32053
0.19112
0.23372
0.16490
0.22237
0.28863
0.27213
0.29488
0.32724
0.10346
0.15255
0.30762
0.29420
0.09790
0.26524
0.08670
0.22353
0.24548
0.08145
0.15748
0.23287
0.12748
0.14150
0.23749
0.27469
0.10389
0.12003
0.27509
0.16744
0.18852
0.19926
0.23993
0.27044
0.24456
0.24059
0.14808
0.11913
0.07509
0.16294
0.21756
0.22863
0.24194
0.21770
0.10262
0.28540
0.23427
0.09383
0.21543
0.13737
0.08835
0.25513
0.14041
0.23430
0.24613
0.12007
0.26574
0.21760
0.14225
0.26051
0.25606
0.23781
0.13531
0.29077
0.24504
0.34826
0.12182
0.26135
0.15129
0.11315
0.10427
0.10151
0.24422
0.22705
0.23271
0.09328
0.23790
0.17534
0.24552
0.18017
0.05193
0.29259
0.12914
0.13441
0.13596
0.24323
0.14985
0.31114
0.12862
0.13040
0.15748
0.23921
0.12507
0.07720
0.13967
0.11812
0.10729
0.18787
0.13466
0.26708
0.15517
0.15476
0.20248
0.15239
0.07611
0.14691
0.22694
0.18774
0.27315
0.24235
0.17072
0.24870
0.30810
0.09524
0.19914
0.07977
0.13613
0.12773
0.07674
0.06811
0.37766
0.19013
0.11403
0.21471
0.19092
0.10117
0.18120
0.33077
0.16276
0.11814
0.28564
0.10893
0.22724
0.17487
0.20499
0.24594
0.18598
0.08970
0.21802
0.21117
0.20693
0.11634
0.15728
0.19256
0.21002
0.20134
0.33951
0.27094
0.27889
0.18732
0.12783
0.31723
0.32601
0.33756
0.05431
0.23925
0.10860
0.27112
0.15407
0.10843
0.22152
0.16947
0.16694
0.21006
0.24587
0.10151
0.14864
0.09174
0.26693
0.17770
0.28154
0.20045
0.26647
0.24035
0.15966
0.09295
0.24465
0.25296
0.34977
0.25446
0.32675
0.23538
0.24972
0.27755
0.29476
0.28289
0.06741
0.12545
0.17284
0.24391
0.09776
0.09447
0.20764
0.16197
0.22965
0.13068
0.19131
0.11430
0.29507
0.25975
0.26052
0.19408
0.28683
0.18199
0.17403
0.31714
0.11088
0.22414
0.07101
0.15260
0.20370
0.07763
0.26083
0.31993
0.08720
0.10393
0.19612
0.27959
0.10737
0.06940
0.06865
0.11564
0.09640
0.19923
0.18791
0.14232
0.28023
0.22566
0.24184
0.15719
0.15453
0.29283
0.21409
0.28421
0.34747
0.19710
0.26679
0.31265
0.29821
0.31876
0.28319
0.26170
0.33549
0.24941
0.23569
0.27769
0.23482
0.30456
0.18859
0.37071
0.32227
0.21967
0.27263
0.24784
0.25790
0.34481
0.29381
0.25408
0.31634
0.32719
0.20519
0.27169
0.32523
0.27066
0.24339
0.26476
0.29820
0.31177
0.26082
0.23117
0.34775
0.24117
0.23511
0.32026
0.18441
0.31095
0.34952
0.29718
0.30318
0.30821
0.28245
0.25903
0.28815
0.34302
0.22594
0.29675
0.32246
0.26968
0.26925
0.31598
0.19066
0.31315
0.27678
0.27231
0.29968
0.27156
0.28515
0.18256
0.27556
0.35369
0.13311
0.27957
0.20927
0.21949
0.18018
0.36134
0.29690
0.31652
0.16672
0.34689
0.26805
0.26618
0.35605
0.30140
0.30229
0.28953
0.23662
0.29076
0.18638
0.35501
0.30163
0.22870
0.18591
0.33678
0.21315
0.26358
0.29462
0.26884
0.34707
0.29930
0.20893
0.30103
0.28698
0.18055
0.17540
0.29426
0.18269
0.17153
0.16263
0.28513
0.34450
0.27155
0.27881
0.24315
0.29811
0.21749
0.31642
0.26729
0.29762
0.20929
0.28278
0.29233
0.20622
0.16566
0.36156
0.29954
0.20823
0.30413
0.31223
0.25202
0.36104
0.30145
0.25890
0.27830
0.21818
0.28475
0.30273
0.28058
0.26682
0.23603
0.16129
0.31477
0.21261
0.28495
0.24059
0.27695
0.32964
0.28732
0.17724
0.22941
0.28747
0.21005
0.30013
0.20440
0.21903
0.22819
0.23021
0.18504
0.31674
0.32125
0.31325
0.26095
0.22576
0.32352
0.22106
0.21262
0.20674
0.28121
0.27071
0.16209
0.19003
0.28093
0.28815
0.19544
0.15821
0.21189
0.24547
0.21842
0.22653
0.27484
0.32041
0.17521
0.25685
0.26037
0.29501
0.20647
0.30726
0.26614
0.25430
0.38299
0.17738
0.27855
0.24334
0.35431
0.31324
0.26050
0.27698
0.29021
0.27345
0.20005
0.32122
0.26354
0.25960
0.27541
0.24736
0.33892
0.24139
0.26017
0.24073
0.34231
0.25386
0.26606
0.21351
0.25375
0.27209
0.24747
0.20260
0.22950
0.22854
0.32619
0.21684
0.29868
0.23925
0.27421
0.27520
0.27741
0.28391
0.15098
0.23262
0.31138
0.32090
0.27541
0.29118
0.28675
0.25565
0.25690
0.24187
0.29093
0.29714
0.28728
0.24041
0.17229
0.28927
0.31019
0.26072
0.28282
0.22114
0.32430
0.28370
0.20816
0.19636
0.28274
0.29877
0.29704
0.28654
0.25340
0.35507
0.34122
0.14941
0.24187
0.31348
0.29404
0.28697
0.31929
0.33122
0.22271
0.18062
0.16821
0.28641
0.30187
0.35306
0.27500
0.29208
0.29822
0.23453
0.24953
0.27817
0.25748
0.16352
0.32468
0.19940
0.23256
0.33309
0.31052
0.23914
0.24901
0.23904
0.30555
0.32827
0.33954
0.26309
0.27510
0.18158
0.30501
0.29090
0.14343
0.26456
0.20737
0.24886
0.28707
0.23144
0.26040
0.22773
0.27726
0.20907
0.21886
0.22699
0.33439
0.30177
0.27553
0.20984
0.29042
0.25742
0.23791
0.19126
0.32036
0.28871
0.35123
0.23983
0.27102
0.29975
0.23290
0.23138
0.27193
0.18535
0.31556
0.27144
0.33552
0.27372
0.28907
0.33995
0.27716
0.27220
0.31036
0.18091
0.22549
0.30823
0.23188
0.29693
0.30352
0.30693
0.31939
0.37751
0.30235
0.30898
0.26658
0.29151
0.31111
0.34619
0.28021
0.27913
0.31664
0.31832
0.29212
0.31270
0.38597
0.22869
0.26905
0.31325
0.24376
0.31696
0.32693
0.23072
0.27153
0.33264
0.23453
0.29115
0.30783
0.28430
0.25044
0.25283
0.26856
0.24604
0.27401
0.31871
0.29190
0.25520
0.29305
0.28891
0.29996
0.28622
0.26274
0.15804
0.29578
0.33199
0.32967
0.32453
0.29689
0.36896
0.38766
0.29066
0.18918
0.32294
0.37364
0.26283
0.15272
0.32356
0.30995
0.22145
0.26020
0.29542
0.26972
0.24888
0.24742
0.34184
0.31468
0.35396
0.27923
0.31944
0.30038
0.38106
0.27579
0.27958
0.32510
0.33051
0.29353
0.18922
0.29144
0.41932
0.24658
0.39396
0.38740
0.17500
0.30582
0.35432
0.33129
0.29272
0.27727
0.30362
0.23275
0.29324
0.30439
0.23290
0.29537
0.36799
0.29894
0.30430
0.22766
0.22718
0.28562
0.39145
0.17589
0.11373
0.30736
0.07548
0.18585
0.39054
0.11725
0.21129
0.20954
0.28914
0.23249
0.44557
0.15085
0.33744
0.38645
0.23015
0.19475
0.27276
0.22183
0.14343
0.34709
0.16637
0.34681
0.32637
0.28800
0.22796
0.26467
0.32954
0.27194
0.18908
0.33621
0.42538
0.28729
0.28204
0.36431
0.36475
0.25506
0.24843
0.27929
0.35656
0.16877
0.20854
0.22939
0.32501
0.29702
0.23606
0.29090
0.32125
0.32875
0.21107
0.31206
0.34023
0.27094
0.29697
0.24463
0.35783
0.31031
0.23985
0.30330
0.31524
0.30946
0.26658
0.30100
0.24271
0.32057
0.23797
0.27274
0.32820
0.30843
0.26874
0.30159
0.20280
0.30531
0.19023
0.08834
0.15546
0.26149
0.17102
0.24907
0.23156
0.28546
0.35622
0.22543
0.11106
0.17767
0.05240
0.29126
0.22466
0.19559
0.29986
0.10155
0.17286
0.23269
0.22863
0.09576
0.13722
0.23146
0.21695
0.12296
0.21637
0.29246
0.10277
0.29245
0.22625
0.11744
0.14616
0.15691
0.31530
0.18461
0.25891
0.20950
0.30645
0.11374
0.11106
0.10860
0.15281
0.26774
0.14246
0.15249
0.16345
0.27039
0.21580
0.31401
0.25370
0.16565
0.27714
0.09668
0.08965
0.33649
0.18033
0.27155
0.09195
0.12810
0.20906
0.22975
0.28416
0.26503
0.08757
0.07931
0.21184
0.20069
0.21148
0.25307
0.14735
0.20965
0.14568
0.14417
0.27479
0.28516
0.16752
0.12856
0.14567
0.08057
0.09535
0.24548
0.18995
0.18666
0.22317
0.23032
0.19676
0.34394
0.22464
0.28804
0.18368
0.18323
0.23315
0.04069
0.21218
0.12070
0.06975
0.20631
0.26703
0.24733
0.21210
0.07902
0.11210
0.20500
0.23658
0.27582
0.21340
0.16729
0.24256
0.32646
0.12734
0.24071
0.18510
0.09869
0.06946
0.23058
0.11836
0.13610
0.24727
0.26679
0.10277
0.14223
0.06352
0.15022
0.12013
0.22314
