0.16344
0.10469
0.09876
0.25390
0.15680
0.12476
0.26169
0.16236
0.19680
0.05908
0.22912
0.14613
0.23154
0.10848
0.17743
0.23833
0.15171
0.18912
0.09915
0.15309
0.29336
0.13667
0.21244
0.09896
0.26068
0.18516
0.15619
0.23628
0.12433
0.15916
0.19482
0.30211
0.16588
0.09527
0.13784
0.09303
0.14834
0.13038
0.17227
0.20951
0.29369
0.27708
0.13236
0.17122
0.28524
0.21712
0.16808
0.27697
0.20352
0.18249
0.10909
0.18008
0.13218
0.30950
0.09268
0.26401
0.24653
0.14494
0.12869
0.10354
0.26950
0.30922
0.16283
0.19075
0.27337
0.30386
0.08697
0.18248
0.15345
0.07610
0.16716
0.30268
0.31031
0.19916
0.26027
0.17987
0.08708
0.07498
0.24881
0.15624
0.32757
0.20547
0.33665
0.25182
0.27469
0.34137
0.09359
0.10114
0.19200
0.27636
0.33177
0.18581
0.07340
0.27137
0.10308
0.16203
0.20236
0.23373
0.20348
0.17933
0.09857
0.20649
0.12649
0.12071
0.23941
0.26596
0.18938
0.15218
0.17540
0.26556
0.03716
0.27559
0.15277
0.23811
0.09426
0.17692
0.26052
0.10519
0.08399
0.20627
0.25906
0.12912
0.28264
0.03732
0.14528
0.17714
0.33099
0.25352
0.18222
0.27847
0.14653
0.15099
0.32344
0.31066
0.10854
0.17626
0.10566
0.29418
0.25428
0.08653
0.20914
0.06317
0.29028
0.20206
0.15151
0.27767
0.09382
0.34435
0.19436
0.08757
0.15871
0.25237
0.10183
0.30982
0.28389
0.31607
0.18649
0.20712
0.14050
0.22630
0.28323
0.27691
0.30488
0.32151
0.09785
0.18666
0.31775
0.29646
0.15774
0.26381
0.09030
0.25247
0.25693
0.08058
0.13020
0.22441
0.07954
0.10364
0.21852
0.28687
0.10456
0.11415
0.25045
0.16359
0.14282
0.24524
0.23056
0.27267
0.25136
0.22602
0.13783
0.11044
0.10488
0.17699
0.20374
0.26391
0.17311
0.24250
0.12564
0.29067
0.21694
0.13139
0.23336
0.13042
0.04378
0.28489
0.15412
0.26831
0.26189
0.08156
0.27267
0.23706
0.13213
0.26967
0.25416
0.22972
0.13509
0.28778
0.24559
0.33286
0.12913
0.21825
0.14390
0.09766
0.12515
0.08531
0.23828
0.22059
0.20903
0.12068
0.26361
0.14854
0.25185
0.17868
0.04484
0.29039
0.11680
0.04485
0.10640
0.28637
0.08180
0.26851
0.14298
0.11348
0.15240
0.20862
0.10063
0.06089
0.13449
0.11353
0.10225
0.14815
0.13183
0.26456
0.15882
0.14066
0.20298
0.13194
0.08068
0.11866
0.22267
0.20149
0.22926
0.19839
0.19284
0.22213
0.30234
0.09492
0.22982
0.06950
0.10700
0.11463
0.08697
0.05481
0.35652
0.19164
0.13401
0.18407
0.18275
0.09742
0.17739
0.35870
0.13756
0.11792
0.28212
0.11448
0.23348
0.18892
0.22566
0.18042
0.12469
0.08769
0.24980
0.23015
0.23463
0.11153
0.18963
0.18456
0.17580
0.22591
0.35163
0.28777
0.28104
0.16897
0.16018
0.27816
0.31404
0.34570
0.03177
0.26926
0.12366
0.31663
0.16484
0.11385
0.20169
0.13944
0.11543
0.18914
0.26035
0.09655
0.11752
0.06978
0.27848
0.18698
0.29159
0.19725
0.22502
0.25918
0.20591
0.09710
0.24552
0.25413
0.36359
0.28629
0.30927
0.23298
0.26452
0.30483
0.26127
0.28835
0.08256
0.10723
0.14064
0.24220
0.09083
0.09021
0.20582
0.19352
0.26915
0.12922
0.20535
0.10975
0.30716
0.27931
0.26214
0.22800
0.29743
0.19022
0.13216
0.31021
0.11993
0.25009
0.07150
0.12903
0.23813
0.08693
0.27034
0.32952
0.07335
0.12637
0.16545
0.26352
0.10254
0.08074
0.08608
0.08497
0.12286
0.17354
0.17894
0.14802
0.27479
0.23665
0.23752
0.10938
0.18635
0.30286
0.19280
0.29700
0.34323
0.13616
0.28536
0.30703
0.31170
0.34368
0.27846
0.26561
0.33891
0.21517
0.23791
0.26366
0.21123
0.31464
0.20293
0.36456
0.30220
0.27277
0.26904
0.23991
0.26223
0.34094
0.30570
0.25417
0.31781
0.32970
0.21337
0.27485
0.31855
0.26286
0.23306
0.25037
0.29265
0.31408
0.24732
0.24233
0.34032
0.24698
0.26582
0.30632
0.18406
0.31014
0.34357
0.29823
0.30474
0.31577
0.29397
0.24369
0.29805
0.33248
0.21332
0.29957
0.32528
0.27491
0.29693
0.29397
0.17425
0.31288
0.27078
0.28341
0.31520
0.29537
0.29101
0.18947
0.27460
0.34743
0.13812
0.27277
0.19954
0.20405
0.19760
0.35809
0.29261
0.32544
0.17393
0.34743
0.26785
0.27470
0.35359
0.31787
0.31411
0.28273
0.24370
0.26938
0.19208
0.35224
0.30100
0.22287
0.16787
0.31728
0.22316
0.24416
0.29031
0.24452
0.34595
0.30700
0.21113
0.30919
0.29133
0.15881
0.14090
0.27329
0.18485
0.21473
0.15445
0.29361
0.32830
0.26834
0.26904
0.24250
0.32219
0.21957
0.31672
0.26197
0.32473
0.21380
0.28733
0.31294
0.20820
0.18548
0.34985
0.29229
0.19534
0.32398
0.31319
0.24864
0.35299
0.32534
0.23801
0.25320
0.21848
0.27517
0.30258
0.29961
0.28011
0.23796
0.16656
0.29068
0.23093
0.28726
0.22982
0.29586
0.32687
0.28498
0.19828
0.23617
0.28100
0.20342
0.29662
0.20268
0.24577
0.22245
0.23781
0.21166
0.29251
0.31607
0.31722
0.22890
0.18243
0.32244
0.21864
0.19324
0.19649
0.29743
0.29988
0.18016
0.19268
0.26467
0.30426
0.17908
0.15903
0.20886
0.24891
0.21833
0.26265
0.26813
0.32972
0.18854
0.22497
0.26470
0.30840
0.18068
0.30734
0.27666
0.24898
0.37080
0.19190
0.29688
0.23606
0.34651
0.31641
0.26562
0.26999
0.30197
0.27331
0.19934
0.31408
0.27343
0.28513
0.26285
0.26755
0.33279
0.25019
0.28756
0.23865
0.34365
0.23374
0.26291
0.22429
0.27017
0.25629
0.24215
0.21757
0.22882
0.23733
0.31151
0.20876
0.29969
0.22673
0.28132
0.31061
0.29046
0.26745
0.14326
0.21159
0.32478
0.31924
0.27324
0.28908
0.25860
0.24295
0.24314
0.22118
0.29751
0.29567
0.28697
0.24887
0.19016
0.31118
0.29498
0.25500
0.26723
0.21709
0.33899
0.28824
0.20745
0.22867
0.27191
0.28984
0.31706
0.24894
0.27668
0.33029
0.34449
0.16165
0.24962
0.31588
0.28673
0.28820
0.30986
0.33907
0.25259
0.19783
0.21583
0.27916
0.30791
0.35216
0.27758
0.29048
0.29517
0.24243
0.26518
0.29960
0.27654
0.16995
0.32310
0.22038
0.23868
0.33372
0.30165
0.25239
0.24436
0.21639
0.30765
0.35426
0.32085
0.23191
0.28199
0.19894
0.31216
0.31054
0.13347
0.26496
0.20539
0.25687
0.30595
0.23489
0.26347
0.23276
0.27241
0.24068
0.21420
0.24133
0.33534
0.26569
0.27329
0.20531
0.28830
0.23830
0.23166
0.19974
0.31900
0.28363
0.33162
0.25677
0.23684
0.30703
0.24740
0.24486
0.26732
0.17078
0.32729
0.27450
0.32956
0.27876
0.30275
0.34435
0.26145
0.24947
0.31641
0.18455
0.20869
0.30156
0.19396
0.30988
0.30785
0.27427
0.31720
0.38358
0.29451
0.32997
0.25154
0.29305
0.28396
0.35490
0.24635
0.27208
0.31867
0.32071
0.31090
0.31688
0.37774
0.23342
0.24367
0.32222
0.21340
0.31172
0.32583
0.25914
0.25567
0.32826
0.22025
0.28991
0.30257
0.28229
0.21765
0.26927
0.25805
0.28225
0.29962
0.32260
0.28063
0.24035
0.31302
0.26452
0.31984
0.28692
0.26416
0.14534
0.31960
0.31808
0.33048
0.32142
0.29364
0.37282
0.40518
0.27002
0.17053
0.30043
0.37067
0.28742
0.18274
0.29249
0.33137
0.24065
0.23785
0.30550
0.26860
0.26471
0.24235
0.33263
0.35157
0.40279
0.28022
0.30065
0.28031
0.38473
0.26376
0.30101
0.29494
0.37053
0.28211
0.19426
0.29648
0.44153
0.26289
0.39447
0.39077
0.18925
0.29066
0.35133
0.30661
0.28565
0.25331
0.27717
0.22420
0.29375
0.29465
0.29457
0.28867
0.36214
0.28795
0.27883
0.26213
0.21816
0.26282
0.38384
0.20708
0.12361
0.34256
0.16498
0.20121
0.40170
0.14256
0.23546
0.22543
0.27587
0.23305
0.44586
0.18950
0.33479
0.37518
0.23685
0.23659
0.25502
0.21853
0.20248
0.35250
0.16214
0.35888
0.34853
0.25807
0.24931
0.23803
0.32888
0.28749
0.20187
0.34634
0.43201
0.31490
0.29704
0.36112
0.35579
0.22726
0.27715
0.26276
0.38243
0.20789
0.24527
0.24125
0.34909
0.27348
0.24937
0.26059
0.30605
0.37751
0.22113
0.28714
0.33074
0.28159
0.29710
0.25222
0.38919
0.29289
0.25694
0.29151
0.31258
0.31400
0.25878
0.29895
0.24250
0.32481
0.24284
0.24096
0.31764
0.30231
0.22390
0.29851
0.16622
0.29283
0.17718
0.06564
0.14954
0.24890
0.16344
0.22236
0.23322
0.26125
0.36009
0.27355
0.09063
0.19672
0.06078
0.22586
0.26195
0.17069
0.28723
0.14463
0.13298
0.19021
0.24889
0.17913
0.12687
0.24896
0.25686
0.21813
0.20528
0.28072
0.05187
0.30149
0.22762
0.04303
0.11706
0.17149
0.27599
0.10769
0.24236
0.22868
0.29444
0.08421
0.08713
0.03915
0.08207
0.27167
0.13489
0.11833
0.25592
0.26071
0.20797
0.29276
0.20600
0.13867
0.30164
0.10799
0.10682
0.26373
0.17628
0.29495
0.06774
0.12893
0.21198
0.19387
0.27309
0.25453
0.04444
0.11641
0.17280
0.20862
0.23250
0.22190
0.17196
0.27622
0.22448
0.14192
0.24355
0.28413
0.15106
0.13540
0.20345
0.09734
0.06082
0.22805
0.22836
0.19570
0.24973
0.22888
0.19500
0.30245
0.26228
0.22590
0.21839
0.19301
0.18268
0.03877
0.28339
0.10237
0.05705
0.20655
0.23198
0.26850
0.22074
0.05896
0.05592
0.20916
0.22121
0.25102
0.28201
0.10854
0.22190
0.32203
0.12325
0.24931
0.12465
0.07731
0.04721
0.18801
0.09143
0.09906
0.24752
0.27955
0.08647
0.08871
0.07485
0.12451
0.07925
0.28264
