0.12806
0.09716
0.05904
0.23143
0.08312
0.12957
0.24190
0.13994
0.14296
0.06054
0.20367
0.14116
0.12383
0.11194
0.14785
0.20413
0.13926
0.10948
0.07355
0.18151
0.29119
0.15193
0.13589
0.05144
0.26707
0.14190
0.11600
0.26285
0.11037
0.17318
0.13990
0.26687
0.13071
0.10547
0.06688
0.09313
0.12095
0.06497
0.11383
0.13914
0.25969
0.25694
0.09010
0.15878
0.27622
0.20079
0.17749
0.23966
0.17109
0.14383
0.10360
0.13999
0.15133
0.27582
0.08983
0.24070
0.20606
0.12007
0.13676
0.06098
0.24714
0.29026
0.13270
0.21209
0.29819
0.29423
0.04262
0.19906
0.10063
0.04200
0.12427
0.28929
0.26189
0.20570
0.24748
0.12413
0.07737
0.02440
0.21301
0.14981
0.30033
0.13639
0.31564
0.26317
0.25325
0.33340
0.10337
0.06578
0.12513
0.21501
0.31221
0.16654
0.06436
0.25528
0.05345
0.15294
0.18637
0.22059
0.18703
0.16950
0.09052
0.18386
0.12639
0.12326
0.22061
0.28757
0.14741
0.17504
0.13651
0.30924
0.02907
0.27586
0.08647
0.24250
0.11700
0.15238
0.27180
0.05141
0.04412
0.18843
0.21775
0.07902
0.28021
0.02394
0.08682
0.13423
0.30111
0.25109
0.17754
0.24787
0.07375
0.09355
0.30092
0.31502
0.10715
0.13884
0.06292
0.29242
0.28604
0.07117
0.14960
0.08551
0.30698
0.15920
0.11974
0.28129
0.07409
0.34733
0.17991
0.09420
0.18777
0.22999
0.10748
0.32046
0.30587
0.35223
0.10988
0.17120
0.14276
0.19395
0.24162
0.25192
0.28628
0.30956
0.09271
0.10769
0.30081
0.29381
0.05839
0.23899
0.06813
0.22627
0.24775
0.02183
0.06644
0.21099
0.07186
0.05397
0.16865
0.22886
0.12994
0.11730
0.19229
0.14449
0.11197
0.17427
0.22503
0.24625
0.25601
0.20143
0.10375
0.04804
0.08634
0.15114
0.13004
0.24973
0.18823
0.16151
0.09386
0.27944
0.23032
0.06605
0.19487
0.17306
0.08331
0.21959
0.08801
0.19126
0.24791
0.13701
0.23441
0.22873
0.09354
0.25167
0.25485
0.26793
0.12832
0.22505
0.19015
0.32922
0.11217
0.18448
0.14900
0.07246
0.04839
0.04961
0.15487
0.18374
0.12860
0.06057
0.26381
0.09298
0.28325
0.08889
0.06774
0.26807
0.13534
0.06745
0.09929
0.24287
0.06080
0.28046
0.08517
0.14530
0.15979
0.19433
0.10799
0.02097
0.09880
0.11183
0.10695
0.09204
0.08639
0.25063
0.13233
0.14665
0.22136
0.08942
0.05573
0.13860
0.20675
0.12547
0.20658
0.12710
0.13084
0.25842
0.27115
0.08872
0.16601
0.06118
0.08274
0.12077
0.05665
0.04408
0.36072
0.19017
0.04350
0.18904
0.16387
0.09131
0.16156
0.31594
0.15153
0.08327
0.29336
0.11593
0.22839
0.18022
0.17990
0.12369
0.08453
0.07026
0.16106
0.20747
0.16103
0.09877
0.17959
0.12430
0.14141
0.14191
0.33475
0.26157
0.24980
0.14074
0.12021
0.30619
0.31860
0.30769
0.03394
0.26054
0.12441
0.26748
0.14682
0.07205
0.11067
0.10332
0.11314
0.15435
0.28074
0.07670
0.07624
0.06107
0.26651
0.18524
0.26481
0.15437
0.22909
0.21269
0.11011
0.06336
0.23760
0.27187
0.31062
0.18996
0.31697
0.23691
0.23741
0.29086
0.29291
0.24027
0.05009
0.08554
0.12544
0.24886
0.05434
0.05522
0.18005
0.13548
0.22164
0.10313
0.17162
0.12070
0.25128
0.26449
0.22642
0.18611
0.32941
0.11705
0.12458
0.29862
0.11670
0.17750
0.06785
0.04739
0.20726
0.05676
0.26243
0.30528
0.06954
0.06037
0.14097
0.22875
0.13185
0.04246
0.06913
0.08316
0.05596
0.06523
0.20952
0.05546
0.29610
0.12157
0.16681
0.09863
0.20274
0.27966
0.21463
0.28101
0.34940
0.15066
0.26780
0.31346
0.29364
0.33929
0.27387
0.25176
0.35729
0.25627
0.24399
0.25416
0.21244
0.31655
0.18623
0.37748
0.30726
0.26688
0.26706
0.25624
0.26711
0.35677
0.31946
0.23642
0.30692
0.33780
0.23642
0.27918
0.29990
0.27979
0.24750
0.24953
0.28700
0.31852
0.26938
0.22831
0.33798
0.27088
0.27341
0.31563
0.22693
0.30653
0.36297
0.29107
0.31089
0.32503
0.29413
0.25106
0.29308
0.30641
0.21093
0.29398
0.30248
0.25701
0.29352
0.30069
0.18746
0.32795
0.27908
0.27798
0.31223
0.29646
0.30121
0.18518
0.27100
0.32997
0.16097
0.26522
0.21171
0.18642
0.21175
0.37537
0.30235
0.30672
0.17001
0.34687
0.26596
0.28250
0.37015
0.31513
0.30185
0.28995
0.23163
0.28020
0.20528
0.34283
0.29681
0.24270
0.16606
0.32659
0.21059
0.25601
0.29002
0.26056
0.34815
0.32863
0.23069
0.33539
0.31756
0.16546
0.17818
0.29729
0.18510
0.18538
0.15122
0.28043
0.33747
0.27461
0.28362
0.24423
0.30961
0.21652
0.30600
0.24776
0.32165
0.19671
0.28432
0.28782
0.20322
0.18008
0.35276
0.26690
0.19590
0.30781
0.30722
0.24684
0.35471
0.29173
0.23384
0.26213
0.21286
0.28715
0.29779
0.29196
0.25702
0.25063
0.17471
0.29786
0.19128
0.29668
0.22386
0.26880
0.32630
0.28432
0.20794
0.23006
0.29206
0.22995
0.30721
0.18995
0.23246
0.21428
0.24358
0.20904
0.32546
0.31747
0.30368
0.25407
0.19147
0.30592
0.23926
0.21037
0.22674
0.29622
0.30174
0.17107
0.18616
0.27387
0.30032
0.22779
0.17239
0.25728
0.26244
0.21969
0.25671
0.26065
0.33277
0.18577
0.25803
0.27389
0.29806
0.20513
0.31443
0.26043
0.24766
0.39508
0.19144
0.27627
0.21673
0.34293
0.30002
0.25423
0.29478
0.29499
0.26566
0.19840
0.32395
0.26866
0.26835
0.27297
0.28310
0.33396
0.24771
0.28546
0.21441
0.33102
0.23825
0.28470
0.23763
0.26988
0.29204
0.26072
0.20177
0.24745
0.21820
0.31548
0.19447
0.31480
0.23766
0.28840
0.29367
0.27636
0.26589
0.14662
0.24760
0.32938
0.32741
0.26538
0.28857
0.29334
0.27485
0.26674
0.24024
0.28853
0.28943
0.28001
0.23468
0.20801
0.30685
0.29563
0.25611
0.29204
0.23717
0.32631
0.29964
0.21545
0.19698
0.26765
0.27176
0.29139
0.26420
0.22689
0.33351
0.33109
0.16378
0.24052
0.29829
0.25872
0.29789
0.29139
0.33335
0.22706
0.20475
0.20754
0.27977
0.28112
0.36127
0.26449
0.28295
0.30557
0.22891
0.27200
0.29083
0.26165
0.17478
0.32604
0.20689
0.26266
0.31255
0.31020
0.27590
0.23682
0.26845
0.28365
0.36197
0.33326
0.27071
0.27868
0.20208
0.32812
0.25958
0.12014
0.27092
0.20450
0.23259
0.29531
0.24426
0.26846
0.24926
0.26745
0.21598
0.23269
0.25588
0.33543
0.28001
0.27426
0.20146
0.28097
0.24709
0.24879
0.21208
0.30781
0.26459
0.33183
0.24612
0.24786
0.28528
0.27346
0.24450
0.26131
0.19456
0.30055
0.28276
0.31503
0.28471
0.27590
0.33961
0.28032
0.26960
0.30696
0.18912
0.18584
0.29754
0.23321
0.30215
0.29704
0.26870
0.33590
0.38775
0.28219
0.33068
0.26773
0.26320
0.31147
0.35021
0.27958
0.27743
0.31605
0.30812
0.29359
0.33964
0.37561
0.22213
0.26273
0.28575
0.22262
0.31149
0.33710
0.26540
0.24448
0.31500
0.23615
0.27397
0.30967
0.26732
0.24986
0.27042
0.27556
0.28569
0.29412
0.34599
0.28665
0.25957
0.29757
0.27736
0.31883
0.30225
0.26287
0.15227
0.34141
0.32229
0.32918
0.31684
0.30773
0.39444
0.37773
0.27220
0.16660
0.31472
0.33714
0.27787
0.21356
0.30863
0.35204
0.26671
0.26471
0.32081
0.24506
0.27798
0.23379
0.34883
0.37237
0.42926
0.28774
0.30076
0.25870
0.37248
0.28382
0.30666
0.30335
0.32080
0.29107
0.19681
0.30248
0.45484
0.25611
0.39115
0.40690
0.22912
0.29644
0.37079
0.31660
0.27520
0.25474
0.25373
0.22039
0.29254
0.30590
0.29250
0.26636
0.36539
0.28997
0.28781
0.23342
0.15419
0.27198
0.38988
0.25770
0.13606
0.33870
0.13810
0.21865
0.36909
0.17598
0.24681
0.22027
0.27589
0.24599
0.41473
0.20299
0.33685
0.37991
0.26202
0.24632
0.26499
0.26925
0.22711
0.34120
0.18358
0.35950
0.36757
0.27574
0.26280
0.24083
0.35170
0.26287
0.21697
0.32270
0.40247
0.29412
0.29480
0.34598
0.37929
0.20586
0.25800
0.28825
0.40119
0.22140
0.24260
0.23269
0.38276
0.28417
0.26872
0.25462
0.28923
0.39195
0.25496
0.29073
0.34607
0.26563
0.27826
0.23811
0.37039
0.27879
0.24713
0.27539
0.29870
0.34673
0.26082
0.29318
0.24170
0.35013
0.27899
0.24665
0.32549
0.28247
0.24807
0.29101
0.21953
0.30578
0.25400
0.03052
0.17869
0.20702
0.25061
0.25697
0.21954
0.24784
0.34111
0.13174
0.04444
0.13941
0.08735
0.29889
0.25486
0.18538
0.27820
0.03258
0.14173
0.19233
0.21891
0.04190
0.10820
0.20369
0.26052
0.19217
0.21579
0.28379
0.05969
0.31856
0.25940
0.09387
0.04319
0.09626
0.26887
0.14490
0.24046
0.22490
0.27465
0.07783
0.04515
0.02305
0.09381
0.27365
0.09870
0.15733
0.19305
0.23021
0.12922
0.28588
0.21923
0.05688
0.26205
0.06241
0.10318
0.29163
0.18679
0.22370
0.05661
0.12330
0.20312
0.20715
0.27763
0.23508
0.05084
0.05719
0.19867
0.18678
0.13088
0.21347
0.12442
0.23008
0.18998
0.10540
0.25649
0.28727
0.11212
0.15709
0.15916
0.04736
0.05778
0.22130
0.09735
0.18004
0.25502
0.24982
0.19834
0.30633
0.24287
0.22287
0.20273
0.21862
0.22071
0.03651
0.26012
0.08626
0.08133
0.22862
0.24624
0.30129
0.22226
0.07572
0.05100
0.14697
0.18620
0.24222
0.28192
0.06157
0.14926
0.33168
0.08734
0.22857
0.11219
0.00811
0.02034
0.15645
0.04975
0.07834
0.25612
0.28151
0.08248
0.09519
0.02569
0.12051
0.06419
0.19127
