0.10479
0.09346
0.06787
0.24347
0.09637
0.15581
0.23970
0.15907
0.18701
0.07716
0.18732
0.15584
0.17992
0.12811
0.15741
0.23176
0.14094
0.13274
0.08345
0.14842
0.29352
0.14664
0.16495
0.05042
0.25821
0.16418
0.14167
0.20741
0.10937
0.18676
0.17308
0.25494
0.13942
0.11916
0.09319
0.10141
0.11523
0.06946
0.11314
0.15859
0.31344
0.25854
0.10246
0.20315
0.30594
0.21803
0.18318
0.25657
0.18405
0.15790
0.09041
0.14928
0.15905
0.29950
0.08989
0.21561
0.22780
0.14179
0.19416
0.06993
0.25265
0.27955
0.13408
0.17022
0.31276
0.32006
0.06890
0.17368
0.10050
0.05328
0.13085
0.31714
0.31351
0.19529
0.27737
0.13850
0.08773
0.06764
0.21966
0.14886
0.32325
0.16820
0.35564
0.27196
0.25790
0.33994
0.10000
0.09156
0.13393
0.27168
0.32712
0.18417
0.07597
0.25350
0.07838
0.19071
0.18692
0.21101
0.20433
0.15312
0.09798
0.15284
0.11547
0.14112
0.25424
0.28103
0.16695
0.15809
0.16717
0.29300
0.02888
0.29145
0.13461
0.24983
0.11784
0.18372
0.27874
0.05235
0.06317
0.23431
0.20761
0.10552
0.28591
0.02907
0.12011
0.13846
0.29300
0.27722
0.19590
0.29032
0.11123
0.14417
0.25864
0.34664
0.13480
0.14030
0.07171
0.29618
0.28019
0.06465
0.16030
0.03630
0.32320
0.15674
0.14684
0.24865
0.10029
0.37953
0.20444
0.08844
0.17646
0.30854
0.12859
0.33398
0.31432
0.33050
0.13561
0.19226
0.16889
0.23758
0.26441
0.23936
0.28292
0.33890
0.09006
0.12867
0.29512
0.25170
0.10748
0.26512
0.06422
0.28329
0.23708
0.04806
0.09212
0.21405
0.07004
0.06591
0.20481
0.25885
0.08722
0.11595
0.22882
0.11877
0.12762
0.16528
0.21844
0.25756
0.24981
0.20957
0.15042
0.08283
0.05784
0.18775
0.12663
0.27140
0.25292
0.17444
0.10469
0.24713
0.22333
0.07739
0.22150
0.17374
0.05598
0.27754
0.10241
0.19271
0.25609
0.14240
0.26068
0.22448
0.14017
0.23882
0.23640
0.22603
0.12082
0.27637
0.23307
0.36547
0.10280
0.18657
0.10944
0.11344
0.11620
0.03953
0.16306
0.17762
0.17323
0.05390
0.24613
0.13670
0.29628
0.15832
0.06502
0.26934
0.11325
0.03826
0.12435
0.26488
0.08693
0.28600
0.11252
0.11225
0.14681
0.23803
0.10327
0.05808
0.12891
0.10822
0.14358
0.10677
0.11483
0.25081
0.16046
0.17383
0.19608
0.11835
0.06754
0.13857
0.17964
0.17045
0.20634
0.17737
0.15065
0.19649
0.28394
0.09399
0.16886
0.08113
0.11755
0.13584
0.08552
0.05355
0.34477
0.19740
0.07432
0.20594
0.16374
0.08583
0.13723
0.33310
0.13465
0.10810
0.31453
0.13054
0.23699
0.20660
0.17149
0.16114
0.09070
0.09071
0.18965
0.22628
0.17598
0.10168
0.17589
0.17352
0.18213
0.13898
0.32588
0.28786
0.29016
0.16856
0.11755
0.28745
0.32279
0.32043
0.02587
0.25290
0.16440
0.26155
0.13489
0.07535
0.13582
0.13552
0.14399
0.19685
0.19242
0.10597
0.12436
0.08528
0.27926
0.21700
0.29200
0.16276
0.22296
0.22634
0.15437
0.07534
0.26914
0.23852
0.32623
0.26938
0.31264
0.24759
0.27197
0.27780
0.26790
0.24589
0.08184
0.11161
0.12025
0.23710
0.05808
0.07366
0.26768
0.11096
0.25514
0.08221
0.16746
0.14836
0.27338
0.26127
0.26293
0.18676
0.29996
0.14438
0.14900
0.32096
0.11520
0.17089
0.06778
0.10629
0.21094
0.06502
0.24927
0.30796
0.07246
0.09218
0.12618
0.25068
0.12289
0.05392
0.05387
0.07785
0.08241
0.11168
0.22125
0.09499
0.27275
0.19110
0.19612
0.08182
0.17874
0.26077
0.23045
0.32627
0.33955
0.17959
0.28488
0.32230
0.33759
0.34061
0.27793
0.28078
0.33754
0.27171
0.23214
0.28961
0.21067
0.33359
0.19395
0.37561
0.29920
0.24088
0.29074
0.24260
0.28691
0.35973
0.34182
0.27484
0.31622
0.33324
0.25587
0.29543
0.30713
0.29020
0.24149
0.25607
0.31383
0.28314
0.28921
0.22855
0.33618
0.26651
0.27142
0.31484
0.19535
0.32453
0.34819
0.31572
0.30474
0.34043
0.30452
0.24953
0.32532
0.31578
0.24200
0.31306
0.30992
0.28928
0.31647
0.30442
0.19718
0.33689
0.27773
0.28519
0.29502
0.26243
0.31151
0.17171
0.26267
0.37122
0.15356
0.29348
0.23862
0.22383
0.19005
0.37971
0.29247
0.31584
0.15160
0.33598
0.27777
0.27607
0.35780
0.30964
0.33401
0.29761
0.23042
0.28603
0.17327
0.34571
0.32648
0.26895
0.16204
0.34473
0.22038
0.27030
0.29986
0.27499
0.33359
0.29641
0.22977
0.31757
0.32199
0.15855
0.21177
0.31967
0.18455
0.19307
0.13970
0.27453
0.31525
0.31380
0.31410
0.24156
0.32897
0.23192
0.32988
0.29748
0.31417
0.19780
0.27190
0.31950
0.23036
0.16741
0.36444
0.25578
0.21687
0.30459
0.28842
0.25062
0.36717
0.29803
0.23893
0.29927
0.20308
0.29111
0.31312
0.29602
0.26775
0.25128
0.14251
0.34945
0.22262
0.31427
0.23733
0.32003
0.35413
0.26959
0.18192
0.21396
0.29237
0.20552
0.32387
0.18832
0.21292
0.22951
0.19934
0.25864
0.32041
0.30330
0.30534
0.26495
0.22703
0.29707
0.19498
0.23852
0.23546
0.28983
0.28864
0.16194
0.17105
0.28185
0.30652
0.24894
0.15090
0.20991
0.25749
0.25805
0.23228
0.29369
0.34698
0.16666
0.24215
0.25543
0.28679
0.20021
0.32659
0.24608
0.23392
0.38563
0.17448
0.27547
0.24814
0.36262
0.29081
0.28502
0.28108
0.31852
0.27089
0.17069
0.32531
0.27393
0.29604
0.26449
0.29397
0.32151
0.23004
0.28340
0.20763
0.31119
0.25864
0.30536
0.22030
0.28746
0.27684
0.25240
0.19396
0.28677
0.23500
0.34084
0.23661
0.33174
0.23607
0.30278
0.28662
0.27158
0.29860
0.12420
0.25235
0.31383
0.30551
0.28017
0.32569
0.31979
0.28537
0.28475
0.23768
0.28801
0.30702
0.30187
0.24611
0.16987
0.33725
0.29387
0.24763
0.29077
0.24587
0.31109
0.28741
0.22626
0.19104
0.26880
0.29285
0.30878
0.29776
0.24178
0.34827
0.32982
0.14109
0.24356
0.30104
0.27849
0.29918
0.31903
0.31357
0.22353
0.18700
0.18907
0.31508
0.31812
0.34261
0.26970
0.26363
0.31315
0.23479
0.27786
0.28465
0.26769
0.15652
0.29955
0.21676
0.22005
0.30696
0.30779
0.29443
0.22598
0.27541
0.26573
0.36355
0.31773
0.24552
0.25700
0.18175
0.32630
0.30057
0.13695
0.28956
0.16831
0.27137
0.32322
0.20901
0.28298
0.27002
0.28213
0.21588
0.25276
0.24783
0.31439
0.28395
0.31425
0.18730
0.27966
0.25129
0.25364
0.24366
0.29811
0.27986
0.33386
0.25592
0.28923
0.31482
0.27691
0.26525
0.27257
0.17390
0.31320
0.28077
0.29690
0.26066
0.29214
0.32471
0.27472
0.30525
0.33041
0.19240
0.23790
0.31330
0.25095
0.32426
0.28589
0.30728
0.32756
0.37146
0.28378
0.31565
0.27030
0.29559
0.28459
0.34116
0.27584
0.28652
0.30307
0.28767
0.33122
0.29190
0.37828
0.23383
0.30170
0.31847
0.22450
0.29834
0.33183
0.25251
0.26730
0.33611
0.23015
0.32625
0.28990
0.27698
0.29752
0.29618
0.29082
0.28330
0.28746
0.34189
0.28259
0.28138
0.33721
0.27133
0.34573
0.31904
0.25653
0.12124
0.33402
0.35280
0.35700
0.33726
0.31713
0.41478
0.39256
0.31033
0.18112
0.34062
0.38527
0.27124
0.19032
0.33997
0.34521
0.23603
0.28519
0.32647
0.27074
0.24811
0.26983
0.35359
0.32690
0.37474
0.30341
0.33644
0.28759
0.39980
0.27503
0.28818
0.32087
0.35292
0.30223
0.17163
0.29353
0.45735
0.24164
0.42502
0.43078
0.20321
0.31395
0.38138
0.33328
0.28709
0.28535
0.30862
0.23544
0.27443
0.34223
0.30650
0.28473
0.39277
0.31204
0.31283
0.25564
0.24099
0.30186
0.39787
0.19342
0.10015
0.32165
0.15502
0.17018
0.42249
0.15012
0.25893
0.21248
0.29741
0.24425
0.46401
0.16651
0.35158
0.40905
0.26235
0.22765
0.29043
0.23719
0.22230
0.37743
0.16291
0.34887
0.34646
0.29768
0.25569
0.28246
0.33933
0.25295
0.20713
0.32850
0.43729
0.30691
0.27903
0.37781
0.38452
0.26783
0.24097
0.28528
0.38465
0.20083
0.21240
0.20803
0.35100
0.32085
0.26027
0.29485
0.32561
0.32937
0.22901
0.32176
0.35200
0.29058
0.31942
0.25964
0.38541
0.31428
0.24132
0.31795
0.34157
0.34264
0.26671
0.32105
0.24173
0.33023
0.26579
0.28507
0.34176
0.31646
0.25383
0.31845
0.20308
0.32477
0.24369
0.03086
0.15284
0.25211
0.22043
0.28695
0.21250
0.24532
0.34070
0.24091
0.08973
0.18692
0.04888
0.28331
0.22545
0.20782
0.28927
0.04324
0.13294
0.19931
0.17982
0.11692
0.12510
0.24834
0.27295
0.20478
0.21468
0.23256
0.06735
0.31333
0.19482
0.04554
0.07235
0.10813
0.27106
0.17838
0.23329
0.18207
0.26497
0.10052
0.12659
0.05850
0.08173
0.25817
0.12279
0.16172
0.21123
0.30372
0.14568
0.28934
0.21135
0.07146
0.30392
0.08407
0.06697
0.27875
0.18895
0.29406
0.06995
0.07429
0.20952
0.20931
0.26441
0.23691
0.04845
0.07770
0.21341
0.20997
0.21114
0.18405
0.09297
0.28143
0.21908
0.17721
0.27962
0.29814
0.06846
0.13396
0.17489
0.09308
0.06182
0.23607
0.13522
0.19828
0.28993
0.24817
0.20245
0.31116
0.21102
0.25624
0.19966
0.22015
0.19234
0.02603
0.26261
0.08197
0.08720
0.20394
0.21578
0.29056
0.22237
0.07464
0.06889
0.13633
0.22521
0.23617
0.29495
0.06460
0.22340
0.30826
0.18186
0.25345
0.08427
0.01636
0.06049
0.12665
0.06112
0.12587
0.24535
0.24497
0.11758
0.09000
0.06030
0.08950
0.10714
0.24123
