0.08107
0.10008
0.04111
0.22820
0.05315
0.13399
0.15593
0.14052
0.12462
0.06672
0.14737
0.13133
0.14334
0.11385
0.08104
0.22012
0.09702
0.08663
0.04768
0.15901
0.29421
0.10940
0.10579
0.02911
0.19643
0.12221
0.07544
0.22434
0.07430
0.12847
0.13921
0.20076
0.15567
0.11246
0.04818
0.10205
0.12149
0.06361
0.10244
0.15000
0.26033
0.21816
0.07774
0.09591
0.28010
0.22568
0.13181
0.23561
0.17514
0.11222
0.10052
0.11962
0.12372
0.28729
0.10765
0.22696
0.13528
0.11826
0.12969
0.08165
0.28402
0.26691
0.09916
0.20728
0.27928
0.29888
0.04304
0.15457
0.08707
0.02626
0.13534
0.30237
0.31622
0.18587
0.21295
0.12392
0.04646
0.02295
0.17451
0.16022
0.30581
0.13649
0.30555
0.24683
0.24447
0.35195
0.09545
0.04578
0.10352
0.23863
0.31376
0.19175
0.05639
0.24304
0.03519
0.13618
0.21911
0.20318
0.20495
0.11516
0.09604
0.18409
0.11783
0.12281
0.15228
0.30613
0.10282
0.17285
0.15296
0.29312
0.02174
0.25515
0.05754
0.15157
0.10014
0.15878
0.26172
0.06530
0.05579
0.16093
0.20851
0.06064
0.26188
0.01892
0.06920
0.10512
0.32804
0.26381
0.11348
0.23330
0.09650
0.11094
0.26740
0.34274
0.10558
0.10866
0.03991
0.28320
0.27330
0.02222
0.14878
0.03462
0.30194
0.15545
0.14899
0.26144
0.05757
0.32875
0.14449
0.09897
0.19542
0.22694
0.09196
0.30171
0.28264
0.36092
0.07168
0.10958
0.16638
0.13344
0.25883
0.19793
0.26604
0.29891
0.09532
0.10825
0.27858
0.27264
0.03670
0.22629
0.02321
0.19220
0.17774
0.03544
0.09409
0.19231
0.05198
0.04063
0.15689
0.26691
0.08781
0.11364
0.13340
0.12063
0.05374
0.13057
0.20336
0.19160
0.21895
0.19501
0.10917
0.07003
0.03573
0.14876
0.15599
0.24781
0.13314
0.13774
0.09811
0.23711
0.22502
0.08705
0.14386
0.15770
0.05031
0.17400
0.07654
0.15632
0.22116
0.07008
0.22688
0.22032
0.07003
0.23819
0.24848
0.27165
0.12181
0.18813
0.19765
0.34073
0.07746
0.23150
0.08043
0.03553
0.05585
0.05588
0.12318
0.16838
0.15748
0.05648
0.26632
0.06774
0.23644
0.08881
0.02220
0.23854
0.11090
0.01998
0.10743
0.27579
0.04708
0.28968
0.08104
0.11033
0.15889
0.22440
0.11249
0.03986
0.10524
0.09653
0.10786
0.10865
0.11278
0.21474
0.16100
0.17464
0.19362
0.05066
0.04424
0.14433
0.21055
0.15965
0.22655
0.16067
0.08398
0.17860
0.27598
0.09572
0.16259
0.02430
0.06815
0.13197
0.05165
0.03101
0.32184
0.10133
0.04088
0.19662
0.17345
0.08933
0.13138
0.29743
0.11621
0.03392
0.29714
0.12056
0.11393
0.15384
0.13549
0.12528
0.07090
0.05442
0.18111
0.22302
0.14357
0.10052
0.15365
0.13685
0.16814
0.12054
0.31289
0.26596
0.29621
0.15237
0.17332
0.30853
0.25685
0.31712
0.04154
0.27140
0.11041
0.28710
0.13007
0.06957
0.11774
0.10777
0.09682
0.15005
0.22959
0.05076
0.05314
0.07013
0.25927
0.13499
0.25752
0.14053
0.21079
0.19792
0.10151
0.05977
0.22293
0.29818
0.34077
0.16256
0.32347
0.20217
0.21359
0.29570
0.25746
0.26234
0.04991
0.04089
0.10621
0.21952
0.02518
0.05426
0.18061
0.11275
0.24164
0.07818
0.16936
0.11442
0.25754
0.23667
0.23561
0.16161
0.29127
0.10368
0.16174
0.30283
0.05347
0.16597
0.05105
0.06350
0.14956
0.03546
0.22031
0.33698
0.05540
0.06950
0.14921
0.23183
0.11254
0.05398
0.03641
0.03956
0.03651
0.06802
0.17438
0.05700
0.26791
0.13501
0.15382
0.09684
0.19380
0.29806
0.17697
0.26551
0.36191
0.17466
0.29455
0.29709
0.25149
0.32124
0.29084
0.23824
0.35507
0.23973
0.25709
0.25265
0.22991
0.28059
0.18162
0.39036
0.31998
0.27659
0.22785
0.23118
0.23314
0.33902
0.26291
0.20515
0.32048
0.34117
0.22884
0.20439
0.33945
0.26931
0.24587
0.26510
0.25941
0.31362
0.25526
0.22373
0.35644
0.25963
0.22494
0.31118
0.16935
0.30491
0.35784
0.27994
0.30541
0.27642
0.27139
0.23299
0.25290
0.34152
0.20003
0.29217
0.32603
0.23716
0.26031
0.29968
0.18106
0.27602
0.25579
0.28867
0.31111
0.29423
0.24907
0.20808
0.29354
0.37161
0.15746
0.28122
0.21546
0.20717
0.21755
0.35975
0.30332
0.34042
0.15333
0.35377
0.26346
0.26538
0.37231
0.31301
0.25208
0.29055
0.24691
0.27186
0.19622
0.36598
0.27474
0.22240
0.17929
0.32018
0.19564
0.26598
0.29270
0.26255
0.35464
0.32385
0.20479
0.32911
0.32430
0.16954
0.18680
0.26173
0.17324
0.19683
0.13666
0.29310
0.34780
0.23508
0.24382
0.24492
0.29215
0.22128
0.29543
0.24439
0.27708
0.18060
0.28879
0.25928
0.22291
0.17211
0.35084
0.30657
0.21017
0.28729
0.32537
0.26547
0.34931
0.31792
0.23576
0.24968
0.21588
0.28930
0.29944
0.23834
0.24986
0.23459
0.15728
0.31755
0.20857
0.26979
0.23222
0.24934
0.30184
0.30229
0.20343
0.23461
0.28831
0.22633
0.27236
0.20190
0.21908
0.22407
0.23575
0.18616
0.30692
0.32404
0.32342
0.21816
0.19474
0.33432
0.19497
0.20777
0.21719
0.29895
0.30851
0.16050
0.17873
0.26298
0.25010
0.19972
0.14090
0.22405
0.26113
0.20341
0.24958
0.26907
0.30627
0.17339
0.24327
0.26853
0.25301
0.20256
0.25648
0.24096
0.25672
0.35647
0.19065
0.28158
0.21341
0.36677
0.32442
0.22436
0.27124
0.24366
0.27042
0.20777
0.29877
0.30004
0.20098
0.28572
0.29322
0.34075
0.25341
0.30136
0.20606
0.34766
0.22485
0.28397
0.23161
0.25781
0.28303
0.26659
0.23739
0.22992
0.24157
0.31219
0.21686
0.30516
0.24600
0.25630
0.30409
0.29214
0.32080
0.13668
0.21356
0.33595
0.33751
0.23907
0.24284
0.27742
0.24886
0.20993
0.22564
0.30052
0.30139
0.24384
0.24325
0.22156
0.27703
0.31364
0.26593
0.25331
0.25330
0.33646
0.26317
0.17963
0.17921
0.29476
0.28574
0.28568
0.22231
0.22299
0.35908
0.35297
0.15428
0.23826
0.32200
0.23098
0.26808
0.30741
0.34252
0.24830
0.19926
0.19438
0.27036
0.23755
0.36339
0.29127
0.29425
0.23750
0.23116
0.25324
0.30299
0.29176
0.17602
0.34394
0.23372
0.25108
0.33986
0.30640
0.22898
0.25069
0.23756
0.29538
0.30821
0.34681
0.25435
0.28553
0.21429
0.28652
0.32203
0.12858
0.26697
0.21223
0.21087
0.27600
0.24534
0.26448
0.23806
0.22979
0.22684
0.23708
0.24783
0.34449
0.26061
0.24077
0.18584
0.30565
0.24498
0.24324
0.20272
0.33226
0.29419
0.33273
0.25650
0.22027
0.24366
0.25761
0.24396
0.26804
0.17567
0.34245
0.27945
0.33367
0.28081
0.30283
0.35219
0.26643
0.23658
0.27232
0.16461
0.20405
0.29200
0.22578
0.28523
0.31190
0.27379
0.30000
0.38610
0.32143
0.33347
0.26330
0.31217
0.27627
0.36544
0.22374
0.27232
0.33098
0.32371
0.27211
0.33770
0.39327
0.23275
0.27108
0.34865
0.22043
0.31672
0.31652
0.27109
0.25064
0.35583
0.23686
0.23476
0.32283
0.28161
0.24277
0.24077
0.26979
0.29209
0.29213
0.27954
0.28840
0.20991
0.26448
0.26467
0.29626
0.24793
0.27753
0.13837
0.34096
0.33030
0.36000
0.30925
0.30151
0.38295
0.39227
0.27416
0.19801
0.28984
0.38820
0.29047
0.18290
0.29975
0.35196
0.25025
0.25608
0.34607
0.24795
0.26922
0.25043
0.32569
0.35591
0.40563
0.32366
0.30696
0.25219
0.38643
0.28900
0.30533
0.29128
0.35380
0.25267
0.20079
0.33275
0.44092
0.24564
0.38570
0.39474
0.21774
0.28185
0.34619
0.30346
0.29340
0.22750
0.27894
0.22870
0.29974
0.27075
0.30605
0.32509
0.37543
0.27589
0.28067
0.26753
0.24248
0.25616
0.41508
0.22958
0.13027
0.33527
0.17762
0.20957
0.39580
0.17808
0.23756
0.24512
0.27387
0.25250
0.43955
0.19629
0.33575
0.36930
0.25651
0.26003
0.26281
0.24900
0.22666
0.34303
0.19810
0.37703
0.35511
0.25748
0.26147
0.23803
0.35216
0.27825
0.23440
0.33908
0.43097
0.31324
0.29622
0.34620
0.35682
0.20800
0.26167
0.28811
0.40028
0.22251
0.25055
0.27895
0.36933
0.28149
0.25202
0.25384
0.35739
0.37574
0.25020
0.30828
0.33730
0.31243
0.29166
0.26671
0.39482
0.30227
0.27562
0.28684
0.29919
0.35631
0.26770
0.28090
0.23361
0.32584
0.27016
0.25467
0.32104
0.28948
0.22571
0.28957
0.11435
0.32051
0.20807
0.06613
0.12163
0.16594
0.24535
0.22546
0.23128
0.25228
0.31839
0.16790
0.05102
0.14355
0.05564
0.30856
0.27313
0.16642
0.30056
0.09515
0.09267
0.18968
0.17081
0.09202
0.08805
0.23607
0.27323
0.19571
0.21406
0.27353
0.04847
0.34052
0.24943
0.02046
0.07404
0.15200
0.27097
0.13376
0.22373
0.20313
0.29426
0.05760
0.07869
0.03271
0.08867
0.23694
0.13242
0.10058
0.13399
0.28822
0.14082
0.26922
0.21626
0.05234
0.25929
0.08145
0.03708
0.30949
0.20033
0.23445
0.06637
0.06722
0.21342
0.20719
0.25332
0.27020
0.04177
0.04127
0.19737
0.21095
0.17376
0.15059
0.09858
0.25493
0.14034
0.08787
0.25376
0.29655
0.08503
0.08560
0.14067
0.06916
0.06271
0.22054
0.14622
0.20925
0.25383
0.28499
0.20885
0.32932
0.27685
0.26234
0.20753
0.14633
0.12474
0.03313
0.26382
0.04443
0.02971
0.23831
0.23106
0.30496
0.25842
0.03219
0.05243
0.12693
0.15527
0.24954
0.26187
0.08123
0.22991
0.30472
0.08268
0.24225
0.05244
0.03932
0.04586
0.14165
0.06301
0.05550
0.29270
0.30498
0.06652
0.07904
0.05026
0.08329
0.04838
0.29162
