0.08131
0.09428
0.05013
0.27464
0.04975
0.12890
0.24044
0.13071
0.17133
0.06725
0.17172
0.13180
0.14860
0.14542
0.09294
0.23499
0.07210
0.13692
0.07757
0.12195
0.30952
0.17985
0.13961
0.05814
0.18879
0.15620
0.13276
0.28065
0.09392
0.17887
0.13180
0.26928
0.20887
0.08910
0.11599
0.09392
0.11423
0.08406
0.17766
0.13805
0.28115
0.29341
0.07947
0.09912
0.28931
0.21469
0.12129
0.29747
0.17213
0.11666
0.10558
0.10492
0.13552
0.29514
0.10759
0.25644
0.26691
0.11172
0.11930
0.06533
0.26683
0.27907
0.14199
0.19844
0.27838
0.32071
0.07978
0.21212
0.12796
0.02693
0.12942
0.31248
0.33525
0.24516
0.25443
0.13538
0.06681
0.06452
0.22056
0.18245
0.31973
0.19109
0.35641
0.26939
0.24623
0.34078
0.09904
0.12631
0.14772
0.22149
0.34670
0.18735
0.04920
0.29600
0.04959
0.15903
0.23534
0.22014
0.23947
0.13950
0.09057
0.17605
0.15962
0.12893
0.17354
0.28806
0.17703
0.18026
0.18337
0.29307
0.06249
0.27040
0.08372
0.25774
0.12947
0.13040
0.27890
0.07493
0.06674
0.19415
0.22189
0.08158
0.26601
0.01674
0.09132
0.13425
0.27443
0.25809
0.15720
0.23784
0.10403
0.10910
0.27475
0.32633
0.10446
0.15019
0.04207
0.30011
0.23252
0.07041
0.21143
0.06794
0.31807
0.21028
0.16988
0.28759
0.08211
0.35463
0.16781
0.09286
0.23372
0.26743
0.10522
0.32769
0.31810
0.34001
0.10415
0.14552
0.18207
0.18248
0.27124
0.28866
0.28737
0.32214
0.08604
0.12640
0.28260
0.24744
0.09328
0.26748
0.03959
0.20279
0.24371
0.04434
0.10490
0.19322
0.03270
0.07215
0.21272
0.27401
0.08194
0.11435
0.20231
0.14417
0.08815
0.22198
0.25868
0.22787
0.23866
0.19372
0.14113
0.06360
0.07001
0.13640
0.14521
0.22030
0.19044
0.17725
0.09235
0.27531
0.26187
0.10479
0.15228
0.18053
0.05002
0.23642
0.10253
0.21255
0.23239
0.15027
0.22796
0.21708
0.10627
0.27095
0.21364
0.23965
0.13347
0.27195
0.23629
0.32101
0.12214
0.21659
0.14960
0.03555
0.10193
0.06707
0.16858
0.19257
0.11990
0.06308
0.25212
0.12631
0.25108
0.11775
0.02660
0.25825
0.11064
0.05492
0.13807
0.25759
0.08911
0.31565
0.10704
0.11393
0.19007
0.21260
0.11737
0.02871
0.12885
0.12052
0.10265
0.11104
0.10152
0.25161
0.13429
0.16909
0.21112
0.10373
0.05084
0.14210
0.18930
0.09989
0.19084
0.15006
0.08668
0.27614
0.28885
0.10490
0.21017
0.04985
0.10484
0.12371
0.06685
0.02729
0.36242
0.13562
0.05858
0.19011
0.14336
0.07377
0.16276
0.30585
0.14182
0.05973
0.31635
0.11806
0.15049
0.16343
0.21324
0.21055
0.10086
0.07978
0.18852
0.21009
0.13082
0.10141
0.17316
0.19358
0.19334
0.15138
0.34346
0.30438
0.27221
0.15309
0.11864
0.29292
0.30693
0.33258
0.05867
0.26933
0.10431
0.28895
0.14252
0.08191
0.13119
0.11386
0.10731
0.26256
0.22500
0.08386
0.09057
0.09496
0.27041
0.17032
0.23430
0.17145
0.18538
0.26207
0.11710
0.06096
0.23196
0.30296
0.35273
0.27283
0.32473
0.25058
0.27176
0.27931
0.25579
0.25192
0.05487
0.08377
0.11548
0.23312
0.07964
0.08454
0.20565
0.10099
0.19587
0.08451
0.19228
0.16586
0.28168
0.22943
0.23607
0.21386
0.31173
0.16901
0.19649
0.29803
0.05856
0.20706
0.05263
0.08649
0.21704
0.08263
0.22765
0.32607
0.07242
0.06958
0.17149
0.24737
0.11384
0.07285
0.06024
0.06047
0.09993
0.10395
0.20712
0.07574
0.26918
0.15782
0.21796
0.10693
0.22944
0.29491
0.20099
0.24046
0.36622
0.15940
0.31577
0.29497
0.28311
0.32491
0.28967
0.25905
0.35150
0.25691
0.23701
0.23570
0.22970
0.28266
0.20026
0.36532
0.31577
0.27770
0.25883
0.25539
0.25562
0.34834
0.27879
0.19885
0.31536
0.34403
0.17808
0.23291
0.32627
0.27122
0.25090
0.24381
0.25751
0.29685
0.23088
0.22546
0.34621
0.24909
0.23863
0.31848
0.19324
0.28744
0.35433
0.29509
0.29552
0.29471
0.27615
0.23800
0.28105
0.33274
0.19811
0.27853
0.33188
0.23001
0.24601
0.30097
0.21279
0.30034
0.23129
0.28023
0.32298
0.29473
0.25263
0.19013
0.27897
0.37388
0.14920
0.27482
0.19686
0.18587
0.21954
0.35081
0.30513
0.31678
0.17859
0.35774
0.26605
0.28808
0.35921
0.29715
0.28397
0.27267
0.23241
0.27686
0.21227
0.36431
0.27212
0.22485
0.17679
0.30989
0.21607
0.25871
0.26884
0.25517
0.34787
0.30897
0.22899
0.32948
0.31028
0.17178
0.19452
0.25910
0.20305
0.20500
0.14875
0.30177
0.35861
0.19952
0.22848
0.24824
0.31420
0.20727
0.29903
0.24857
0.26991
0.24592
0.29281
0.28389
0.23895
0.18196
0.33825
0.29344
0.19040
0.30518
0.29079
0.26708
0.32839
0.29390
0.20943
0.26940
0.19637
0.28399
0.32630
0.28598
0.29157
0.26067
0.19565
0.27864
0.23227
0.27442
0.23149
0.25758
0.31341
0.30920
0.20229
0.25370
0.29337
0.20484
0.28114
0.19986
0.23943
0.25659
0.25527
0.20438
0.29362
0.31494
0.31110
0.21532
0.21280
0.30824
0.22685
0.21110
0.22602
0.29364
0.32707
0.17987
0.19209
0.28501
0.27381
0.19171
0.17510
0.25477
0.27009
0.21997
0.27379
0.22917
0.31614
0.19917
0.24215
0.26941
0.26177
0.20176
0.25917
0.29576
0.26078
0.35798
0.21498
0.31991
0.22037
0.35422
0.31110
0.20459
0.26137
0.27922
0.26415
0.20700
0.28250
0.30071
0.26474
0.25159
0.26254
0.34351
0.23100
0.30102
0.24334
0.35339
0.19216
0.27104
0.23571
0.22147
0.27658
0.27260
0.25583
0.21613
0.23794
0.29242
0.22744
0.33158
0.22536
0.26627
0.31289
0.29190
0.28422
0.18224
0.20529
0.31377
0.32673
0.27282
0.23604
0.26498
0.27639
0.25912
0.22051
0.30245
0.26073
0.22897
0.23883
0.22324
0.28408
0.31221
0.24290
0.26274
0.26133
0.34287
0.26722
0.19531
0.21153
0.27854
0.28125
0.26157
0.24747
0.24260
0.34188
0.35151
0.17241
0.24933
0.31028
0.26171
0.25863
0.30867
0.32433
0.25042
0.22123
0.22554
0.25359
0.27087
0.35933
0.30592
0.30149
0.27148
0.21965
0.25644
0.29164
0.28412
0.19531
0.33066
0.22910
0.24776
0.32533
0.30536
0.26048
0.23804
0.23557
0.29652
0.33732
0.33385
0.25347
0.29383
0.21564
0.31659
0.30166
0.13427
0.22878
0.22674
0.23289
0.26509
0.25764
0.28776
0.25475
0.24183
0.25269
0.22939
0.27249
0.33365
0.28977
0.26439
0.22794
0.31290
0.24237
0.23282
0.18981
0.31960
0.28735
0.32090
0.27171
0.23114
0.26031
0.27438
0.24482
0.26051
0.21378
0.33469
0.26715
0.31994
0.26329
0.29484
0.35158
0.26734
0.24771
0.28535
0.19038
0.17173
0.25905
0.22265
0.30315
0.29237
0.27419
0.31971
0.38036
0.30755
0.33117
0.25862
0.31969
0.27462
0.35371
0.25288
0.26689
0.34277
0.32067
0.27177
0.34368
0.39549
0.23902
0.21902
0.30376
0.23689
0.31489
0.29471
0.24137
0.24014
0.34787
0.23058
0.26533
0.31883
0.25623
0.23189
0.24583
0.25820
0.30035
0.28053
0.31344
0.27921
0.23580
0.28528
0.27137
0.28795
0.25841
0.29988
0.17511
0.32542
0.33553
0.35961
0.30120
0.32669
0.40446
0.39339
0.28039
0.17880
0.30085
0.38608
0.28240
0.23793
0.29200
0.35613
0.25082
0.26101
0.35004
0.26597
0.27356
0.24981
0.33670
0.34967
0.41912
0.30782
0.30180
0.26054
0.38078
0.28434
0.28178
0.31508
0.32909
0.27714
0.18869
0.31828
0.45547
0.24697
0.40547
0.41097
0.23989
0.30333
0.36989
0.31569
0.28247
0.25820
0.27676
0.23600
0.29729
0.30661
0.31764
0.26336
0.37586
0.28116
0.27312
0.25986
0.23098
0.23504
0.38909
0.26884
0.11724
0.35278
0.18857
0.17623
0.39770
0.18075
0.25261
0.22303
0.28019
0.24868
0.39819
0.19821
0.32808
0.38656
0.26284
0.24045
0.26528
0.25357
0.23146
0.35488
0.17636
0.37988
0.36270
0.24531
0.25041
0.23606
0.33918
0.30720
0.22087
0.31384
0.40018
0.34335
0.28060
0.35903
0.36149
0.21514
0.26743
0.28142
0.38358
0.19615
0.22953
0.24321
0.37381
0.26841
0.25674
0.25580
0.33027
0.38583
0.25048
0.28115
0.34460
0.29936
0.28946
0.25529
0.38775
0.29800
0.27284
0.28396
0.30956
0.34296
0.27772
0.32111
0.25783
0.33373
0.27055
0.25276
0.31513
0.28400
0.23306
0.28509
0.22879
0.35104
0.21592
0.05213
0.17745
0.21160
0.25661
0.27437
0.22659
0.26982
0.35856
0.17993
0.07351
0.16765
0.02521
0.31641
0.26649
0.17240
0.30998
0.06289
0.16902
0.16267
0.19928
0.10933
0.10077
0.24015
0.29236
0.25552
0.20249
0.28444
0.11852
0.30893
0.20831
0.07623
0.08618
0.09910
0.29724
0.21852
0.28995
0.22423
0.27980
0.09359
0.07426
0.06313
0.08321
0.29952
0.08267
0.15828
0.18817
0.26862
0.11011
0.25946
0.21581
0.04654
0.31912
0.06003
0.06782
0.30154
0.21077
0.22588
0.06727
0.08042
0.21554
0.19012
0.19176
0.21109
0.03340
0.04756
0.16131
0.20665
0.22150
0.21280
0.15334
0.18608
0.18225
0.13370
0.29024
0.27080
0.10576
0.11917
0.16796
0.09408
0.03649
0.23820
0.13558
0.19729
0.22025
0.24404
0.20068
0.35413
0.19440
0.28155
0.28662
0.21812
0.24282
0.02573
0.26790
0.09553
0.11361
0.24727
0.25636
0.28712
0.27909
0.04768
0.08123
0.12034
0.24769
0.23409
0.28466
0.06951
0.19052
0.31391
0.18368
0.21799
0.13279
0.02935
0.05957
0.16568
0.05980
0.04452
0.24132
0.27250
0.08527
0.09312
0.05015
0.05401
0.09476
0.24974
