0.09916
0.09302
0.04149
0.24303
0.06963
0.12851
0.25511
0.15872
0.14295
0.06518
0.16570
0.12173
0.13405
0.13440
0.17021
0.23033
0.09242
0.10673
0.08078
0.16892
0.28864
0.12359
0.14674
0.07001
0.17630
0.14843
0.17964
0.15878
0.11103
0.16426
0.20401
0.19456
0.15272
0.10000
0.16209
0.11157
0.12993
0.05423
0.10120
0.18368
0.27652
0.24620
0.09513
0.13745
0.25767
0.14693
0.13268
0.20512
0.16623
0.16116
0.10317
0.13440
0.15609
0.26407
0.08945
0.25809
0.13914
0.14135
0.12235
0.07641
0.24297
0.27483
0.14839
0.21038
0.27796
0.27368
0.05469
0.14526
0.09597
0.04736
0.17023
0.26687
0.27812
0.20468
0.25277
0.10325
0.10100
0.04721
0.23640
0.14893
0.28281
0.19504
0.32722
0.28837
0.21840
0.35354
0.09435
0.06273
0.10842
0.25361
0.30540
0.18702
0.08111
0.25176
0.12096
0.12102
0.24813
0.22154
0.21989
0.13158
0.09778
0.16545
0.10568
0.11598
0.22495
0.27939
0.14215
0.21989
0.20614
0.29091
0.04630
0.26237
0.10407
0.24211
0.11361
0.15153
0.26435
0.05729
0.04593
0.17022
0.16251
0.07059
0.24073
0.01743
0.11761
0.13540
0.28738
0.26942
0.10192
0.25179
0.11398
0.08398
0.24668
0.33719
0.10161
0.10758
0.09284
0.28800
0.26712
0.04259
0.17714
0.04110
0.27412
0.24834
0.16220
0.20466
0.07950
0.31834
0.17277
0.09471
0.18114
0.23001
0.11503
0.31060
0.29745
0.35204
0.11670
0.18230
0.12525
0.19679
0.25849
0.21493
0.27280
0.32757
0.09436
0.09240
0.22851
0.26560
0.08802
0.26455
0.03324
0.18971
0.24554
0.05376
0.12517
0.19757
0.12162
0.04951
0.25964
0.28137
0.06955
0.10332
0.24116
0.15391
0.10865
0.19520
0.21189
0.23666
0.28266
0.20200
0.11636
0.05844
0.05604
0.16416
0.18127
0.18450
0.22110
0.16436
0.08258
0.30110
0.22425
0.03771
0.18997
0.13666
0.05871
0.20235
0.12517
0.21215
0.25618
0.09839
0.24909
0.22643
0.07935
0.27089
0.23777
0.22923
0.14378
0.25473
0.22601
0.30526
0.14895
0.22486
0.04034
0.05610
0.09592
0.03660
0.13826
0.19700
0.14847
0.06097
0.25842
0.11675
0.16788
0.11231
0.04047
0.18908
0.11446
0.04801
0.11275
0.24175
0.07698
0.31659
0.10123
0.11507
0.13866
0.21506
0.11734
0.03973
0.08858
0.11969
0.10763
0.09963
0.09831
0.22609
0.14290
0.18196
0.17742
0.08809
0.05863
0.15145
0.21727
0.15522
0.21798
0.18101
0.10505
0.25564
0.26754
0.10041
0.20259
0.06358
0.07527
0.12328
0.09092
0.04627
0.33785
0.12335
0.07646
0.22717
0.13336
0.09394
0.14522
0.30221
0.13763
0.07608
0.29851
0.13067
0.19303
0.18180
0.17509
0.13210
0.09189
0.05855
0.18641
0.23654
0.14918
0.09996
0.14192
0.13708
0.18684
0.12723
0.33206
0.25700
0.26983
0.16276
0.12187
0.28600
0.27616
0.31935
0.03220
0.25945
0.11516
0.28685
0.16203
0.09486
0.13864
0.10831
0.09385
0.19223
0.25831
0.07095
0.09780
0.12165
0.27739
0.10743
0.21570
0.19472
0.24544
0.21144
0.13870
0.05971
0.27128
0.29054
0.33408
0.21369
0.33733
0.19628
0.26061
0.27732
0.29867
0.28694
0.08527
0.09850
0.13934
0.21464
0.05002
0.07252
0.14981
0.12060
0.23617
0.14890
0.16252
0.13093
0.26944
0.29362
0.25448
0.21598
0.30981
0.11776
0.14902
0.31883
0.07714
0.19751
0.11393
0.09743
0.20760
0.08202
0.23094
0.34481
0.08532
0.11293
0.17378
0.24337
0.12583
0.05626
0.08761
0.08409
0.08251
0.07629
0.17366
0.09725
0.29246
0.16512
0.21599
0.09343
0.21726
0.28654
0.21262
0.28898
0.31720
0.18998
0.25308
0.32624
0.32046
0.32348
0.27538
0.24352
0.31116
0.28146
0.24875
0.21065
0.20480
0.26784
0.21591
0.34968
0.28409
0.26653
0.24623
0.26379
0.25815
0.36609
0.27316
0.25044
0.27630
0.31244
0.27148
0.25283
0.29369
0.28397
0.25045
0.24980
0.28148
0.28105
0.24648
0.23030
0.30997
0.28344
0.23014
0.31358
0.20848
0.31605
0.29942
0.29041
0.29734
0.28314
0.29243
0.22936
0.28605
0.31513
0.22996
0.29766
0.30450
0.26608
0.27698
0.30849
0.17645
0.28439
0.26087
0.28710
0.29757
0.27748
0.27299
0.19818
0.26025
0.35821
0.14797
0.29645
0.23349
0.23288
0.18696
0.38002
0.31917
0.32662
0.19266
0.33327
0.27495
0.28079
0.32859
0.27832
0.30393
0.29890
0.23778
0.27114
0.20281
0.35324
0.26540
0.25329
0.16787
0.32501
0.21997
0.27711
0.26867
0.25092
0.34156
0.30497
0.18928
0.27375
0.29312
0.17776
0.14841
0.29090
0.19307
0.22314
0.15727
0.31087
0.32520
0.27927
0.27185
0.25171
0.27791
0.21073
0.28438
0.29620
0.26550
0.23621
0.26730
0.27554
0.21761
0.18641
0.37772
0.26254
0.22882
0.32902
0.29479
0.25881
0.37489
0.25687
0.21952
0.28582
0.20829
0.27877
0.32310
0.27060
0.26927
0.23533
0.19256
0.33196
0.24194
0.27485
0.22701
0.26221
0.26692
0.25703
0.22050
0.23661
0.28705
0.21815
0.27588
0.21322
0.24166
0.22721
0.23920
0.22334
0.31975
0.28451
0.30957
0.25957
0.24186
0.28338
0.19792
0.21828
0.23798
0.24959
0.31388
0.16288
0.20391
0.28006
0.26464
0.23465
0.16592
0.20929
0.24299
0.24855
0.26257
0.27835
0.28436
0.17513
0.24453
0.26197
0.27190
0.17136
0.27812
0.26889
0.26373
0.39074
0.21813
0.31384
0.25743
0.33362
0.27453
0.26369
0.28438
0.27020
0.28646
0.20889
0.31948
0.26767
0.25131
0.25926
0.26095
0.31615
0.25096
0.29761
0.24708
0.28557
0.23202
0.29039
0.23769
0.28327
0.27291
0.28027
0.24153
0.24229
0.23551
0.30997
0.19912
0.31603
0.23327
0.25643
0.24728
0.26100
0.26915
0.16808
0.22418
0.27762
0.29469
0.27244
0.27110
0.30551
0.24910
0.25079
0.20647
0.28209
0.27315
0.27326
0.26310
0.19302
0.26614
0.29271
0.26762
0.24664
0.24632
0.31110
0.30097
0.21497
0.19542
0.27653
0.28753
0.28472
0.29493
0.29032
0.31345
0.31734
0.15608
0.23647
0.28355
0.25025
0.24810
0.29799
0.31512
0.24969
0.23068
0.22378
0.28875
0.24305
0.32142
0.29347
0.30896
0.26305
0.23831
0.23563
0.28685
0.26382
0.19696
0.32058
0.22749
0.24042
0.32899
0.32916
0.27039
0.23278
0.25809
0.25991
0.31744
0.30938
0.26367
0.21882
0.21127
0.30806
0.32400
0.13325
0.28193
0.20290
0.25849
0.26338
0.25348
0.28849
0.23681
0.25147
0.24159
0.26327
0.23563
0.32386
0.29490
0.27846
0.21074
0.26643
0.24097
0.21824
0.14867
0.31149
0.27666
0.35715
0.25710
0.24936
0.25699
0.25704
0.24053
0.27488
0.19024
0.33713
0.24867
0.30949
0.27067
0.28268
0.33357
0.25631
0.28776
0.27175
0.19815
0.21441
0.27965
0.21778
0.27430
0.27669
0.30725
0.31508
0.35972
0.28397
0.32429
0.27192
0.28080
0.28359
0.34549
0.25079
0.27551
0.29533
0.29972
0.24685
0.31317
0.37690
0.24336
0.28979
0.32689
0.21539
0.27038
0.33706
0.23364
0.24332
0.33381
0.20637
0.28752
0.29254
0.29424
0.25596
0.26756
0.24335
0.23478
0.29802
0.33083
0.30690
0.25307
0.24256
0.28483
0.29067
0.23945
0.28441
0.14726
0.33053
0.31032
0.34637
0.31800
0.29837
0.38998
0.39768
0.25765
0.20700
0.29278
0.36683
0.29099
0.18613
0.28624
0.34271
0.26405
0.26052
0.34119
0.22834
0.24737
0.24875
0.30637
0.38092
0.44235
0.26180
0.26565
0.26522
0.37236
0.29233
0.31400
0.30775
0.34382
0.27257
0.18763
0.31449
0.44408
0.27339
0.39458
0.40035
0.23347
0.27969
0.35039
0.28492
0.28793
0.26436
0.22663
0.22895
0.28334
0.27772
0.29486
0.31262
0.38277
0.27641
0.26034
0.25701
0.19599
0.20718
0.38508
0.21502
0.12946
0.33138
0.14741
0.21907
0.39160
0.17367
0.23859
0.24091
0.26399
0.23486
0.43780
0.21489
0.31914
0.37858
0.25921
0.25705
0.24854
0.25274
0.20910
0.33517
0.17941
0.36981
0.33380
0.24392
0.25459
0.21349
0.34192
0.30318
0.20550
0.29934
0.42965
0.34166
0.28595
0.34925
0.34595
0.20982
0.27436
0.31212
0.39335
0.23349
0.24983
0.24453
0.36605
0.24252
0.25642
0.26610
0.32293
0.38922
0.25018
0.25281
0.34339
0.29509
0.26077
0.25412
0.39504
0.29016
0.25427
0.25812
0.26954
0.34569
0.27440
0.30705
0.24927
0.35825
0.26308
0.26152
0.30707
0.30802
0.23537
0.27538
0.17079
0.30657
0.23471
0.08928
0.15389
0.15873
0.24700
0.26824
0.20339
0.24502
0.30928
0.11956
0.04295
0.19157
0.03662
0.24667
0.26023
0.15736
0.25509
0.05632
0.12023
0.19154
0.18851
0.07088
0.12192
0.22020
0.25175
0.25201
0.21068
0.25239
0.05265
0.32341
0.21313
0.04973
0.07232
0.13103
0.29991
0.12727
0.21924
0.23860
0.27795
0.04196
0.07822
0.04470
0.10355
0.27437
0.13356
0.14706
0.16638
0.25134
0.11487
0.27418
0.21350
0.04400
0.26688
0.06916
0.04972
0.20821
0.18913
0.22642
0.07689
0.09860
0.21340
0.21217
0.25145
0.22284
0.06032
0.06918
0.19623
0.21843
0.12915
0.22420
0.07475
0.28854
0.15729
0.07414
0.23306
0.28198
0.08452
0.16024
0.14689
0.04290
0.02538
0.11789
0.14254
0.18828
0.23415
0.27427
0.19942
0.31165
0.21203
0.21340
0.19913
0.23059
0.19280
0.07446
0.26784
0.08697
0.07503
0.22042
0.23565
0.31127
0.22508
0.06188
0.04446
0.09534
0.17513
0.25012
0.22582
0.09358
0.24233
0.32068
0.12714
0.20309
0.10479
0.02452
0.04353
0.15206
0.06701
0.10991
0.26941
0.25106
0.12079
0.11555
0.02103
0.04538
0.09089
0.23299
