0.15441
0.10893
0.08987
0.25367
0.09818
0.13743
0.20569
0.14428
0.19537
0.06999
0.17937
0.14741
0.16699
0.13154
0.12101
0.20430
0.12782
0.11534
0.09528
0.14667
0.30666
0.12005
0.18481
0.08528
0.22817
0.15308
0.12044
0.27739
0.09179
0.17920
0.13358
0.30118
0.15386
0.10766
0.11224
0.09394
0.13942
0.10565
0.14668
0.16101
0.28397
0.27470
0.10499
0.16477
0.28863
0.25166
0.17163
0.28519
0.18702
0.16593
0.09382
0.16230
0.13832
0.31476
0.09089
0.22601
0.20327
0.13080
0.15368
0.10298
0.29325
0.27058
0.17088
0.17983
0.27846
0.30058
0.04774
0.18774
0.12067
0.04248
0.13257
0.32848
0.32478
0.19178
0.27480
0.11157
0.09740
0.03839
0.25007
0.13897
0.30861
0.20706
0.33352
0.28355
0.24248
0.36212
0.09473
0.08612
0.17087
0.28272
0.32991
0.15935
0.06030
0.29187
0.06755
0.14874
0.19816
0.20940
0.23300
0.17287
0.10513
0.19625
0.10648
0.13330
0.21186
0.28320
0.17446
0.15983
0.21177
0.28705
0.03536
0.21927
0.11066
0.27483
0.11002
0.12733
0.28335
0.05102
0.08799
0.19044
0.24893
0.07811
0.27494
0.06287
0.13103
0.15675
0.33322
0.27559
0.16817
0.27957
0.10416
0.17571
0.30416
0.35150
0.11591
0.16907
0.08189
0.30020
0.27619
0.06584
0.13216
0.03798
0.29560
0.17597
0.13542
0.28847
0.13028
0.36181
0.16489
0.08552
0.16031
0.28062
0.11254
0.32535
0.31347
0.31761
0.17310
0.16706
0.13270
0.22070
0.27373
0.30366
0.25945
0.34693
0.09380
0.13495
0.28664
0.28791
0.12641
0.26512
0.06363
0.22314
0.26711
0.03655
0.11460
0.24501
0.04934
0.09244
0.15781
0.27199
0.07978
0.11254
0.26999
0.17341
0.11345
0.15104
0.22544
0.24265
0.25609
0.19829
0.12997
0.07153
0.05009
0.13984
0.13267
0.27637
0.23874
0.17991
0.09876
0.28155
0.19041
0.08250
0.18532
0.14137
0.06918
0.22461
0.12264
0.22929
0.26110
0.08599
0.26975
0.22945
0.11628
0.25487
0.27165
0.24516
0.13729
0.27667
0.21075
0.32914
0.10394
0.18298
0.14620
0.08226
0.09056
0.07678
0.17527
0.17390
0.18339
0.07548
0.22599
0.11570
0.26511
0.13630
0.05286
0.30619
0.11800
0.06321
0.09933
0.29613
0.11589
0.29886
0.10677
0.11859
0.14319
0.21936
0.11752
0.06741
0.13935
0.10255
0.10815
0.14450
0.11016
0.23041
0.15189
0.15412
0.18351
0.06468
0.06905
0.12319
0.22160
0.18251
0.19928
0.18950
0.16407
0.26468
0.30353
0.10094
0.16684
0.11045
0.08923
0.12057
0.07925
0.05332
0.36659
0.17025
0.08641
0.18504
0.13606
0.08166
0.17102
0.35031
0.12926
0.11432
0.30934
0.11392
0.20421
0.18232
0.16813
0.14075
0.12688
0.08296
0.21705
0.21295
0.16750
0.11126
0.21383
0.16551
0.16105
0.17323
0.33393
0.24884
0.25769
0.16898
0.12494
0.29102
0.32068
0.31283
0.05597
0.26275
0.15739
0.29667
0.13452
0.10881
0.16165
0.14681
0.09949
0.19927
0.25644
0.07485
0.09472
0.11663
0.27953
0.16295
0.24379
0.14108
0.21943
0.25977
0.17265
0.05730
0.26427
0.24852
0.36705
0.27749
0.34193
0.23183
0.25734
0.28610
0.28032
0.27350
0.08020
0.09542
0.14530
0.21858
0.06788
0.10478
0.23123
0.12068
0.25354
0.11299
0.16855
0.11373
0.28366
0.28480
0.24294
0.18272
0.27530
0.14282
0.13445
0.31927
0.12104
0.21868
0.06043
0.10438
0.21265
0.04691
0.25669
0.31148
0.09751
0.06361
0.14532
0.24968
0.11316
0.07493
0.07560
0.09867
0.08856
0.14331
0.17998
0.08921
0.29275
0.18548
0.17425
0.10299
0.19469
0.29380
0.21123
0.29444
0.33692
0.16557
0.29413
0.31458
0.32220
0.34819
0.27703
0.27825
0.35238
0.28753
0.25027
0.27385
0.23882
0.32069
0.20331
0.36424
0.33308
0.27507
0.28485
0.25518
0.29537
0.34497
0.31710
0.23708
0.28585
0.33939
0.27791
0.28758
0.29641
0.26481
0.25669
0.26138
0.32952
0.30209
0.25567
0.22342
0.35019
0.27092
0.28918
0.31984
0.16047
0.31926
0.33925
0.28644
0.31523
0.30315
0.28029
0.23210
0.31211
0.34419
0.24244
0.31492
0.29980
0.25427
0.30640
0.32492
0.18181
0.31795
0.24944
0.28379
0.30716
0.28971
0.30289
0.20590
0.28843
0.36359
0.14425
0.28408
0.21159
0.21819
0.19556
0.37147
0.30814
0.30899
0.15870
0.33699
0.26021
0.27969
0.37322
0.29679
0.31626
0.29142
0.26587
0.28629
0.20762
0.36003
0.30793
0.23527
0.17392
0.32719
0.22681
0.24965
0.28822
0.27501
0.34258
0.30099
0.20023
0.32147
0.30293
0.17948
0.20550
0.31767
0.17964
0.20239
0.17411
0.30644
0.33270
0.28807
0.28752
0.24813
0.32473
0.22319
0.30196
0.28681
0.30319
0.20383
0.28543
0.30747
0.22446
0.19266
0.36169
0.29207
0.21478
0.33908
0.31774
0.26431
0.35246
0.29584
0.23782
0.29635
0.21649
0.29320
0.32235
0.29347
0.28679
0.24839
0.17490
0.34650
0.23018
0.31453
0.23374
0.32042
0.32224
0.29686
0.20598
0.25161
0.29910
0.21837
0.32764
0.19208
0.24238
0.23146
0.23809
0.24375
0.32043
0.31055
0.31824
0.26086
0.20881
0.32923
0.23262
0.22246
0.20836
0.28316
0.30129
0.17482
0.18767
0.29559
0.29983
0.22848
0.15461
0.24446
0.28524
0.24317
0.28559
0.27530
0.32095
0.16678
0.26508
0.27322
0.30106
0.19719
0.32537
0.27441
0.23544
0.37962
0.19628
0.30534
0.22480
0.35645
0.31622
0.27891
0.28119
0.29643
0.27652
0.20622
0.31209
0.28190
0.28134
0.26848
0.27470
0.32848
0.24492
0.27739
0.23696
0.34091
0.26135
0.29858
0.23830
0.27175
0.29149
0.26191
0.22844
0.24041
0.24358
0.31406
0.21355
0.30687
0.25325
0.31121
0.30454
0.27145
0.28757
0.14693
0.26067
0.32775
0.31562
0.27456
0.30782
0.32349
0.25128
0.27747
0.23821
0.29441
0.29604
0.28596
0.24368
0.20157
0.31153
0.30711
0.24922
0.24222
0.24676
0.33819
0.25650
0.25558
0.21271
0.27209
0.29074
0.30958
0.28206
0.24483
0.34663
0.34028
0.15391
0.24564
0.31184
0.28483
0.30994
0.31940
0.33002
0.25905
0.21087
0.21111
0.30244
0.28905
0.35566
0.27425
0.30142
0.30558
0.23031
0.26799
0.29989
0.27970
0.17591
0.32527
0.22326
0.24846
0.33605
0.31601
0.27687
0.22774
0.28081
0.28714
0.35220
0.33185
0.27111
0.26336
0.21441
0.32957
0.32321
0.13003
0.26529
0.21553
0.23599
0.29729
0.25013
0.26248
0.25341
0.24955
0.22026
0.25388
0.25112
0.32559
0.30723
0.29839
0.20587
0.29476
0.24899
0.24493
0.23282
0.33914
0.26619
0.33759
0.26043
0.28868
0.28202
0.26493
0.25813
0.28416
0.17533
0.34066
0.26881
0.32460
0.28313
0.29373
0.34893
0.28037
0.29180
0.31737
0.15239
0.21045
0.32316
0.25339
0.33020
0.30670
0.28391
0.33991
0.37109
0.30951
0.32482
0.26789
0.28968
0.30535
0.36079
0.28352
0.28104
0.32795
0.31316
0.32055
0.33429
0.38202
0.23824
0.28815
0.32679
0.24628
0.31233
0.33512
0.24368
0.25258
0.32162
0.23315
0.30916
0.30422
0.27211
0.26889
0.28554
0.28708
0.28732
0.29259
0.31922
0.30276
0.28222
0.30351
0.28856
0.32726
0.29809
0.27142
0.12402
0.31370
0.33521
0.35758
0.33773
0.30073
0.41816
0.39862
0.28025
0.20116
0.31777
0.40328
0.29521
0.23737
0.30764
0.34845
0.23232
0.25479
0.33011
0.23825
0.28931
0.25375
0.34761
0.36209
0.43106
0.31421
0.30905
0.25624
0.40245
0.31447
0.31729
0.28469
0.34330
0.27904
0.19554
0.33347
0.47359
0.24873
0.42330
0.43217
0.23394
0.29967
0.38727
0.32615
0.28758
0.23024
0.29946
0.19387
0.29682
0.29986
0.29879
0.30716
0.39555
0.26537
0.29073
0.24429
0.13300
0.27559
0.39410
0.25357
0.13318
0.32947
0.19174
0.20370
0.42827
0.14570
0.24445
0.21523
0.28546
0.24354
0.43342
0.18689
0.35282
0.40117
0.25445
0.17498
0.24305
0.27960
0.23584
0.37095
0.20050
0.36474
0.34914
0.27462
0.25207
0.23853
0.35379
0.26653
0.21379
0.34297
0.41438
0.31454
0.27888
0.38491
0.37366
0.24994
0.27087
0.29324
0.39657
0.21312
0.22310
0.21646
0.36691
0.28685
0.26846
0.28116
0.33296
0.38311
0.24435
0.30755
0.33993
0.32247
0.28715
0.26321
0.34800
0.29092
0.28280
0.29316
0.28472
0.33800
0.26790
0.30709
0.24734
0.34270
0.25066
0.26403
0.29056
0.28076
0.23043
0.28444
0.21142
0.32152
0.19894
0.05174
0.15708
0.16315
0.24932
0.29436
0.20487
0.25014
0.35580
0.19903
0.06747
0.21020
0.05390
0.26473
0.24613
0.19482
0.22973
0.05588
0.08470
0.20611
0.28060
0.07794
0.19255
0.23173
0.22836
0.19301
0.21213
0.29909
0.05160
0.33042
0.17105
0.06443
0.07855
0.11644
0.27136
0.13066
0.22357
0.18758
0.27773
0.11977
0.06996
0.03290
0.08643
0.28848
0.06757
0.11611
0.11563
0.25966
0.16319
0.25421
0.21414
0.04807
0.25660
0.05807
0.05765
0.27778
0.18963
0.23801
0.05566
0.06003
0.20711
0.19707
0.27359
0.22945
0.04719
0.06986
0.16603
0.21069
0.17413
0.17127
0.09000
0.23612
0.21745
0.14567
0.27391
0.29913
0.09157
0.11513
0.13283
0.04792
0.04732
0.21812
0.06788
0.19191
0.25193
0.29052
0.19577
0.32072
0.26597
0.19926
0.12053
0.19790
0.19443
0.02554
0.24157
0.12785
0.06845
0.20771
0.21785
0.27341
0.21200
0.02917
0.08557
0.16340
0.19629
0.25503
0.23136
0.07162
0.21350
0.28661
0.17464
0.21385
0.09246
0.09325
0.03588
0.12049
0.05562
0.11568
0.26325
0.26953
0.08355
0.10156
0.05744
0.10123
0.10159
0.21776
