0.09541
0.10704
0.04780
0.25428
0.10819
0.14336
0.22653
0.16159
0.21193
0.06346
0.20681
0.12560
0.19267
0.11530
0.15781
0.23163
0.12398
0.15054
0.09082
0.14574
0.25605
0.15584
0.13922
0.07405
0.26219
0.16899
0.12002
0.25775
0.10805
0.15333
0.15385
0.28952
0.12184
0.11399
0.10375
0.09645
0.12442
0.10971
0.08311
0.16818
0.30058
0.24724
0.05936
0.12540
0.30388
0.24289
0.17453
0.21792
0.19739
0.12208
0.09398
0.13545
0.11968
0.31551
0.09206
0.23465
0.25391
0.12979
0.08322
0.08320
0.28836
0.29398
0.16016
0.17861
0.26098
0.31372
0.04783
0.20291
0.10982
0.03785
0.13353
0.29055
0.28723
0.16471
0.27672
0.11319
0.09351
0.03015
0.21139
0.16863
0.30377
0.13384
0.27617
0.26706
0.29484
0.35447
0.10049
0.07976
0.12906
0.28842
0.31958
0.19144
0.08051
0.26902
0.06032
0.15147
0.21967
0.23785
0.21094
0.19488
0.08979
0.17682
0.11507
0.13457
0.20623
0.27624
0.16391
0.15315
0.19191
0.27199
0.04206
0.24429
0.07697
0.23187
0.10669
0.15162
0.28191
0.04629
0.08054
0.16274
0.26666
0.04998
0.28299
0.03339
0.10156
0.14936
0.31360
0.27697
0.13364
0.24403
0.09685
0.14074
0.28781
0.35002
0.09705
0.13533
0.10810
0.28477
0.24738
0.03230
0.19524
0.04065
0.29631
0.16234
0.12216
0.30789
0.06765
0.35010
0.18631
0.08854
0.13134
0.27058
0.10488
0.30985
0.31034
0.30863
0.10658
0.20086
0.13026
0.20292
0.29850
0.27241
0.27124
0.31852
0.10255
0.15281
0.27058
0.26745
0.08336
0.25772
0.03510
0.23224
0.26172
0.03621
0.11633
0.20411
0.07612
0.07004
0.16495
0.26766
0.10247
0.11255
0.24168
0.17047
0.07084
0.19434
0.20728
0.23116
0.25928
0.23071
0.13642
0.07146
0.04260
0.17372
0.11425
0.24846
0.21017
0.17204
0.13487
0.28252
0.19894
0.08218
0.19865
0.16122
0.04063
0.23591
0.11604
0.19614
0.24697
0.09029
0.25900
0.20868
0.12329
0.26374
0.24289
0.24491
0.13122
0.29078
0.18698
0.33398
0.08104
0.23222
0.17260
0.09665
0.10210
0.06431
0.17434
0.19599
0.17126
0.04922
0.22043
0.09667
0.27861
0.10812
0.06788
0.28400
0.12035
0.02922
0.09739
0.28465
0.06682
0.29299
0.10290
0.11807
0.12694
0.20791
0.12098
0.04973
0.12513
0.10606
0.10372
0.14338
0.14937
0.22740
0.13929
0.14306
0.18828
0.06329
0.09309
0.12592
0.17868
0.17488
0.21428
0.21310
0.13183
0.24785
0.26157
0.09528
0.18252
0.04165
0.11533
0.12093
0.05752
0.03756
0.36810
0.16275
0.05665
0.23247
0.14098
0.11605
0.17983
0.34183
0.11398
0.07936
0.29110
0.11859
0.15637
0.19592
0.20458
0.14846
0.10580
0.06788
0.20472
0.21466
0.17030
0.10240
0.16732
0.20145
0.20377
0.15947
0.29980
0.28749
0.25607
0.14873
0.10369
0.31583
0.29498
0.31954
0.03615
0.27127
0.13440
0.29401
0.14359
0.10180
0.15491
0.13339
0.11120
0.17709
0.24800
0.06083
0.12279
0.05825
0.27255
0.14166
0.25959
0.14598
0.22239
0.22263
0.19001
0.07477
0.23262
0.31031
0.38315
0.25434
0.31211
0.22960
0.24736
0.27473
0.26854
0.24757
0.05256
0.05989
0.12681
0.20823
0.07952
0.10328
0.21295
0.11046
0.19695
0.13403
0.18607
0.11204
0.26764
0.28603
0.24536
0.20020
0.30037
0.09800
0.11767
0.32002
0.08222
0.23287
0.02548
0.07510
0.22121
0.07367
0.23049
0.35901
0.06086
0.08322
0.11672
0.23650
0.11614
0.04914
0.06248
0.05898
0.09362
0.08560
0.18746
0.08664
0.28186
0.20867
0.23158
0.10073
0.21656
0.30352
0.19134
0.25769
0.35147
0.15390
0.29124
0.30690
0.28426
0.29847
0.29218
0.23468
0.35857
0.25878
0.24916
0.21828
0.25565
0.27933
0.18762
0.36628
0.34539
0.26132
0.22950
0.25133
0.21746
0.34149
0.26339
0.22328
0.31288
0.33868
0.20395
0.22369
0.32974
0.26190
0.26530
0.26229
0.25762
0.32525
0.25862
0.21549
0.35413
0.24427
0.23083
0.31335
0.19779
0.30452
0.35129
0.28060
0.30220
0.27201
0.26886
0.24270
0.25025
0.33699
0.19206
0.26349
0.32820
0.20524
0.25000
0.28951
0.19806
0.29827
0.25179
0.28096
0.31698
0.29319
0.25976
0.19474
0.29257
0.36734
0.15403
0.28459
0.19922
0.14340
0.20185
0.35014
0.30018
0.32433
0.17033
0.35373
0.27076
0.27323
0.36719
0.30771
0.28016
0.28418
0.21757
0.27017
0.18839
0.37046
0.26442
0.22963
0.18427
0.33020
0.20583
0.25798
0.30640
0.26072
0.35934
0.33988
0.22881
0.31161
0.32427
0.14312
0.16169
0.27863
0.18297
0.19531
0.14272
0.29959
0.34761
0.25355
0.24197
0.24589
0.27144
0.22906
0.25056
0.23539
0.25932
0.20679
0.29055
0.27037
0.24940
0.17354
0.34460
0.30389
0.16848
0.32757
0.32798
0.29313
0.33532
0.30631
0.21656
0.26588
0.18906
0.29274
0.31425
0.26985
0.29349
0.24027
0.14844
0.29900
0.21155
0.28256
0.21519
0.24084
0.28648
0.30037
0.21074
0.21767
0.29254
0.21329
0.28007
0.19084
0.25116
0.22462
0.22588
0.19033
0.31280
0.32104
0.33217
0.22006
0.17349
0.32886
0.18155
0.17866
0.20160
0.30676
0.31739
0.19178
0.17378
0.27828
0.24247
0.19728
0.15377
0.25127
0.25480
0.19295
0.24877
0.21815
0.29665
0.19037
0.22447
0.28151
0.24108
0.18355
0.25107
0.26675
0.23567
0.37052
0.17912
0.33469
0.23634
0.36841
0.31037
0.23654
0.26305
0.26020
0.25783
0.19437
0.30049
0.29785
0.23480
0.29370
0.24193
0.33992
0.23486
0.30439
0.22630
0.35166
0.22401
0.26655
0.21751
0.24122
0.27902
0.26211
0.23014
0.22962
0.24543
0.31986
0.21579
0.30583
0.23621
0.23180
0.28014
0.28616
0.31271
0.14436
0.21865
0.32068
0.34458
0.21237
0.26954
0.30509
0.27550
0.22542
0.19548
0.30641
0.28524
0.25689
0.24483
0.18768
0.28105
0.32008
0.26454
0.25062
0.25876
0.32655
0.26253
0.17450
0.21464
0.29212
0.29688
0.28324
0.25925
0.26405
0.34533
0.34976
0.15736
0.21633
0.31405
0.26550
0.24687
0.29727
0.34024
0.23951
0.19935
0.21945
0.24268
0.25649
0.36084
0.29851
0.29767
0.27060
0.23670
0.25598
0.30256
0.28770
0.18201
0.33673
0.22705
0.22809
0.34249
0.29288
0.26787
0.24757
0.24196
0.29445
0.31875
0.34586
0.24490
0.28818
0.21555
0.29153
0.31339
0.12224
0.25130
0.21861
0.21786
0.24342
0.21373
0.27480
0.25335
0.23725
0.23722
0.23432
0.24208
0.34494
0.27300
0.23772
0.18871
0.30678
0.25058
0.23524
0.18568
0.34019
0.30409
0.32406
0.25193
0.23355
0.26625
0.26834
0.23213
0.27877
0.16891
0.32630
0.26712
0.34830
0.27375
0.31791
0.36346
0.27847
0.24318
0.28661
0.19181
0.19928
0.27191
0.21936
0.30002
0.30261
0.26100
0.31257
0.38172
0.32953
0.34304
0.28100
0.32165
0.29967
0.36158
0.22631
0.28375
0.32751
0.31950
0.25181
0.33652
0.40214
0.24324
0.23445
0.33012
0.23409
0.33197
0.32474
0.21377
0.23087
0.36277
0.23111
0.26479
0.31448
0.27007
0.24325
0.22145
0.24161
0.29659
0.29912
0.31028
0.29145
0.22869
0.28187
0.26291
0.27396
0.25465
0.29835
0.13658
0.32751
0.28647
0.36506
0.26359
0.31111
0.39358
0.39232
0.22618
0.21321
0.27513
0.38665
0.28783
0.22167
0.26190
0.34483
0.23931
0.20810
0.33786
0.19583
0.29161
0.21839
0.30849
0.37256
0.45620
0.30886
0.25836
0.23471
0.37694
0.30357
0.31674
0.29655
0.33494
0.22534
0.16857
0.32430
0.44571
0.26009
0.40277
0.40631
0.22529
0.26995
0.34563
0.31554
0.30881
0.20263
0.25773
0.20471
0.30313
0.28331
0.29420
0.30920
0.36614
0.22323
0.24062
0.24555
0.20882
0.19977
0.38866
0.26044
0.15725
0.30625
0.19206
0.19190
0.39513
0.18409
0.26195
0.20768
0.25884
0.23426
0.43518
0.19709
0.29117
0.38684
0.23464
0.20558
0.21603
0.26116
0.19354
0.32614
0.21514
0.35878
0.36597
0.23126
0.25840
0.19543
0.35555
0.30148
0.22807
0.36574
0.40948
0.34236
0.29768
0.32793
0.33784
0.18446
0.29635
0.27847
0.38098
0.21180
0.21368
0.23419
0.35395
0.23304
0.25314
0.20718
0.33834
0.39875
0.20661
0.25085
0.33714
0.31037
0.24495
0.25572
0.37142
0.25577
0.31195
0.24599
0.26036
0.31223
0.25912
0.27612
0.24631
0.34969
0.27446
0.20327
0.28388
0.25153
0.20833
0.25038
0.12793
0.27495
0.26424
0.05031
0.06602
0.20366
0.26292
0.27603
0.20645
0.24368
0.36021
0.20735
0.06064
0.15295
0.07014
0.27659
0.27562
0.16291
0.25781
0.03640
0.07996
0.18409
0.22622
0.08818
0.10944
0.23765
0.27114
0.21340
0.21311
0.28191
0.07298
0.32465
0.23440
0.04588
0.10981
0.16904
0.29531
0.14517
0.26608
0.23107
0.28955
0.08032
0.06283
0.08761
0.08098
0.28286
0.19371
0.12291
0.21983
0.27192
0.17936
0.24206
0.22992
0.05228
0.26790
0.06839
0.05660
0.27563
0.19701
0.20503
0.05542
0.08683
0.21516
0.20196
0.29024
0.19564
0.01006
0.05311
0.16949
0.19185
0.17234
0.19625
0.10615
0.26031
0.22139
0.11988
0.26766
0.26129
0.09761
0.18603
0.15962
0.08545
0.08831
0.21400
0.13448
0.19352
0.23857
0.27600
0.20093
0.33653
0.25069
0.20778
0.23403
0.22712
0.24300
0.06347
0.24134
0.05308
0.04066
0.18071
0.27207
0.29386
0.26148
0.08052
0.05422
0.09372
0.25793
0.18476
0.21162
0.09448
0.19339
0.25080
0.12403
0.21544
0.07853
0.05141
0.02886
0.16943
0.06210
0.08583
0.25754
0.30238
0.09200
0.16729
0.01193
0.04061
0.10008
0.26689
