0.10062
0.10712
0.06341
0.27013
0.08789
0.14117
0.23723
0.14194
0.17547
0.05425
0.19612
0.15651
0.14258
0.12611
0.14276
0.20982
0.12717
0.13984
0.06045
0.15329
0.29359
0.08837
0.15892
0.09132
0.28095
0.16629
0.12433
0.24527
0.08872
0.17771
0.15557
0.26363
0.16968
0.11624
0.07637
0.08900
0.11722
0.05967
0.11642
0.18343
0.25411
0.26261
0.13702
0.17619
0.29024
0.21779
0.17507
0.24831
0.17846
0.12968
0.09988
0.15902
0.12714
0.26795
0.09317
0.23310
0.23714
0.14985
0.14716
0.09050
0.26846
0.29108
0.17272
0.19208
0.28701
0.34640
0.04411
0.19069
0.08837
0.04928
0.12780
0.29987
0.27094
0.22376
0.26059
0.13218
0.06963
0.03129
0.22743
0.14114
0.33781
0.18111
0.33830
0.28386
0.30055
0.34820
0.11003
0.10441
0.14620
0.25996
0.33521
0.20546
0.07816
0.24898
0.08905
0.14419
0.20784
0.22124
0.20555
0.16161
0.09176
0.17641
0.10684
0.11254
0.20801
0.31491
0.17276
0.15549
0.18097
0.30962
0.01811
0.27425
0.10276
0.25085
0.11452
0.14736
0.26865
0.05995
0.05887
0.20820
0.19892
0.08935
0.30075
0.02116
0.10764
0.12726
0.30467
0.27115
0.19054
0.25980
0.10353
0.15392
0.29366
0.34946
0.10438
0.13518
0.07656
0.29099
0.27189
0.07360
0.19852
0.04004
0.33080
0.18978
0.14752
0.30899
0.08662
0.36460
0.19459
0.08934
0.16515
0.28878
0.12769
0.32371
0.31650
0.35655
0.11512
0.16763
0.15402
0.21127
0.20837
0.26078
0.28636
0.33031
0.09617
0.09772
0.30055
0.27422
0.09401
0.26799
0.04728
0.23133
0.26742
0.03682
0.10561
0.20531
0.05000
0.07615
0.15843
0.26787
0.07846
0.10500
0.23389
0.22958
0.10847
0.17362
0.23054
0.23036
0.24451
0.19484
0.09767
0.11477
0.05802
0.17357
0.15024
0.26203
0.15728
0.14789
0.07358
0.29109
0.23002
0.13918
0.16127
0.15000
0.05229
0.22995
0.09183
0.23766
0.25997
0.12495
0.24463
0.24123
0.12266
0.23268
0.24623
0.27053
0.13815
0.24093
0.22644
0.35217
0.12628
0.20689
0.15144
0.06352
0.06883
0.06645
0.19379
0.15853
0.15748
0.05114
0.26828
0.08241
0.22078
0.13193
0.08045
0.29204
0.11968
0.03534
0.11544
0.24157
0.06531
0.31030
0.12114
0.11582
0.14349
0.23182
0.11167
0.07455
0.14164
0.11482
0.10571
0.09134
0.10816
0.26384
0.13516
0.18397
0.20881
0.06804
0.06994
0.13861
0.18839
0.15589
0.22162
0.17852
0.16866
0.27743
0.28357
0.10234
0.17359
0.06544
0.06978
0.12911
0.08065
0.07447
0.35556
0.18874
0.09003
0.20981
0.15780
0.07346
0.16032
0.34401
0.15101
0.12512
0.31528
0.11133
0.22278
0.20590
0.19710
0.16643
0.09470
0.07830
0.22127
0.22906
0.16683
0.10337
0.19340
0.18044
0.21571
0.17773
0.32531
0.28552
0.27280
0.13378
0.09670
0.30185
0.27549
0.35726
0.04546
0.29384
0.11404
0.23514
0.13651
0.07861
0.12956
0.14838
0.12452
0.17767
0.26594
0.05964
0.11296
0.06255
0.29055
0.15438
0.26708
0.15614
0.21913
0.20744
0.17513
0.09453
0.23365
0.24312
0.34371
0.28318
0.33578
0.23617
0.26142
0.30851
0.27510
0.26683
0.05563
0.09568
0.13968
0.22478
0.08200
0.05240
0.18270
0.13049
0.21256
0.11246
0.20703
0.11645
0.32007
0.26883
0.24302
0.18703
0.28036
0.13227
0.12893
0.34003
0.07658
0.22364
0.06538
0.09533
0.19730
0.07516
0.25886
0.34449
0.06697
0.07668
0.15666
0.27864
0.11988
0.06707
0.06806
0.07611
0.09018
0.10418
0.20889
0.07510
0.25618
0.13832
0.19509
0.07649
0.14590
0.28505
0.21732
0.27963
0.34808
0.16690
0.26008
0.32116
0.31797
0.32232
0.28109
0.24672
0.34075
0.28845
0.24503
0.25971
0.23188
0.28358
0.17697
0.37358
0.30318
0.23020
0.26242
0.23764
0.25900
0.34721
0.27808
0.24063
0.27452
0.32283
0.24167
0.26237
0.31715
0.26309
0.25799
0.26034
0.28946
0.30577
0.27199
0.21879
0.33883
0.27803
0.24664
0.33172
0.21155
0.29801
0.34655
0.28711
0.31268
0.29250
0.29311
0.24614
0.27350
0.32635
0.24179
0.28951
0.30577
0.25206
0.27262
0.29365
0.19823
0.30354
0.27100
0.26661
0.30378
0.27920
0.27173
0.16168
0.27932
0.34916
0.15755
0.28171
0.23377
0.18301
0.20427
0.35704
0.30380
0.28686
0.16763
0.33729
0.26908
0.27341
0.35678
0.30862
0.28918
0.30034
0.23614
0.26338
0.19749
0.36222
0.28893
0.24860
0.18723
0.33665
0.19908
0.23973
0.27645
0.25888
0.33741
0.31444
0.22183
0.29360
0.29346
0.16759
0.18365
0.30137
0.17077
0.18626
0.17857
0.29550
0.32913
0.27503
0.26936
0.23994
0.29144
0.21270
0.29733
0.28301
0.27417
0.21882
0.27756
0.28634
0.21551
0.18836
0.35032
0.28445
0.20938
0.30949
0.31936
0.24486
0.36593
0.31355
0.19644
0.28710
0.20210
0.28657
0.30929
0.29472
0.28567
0.23047
0.15720
0.30787
0.21151
0.29725
0.23622
0.28773
0.29837
0.28135
0.20383
0.23099
0.30192
0.20716
0.30681
0.17797
0.24827
0.21841
0.21471
0.21705
0.30987
0.31831
0.31789
0.26065
0.20801
0.32257
0.20333
0.23765
0.22722
0.28670
0.31401
0.16676
0.18153
0.30035
0.27654
0.21201
0.15895
0.23144
0.25860
0.21136
0.26620
0.26984
0.32563
0.16337
0.25302
0.28398
0.28614
0.20057
0.27086
0.27036
0.24547
0.38475
0.19192
0.31453
0.22412
0.34635
0.31582
0.26758
0.27792
0.29210
0.26733
0.19914
0.30315
0.29362
0.25347
0.27704
0.24617
0.33426
0.22561
0.24773
0.24340
0.32906
0.25587
0.29841
0.23411
0.27579
0.29990
0.26882
0.19987
0.26953
0.23896
0.31168
0.22779
0.31769
0.22011
0.26643
0.27349
0.28247
0.28696
0.14301
0.23908
0.32181
0.32922
0.26312
0.28114
0.31583
0.27045
0.24529
0.23892
0.30236
0.28216
0.27073
0.23781
0.19924
0.29881
0.29999
0.25606
0.26666
0.24719
0.32727
0.30544
0.22105
0.22539
0.28845
0.27749
0.30172
0.26027
0.26542
0.33426
0.33771
0.14839
0.22809
0.30337
0.25021
0.29638
0.30113
0.32590
0.24370
0.20745
0.20480
0.27506
0.29088
0.35897
0.28898
0.29350
0.30233
0.23960
0.26659
0.27597
0.27260
0.17262
0.32210
0.22162
0.22678
0.33164
0.29673
0.27943
0.25839
0.26753
0.29305
0.33849
0.33637
0.26583
0.26537
0.19125
0.31890
0.29191
0.13842
0.29559
0.20881
0.24678
0.26649
0.20895
0.28952
0.25277
0.25550
0.22735
0.26512
0.25614
0.32659
0.29327
0.27837
0.19588
0.28887
0.24988
0.23516
0.19946
0.33763
0.27978
0.32735
0.27094
0.27878
0.29393
0.28101
0.26310
0.27098
0.17161
0.30675
0.28004
0.33380
0.26728
0.30349
0.34749
0.26352
0.27646
0.31924
0.16723
0.20956
0.30496
0.25398
0.30493
0.28559
0.30468
0.33749
0.38573
0.30514
0.32192
0.27005
0.28417
0.28246
0.33534
0.27767
0.29164
0.32222
0.32141
0.29624
0.32189
0.38038
0.19476
0.25952
0.29437
0.24340
0.32250
0.31882
0.22375
0.25107
0.35291
0.23938
0.28538
0.29569
0.27710
0.26416
0.25181
0.25666
0.23456
0.28378
0.31806
0.28824
0.27435
0.28905
0.28928
0.29317
0.27640
0.29196
0.13286
0.29207
0.33214
0.34555
0.32732
0.31416
0.41461
0.38335
0.26890
0.17084
0.30046
0.37005
0.27950
0.20395
0.30782
0.35115
0.24218
0.24107
0.32479
0.23055
0.27705
0.25570
0.32612
0.35500
0.42133
0.29736
0.32470
0.25648
0.39584
0.26708
0.29184
0.29989
0.35378
0.24770
0.18372
0.31986
0.43796
0.26148
0.39697
0.42250
0.20635
0.29503
0.36875
0.31206
0.30569
0.23303
0.26598
0.23155
0.29190
0.33132
0.31463
0.28899
0.36265
0.28867
0.27959
0.26178
0.20273
0.26473
0.39514
0.24166
0.12621
0.34216
0.14740
0.22385
0.40461
0.16237
0.25981
0.21784
0.26373
0.22331
0.43465
0.19653
0.33037
0.38963
0.24984
0.23472
0.26242
0.25326
0.24449
0.35715
0.19028
0.34423
0.36436
0.27411
0.25329
0.24320
0.33635
0.30217
0.19894
0.34086
0.42279
0.31897
0.28840
0.34235
0.36172
0.19291
0.28577
0.28314
0.39425
0.18629
0.23659
0.24109
0.36253
0.27837
0.25568
0.26053
0.30952
0.37063
0.20450
0.30310
0.35039
0.29658
0.28122
0.25371
0.37368
0.29496
0.28393
0.26575
0.29783
0.32187
0.27019
0.30539
0.25074
0.34730
0.27110
0.27832
0.31208
0.28097
0.24702
0.26713
0.21312
0.32795
0.19964
0.04677
0.15034
0.18132
0.20561
0.30691
0.18892
0.27248
0.35550
0.19995
0.09142
0.20523
0.07334
0.27639
0.26704
0.20060
0.22602
0.08310
0.17809
0.19581
0.23336
0.14054
0.12256
0.23628
0.28440
0.22057
0.21085
0.25811
0.06995
0.33128
0.19473
0.09320
0.06874
0.13436
0.24660
0.13598
0.21026
0.19832
0.30351
0.05477
0.08151
0.03106
0.08358
0.29508
0.08049
0.12029
0.21252
0.28002
0.12839
0.27019
0.21445
0.06379
0.27910
0.08018
0.09789
0.25863
0.17793
0.26702
0.09852
0.06873
0.23203
0.20569
0.28252
0.23420
0.06488
0.07340
0.19830
0.21435
0.22133
0.16209
0.16012
0.24828
0.22984
0.19996
0.25809
0.26180
0.09616
0.13740
0.15405
0.06174
0.02326
0.16836
0.13439
0.19261
0.25107
0.23904
0.19387
0.29425
0.23894
0.20941
0.22809
0.21696
0.17627
0.03087
0.24471
0.08922
0.07886
0.19764
0.24231
0.28852
0.24494
0.06303
0.09686
0.14959
0.19023
0.22986
0.27713
0.09709
0.21044
0.34553
0.12458
0.25123
0.11833
0.03152
0.06194
0.15654
0.08619
0.09387
0.29174
0.27298
0.08382
0.10255
0.02128
0.09585
0.07884
0.21531
