0.11836
0.09919
0.06781
0.26423
0.08789
0.15767
0.22213
0.15130
0.18483
0.05767
0.18810
0.14647
0.13380
0.12880
0.14257
0.22249
0.13017
0.12749
0.06571
0.15408
0.30355
0.10273
0.16484
0.08718
0.27354
0.16865
0.11663
0.23208
0.08096
0.18517
0.13145
0.27213
0.17815
0.11792
0.07516
0.09330
0.13645
0.06573
0.14135
0.17484
0.26984
0.26361
0.13466
0.17969
0.29991
0.21586
0.16811
0.25315
0.18375
0.12967
0.10297
0.16353
0.11773
0.28047
0.09715
0.24061
0.24288
0.14872
0.13163
0.09338
0.26157
0.28964
0.16059
0.20663
0.30088
0.34333
0.05215
0.20142
0.08240
0.05829
0.14144
0.28609
0.29789
0.20588
0.27901
0.15339
0.07737
0.03506
0.22592
0.15758
0.32532
0.18217
0.32732
0.27649
0.28963
0.36118
0.10773
0.10806
0.15422
0.26713
0.33772
0.21282
0.09926
0.22438
0.07994
0.16246
0.19582
0.23038
0.20712
0.15971
0.09397
0.19412
0.10541
0.11313
0.23040
0.32590
0.16791
0.14285
0.19906
0.30954
0.02766
0.27800
0.12797
0.24255
0.12664
0.18940
0.26840
0.05979
0.06234
0.21434
0.20931
0.09659
0.30124
0.03219
0.11032
0.11120
0.33281
0.26934
0.20102
0.25785
0.12141
0.14688
0.27629
0.33313
0.09799
0.15193
0.07873
0.28849
0.27185
0.07472
0.21419
0.04098
0.31671
0.18186
0.15205
0.29706
0.08022
0.36755
0.23093
0.09133
0.17253
0.26799
0.13432
0.33297
0.29847
0.34688
0.14638
0.17204
0.15734
0.22201
0.23113
0.26185
0.28790
0.34708
0.10202
0.11741
0.29731
0.30895
0.10077
0.27138
0.05783
0.24592
0.25908
0.05402
0.09493
0.19282
0.06646
0.07818
0.17146
0.24726
0.08916
0.10558
0.20368
0.20071
0.11381
0.17318
0.23328
0.24366
0.24950
0.18237
0.10081
0.08027
0.06948
0.15551
0.12432
0.25236
0.17024
0.16276
0.08368
0.26225
0.24167
0.12946
0.17330
0.15151
0.04329
0.26044
0.09150
0.22958
0.24512
0.16092
0.25265
0.22374
0.11905
0.22562
0.25438
0.25749
0.13857
0.24031
0.20103
0.36573
0.11977
0.18681
0.14418
0.06371
0.07216
0.07851
0.19457
0.16663
0.16966
0.05130
0.23035
0.09303
0.24783
0.13627
0.08046
0.27689
0.10626
0.03264
0.12163
0.24523
0.06527
0.28330
0.12337
0.11819
0.13316
0.21914
0.12317
0.04609
0.15325
0.10706
0.09770
0.08648
0.10410
0.27905
0.14725
0.18681
0.20618
0.08331
0.06687
0.13703
0.18616
0.15782
0.21473
0.19369
0.16755
0.26970
0.27315
0.10228
0.15632
0.06713
0.07354
0.13261
0.07889
0.06557
0.35579
0.20375
0.08355
0.19590
0.15981
0.07852
0.16996
0.34424
0.14941
0.12005
0.29651
0.11280
0.21809
0.22345
0.16749
0.17291
0.09004
0.07830
0.21466
0.24224
0.17713
0.10476
0.18437
0.19162
0.19236
0.19620
0.33624
0.29006
0.26799
0.15142
0.10731
0.31797
0.28757
0.34552
0.04121
0.28455
0.11059
0.24827
0.13553
0.09098
0.12662
0.13547
0.13499
0.18176
0.26804
0.06195
0.11123
0.06091
0.29031
0.15689
0.27901
0.16137
0.23928
0.22413
0.19976
0.08597
0.27037
0.24259
0.36718
0.27667
0.33108
0.22144
0.26337
0.29869
0.27824
0.26895
0.05580
0.08831
0.14617
0.22583
0.07543
0.07288
0.17434
0.14608
0.21954
0.11697
0.20761
0.13690
0.30006
0.27879
0.26188
0.19065
0.27470
0.13114
0.13847
0.33780
0.08242
0.20988
0.06966
0.09435
0.20382
0.07509
0.23103
0.36517
0.06140
0.08130
0.17099
0.27208
0.10926
0.06605
0.07603
0.07247
0.09821
0.10476
0.21753
0.07110
0.26696
0.16346
0.22158
0.08281
0.17326
0.30286
0.21896
0.26824
0.36755
0.17353
0.25948
0.30770
0.27851
0.31284
0.28557
0.23112
0.36312
0.26414
0.22770
0.25986
0.21484
0.27551
0.17890
0.36994
0.31795
0.25057
0.25287
0.23796
0.23946
0.33950
0.27386
0.23985
0.32284
0.35329
0.22774
0.24796
0.32027
0.25796
0.23731
0.25757
0.27100
0.30916
0.25436
0.20768
0.36414
0.25405
0.25784
0.33210
0.22920
0.29338
0.35038
0.28619
0.28802
0.28056
0.28239
0.22989
0.25901
0.33116
0.21386
0.28052
0.32568
0.24840
0.28035
0.27503
0.18371
0.28471
0.26664
0.28400
0.32638
0.29578
0.25863
0.16617
0.25849
0.37680
0.14589
0.28419
0.23743
0.20751
0.17161
0.35304
0.29198
0.32482
0.16286
0.36799
0.27039
0.27194
0.37119
0.32009
0.28275
0.29281
0.23732
0.26372
0.18073
0.34952
0.28161
0.22840
0.17718
0.32210
0.20365
0.22782
0.30080
0.24056
0.36125
0.31876
0.19737
0.30543
0.32429
0.17015
0.18655
0.26933
0.16898
0.18451
0.16182
0.30296
0.34825
0.25469
0.27708
0.23917
0.27600
0.20896
0.28709
0.25111
0.28453
0.22118
0.28680
0.27815
0.21201
0.17997
0.33961
0.28295
0.20793
0.32340
0.31713
0.25326
0.35778
0.32120
0.21337
0.26839
0.19487
0.29086
0.29295
0.28389
0.29141
0.25331
0.16382
0.29960
0.21244
0.27070
0.21680
0.26934
0.29338
0.29554
0.19380
0.22053
0.29676
0.21039
0.27884
0.17575
0.24086
0.23415
0.21566
0.19402
0.29155
0.31137
0.33808
0.24064
0.21139
0.33201
0.20034
0.21098
0.21771
0.31339
0.30815
0.16292
0.17397
0.27376
0.27369
0.18947
0.15297
0.22266
0.26234
0.21260
0.25275
0.25332
0.29798
0.16010
0.24587
0.26327
0.27674
0.19151
0.25430
0.26385
0.23948
0.36102
0.17927
0.31806
0.21362
0.35931
0.31803
0.25000
0.27018
0.28371
0.27100
0.19901
0.31200
0.28026
0.24768
0.28648
0.27306
0.33312
0.23751
0.26666
0.25589
0.33634
0.24221
0.27203
0.22280
0.28175
0.29722
0.26381
0.22325
0.25880
0.22945
0.30005
0.22846
0.32993
0.21081
0.26039
0.29856
0.30524
0.25369
0.14379
0.21639
0.33401
0.32431
0.25519
0.26009
0.29887
0.25046
0.24133
0.22430
0.31073
0.27228
0.24762
0.23374
0.18781
0.28148
0.31489
0.24352
0.26053
0.25310
0.33778
0.29150
0.20584
0.20253
0.28988
0.29634
0.27947
0.25578
0.27910
0.33831
0.35148
0.13954
0.23619
0.31830
0.25098
0.27003
0.29789
0.33574
0.23738
0.20579
0.20837
0.25496
0.27412
0.36932
0.28320
0.28630
0.28904
0.22943
0.26782
0.30859
0.27567
0.18030
0.31600
0.21852
0.22304
0.33626
0.29506
0.24988
0.22920
0.25381
0.29043
0.33084
0.34495
0.25416
0.27693
0.19674
0.30765
0.30800
0.12788
0.27177
0.21028
0.22907
0.25564
0.21571
0.27992
0.25233
0.25242
0.20175
0.24027
0.25131
0.34432
0.27750
0.25112
0.18878
0.30194
0.25013
0.21478
0.21267
0.32327
0.29225
0.32647
0.26142
0.23822
0.26051
0.25836
0.25609
0.28447
0.16850
0.32222
0.26114
0.32533
0.28544
0.31844
0.34975
0.26178
0.25144
0.29412
0.18520
0.20668
0.27879
0.22223
0.27492
0.31415
0.28567
0.31398
0.39037
0.31150
0.34491
0.25636
0.32101
0.28935
0.35992
0.26048
0.27370
0.33233
0.32802
0.28020
0.33567
0.39832
0.21136
0.24853
0.28820
0.23516
0.31790
0.33088
0.22673
0.26245
0.33149
0.23585
0.26252
0.33950
0.28787
0.25707
0.22237
0.24038
0.26844
0.29153
0.30061
0.30391
0.26109
0.27646
0.28290
0.29207
0.26419
0.29297
0.12806
0.31652
0.33078
0.33277
0.31654
0.30530
0.39487
0.38438
0.28209
0.18646
0.29477
0.39021
0.27853
0.22063
0.29211
0.33353
0.25060
0.23478
0.33161
0.24093
0.27951
0.22639
0.33642
0.35963
0.42340
0.28964
0.31454
0.24857
0.37421
0.30401
0.30944
0.32098
0.34044
0.25273
0.20967
0.31921
0.44748
0.25175
0.39415
0.41229
0.22617
0.28713
0.35187
0.32528
0.31095
0.24741
0.25997
0.24313
0.29622
0.32202
0.30144
0.30398
0.38420
0.29196
0.29120
0.25561
0.20433
0.23812
0.39617
0.25035
0.13402
0.34893
0.16683
0.21563
0.38692
0.17195
0.21698
0.23056
0.24947
0.23396
0.43212
0.19451
0.32880
0.38659
0.24488
0.21850
0.24324
0.25142
0.22920
0.34581
0.18480
0.34798
0.35857
0.25961
0.25070
0.23498
0.33920
0.30865
0.20785
0.32392
0.40762
0.33010
0.29670
0.36532
0.38068
0.18322
0.28091
0.29129
0.39832
0.20919
0.24335
0.24999
0.37244
0.27839
0.24660
0.26943
0.31573
0.36357
0.24739
0.30045
0.34491
0.31106
0.26735
0.25643
0.36070
0.25900
0.28000
0.26431
0.28938
0.33940
0.26515
0.29743
0.25120
0.34700
0.27132
0.25401
0.31691
0.30292
0.21305
0.25513
0.20982
0.33122
0.20364
0.04502
0.13721
0.20812
0.21508
0.28894
0.18107
0.26283
0.34242
0.19989
0.07465
0.19086
0.06994
0.28278
0.23611
0.20215
0.22612
0.09043
0.14380
0.22081
0.27034
0.14734
0.06649
0.23479
0.24124
0.21464
0.20738
0.24743
0.06529
0.32651
0.19212
0.08909
0.06474
0.13992
0.27525
0.17037
0.22670
0.15943
0.30284
0.06014
0.07701
0.03795
0.09000
0.30329
0.08469
0.18052
0.20274
0.27720
0.15909
0.27368
0.21435
0.04990
0.29783
0.10286
0.07865
0.21853
0.18669
0.23932
0.05551
0.04000
0.19946
0.20115
0.27090
0.23533
0.07274
0.07297
0.19189
0.20883
0.18047
0.15157
0.14946
0.25905
0.20460
0.12391
0.27570
0.28536
0.10918
0.16542
0.13092
0.07503
0.02752
0.13878
0.18994
0.19324
0.25430
0.27879
0.19334
0.26862
0.22636
0.20523
0.24506
0.23586
0.17539
0.01046
0.28233
0.05569
0.06114
0.21952
0.21908
0.30077
0.21728
0.09970
0.10214
0.14586
0.22469
0.23128
0.24684
0.09991
0.20370
0.32020
0.14306
0.24368
0.11927
0.04183
0.06164
0.12958
0.07308
0.09903
0.29423
0.29841
0.09140
0.08168
0.01699
0.09774
0.07876
0.20574
