0.11236
0.09825
0.05515
0.21818
0.06016
0.10961
0.18581
0.12837
0.15312
0.05518
0.18251
0.10768
0.11973
0.12735
0.08643
0.23141
0.10380
0.11724
0.08710
0.13371
0.30902
0.11710
0.12792
0.05136
0.19273
0.12917
0.12376
0.24698
0.08340
0.13672
0.11799
0.26136
0.13215
0.09703
0.04056
0.09728
0.17315
0.06570
0.11031
0.15183
0.32506
0.20530
0.10642
0.10998
0.25982
0.23438
0.14615
0.20851
0.15770
0.11429
0.09322
0.16256
0.11154
0.30353
0.08771
0.20503
0.20855
0.10804
0.08947
0.06787
0.24015
0.28224
0.12000
0.25603
0.25888
0.28901
0.03408
0.19179
0.09401
0.03973
0.12094
0.27964
0.27539
0.17306
0.27321
0.07281
0.08912
0.02957
0.20564
0.18778
0.32082
0.14746
0.30476
0.21829
0.25514
0.32968
0.10214
0.07937
0.11496
0.25168
0.32082
0.18489
0.06632
0.24229
0.04738
0.12561
0.18840
0.17822
0.22033
0.14521
0.09275
0.19073
0.11055
0.10236
0.18053
0.29459
0.11758
0.17146
0.16719
0.26888
0.03046
0.26394
0.06510
0.21366
0.10215
0.16583
0.25788
0.05456
0.06393
0.17896
0.25260
0.10368
0.25062
0.02043
0.07751
0.11093
0.31853
0.27012
0.15190
0.24644
0.06376
0.12501
0.29186
0.35098
0.09558
0.11978
0.04847
0.28058
0.26994
0.05038
0.20386
0.02639
0.24717
0.19155
0.10374
0.31631
0.08655
0.32589
0.14595
0.09064
0.16680
0.22664
0.09379
0.31578
0.30206
0.31650
0.07732
0.16302
0.14145
0.17279
0.24101
0.25056
0.30326
0.31069
0.09059
0.11491
0.30596
0.26772
0.04225
0.24322
0.02509
0.20859
0.24239
0.04899
0.07981
0.22733
0.06084
0.10356
0.16226
0.23576
0.06373
0.10371
0.22257
0.13494
0.06768
0.19826
0.17216
0.24927
0.22025
0.15882
0.08574
0.08178
0.03721
0.12673
0.12597
0.22984
0.17499
0.14796
0.08644
0.28409
0.19108
0.13522
0.13231
0.13632
0.07995
0.19725
0.10323
0.18176
0.23326
0.08398
0.25090
0.24633
0.12383
0.20174
0.24548
0.20594
0.11520
0.25353
0.23632
0.32169
0.08305
0.15851
0.11494
0.04958
0.08316
0.07780
0.15749
0.17069
0.13274
0.09201
0.25934
0.08273
0.21520
0.09491
0.05457
0.26984
0.11905
0.05156
0.10295
0.25546
0.05715
0.30650
0.09800
0.10360
0.14704
0.21926
0.11946
0.04241
0.12127
0.09883
0.10324
0.14203
0.13173
0.25557
0.14672
0.14789
0.19871
0.10424
0.04740
0.14168
0.24906
0.15182
0.23209
0.15882
0.11924
0.29551
0.29009
0.09104
0.17941
0.07441
0.05545
0.10948
0.04909
0.02579
0.36383
0.16654
0.04941
0.22466
0.13170
0.08646
0.13561
0.30436
0.12372
0.06437
0.29097
0.14668
0.19070
0.15508
0.13626
0.09287
0.08769
0.06140
0.17674
0.19684
0.15849
0.09576
0.16388
0.13873
0.16802
0.13875
0.33680
0.22338
0.25875
0.09892
0.08991
0.31021
0.31882
0.30737
0.02811
0.27422
0.11460
0.27500
0.12735
0.08212
0.09369
0.09623
0.08643
0.15721
0.22186
0.05201
0.12380
0.03222
0.27632
0.09718
0.20740
0.14717
0.18774
0.22505
0.12535
0.08464
0.20769
0.26598
0.36564
0.25689
0.32360
0.22593
0.23160
0.28141
0.29095
0.25325
0.05948
0.08246
0.11965
0.22081
0.06725
0.03576
0.17658
0.08758
0.19743
0.08565
0.14974
0.07899
0.22314
0.27411
0.24686
0.19671
0.32252
0.09732
0.13756
0.27482
0.07893
0.24238
0.09678
0.10358
0.19067
0.03928
0.21205
0.35500
0.05193
0.08976
0.12293
0.23258
0.10884
0.04278
0.06203
0.04605
0.03955
0.10317
0.14146
0.06607
0.25732
0.14269
0.19161
0.07870
0.18420
0.28249
0.19739
0.27085
0.34128
0.16319
0.25818
0.30659
0.30098
0.31251
0.28441
0.25207
0.34131
0.25210
0.24746
0.24478
0.20361
0.29080
0.17321
0.35810
0.31238
0.26213
0.24463
0.24012
0.26351
0.33594
0.28639
0.25156
0.30592
0.32979
0.23204
0.25689
0.30891
0.25591
0.24129
0.25954
0.29573
0.30694
0.23901
0.21310
0.34831
0.26077
0.24445
0.32065
0.21502
0.29227
0.34187
0.29039
0.29604
0.29816
0.27539
0.24539
0.27621
0.33448
0.21461
0.28220
0.30397
0.24157
0.27430
0.29546
0.15840
0.30182
0.23788
0.27648
0.31517
0.29327
0.27072
0.16742
0.25747
0.35743
0.08651
0.27865
0.18299
0.19174
0.15877
0.34873
0.30315
0.31502
0.15877
0.34140
0.26557
0.29147
0.36174
0.30723
0.28429
0.28563
0.23488
0.29272
0.16480
0.35204
0.27483
0.23705
0.18122
0.32369
0.18158
0.27374
0.28742
0.25526
0.34607
0.32233
0.21025
0.30623
0.30440
0.14631
0.16432
0.30018
0.17070
0.17627
0.12969
0.28999
0.33098
0.27806
0.26053
0.23988
0.28735
0.19495
0.30694
0.25759
0.28519
0.20612
0.27672
0.29195
0.21469
0.16247
0.34743
0.29082
0.16814
0.27719
0.31766
0.25693
0.36113
0.30529
0.23723
0.26150
0.21539
0.29514
0.30675
0.28042
0.25323
0.21690
0.14955
0.29539
0.19392
0.28899
0.22577
0.27474
0.30100
0.29148
0.18079
0.25128
0.29297
0.20137
0.28667
0.19380
0.21388
0.21470
0.20469
0.21984
0.30555
0.31242
0.32109
0.23480
0.19726
0.33008
0.19462
0.20084
0.17110
0.30315
0.28283
0.12257
0.17142
0.26836
0.28049
0.20361
0.12127
0.20691
0.26568
0.21311
0.20306
0.25468
0.30100
0.17240
0.24887
0.27117
0.28041
0.17253
0.30203
0.25589
0.24668
0.39022
0.17375
0.27631
0.22136
0.34316
0.30574
0.25292
0.27031
0.28001
0.27405
0.17150
0.30617
0.26515
0.25353
0.28795
0.27519
0.33528
0.22119
0.27733
0.19375
0.33149
0.24175
0.27439
0.22753
0.28027
0.27467
0.25761
0.21646
0.23331
0.21604
0.30378
0.19730
0.31909
0.23520
0.25884
0.29382
0.28557
0.21079
0.14102
0.21814
0.32342
0.31656
0.24297
0.28427
0.28781
0.23555
0.23924
0.21796
0.29549
0.27858
0.27386
0.21097
0.12101
0.29169
0.30668
0.26085
0.25582
0.16817
0.32958
0.27430
0.18226
0.21024
0.27922
0.27802
0.29043
0.27945
0.22482
0.35383
0.34276
0.13044
0.21645
0.30917
0.27782
0.27193
0.30339
0.32931
0.19405
0.18792
0.13276
0.25693
0.27938
0.35947
0.26755
0.27586
0.28314
0.23301
0.26853
0.29259
0.27233
0.16109
0.32601
0.20825
0.22896
0.33273
0.30259
0.27750
0.21697
0.25242
0.28840
0.32019
0.34080
0.23711
0.27893
0.17337
0.29204
0.28327
0.09164
0.27120
0.19642
0.24066
0.28178
0.23931
0.27001
0.21975
0.24975
0.19825
0.23485
0.23701
0.33655
0.27178
0.25256
0.18005
0.28537
0.24932
0.22184
0.20311
0.31160
0.28358
0.32895
0.23634
0.26441
0.28468
0.24717
0.21941
0.27411
0.15908
0.31710
0.25947
0.33666
0.28379
0.25006
0.34488
0.26320
0.24343
0.29261
0.16684
0.21307
0.28249
0.23321
0.28705
0.31667
0.29073
0.31357
0.37785
0.31661
0.32866
0.25244
0.29505
0.28707
0.34807
0.26001
0.27206
0.31148
0.31242
0.29411
0.32531
0.37274
0.22752
0.23660
0.31061
0.21733
0.31539
0.33012
0.20536
0.23849
0.33600
0.24214
0.25950
0.30589
0.26662
0.24189
0.25067
0.26544
0.27459
0.29266
0.29892
0.28968
0.26071
0.28795
0.27738
0.28950
0.27687
0.25992
0.10797
0.30177
0.31238
0.34638
0.29797
0.30072
0.38138
0.39996
0.26885
0.18192
0.29847
0.36463
0.24200
0.12623
0.28513
0.30978
0.25977
0.24503
0.32481
0.25629
0.24883
0.24510
0.30431
0.32597
0.37494
0.30222
0.31470
0.27660
0.36040
0.26173
0.29262
0.27399
0.34583
0.27750
0.16264
0.32926
0.41440
0.22971
0.38959
0.38791
0.16667
0.26873
0.33245
0.31621
0.27686
0.25883
0.28222
0.21444
0.28056
0.29776
0.25737
0.30118
0.35891
0.28341
0.28223
0.22734
0.20236
0.26473
0.38816
0.22000
0.12032
0.30200
0.10842
0.17709
0.39523
0.18118
0.25385
0.19880
0.27646
0.22682
0.44336
0.19087
0.32320
0.34693
0.24004
0.19385
0.25804
0.23460
0.16812
0.36023
0.17580
0.31080
0.31494
0.27607
0.21936
0.24784
0.33902
0.24308
0.22182
0.34323
0.41822
0.27914
0.28853
0.36611
0.36757
0.21885
0.27365
0.26385
0.35127
0.22016
0.19091
0.24711
0.33643
0.27839
0.23196
0.26969
0.28173
0.32021
0.18148
0.30114
0.33771
0.26794
0.28799
0.23640
0.37258
0.30100
0.25317
0.27742
0.30203
0.28435
0.25310
0.30435
0.24011
0.34182
0.24452
0.23567
0.31591
0.28260
0.24322
0.28428
0.21580
0.32374
0.22543
0.07440
0.12041
0.21364
0.26245
0.26499
0.17165
0.23025
0.35947
0.19650
0.03840
0.17392
0.04957
0.33112
0.28021
0.19147
0.25872
0.04640
0.13227
0.17740
0.21132
0.07169
0.10699
0.24251
0.27257
0.24012
0.21249
0.29568
0.03715
0.31052
0.25152
0.03068
0.03867
0.10777
0.25952
0.17387
0.24303
0.21622
0.28251
0.02743
0.03024
0.11145
0.07262
0.23293
0.07277
0.13565
0.13452
0.25288
0.10695
0.28781
0.22889
0.04883
0.29321
0.07339
0.06777
0.21098
0.19337
0.20748
0.06541
0.08797
0.21014
0.20070
0.30670
0.26090
0.01389
0.08566
0.19076
0.20690
0.20628
0.17198
0.10710
0.24598
0.22642
0.11840
0.30846
0.28090
0.08428
0.13302
0.12134
0.05893
0.00843
0.18216
0.15067
0.20633
0.25054
0.27232
0.20055
0.30022
0.24509
0.26645
0.16297
0.23935
0.20600
0.01210
0.26833
0.07514
0.03159
0.20224
0.22427
0.26844
0.26882
0.06292
0.04701
0.10253
0.24090
0.21611
0.27655
0.12665
0.14623
0.34388
0.13461
0.22684
0.11363
0.03648
0.03754
0.18978
0.04245
0.06487
0.27750
0.31888
0.06549
0.04748
0.04741
0.05977
0.05432
0.23304
