0.10939
0.10014
0.08472
0.27640
0.08490
0.16978
0.22305
0.17098
0.18064
0.06293
0.20791
0.14085
0.14690
0.12848
0.11745
0.23255
0.13464
0.17504
0.07747
0.15545
0.31591
0.09481
0.18826
0.03164
0.21938
0.18079
0.10768
0.27760
0.09533
0.13127
0.17400
0.26177
0.16146
0.10698
0.08184
0.10022
0.10036
0.08641
0.11618
0.15534
0.29044
0.28615
0.10251
0.15118
0.30432
0.21844
0.21037
0.21792
0.18110
0.14663
0.09626
0.14751
0.12884
0.29160
0.09520
0.21875
0.21847
0.15686
0.16906
0.09470
0.28780
0.31534
0.11915
0.22394
0.28873
0.30913
0.05614
0.19624
0.15447
0.03110
0.14891
0.32275
0.31713
0.17371
0.24875
0.15245
0.08375
0.02008
0.18282
0.16117
0.32278
0.18262
0.34537
0.28664
0.27909
0.35143
0.09712
0.09647
0.14092
0.25675
0.33469
0.18732
0.11132
0.26374
0.06303
0.16826
0.21165
0.23418
0.19259
0.19927
0.09123
0.18528
0.11905
0.11250
0.24137
0.30907
0.14397
0.15471
0.15257
0.28579
0.03941
0.26800
0.08446
0.20912
0.10894
0.19807
0.28331
0.04004
0.09545
0.18103
0.23415
0.09447
0.28733
0.03910
0.10800
0.14630
0.32910
0.26499
0.18141
0.26539
0.13192
0.13029
0.31360
0.32917
0.10356
0.17246
0.06127
0.29001
0.28451
0.05549
0.16949
0.03438
0.27251
0.11810
0.12244
0.28711
0.09203
0.38670
0.17661
0.08657
0.17051
0.28614
0.10785
0.33328
0.29496
0.33488
0.14356
0.14612
0.13710
0.18155
0.22839
0.27310
0.30463
0.33271
0.08875
0.14628
0.31624
0.27256
0.04429
0.29243
0.06423
0.23678
0.22934
0.05209
0.12343
0.22299
0.08230
0.07305
0.12816
0.29097
0.11625
0.11054
0.20474
0.16430
0.15439
0.11912
0.25484
0.25177
0.27252
0.23817
0.13084
0.06262
0.05609
0.15434
0.16947
0.23543
0.22652
0.15734
0.08947
0.24654
0.18197
0.08307
0.21670
0.14768
0.04624
0.21437
0.10876
0.20245
0.24732
0.08946
0.28084
0.25584
0.11899
0.26335
0.26717
0.24391
0.13554
0.26641
0.20529
0.34743
0.10656
0.19871
0.11492
0.11430
0.06313
0.04933
0.20518
0.18956
0.14233
0.05456
0.27418
0.08216
0.25872
0.13086
0.04378
0.28253
0.11011
0.07782
0.11908
0.28334
0.12345
0.29027
0.11994
0.13284
0.12750
0.19694
0.11742
0.04374
0.11720
0.11609
0.10710
0.12131
0.13042
0.25519
0.15963
0.16894
0.20451
0.06554
0.08803
0.13857
0.20747
0.18296
0.20647
0.17316
0.12340
0.22384
0.27233
0.09584
0.15703
0.08095
0.09452
0.12888
0.06947
0.03075
0.37460
0.18546
0.07385
0.21386
0.15800
0.06086
0.16530
0.32760
0.14821
0.09911
0.29536
0.12075
0.20799
0.16827
0.19061
0.15683
0.11643
0.07514
0.20469
0.23247
0.18109
0.09060
0.22280
0.15658
0.18943
0.16767
0.32331
0.27713
0.29042
0.14414
0.16095
0.27811
0.29846
0.31213
0.02760
0.25371
0.12059
0.25657
0.14556
0.06506
0.14953
0.12443
0.10396
0.17552
0.23927
0.08324
0.08591
0.06142
0.30321
0.21358
0.25089
0.09210
0.26263
0.24149
0.13933
0.05517
0.28173
0.27882
0.36239
0.24677
0.31399
0.22635
0.24679
0.29535
0.28797
0.27527
0.08093
0.07600
0.14141
0.24368
0.04411
0.07753
0.23345
0.16334
0.22857
0.10370
0.18422
0.11383
0.27197
0.26264
0.23105
0.17873
0.30427
0.14961
0.16172
0.31241
0.08782
0.23262
0.04225
0.09738
0.18188
0.06191
0.25458
0.32793
0.05034
0.07844
0.15422
0.27380
0.12145
0.06783
0.07120
0.07611
0.07768
0.08621
0.20801
0.05963
0.30014
0.16847
0.23441
0.12593
0.19037
0.29765
0.21352
0.27998
0.34953
0.16691
0.30615
0.32378
0.29469
0.30654
0.28037
0.24065
0.34727
0.27792
0.25181
0.26048
0.23585
0.28696
0.20478
0.36788
0.31084
0.26400
0.26565
0.26544
0.24231
0.35002
0.29283
0.22260
0.30725
0.34040
0.23545
0.25192
0.31245
0.28274
0.23249
0.26477
0.27802
0.29701
0.24903
0.23710
0.33160
0.24969
0.24723
0.31545
0.21137
0.31947
0.35278
0.29876
0.29724
0.29827
0.28526
0.22006
0.27741
0.31442
0.21473
0.27908
0.31028
0.24618
0.27032
0.31902
0.20021
0.27070
0.27053
0.28733
0.31631
0.27423
0.26884
0.18964
0.28094
0.36806
0.14859
0.26224
0.22589
0.19351
0.21369
0.36563
0.31258
0.32049
0.16210
0.33070
0.27375
0.28609
0.35150
0.30363
0.27916
0.28697
0.24140
0.27649
0.20245
0.36462
0.27711
0.26199
0.16994
0.32531
0.21488
0.27167
0.28291
0.27432
0.33655
0.32122
0.20892
0.34245
0.32666
0.15936
0.15281
0.29073
0.18624
0.17506
0.15001
0.29771
0.32828
0.28046
0.25644
0.24738
0.28312
0.21739
0.28107
0.25384
0.27751
0.20031
0.28509
0.27882
0.21895
0.19075
0.36552
0.27738
0.19118
0.30221
0.28817
0.24146
0.36092
0.29743
0.24303
0.27128
0.21011
0.28588
0.32137
0.28226
0.28678
0.23285
0.16018
0.30669
0.20620
0.28855
0.24806
0.27285
0.31089
0.29211
0.21048
0.25115
0.29268
0.20461
0.28085
0.19616
0.24280
0.22309
0.23212
0.20873
0.31573
0.31469
0.32190
0.23017
0.16869
0.32249
0.21584
0.20693
0.22626
0.29777
0.32066
0.15237
0.18637
0.28819
0.26025
0.19616
0.16554
0.23693
0.26981
0.23942
0.25864
0.27337
0.30942
0.18409
0.22414
0.25944
0.27099
0.19910
0.28959
0.29242
0.26116
0.37460
0.19318
0.30195
0.23845
0.38008
0.30291
0.24895
0.27401
0.28968
0.27058
0.19759
0.32042
0.27792
0.25689
0.27012
0.27000
0.32738
0.22127
0.30389
0.23503
0.32393
0.21653
0.27251
0.22662
0.24392
0.27078
0.26566
0.21601
0.24383
0.26702
0.31170
0.21685
0.33030
0.24565
0.25751
0.30238
0.27502
0.31063
0.14689
0.23095
0.31934
0.30601
0.24908
0.28224
0.31126
0.26232
0.26455
0.20335
0.29627
0.28517
0.28862
0.27365
0.21919
0.28229
0.29635
0.27495
0.25382
0.23632
0.32923
0.27844
0.21028
0.20893
0.28785
0.28459
0.28043
0.28168
0.24885
0.34327
0.34470
0.15278
0.22148
0.30044
0.25748
0.27952
0.31070
0.33442
0.23877
0.18748
0.20983
0.25382
0.25873
0.35253
0.30409
0.30262
0.27493
0.22482
0.26074
0.30284
0.28216
0.17263
0.31520
0.23536
0.25458
0.33306
0.31163
0.24133
0.23058
0.24884
0.27918
0.31962
0.31490
0.23929
0.25883
0.20876
0.29071
0.31037
0.13923
0.24898
0.19919
0.23189
0.25724
0.24970
0.27180
0.24408
0.26070
0.22911
0.25241
0.26690
0.31508
0.27016
0.26116
0.19364
0.29378
0.24637
0.23904
0.19635
0.32316
0.26681
0.34812
0.26489
0.26240
0.29918
0.27004
0.21768
0.27363
0.18241
0.33795
0.28324
0.33380
0.28505
0.29153
0.33343
0.26106
0.25967
0.29124
0.19926
0.20100
0.28119
0.22640
0.26769
0.30233
0.27684
0.30159
0.38284
0.30555
0.33478
0.26853
0.31946
0.29126
0.35935
0.24548
0.29907
0.31585
0.30270
0.28581
0.32472
0.39335
0.24255
0.26464
0.36468
0.23823
0.31722
0.30286
0.25429
0.25786
0.35162
0.24059
0.28311
0.30789
0.28524
0.27204
0.23045
0.25715
0.29892
0.30126
0.30574
0.30318
0.24140
0.30986
0.27312
0.29223
0.26793
0.29573
0.14144
0.34207
0.32025
0.35260
0.31730
0.31688
0.39577
0.40993
0.27004
0.20115
0.30605
0.37905
0.29620
0.20508
0.30575
0.35591
0.24305
0.23634
0.33131
0.23441
0.27910
0.23966
0.34289
0.37151
0.43431
0.34051
0.30033
0.25986
0.37197
0.29834
0.31461
0.29248
0.36765
0.26425
0.19055
0.32247
0.44672
0.26074
0.40013
0.41158
0.21904
0.29082
0.33025
0.32261
0.29161
0.23535
0.26804
0.19002
0.29644
0.29044
0.30526
0.28483
0.37542
0.28927
0.28356
0.26580
0.23478
0.24932
0.39379
0.22915
0.13125
0.34306
0.17548
0.22443
0.40125
0.15314
0.25498
0.23198
0.27733
0.25117
0.43757
0.18950
0.34266
0.38233
0.26300
0.24942
0.26814
0.26190
0.22680
0.36358
0.20712
0.37302
0.35244
0.25769
0.25481
0.24502
0.36188
0.28507
0.22118
0.30953
0.41720
0.30851
0.29966
0.35705
0.36401
0.21483
0.26681
0.29359
0.39907
0.20611
0.23695
0.25420
0.36117
0.26784
0.27492
0.26656
0.34567
0.37879
0.24362
0.28334
0.33877
0.31537
0.29136
0.24309
0.40114
0.28393
0.25422
0.28514
0.30527
0.35304
0.27412
0.30190
0.24775
0.34593
0.24813
0.22643
0.32855
0.29895
0.24357
0.29393
0.22929
0.32323
0.22731
0.05169
0.11476
0.24819
0.15768
0.27748
0.20145
0.24746
0.34555
0.20460
0.11825
0.22978
0.04205
0.27558
0.22612
0.18859
0.29055
0.11656
0.13744
0.21531
0.21795
0.07496
0.13569
0.23569
0.27307
0.19076
0.21443
0.23369
0.06843
0.29078
0.23500
0.03061
0.07036
0.15364
0.30970
0.15465
0.26671
0.22410
0.29195
0.05911
0.06398
0.06402
0.06199
0.28813
0.13359
0.13004
0.20548
0.28868
0.12534
0.29755
0.19748
0.05863
0.29202
0.05015
0.06680
0.27350
0.19833
0.20543
0.05439
0.04829
0.21951
0.18567
0.31051
0.24374
0.03633
0.06195
0.19470
0.21187
0.17220
0.22557
0.11911
0.25039
0.20215
0.09904
0.25795
0.27087
0.09164
0.13711
0.16028
0.13129
0.05397
0.29478
0.11780
0.18407
0.27157
0.26097
0.20560
0.31993
0.26261
0.27523
0.21880
0.17847
0.24116
0.02448
0.22199
0.13434
0.08354
0.22406
0.26251
0.33657
0.25060
0.10519
0.11091
0.18087
0.19624
0.24898
0.23641
0.10183
0.20966
0.31732
0.07357
0.25368
0.10338
0.03256
0.03432
0.14936
0.05640
0.08200
0.26460
0.27277
0.12675
0.09660
0.01479
0.09060
0.10429
0.29801
