0.15201
0.10854
0.07465
0.26644
0.11743
0.13616
0.24938
0.17085
0.20510
0.11038
0.24177
0.13424
0.21826
0.11286
0.15893
0.22821
0.16029
0.15580
0.11335
0.18700
0.30981
0.17108
0.19982
0.09485
0.26421
0.18711
0.16225
0.24120
0.17471
0.23120
0.18166
0.27836
0.16439
0.09553
0.13963
0.09537
0.16199
0.14263
0.14293
0.18409
0.28420
0.28258
0.13410
0.15763
0.28570
0.21621
0.17390
0.27944
0.23391
0.14054
0.10592
0.16915
0.15750
0.31423
0.08966
0.26262
0.22977
0.14859
0.13854
0.12359
0.28652
0.28415
0.13786
0.19794
0.29085
0.32545
0.09317
0.20138
0.17013
0.05095
0.12928
0.26283
0.30823
0.21517
0.25744
0.15500
0.14003
0.07522
0.24668
0.15774
0.32176
0.20254
0.31430
0.29017
0.28715
0.36659
0.09277
0.12742
0.20020
0.26933
0.32252
0.19857
0.11179
0.27144
0.07804
0.18120
0.22081
0.25445
0.21248
0.16579
0.10417
0.21666
0.12894
0.13896
0.24602
0.27811
0.20347
0.19227
0.21417
0.28994
0.08362
0.26991
0.13917
0.25168
0.14928
0.16962
0.28406
0.08778
0.08636
0.20174
0.25194
0.07918
0.29493
0.04179
0.13058
0.17399
0.29699
0.27242
0.19283
0.25990
0.13627
0.18269
0.30586
0.32297
0.11167
0.18041
0.08971
0.31274
0.25704
0.09062
0.22146
0.09379
0.30530
0.21964
0.19528
0.21395
0.07457
0.39196
0.21615
0.09157
0.21561
0.28803
0.13717
0.31778
0.32250
0.32950
0.12893
0.17585
0.14214
0.16769
0.28302
0.28169
0.28384
0.33931
0.09323
0.16568
0.30123
0.28616
0.11939
0.24986
0.09384
0.27224
0.25473
0.07622
0.14467
0.25364
0.10108
0.13995
0.19983
0.29148
0.09658
0.10726
0.20805
0.17472
0.15013
0.17849
0.24649
0.26156
0.25947
0.20881
0.16158
0.07224
0.09350
0.13947
0.17309
0.25836
0.25238
0.22842
0.11203
0.26477
0.22829
0.11134
0.22612
0.15690
0.08981
0.24764
0.18526
0.24548
0.24614
0.15592
0.27780
0.23925
0.12989
0.26622
0.26357
0.26203
0.14211
0.27841
0.24675
0.35393
0.17278
0.23618
0.13400
0.13662
0.13540
0.12340
0.19889
0.22817
0.21655
0.09769
0.21594
0.15454
0.23884
0.16284
0.10532
0.28203
0.12081
0.07219
0.10716
0.25256
0.13447
0.30873
0.12290
0.11856
0.20008
0.19246
0.11265
0.10417
0.13028
0.10564
0.11868
0.18223
0.15103
0.26894
0.12855
0.15767
0.19468
0.08883
0.11580
0.14178
0.21887
0.17823
0.19545
0.17053
0.21421
0.26909
0.29764
0.09975
0.15636
0.11433
0.12663
0.11813
0.12877
0.06798
0.35466
0.20297
0.16015
0.20137
0.15610
0.08165
0.12586
0.33906
0.14108
0.12037
0.30550
0.11509
0.20009
0.21620
0.19560
0.21789
0.11064
0.11603
0.22599
0.25152
0.24309
0.10677
0.21817
0.17558
0.17395
0.21715
0.31829
0.29844
0.27360
0.14327
0.14170
0.29903
0.29484
0.33774
0.07576
0.27676
0.14500
0.30492
0.20768
0.13025
0.14840
0.14314
0.09687
0.25853
0.24786
0.12037
0.14098
0.11111
0.26445
0.17265
0.28345
0.15348
0.25024
0.26059
0.22158
0.07778
0.28570
0.23732
0.33946
0.24871
0.34073
0.23552
0.26582
0.30749
0.26356
0.25604
0.08855
0.12947
0.18234
0.22904
0.08023
0.09097
0.24506
0.17100
0.24593
0.13620
0.22876
0.15587
0.28534
0.25534
0.24654
0.21256
0.28908
0.19969
0.16778
0.33346
0.17850
0.22667
0.08206
0.10893
0.22106
0.08194
0.23202
0.33831
0.09460
0.12603
0.16505
0.27415
0.11573
0.08624
0.10720
0.12629
0.10340
0.12167
0.23698
0.15066
0.29496
0.16014
0.20132
0.15006
0.22200
0.28979
0.20103
0.23801
0.32889
0.18450
0.25021
0.31013
0.27639
0.28260
0.25565
0.23094
0.32504
0.21937
0.23936
0.19678
0.20596
0.26820
0.20205
0.33959
0.31283
0.26747
0.20774
0.26608
0.21398
0.35631
0.25640
0.19823
0.28164
0.30409
0.20446
0.23298
0.29003
0.27021
0.24355
0.25038
0.24949
0.31373
0.21628
0.22756
0.33898
0.23901
0.20353
0.29711
0.18306
0.31274
0.33256
0.27595
0.29978
0.27105
0.25444
0.21412
0.24621
0.31515
0.21898
0.24628
0.31748
0.21905
0.25357
0.28447
0.19666
0.29442
0.26612
0.26170
0.29810
0.27166
0.24267
0.17463
0.27610
0.35869
0.12885
0.27373
0.19623
0.19657
0.20625
0.37309
0.30950
0.27373
0.19320
0.33347
0.26535
0.26949
0.34691
0.28780
0.25763
0.29041
0.25342
0.27214
0.20765
0.33097
0.26431
0.21189
0.17748
0.31527
0.21233
0.25718
0.28291
0.24794
0.32822
0.29824
0.19024
0.29782
0.30484
0.20264
0.16823
0.23775
0.20585
0.21122
0.16871
0.31413
0.30990
0.25014
0.25397
0.24665
0.28604
0.22440
0.27114
0.23816
0.26376
0.20995
0.27831
0.23595
0.21048
0.17961
0.32721
0.28811
0.20444
0.30805
0.32462
0.26685
0.33951
0.28632
0.21045
0.25039
0.21219
0.29019
0.30676
0.23167
0.28189
0.24175
0.16195
0.27743
0.23321
0.27946
0.20203
0.20576
0.28831
0.25883
0.18630
0.23758
0.27287
0.19485
0.25398
0.20263
0.24187
0.23762
0.25338
0.22580
0.29750
0.31066
0.29390
0.20835
0.23521
0.29883
0.23190
0.21875
0.19422
0.27930
0.32415
0.16439
0.18719
0.29665
0.25647
0.16881
0.16109
0.23512
0.26315
0.17044
0.26929
0.20363
0.29617
0.17383
0.24268
0.24835
0.23891
0.18009
0.22361
0.27875
0.26308
0.38080
0.21243
0.32263
0.22773
0.30900
0.30899
0.23534
0.27125
0.27628
0.24786
0.21606
0.30569
0.30212
0.24512
0.27228
0.26320
0.31552
0.23292
0.27301
0.23522
0.30833
0.19116
0.24928
0.24305
0.22451
0.27921
0.28557
0.22325
0.22786
0.26261
0.31396
0.23151
0.32222
0.23218
0.21944
0.25582
0.26730
0.26839
0.15451
0.21318
0.30455
0.31437
0.23612
0.26387
0.25176
0.27869
0.23403
0.20699
0.28215
0.27758
0.27085
0.24559
0.19447
0.29055
0.30149
0.25812
0.25004
0.24135
0.30430
0.25268
0.16359
0.19493
0.27725
0.28991
0.26946
0.24452
0.24882
0.31330
0.32111
0.14911
0.24041
0.28950
0.26111
0.23244
0.28615
0.32395
0.24031
0.22737
0.20809
0.21908
0.26797
0.33942
0.31693
0.30886
0.26405
0.22624
0.26606
0.27254
0.26049
0.19216
0.31016
0.22871
0.25210
0.34723
0.27248
0.24663
0.24472
0.22868
0.28152
0.30772
0.32366
0.25762
0.27813
0.20274
0.29760
0.31309
0.12693
0.26012
0.22147
0.21676
0.22779
0.24170
0.24215
0.25297
0.26495
0.21808
0.21277
0.23795
0.30888
0.25714
0.23401
0.19427
0.25199
0.25360
0.21689
0.16207
0.32081
0.27978
0.33500
0.28013
0.22794
0.26956
0.24326
0.24331
0.26195
0.18971
0.29721
0.24848
0.33693
0.23088
0.30528
0.33765
0.26502
0.22690
0.27212
0.16828
0.22544
0.26947
0.21203
0.26785
0.28498
0.25194
0.30484
0.35401
0.29962
0.30846
0.28021
0.26796
0.28691
0.35570
0.22725
0.28790
0.30536
0.30073
0.26003
0.28925
0.36872
0.22749
0.21738
0.29981
0.25699
0.32927
0.32723
0.23638
0.23903
0.34471
0.22222
0.23929
0.26789
0.25078
0.19968
0.20833
0.24286
0.26386
0.26302
0.29796
0.29802
0.24269
0.28022
0.27002
0.26470
0.23956
0.30247
0.14489
0.29944
0.31650
0.33629
0.30129
0.29498
0.36822
0.39240
0.24139
0.19886
0.25546
0.37853
0.29877
0.22103
0.25244
0.33403
0.24045
0.18274
0.32982
0.23238
0.27418
0.20869
0.30359
0.35916
0.42309
0.27222
0.26678
0.24342
0.36618
0.24646
0.28872
0.28014
0.30644
0.24945
0.18579
0.30739
0.43089
0.24225
0.38142
0.39471
0.21615
0.30070
0.33239
0.32562
0.31067
0.22329
0.24683
0.24435
0.29384
0.26132
0.30331
0.30965
0.34818
0.24603
0.24494
0.23293
0.19036
0.19949
0.37269
0.21935
0.14175
0.33168
0.17178
0.18187
0.37848
0.18080
0.23009
0.21954
0.24391
0.22162
0.42051
0.19422
0.28129
0.36301
0.23502
0.21949
0.21842
0.24765
0.18990
0.31128
0.19036
0.36696
0.34671
0.22176
0.26174
0.19820
0.33580
0.25640
0.19442
0.35042
0.38548
0.33868
0.27200
0.32180
0.34204
0.18531
0.27718
0.28549
0.39790
0.20027
0.22402
0.23911
0.35896
0.24664
0.25335
0.25566
0.34616
0.35730
0.23877
0.28043
0.31882
0.30306
0.22961
0.23143
0.34423
0.27302
0.27316
0.24816
0.27622
0.35103
0.27081
0.30045
0.23087
0.33827
0.26157
0.26791
0.27156
0.26401
0.20802
0.25247
0.16645
0.26728
0.16460
0.04935
0.13328
0.26772
0.18420
0.27158
0.23074
0.21770
0.36074
0.21643
0.09385
0.19239
0.05088
0.31809
0.27737
0.19338
0.27454
0.08670
0.16828
0.20030
0.25234
0.06754
0.14466
0.25261
0.26004
0.12067
0.20131
0.25939
0.09057
0.26520
0.21152
0.05134
0.11022
0.16257
0.24449
0.13842
0.24758
0.22166
0.23551
0.09790
0.08881
0.09872
0.12244
0.28423
0.06978
0.15232
0.21249
0.31423
0.18976
0.29224
0.19585
0.07863
0.29274
0.06647
0.04734
0.26533
0.20986
0.28576
0.10816
0.14187
0.19632
0.18603
0.26119
0.25213
0.08415
0.11036
0.21223
0.20882
0.24981
0.18801
0.12746
0.21811
0.20625
0.16039
0.23051
0.27779
0.11300
0.22991
0.20169
0.07343
0.05182
0.19459
0.15054
0.20241
0.25297
0.25472
0.19538
0.33097
0.24664
0.26052
0.19642
0.19141
0.21803
0.05065
0.28087
0.18187
0.06763
0.19774
0.21753
0.27900
0.26476
0.12331
0.10750
0.16973
0.23307
0.21159
0.27334
0.11006
0.19850
0.28276
0.14175
0.23042
0.11123
0.03339
0.05561
0.13992
0.09459
0.10286
0.25480
0.27978
0.17312
0.11336
0.03945
0.13669
0.12450
0.26979
