0.07946
0.10507
0.03182
0.21713
0.04362
0.12717
0.14587
0.11656
0.16387
0.03958
0.17929
0.12028
0.09852
0.11326
0.08082
0.22986
0.15001
0.09791
0.06637
0.12590
0.29108
0.10696
0.14107
0.05205
0.22620
0.11916
0.10009
0.25691
0.05628
0.13535
0.12151
0.25103
0.12345
0.10305
0.05426
0.09386
0.14514
0.04747
0.11394
0.13635
0.30477
0.22661
0.06928
0.10732
0.26885
0.25595
0.14124
0.16451
0.17198
0.14450
0.08916
0.15109
0.12624
0.24110
0.10070
0.23009
0.21055
0.11543
0.05916
0.06699
0.26686
0.24460
0.09612
0.21939
0.27283
0.33276
0.03817
0.14343
0.07066
0.03304
0.15329
0.27156
0.24963
0.16352
0.23505
0.08533
0.06894
0.03508
0.19314
0.17963
0.27360
0.15196
0.29627
0.25925
0.25772
0.33384
0.08991
0.11732
0.10866
0.23988
0.28748
0.16111
0.03931
0.22640
0.07118
0.13498
0.20757
0.20555
0.18982
0.15472
0.09802
0.17899
0.11622
0.10727
0.17750
0.30897
0.09227
0.15934
0.16250
0.28185
0.00824
0.20176
0.05783
0.23343
0.10172
0.15920
0.26889
0.05327
0.07648
0.11462
0.22453
0.06263
0.25983
0.03534
0.06095
0.13414
0.32557
0.25802
0.11723
0.23457
0.05648
0.05910
0.28765
0.32901
0.09655
0.11915
0.05057
0.28137
0.26441
0.03066
0.13617
0.05316
0.28227
0.19657
0.08868
0.29384
0.06892
0.32608
0.13627
0.09208
0.15570
0.18045
0.10233
0.29156
0.30685
0.33102
0.14391
0.15294
0.13253
0.16108
0.26824
0.26905
0.28908
0.27541
0.09412
0.08721
0.28739
0.27606
0.04332
0.27385
0.03158
0.19201
0.22399
0.02153
0.06995
0.19705
0.08591
0.05977
0.15020
0.27571
0.06058
0.10470
0.21450
0.11198
0.04968
0.19488
0.15441
0.25023
0.24370
0.15135
0.08708
0.06896
0.02852
0.15724
0.09338
0.22124
0.21536
0.16143
0.06276
0.28527
0.23071
0.12279
0.17371
0.14678
0.05010
0.20148
0.10190
0.18167
0.23660
0.08600
0.25699
0.19342
0.08001
0.25469
0.26771
0.20441
0.11433
0.17888
0.15315
0.35790
0.09877
0.18968
0.09581
0.05092
0.06591
0.03486
0.16308
0.13885
0.15324
0.03083
0.26894
0.11725
0.17899
0.08961
0.06829
0.23122
0.10743
0.03683
0.10012
0.26448
0.08036
0.29255
0.10894
0.11283
0.13425
0.22258
0.10911
0.03928
0.09312
0.10783
0.09548
0.11592
0.08947
0.24016
0.15872
0.16838
0.21280
0.05914
0.05527
0.13242
0.22626
0.14104
0.22773
0.15604
0.11892
0.27984
0.28900
0.09954
0.17320
0.04765
0.12496
0.12076
0.05881
0.03632
0.36866
0.15054
0.05007
0.22621
0.15359
0.06365
0.10190
0.31671
0.12766
0.05365
0.28918
0.12746
0.15724
0.13822
0.11929
0.11020
0.09323
0.04460
0.20089
0.20067
0.11897
0.10797
0.16191
0.15406
0.15004
0.13358
0.31705
0.20470
0.24473
0.15445
0.13161
0.28355
0.31394
0.31847
0.03577
0.25012
0.10106
0.29868
0.12566
0.09065
0.13510
0.07642
0.09573
0.17204
0.20939
0.04886
0.09988
0.03187
0.25665
0.07501
0.15926
0.17623
0.20713
0.21274
0.10134
0.03958
0.18116
0.28680
0.36376
0.21585
0.32826
0.20030
0.23412
0.27888
0.27814
0.24014
0.07597
0.06222
0.13425
0.21245
0.03618
0.07430
0.16226
0.09879
0.16294
0.09896
0.14191
0.06125
0.24750
0.27374
0.21885
0.21055
0.30398
0.09929
0.13232
0.28248
0.07985
0.24896
0.09607
0.06266
0.17964
0.05997
0.22824
0.34430
0.07747
0.06077
0.14929
0.23142
0.11659
0.03405
0.09430
0.05390
0.03650
0.08909
0.16176
0.06486
0.28241
0.17164
0.20020
0.07308
0.20565
0.29308
0.17925
0.27084
0.34564
0.17895
0.29545
0.30419
0.30093
0.30088
0.28370
0.22565
0.35623
0.25353
0.23599
0.20481
0.23490
0.31492
0.17457
0.36943
0.33637
0.28219
0.24946
0.24222
0.23963
0.34296
0.27583
0.23949
0.29755
0.34318
0.21260
0.25411
0.31738
0.26913
0.25760
0.24765
0.28084
0.32020
0.26325
0.22683
0.35139
0.22489
0.23155
0.30234
0.21694
0.32246
0.35697
0.26352
0.29655
0.30762
0.28046
0.23814
0.30528
0.34417
0.21624
0.29092
0.32125
0.20236
0.27459
0.29604
0.15756
0.29574
0.26176
0.28349
0.31646
0.29075
0.25351
0.16464
0.27200
0.37077
0.12864
0.28083
0.18838
0.17580
0.16755
0.36174
0.31285
0.31845
0.16764
0.35897
0.26709
0.26618
0.37535
0.30585
0.29355
0.29350
0.23422
0.27895
0.19678
0.35956
0.30869
0.27025
0.18103
0.32304
0.20395
0.26685
0.28742
0.26294
0.35047
0.33182
0.22269
0.33060
0.30784
0.16177
0.18707
0.28323
0.17216
0.18691
0.15757
0.29891
0.36029
0.27999
0.25411
0.24448
0.30160
0.24146
0.32069
0.22622
0.31179
0.20901
0.28547
0.29392
0.20447
0.18743
0.35290
0.30269
0.18429
0.28658
0.32144
0.28333
0.33093
0.30883
0.25194
0.27618
0.21718
0.27469
0.32342
0.26423
0.27002
0.22979
0.15875
0.28677
0.22812
0.30209
0.23232
0.28244
0.33459
0.29892
0.19466
0.24704
0.30076
0.21755
0.29055
0.19076
0.21685
0.24652
0.22022
0.16492
0.30473
0.32933
0.31589
0.23295
0.18562
0.32879
0.21795
0.18636
0.18620
0.30923
0.30240
0.15782
0.17816
0.27870
0.29244
0.19726
0.14289
0.23277
0.27310
0.19148
0.25554
0.20631
0.34101
0.17851
0.22473
0.27137
0.28363
0.18416
0.28831
0.26801
0.26220
0.37890
0.18446
0.31802
0.19547
0.37148
0.31856
0.24896
0.27419
0.29595
0.28777
0.19584
0.31645
0.28451
0.27399
0.28460
0.29211
0.34709
0.22907
0.29961
0.23139
0.35102
0.26099
0.27623
0.23038
0.24711
0.29887
0.25708
0.20170
0.26062
0.22251
0.31772
0.20758
0.32675
0.25103
0.23532
0.30512
0.29048
0.28668
0.15141
0.20401
0.32565
0.32649
0.26051
0.27811
0.29530
0.26353
0.24268
0.22045
0.30000
0.29453
0.30384
0.27384
0.19330
0.32109
0.30911
0.26243
0.26876
0.23241
0.33377
0.27882
0.17641
0.22128
0.29128
0.25836
0.31118
0.27547
0.22798
0.35965
0.35792
0.14984
0.26376
0.32384
0.25392
0.24241
0.31172
0.33877
0.24504
0.19592
0.20277
0.24095
0.30092
0.36736
0.28662
0.29711
0.30450
0.22671
0.24699
0.30283
0.28445
0.15710
0.33815
0.21329
0.24980
0.35105
0.31153
0.26665
0.25176
0.23253
0.28912
0.34285
0.34106
0.25608
0.27864
0.20006
0.27582
0.31468
0.13030
0.23546
0.17872
0.23245
0.27644
0.24318
0.27799
0.25919
0.28181
0.21492
0.21231
0.23262
0.34958
0.26255
0.24567
0.18698
0.29681
0.25112
0.23543
0.18820
0.33790
0.29532
0.34347
0.25281
0.22415
0.29938
0.26050
0.28347
0.27531
0.16929
0.33277
0.25536
0.33172
0.27838
0.31207
0.34733
0.29533
0.29621
0.30606
0.17000
0.20491
0.30605
0.21462
0.28485
0.31594
0.25121
0.35132
0.39048
0.31875
0.32769
0.25687
0.30652
0.33030
0.35660
0.24389
0.26829
0.33211
0.32121
0.30245
0.32742
0.38676
0.22432
0.23421
0.28765
0.22872
0.31566
0.34548
0.25257
0.23899
0.33985
0.23961
0.26770
0.32070
0.28809
0.21918
0.22079
0.28943
0.28103
0.28575
0.29728
0.29276
0.26414
0.31732
0.26338
0.30974
0.30411
0.26151
0.12766
0.35584
0.33264
0.35163
0.33203
0.33915
0.40183
0.40369
0.29533
0.16846
0.33519
0.38619
0.27232
0.20991
0.32640
0.35368
0.23579
0.26139
0.33509
0.26039
0.26750
0.27648
0.35244
0.35901
0.40586
0.30712
0.31973
0.26907
0.39199
0.30241
0.28495
0.29568
0.36076
0.28647
0.18092
0.32596
0.45169
0.24937
0.40999
0.43500
0.19133
0.32266
0.38773
0.33181
0.29599
0.26086
0.29174
0.23457
0.29775
0.27673
0.30602
0.28806
0.38469
0.30563
0.29823
0.26778
0.19096
0.26672
0.41525
0.24123
0.13335
0.33058
0.13123
0.21228
0.41624
0.18289
0.25832
0.20407
0.28255
0.21114
0.41319
0.19917
0.36065
0.38239
0.24444
0.23623
0.24506
0.24794
0.19033
0.35245
0.17542
0.38413
0.33648
0.25119
0.25683
0.23125
0.34581
0.27111
0.21017
0.34277
0.40301
0.31118
0.28539
0.36854
0.38920
0.23469
0.24765
0.28245
0.38922
0.22298
0.23238
0.26425
0.36953
0.30432
0.26190
0.28437
0.30565
0.37120
0.21640
0.33948
0.33829
0.29787
0.31234
0.24835
0.40430
0.27990
0.25795
0.29341
0.31963
0.35786
0.27593
0.30830
0.22733
0.35627
0.25901
0.24623
0.33641
0.26015
0.24583
0.30273
0.22173
0.26748
0.18544
0.10853
0.13431
0.10476
0.23606
0.31412
0.19856
0.31402
0.35156
0.17789
0.03855
0.13143
0.02071
0.32915
0.21926
0.17030
0.26800
0.07417
0.11230
0.19793
0.24155
0.11221
0.13429
0.24981
0.31335
0.19628
0.22136
0.27556
0.05535
0.29963
0.24590
0.02750
0.04728
0.16258
0.25415
0.08523
0.22033
0.21465
0.28783
0.01381
0.05098
0.04553
0.04853
0.16872
0.08239
0.09774
0.13207
0.27372
0.12059
0.28179
0.23997
0.04567
0.25297
0.07181
0.09249
0.23088
0.19005
0.15634
0.04838
0.04001
0.21589
0.23165
0.28703
0.24482
0.03122
0.10431
0.19176
0.21296
0.12520
0.20410
0.13552
0.17179
0.18553
0.09852
0.25307
0.25086
0.06752
0.13254
0.20425
0.07320
0.01094
0.18527
0.16301
0.19587
0.23871
0.29500
0.20584
0.31026
0.23322
0.21652
0.17281
0.21446
0.22815
0.02449
0.24265
0.05810
0.02296
0.22478
0.25139
0.28319
0.26679
0.08620
0.03676
0.08955
0.23478
0.16514
0.25767
0.06484
0.17675
0.31451
0.11565
0.16303
0.14421
0.04382
0.02320
0.20963
0.02847
0.05601
0.26320
0.29660
0.07813
0.06374
0.02788
0.03341
0.04487
0.27085
