0.08206
0.10668
0.03993
0.26749
0.06680
0.13567
0.24835
0.13405
0.15348
0.08279
0.15692
0.11299
0.13118
0.11198
0.16123
0.23013
0.12893
0.10692
0.09589
0.14990
0.29643
0.11245
0.16084
0.02948
0.22134
0.14071
0.09001
0.24127
0.08072
0.10821
0.12275
0.23860
0.14343
0.11534
0.09077
0.10986
0.13784
0.07970
0.10526
0.15152
0.27136
0.25253
0.06489
0.11684
0.26168
0.17810
0.16088
0.23656
0.19431
0.13327
0.09193
0.13034
0.13350
0.26918
0.10074
0.23200
0.16624
0.11438
0.10853
0.08611
0.26524
0.27344
0.13032
0.17294
0.27310
0.33386
0.04145
0.15865
0.09575
0.01697
0.12304
0.29367
0.23984
0.19061
0.26140
0.09441
0.05469
0.01595
0.21412
0.17226
0.30866
0.14182
0.30604
0.27588
0.23269
0.33970
0.09705
0.07391
0.12957
0.27947
0.32159
0.15858
0.06310
0.25621
0.06485
0.13576
0.21334
0.22804
0.21857
0.15167
0.09253
0.14429
0.10342
0.11551
0.22426
0.29655
0.15715
0.14984
0.16357
0.29080
0.03158
0.24763
0.06792
0.26677
0.11374
0.11866
0.28473
0.03974
0.07035
0.17266
0.21401
0.09277
0.27341
0.03926
0.10181
0.15214
0.32105
0.26879
0.12925
0.22764
0.08215
0.13834
0.27910
0.33391
0.09989
0.14285
0.03778
0.29303
0.26128
0.03311
0.13675
0.03322
0.29543
0.13484
0.15051
0.25838
0.08156
0.36770
0.16758
0.09478
0.13903
0.23122
0.10196
0.31918
0.31266
0.34428
0.10553
0.14113
0.14880
0.18435
0.22837
0.23304
0.27045
0.32289
0.09791
0.10283
0.28695
0.29672
0.03388
0.24883
0.05135
0.19837
0.16934
0.02574
0.11779
0.21131
0.06565
0.04743
0.17153
0.26551
0.05763
0.10619
0.19041
0.15160
0.06982
0.16456
0.24014
0.28529
0.25671
0.16046
0.11983
0.06349
0.04626
0.11678
0.13480
0.23322
0.15840
0.14513
0.07980
0.24947
0.14601
0.04500
0.16781
0.14679
0.04876
0.17524
0.06393
0.19408
0.25527
0.08428
0.22550
0.23100
0.11084
0.23746
0.24842
0.25408
0.11655
0.27568
0.23418
0.33592
0.07872
0.14404
0.08759
0.04372
0.06027
0.03822
0.15222
0.15706
0.12825
0.04606
0.23599
0.09892
0.23404
0.11806
0.06587
0.28901
0.11109
0.03653
0.11304
0.29253
0.06841
0.29416
0.07412
0.10499
0.15832
0.23170
0.10288
0.03341
0.09233
0.09734
0.09769
0.08779
0.09884
0.22998
0.13299
0.14825
0.19825
0.04315
0.07221
0.14171
0.19834
0.14313
0.20955
0.17510
0.11681
0.25912
0.24755
0.08985
0.17421
0.05478
0.08834
0.12276
0.04663
0.02391
0.31917
0.17151
0.05873
0.21840
0.13395
0.06089
0.16546
0.32689
0.12393
0.06841
0.30556
0.11571
0.21579
0.17494
0.17835
0.12968
0.07619
0.06973
0.18609
0.21431
0.16098
0.10020
0.17795
0.13603
0.17151
0.14293
0.32684
0.29487
0.27236
0.12567
0.09191
0.31217
0.30000
0.30585
0.03280
0.28730
0.12366
0.26435
0.12230
0.06677
0.17824
0.11983
0.10346
0.17924
0.25082
0.05017
0.07675
0.12574
0.27395
0.10503
0.25081
0.12789
0.23913
0.25904
0.09210
0.05519
0.25079
0.22441
0.34461
0.24467
0.32362
0.24023
0.24749
0.30071
0.27313
0.26501
0.05757
0.07693
0.14186
0.20105
0.03985
0.05357
0.18757
0.12240
0.21895
0.11228
0.15807
0.09768
0.28187
0.23916
0.23077
0.17441
0.32012
0.14219
0.14378
0.31890
0.08778
0.21376
0.03295
0.08780
0.19870
0.03775
0.24374
0.34313
0.06711
0.07754
0.13614
0.25335
0.10102
0.06075
0.04834
0.04567
0.07838
0.11546
0.21538
0.07529
0.29319
0.14056
0.16978
0.06472
0.18609
0.29592
0.21441
0.29927
0.34674
0.19210
0.29155
0.28702
0.31814
0.33671
0.28111
0.22008
0.34426
0.25326
0.23603
0.26365
0.19886
0.32832
0.17775
0.37059
0.33289
0.25554
0.27094
0.24456
0.23804
0.33793
0.28926
0.24037
0.31581
0.34064
0.21381
0.28780
0.33386
0.26794
0.21745
0.23502
0.30999
0.31497
0.27188
0.23512
0.34366
0.25446
0.23800
0.30633
0.18744
0.31205
0.35931
0.28557
0.30678
0.32483
0.30235
0.22268
0.31141
0.32266
0.22464
0.28416
0.31586
0.26602
0.30148
0.29032
0.18318
0.31424
0.25775
0.28512
0.31632
0.29994
0.27116
0.19055
0.27360
0.35610
0.14343
0.28665
0.21440
0.18042
0.20700
0.36216
0.28706
0.32930
0.14310
0.34613
0.27204
0.27964
0.36791
0.31196
0.29457
0.26927
0.24320
0.27437
0.18644
0.34694
0.32140
0.22642
0.17104
0.30818
0.20976
0.25733
0.30025
0.26345
0.34879
0.31272
0.19325
0.32342
0.31703
0.16503
0.18730
0.30087
0.19501
0.17224
0.14199
0.29149
0.35140
0.29287
0.30171
0.24195
0.30979
0.21137
0.31972
0.29153
0.28823
0.19240
0.27905
0.29670
0.19597
0.17502
0.35028
0.29247
0.18403
0.32352
0.31538
0.23066
0.35283
0.31852
0.24313
0.28308
0.20891
0.29278
0.29135
0.29703
0.27309
0.20975
0.14448
0.31885
0.19643
0.29568
0.23400
0.28587
0.33283
0.29268
0.20419
0.22313
0.29316
0.22471
0.30072
0.19116
0.20298
0.21816
0.22413
0.20862
0.30578
0.32865
0.31762
0.27372
0.16722
0.33294
0.19085
0.22553
0.20410
0.29651
0.29614
0.16247
0.17886
0.27119
0.28652
0.19399
0.14472
0.21751
0.25311
0.24126
0.25246
0.27016
0.33296
0.17249
0.19246
0.27753
0.29519
0.19023
0.29906
0.28365
0.25380
0.34762
0.17586
0.29336
0.21161
0.37273
0.31159
0.25280
0.26013
0.31886
0.26587
0.16665
0.31543
0.27160
0.27040
0.29141
0.28027
0.33849
0.24416
0.29077
0.22674
0.34436
0.26264
0.28155
0.21694
0.27252
0.28112
0.24994
0.20042
0.25219
0.24038
0.28913
0.19324
0.28645
0.23523
0.28657
0.29235
0.28322
0.29876
0.15309
0.22160
0.32978
0.32607
0.26331
0.29794
0.30446
0.23831
0.24783
0.18376
0.30212
0.26850
0.28062
0.24579
0.19466
0.30827
0.32041
0.24940
0.27036
0.24601
0.33972
0.29863
0.18316
0.20087
0.29641
0.28029
0.31077
0.26005
0.24112
0.34553
0.34895
0.13775
0.21512
0.32783
0.27042
0.31045
0.29936
0.33378
0.23404
0.19388
0.18677
0.27450
0.28357
0.36291
0.28063
0.28629
0.29088
0.20663
0.21994
0.30673
0.28560
0.16197
0.33481
0.22564
0.23795
0.34286
0.30722
0.25527
0.22150
0.24200
0.29724
0.33147
0.33832
0.24680
0.28286
0.18303
0.28525
0.31126
0.12789
0.28061
0.18987
0.25151
0.29548
0.21449
0.26907
0.25366
0.28919
0.22159
0.23201
0.22382
0.33267
0.26433
0.28024
0.19806
0.29661
0.24838
0.21460
0.20223
0.31708
0.28865
0.33651
0.25611
0.25216
0.28507
0.24139
0.25424
0.27509
0.17521
0.33543
0.26458
0.34119
0.28196
0.28462
0.35402
0.28088
0.28281
0.32716
0.16552
0.22374
0.32216
0.20158
0.29956
0.30443
0.26047
0.33992
0.37807
0.28969
0.33716
0.25713
0.29772
0.29368
0.36414
0.21576
0.25979
0.32109
0.33587
0.32047
0.33136
0.39307
0.22451
0.26339
0.33495
0.22858
0.32097
0.32010
0.23122
0.25797
0.34566
0.23770
0.29460
0.31209
0.27963
0.24601
0.25919
0.26590
0.25219
0.29589
0.32006
0.30201
0.25893
0.31050
0.28071
0.32211
0.30687
0.28049
0.11793
0.32865
0.30664
0.36128
0.33571
0.27455
0.40335
0.39081
0.28478
0.18639
0.29697
0.39437
0.27475
0.18811
0.31762
0.32161
0.23458
0.26731
0.33687
0.23635
0.26868
0.25506
0.34851
0.33937
0.41007
0.30049
0.30132
0.26048
0.39190
0.30063
0.30929
0.28888
0.35721
0.27484
0.17101
0.32108
0.44559
0.22206
0.39805
0.40876
0.19224
0.29553
0.35860
0.31821
0.29763
0.23699
0.25160
0.23733
0.29746
0.29050
0.28682
0.30350
0.36801
0.30641
0.26889
0.22888
0.21706
0.23614
0.40103
0.23759
0.10676
0.34460
0.16476
0.19649
0.39388
0.14960
0.22883
0.19657
0.28067
0.20825
0.45794
0.17432
0.34106
0.38450
0.24419
0.25652
0.25428
0.24667
0.20207
0.37223
0.15814
0.36436
0.34770
0.22818
0.24771
0.24791
0.33332
0.27696
0.19780
0.33822
0.42292
0.31895
0.30954
0.36872
0.34008
0.16699
0.25487
0.28707
0.38965
0.19909
0.22092
0.22680
0.35356
0.25623
0.25179
0.27659
0.33324
0.34830
0.25513
0.30740
0.33200
0.30216
0.28633
0.23264
0.38955
0.31424
0.28253
0.27918
0.28660
0.33722
0.27771
0.31906
0.23341
0.32709
0.24620
0.25742
0.31028
0.30299
0.24739
0.24734
0.18610
0.34570
0.20871
0.01841
0.13496
0.25096
0.23007
0.28981
0.18246
0.22893
0.33786
0.15219
0.04922
0.17483
0.05331
0.29872
0.26233
0.17399
0.27629
0.07361
0.17759
0.18081
0.15636
0.11112
0.12054
0.26621
0.26208
0.19438
0.22183
0.26310
0.03217
0.32409
0.23640
0.06813
0.05997
0.08291
0.24008
0.17982
0.22632
0.19577
0.26964
0.04666
0.05737
0.05266
0.07863
0.29911
0.08103
0.13972
0.20272
0.28198
0.13063
0.26566
0.21701
0.04144
0.28036
0.07330
0.09657
0.30243
0.19306
0.20292
0.04482
0.08103
0.22262
0.20476
0.27711
0.24839
0.02642
0.07782
0.20405
0.21361
0.10948
0.15882
0.12208
0.24344
0.18513
0.12617
0.22467
0.22314
0.10719
0.20159
0.12845
0.09019
0.05075
0.22402
0.12308
0.19053
0.27652
0.24612
0.20221
0.31976
0.25359
0.24147
0.13746
0.19759
0.23606
0.06683
0.26531
0.09226
0.07804
0.21623
0.24420
0.30121
0.21862
0.03701
0.04498
0.11752
0.19300
0.21938
0.29222
0.09132
0.20979
0.31756
0.15592
0.25744
0.08766
0.03547
0.02913
0.14973
0.04888
0.07107
0.24582
0.27179
0.09457
0.12460
0.04268
0.05420
0.06494
0.26291
