0.15652
0.10532
0.08629
0.27796
0.09983
0.16642
0.26062
0.16564
0.16148
0.07204
0.19778
0.14614
0.21509
0.14150
0.14259
0.21851
0.14123
0.12261
0.10590
0.16235
0.30913
0.13003
0.15462
0.06377
0.27259
0.16201
0.16208
0.28078
0.08338
0.17137
0.15265
0.26577
0.16678
0.11967
0.07908
0.09607
0.12658
0.12312
0.13964
0.15931
0.29639
0.26767
0.11724
0.17459
0.29743
0.23936
0.14216
0.23606
0.18103
0.16122
0.09104
0.13107
0.12168
0.29320
0.09851
0.22099
0.24362
0.13247
0.17717
0.07980
0.29909
0.29561
0.14367
0.19594
0.27730
0.30151
0.04425
0.18817
0.12738
0.05675
0.13051
0.30998
0.31018
0.19477
0.27494
0.13783
0.11035
0.02696
0.23250
0.16731
0.33230
0.25231
0.34027
0.27226
0.29766
0.34753
0.10693
0.10210
0.13323
0.27630
0.33503
0.17849
0.09057
0.26108
0.07871
0.17899
0.20739
0.22906
0.22708
0.16045
0.09578
0.21224
0.12424
0.11991
0.24727
0.27474
0.17614
0.16174
0.22848
0.27506
0.03231
0.25583
0.12005
0.24741
0.13830
0.19974
0.26992
0.10158
0.07710
0.20990
0.25595
0.06042
0.28442
0.05826
0.12620
0.14313
0.32977
0.27377
0.18343
0.26821
0.12530
0.15842
0.32957
0.33909
0.13065
0.14820
0.13376
0.29844
0.26568
0.05651
0.17167
0.05312
0.32310
0.19709
0.17660
0.26564
0.08642
0.36407
0.18932
0.10261
0.17697
0.28377
0.13950
0.33767
0.31732
0.35064
0.10767
0.18418
0.17055
0.23962
0.27532
0.28170
0.29016
0.35136
0.10544
0.12580
0.32183
0.30049
0.10764
0.28554
0.06542
0.22097
0.24309
0.04688
0.13036
0.20676
0.07827
0.08676
0.18506
0.29100
0.09354
0.10704
0.23518
0.16465
0.15488
0.12197
0.23416
0.25002
0.23695
0.21860
0.12756
0.10949
0.04874
0.14366
0.15225
0.25636
0.16737
0.20572
0.10431
0.30558
0.22799
0.09083
0.18498
0.14805
0.07101
0.26305
0.09397
0.21078
0.26898
0.16511
0.22807
0.24524
0.12940
0.27810
0.26679
0.27157
0.13378
0.31125
0.23967
0.36151
0.12021
0.16975
0.11979
0.06445
0.10287
0.05597
0.22034
0.18676
0.16207
0.08868
0.22293
0.09587
0.25414
0.15711
0.04951
0.30049
0.12521
0.04744
0.12003
0.28803
0.11054
0.32069
0.10078
0.13081
0.16948
0.23280
0.14817
0.08171
0.12516
0.11986
0.13324
0.15489
0.15236
0.30241
0.14905
0.15855
0.22105
0.08364
0.07775
0.15041
0.20399
0.17429
0.22438
0.21732
0.18730
0.23310
0.28096
0.10679
0.18219
0.09795
0.11500
0.14634
0.07638
0.03023
0.38245
0.19067
0.06964
0.19799
0.15955
0.09343
0.18816
0.34423
0.13104
0.11547
0.29223
0.13444
0.21335
0.18041
0.17135
0.18399
0.11446
0.06923
0.18872
0.24555
0.15283
0.10426
0.23006
0.18270
0.21156
0.16424
0.33433
0.29441
0.29712
0.13933
0.12210
0.29670
0.34010
0.33645
0.05583
0.26346
0.13998
0.27684
0.12950
0.07914
0.18515
0.14905
0.12844
0.18869
0.25499
0.08014
0.05863
0.10048
0.29844
0.16259
0.27849
0.21253
0.24099
0.22867
0.14055
0.06383
0.27073
0.27894
0.35849
0.28240
0.35003
0.24633
0.25990
0.29043
0.27103
0.29163
0.06101
0.08400
0.10493
0.23807
0.07419
0.08278
0.21530
0.15588
0.26886
0.10927
0.19182
0.14927
0.30018
0.26744
0.27163
0.19235
0.31722
0.12360
0.15528
0.33773
0.07647
0.18741
0.08445
0.13743
0.22053
0.07559
0.22160
0.31743
0.05978
0.10687
0.19376
0.27712
0.11737
0.08580
0.05622
0.08805
0.08814
0.10745
0.20842
0.07530
0.31109
0.15628
0.24162
0.10613
0.18643
0.28659
0.21816
0.29717
0.34684
0.17812
0.27923
0.31150
0.32046
0.34187
0.29491
0.26477
0.35374
0.27126
0.23263
0.27655
0.22730
0.32316
0.19233
0.36436
0.33090
0.27442
0.26210
0.25213
0.26993
0.34727
0.29680
0.24752
0.30255
0.32999
0.20332
0.26480
0.32890
0.27553
0.25128
0.25506
0.31718
0.31628
0.26598
0.23115
0.34585
0.28372
0.25471
0.32467
0.20214
0.31804
0.35466
0.30198
0.31832
0.32805
0.30681
0.25652
0.30582
0.34078
0.21666
0.30894
0.30847
0.25498
0.29508
0.31585
0.20142
0.31305
0.28155
0.26960
0.31418
0.28580
0.29591
0.19161
0.28153
0.37026
0.15136
0.28018
0.23084
0.21118
0.22605
0.36585
0.30103
0.31127
0.16812
0.34454
0.27095
0.29092
0.36853
0.30868
0.31312
0.29414
0.24120
0.29222
0.20591
0.36606
0.30994
0.24657
0.16383
0.33674
0.22095
0.25384
0.29055
0.27592
0.34531
0.31055
0.22473
0.30732
0.28510
0.18773
0.16378
0.31561
0.19356
0.19097
0.16470
0.30554
0.34196
0.29429
0.29889
0.24588
0.32603
0.22195
0.31875
0.28457
0.29653
0.19928
0.28191
0.30736
0.21478
0.16510
0.36075
0.29191
0.20814
0.28952
0.31850
0.28123
0.36652
0.31137
0.24529
0.29657
0.21152
0.27946
0.31043
0.28456
0.28532
0.24602
0.16714
0.33815
0.23377
0.31748
0.24464
0.29948
0.33582
0.27965
0.20465
0.24702
0.29203
0.20137
0.31047
0.20859
0.25165
0.22992
0.22971
0.23263
0.31771
0.31269
0.32628
0.24998
0.24228
0.32740
0.23336
0.22045
0.24401
0.29779
0.31759
0.17621
0.18518
0.26748
0.29890
0.21848
0.15625
0.24697
0.25579
0.21607
0.27060
0.27671
0.33519
0.18663
0.25410
0.26628
0.31192
0.21308
0.30493
0.27751
0.25573
0.37215
0.18604
0.30626
0.23477
0.35702
0.31760
0.27961
0.27054
0.29488
0.26298
0.19991
0.30905
0.26792
0.25928
0.28113
0.28420
0.33693
0.25192
0.27769
0.21538
0.33473
0.25594
0.29935
0.23839
0.27824
0.28035
0.24652
0.23138
0.26340
0.26029
0.32528
0.21883
0.29989
0.23474
0.29173
0.27220
0.28119
0.30306
0.14402
0.23915
0.32581
0.32360
0.29021
0.29673
0.31288
0.27357
0.27005
0.21933
0.31126
0.29900
0.29153
0.24543
0.21868
0.30506
0.30867
0.27782
0.25010
0.23225
0.32792
0.30166
0.19782
0.19859
0.28460
0.29795
0.30268
0.28860
0.25283
0.34026
0.34885
0.15123
0.24823
0.30783
0.27710
0.29869
0.32073
0.33136
0.24207
0.18582
0.22507
0.29617
0.29058
0.35870
0.29616
0.29839
0.31135
0.23245
0.26393
0.30267
0.26796
0.16651
0.32843
0.23443
0.25183
0.33822
0.30604
0.26242
0.25946
0.27007
0.29224
0.35046
0.32945
0.24473
0.27093
0.20545
0.32047
0.30952
0.12723
0.28753
0.19098
0.25016
0.28774
0.24198
0.27974
0.25032
0.27120
0.23585
0.25656
0.26321
0.33884
0.28820
0.28852
0.19193
0.28157
0.25866
0.24126
0.22303
0.33904
0.29526
0.34667
0.26690
0.27891
0.31372
0.27779
0.25989
0.26939
0.18611
0.33301
0.28608
0.34473
0.26987
0.29895
0.34237
0.28009
0.26200
0.31497
0.17176
0.22932
0.31462
0.24439
0.32613
0.31271
0.29729
0.34064
0.37809
0.31112
0.30826
0.26567
0.31331
0.28494
0.34804
0.25371
0.28749
0.32133
0.32817
0.32048
0.31376
0.38490
0.25326
0.26329
0.32974
0.25251
0.31950
0.32761
0.24328
0.24615
0.35272
0.23419
0.29791
0.30676
0.28567
0.26029
0.26992
0.27960
0.26076
0.27499
0.33454
0.28902
0.26496
0.31920
0.27636
0.32513
0.29054
0.27913
0.13882
0.33527
0.33313
0.36356
0.31894
0.33385
0.39929
0.41175
0.27991
0.21358
0.31989
0.40432
0.29832
0.21515
0.30744
0.35662
0.25686
0.25144
0.32362
0.25566
0.29238
0.25260
0.34609
0.37250
0.40544
0.32154
0.32726
0.28914
0.40848
0.31034
0.32132
0.31920
0.37540
0.27660
0.20957
0.30204
0.46626
0.24899
0.41943
0.42214
0.22472
0.29764
0.36549
0.30605
0.29969
0.25795
0.28779
0.24133
0.29691
0.31769
0.30444
0.31497
0.39623
0.29813
0.29685
0.28101
0.21769
0.26727
0.40819
0.24716
0.13914
0.35172
0.16400
0.20296
0.42910
0.17325
0.25925
0.22449
0.27607
0.25672
0.45682
0.21162
0.34195
0.39749
0.25171
0.24149
0.24545
0.27290
0.23965
0.37243
0.20700
0.37321
0.35740
0.27968
0.26681
0.23986
0.34816
0.29694
0.23063
0.35903
0.43852
0.32080
0.29861
0.37007
0.39076
0.22014
0.28886
0.29506
0.40131
0.21834
0.24423
0.26877
0.35652
0.28260
0.24955
0.27156
0.35300
0.36632
0.24277
0.30246
0.34648
0.30534
0.29785
0.26446
0.39345
0.28288
0.26642
0.28169
0.32436
0.33534
0.28747
0.32041
0.23988
0.35003
0.26093
0.25269
0.32922
0.30786
0.21689
0.29337
0.21081
0.34220
0.23804
0.01695
0.17012
0.25935
0.25026
0.26094
0.22422
0.24162
0.37476
0.18491
0.10680
0.18889
0.04472
0.29869
0.24686
0.20992
0.31897
0.10033
0.11842
0.16416
0.25839
0.10927
0.11757
0.23086
0.23489
0.22136
0.20472
0.30244
0.05244
0.33278
0.20019
0.07394
0.05854
0.13522
0.26589
0.15734
0.27978
0.24162
0.31744
0.11228
0.06416
0.10779
0.06267
0.29912
0.13658
0.09271
0.22490
0.26974
0.09692
0.32685
0.21510
0.06725
0.24696
0.10390
0.10127
0.27472
0.18957
0.28438
0.10022
0.10581
0.21841
0.20401
0.29019
0.24289
0.06868
0.07357
0.15968
0.21298
0.18052
0.22874
0.13510
0.29728
0.17558
0.10846
0.27282
0.29933
0.10990
0.12726
0.25341
0.08522
0.09562
0.27423
0.13936
0.20258
0.22753
0.30739
0.19974
0.34007
0.26559
0.26243
0.16387
0.18491
0.22696
0.04372
0.25955
0.13326
0.10943
0.19766
0.23630
0.30375
0.27386
0.11802
0.08187
0.15210
0.24950
0.23504
0.32351
0.07865
0.23227
0.32646
0.16784
0.25148
0.13370
0.08556
0.02841
0.16881
0.09178
0.06776
0.26470
0.28420
0.14277
0.09944
0.09539
0.13859
0.15537
0.25432
