0.11587
0.10535
0.06021
0.20169
0.08089
0.15800
0.23806
0.13785
0.16116
0.08203
0.16399
0.15514
0.10670
0.11521
0.09556
0.20737
0.13708
0.11009
0.05346
0.13835
0.30224
0.09999
0.15048
0.04057
0.24665
0.12249
0.11401
0.26714
0.07083
0.12866
0.14019
0.25538
0.13475
0.10153
0.04546
0.09704
0.11496
0.06252
0.11758
0.14315
0.30169
0.24373
0.10552
0.10407
0.28711
0.21437
0.15944
0.20132
0.15267
0.11331
0.09265
0.14644
0.14563
0.28198
0.08984
0.22346
0.19002
0.10839
0.12373
0.06752
0.28863
0.29172
0.09860
0.21037
0.25619
0.31863
0.02858
0.14451
0.08254
0.05350
0.12471
0.31665
0.26165
0.16572
0.26150
0.08905
0.06195
0.04485
0.21703
0.15270
0.31925
0.12898
0.30897
0.26367
0.27899
0.35816
0.09485
0.10194
0.12253
0.26806
0.33570
0.16688
0.09707
0.25289
0.03853
0.16302
0.17884
0.20908
0.18865
0.16399
0.09176
0.17950
0.10700
0.10113
0.19272
0.28658
0.12247
0.15330
0.13075
0.28108
0.01491
0.25331
0.07749
0.26867
0.10830
0.19266
0.26571
0.02248
0.07119
0.17204
0.22614
0.06018
0.27843
0.01988
0.08279
0.15088
0.29892
0.26363
0.13938
0.25810
0.11889
0.10891
0.32219
0.32778
0.10744
0.09222
0.04679
0.26592
0.25245
0.05855
0.15606
0.02117
0.25903
0.14856
0.09528
0.23457
0.09045
0.32976
0.18545
0.09736
0.16482
0.27266
0.10420
0.30604
0.30469
0.33408
0.08481
0.18810
0.15899
0.19829
0.23862
0.26958
0.27922
0.31920
0.09190
0.11614
0.27456
0.29226
0.03404
0.25005
0.04527
0.20365
0.21546
0.03635
0.09139
0.19666
0.07978
0.06803
0.17354
0.25363
0.09977
0.09508
0.21285
0.09698
0.09380
0.16104
0.21699
0.25289
0.24965
0.18376
0.08662
0.03436
0.05971
0.15909
0.12349
0.23908
0.21468
0.15234
0.06752
0.28916
0.19109
0.09370
0.19567
0.14414
0.08378
0.20627
0.07311
0.16295
0.23165
0.10179
0.23244
0.20746
0.09232
0.25399
0.26419
0.25349
0.12453
0.25991
0.17769
0.31799
0.11596
0.17716
0.08129
0.04219
0.09026
0.03467
0.13382
0.19006
0.13492
0.08936
0.23622
0.07894
0.22411
0.10589
0.06105
0.29236
0.10805
0.05077
0.10106
0.26407
0.06973
0.30360
0.09214
0.12055
0.13728
0.19605
0.10898
0.05200
0.11300
0.10649
0.09683
0.11559
0.09914
0.27160
0.14609
0.14393
0.20544
0.05936
0.09210
0.13304
0.19171
0.15509
0.20368
0.17755
0.16082
0.27555
0.26877
0.09152
0.13667
0.14978
0.10522
0.12071
0.06037
0.04723
0.35612
0.16207
0.09097
0.22964
0.15276
0.08157
0.17924
0.34420
0.13165
0.08773
0.29558
0.11863
0.21308
0.16819
0.14740
0.12979
0.05971
0.05573
0.13849
0.17403
0.15571
0.09291
0.15965
0.11323
0.18462
0.13247
0.31906
0.22924
0.28147
0.06088
0.08995
0.29684
0.29182
0.32478
0.02937
0.25478
0.10073
0.28246
0.09701
0.07315
0.11708
0.08420
0.12243
0.15024
0.25957
0.07192
0.06855
0.04168
0.28730
0.16761
0.20615
0.12369
0.23911
0.22940
0.19398
0.05610
0.24756
0.26148
0.35035
0.21436
0.32067
0.23241
0.22913
0.30559
0.27159
0.26209
0.05915
0.08569
0.10630
0.22721
0.02800
0.05324
0.19760
0.13205
0.23381
0.12665
0.16215
0.08458
0.26906
0.25696
0.25423
0.19579
0.32350
0.12374
0.12166
0.33025
0.12748
0.18588
0.05194
0.05358
0.15576
0.07805
0.24043
0.29789
0.06131
0.09783
0.12095
0.25315
0.11056
0.04605
0.05219
0.06519
0.05788
0.08436
0.18328
0.05084
0.29589
0.18225
0.18024
0.06286
0.16344
0.26800
0.20404
0.26513
0.34612
0.18610
0.26760
0.31831
0.30596
0.30558
0.27450
0.27105
0.34196
0.25158
0.22609
0.23479
0.21221
0.28359
0.15753
0.37022
0.29384
0.23358
0.25908
0.23652
0.26588
0.34129
0.27933
0.20276
0.29967
0.33460
0.21820
0.24292
0.30800
0.26740
0.26086
0.26926
0.27395
0.30220
0.26541
0.19942
0.34299
0.24341
0.22749
0.30801
0.20097
0.30591
0.33867
0.29645
0.31909
0.29269
0.26511
0.24424
0.27976
0.31433
0.23915
0.28759
0.29603
0.22870
0.26129
0.30248
0.19677
0.30009
0.24181
0.26503
0.30270
0.27364
0.26558
0.17100
0.27079
0.34719
0.10072
0.27741
0.21929
0.17179
0.18657
0.36673
0.30844
0.31742
0.16061
0.33973
0.26804
0.27302
0.35658
0.30667
0.29478
0.29002
0.23110
0.28453
0.15591
0.34447
0.28434
0.25192
0.15520
0.33544
0.16803
0.26396
0.29202
0.24972
0.33878
0.29877
0.20979
0.29068
0.30521
0.12112
0.17330
0.27034
0.18609
0.19356
0.14475
0.27374
0.32463
0.25913
0.26248
0.23783
0.28411
0.21390
0.29820
0.25962
0.27665
0.18999
0.27459
0.26934
0.21550
0.16968
0.34053
0.28348
0.19767
0.27091
0.32066
0.25056
0.36088
0.30610
0.20451
0.26106
0.18297
0.28703
0.29816
0.27184
0.24378
0.21596
0.16154
0.31056
0.22109
0.28171
0.21052
0.28221
0.28841
0.26964
0.17833
0.19419
0.27942
0.19265
0.28544
0.17031
0.21561
0.21074
0.20735
0.23982
0.32053
0.30936
0.31765
0.22487
0.22057
0.32208
0.16901
0.21110
0.20852
0.29729
0.28460
0.14980
0.16375
0.27898
0.28207
0.22455
0.15057
0.20542
0.24978
0.20069
0.22700
0.25769
0.29731
0.14678
0.25230
0.27479
0.26113
0.17696
0.29232
0.23599
0.21857
0.38263
0.18140
0.27179
0.23234
0.33938
0.30496
0.24669
0.26683
0.26699
0.26008
0.17330
0.30080
0.26573
0.24869
0.27634
0.26640
0.32635
0.22082
0.28459
0.21855
0.32024
0.24406
0.27897
0.23502
0.24548
0.29043
0.25361
0.18209
0.24476
0.23425
0.31004
0.20502
0.32400
0.22134
0.26231
0.28638
0.28681
0.29507
0.14497
0.22533
0.32534
0.32337
0.25125
0.28252
0.28238
0.26233
0.24404
0.22564
0.29779
0.29196
0.26753
0.23190
0.17946
0.29430
0.30008
0.24374
0.23915
0.21121
0.33016
0.27233
0.21294
0.19478
0.28658
0.29094
0.27898
0.25647
0.23277
0.33558
0.33876
0.12907
0.21474
0.30110
0.26527
0.27155
0.29696
0.32559
0.21109
0.19181
0.19531
0.25592
0.27379
0.35786
0.27629
0.27559
0.26220
0.23201
0.26603
0.28669
0.26208
0.17040
0.32034
0.21969
0.22654
0.33296
0.29790
0.25226
0.24904
0.26239
0.28068
0.31787
0.33805
0.24265
0.26702
0.19643
0.32814
0.30308
0.13517
0.25348
0.17404
0.23147
0.27950
0.21064
0.27661
0.25452
0.25636
0.22725
0.23754
0.22216
0.32637
0.25875
0.26986
0.18567
0.26955
0.24833
0.25125
0.20302
0.30753
0.28516
0.32834
0.24540
0.25701
0.27244
0.27374
0.24809
0.26392
0.14953
0.30560
0.27366
0.32968
0.27947
0.27961
0.33616
0.27478
0.25570
0.28076
0.15981
0.22408
0.27939
0.23323
0.29248
0.30845
0.27498
0.32075
0.38139
0.29969
0.31106
0.28257
0.28183
0.28423
0.34717
0.26206
0.26865
0.30826
0.31276
0.29510
0.30415
0.35591
0.22811
0.25673
0.33545
0.21295
0.31975
0.34224
0.23821
0.25156
0.33644
0.23196
0.27379
0.30350
0.26563
0.24600
0.23992
0.28236
0.25930
0.27888
0.29564
0.28334
0.26029
0.28292
0.27981
0.29174
0.27023
0.27468
0.12987
0.32406
0.34306
0.36313
0.30715
0.30639
0.35438
0.38639
0.27768
0.18242
0.28826
0.37211
0.27316
0.18481
0.28817
0.34373
0.25443
0.21514
0.31375
0.24970
0.27168
0.21918
0.31749
0.34698
0.38655
0.29977
0.28499
0.24180
0.33530
0.28518
0.26151
0.26335
0.32436
0.28106
0.13492
0.33229
0.41569
0.21148
0.38394
0.37957
0.18097
0.30022
0.33883
0.31087
0.26889
0.25228
0.27235
0.16432
0.26266
0.25895
0.27398
0.29303
0.34555
0.24600
0.27483
0.24366
0.23989
0.24488
0.37500
0.21699
0.10206
0.31586
0.15592
0.12911
0.38655
0.16486
0.25270
0.18678
0.26032
0.23544
0.42450
0.19184
0.30073
0.36996
0.23489
0.15720
0.25582
0.21610
0.19132
0.34719
0.19285
0.33359
0.34575
0.20968
0.23352
0.22138
0.34564
0.24145
0.23292
0.34294
0.40526
0.27679
0.29350
0.32704
0.32847
0.23666
0.25013
0.26261
0.36354
0.19883
0.19030
0.23406
0.34359
0.27231
0.24563
0.26224
0.30452
0.35532
0.19290
0.27474
0.30786
0.30354
0.26970
0.23976
0.36140
0.29909
0.27437
0.28072
0.28045
0.30833
0.24964
0.27617
0.23905
0.32579
0.23122
0.27484
0.31114
0.25923
0.22431
0.28995
0.19713
0.28069
0.20168
0.03217
0.07501
0.24993
0.22417
0.29412
0.17215
0.29948
0.37508
0.20215
0.03989
0.17978
0.04180
0.31356
0.27858
0.17879
0.27794
0.03764
0.12031
0.17324
0.15275
0.08020
0.15579
0.25141
0.28593
0.21057
0.21873
0.28395
0.04470
0.34290
0.28125
0.11761
0.09783
0.14162
0.27910
0.16200
0.19202
0.19088
0.29679
0.03274
0.09790
0.12885
0.08134
0.24510
0.10129
0.15313
0.18511
0.29974
0.11691
0.25208
0.23013
0.06981
0.24154
0.07990
0.06719
0.26557
0.17403
0.25938
0.08808
0.08710
0.21032
0.20915
0.30367
0.21144
0.02841
0.06543
0.16556
0.21352
0.19904
0.18524
0.12499
0.26358
0.13254
0.09512
0.28677
0.28104
0.11441
0.07447
0.15874
0.03271
0.07020
0.25394
0.21678
0.19323
0.25576
0.26750
0.19311
0.34276
0.25491
0.24359
0.14778
0.21790
0.19292
0.00942
0.22814
0.11167
0.07506
0.21596
0.26051
0.30023
0.25760
0.06134
0.07897
0.14556
0.21318
0.25181
0.22663
0.09265
0.17859
0.32573
0.14331
0.22465
0.08923
0.01403
0.03775
0.08380
0.03129
0.07655
0.28135
0.28951
0.07297
0.13584
0.07176
0.07154
0.08787
0.27026
