0.08264
0.11006
0.04908
0.23232
0.07847
0.14116
0.20005
0.11941
0.15265
0.04979
0.20248
0.12904
0.10537
0.11605
0.12867
0.23877
0.14654
0.10286
0.06165
0.14861
0.28792
0.14837
0.12387
0.05543
0.22428
0.12774
0.11326
0.25215
0.10018
0.10206
0.08851
0.26005
0.14069
0.09580
0.08953
0.09684
0.12592
0.07980
0.09995
0.13117
0.28475
0.23098
0.07995
0.13758
0.27965
0.27319
0.13280
0.21234
0.17436
0.14746
0.10503
0.10865
0.13559
0.29239
0.08995
0.19942
0.21027
0.10652
0.13518
0.08053
0.27509
0.28517
0.12601
0.18792
0.26678
0.32341
0.05586
0.14817
0.10176
0.04896
0.11605
0.31521
0.30066
0.15957
0.25825
0.08590
0.05920
0.04382
0.22524
0.16399
0.32306
0.14862
0.30252
0.25796
0.28146
0.35021
0.09814
0.06893
0.13220
0.26178
0.32406
0.16425
0.06442
0.26983
0.07025
0.15850
0.18754
0.22218
0.22334
0.15132
0.09518
0.17401
0.10559
0.10976
0.22433
0.30956
0.13398
0.15411
0.18241
0.27787
0.01631
0.23120
0.07004
0.24437
0.13827
0.11809
0.26636
0.04209
0.07512
0.20173
0.23074
0.07839
0.29171
0.02747
0.08519
0.11669
0.27375
0.28485
0.14675
0.24668
0.08524
0.12334
0.30955
0.34647
0.11529
0.13006
0.09036
0.26307
0.26800
0.05949
0.17153
0.03408
0.25837
0.18777
0.11606
0.24494
0.08215
0.32478
0.20201
0.08503
0.16915
0.23332
0.10371
0.29390
0.29576
0.31056
0.07983
0.13575
0.15175
0.24700
0.25310
0.22162
0.27078
0.31230
0.08464
0.09153
0.29321
0.29812
0.08355
0.23825
0.03707
0.20725
0.25489
0.03083
0.08695
0.24021
0.05938
0.11045
0.14202
0.24890
0.05624
0.10069
0.21994
0.12620
0.07620
0.16687
0.20512
0.24601
0.26254
0.18200
0.11144
0.09464
0.03771
0.13145
0.09966
0.23476
0.17706
0.14645
0.07810
0.28373
0.21657
0.08230
0.19468
0.13719
0.02365
0.21153
0.08444
0.19842
0.25842
0.12107
0.26505
0.23156
0.07689
0.24736
0.26511
0.24107
0.11697
0.25416
0.17274
0.34093
0.11846
0.21360
0.10691
0.07080
0.07565
0.06008
0.17774
0.18522
0.12689
0.03909
0.23782
0.07633
0.21419
0.09903
0.04835
0.26057
0.12107
0.05186
0.10389
0.26582
0.08662
0.27968
0.08524
0.10180
0.13114
0.22194
0.11327
0.02543
0.09987
0.10487
0.09310
0.09902
0.07939
0.24013
0.13508
0.14984
0.19991
0.07206
0.09319
0.13101
0.20165
0.14306
0.20141
0.17155
0.16238
0.24456
0.27865
0.09299
0.13348
0.03560
0.10975
0.11507
0.06667
0.04355
0.36360
0.13032
0.05693
0.20795
0.13450
0.07531
0.16213
0.31766
0.11872
0.08542
0.29739
0.11221
0.16274
0.18697
0.15952
0.14829
0.08742
0.05533
0.12455
0.17714
0.17137
0.09561
0.16982
0.17600
0.15950
0.12586
0.33497
0.29372
0.26436
0.14812
0.07676
0.28888
0.29921
0.30608
0.04993
0.25286
0.11012
0.31490
0.10540
0.06780
0.11800
0.13028
0.11213
0.20037
0.22410
0.08312
0.06895
0.08128
0.27520
0.17784
0.23399
0.16071
0.24127
0.23132
0.12032
0.04870
0.23597
0.28345
0.36645
0.25289
0.31602
0.20872
0.25201
0.27498
0.29390
0.25773
0.07714
0.08686
0.08838
0.24318
0.05603
0.05746
0.20740
0.11832
0.21275
0.12158
0.14379
0.11593
0.27555
0.29669
0.22439
0.17850
0.32114
0.11513
0.13994
0.27798
0.06984
0.17132
0.06214
0.08786
0.17421
0.07703
0.21557
0.32122
0.06192
0.08655
0.12697
0.25494
0.10064
0.05034
0.05937
0.08664
0.04832
0.07359
0.17617
0.08717
0.27544
0.12891
0.18232
0.07971
0.17215
0.27344
0.20669
0.27406
0.34031
0.18201
0.26051
0.33924
0.30022
0.29779
0.27364
0.26912
0.32721
0.25773
0.24220
0.26530
0.22334
0.31022
0.19401
0.36491
0.31469
0.24051
0.23633
0.25145
0.26258
0.35451
0.29249
0.26619
0.30084
0.30797
0.20933
0.27624
0.30624
0.29099
0.23826
0.25733
0.29190
0.28789
0.26277
0.23178
0.33080
0.25019
0.25935
0.31905
0.20215
0.31626
0.33105
0.30419
0.29074
0.29242
0.25908
0.24910
0.28137
0.32120
0.21104
0.28747
0.29745
0.23678
0.28156
0.30513
0.19362
0.31753
0.26395
0.25291
0.29732
0.26708
0.25595
0.18327
0.27188
0.34233
0.14180
0.27878
0.24093
0.22640
0.19971
0.37999
0.31707
0.31202
0.15953
0.33738
0.28472
0.30034
0.35637
0.28914
0.29312
0.30051
0.24432
0.28360
0.17926
0.33634
0.28947
0.23898
0.16801
0.35335
0.21986
0.26955
0.28255
0.26222
0.33145
0.30815
0.20569
0.29403
0.29253
0.19121
0.18204
0.29272
0.19542
0.17443
0.15206
0.28174
0.32995
0.28605
0.26165
0.24305
0.29334
0.18736
0.28793
0.26985
0.26592
0.21390
0.26689
0.27208
0.23106
0.17720
0.34727
0.30018
0.23493
0.28854
0.29888
0.25089
0.37987
0.28648
0.22569
0.27846
0.19818
0.28121
0.30528
0.31037
0.25258
0.23756
0.15387
0.29975
0.22173
0.28357
0.23246
0.26318
0.30898
0.26935
0.20813
0.21715
0.28789
0.20443
0.27887
0.18499
0.22877
0.24115
0.22907
0.23862
0.31898
0.30527
0.31220
0.25724
0.24707
0.29697
0.21527
0.24243
0.24698
0.27472
0.30735
0.15119
0.19642
0.28483
0.27148
0.22120
0.16459
0.22605
0.26268
0.22476
0.25548
0.26594
0.30674
0.17538
0.25505
0.25117
0.28040
0.18864
0.30623
0.25946
0.26173
0.38620
0.18518
0.28604
0.24844
0.35699
0.28606
0.26180
0.26799
0.30097
0.27567
0.18817
0.31284
0.28113
0.26535
0.25121
0.25666
0.33166
0.24022
0.25201
0.24025
0.33579
0.23799
0.26815
0.24099
0.29124
0.28469
0.25161
0.22140
0.25220
0.25948
0.32812
0.21672
0.31377
0.23616
0.28183
0.26816
0.25425
0.28129
0.15950
0.23630
0.30978
0.31225
0.24807
0.26660
0.31078
0.27478
0.25085
0.24315
0.27988
0.30460
0.25579
0.25884
0.20321
0.27957
0.28908
0.27946
0.28487
0.23315
0.31641
0.29825
0.19229
0.21681
0.26876
0.27365
0.28017
0.29512
0.26749
0.33686
0.33912
0.14612
0.24580
0.29929
0.28265
0.28007
0.31591
0.31638
0.22900
0.19602
0.18081
0.26304
0.27578
0.34953
0.28674
0.28841
0.29001
0.24331
0.26799
0.26532
0.25341
0.18415
0.31506
0.23527
0.24764
0.31302
0.31370
0.26674
0.23660
0.25779
0.27599
0.33366
0.31742
0.26883
0.24943
0.20606
0.32059
0.29870
0.12995
0.28482
0.19428
0.24277
0.27508
0.23123
0.27549
0.24612
0.27531
0.23319
0.26921
0.25082
0.31527
0.28931
0.25735
0.20723
0.27182
0.25903
0.25402
0.22819
0.32287
0.28579
0.34283
0.25255
0.26528
0.29188
0.26917
0.25078
0.26880
0.18451
0.30282
0.25717
0.32209
0.24806
0.28762
0.33252
0.26746
0.26984
0.29617
0.20116
0.23438
0.27711
0.24204
0.28123
0.29177
0.29121
0.31339
0.36341
0.29274
0.30084
0.26688
0.29397
0.29252
0.33785
0.27659
0.27884
0.30823
0.30942
0.28761
0.30395
0.37721
0.22370
0.24119
0.31446
0.23480
0.29331
0.32774
0.25486
0.26014
0.31914
0.23381
0.26214
0.28714
0.29195
0.23500
0.25835
0.26889
0.24201
0.27392
0.31974
0.29528
0.23367
0.29522
0.28940
0.29982
0.27563
0.27762
0.15780
0.30522
0.33445
0.35259
0.32130
0.30746
0.39742
0.39699
0.26881
0.17660
0.31934
0.38159
0.28488
0.21516
0.31370
0.33642
0.22499
0.22392
0.32835
0.24636
0.25499
0.25658
0.34586
0.34399
0.39540
0.29503
0.31033
0.28697
0.40057
0.28463
0.31207
0.32269
0.34324
0.27649
0.16575
0.29245
0.45750
0.25543
0.41281
0.41373
0.21102
0.30987
0.36173
0.32547
0.27304
0.25633
0.29394
0.20571
0.28464
0.29715
0.29963
0.28818
0.38102
0.27203
0.29903
0.23589
0.20166
0.26934
0.38022
0.23723
0.11071
0.34373
0.14011
0.19284
0.41889
0.14658
0.25240
0.20653
0.29562
0.26042
0.45047
0.16934
0.33733
0.39850
0.25848
0.23978
0.26177
0.23084
0.19954
0.36947
0.17938
0.35947
0.33961
0.25955
0.25300
0.24461
0.35065
0.29577
0.21167
0.33913
0.41787
0.32279
0.29184
0.37886
0.38058
0.23388
0.26091
0.29623
0.38771
0.19186
0.23376
0.23478
0.36119
0.28162
0.26489
0.28003
0.32503
0.35106
0.24566
0.30648
0.35066
0.30198
0.29442
0.27025
0.38163
0.31571
0.24348
0.30025
0.32746
0.35455
0.28700
0.31864
0.24040
0.34462
0.24919
0.24235
0.31882
0.31077
0.27201
0.29969
0.20279
0.30707
0.22609
0.05071
0.13680
0.22348
0.25348
0.22356
0.19323
0.23006
0.33969
0.21270
0.03483
0.20470
0.03930
0.30071
0.28583
0.19047
0.29933
0.04782
0.13196
0.18729
0.18493
0.08395
0.13116
0.23566
0.29704
0.21501
0.21229
0.28202
0.02605
0.29769
0.13894
0.03611
0.04496
0.09129
0.25699
0.10042
0.21166
0.20148
0.22455
0.05280
0.04659
0.08768
0.06124
0.20772
0.06144
0.09337
0.19865
0.26419
0.14386
0.26236
0.22676
0.04353
0.26806
0.07009
0.05193
0.29382
0.19690
0.27171
0.06081
0.06700
0.20328
0.19786
0.25961
0.26211
0.02705
0.04148
0.18293
0.21146
0.16059
0.12559
0.14526
0.25092
0.12372
0.13441
0.26135
0.28836
0.08631
0.10909
0.21686
0.08949
0.03683
0.26139
0.15748
0.18969
0.24747
0.29251
0.20328
0.28213
0.19169
0.26099
0.13038
0.18407
0.19687
0.02443
0.25218
0.08970
0.02962
0.18064
0.22767
0.27378
0.24442
0.05195
0.04251
0.13139
0.19153
0.24181
0.28252
0.08051
0.16096
0.27694
0.16943
0.21360
0.11543
0.02963
0.06774
0.14869
0.06396
0.05843
0.24500
0.26767
0.06676
0.11812
0.03446
0.04730
0.06137
0.25004
