0.06349
0.09441
0.03934
0.22944
0.06288
0.14160
0.22761
0.13289
0.10803
0.06627
0.16553
0.12476
0.13085
0.11270
0.05250
0.23860
0.11796
0.09914
0.04848
0.13002
0.29095
0.09148
0.13342
0.03725
0.22533
0.10526
0.13798
0.21584
0.06802
0.17610
0.13530
0.23074
0.13911
0.11136
0.06198
0.09640
0.13409
0.05175
0.08184
0.12278
0.23861
0.25108
0.09596
0.07930
0.26921
0.18525
0.10582
0.24473
0.16304
0.11808
0.09490
0.09857
0.12566
0.25738
0.08705
0.23486
0.16000
0.09935
0.09332
0.05336
0.27250
0.30643
0.08079
0.24041
0.25044
0.28336
0.03662
0.13630
0.09121
0.02800
0.14059
0.30458
0.23142
0.20220
0.19710
0.07396
0.05965
0.04688
0.20072
0.18026
0.31392
0.13969
0.29889
0.27384
0.23049
0.32178
0.09807
0.04256
0.11461
0.25301
0.31141
0.15633
0.04891
0.26582
0.04459
0.11665
0.19181
0.22796
0.22271
0.13709
0.08760
0.14340
0.10919
0.14749
0.16070
0.29110
0.10297
0.20150
0.16301
0.29174
0.00293
0.25022
0.06984
0.25245
0.13877
0.10950
0.28292
0.07084
0.05476
0.13667
0.21405
0.06162
0.27403
0.01423
0.04553
0.12891
0.29659
0.29018
0.11669
0.24045
0.06852
0.12337
0.21471
0.32407
0.10280
0.12959
0.08192
0.28298
0.28209
0.02233
0.15719
0.01686
0.29488
0.18894
0.11652
0.30609
0.07155
0.34186
0.16731
0.08776
0.18900
0.20467
0.10957
0.31177
0.29188
0.31746
0.07757
0.11914
0.15199
0.16725
0.18944
0.21949
0.28812
0.29939
0.10928
0.08197
0.27586
0.25719
0.05075
0.23699
0.01816
0.17201
0.18391
0.04903
0.10171
0.17714
0.04976
0.08074
0.15888
0.28229
0.06567
0.10697
0.17829
0.12195
0.10476
0.17747
0.17549
0.27076
0.21246
0.21395
0.08391
0.08164
0.02836
0.11173
0.12151
0.18226
0.12454
0.13143
0.05599
0.24732
0.23095
0.09183
0.12879
0.18685
0.05302
0.17717
0.05141
0.21905
0.22872
0.07406
0.25747
0.22280
0.09568
0.25678
0.27989
0.24032
0.11522
0.18190
0.22815
0.34182
0.11647
0.11440
0.05749
0.06257
0.07776
0.06249
0.12100
0.12987
0.12667
0.05225
0.24890
0.07179
0.17842
0.08116
0.02786
0.20738
0.11396
0.02273
0.11391
0.27010
0.07744
0.26920
0.07701
0.10755
0.14723
0.22237
0.13182
0.02744
0.09868
0.10439
0.09375
0.06392
0.08801
0.17046
0.17215
0.16999
0.19167
0.04551
0.02531
0.14181
0.21298
0.14095
0.23210
0.16734
0.08631
0.24938
0.28874
0.09707
0.14490
0.02540
0.06318
0.11854
0.06102
0.02109
0.35044
0.11503
0.04853
0.18173
0.14812
0.07736
0.14510
0.33757
0.14904
0.05957
0.30936
0.14332
0.13194
0.14495
0.17515
0.12099
0.09933
0.04326
0.19258
0.16894
0.15864
0.09466
0.11359
0.11319
0.12953
0.11124
0.32046
0.28298
0.28434
0.13023
0.04521
0.31231
0.20098
0.34408
0.03145
0.25324
0.09359
0.25833
0.10127
0.06086
0.09979
0.10266
0.11053
0.16408
0.19575
0.04064
0.06656
0.04036
0.24945
0.07862
0.20630
0.10270
0.18490
0.21541
0.10897
0.05224
0.17003
0.29197
0.34674
0.24927
0.31075
0.21214
0.20875
0.27258
0.27458
0.22169
0.05365
0.04932
0.06267
0.24003
0.04001
0.02981
0.15097
0.08748
0.23830
0.12487
0.14791
0.07779
0.23340
0.19577
0.23328
0.14635
0.29190
0.11416
0.16698
0.30826
0.07849
0.23172
0.04527
0.07218
0.16033
0.04045
0.24270
0.33561
0.08386
0.07109
0.12801
0.25966
0.11420
0.03963
0.04238
0.04754
0.04184
0.08746
0.16000
0.03960
0.25969
0.10958
0.18325
0.07596
0.14776
0.29488
0.21301
0.26553
0.35218
0.17268
0.26226
0.29657
0.29271
0.31870
0.27814
0.26794
0.34054
0.25673
0.24817
0.25103
0.22694
0.30338
0.19049
0.34791
0.33509
0.23233
0.25586
0.24304
0.26076
0.34988
0.28887
0.25475
0.29783
0.32389
0.22444
0.26285
0.29368
0.27701
0.23160
0.25155
0.29993
0.31503
0.26402
0.23499
0.33434
0.26695
0.24220
0.31594
0.20260
0.31347
0.34527
0.28328
0.29587
0.30499
0.26242
0.23873
0.28987
0.32922
0.21992
0.28786
0.31744
0.24847
0.26928
0.29685
0.19488
0.30168
0.25738
0.26768
0.31632
0.29855
0.26029
0.17638
0.27432
0.35111
0.12353
0.27725
0.22774
0.19444
0.17597
0.35676
0.29898
0.27879
0.18283
0.34194
0.26130
0.27486
0.36087
0.29233
0.30331
0.28381
0.23977
0.26226
0.18600
0.35688
0.28398
0.24610
0.17165
0.33625
0.18697
0.25913
0.27976
0.26333
0.34328
0.29398
0.22043
0.32033
0.29211
0.16785
0.20125
0.28729
0.18471
0.16796
0.16141
0.29656
0.32765
0.26791
0.25779
0.24963
0.29128
0.22599
0.30247
0.26597
0.27662
0.18420
0.26637
0.28892
0.21874
0.17204
0.35682
0.29265
0.20917
0.27655
0.32481
0.24272
0.34411
0.30682
0.22278
0.29191
0.20137
0.27972
0.29190
0.27512
0.25355
0.23897
0.16527
0.30220
0.20006
0.29035
0.23425
0.27233
0.30445
0.28759
0.18242
0.21606
0.29195
0.18931
0.28335
0.18044
0.22741
0.22265
0.20613
0.21168
0.30366
0.30949
0.32793
0.23729
0.24037
0.32473
0.20184
0.22014
0.22990
0.30051
0.29638
0.16283
0.20290
0.26743
0.28264
0.21911
0.14789
0.22713
0.26279
0.24088
0.25606
0.27174
0.30757
0.16235
0.23698
0.26995
0.27936
0.18316
0.28430
0.25539
0.25277
0.37935
0.18221
0.27670
0.21976
0.34701
0.31219
0.25242
0.26579
0.29422
0.27577
0.18641
0.28645
0.28771
0.26180
0.28753
0.26936
0.34410
0.24941
0.26673
0.20304
0.34410
0.23055
0.28374
0.22713
0.26646
0.28064
0.26534
0.21773
0.22953
0.24622
0.31808
0.20361
0.30225
0.23491
0.26382
0.27027
0.28690
0.28172
0.15260
0.23277
0.31570
0.33011
0.25871
0.29659
0.28743
0.25996
0.24182
0.22924
0.29114
0.30378
0.27452
0.21987
0.17959
0.27460
0.30988
0.24612
0.27343
0.22454
0.32376
0.28374
0.21006
0.16106
0.27614
0.28795
0.29961
0.26727
0.23134
0.32589
0.35528
0.16039
0.25114
0.31558
0.27664
0.27873
0.31899
0.33250
0.21875
0.20924
0.19263
0.25181
0.28107
0.35659
0.29674
0.26452
0.29393
0.23451
0.24754
0.29236
0.27201
0.16769
0.31783
0.23596
0.22213
0.35278
0.28655
0.26570
0.25470
0.25310
0.29589
0.33178
0.33686
0.25378
0.27680
0.18985
0.30684
0.33050
0.12367
0.27151
0.17867
0.24335
0.27340
0.23421
0.28272
0.21866
0.27758
0.21567
0.24238
0.25992
0.32474
0.25937
0.26016
0.19802
0.28650
0.24881
0.24015
0.21565
0.35597
0.28699
0.33024
0.25820
0.23503
0.29500
0.25938
0.24484
0.27198
0.17265
0.31501
0.27062
0.34280
0.25568
0.31440
0.34910
0.27062
0.27102
0.29156
0.18591
0.23497
0.28543
0.22272
0.29352
0.29664
0.28253
0.32314
0.37538
0.31222
0.31226
0.27384
0.29374
0.28757
0.36127
0.26693
0.27149
0.32403
0.32417
0.28797
0.32003
0.39191
0.22903
0.25818
0.31797
0.23895
0.32149
0.31170
0.24773
0.24923
0.35840
0.23931
0.27701
0.29636
0.28549
0.22845
0.24910
0.26355
0.24512
0.27499
0.31125
0.29299
0.24811
0.29527
0.26869
0.30174
0.27425
0.27534
0.13807
0.30568
0.33588
0.34792
0.32431
0.30071
0.39337
0.38400
0.27981
0.20397
0.31014
0.35368
0.27450
0.18127
0.31652
0.34134
0.24825
0.26042
0.31910
0.26216
0.24660
0.25934
0.34800
0.34549
0.39944
0.29499
0.30564
0.26530
0.37276
0.29747
0.30060
0.30234
0.35877
0.28513
0.20624
0.29106
0.45210
0.24746
0.40556
0.40321
0.19697
0.29405
0.35619
0.28173
0.29169
0.26524
0.28220
0.22712
0.26522
0.30983
0.31308
0.26624
0.39300
0.27998
0.28558
0.26301
0.18718
0.25659
0.38971
0.18012
0.11821
0.27819
0.14553
0.18239
0.40805
0.15643
0.25361
0.22831
0.26626
0.24500
0.44564
0.20521
0.32462
0.39219
0.24633
0.25591
0.26947
0.24030
0.21258
0.36395
0.19146
0.36253
0.35036
0.27706
0.26214
0.24199
0.31696
0.29067
0.20073
0.36258
0.41072
0.31657
0.28679
0.36166
0.36486
0.21781
0.24770
0.29500
0.38398
0.21707
0.24102
0.26112
0.35233
0.28876
0.26506
0.26814
0.35092
0.33725
0.21096
0.29591
0.35221
0.28081
0.28349
0.24950
0.39581
0.30183
0.25613
0.28594
0.30359
0.33530
0.26311
0.29767
0.22933
0.31905
0.27169
0.27874
0.32281
0.30308
0.23359
0.27856
0.19542
0.30940
0.22084
0.03928
0.08094
0.23244
0.26676
0.29717
0.20753
0.23998
0.32124
0.19418
0.05752
0.15240
0.01169
0.27421
0.23021
0.11103
0.27223
0.04071
0.11873
0.14465
0.23317
0.11563
0.11783
0.19521
0.23439
0.14554
0.21891
0.25093
0.01789
0.31990
0.19532
0.03304
0.02921
0.09652
0.28013
0.15028
0.17977
0.20215
0.25256
0.01640
0.03605
0.04921
0.04625
0.24702
0.11973
0.10766
0.16964
0.24579
0.08133
0.27858
0.22652
0.07311
0.27804
0.05641
0.06714
0.24496
0.20124
0.25493
0.04332
0.04863
0.20841
0.21998
0.24368
0.25869
0.01863
0.05351
0.11639
0.22140
0.21285
0.18729
0.05453
0.21871
0.17835
0.05369
0.24852
0.32654
0.08523
0.08783
0.19832
0.06739
0.02355
0.14768
0.18256
0.18397
0.25327
0.31416
0.21041
0.32924
0.25944
0.28390
0.10860
0.19376
0.15831
0.03578
0.30064
0.07722
0.07436
0.18765
0.24218
0.25072
0.26440
0.04264
0.04194
0.13076
0.12545
0.21747
0.22900
0.12606
0.17078
0.31071
0.13385
0.23213
0.11473
0.01759
0.02570
0.19188
0.03162
0.06772
0.24755
0.31008
0.13080
0.12145
0.01422
0.04539
0.06262
0.26647
