0.08639
0.10260
0.03885
0.24411
0.08650
0.13935
0.23275
0.14860
0.17071
0.05629
0.21678
0.13748
0.14275
0.11159
0.11110
0.21906
0.13497
0.11202
0.07061
0.14361
0.29748
0.12247
0.13769
0.05892
0.20567
0.16087
0.14655
0.25516
0.09085
0.17947
0.18438
0.20504
0.12145
0.10095
0.09499
0.09494
0.11585
0.08910
0.07270
0.16431
0.27072
0.24532
0.08385
0.13313
0.29101
0.24251
0.15277
0.20500
0.15653
0.14390
0.10107
0.13691
0.12044
0.29627
0.09040
0.23971
0.19626
0.13284
0.15930
0.09265
0.29175
0.28356
0.16470
0.24417
0.26723
0.31002
0.04485
0.20505
0.10239
0.03091
0.13597
0.30573
0.27904
0.16752
0.26769
0.09880
0.11668
0.03588
0.22747
0.16693
0.30600
0.18995
0.33581
0.27417
0.29127
0.32651
0.09423
0.06414
0.10835
0.28048
0.32040
0.17499
0.08922
0.24676
0.03796
0.15409
0.20215
0.22025
0.20558
0.17325
0.09880
0.15418
0.13377
0.12285
0.23603
0.27584
0.14001
0.14897
0.18253
0.27530
0.02968
0.25765
0.09594
0.23654
0.13090
0.19183
0.28934
0.03709
0.08960
0.22691
0.20709
0.07023
0.26975
0.04553
0.11502
0.14440
0.33664
0.26693
0.16525
0.25754
0.09390
0.14301
0.29781
0.36874
0.11000
0.11837
0.09602
0.29548
0.26157
0.02948
0.14669
0.03474
0.31486
0.14280
0.12480
0.29641
0.09698
0.35576
0.19009
0.08565
0.15531
0.25691
0.11255
0.31802
0.29213
0.33747
0.10957
0.17528
0.15929
0.14241
0.21803
0.23868
0.28721
0.33249
0.10294
0.09666
0.29765
0.27446
0.07420
0.26478
0.06974
0.21772
0.20125
0.04894
0.09482
0.19735
0.06618
0.07281
0.14381
0.28865
0.06697
0.10993
0.22099
0.14953
0.11661
0.18468
0.23074
0.24033
0.26751
0.15474
0.11466
0.07939
0.04577
0.14689
0.13478
0.25497
0.14235
0.16516
0.06202
0.23912
0.21695
0.05911
0.14110
0.14380
0.05403
0.26540
0.09376
0.21506
0.25745
0.10278
0.26332
0.24198
0.08490
0.25387
0.26967
0.25442
0.13538
0.30573
0.19524
0.35937
0.09694
0.17912
0.14633
0.04687
0.10856
0.05899
0.15049
0.15410
0.16828
0.07422
0.24227
0.09342
0.22327
0.14005
0.09050
0.26450
0.12881
0.06141
0.10877
0.26527
0.08852
0.30983
0.09613
0.13863
0.12789
0.20970
0.10152
0.03552
0.11561
0.10608
0.12984
0.08889
0.09854
0.26396
0.12757
0.15573
0.20730
0.05648
0.08904
0.12815
0.21179
0.17727
0.21410
0.15958
0.10340
0.24007
0.26523
0.11248
0.16494
0.07262
0.07174
0.12518
0.05575
0.03790
0.37278
0.18830
0.07360
0.19451
0.16137
0.07160
0.11349
0.33484
0.12861
0.11513
0.30247
0.11972
0.22148
0.17213
0.13919
0.14539
0.08526
0.06349
0.20917
0.23866
0.13720
0.10188
0.20906
0.15833
0.14067
0.15236
0.32365
0.28344
0.27440
0.14097
0.09636
0.31943
0.30322
0.32620
0.04432
0.27752
0.12038
0.27492
0.12289
0.09654
0.12583
0.15947
0.10775
0.14828
0.25704
0.07063
0.09914
0.11666
0.26038
0.20079
0.19940
0.11509
0.21855
0.19717
0.11196
0.06007
0.25350
0.28011
0.34480
0.25827
0.32355
0.20695
0.24789
0.30188
0.28080
0.28538
0.03699
0.06777
0.12141
0.20705
0.06745
0.03778
0.18682
0.14196
0.21522
0.10640
0.16884
0.11253
0.27790
0.28095
0.25401
0.19938
0.29083
0.11285
0.13033
0.33046
0.05216
0.21034
0.07136
0.05388
0.19750
0.07310
0.22973
0.33781
0.03911
0.10319
0.12395
0.26209
0.10639
0.05067
0.06524
0.07173
0.10369
0.06377
0.21244
0.09692
0.29428
0.16268
0.16453
0.07632
0.16947
0.30324
0.24653
0.25247
0.33594
0.18058
0.27028
0.28956
0.29401
0.31612
0.28162
0.24084
0.34634
0.25538
0.21311
0.22263
0.20087
0.27723
0.17036
0.35004
0.32279
0.22729
0.29117
0.24587
0.26013
0.34926
0.27208
0.18521
0.29764
0.31304
0.23691
0.26907
0.28973
0.27090
0.24392
0.25036
0.28782
0.29923
0.27166
0.21849
0.33309
0.29969
0.26211
0.33762
0.20299
0.29509
0.33893
0.25804
0.30504
0.27717
0.27664
0.23747
0.26988
0.32553
0.22141
0.29040
0.31920
0.24569
0.29124
0.29997
0.17518
0.27694
0.26494
0.27718
0.30786
0.28318
0.27693
0.15369
0.27694
0.36596
0.12422
0.26668
0.23626
0.19974
0.14726
0.36399
0.30132
0.32117
0.16943
0.35422
0.26413
0.25419
0.37123
0.28720
0.32151
0.28286
0.22632
0.24915
0.18124
0.35844
0.29419
0.22100
0.16441
0.32132
0.18568
0.23331
0.29207
0.26338
0.34663
0.32788
0.20791
0.30361
0.29837
0.14143
0.22109
0.29836
0.17978
0.16431
0.15684
0.31042
0.34885
0.26460
0.28467
0.24007
0.29370
0.18348
0.29541
0.29677
0.30889
0.21459
0.28716
0.29915
0.20829
0.18842
0.36747
0.28654
0.23874
0.33440
0.29426
0.23884
0.34388
0.30569
0.19249
0.29616
0.18878
0.29432
0.29511
0.31479
0.25762
0.24517
0.16218
0.34241
0.19309
0.30647
0.18671
0.24618
0.30374
0.25778
0.18789
0.19952
0.30848
0.22086
0.28112
0.17458
0.23834
0.22807
0.20028
0.23091
0.31593
0.30264
0.33591
0.24611
0.19373
0.31490
0.18743
0.22570
0.24247
0.30111
0.30972
0.15264
0.17572
0.26958
0.28165
0.23324
0.14893
0.18759
0.28667
0.24215
0.24957
0.23960
0.31316
0.15307
0.25518
0.28552
0.26847
0.19475
0.29135
0.28085
0.25041
0.39607
0.17549
0.32406
0.20727
0.37270
0.29578
0.23270
0.27104
0.30234
0.29843
0.16767
0.32352
0.26861
0.28166
0.27654
0.21696
0.32233
0.20329
0.27130
0.23884
0.33378
0.22857
0.29701
0.23261
0.24487
0.30963
0.25997
0.21267
0.23731
0.24046
0.33033
0.22364
0.32878
0.21833
0.28396
0.28735
0.27134
0.26037
0.14619
0.23981
0.30525
0.31478
0.24464
0.28697
0.30586
0.26845
0.20704
0.22960
0.30562
0.28513
0.23903
0.21259
0.16908
0.28855
0.30750
0.23573
0.29642
0.20269
0.30974
0.30056
0.23394
0.20296
0.27963
0.29067
0.32075
0.27473
0.25547
0.34722
0.36736
0.14001
0.23901
0.30236
0.23374
0.29714
0.27423
0.33889
0.20956
0.21645
0.16840
0.28369
0.27841
0.35187
0.28602
0.27500
0.27262
0.22004
0.24859
0.28647
0.26649
0.16500
0.34399
0.24425
0.19431
0.33051
0.31898
0.23332
0.19911
0.27734
0.29186
0.32645
0.33642
0.24449
0.26640
0.16254
0.31506
0.31902
0.11454
0.27055
0.19343
0.25919
0.29246
0.19845
0.31224
0.26916
0.29007
0.20113
0.27254
0.24261
0.32990
0.28644
0.27242
0.17850
0.29002
0.25227
0.23388
0.25682
0.32089
0.30153
0.31818
0.26084
0.23858
0.30285
0.25991
0.25876
0.29672
0.14592
0.33546
0.24028
0.33999
0.25053
0.30533
0.35355
0.26388
0.27629
0.30019
0.16845
0.20202
0.26593
0.22178
0.32258
0.30239
0.29335
0.32629
0.37787
0.31678
0.32304
0.27890
0.31007
0.31332
0.35672
0.26342
0.25338
0.32553
0.31362
0.27757
0.33875
0.40196
0.20526
0.30017
0.33969
0.26695
0.29825
0.34539
0.23169
0.26342
0.34409
0.23807
0.30478
0.29531
0.28067
0.22904
0.28927
0.25353
0.28575
0.27895
0.30418
0.31062
0.24704
0.26683
0.28593
0.28549
0.27747
0.28648
0.11106
0.30042
0.33988
0.36762
0.32024
0.29082
0.40899
0.39942
0.28803
0.16232
0.31661
0.38537
0.26877
0.17428
0.31596
0.33614
0.22997
0.26880
0.32522
0.25465
0.28400
0.21823
0.32614
0.35112
0.41786
0.33106
0.30715
0.24845
0.38778
0.29217
0.29110
0.28877
0.35157
0.30302
0.14360
0.31057
0.42889
0.23051
0.40961
0.41763
0.19578
0.25195
0.35516
0.30543
0.30018
0.26294
0.26764
0.22444
0.29924
0.32162
0.28584
0.30940
0.38581
0.29278
0.28115
0.22705
0.22902
0.26777
0.38702
0.21086
0.12761
0.33066
0.12487
0.15794
0.39710
0.15081
0.22713
0.20032
0.26440
0.21284
0.44009
0.17774
0.31507
0.38644
0.24613
0.23648
0.25318
0.26893
0.19685
0.35576
0.14989
0.36510
0.34759
0.25404
0.25868
0.26049
0.34454
0.26945
0.20886
0.35477
0.41102
0.30799
0.27566
0.34208
0.34205
0.21871
0.24512
0.28688
0.38753
0.18976
0.21501
0.24081
0.37263
0.24668
0.25250
0.29191
0.33631
0.35791
0.19876
0.28555
0.30942
0.28755
0.28935
0.24097
0.38244
0.25757
0.26949
0.28629
0.29585
0.31409
0.25781
0.29684
0.24630
0.33094
0.24560
0.24866
0.30549
0.28825
0.25046
0.29128
0.20832
0.28456
0.22431
0.06269
0.11285
0.20604
0.23191
0.24658
0.21645
0.24126
0.35883
0.16271
0.06342
0.18864
0.03150
0.27986
0.23925
0.16387
0.33546
0.06477
0.14627
0.21000
0.19465
0.09740
0.08885
0.24832
0.27922
0.24500
0.21102
0.26973
0.07717
0.34054
0.19925
0.03449
0.06015
0.12613
0.29536
0.11366
0.26174
0.24147
0.31628
0.06323
0.08697
0.05713
0.07254
0.28911
0.11073
0.12001
0.16025
0.31503
0.10466
0.23885
0.21105
0.08567
0.25293
0.05526
0.06034
0.23644
0.18928
0.28915
0.06329
0.07524
0.20235
0.22108
0.30015
0.22675
0.04462
0.09588
0.15151
0.21021
0.19304
0.19000
0.12218
0.23023
0.18565
0.08032
0.25714
0.28547
0.12001
0.14027
0.13561
0.06860
0.04646
0.15766
0.13164
0.17571
0.26797
0.22541
0.20285
0.30024
0.28209
0.20715
0.19407
0.22220
0.18897
0.01360
0.27136
0.09994
0.05400
0.20939
0.24227
0.27533
0.22667
0.07304
0.05759
0.12457
0.20644
0.15425
0.27446
0.05963
0.21992
0.32586
0.16927
0.26965
0.08368
0.04169
0.02279
0.12327
0.04651
0.05518
0.24860
0.28845
0.11099
0.09295
0.07217
0.10824
0.06692
0.26029
