0.13909
0.14117
0.07185
0.24075
0.09163
0.13135
0.20381
0.16399
0.20341
0.09294
0.22389
0.14595
0.14230
0.11753
0.14055
0.23186
0.15390
0.10570
0.10470
0.14092
0.28970
0.14461
0.21482
0.13712
0.23972
0.17149
0.14548
0.28759
0.10792
0.16806
0.17398
0.27957
0.16633
0.11259
0.11775
0.09986
0.14299
0.10410
0.10444
0.21653
0.30650
0.26586
0.10237
0.13810
0.30092
0.24983
0.19478
0.25537
0.18372
0.17465
0.10312
0.18365
0.15422
0.29897
0.08646
0.24136
0.22921
0.13872
0.09411
0.09118
0.25895
0.28604
0.14033
0.24955
0.29522
0.30784
0.05791
0.15754
0.10431
0.04623
0.16520
0.31287
0.30271
0.19844
0.23491
0.13212
0.09273
0.03251
0.21267
0.17043
0.31018
0.21197
0.28582
0.28399
0.26703
0.38042
0.09451
0.09098
0.13461
0.28129
0.33227
0.15151
0.08195
0.27460
0.09410
0.16841
0.19160
0.23915
0.19173
0.18735
0.09371
0.20498
0.12130
0.14736
0.24493
0.29613
0.12476
0.19181
0.20557
0.26268
0.05637
0.24373
0.07405
0.26314
0.13439
0.17888
0.27420
0.07007
0.09059
0.23314
0.21553
0.08013
0.27670
0.03613
0.13583
0.16583
0.31885
0.27739
0.16140
0.28352
0.12979
0.12207
0.29142
0.31897
0.11625
0.17212
0.12143
0.29401
0.25729
0.07357
0.18958
0.06554
0.30768
0.20096
0.15891
0.29963
0.09883
0.35202
0.18401
0.08618
0.21529
0.25219
0.09937
0.30656
0.31070
0.34488
0.12311
0.17294
0.14692
0.24860
0.27636
0.28465
0.29667
0.33553
0.09787
0.13146
0.30003
0.28056
0.08432
0.27694
0.08268
0.22319
0.25531
0.07844
0.13724
0.23781
0.11577
0.10004
0.14622
0.27462
0.08797
0.10403
0.23007
0.13907
0.10777
0.21504
0.24739
0.27640
0.25451
0.21887
0.12379
0.07662
0.06526
0.14482
0.14677
0.25327
0.19588
0.17385
0.11153
0.28976
0.21696
0.09101
0.19215
0.17332
0.07103
0.26826
0.15292
0.24154
0.26631
0.10169
0.27794
0.25363
0.10598
0.24879
0.26586
0.20582
0.12912
0.27018
0.22032
0.34726
0.11914
0.22482
0.13269
0.09647
0.17200
0.06128
0.21302
0.22645
0.19910
0.07223
0.21850
0.12490
0.23228
0.15876
0.05733
0.25179
0.11165
0.05987
0.10125
0.25038
0.09405
0.31367
0.11064
0.10299
0.17138
0.21081
0.12498
0.05244
0.13343
0.11818
0.11428
0.14874
0.11217
0.25304
0.16327
0.16594
0.21762
0.09790
0.07262
0.14159
0.20190
0.15689
0.21803
0.18947
0.21044
0.26497
0.30035
0.10929
0.19028
0.11006
0.11514
0.12749
0.07342
0.07778
0.35445
0.18883
0.10580
0.19358
0.20094
0.10052
0.15205
0.32412
0.15651
0.08407
0.31349
0.12207
0.21695
0.22151
0.17078
0.15199
0.13656
0.08479
0.23652
0.22497
0.13546
0.09990
0.17092
0.18787
0.17485
0.15700
0.33766
0.23659
0.27539
0.20137
0.10132
0.30607
0.32746
0.32617
0.04554
0.28044
0.14577
0.29156
0.18270
0.11452
0.17549
0.16298
0.10227
0.21619
0.23045
0.06646
0.15262
0.10013
0.29121
0.18451
0.21486
0.20539
0.22894
0.23743
0.17171
0.10678
0.23772
0.30322
0.36163
0.27800
0.31764
0.24781
0.27869
0.29884
0.29381
0.27680
0.11106
0.08663
0.15466
0.21526
0.06510
0.07428
0.19776
0.12355
0.26168
0.14837
0.17965
0.13215
0.28876
0.28124
0.27565
0.17182
0.31507
0.15992
0.14600
0.30820
0.10467
0.23365
0.10161
0.09527
0.24532
0.07996
0.24369
0.32039
0.09079
0.10670
0.15037
0.24228
0.10862
0.05531
0.11944
0.08530
0.08555
0.12974
0.19762
0.11715
0.29178
0.19288
0.22436
0.11323
0.19205
0.29122
0.23329
0.25612
0.34570
0.19030
0.26874
0.31887
0.28452
0.32644
0.28862
0.25274
0.35033
0.27367
0.25003
0.24404
0.25010
0.27805
0.18551
0.36583
0.32405
0.22223
0.25761
0.26278
0.26245
0.35787
0.28783
0.25172
0.30481
0.31731
0.23420
0.25678
0.32915
0.27771
0.27248
0.26396
0.27547
0.30041
0.27997
0.23826
0.34743
0.27582
0.24444
0.31735
0.20437
0.33101
0.35245
0.30165
0.29530
0.28910
0.27529
0.26130
0.28316
0.32791
0.23863
0.28763
0.31258
0.25385
0.26463
0.32102
0.20771
0.27792
0.26371
0.27647
0.30782
0.28436
0.26537
0.17293
0.28374
0.34922
0.12448
0.28940
0.24018
0.23159
0.20740
0.37488
0.32654
0.30178
0.19216
0.34426
0.27041
0.26873
0.34686
0.28992
0.28710
0.30184
0.26132
0.29777
0.20553
0.36751
0.27879
0.22713
0.19757
0.34053
0.20601
0.26732
0.28086
0.26332
0.34464
0.30969
0.20672
0.32600
0.31038
0.19428
0.20865
0.29669
0.19079
0.15109
0.18813
0.30438
0.33855
0.28786
0.25785
0.25108
0.26921
0.24372
0.26663
0.28253
0.27461
0.22559
0.27477
0.27080
0.21014
0.18505
0.35905
0.29739
0.21392
0.28905
0.32399
0.27617
0.37611
0.29916
0.24892
0.28120
0.21024
0.27737
0.32887
0.29013
0.28413
0.22056
0.16870
0.31762
0.23711
0.28859
0.21717
0.25795
0.29943
0.28090
0.20152
0.23202
0.30242
0.20829
0.28132
0.19409
0.23087
0.24712
0.22841
0.22695
0.33035
0.30892
0.33133
0.26552
0.21114
0.31162
0.20098
0.22801
0.24606
0.28409
0.29632
0.17585
0.20043
0.29035
0.27182
0.23087
0.16978
0.19959
0.27444
0.24415
0.26838
0.26435
0.30219
0.18011
0.25265
0.27233
0.26812
0.20066
0.30771
0.27809
0.26479
0.39137
0.21000
0.30665
0.24141
0.35409
0.32615
0.27511
0.28415
0.27516
0.28691
0.20083
0.31982
0.29580
0.26192
0.28170
0.26016
0.33383
0.25288
0.28085
0.22996
0.33126
0.24808
0.29162
0.22032
0.27184
0.29283
0.25539
0.22579
0.23412
0.24018
0.32737
0.21690
0.32713
0.26024
0.28137
0.28172
0.26955
0.29574
0.14007
0.25169
0.32565
0.31639
0.25462
0.27766
0.31033
0.27596
0.25428
0.23113
0.28960
0.30569
0.26357
0.22838
0.18503
0.30307
0.31499
0.26641
0.26850
0.26129
0.32557
0.29277
0.22791
0.19128
0.27536
0.28758
0.29741
0.27239
0.24456
0.35167
0.34242
0.14935
0.25559
0.30341
0.27384
0.29255
0.31494
0.32436
0.22472
0.20686
0.19622
0.28009
0.27769
0.35895
0.28664
0.31022
0.29374
0.24601
0.26628
0.29181
0.27094
0.19160
0.32683
0.22216
0.23539
0.33380
0.30089
0.26081
0.24433
0.27533
0.28088
0.31880
0.31610
0.25875
0.27839
0.19842
0.31073
0.31263
0.12315
0.28350
0.22608
0.24216
0.24466
0.23771
0.29251
0.24266
0.27569
0.21393
0.25636
0.25822
0.33676
0.28711
0.27153
0.18588
0.29396
0.25256
0.24642
0.24446
0.31986
0.27853
0.33210
0.26793
0.26421
0.27389
0.26488
0.24711
0.27748
0.19087
0.33058
0.25679
0.32218
0.25962
0.29271
0.33350
0.28874
0.26263
0.28286
0.20251
0.21671
0.27944
0.25918
0.30546
0.31512
0.30140
0.32648
0.38290
0.30115
0.32498
0.28702
0.28540
0.31019
0.34215
0.26823
0.29098
0.32132
0.30631
0.28617
0.32479
0.38774
0.20828
0.28519
0.33008
0.23988
0.30892
0.34087
0.26120
0.23965
0.35244
0.23560
0.29026
0.30388
0.28908
0.26301
0.26303
0.26329
0.27399
0.29167
0.32316
0.29646
0.24626
0.27884
0.28933
0.29068
0.27322
0.26069
0.14697
0.31529
0.32122
0.35276
0.32213
0.31750
0.41983
0.40577
0.27586
0.21391
0.30070
0.38248
0.30057
0.22737
0.30757
0.35163
0.28380
0.25865
0.33999
0.20454
0.29686
0.24017
0.32581
0.36829
0.43196
0.31091
0.26902
0.23083
0.38125
0.32019
0.31789
0.29916
0.35250
0.27309
0.21484
0.32213
0.45898
0.27944
0.38942
0.42120
0.19304
0.30302
0.36354
0.32065
0.30846
0.24004
0.24751
0.22577
0.31352
0.27540
0.31415
0.30074
0.37589
0.24333
0.27625
0.26798
0.20637
0.21737
0.39407
0.23569
0.16600
0.33931
0.18732
0.21390
0.39791
0.17704
0.21278
0.23920
0.25334
0.24913
0.43022
0.22373
0.29714
0.37899
0.25212
0.19441
0.23882
0.27319
0.23968
0.36196
0.20749
0.37221
0.35299
0.26109
0.26323
0.23218
0.36454
0.29523
0.20945
0.34041
0.40672
0.33827
0.28941
0.36429
0.38206
0.21877
0.29308
0.29904
0.39129
0.22972
0.23180
0.23962
0.37363
0.26003
0.24226
0.25602
0.32121
0.38750
0.24933
0.25442
0.35968
0.30831
0.27605
0.24307
0.39855
0.28602
0.25632
0.27800
0.30285
0.36396
0.27804
0.28550
0.23448
0.34049
0.28705
0.24877
0.30787
0.32029
0.23752
0.28272
0.22570
0.32482
0.23691
0.07527
0.14222
0.17617
0.16240
0.25662
0.20054
0.27006
0.32025
0.21294
0.07055
0.20541
0.06328
0.24960
0.27154
0.17284
0.29487
0.08002
0.15638
0.20856
0.25740
0.05942
0.18110
0.21123
0.26373
0.21246
0.21479
0.27079
0.09766
0.33454
0.22898
0.04956
0.05395
0.10355
0.22745
0.12528
0.25566
0.18819
0.29978
0.07913
0.05511
0.02447
0.10849
0.28517
0.07139
0.17460
0.17409
0.28128
0.15611
0.29554
0.20364
0.05288
0.28022
0.05717
0.07312
0.25879
0.19196
0.27478
0.05950
0.06171
0.19929
0.21660
0.26242
0.23961
0.02917
0.10764
0.11023
0.21566
0.19897
0.20595
0.13787
0.27011
0.13406
0.13384
0.22605
0.28934
0.11230
0.09397
0.16450
0.04623
0.06030
0.22882
0.18486
0.20371
0.28140
0.27118
0.20098
0.31025
0.27170
0.26890
0.17422
0.21459
0.26326
0.03988
0.26664
0.08706
0.05285
0.23821
0.24257
0.29090
0.20318
0.12912
0.07558
0.10870
0.17493
0.25753
0.31610
0.09794
0.23423
0.29819
0.10217
0.23799
0.15547
0.07106
0.04330
0.15486
0.04688
0.12373
0.24620
0.26495
0.10914
0.10558
0.04864
0.08318
0.10117
0.23872
