0.10586
0.10192
0.09142
0.24602
0.10926
0.15484
0.19189
0.16220
0.18255
0.10198
0.19090
0.15102
0.15360
0.12032
0.13148
0.21171
0.15783
0.14167
0.07103
0.14834
0.29234
0.17576
0.15128
0.05074
0.19568
0.17247
0.10965
0.24990
0.06265
0.16039
0.15354
0.23342
0.14878
0.09937
0.11428
0.09504
0.15344
0.09527
0.11222
0.14600
0.29758
0.25413
0.08800
0.12151
0.28785
0.21954
0.18481
0.23321
0.17806
0.14486
0.09426
0.15390
0.14412
0.28210
0.09096
0.22868
0.21342
0.13810
0.14548
0.07582
0.26164
0.28606
0.13048
0.21768
0.27477
0.29034
0.06458
0.17425
0.08650
0.03333
0.12790
0.28321
0.33477
0.22081
0.26069
0.16158
0.10650
0.02357
0.19787
0.17369
0.30402
0.20126
0.31058
0.26693
0.25742
0.34582
0.09745
0.11486
0.12649
0.24547
0.29271
0.16695
0.11527
0.26205
0.05815
0.17248
0.23282
0.21761
0.18643
0.17700
0.10478
0.15913
0.10419
0.12531
0.23065
0.30832
0.17420
0.18164
0.17962
0.28279
0.02473
0.23064
0.10435
0.21165
0.14485
0.14787
0.25390
0.07452
0.06281
0.20164
0.23325
0.08308
0.24011
0.02493
0.10606
0.15343
0.32541
0.28140
0.18989
0.24565
0.11362
0.10663
0.24173
0.31241
0.11514
0.11526
0.06409
0.28867
0.24358
0.05692
0.14672
0.04485
0.28214
0.17058
0.16268
0.18293
0.07096
0.33990
0.20301
0.08798
0.17996
0.24427
0.12012
0.29691
0.25972
0.31699
0.09041
0.12630
0.14800
0.18741
0.28478
0.23927
0.26458
0.32315
0.08513
0.11566
0.29438
0.28197
0.04882
0.25949
0.04779
0.22146
0.24887
0.02265
0.13499
0.22847
0.10159
0.06684
0.17169
0.25184
0.09277
0.10558
0.20578
0.16086
0.08338
0.12452
0.22480
0.17373
0.25810
0.22666
0.14631
0.09460
0.05045
0.14987
0.11594
0.24852
0.16710
0.15930
0.09441
0.27955
0.22153
0.08664
0.17636
0.13410
0.05137
0.20065
0.09862
0.19575
0.25685
0.05997
0.23869
0.19890
0.11314
0.27096
0.24864
0.28331
0.12355
0.27361
0.20513
0.32961
0.10973
0.21665
0.14019
0.06462
0.08568
0.05038
0.21221
0.18083
0.15569
0.06802
0.23847
0.15145
0.26410
0.16960
0.04362
0.25882
0.11152
0.05880
0.11816
0.26269
0.08822
0.30500
0.09767
0.11680
0.17449
0.21958
0.11042
0.05081
0.10475
0.10959
0.12475
0.14469
0.14180
0.26832
0.12628
0.17585
0.17144
0.11403
0.07341
0.15438
0.18890
0.13506
0.20086
0.19571
0.13988
0.22827
0.24947
0.09083
0.21910
0.08246
0.12109
0.12622
0.09310
0.05198
0.38169
0.21817
0.11551
0.20849
0.18952
0.06309
0.11986
0.30265
0.11962
0.07385
0.27299
0.11673
0.22257
0.19729
0.16682
0.16153
0.10391
0.09742
0.15283
0.24715
0.11314
0.09530
0.20986
0.19284
0.18035
0.14274
0.31627
0.27693
0.21794
0.16842
0.10039
0.27707
0.29648
0.30926
0.05140
0.29100
0.14751
0.25581
0.13246
0.06648
0.13701
0.14813
0.10269
0.19568
0.23791
0.08324
0.08929
0.06883
0.28822
0.20584
0.22139
0.14643
0.22134
0.23470
0.14177
0.08006
0.23176
0.24358
0.33946
0.21646
0.31298
0.24110
0.26366
0.24121
0.24472
0.27527
0.07442
0.07728
0.13395
0.23809
0.06527
0.06429
0.20705
0.12678
0.22305
0.09832
0.17124
0.16972
0.26840
0.21290
0.23877
0.20381
0.29837
0.12544
0.15169
0.31582
0.07408
0.16807
0.08004
0.06849
0.21354
0.07674
0.22588
0.36439
0.06204
0.08108
0.17188
0.26810
0.11110
0.06956
0.07219
0.09212
0.08078
0.08864
0.21823
0.07446
0.25928
0.15268
0.17905
0.09495
0.21259
0.28897
0.20568
0.26353
0.34239
0.17603
0.27782
0.31936
0.25033
0.33277
0.26989
0.26559
0.32164
0.25904
0.25691
0.24661
0.24168
0.28640
0.19594
0.36996
0.33514
0.26056
0.25376
0.25338
0.24815
0.37064
0.27962
0.22836
0.29655
0.31875
0.22529
0.26285
0.31466
0.28683
0.25211
0.26785
0.29031
0.30745
0.27131
0.22590
0.32657
0.27647
0.24892
0.31630
0.19271
0.31414
0.32992
0.29760
0.29182
0.28907
0.27418
0.19994
0.28869
0.32111
0.23655
0.30176
0.30952
0.25895
0.27948
0.31336
0.18962
0.29710
0.27802
0.27017
0.30510
0.28549
0.29317
0.19440
0.28446
0.33462
0.16511
0.28253
0.21916
0.22295
0.23018
0.37690
0.32014
0.30166
0.18487
0.34379
0.28238
0.29275
0.34949
0.29266
0.31346
0.29490
0.24894
0.30276
0.20588
0.35842
0.25941
0.22635
0.18757
0.34149
0.21712
0.27011
0.29666
0.27749
0.33260
0.30389
0.21002
0.30214
0.29040
0.18642
0.19725
0.29831
0.20031
0.20269
0.16358
0.30105
0.32676
0.25954
0.27562
0.25002
0.29612
0.21009
0.29669
0.27164
0.27322
0.21932
0.28644
0.27884
0.24384
0.16926
0.37291
0.29432
0.18380
0.33232
0.30937
0.25866
0.37522
0.30165
0.24865
0.27419
0.23380
0.28838
0.32753
0.27181
0.28049
0.23881
0.16586
0.33385
0.24121
0.30872
0.22919
0.27721
0.29501
0.26883
0.22662
0.25063
0.30243
0.23182
0.30053
0.20793
0.23826
0.22908
0.25244
0.21856
0.30930
0.31166
0.32742
0.23165
0.22023
0.30833
0.24744
0.21752
0.25772
0.28752
0.31382
0.16142
0.20387
0.29235
0.27329
0.21160
0.17697
0.25320
0.25343
0.22228
0.26363
0.27565
0.30021
0.19085
0.24933
0.26759
0.27811
0.20590
0.29415
0.27923
0.27800
0.40524
0.21191
0.29454
0.23074
0.34455
0.30533
0.24672
0.28159
0.28516
0.27698
0.20768
0.33147
0.27297
0.25765
0.26966
0.26974
0.32757
0.25742
0.26337
0.23422
0.33664
0.24026
0.27143
0.23433
0.26516
0.27183
0.26686
0.23655
0.23789
0.23352
0.32921
0.23612
0.31788
0.24240
0.25619
0.25839
0.28265
0.29364
0.15825
0.22071
0.31297
0.31427
0.26001
0.28148
0.28921
0.28445
0.26931
0.23075
0.30276
0.29832
0.25921
0.26385
0.21273
0.30467
0.30346
0.27589
0.25585
0.23758
0.31589
0.29457
0.19694
0.18348
0.28043
0.29474
0.29187
0.29181
0.23704
0.33889
0.32978
0.15749
0.23652
0.30392
0.24618
0.27004
0.30567
0.32792
0.23299
0.21310
0.20249
0.27743
0.25304
0.35626
0.28729
0.31552
0.27775
0.25190
0.28435
0.29446
0.27486
0.19083
0.33707
0.21442
0.25072
0.32666
0.32393
0.24604
0.24336
0.25527
0.27992
0.34665
0.32430
0.26955
0.24650
0.22098
0.29319
0.31200
0.14431
0.27134
0.19640
0.24514
0.27868
0.26413
0.28339
0.27208
0.26979
0.24810
0.25306
0.24548
0.33225
0.28979
0.27868
0.21712
0.26375
0.26121
0.23253
0.20501
0.35055
0.28257
0.34854
0.27120
0.24899
0.27350
0.27598
0.22427
0.28944
0.19021
0.33641
0.27913
0.33967
0.25237
0.30062
0.34303
0.27604
0.26064
0.29325
0.18981
0.19894
0.25668
0.24329
0.29614
0.29119
0.29219
0.31092
0.38543
0.31624
0.30490
0.29511
0.28189
0.31757
0.34971
0.25969
0.28414
0.31484
0.31084
0.27734
0.31345
0.39651
0.24487
0.27223
0.33632
0.23823
0.31130
0.33755
0.25578
0.25492
0.32964
0.24694
0.28657
0.29677
0.27936
0.24082
0.26223
0.23075
0.27646
0.28059
0.32668
0.29637
0.24110
0.28262
0.28205
0.29237
0.27576
0.28290
0.16317
0.31824
0.31243
0.33515
0.30375
0.29639
0.39761
0.39883
0.25621
0.20720
0.26648
0.37694
0.27427
0.24765
0.26310
0.35969
0.24352
0.23097
0.34148
0.22350
0.26999
0.21966
0.32384
0.37274
0.45988
0.27513
0.26420
0.21453
0.37717
0.26315
0.31171
0.29767
0.36999
0.25694
0.19541
0.31553
0.42685
0.24642
0.39619
0.40159
0.22436
0.29498
0.35741
0.31889
0.29394
0.22577
0.21698
0.20757
0.28638
0.29796
0.29190
0.29943
0.34681
0.27179
0.22669
0.25250
0.22520
0.19052
0.39904
0.24270
0.15817
0.34626
0.18263
0.18758
0.37883
0.15738
0.22984
0.23312
0.25322
0.22675
0.43735
0.21465
0.28988
0.38304
0.24433
0.21987
0.24013
0.27040
0.20365
0.31296
0.21271
0.37868
0.34774
0.22914
0.25298
0.23929
0.34631
0.28375
0.20195
0.33492
0.42323
0.34043
0.29358
0.35366
0.34232
0.17565
0.28198
0.27669
0.39263
0.21749
0.23982
0.26751
0.34551
0.19475
0.23268
0.25373
0.32320
0.38189
0.24703
0.23415
0.32501
0.31130
0.24492
0.24531
0.38112
0.26813
0.27608
0.22108
0.29217
0.34318
0.26668
0.30355
0.25272
0.34390
0.26953
0.25449
0.30392
0.31501
0.21526
0.21908
0.22193
0.30434
0.25162
0.05400
0.14521
0.20363
0.25892
0.28871
0.17877
0.23872
0.33135
0.15566
0.06915
0.21311
0.03152
0.26168
0.25524
0.19134
0.25831
0.09101
0.14554
0.21124
0.22867
0.09792
0.13525
0.21936
0.28466
0.18184
0.20463
0.25628
0.04376
0.30537
0.18637
0.07254
0.08353
0.16398
0.20519
0.07456
0.24448
0.19577
0.29411
0.07733
0.06659
0.09336
0.08706
0.29305
0.10793
0.13962
0.15671
0.20303
0.19191
0.28863
0.21480
0.08078
0.27409
0.10916
0.11286
0.28449
0.19982
0.24952
0.06542
0.08494
0.21376
0.19758
0.30061
0.20033
0.06455
0.05747
0.19123
0.20546
0.18424
0.23125
0.11275
0.22176
0.18030
0.15322
0.27855
0.28095
0.06264
0.15676
0.13574
0.06780
0.06315
0.17898
0.13289
0.18638
0.29596
0.26379
0.20398
0.33230
0.15314
0.16834
0.11330
0.22226
0.17980
0.03928
0.26084
0.10004
0.09410
0.22074
0.20174
0.29976
0.25225
0.07721
0.05491
0.17331
0.18633
0.23877
0.25504
0.08768
0.22620
0.28561
0.10464
0.21392
0.07743
0.02642
0.07258
0.13503
0.07228
0.11139
0.25474
0.26266
0.10911
0.11158
0.02040
0.07791
0.08155
0.20546
