0.08524
0.11517
0.08075
0.26323
0.06597
0.16966
0.19905
0.17453
0.18543
0.08030
0.22856
0.13438
0.17161
0.11154
0.14324
0.21796
0.12242
0.12182
0.06088
0.14238
0.29983
0.12221
0.11881
0.05098
0.23023
0.15371
0.10203
0.28028
0.05069
0.15279
0.14890
0.24590
0.13436
0.09354
0.07805
0.09493
0.10535
0.06067
0.15018
0.14766
0.29467
0.23820
0.08573
0.16140
0.28370
0.25504
0.15990
0.22089
0.15350
0.13608
0.09887
0.13047
0.13467
0.26965
0.08886
0.20955
0.24664
0.12462
0.15356
0.09034
0.27402
0.28817
0.14287
0.19314
0.26702
0.29886
0.05260
0.16965
0.11232
0.04697
0.11427
0.28791
0.31378
0.19813
0.27085
0.13801
0.08910
0.02914
0.22217
0.20330
0.30142
0.16163
0.31901
0.28650
0.27855
0.34458
0.09289
0.08129
0.12885
0.26937
0.32111
0.17131
0.08092
0.26512
0.06580
0.17653
0.22288
0.22568
0.20681
0.17116
0.09182
0.15519
0.09880
0.11037
0.21490
0.30921
0.15243
0.15151
0.17814
0.28335
0.03112
0.25060
0.12092
0.20449
0.11605
0.20523
0.28386
0.03175
0.08215
0.18254
0.18824
0.09354
0.25747
0.01221
0.09829
0.17419
0.31745
0.25244
0.17673
0.25901
0.11530
0.12739
0.29504
0.34612
0.09283
0.12346
0.07479
0.29041
0.20431
0.05259
0.17323
0.02698
0.29425
0.17056
0.11422
0.28571
0.10623
0.35593
0.17643
0.08618
0.15089
0.25253
0.10426
0.29141
0.27915
0.33161
0.09331
0.14044
0.15086
0.19269
0.26993
0.25859
0.27575
0.29752
0.09137
0.12521
0.31210
0.29647
0.05605
0.25364
0.06486
0.24762
0.23589
0.05792
0.11913
0.18944
0.07847
0.07792
0.14611
0.25506
0.11114
0.10827
0.21109
0.14248
0.11464
0.17933
0.22304
0.23537
0.26779
0.22748
0.11648
0.05838
0.08084
0.14613
0.12192
0.26947
0.20104
0.18263
0.08057
0.29734
0.21833
0.06993
0.19724
0.14417
0.09676
0.21941
0.14098
0.18630
0.25362
0.11012
0.23752
0.24064
0.11724
0.27344
0.28143
0.24601
0.13581
0.25307
0.20945
0.33928
0.12699
0.22459
0.10237
0.09468
0.10296
0.05986
0.17532
0.20408
0.16589
0.05540
0.24091
0.10451
0.26533
0.09294
0.07306
0.28371
0.12524
0.04753
0.09971
0.28548
0.11335
0.30543
0.10910
0.12607
0.13964
0.20941
0.10558
0.06432
0.10199
0.09930
0.09989
0.11412
0.11879
0.28291
0.16264
0.15978
0.20737
0.06730
0.06189
0.13500
0.19100
0.16400
0.21521
0.19552
0.16063
0.21395
0.24807
0.09669
0.17290
0.09686
0.11776
0.12399
0.08432
0.04194
0.37496
0.18222
0.04999
0.19084
0.14429
0.08669
0.15231
0.32517
0.12388
0.06505
0.26757
0.11746
0.22817
0.16973
0.17113
0.15748
0.09977
0.09488
0.19146
0.22988
0.18825
0.09465
0.20721
0.16472
0.19121
0.13856
0.32316
0.26827
0.26850
0.15067
0.13040
0.31529
0.30957
0.30500
0.03777
0.26835
0.09946
0.28994
0.12563
0.10313
0.14089
0.10936
0.11004
0.17745
0.25845
0.06471
0.10267
0.06060
0.28691
0.18390
0.24722
0.13194
0.26035
0.22354
0.15411
0.04062
0.23159
0.25318
0.37882
0.23972
0.31874
0.22088
0.24025
0.28656
0.27796
0.27611
0.06939
0.06800
0.10970
0.22040
0.05128
0.08762
0.22053
0.12942
0.19584
0.12933
0.17548
0.10058
0.24960
0.28383
0.28083
0.20790
0.31069
0.11415
0.12482
0.32912
0.08556
0.19358
0.05581
0.07934
0.16162
0.06551
0.22173
0.34005
0.04238
0.06563
0.13564
0.20790
0.11169
0.05676
0.07963
0.04324
0.09154
0.09187
0.21062
0.05321
0.30010
0.15805
0.19319
0.09257
0.17190
0.29520
0.16148
0.24390
0.35722
0.16697
0.27156
0.28899
0.25264
0.28722
0.27501
0.21811
0.35598
0.20271
0.23883
0.20001
0.21076
0.23784
0.16975
0.37516
0.32985
0.26199
0.21371
0.23195
0.21867
0.31690
0.25788
0.17727
0.32585
0.33572
0.19467
0.20083
0.31353
0.24078
0.22966
0.24896
0.24871
0.31428
0.22229
0.21669
0.35116
0.20018
0.18581
0.28527
0.14732
0.28300
0.35448
0.29417
0.26349
0.26493
0.21678
0.23876
0.24831
0.32469
0.19190
0.26291
0.32481
0.24844
0.27377
0.27947
0.16969
0.25979
0.24955
0.28999
0.31560
0.29494
0.24032
0.17836
0.29421
0.36201
0.12872
0.25926
0.17713
0.17105
0.19752
0.33228
0.28367
0.32879
0.13381
0.35573
0.25893
0.27257
0.36841
0.31485
0.26226
0.27236
0.23463
0.26813
0.18215
0.34509
0.23527
0.21453
0.15903
0.29378
0.20389
0.25173
0.29617
0.25320
0.35751
0.32712
0.20315
0.32931
0.32356
0.17903
0.14393
0.24956
0.16995
0.17507
0.14825
0.28005
0.35383
0.21729
0.19528
0.23783
0.26058
0.19853
0.24904
0.20047
0.25605
0.17737
0.29084
0.24159
0.20862
0.14759
0.33204
0.29202
0.12880
0.31754
0.32854
0.24767
0.33421
0.31188
0.22403
0.25140
0.20879
0.28964
0.29264
0.24389
0.25450
0.21393
0.13818
0.26681
0.17872
0.24586
0.21622
0.22212
0.27358
0.29424
0.18610
0.24331
0.28631
0.21782
0.25807
0.18973
0.23766
0.19806
0.22758
0.18136
0.29025
0.33021
0.33388
0.18019
0.15109
0.32462
0.19951
0.16229
0.16818
0.30118
0.29716
0.15148
0.15864
0.25388
0.23256
0.15758
0.13791
0.19752
0.25574
0.17740
0.25123
0.22070
0.25414
0.17096
0.18433
0.27063
0.23334
0.18061
0.24289
0.26126
0.22814
0.34981
0.16686
0.29459
0.20438
0.34870
0.31879
0.19361
0.24773
0.24197
0.26544
0.17362
0.30681
0.26073
0.21777
0.28654
0.26370
0.34910
0.21046
0.29356
0.22176
0.34023
0.17965
0.24807
0.21845
0.21220
0.27490
0.23335
0.23039
0.18213
0.22249
0.29366
0.18888
0.27936
0.21833
0.21193
0.29416
0.30167
0.28540
0.11850
0.19683
0.33327
0.32470
0.19849
0.24923
0.25863
0.26200
0.19146
0.15816
0.30969
0.26198
0.21482
0.22826
0.18118
0.24935
0.32283
0.23678
0.24290
0.22534
0.34099
0.23508
0.15539
0.15600
0.29093
0.29827
0.23604
0.25000
0.23423
0.34669
0.35568
0.12572
0.19928
0.32624
0.25038
0.22749
0.26779
0.33765
0.22385
0.18716
0.16740
0.21600
0.22945
0.36311
0.28505
0.28370
0.21993
0.21537
0.22986
0.30152
0.28665
0.15491
0.33493
0.20611
0.22851
0.33981
0.29214
0.20318
0.22238
0.22232
0.29937
0.30818
0.35151
0.21530
0.29363
0.20079
0.29326
0.31468
0.10540
0.21433
0.18222
0.20168
0.25293
0.22504
0.23242
0.24854
0.21912
0.24248
0.18668
0.21890
0.34925
0.23932
0.21878
0.17005
0.29352
0.25102
0.20043
0.12985
0.33430
0.29955
0.31883
0.25051
0.20634
0.23518
0.23890
0.19418
0.27096
0.15844
0.29617
0.23789
0.33805
0.28934
0.30780
0.35670
0.26369
0.22034
0.24846
0.14932
0.14664
0.24755
0.18579
0.27069
0.31328
0.23096
0.26036
0.38944
0.31562
0.32887
0.25719
0.30763
0.29698
0.35204
0.20829
0.26753
0.32805
0.31924
0.22698
0.32532
0.38230
0.22035
0.20546
0.29135
0.21978
0.32335
0.31750
0.20397
0.23436
0.32179
0.22692
0.22684
0.30578
0.24755
0.21418
0.19807
0.21399
0.28407
0.30754
0.27542
0.28861
0.20885
0.25225
0.26735
0.25326
0.23540
0.27876
0.12623
0.31103
0.30765
0.35292
0.26096
0.28590
0.34106
0.39427
0.26097
0.17121
0.27548
0.38321
0.27224
0.22147
0.24988
0.33434
0.20557
0.21942
0.34629
0.23230
0.28420
0.19336
0.28533
0.36598
0.43284
0.30265
0.27965
0.23178
0.34515
0.31432
0.30373
0.24188
0.32865
0.24562
0.14955
0.32818
0.42367
0.25276
0.38234
0.36749
0.19904
0.27605
0.31555
0.32446
0.30094
0.25126
0.23010
0.19006
0.28345
0.23888
0.31355
0.31165
0.35197
0.23846
0.24884
0.21578
0.21943
0.17729
0.38210
0.25745
0.15099
0.32952
0.17403
0.16472
0.36972
0.15596
0.28414
0.20645
0.23770
0.23990
0.42059
0.20102
0.30622
0.36550
0.21949
0.19820
0.24890
0.23602
0.21322
0.31957
0.17646
0.37122
0.34076
0.19810
0.25154
0.22404
0.33645
0.24939
0.22143
0.35078
0.41829
0.31668
0.28327
0.33099
0.34432
0.17745
0.24569
0.28163
0.39820
0.22549
0.20332
0.21906
0.33865
0.22887
0.24188
0.25410
0.31281
0.38531
0.26609
0.24997
0.30667
0.29468
0.25647
0.22979
0.36203
0.23939
0.29547
0.23644
0.28366
0.34449
0.24349
0.30366
0.24422
0.31013
0.24150
0.19662
0.28089
0.24275
0.17601
0.24022
0.17693
0.26974
0.21299
0.05239
0.17538
0.15676
0.25596
0.32149
0.21376
0.28076
0.38115
0.19221
0.04403
0.17174
0.05633
0.29380
0.23732
0.17761
0.29742
0.02975
0.07737
0.19358
0.19627
0.07104
0.09609
0.21652
0.29150
0.20731
0.21531
0.27617
0.05623
0.29778
0.27886
0.08439
0.10549
0.15209
0.28118
0.15106
0.25476
0.19988
0.29990
0.05133
0.07404
0.08791
0.09206
0.29409
0.16653
0.14462
0.18304
0.21806
0.10543
0.26018
0.20710
0.12897
0.19918
0.08192
0.08559
0.29520
0.19396
0.20932
0.08738
0.07880
0.21710
0.20319
0.32398
0.28636
0.03570
0.07381
0.18118
0.21706
0.13107
0.17251
0.10842
0.28878
0.19439
0.10408
0.24437
0.30552
0.06514
0.12983
0.19602
0.10627
0.07309
0.20784
0.12005
0.19482
0.27593
0.25593
0.19707
0.35329
0.27854
0.14631
0.19228
0.22871
0.22758
0.05800
0.24099
0.14340
0.04705
0.21985
0.24416
0.29230
0.26172
0.05737
0.12747
0.14695
0.23201
0.16689
0.22989
0.06539
0.19100
0.33582
0.21013
0.18530
0.08745
0.04026
0.05647
0.16622
0.06987
0.10415
0.24046
0.31737
0.07739
0.08354
0.03864
0.09611
0.06410
0.21267
