0.11081
0.09966
0.06797
0.25537
0.07242
0.14592
0.23305
0.13201
0.14503
0.07131
0.20751
0.13405
0.17015
0.12364
0.09840
0.23421
0.16298
0.10419
0.10483
0.17597
0.28243
0.16871
0.15827
0.06135
0.20534
0.14687
0.16631
0.25710
0.11681
0.20972
0.16636
0.27851
0.17348
0.09417
0.14652
0.09980
0.16215
0.13335
0.13433
0.18935
0.29505
0.25846
0.09711
0.12589
0.27642
0.24086
0.16298
0.26731
0.19138
0.15413
0.10133
0.13702
0.14386
0.31769
0.09444
0.24264
0.23338
0.13178
0.09494
0.08771
0.24857
0.26487
0.12961
0.24636
0.28974
0.30640
0.07192
0.17896
0.12903
0.05529
0.11950
0.29626
0.32682
0.22803
0.28274
0.17739
0.10509
0.05043
0.20729
0.16662
0.32868
0.23092
0.28942
0.26782
0.26519
0.35553
0.10040
0.08041
0.16450
0.24065
0.31806
0.20871
0.07584
0.25651
0.07986
0.14564
0.20635
0.22065
0.19851
0.12819
0.10074
0.19908
0.16783
0.12587
0.23106
0.28584
0.13092
0.19704
0.20460
0.28986
0.05141
0.26511
0.07564
0.22368
0.14764
0.11148
0.26711
0.07661
0.06503
0.19410
0.22145
0.08340
0.28099
0.04147
0.12373
0.15195
0.29957
0.26301
0.20126
0.24714
0.08713
0.14234
0.30614
0.34638
0.13221
0.16854
0.07703
0.27453
0.24451
0.05125
0.18901
0.05707
0.30647
0.17179
0.19046
0.24316
0.10361
0.34363
0.19700
0.08934
0.24464
0.25336
0.13496
0.30346
0.32605
0.29276
0.13461
0.17774
0.15745
0.25778
0.26651
0.24379
0.27282
0.28682
0.09574
0.13292
0.28912
0.28554
0.07990
0.26394
0.06856
0.21347
0.26349
0.03752
0.11360
0.23391
0.09387
0.09862
0.19288
0.27350
0.07363
0.11171
0.23992
0.17723
0.10432
0.18249
0.20781
0.22807
0.24103
0.21206
0.14844
0.06009
0.06051
0.13070
0.14237
0.23289
0.19332
0.15920
0.08818
0.28404
0.22302
0.10279
0.16679
0.17367
0.08401
0.23481
0.09923
0.22055
0.22970
0.15439
0.19597
0.23327
0.14653
0.24966
0.25497
0.26326
0.13512
0.28277
0.22108
0.33276
0.10939
0.22201
0.14394
0.09985
0.09659
0.07621
0.15144
0.21423
0.17657
0.06297
0.23352
0.14194
0.21930
0.15348
0.07165
0.26795
0.11037
0.05506
0.14580
0.27330
0.08254
0.30835
0.12323
0.10707
0.20549
0.20285
0.10810
0.06276
0.10763
0.10967
0.12598
0.13340
0.11084
0.25985
0.13926
0.18339
0.20434
0.12115
0.10433
0.14924
0.18596
0.20675
0.21428
0.21625
0.14658
0.26216
0.28494
0.09726
0.16930
0.07707
0.10661
0.14094
0.09471
0.06817
0.35159
0.14946
0.06324
0.18190
0.16794
0.07258
0.16838
0.31436
0.13673
0.12557
0.30209
0.11629
0.20358
0.18646
0.17829
0.16341
0.08595
0.07199
0.20740
0.22138
0.17911
0.10762
0.22089
0.18506
0.18450
0.16346
0.34212
0.26374
0.25836
0.15137
0.10544
0.30076
0.32567
0.33317
0.04019
0.24826
0.12788
0.29442
0.15673
0.12737
0.11872
0.15752
0.11184
0.24263
0.23796
0.07403
0.07373
0.08161
0.22121
0.18256
0.23517
0.20353
0.25105
0.27330
0.15768
0.07534
0.25283
0.28816
0.32530
0.29339
0.30270
0.25547
0.25431
0.29917
0.26332
0.23277
0.07948
0.08750
0.14713
0.21909
0.07007
0.08818
0.19151
0.11749
0.20916
0.10510
0.17014
0.14665
0.28686
0.25341
0.24001
0.18004
0.27525
0.13519
0.18176
0.32595
0.09706
0.16715
0.07504
0.13553
0.20881
0.12829
0.21184
0.34164
0.10157
0.09272
0.18431
0.25974
0.11920
0.07828
0.08737
0.09132
0.07252
0.09061
0.15746
0.13267
0.28355
0.17882
0.17867
0.07803
0.20921
0.26031
0.24618
0.31731
0.29918
0.19333
0.24849
0.32598
0.33077
0.31612
0.27740
0.28784
0.27663
0.31080
0.25781
0.28267
0.23246
0.32822
0.20185
0.32830
0.28161
0.26759
0.26399
0.25833
0.27581
0.37096
0.31462
0.27639
0.26189
0.27945
0.23993
0.27532
0.29120
0.27708
0.25506
0.23647
0.31317
0.25683
0.30432
0.22520
0.28844
0.29469
0.28912
0.34564
0.22189
0.33183
0.31002
0.31391
0.34269
0.32955
0.31444
0.25400
0.29616
0.30403
0.26768
0.31080
0.28498
0.25102
0.29974
0.33290
0.18356
0.32810
0.27841
0.24433
0.28438
0.25481
0.31180
0.20599
0.23717
0.34695
0.15212
0.27796
0.23744
0.19955
0.22475
0.38330
0.32289
0.29540
0.18894
0.30729
0.27439
0.29951
0.32997
0.25758
0.31499
0.30969
0.25258
0.30668
0.17998
0.32449
0.31662
0.26493
0.16639
0.35179
0.19468
0.25297
0.26472
0.28934
0.30707
0.26993
0.22041
0.27371
0.26438
0.17415
0.18636
0.31823
0.18954
0.20051
0.18361
0.30480
0.30086
0.31457
0.30285
0.24553
0.32508
0.24140
0.32267
0.29422
0.31464
0.22801
0.25210
0.30978
0.21468
0.17371
0.37103
0.25154
0.24923
0.29997
0.26532
0.25365
0.37754
0.26316
0.25610
0.28885
0.21217
0.25650
0.32589
0.29289
0.28456
0.25480
0.18269
0.33544
0.23454
0.32591
0.22203
0.29036
0.34035
0.25779
0.19300
0.22961
0.30387
0.19539
0.29933
0.20388
0.25684
0.26717
0.24588
0.25495
0.34360
0.26249
0.29553
0.26608
0.24557
0.28777
0.25360
0.25344
0.26094
0.25130
0.31285
0.17458
0.20425
0.27559
0.30388
0.27008
0.17716
0.24464
0.25938
0.21405
0.26344
0.26263
0.33692
0.17314
0.29511
0.22910
0.30293
0.20140
0.32261
0.27121
0.26024
0.39524
0.21079
0.30796
0.24261
0.33714
0.27714
0.31716
0.28205
0.31222
0.27652
0.21196
0.30912
0.27961
0.28560
0.23626
0.26619
0.28078
0.26697
0.25418
0.25347
0.30162
0.25815
0.29071
0.22729
0.29572
0.29454
0.26371
0.21840
0.27976
0.24368
0.33201
0.22465
0.32848
0.25158
0.28417
0.23852
0.22522
0.29108
0.16387
0.26374
0.27346
0.28150
0.29033
0.30170
0.32126
0.28683
0.28429
0.27039
0.25674
0.30259
0.30869
0.24707
0.21272
0.32481
0.26772
0.27526
0.27776
0.21513
0.28702
0.31815
0.20540
0.22514
0.24221
0.25339
0.31412
0.30993
0.27737
0.30490
0.31470
0.15441
0.26175
0.23524
0.29376
0.30370
0.33201
0.30517
0.23937
0.21432
0.21875
0.28393
0.30728
0.32449
0.29914
0.31330
0.31859
0.24963
0.27268
0.26803
0.22309
0.18269
0.29435
0.24038
0.22904
0.30192
0.32145
0.30762
0.26651
0.28601
0.23876
0.35716
0.28685
0.27174
0.21873
0.22774
0.34122
0.28323
0.14416
0.31328
0.22142
0.26836
0.30164
0.24263
0.28948
0.24170
0.28718
0.20402
0.29059
0.25005
0.30827
0.32447
0.29932
0.21355
0.25060
0.25686
0.24783
0.25439
0.27700
0.26390
0.35771
0.27426
0.28974
0.31612
0.27806
0.27912
0.28335
0.20370
0.33230
0.27397
0.28853
0.23487
0.27250
0.30395
0.28516
0.29744
0.31422
0.20414
0.24139
0.30920
0.28427
0.32138
0.27249
0.31378
0.34455
0.35031
0.26036
0.27579
0.27825
0.25803
0.31234
0.31745
0.28462
0.30852
0.29592
0.25795
0.31862
0.26424
0.35060
0.24492
0.24881
0.29825
0.24356
0.28371
0.36094
0.24944
0.25745
0.30528
0.22514
0.29569
0.26724
0.31637
0.27402
0.28736
0.29974
0.29290
0.25259
0.34271
0.30762
0.27968
0.32855
0.29140
0.32133
0.30484
0.26389
0.16995
0.34577
0.32715
0.33176
0.32444
0.34054
0.41860
0.41539
0.28368
0.18656
0.33107
0.38835
0.28527
0.23816
0.32748
0.35674
0.26140
0.24764
0.31264
0.24796
0.26125
0.28054
0.35379
0.35106
0.39534
0.29846
0.32462
0.29546
0.40721
0.26723
0.31576
0.33416
0.34996
0.28212
0.17461
0.31761
0.47375
0.24528
0.42001
0.42998
0.19983
0.30025
0.35558
0.31261
0.27991
0.26652
0.29888
0.25185
0.28285
0.34307
0.31478
0.29096
0.39022
0.30526
0.30919
0.28158
0.18192
0.28076
0.41877
0.21601
0.12686
0.34328
0.18500
0.20721
0.41220
0.18663
0.21819
0.22694
0.30464
0.23371
0.44398
0.19942
0.33891
0.38362
0.26006
0.24701
0.26021
0.25858
0.22113
0.37700
0.19091
0.37290
0.35147
0.28177
0.26114
0.24497
0.35709
0.27961
0.21531
0.32637
0.41553
0.32658
0.29964
0.37980
0.38456
0.24846
0.28950
0.28759
0.39623
0.20751
0.23761
0.22772
0.38373
0.30506
0.26024
0.26633
0.29959
0.36633
0.23286
0.31254
0.36097
0.29289
0.31543
0.26588
0.37164
0.30478
0.24501
0.31482
0.34116
0.34989
0.26293
0.33832
0.24277
0.34821
0.25707
0.25622
0.33408
0.30961
0.24436
0.32288
0.20594
0.29488
0.22766
0.08531
0.12264
0.23855
0.23101
0.32148
0.21873
0.23314
0.30571
0.17257
0.06175
0.20633
0.02768
0.29745
0.21920
0.21835
0.29957
0.08849
0.12663
0.19916
0.25607
0.08193
0.20547
0.21228
0.25797
0.14311
0.20864
0.27978
0.08049
0.28959
0.22339
0.05396
0.05570
0.12384
0.30212
0.17586
0.24197
0.18703
0.30816
0.10519
0.07285
0.05846
0.12210
0.23355
0.13052
0.19784
0.15038
0.21861
0.12286
0.30607
0.21998
0.04863
0.28697
0.06673
0.08506
0.26163
0.18585
0.22924
0.08903
0.16341
0.21351
0.18987
0.24608
0.23802
0.05024
0.07263
0.15270
0.21702
0.13962
0.17906
0.11839
0.28968
0.21440
0.15504
0.22616
0.28702
0.07846
0.13381
0.13469
0.04897
0.07637
0.21952
0.10087
0.18290
0.24870
0.28148
0.19841
0.30965
0.23722
0.23573
0.16979
0.22665
0.23214
0.04142
0.26539
0.10157
0.06562
0.22818
0.26241
0.27035
0.24698
0.10243
0.05610
0.13138
0.24362
0.22208
0.28881
0.08488
0.15953
0.34645
0.16875
0.23660
0.13241
0.04902
0.10759
0.21215
0.09607
0.07551
0.27354
0.23437
0.06512
0.10240
0.07730
0.04277
0.08934
0.31468
