0.09140
0.10004
0.05108
0.24953
0.10081
0.14485
0.23827
0.15886
0.18849
0.05937
0.21114
0.12826
0.18180
0.12340
0.08329
0.25060
0.15275
0.13972
0.09750
0.15109
0.29282
0.14661
0.15029
0.06524
0.23915
0.18220
0.13414
0.25344
0.09962
0.14893
0.14768
0.29279
0.13945
0.11044
0.11540
0.10099
0.12865
0.09413
0.14645
0.16285
0.27605
0.25714
0.06654
0.11473
0.28265
0.24224
0.14621
0.21581
0.21207
0.17611
0.10267
0.16269
0.13768
0.28944
0.10419
0.25478
0.23913
0.14312
0.10136
0.11693
0.24365
0.30784
0.13390
0.24930
0.30967
0.30468
0.07128
0.17950
0.11686
0.05909
0.14842
0.31389
0.30464
0.20469
0.22697
0.10633
0.07411
0.04203
0.20881
0.18704
0.30866
0.16518
0.32702
0.27026
0.29920
0.33036
0.10078
0.05770
0.13981
0.26572
0.27876
0.20599
0.06269
0.27517
0.06323
0.11155
0.21848
0.22432
0.18016
0.16828
0.10380
0.15144
0.11895
0.10867
0.20772
0.29468
0.15408
0.19195
0.22771
0.28006
0.03523
0.24786
0.11165
0.26250
0.12561
0.18421
0.27811
0.06488
0.08005
0.16293
0.23734
0.07237
0.27444
0.05051
0.08795
0.10939
0.28862
0.27025
0.15575
0.26881
0.08656
0.11751
0.26220
0.32326
0.12462
0.14066
0.08812
0.28669
0.26721
0.06059
0.18685
0.04596
0.29422
0.21503
0.13079
0.33093
0.10267
0.36708
0.19836
0.11562
0.13642
0.30725
0.11602
0.30267
0.30457
0.31879
0.11685
0.13213
0.15679
0.19126
0.22238
0.27595
0.28033
0.31253
0.09187
0.12956
0.31099
0.24016
0.09813
0.26202
0.03959
0.23307
0.21472
0.04666
0.13663
0.21558
0.09588
0.10723
0.14759
0.27578
0.07267
0.11252
0.21767
0.15330
0.11148
0.17894
0.23188
0.25888
0.25421
0.22842
0.10439
0.11832
0.04173
0.15108
0.12714
0.24719
0.20587
0.17668
0.10114
0.30978
0.23023
0.10861
0.16492
0.18056
0.07048
0.20135
0.11625
0.20473
0.24601
0.05700
0.26232
0.24372
0.13266
0.23494
0.23880
0.23783
0.12295
0.24592
0.24634
0.36723
0.10647
0.22569
0.11543
0.10622
0.08190
0.10556
0.20407
0.19791
0.15937
0.06932
0.26753
0.06793
0.19617
0.13643
0.06199
0.26696
0.11910
0.08364
0.11943
0.28209
0.09512
0.30478
0.11808
0.11539
0.16525
0.18761
0.11811
0.05965
0.11863
0.11256
0.09382
0.16496
0.13274
0.17974
0.19744
0.16229
0.18954
0.08383
0.06693
0.12918
0.20193
0.18434
0.27574
0.21608
0.17566
0.24371
0.29077
0.10474
0.14653
0.04092
0.12690
0.12387
0.06534
0.06971
0.37932
0.15478
0.05200
0.23027
0.17680
0.12293
0.14747
0.34067
0.13387
0.05198
0.31264
0.12792
0.20058
0.15915
0.22984
0.13292
0.14792
0.08597
0.23638
0.21467
0.21916
0.09507
0.17595
0.19049
0.19491
0.13958
0.34076
0.28319
0.26797
0.17974
0.11626
0.30521
0.29071
0.32479
0.03248
0.25996
0.13056
0.27189
0.13631
0.09038
0.18098
0.14807
0.09675
0.17268
0.22572
0.07779
0.12321
0.09319
0.26561
0.12044
0.25638
0.13608
0.22920
0.21872
0.12590
0.06883
0.25485
0.31816
0.38509
0.26493
0.29574
0.24967
0.25532
0.28308
0.28922
0.26646
0.09334
0.08031
0.13912
0.23048
0.06752
0.07568
0.19979
0.10346
0.24297
0.13332
0.18690
0.11369
0.28084
0.27127
0.23106
0.19583
0.29604
0.14178
0.15963
0.33249
0.07534
0.24586
0.07614
0.10525
0.17672
0.04856
0.23810
0.34414
0.06430
0.10509
0.17532
0.25129
0.11022
0.06793
0.10582
0.07265
0.04304
0.06147
0.16580
0.09850
0.27608
0.17784
0.19435
0.11910
0.21111
0.29189
0.17430
0.29545
0.33688
0.16353
0.26780
0.31594
0.29357
0.33631
0.27915
0.28001
0.33897
0.26274
0.24701
0.27695
0.22993
0.30109
0.19699
0.37381
0.32324
0.27343
0.25578
0.25486
0.25432
0.34903
0.28899
0.26440
0.30916
0.31391
0.20443
0.26858
0.30666
0.26454
0.26328
0.25212
0.31086
0.30555
0.26223
0.21539
0.33379
0.27677
0.27308
0.32112
0.20208
0.31544
0.33672
0.27248
0.28731
0.31276
0.30622
0.20831
0.29561
0.33625
0.20591
0.29413
0.31686
0.26373
0.27751
0.31266
0.17691
0.30208
0.27166
0.26696
0.30659
0.28408
0.28207
0.18452
0.28579
0.35644
0.13881
0.28801
0.19098
0.22027
0.21688
0.36536
0.31427
0.31928
0.15523
0.34674
0.27096
0.26003
0.36384
0.30473
0.32207
0.30454
0.23378
0.28340
0.20566
0.34583
0.28951
0.24440
0.18701
0.33691
0.21371
0.23669
0.26908
0.24160
0.34049
0.30636
0.22823
0.31547
0.29380
0.18701
0.15754
0.31080
0.16781
0.20678
0.16625
0.29854
0.33104
0.29003
0.24920
0.24990
0.32172
0.20127
0.28693
0.27188
0.29949
0.19472
0.27864
0.29548
0.22657
0.19900
0.36143
0.30467
0.18739
0.32426
0.31481
0.26265
0.35570
0.30288
0.24471
0.29223
0.21350
0.28914
0.31102
0.29604
0.29918
0.24673
0.16545
0.31344
0.21747
0.30142
0.24152
0.27961
0.31863
0.26991
0.20447
0.24508
0.29865
0.21527
0.29649
0.18454
0.24426
0.24075
0.25291
0.23989
0.30835
0.30987
0.31834
0.26802
0.21124
0.31590
0.22577
0.19327
0.19320
0.26494
0.29829
0.17469
0.18442
0.28076
0.28554
0.22256
0.15969
0.23951
0.27691
0.22939
0.27797
0.26836
0.31653
0.18266
0.23819
0.26001
0.28398
0.20378
0.32462
0.27936
0.25175
0.39157
0.17534
0.31796
0.22947
0.37052
0.30202
0.23083
0.26579
0.27267
0.27511
0.20971
0.32367
0.26473
0.28108
0.27788
0.25888
0.33545
0.22714
0.28282
0.21726
0.34490
0.24100
0.28366
0.24092
0.28622
0.29056
0.27483
0.24355
0.24829
0.24618
0.32519
0.20197
0.33194
0.25610
0.28550
0.27344
0.26417
0.29885
0.13334
0.24886
0.30825
0.32110
0.27796
0.28798
0.29176
0.26302
0.25102
0.21931
0.29219
0.30486
0.28282
0.26722
0.21310
0.29812
0.29248
0.26488
0.28234
0.24373
0.31283
0.26782
0.19934
0.20511
0.28328
0.30784
0.29383
0.26789
0.23585
0.33882
0.34879
0.15158
0.24485
0.31407
0.29777
0.29859
0.31103
0.33909
0.24635
0.20440
0.21529
0.26026
0.30593
0.35625
0.27779
0.29797
0.28570
0.23881
0.26346
0.29079
0.27436
0.17067
0.32469
0.22253
0.25106
0.32702
0.30610
0.27702
0.25444
0.25064
0.28496
0.33217
0.33069
0.27241
0.26800
0.22343
0.31653
0.29027
0.12373
0.28765
0.21799
0.24387
0.28909
0.24467
0.27364
0.23752
0.28792
0.22445
0.24748
0.25600
0.33965
0.28207
0.27255
0.19753
0.27080
0.24568
0.22898
0.19196
0.32478
0.27955
0.33518
0.28223
0.24104
0.31061
0.25556
0.23502
0.27565
0.19300
0.32905
0.26225
0.32900
0.25880
0.28435
0.33368
0.28019
0.26939
0.27989
0.18828
0.22644
0.29063
0.22161
0.31277
0.30530
0.28768
0.33169
0.37618
0.30049
0.30451
0.27940
0.28767
0.30968
0.35447
0.27941
0.26484
0.31926
0.31578
0.28950
0.33714
0.38299
0.23285
0.25708
0.30867
0.24511
0.31262
0.34006
0.23999
0.25235
0.34969
0.23621
0.27824
0.30367
0.28186
0.27627
0.24849
0.26903
0.26988
0.27930
0.33998
0.30690
0.25483
0.30802
0.26913
0.30321
0.28918
0.29525
0.14510
0.32181
0.32699
0.36194
0.30765
0.31707
0.39905
0.38974
0.26896
0.19361
0.32115
0.39690
0.29325
0.24094
0.29533
0.34349
0.26136
0.23259
0.33954
0.23719
0.28835
0.24422
0.33556
0.37250
0.42412
0.31825
0.31477
0.27347
0.38748
0.30605
0.29140
0.28280
0.37535
0.27939
0.19055
0.32159
0.45769
0.23962
0.40482
0.41868
0.22887
0.28638
0.36611
0.27177
0.29875
0.22906
0.28557
0.22685
0.28279
0.29848
0.31344
0.30762
0.38309
0.27563
0.30065
0.26276
0.18948
0.26883
0.40520
0.23668
0.13966
0.33826
0.15554
0.18885
0.41364
0.15701
0.24432
0.22507
0.28643
0.24030
0.43979
0.21283
0.34205
0.39794
0.24712
0.24986
0.24884
0.26037
0.21691
0.37344
0.18177
0.37606
0.35618
0.24576
0.25880
0.24122
0.34220
0.30048
0.22066
0.35387
0.41347
0.32756
0.30772
0.37004
0.37472
0.23682
0.27541
0.30167
0.40496
0.22037
0.23799
0.25110
0.36358
0.29521
0.26397
0.28627
0.35379
0.37098
0.24891
0.30527
0.34407
0.30355
0.29747
0.26753
0.41187
0.29693
0.27015
0.29156
0.32875
0.36437
0.28397
0.31058
0.23864
0.33478
0.27251
0.26127
0.32330
0.29512
0.23027
0.30430
0.21949
0.31889
0.25900
0.09069
0.07008
0.19009
0.15806
0.27238
0.21636
0.22882
0.31625
0.26158
0.05102
0.12678
0.02220
0.25589
0.19754
0.18901
0.27335
0.12179
0.16100
0.19060
0.25497
0.08830
0.14298
0.23452
0.27066
0.15893
0.20858
0.26151
0.06508
0.29320
0.18942
0.05328
0.09215
0.17575
0.27058
0.15176
0.27997
0.21957
0.26457
0.06012
0.09814
0.08023
0.09370
0.27775
0.16755
0.10748
0.09390
0.26768
0.07943
0.29697
0.22432
0.06549
0.28123
0.08306
0.02364
0.30494
0.19128
0.29631
0.04730
0.08584
0.19699
0.18374
0.27147
0.21827
0.05329
0.07136
0.18398
0.20139
0.21028
0.21315
0.08159
0.26762
0.19305
0.15138
0.24618
0.30480
0.08089
0.13603
0.17370
0.09073
0.03378
0.22732
0.09816
0.20311
0.24247
0.24788
0.22541
0.32007
0.23742
0.24134
0.21704
0.22575
0.18466
0.01098
0.22274
0.09378
0.06673
0.22183
0.23701
0.25439
0.19493
0.03115
0.06606
0.17346
0.20028
0.23511
0.28634
0.17515
0.21224
0.33866
0.14531
0.25050
0.12860
0.06539
0.10074
0.22628
0.07809
0.10912
0.27542
0.26730
0.13470
0.13345
0.06049
0.09663
0.06090
0.27132
