0.09818
0.09502
0.07139
0.21411
0.08871
0.13040
0.20114
0.17889
0.21703
0.04603
0.19868
0.14182
0.13849
0.12097
0.09567
0.21843
0.08755
0.16235
0.09343
0.18250
0.27486
0.12610
0.19970
0.05621
0.21058
0.15283
0.10896
0.26424
0.10175
0.16085
0.15245
0.26224
0.15995
0.09400
0.10572
0.09181
0.11671
0.07290
0.12931
0.15989
0.30994
0.25355
0.09025
0.14789
0.29537
0.23195
0.18989
0.24069
0.18207
0.13221
0.09498
0.15080
0.12911
0.22798
0.09049
0.27608
0.21353
0.16548
0.14442
0.07683
0.25005
0.23436
0.09883
0.18971
0.29168
0.31972
0.04832
0.16098
0.12985
0.03944
0.13109
0.29647
0.30573
0.18311
0.29108
0.14625
0.08410
0.04131
0.21077
0.15414
0.27037
0.20271
0.30108
0.27471
0.28710
0.35028
0.10534
0.07450
0.14210
0.29055
0.32213
0.21779
0.08812
0.28316
0.06917
0.17399
0.21825
0.20394
0.17325
0.16797
0.10187
0.15963
0.12552
0.12419
0.21963
0.29214
0.16534
0.17382
0.15175
0.30643
0.02507
0.24382
0.07321
0.26616
0.12047
0.19831
0.28357
0.07724
0.09523
0.18268
0.22259
0.05911
0.31104
0.02921
0.09738
0.17013
0.26823
0.27874
0.17520
0.23980
0.08741
0.13385
0.30845
0.33013
0.12625
0.18850
0.07400
0.30459
0.27746
0.06282
0.12354
0.02571
0.28678
0.16149
0.17549
0.27677
0.09767
0.35227
0.16185
0.09149
0.18420
0.25718
0.10970
0.32608
0.31459
0.33763
0.11610
0.16648
0.17362
0.23181
0.29637
0.29505
0.30057
0.32980
0.10709
0.12420
0.28038
0.28187
0.05804
0.24586
0.02905
0.23519
0.24587
0.06193
0.16808
0.20534
0.09150
0.06224
0.17005
0.27043
0.08436
0.13862
0.22757
0.12301
0.09597
0.22740
0.23600
0.26751
0.26196
0.20917
0.14039
0.06199
0.07878
0.16373
0.12104
0.22478
0.24726
0.17321
0.11311
0.28535
0.23090
0.07580
0.19962
0.14744
0.04354
0.25746
0.11466
0.18092
0.24295
0.11450
0.26174
0.22754
0.07863
0.27261
0.26299
0.28474
0.11732
0.31266
0.22013
0.34686
0.08659
0.20402
0.11511
0.11171
0.13804
0.04372
0.16237
0.16449
0.17776
0.07039
0.24645
0.11137
0.24474
0.13615
0.04892
0.28945
0.12605
0.05599
0.10534
0.26423
0.10475
0.28749
0.10575
0.15361
0.16450
0.20751
0.11105
0.06799
0.11582
0.11999
0.13344
0.14490
0.12936
0.29745
0.15545
0.16063
0.20161
0.10892
0.08616
0.13579
0.17934
0.14001
0.19202
0.21207
0.14505
0.26750
0.27532
0.11060
0.14585
0.06727
0.14398
0.11632
0.08487
0.04169
0.34887
0.18807
0.06257
0.18669
0.14194
0.06758
0.17624
0.30840
0.14483
0.05807
0.31153
0.12322
0.21809
0.20676
0.13223
0.20119
0.10685
0.08088
0.18235
0.18121
0.16924
0.10997
0.18202
0.18655
0.19199
0.12895
0.32025
0.24583
0.29496
0.14614
0.10317
0.30165
0.33641
0.31198
0.05773
0.24796
0.17060
0.28509
0.13856
0.07962
0.18417
0.11636
0.10413
0.21627
0.25102
0.08692
0.10524
0.07372
0.27279
0.19472
0.28131
0.14382
0.25714
0.22711
0.19379
0.05332
0.26069
0.27443
0.36190
0.27258
0.30411
0.20235
0.25659
0.28199
0.26316
0.28097
0.06477
0.08232
0.13396
0.22778
0.04516
0.11466
0.22164
0.15064
0.22009
0.10293
0.18202
0.15269
0.21973
0.26617
0.28589
0.20708
0.28925
0.10561
0.13833
0.30492
0.08231
0.18481
0.05137
0.08247
0.18287
0.09286
0.23181
0.33639
0.08724
0.08969
0.15405
0.25735
0.10760
0.04634
0.04674
0.06055
0.10482
0.10321
0.17379
0.09357
0.29464
0.20185
0.23508
0.06077
0.19567
0.29024
0.19014
0.26292
0.35334
0.17112
0.28805
0.31008
0.29697
0.33633
0.27307
0.25451
0.34523
0.24944
0.22756
0.27184
0.23308
0.29894
0.18056
0.37217
0.32045
0.27663
0.25321
0.25322
0.25079
0.34694
0.28922
0.25327
0.30015
0.32534
0.24581
0.26461
0.32340
0.26329
0.25094
0.26417
0.29604
0.30434
0.26504
0.23129
0.34112
0.23382
0.25126
0.32034
0.14653
0.31108
0.34242
0.28828
0.27684
0.29795
0.31037
0.23411
0.29838
0.32699
0.21575
0.28470
0.30961
0.27615
0.28495
0.30883
0.16456
0.31047
0.27257
0.26294
0.30494
0.28088
0.27475
0.18684
0.27342
0.33854
0.15725
0.26455
0.20528
0.19568
0.21421
0.36881
0.30400
0.31631
0.16630
0.33212
0.26357
0.26178
0.36804
0.30051
0.32246
0.28434
0.25290
0.28067
0.20702
0.35255
0.28273
0.25103
0.17347
0.32603
0.22381
0.25558
0.26832
0.26293
0.32842
0.30425
0.21034
0.30335
0.30208
0.16573
0.19228
0.30614
0.19417
0.19495
0.13310
0.31300
0.30436
0.28797
0.28473
0.24767
0.30040
0.22079
0.29885
0.27300
0.28184
0.21568
0.27538
0.29512
0.21094
0.18668
0.34531
0.29320
0.14937
0.32565
0.30307
0.26930
0.35901
0.29513
0.23723
0.26852
0.21727
0.26903
0.29903
0.27327
0.26469
0.25441
0.15713
0.29283
0.22393
0.28332
0.22764
0.27130
0.32326
0.29371
0.20633
0.23094
0.28268
0.22841
0.28715
0.19922
0.24048
0.21195
0.24107
0.23206
0.30264
0.30699
0.30903
0.23544
0.16629
0.31201
0.22486
0.18138
0.17342
0.28586
0.30944
0.17703
0.18788
0.26286
0.29438
0.21161
0.16068
0.22579
0.26735
0.19294
0.27068
0.24811
0.31298
0.18402
0.24600
0.26660
0.29187
0.20442
0.28732
0.27707
0.25191
0.38448
0.19241
0.30986
0.22072
0.34710
0.31676
0.27041
0.27630
0.29532
0.28103
0.17824
0.31263
0.25657
0.25299
0.26960
0.26703
0.32645
0.24403
0.26574
0.21816
0.33334
0.23320
0.26874
0.20690
0.27528
0.29517
0.26514
0.22641
0.22593
0.23878
0.31518
0.21373
0.32549
0.23838
0.25702
0.28493
0.28486
0.29833
0.13700
0.22281
0.32002
0.29986
0.27364
0.29880
0.29752
0.27193
0.26759
0.24389
0.29324
0.28611
0.27607
0.25595
0.20696
0.29829
0.30828
0.25948
0.27565
0.21943
0.32144
0.28137
0.19702
0.18934
0.28206
0.31023
0.29991
0.28726
0.24487
0.33802
0.34200
0.16041
0.22705
0.30589
0.27588
0.28937
0.30887
0.33192
0.23771
0.20604
0.21953
0.26391
0.27827
0.35116
0.28973
0.28887
0.29472
0.22288
0.28457
0.29050
0.26293
0.18040
0.33056
0.20454
0.26548
0.33595
0.29917
0.27340
0.22436
0.25570
0.27762
0.34006
0.32470
0.23854
0.27150
0.20464
0.32373
0.31315
0.12818
0.28313
0.20850
0.24174
0.27510
0.25053
0.26289
0.25823
0.25320
0.23097
0.24648
0.25971
0.33505
0.29642
0.25777
0.20487
0.29089
0.24568
0.24156
0.20272
0.33524
0.26349
0.32911
0.25728
0.25704
0.29082
0.26435
0.22877
0.28153
0.18355
0.31399
0.26682
0.34068
0.26302
0.29530
0.34545
0.28112
0.26231
0.30483
0.17061
0.19050
0.29278
0.24123
0.31830
0.31242
0.27576
0.32709
0.36752
0.29765
0.30963
0.25405
0.29097
0.31549
0.34560
0.26407
0.27997
0.31042
0.31215
0.29859
0.33591
0.37599
0.23540
0.26173
0.30331
0.23347
0.30482
0.33105
0.23423
0.23768
0.31317
0.22561
0.26555
0.30508
0.26521
0.25520
0.27223
0.25165
0.26692
0.28734
0.32512
0.29174
0.25665
0.29988
0.27117
0.30399
0.29857
0.27755
0.13816
0.30863
0.30854
0.33603
0.33158
0.29810
0.42393
0.43013
0.27348
0.17453
0.32286
0.37223
0.29595
0.22728
0.29719
0.33266
0.23963
0.22198
0.33340
0.25291
0.27875
0.23357
0.35792
0.37678
0.43183
0.30874
0.29355
0.23591
0.39613
0.29107
0.28098
0.25830
0.35590
0.24107
0.16436
0.31686
0.45151
0.27751
0.41912
0.43962
0.24213
0.29192
0.33702
0.31657
0.28267
0.25269
0.22757
0.18286
0.28619
0.27264
0.29648
0.30964
0.37379
0.30678
0.29890
0.25407
0.22983
0.26072
0.38334
0.22534
0.14151
0.33290
0.16423
0.20791
0.41694
0.16177
0.28284
0.21574
0.26171
0.24855
0.42727
0.19664
0.34276
0.39848
0.21215
0.22275
0.21882
0.28581
0.17532
0.35718
0.19052
0.35287
0.33433
0.25621
0.25978
0.22881
0.34708
0.27490
0.22565
0.33957
0.40634
0.33206
0.29651
0.34991
0.37050
0.20600
0.27789
0.28212
0.38724
0.20933
0.21144
0.22970
0.37108
0.27563
0.25482
0.26148
0.34247
0.38790
0.24027
0.27278
0.30226
0.27934
0.27175
0.24358
0.37126
0.29420
0.28137
0.27790
0.31260
0.35650
0.27735
0.30190
0.24006
0.31219
0.27495
0.23563
0.31592
0.26617
0.22627
0.29539
0.14170
0.24834
0.25098
0.03648
0.18643
0.24382
0.24849
0.28586
0.18517
0.23765
0.38862
0.16345
0.07194
0.20757
0.02995
0.29029
0.26375
0.19677
0.28049
0.05377
0.09605
0.17858
0.20629
0.10216
0.08804
0.23403
0.28418
0.17680
0.20191
0.27690
0.05176
0.28669
0.16835
0.05911
0.06892
0.09770
0.25920
0.12408
0.20213
0.20100
0.29687
0.08577
0.09017
0.10592
0.10568
0.27041
0.05992
0.15546
0.19330
0.26726
0.12866
0.26636
0.20917
0.07917
0.25382
0.08642
0.09987
0.23766
0.20541
0.22604
0.04222
0.07651
0.20747
0.19619
0.26740
0.26234
0.03818
0.04726
0.18092
0.21573
0.17925
0.18829
0.12703
0.25303
0.21501
0.10720
0.27122
0.27673
0.06212
0.16250
0.15376
0.06573
0.04753
0.26184
0.16303
0.20362
0.22982
0.26189
0.19324
0.30963
0.22910
0.22643
0.22245
0.23144
0.23374
0.03165
0.24393
0.10062
0.04477
0.21901
0.23007
0.29080
0.26662
0.12741
0.08029
0.14046
0.19414
0.24485
0.22431
0.08858
0.17441
0.31745
0.14843
0.24708
0.10626
0.02806
0.05070
0.15883
0.03477
0.09917
0.27257
0.29992
0.05645
0.06219
0.04196
0.10896
0.08286
0.27119
