0.10617
0.09628
0.04933
0.25917
0.04969
0.13151
0.24297
0.12272
0.14917
0.06005
0.18084
0.14781
0.14745
0.11499
0.12855
0.23124
0.12884
0.10731
0.04920
0.12477
0.28865
0.11165
0.11798
0.07397
0.21721
0.11322
0.15815
0.28351
0.12176
0.14070
0.16397
0.26583
0.13292
0.09778
0.05624
0.09790
0.14583
0.06020
0.09893
0.16495
0.28423
0.25417
0.06321
0.11691
0.26469
0.18143
0.12371
0.22762
0.16566
0.18275
0.09404
0.17708
0.14085
0.25622
0.09197
0.26244
0.25654
0.11750
0.09107
0.07540
0.27549
0.25882
0.12795
0.24739
0.26834
0.28678
0.04269
0.16635
0.11091
0.02414
0.17009
0.29082
0.35965
0.21043
0.17448
0.09341
0.09637
0.02977
0.22501
0.15247
0.27528
0.16621
0.29200
0.26986
0.27448
0.33534
0.10103
0.14315
0.13993
0.22267
0.29655
0.14640
0.06423
0.24329
0.06103
0.18289
0.23504
0.19542
0.20455
0.16404
0.09446
0.20190
0.12594
0.12201
0.21167
0.29923
0.11633
0.17065
0.17554
0.25786
0.03210
0.26815
0.07188
0.24600
0.09634
0.15866
0.23259
0.07136
0.07823
0.14515
0.22200
0.05109
0.27191
0.02945
0.10007
0.13387
0.29741
0.29723
0.15100
0.23027
0.07881
0.13814
0.25300
0.32603
0.10857
0.17050
0.11077
0.29057
0.23362
0.03702
0.18680
0.04283
0.27590
0.21609
0.15730
0.26018
0.08172
0.29934
0.19467
0.09458
0.22978
0.16701
0.10505
0.28972
0.28561
0.30161
0.11186
0.11941
0.16913
0.19151
0.25349
0.24122
0.26302
0.30099
0.08838
0.10663
0.29369
0.27375
0.08326
0.25219
0.05314
0.17828
0.21897
0.04144
0.09727
0.19704
0.06461
0.06045
0.19251
0.24753
0.07603
0.10190
0.19899
0.13572
0.09224
0.18404
0.17856
0.24791
0.23746
0.24791
0.10906
0.05781
0.03952
0.15598
0.14020
0.23909
0.21959
0.20189
0.09013
0.28191
0.22778
0.08942
0.16593
0.16410
0.03864
0.22440
0.07233
0.18904
0.23017
0.09126
0.21687
0.23449
0.09479
0.27154
0.23932
0.24685
0.12701
0.27549
0.23371
0.31742
0.10865
0.18662
0.11884
0.05464
0.08363
0.06696
0.14828
0.16638
0.13775
0.12592
0.26380
0.12173
0.21453
0.11285
0.04380
0.22895
0.11500
0.05992
0.10882
0.27358
0.06260
0.28723
0.05745
0.09839
0.14839
0.19888
0.11277
0.05097
0.11364
0.10495
0.10633
0.06925
0.11087
0.24920
0.13795
0.15376
0.18057
0.06735
0.06652
0.14175
0.20233
0.13290
0.21890
0.17389
0.12940
0.25609
0.26162
0.09425
0.16103
0.07655
0.10943
0.12464
0.04531
0.04314
0.36226
0.10424
0.06252
0.18672
0.20123
0.05743
0.12450
0.26589
0.14394
0.07798
0.26515
0.12268
0.17764
0.17338
0.13907
0.17235
0.07223
0.05814
0.15681
0.18597
0.15256
0.09818
0.14693
0.13192
0.19840
0.14724
0.29700
0.22867
0.25916
0.18255
0.09360
0.28609
0.30440
0.29184
0.03657
0.26308
0.12195
0.27153
0.12309
0.10059
0.11030
0.11905
0.09659
0.17043
0.19907
0.05003
0.06465
0.10607
0.24092
0.12136
0.22622
0.19496
0.21940
0.24221
0.08112
0.06044
0.27171
0.28845
0.36053
0.23371
0.30564
0.21667
0.24006
0.26676
0.25433
0.26632
0.05434
0.07293
0.12177
0.22072
0.06672
0.07244
0.16633
0.11401
0.20587
0.06595
0.15965
0.12019
0.26591
0.25949
0.27138
0.18899
0.28646
0.10979
0.15912
0.28258
0.05134
0.16149
0.04258
0.08911
0.18078
0.03617
0.23908
0.31320
0.06193
0.05410
0.14339
0.27158
0.10566
0.07283
0.05910
0.06309
0.05216
0.08431
0.17282
0.06921
0.28852
0.16328
0.16725
0.07908
0.15434
0.28557
0.19225
0.25056
0.32641
0.16121
0.25327
0.31427
0.25837
0.29164
0.27786
0.22019
0.33381
0.23470
0.23172
0.22066
0.23260
0.26499
0.19551
0.36321
0.32099
0.25885
0.23194
0.26257
0.23831
0.34830
0.25814
0.22201
0.29453
0.33507
0.19611
0.21720
0.31202
0.27490
0.25821
0.26311
0.27407
0.31169
0.23900
0.22642
0.34019
0.21719
0.21617
0.29599
0.18289
0.30423
0.33677
0.29407
0.28780
0.27215
0.25700
0.25707
0.26433
0.33348
0.17839
0.26569
0.31287
0.22410
0.25027
0.31003
0.18485
0.27083
0.26129
0.27236
0.29919
0.28559
0.24793
0.18243
0.28285
0.36203
0.14717
0.27172
0.19497
0.14757
0.20180
0.36051
0.30817
0.30293
0.19315
0.33868
0.26334
0.28976
0.35815
0.30364
0.26803
0.28608
0.23397
0.27854
0.19678
0.33625
0.26641
0.22514
0.18919
0.32223
0.20013
0.26962
0.28678
0.26704
0.33576
0.30701
0.21483
0.30201
0.27996
0.16903
0.15205
0.26600
0.20294
0.21283
0.16945
0.28080
0.32644
0.25012
0.22475
0.25067
0.27139
0.22686
0.26446
0.24231
0.26396
0.20283
0.28079
0.25749
0.21841
0.16881
0.32360
0.29677
0.18373
0.26628
0.31699
0.24906
0.33357
0.29219
0.24642
0.25066
0.19196
0.28359
0.31028
0.26438
0.24986
0.19260
0.18166
0.29969
0.24137
0.24990
0.21983
0.24515
0.28206
0.29483
0.20612
0.22105
0.27583
0.21133
0.26957
0.19825
0.19203
0.21533
0.23956
0.17267
0.30804
0.31732
0.31519
0.20823
0.21459
0.31439
0.22396
0.18757
0.18215
0.27976
0.30696
0.19131
0.17760
0.26846
0.24651
0.17781
0.16663
0.22464
0.25388
0.18990
0.23259
0.21859
0.27844
0.17865
0.21539
0.26201
0.23908
0.21078
0.26074
0.24101
0.26302
0.35613
0.20903
0.26437
0.22680
0.32769
0.31576
0.23074
0.27744
0.27575
0.25726
0.20232
0.28736
0.28713
0.25031
0.27545
0.26646
0.33339
0.26359
0.26713
0.20807
0.33809
0.19473
0.27834
0.23489
0.21959
0.26988
0.29042
0.20382
0.21709
0.24171
0.31034
0.21742
0.29866
0.24895
0.23852
0.27561
0.27651
0.30217
0.14344
0.20513
0.32351
0.31147
0.22648
0.26523
0.29442
0.25964
0.21634
0.21216
0.30395
0.28765
0.24889
0.26377
0.19631
0.26627
0.30829
0.26779
0.24587
0.25453
0.30932
0.26767
0.17637
0.16176
0.28585
0.29107
0.26689
0.24053
0.23194
0.33241
0.32118
0.15859
0.25170
0.30573
0.24617
0.24473
0.29730
0.33117
0.24870
0.20819
0.16896
0.23691
0.24854
0.35565
0.28880
0.31006
0.25084
0.24669
0.26604
0.28045
0.28213
0.18849
0.30929
0.21006
0.22225
0.33634
0.28859
0.24534
0.26351
0.24114
0.30681
0.31546
0.32876
0.22745
0.26239
0.19646
0.28608
0.29905
0.13397
0.25245
0.18649
0.24266
0.25326
0.23944
0.25964
0.23488
0.25595
0.23383
0.23351
0.22682
0.31132
0.25122
0.24100
0.19361
0.27847
0.25179
0.23361
0.19318
0.34291
0.27744
0.32259
0.25597
0.22218
0.25561
0.28234
0.23469
0.26156
0.18297
0.30992
0.27454
0.32643
0.27819
0.30206
0.34243
0.26289
0.23598
0.26270
0.14012
0.17283
0.26301
0.21352
0.27301
0.29753
0.24973
0.29293
0.36846
0.30255
0.33497
0.27714
0.28456
0.28509
0.33651
0.23259
0.27504
0.30470
0.31606
0.26543
0.32379
0.38883
0.20188
0.22543
0.32585
0.21091
0.32768
0.33057
0.23482
0.24513
0.33132
0.23089
0.26028
0.30434
0.26201
0.21008
0.22552
0.23387
0.24817
0.29289
0.30074
0.28604
0.22720
0.26056
0.26799
0.27524
0.24980
0.28414
0.14246
0.28837
0.30574
0.34768
0.29271
0.30025
0.38101
0.36351
0.24654
0.19148
0.26000
0.37142
0.28020
0.20314
0.26992
0.34921
0.25384
0.19798
0.32961
0.24372
0.26447
0.20340
0.31591
0.36731
0.40153
0.26767
0.26994
0.26884
0.36156
0.26922
0.25821
0.27002
0.31053
0.28042
0.20488
0.29739
0.41747
0.26668
0.37295
0.39249
0.19234
0.30761
0.33519
0.30579
0.28487
0.23029
0.24123
0.20856
0.28528
0.25813
0.29346
0.28503
0.35881
0.26872
0.24059
0.25118
0.15243
0.23024
0.36025
0.24542
0.12148
0.36218
0.14049
0.18080
0.36868
0.17358
0.24899
0.21527
0.25791
0.23429
0.41499
0.21028
0.29985
0.37264
0.23826
0.23500
0.24470
0.21289
0.21499
0.32153
0.18259
0.37667
0.36454
0.22371
0.25131
0.19861
0.34204
0.26004
0.21413
0.35166
0.40403
0.33412
0.25818
0.34807
0.35183
0.20201
0.28114
0.28876
0.39205
0.22008
0.23316
0.26131
0.33612
0.21935
0.25517
0.25155
0.28281
0.36568
0.22732
0.25856
0.31820
0.27697
0.25262
0.23530
0.37470
0.27867
0.24834
0.23703
0.27473
0.31637
0.25616
0.29377
0.24191
0.32686
0.24181
0.21222
0.28242
0.27004
0.23356
0.26381
0.22200
0.28625
0.18919
0.04394
0.09410
0.16981
0.23299
0.25773
0.21399
0.24902
0.25876
0.15505
0.10105
0.17908
0.04741
0.27368
0.25204
0.18623
0.27060
0.04778
0.11462
0.16092
0.17014
0.08998
0.13235
0.16353
0.26795
0.23241
0.22109
0.28444
0.04629
0.28448
0.27074
0.03238
0.02540
0.10687
0.25828
0.13429
0.21028
0.19658
0.26216
0.05651
0.06768
0.05968
0.08838
0.28371
0.08604
0.14150
0.15657
0.26761
0.18186
0.24029
0.22390
0.03971
0.20264
0.05410
0.10140
0.20737
0.18358
0.25738
0.04149
0.07694
0.20021
0.21696
0.30805
0.28494
0.00760
0.08273
0.11185
0.20728
0.13192
0.19080
0.08578
0.30932
0.16499
0.07021
0.26884
0.30513
0.09662
0.13735
0.18753
0.03957
0.01585
0.19411
0.09496
0.16857
0.21141
0.29091
0.20362
0.29726
0.21091
0.18641
0.21716
0.21942
0.21140
0.04774
0.24351
0.08569
0.07874
0.22595
0.27173
0.26171
0.24175
0.02648
0.05082
0.13637
0.20405
0.16921
0.26253
0.11766
0.18721
0.31226
0.11327
0.22462
0.08267
0.04778
0.01985
0.20978
0.09247
0.04899
0.24539
0.28134
0.08483
0.14070
0.01055
0.11459
0.04992
0.23611
