0.13351
0.09885
0.05467
0.25565
0.04619
0.12564
0.21432
0.12385
0.17050
0.07884
0.16994
0.12498
0.13804
0.12197
0.14587
0.22205
0.16526
0.13794
0.03992
0.11229
0.30521
0.12349
0.14036
0.04915
0.19867
0.13563
0.12419
0.24407
0.07842
0.09633
0.17790
0.24961
0.14134
0.09204
0.07231
0.11240
0.16963
0.09287
0.09272
0.14480
0.28538
0.26054
0.07291
0.11048
0.24369
0.20361
0.12575
0.23908
0.17276
0.17600
0.09254
0.13490
0.14009
0.26478
0.09356
0.25897
0.22485
0.11305
0.09620
0.07261
0.24676
0.27607
0.08807
0.25170
0.29050
0.34445
0.04040
0.15270
0.11533
0.02233
0.13509
0.31040
0.34619
0.21883
0.19599
0.10283
0.09119
0.05278
0.24865
0.15664
0.30531
0.16012
0.32674
0.28876
0.26613
0.34342
0.10466
0.10422
0.14070
0.23598
0.31673
0.15314
0.07023
0.20911
0.04162
0.14689
0.23597
0.23649
0.20379
0.16146
0.09939
0.18263
0.10832
0.11714
0.21749
0.30336
0.10848
0.16828
0.11122
0.26261
0.02159
0.23489
0.07887
0.24277
0.11439
0.12166
0.25999
0.06334
0.11216
0.13892
0.17888
0.05152
0.29460
0.02565
0.08130
0.12595
0.26783
0.28421
0.11328
0.26221
0.07408
0.08510
0.21676
0.33877
0.10436
0.14365
0.06307
0.29450
0.24568
0.03794
0.17105
0.04635
0.27842
0.20525
0.15309
0.25975
0.08116
0.34655
0.14638
0.09001
0.22730
0.19109
0.10219
0.30752
0.27162
0.33467
0.10344
0.09408
0.13028
0.15003
0.24297
0.24772
0.21917
0.30795
0.09938
0.10807
0.29586
0.27600
0.08037
0.28917
0.02178
0.17757
0.17607
0.03674
0.07445
0.19897
0.06041
0.05927
0.21385
0.25970
0.07514
0.09854
0.18741
0.15743
0.07239
0.21582
0.20104
0.19238
0.24662
0.19066
0.11858
0.07729
0.05480
0.12560
0.13033
0.20179
0.18010
0.16347
0.07493
0.29508
0.21884
0.07276
0.14688
0.16870
0.05669
0.19529
0.10037
0.19546
0.23341
0.05832
0.23775
0.21225
0.09822
0.24505
0.26423
0.23861
0.11974
0.23759
0.20938
0.37606
0.08515
0.19145
0.09742
0.05763
0.07571
0.05011
0.12894
0.19121
0.13797
0.06342
0.26011
0.10498
0.24212
0.11439
0.02981
0.24102
0.10391
0.04743
0.10864
0.28031
0.07726
0.29713
0.06829
0.10087
0.15238
0.21032
0.11909
0.06270
0.10126
0.09960
0.10633
0.10944
0.09757
0.27969
0.15520
0.17028
0.16175
0.09648
0.06196
0.14167
0.17984
0.13084
0.21260
0.17699
0.12883
0.27634
0.29187
0.09481
0.16172
0.06658
0.10712
0.11407
0.05187
0.03469
0.36222
0.09158
0.05289
0.14347
0.14481
0.05780
0.13822
0.29374
0.14805
0.04351
0.28770
0.12360
0.16134
0.15345
0.14450
0.16900
0.07201
0.05533
0.14587
0.19409
0.12106
0.09638
0.11140
0.13826
0.20830
0.15951
0.31848
0.23440
0.26917
0.16532
0.07145
0.29688
0.31635
0.31547
0.03286
0.28174
0.13140
0.26034
0.13229
0.11379
0.10544
0.07705
0.09217
0.17850
0.22850
0.05868
0.07369
0.12216
0.23208
0.13336
0.23156
0.16170
0.22112
0.22590
0.12425
0.05639
0.27763
0.28908
0.37794
0.23695
0.33219
0.21920
0.25872
0.25871
0.28020
0.24321
0.05441
0.07136
0.11838
0.23126
0.04318
0.06928
0.17271
0.09784
0.22396
0.07858
0.15839
0.11739
0.28466
0.26311
0.24896
0.17172
0.30772
0.12406
0.16065
0.31715
0.08219
0.19194
0.03689
0.08443
0.15102
0.03017
0.23812
0.33033
0.10637
0.05126
0.13207
0.24956
0.09739
0.08200
0.10530
0.06284
0.05028
0.09119
0.15357
0.06951
0.30081
0.15478
0.14651
0.06144
0.18771
0.29595
0.16901
0.22390
0.35291
0.17832
0.27074
0.29382
0.25553
0.26846
0.29364
0.23000
0.35777
0.22535
0.25336
0.19542
0.22987
0.25266
0.19160
0.36500
0.35178
0.24591
0.23260
0.26764
0.20671
0.33967
0.25702
0.19755
0.31656
0.32519
0.19791
0.20179
0.31976
0.25647
0.22964
0.25838
0.26937
0.31895
0.24382
0.22262
0.35208
0.19795
0.17537
0.29314
0.19432
0.30909
0.34342
0.28252
0.29004
0.24515
0.23041
0.23930
0.27674
0.33516
0.19358
0.28361
0.31361
0.20733
0.25585
0.28015
0.18397
0.25454
0.27188
0.28264
0.31532
0.29517
0.25050
0.19195
0.28634
0.37009
0.14241
0.26349
0.19502
0.15460
0.17482
0.35516
0.30513
0.32646
0.17488
0.35984
0.27207
0.28097
0.38120
0.32476
0.25586
0.28043
0.22705
0.26749
0.15080
0.34782
0.21850
0.22468
0.18605
0.32229
0.18105
0.26292
0.30242
0.25567
0.35025
0.34778
0.20882
0.30137
0.29444
0.20149
0.16858
0.27129
0.18646
0.20607
0.15538
0.30262
0.34959
0.22556
0.21740
0.24333
0.25610
0.22326
0.22863
0.21895
0.23891
0.21248
0.28190
0.23318
0.23660
0.17304
0.32775
0.30921
0.17185
0.28757
0.31897
0.25698
0.34318
0.32817
0.23078
0.25936
0.20157
0.28965
0.29302
0.24562
0.27028
0.22721
0.17527
0.27961
0.22861
0.28100
0.23805
0.22577
0.25219
0.29961
0.22589
0.22994
0.28097
0.22350
0.24116
0.18871
0.19717
0.22549
0.21974
0.19302
0.30660
0.33340
0.32203
0.19602
0.21360
0.32605
0.18584
0.16564
0.17901
0.31114
0.31068
0.16182
0.17595
0.27428
0.21719
0.16804
0.15342
0.21991
0.27271
0.17666
0.23169
0.19672
0.25202
0.16513
0.20840
0.28610
0.22241
0.20970
0.29024
0.26036
0.26100
0.36486
0.20089
0.28837
0.21938
0.35188
0.31798
0.21503
0.26878
0.22612
0.26752
0.19785
0.29744
0.27460
0.21777
0.29908
0.26161
0.34685
0.23554
0.29370
0.22375
0.34752
0.22138
0.25192
0.23727
0.19303
0.28417
0.27642
0.19019
0.17270
0.24364
0.29026
0.18828
0.29855
0.24141
0.22052
0.28603
0.29013
0.30183
0.15478
0.19264
0.32454
0.33649
0.22504
0.26553
0.26161
0.24524
0.22809
0.18105
0.30735
0.28369
0.23002
0.22762
0.19171
0.27312
0.31085
0.27026
0.23537
0.21278
0.33676
0.24742
0.17501
0.18958
0.28726
0.28074
0.24473
0.25763
0.26646
0.33446
0.36600
0.15643
0.23038
0.32613
0.26230
0.22291
0.29387
0.34543
0.21394
0.20923
0.19716
0.22340
0.23847
0.36235
0.28907
0.30836
0.22252
0.24175
0.27187
0.30353
0.29384
0.19206
0.33667
0.21876
0.21205
0.33263
0.29078
0.19945
0.25376
0.22261
0.29509
0.28852
0.34424
0.24550
0.28648
0.18898
0.25918
0.31826
0.11776
0.24252
0.18908
0.20839
0.21091
0.20833
0.25048
0.23975
0.21765
0.23686
0.19424
0.26729
0.35053
0.24085
0.21380
0.19593
0.30101
0.25129
0.21604
0.16442
0.34778
0.29533
0.32933
0.25759
0.20495
0.22897
0.26051
0.19863
0.26640
0.15729
0.30455
0.26126
0.34260
0.30355
0.31579
0.36014
0.28361
0.21226
0.21143
0.14291
0.18337
0.24446
0.23009
0.26868
0.29681
0.24023
0.26608
0.38210
0.32692
0.34786
0.27801
0.31281
0.29423
0.35226
0.23116
0.28122
0.32390
0.32742
0.23751
0.33690
0.38854
0.23353
0.21460
0.33049
0.19355
0.32468
0.32118
0.21644
0.22048
0.34799
0.23265
0.25700
0.32912
0.26328
0.24460
0.22438
0.24626
0.28089
0.28942
0.29230
0.28607
0.21123
0.25994
0.26951
0.24798
0.23977
0.28341
0.12570
0.32543
0.31742
0.36796
0.28470
0.29948
0.39768
0.40332
0.24498
0.20679
0.27773
0.40234
0.27840
0.21276
0.27805
0.34679
0.25143
0.18993
0.31678
0.21995
0.28125
0.24517
0.31262
0.37329
0.43309
0.32014
0.27426
0.24124
0.35570
0.30388
0.28553
0.27078
0.34713
0.25559
0.19840
0.32127
0.44179
0.25543
0.39622
0.41448
0.21728
0.26903
0.31303
0.29434
0.30033
0.21523
0.23579
0.19829
0.29723
0.29956
0.28743
0.30484
0.34481
0.27988
0.23545
0.22316
0.18486
0.22585
0.39111
0.22374
0.15079
0.32937
0.18431
0.22243
0.39713
0.14505
0.26737
0.20880
0.27057
0.24067
0.43134
0.21147
0.30292
0.36967
0.23985
0.22313
0.21490
0.27339
0.24311
0.34268
0.20566
0.35575
0.33677
0.23744
0.24257
0.23109
0.33917
0.27821
0.23016
0.36278
0.41344
0.32619
0.27552
0.33187
0.35320
0.18756
0.26122
0.27463
0.38403
0.22877
0.21203
0.23021
0.35859
0.23927
0.23228
0.23934
0.33285
0.36680
0.21565
0.27132
0.33044
0.30184
0.27534
0.24873
0.35466
0.26055
0.29863
0.25245
0.28637
0.32532
0.25440
0.26528
0.25485
0.32409
0.25246
0.21354
0.30224
0.28724
0.22356
0.27472
0.22060
0.30831
0.19889
0.04099
0.18255
0.19994
0.24100
0.27750
0.20467
0.23286
0.30363
0.19498
0.10770
0.15158
0.04494
0.24481
0.26560
0.19069
0.29520
0.03702
0.11217
0.14348
0.18292
0.07340
0.12625
0.19178
0.25657
0.18806
0.21031
0.24473
0.07633
0.30929
0.19431
0.08748
0.02601
0.09020
0.31043
0.17495
0.25305
0.22833
0.29197
0.02038
0.09352
0.02441
0.06878
0.26182
0.10594
0.17528
0.19482
0.26206
0.14175
0.28458
0.21457
0.03006
0.29083
0.07050
0.08998
0.14579
0.19437
0.17454
0.04764
0.09322
0.20638
0.18621
0.27749
0.27875
0.01767
0.04749
0.17355
0.21319
0.13904
0.21200
0.09517
0.25321
0.18618
0.08813
0.22144
0.27031
0.08796
0.10685
0.13300
0.03102
0.02349
0.23780
0.14864
0.19755
0.27978
0.28490
0.19994
0.33051
0.25771
0.20798
0.22826
0.22642
0.17904
0.05911
0.26079
0.08912
0.05528
0.21850
0.25338
0.28036
0.24152
0.03070
0.05029
0.09940
0.21143
0.21368
0.28095
0.10409
0.20332
0.32855
0.07717
0.21986
0.10668
0.01108
0.06254
0.21008
0.05728
0.09892
0.25238
0.29500
0.06568
0.11636
0.05246
0.05406
0.04692
0.24824
