0.09230
0.13010
0.03676
0.24602
0.08669
0.12444
0.23172
0.13177
0.17332
0.05762
0.19527
0.13005
0.17693
0.11226
0.09471
0.22011
0.13112
0.11114
0.05927
0.13397
0.29888
0.10887
0.19383
0.06597
0.20619
0.14727
0.12022
0.21681
0.12306
0.11296
0.16237
0.23319
0.17850
0.10540
0.08714
0.11238
0.13590
0.05224
0.12384
0.14145
0.29720
0.26042
0.09353
0.12539
0.29521
0.21483
0.12719
0.24321
0.16938
0.11384
0.09784
0.11632
0.16048
0.28060
0.09788
0.27246
0.19437
0.13924
0.11030
0.08210
0.26779
0.29207
0.10511
0.23866
0.27098
0.32630
0.03989
0.18387
0.08886
0.03266
0.16556
0.32089
0.27743
0.17891
0.22205
0.07848
0.07915
0.04531
0.19686
0.19376
0.31239
0.16518
0.32582
0.28700
0.24963
0.34060
0.09971
0.06405
0.16006
0.26989
0.30316
0.19875
0.06551
0.24851
0.06186
0.11222
0.22193
0.22888
0.20781
0.17191
0.09364
0.18833
0.11990
0.12297
0.19930
0.29398
0.16738
0.16515
0.19176
0.31364
0.01528
0.23355
0.08848
0.24780
0.11620
0.16677
0.27230
0.09725
0.09138
0.16297
0.22428
0.08116
0.27125
0.02737
0.11236
0.17139
0.31407
0.27630
0.07345
0.22944
0.08696
0.15730
0.29649
0.31373
0.09737
0.13491
0.08504
0.25720
0.26945
0.04281
0.17816
0.03487
0.28459
0.19917
0.13405
0.34409
0.08687
0.33565
0.20964
0.08652
0.16828
0.24475
0.09993
0.28780
0.31496
0.31144
0.10233
0.14952
0.16086
0.21185
0.22229
0.26989
0.31156
0.33196
0.09845
0.10038
0.32171
0.28225
0.07265
0.26461
0.03816
0.21808
0.23250
0.05051
0.13645
0.22611
0.04372
0.10095
0.16921
0.26060
0.08872
0.10720
0.20231
0.13118
0.05405
0.22878
0.23132
0.22569
0.25919
0.21051
0.11468
0.09311
0.03773
0.12799
0.11907
0.22106
0.18360
0.16471
0.11070
0.26680
0.22876
0.12419
0.14222
0.15321
0.05558
0.21400
0.08603
0.22552
0.23281
0.07060
0.25613
0.23147
0.09015
0.23568
0.23777
0.25723
0.13567
0.19786
0.23877
0.31142
0.08544
0.14141
0.10385
0.06603
0.10462
0.09428
0.13659
0.14908
0.15842
0.05040
0.26684
0.10615
0.19605
0.10925
0.04107
0.25649
0.10975
0.04329
0.13928
0.27172
0.06046
0.31980
0.11481
0.11863
0.15880
0.23417
0.13439
0.05865
0.11297
0.12127
0.10201
0.10069
0.14465
0.21420
0.17105
0.15454
0.21235
0.08050
0.03590
0.13937
0.20784
0.17263
0.22597
0.20940
0.13128
0.27521
0.26591
0.10094
0.16850
0.05476
0.12878
0.12397
0.06039
0.04266
0.37720
0.15401
0.05510
0.17494
0.12532
0.06957
0.12800
0.33054
0.14099
0.04748
0.31585
0.11379
0.15931
0.16943
0.16968
0.12903
0.11109
0.07777
0.21846
0.20263
0.15153
0.09675
0.12427
0.15325
0.17723
0.13340
0.35288
0.25428
0.25986
0.13354
0.10984
0.29181
0.26090
0.29647
0.02738
0.26671
0.12348
0.29411
0.12624
0.09752
0.18334
0.12872
0.08954
0.15210
0.23827
0.07812
0.11236
0.07500
0.25504
0.09207
0.22733
0.14105
0.18377
0.23859
0.15406
0.05045
0.18987
0.28472
0.36506
0.25351
0.31845
0.24550
0.25285
0.25023
0.31185
0.23324
0.05975
0.05998
0.14008
0.23162
0.04853
0.08331
0.18590
0.10647
0.20918
0.12178
0.20242
0.08122
0.29623
0.19049
0.23857
0.19350
0.30192
0.15844
0.19940
0.30107
0.04446
0.23262
0.05535
0.11791
0.17869
0.04888
0.22282
0.30822
0.08162
0.07193
0.14857
0.26359
0.11464
0.06067
0.06511
0.06698
0.06371
0.08547
0.17380
0.09535
0.26511
0.12337
0.20157
0.08487
0.17950
0.26722
0.21861
0.30124
0.34962
0.17497
0.28228
0.31275
0.32300
0.32756
0.26988
0.25047
0.35046
0.26470
0.25127
0.28157
0.22649
0.30853
0.19971
0.37761
0.30830
0.24876
0.28412
0.26051
0.29182
0.35917
0.30451
0.24016
0.31617
0.33441
0.25976
0.29221
0.32378
0.28791
0.24970
0.24796
0.30692
0.30946
0.28170
0.21319
0.34724
0.26568
0.27152
0.30803
0.18003
0.31361
0.35326
0.30095
0.29544
0.32064
0.30619
0.25849
0.29507
0.32384
0.22922
0.30476
0.31051
0.28590
0.30737
0.30246
0.19266
0.30274
0.26821
0.26987
0.29541
0.28296
0.27185
0.18991
0.28741
0.37503
0.13176
0.28925
0.23978
0.22030
0.19385
0.37602
0.30072
0.31994
0.17020
0.34058
0.27318
0.27653
0.36572
0.30295
0.30835
0.29818
0.24644
0.28606
0.19513
0.37224
0.29636
0.21876
0.18468
0.32864
0.20866
0.26736
0.29748
0.26764
0.34291
0.30745
0.23173
0.32049
0.28599
0.18374
0.18605
0.28838
0.18830
0.19755
0.15025
0.27601
0.33096
0.27218
0.29138
0.24228
0.29890
0.23215
0.31233
0.27964
0.30690
0.20147
0.27288
0.31027
0.22703
0.18641
0.34767
0.28815
0.19580
0.28420
0.30257
0.24054
0.36779
0.29623
0.24036
0.29791
0.19318
0.27973
0.30966
0.30156
0.27245
0.23141
0.16186
0.31547
0.23113
0.29621
0.23226
0.30268
0.32577
0.29144
0.20271
0.22849
0.28969
0.21884
0.31637
0.18989
0.23050
0.22092
0.22156
0.24153
0.30930
0.30648
0.32305
0.26764
0.19513
0.31173
0.22735
0.23735
0.23050
0.27890
0.28299
0.15737
0.19378
0.27765
0.30109
0.22654
0.15930
0.23197
0.26939
0.24262
0.25975
0.29718
0.33056
0.17416
0.26716
0.23959
0.29994
0.21724
0.30099
0.25031
0.25379
0.36664
0.19940
0.28674
0.23867
0.35692
0.31362
0.26278
0.29419
0.28877
0.25843
0.19886
0.30600
0.28189
0.28053
0.26244
0.29194
0.32480
0.25941
0.27556
0.21413
0.33570
0.26098
0.29691
0.23086
0.28340
0.27991
0.27717
0.17006
0.25752
0.24543
0.32802
0.21920
0.32460
0.24570
0.28426
0.29417
0.28070
0.30742
0.14838
0.24706
0.32405
0.31236
0.27445
0.30131
0.30685
0.27969
0.24894
0.24348
0.28258
0.29759
0.26532
0.26050
0.18471
0.29691
0.30592
0.27137
0.29169
0.22259
0.31902
0.29747
0.22546
0.16010
0.26448
0.26777
0.29504
0.24632
0.25056
0.33871
0.34821
0.16351
0.25253
0.30209
0.24960
0.29993
0.31900
0.31995
0.23526
0.21007
0.17231
0.27132
0.27477
0.36141
0.27931
0.29289
0.29723
0.24015
0.26780
0.28920
0.26207
0.17474
0.30259
0.20450
0.24972
0.32317
0.30736
0.27990
0.24060
0.25809
0.29041
0.33044
0.31718
0.24611
0.25420
0.19107
0.32147
0.30834
0.13074
0.26029
0.18731
0.23371
0.30743
0.22784
0.26746
0.24430
0.23076
0.21553
0.25031
0.22600
0.33318
0.26211
0.29739
0.20639
0.28725
0.24928
0.24632
0.22665
0.29995
0.27117
0.34337
0.24591
0.24289
0.28370
0.28075
0.24608
0.26777
0.17609
0.32411
0.28214
0.30698
0.26666
0.28574
0.33575
0.25661
0.27786
0.32206
0.18567
0.19954
0.31572
0.24434
0.30182
0.29504
0.28461
0.32986
0.38001
0.29558
0.34134
0.27731
0.29378
0.29053
0.34505
0.25951
0.27297
0.30567
0.31118
0.32046
0.31574
0.38414
0.23643
0.27784
0.34160
0.22599
0.31314
0.31939
0.24814
0.25105
0.34311
0.23771
0.28506
0.31658
0.26641
0.26799
0.27907
0.28424
0.24744
0.28183
0.32527
0.27838
0.24650
0.31645
0.28720
0.32079
0.29755
0.26923
0.14146
0.32005
0.33536
0.35457
0.33005
0.32733
0.37206
0.40381
0.28164
0.18560
0.30343
0.39466
0.27159
0.14103
0.31290
0.34722
0.24915
0.25583
0.35166
0.25417
0.26349
0.26080
0.31223
0.34760
0.40605
0.32028
0.30778
0.25960
0.36316
0.31843
0.31714
0.28651
0.35470
0.27242
0.20035
0.33314
0.43612
0.26392
0.37001
0.39752
0.22138
0.28476
0.35450
0.32418
0.30677
0.26197
0.28827
0.20567
0.29026
0.29028
0.32361
0.29859
0.35094
0.29039
0.30113
0.26065
0.23721
0.26554
0.40012
0.22447
0.13726
0.36663
0.13566
0.18209
0.38921
0.15504
0.23361
0.21662
0.25795
0.25823
0.43863
0.20725
0.33433
0.37325
0.22481
0.24300
0.25232
0.22975
0.22698
0.35311
0.18412
0.38406
0.36076
0.27283
0.25415
0.27158
0.36137
0.25616
0.23102
0.35740
0.43150
0.30349
0.29353
0.35725
0.36655
0.23285
0.25957
0.29222
0.41057
0.23251
0.25491
0.24413
0.37087
0.29046
0.25334
0.27576
0.31468
0.32137
0.25998
0.30569
0.30931
0.28025
0.29702
0.25286
0.39493
0.31029
0.27551
0.28878
0.30849
0.34416
0.25982
0.31192
0.23886
0.34089
0.26955
0.25256
0.31912
0.29106
0.23051
0.29945
0.21590
0.32141
0.20984
0.05853
0.15714
0.23357
0.22397
0.26040
0.20407
0.24745
0.39683
0.17318
0.06129
0.11836
0.06357
0.27092
0.23126
0.13759
0.29310
0.07040
0.10104
0.18117
0.17811
0.07026
0.16868
0.21475
0.29106
0.21988
0.20698
0.22907
0.05480
0.33415
0.23495
0.01296
0.05495
0.08513
0.29644
0.12385
0.24063
0.18697
0.30731
0.09998
0.09000
0.04773
0.07822
0.31242
0.17377
0.14533
0.12934
0.32225
0.11313
0.27743
0.21637
0.06604
0.28726
0.06875
0.06318
0.24222
0.18514
0.24291
0.03996
0.05042
0.21250
0.16807
0.28974
0.26158
0.02668
0.06252
0.20260
0.20511
0.27819
0.21502
0.06548
0.28626
0.14847
0.12155
0.25679
0.28016
0.13505
0.07122
0.15001
0.05137
0.02758
0.25918
0.18070
0.20082
0.24176
0.27215
0.20318
0.34487
0.26963
0.21995
0.19166
0.22125
0.17547
0.05404
0.26742
0.08892
0.04348
0.21339
0.20187
0.29423
0.25950
0.05619
0.01283
0.16259
0.16082
0.24290
0.28143
0.09803
0.16965
0.29591
0.16449
0.24517
0.11246
0.04252
0.03421
0.14221
0.07411
0.08707
0.21681
0.26741
0.08272
0.19232
0.02365
0.06764
0.05701
0.22702
