0.10856
0.09098
0.05487
0.26709
0.07666
0.13741
0.20928
0.14112
0.14416
0.06664
0.16041
0.13962
0.19230
0.12919
0.09874
0.20990
0.15214
0.11627
0.04754
0.12762
0.29779
0.14760
0.10988
0.08274
0.24663
0.14458
0.16050
0.28146
0.12605
0.19202
0.15596
0.26645
0.14221
0.10307
0.08338
0.10320
0.16072
0.09008
0.14066
0.17017
0.31640
0.25843
0.08285
0.16126
0.29223
0.25203
0.16526
0.24339
0.19728
0.18023
0.10566
0.16810
0.11808
0.27831
0.10020
0.22278
0.20464
0.15286
0.08348
0.08288
0.27776
0.27756
0.14207
0.23203
0.26863
0.31875
0.09789
0.13742
0.14359
0.04221
0.15371
0.30204
0.32347
0.19999
0.23232
0.16072
0.15847
0.03775
0.18890
0.17940
0.30140
0.21214
0.34952
0.26723
0.27198
0.36717
0.09931
0.07227
0.12348
0.26527
0.30027
0.15816
0.11500
0.25357
0.05111
0.17141
0.23591
0.21053
0.19015
0.14355
0.09651
0.18596
0.12500
0.14974
0.19690
0.30994
0.15883
0.20459
0.20087
0.28598
0.04718
0.28195
0.09102
0.18973
0.12605
0.19689
0.27999
0.08003
0.12338
0.15756
0.25962
0.07785
0.28081
0.04555
0.11460
0.14929
0.31544
0.28254
0.15338
0.27671
0.08320
0.09021
0.28147
0.34992
0.11070
0.13623
0.05847
0.29655
0.26423
0.07541
0.20300
0.05028
0.28376
0.23980
0.13648
0.25951
0.07146
0.34167
0.16791
0.09712
0.17451
0.25444
0.10242
0.33104
0.31451
0.33266
0.13396
0.16524
0.15658
0.25454
0.29262
0.24601
0.26958
0.34579
0.10550
0.09728
0.25371
0.26957
0.08356
0.29344
0.02017
0.24721
0.24110
0.03268
0.11431
0.21115
0.08560
0.07995
0.20161
0.26610
0.07891
0.09726
0.19074
0.14004
0.09825
0.15430
0.22110
0.24539
0.25502
0.16300
0.08576
0.06931
0.03543
0.14052
0.20705
0.22789
0.20153
0.17269
0.10137
0.27417
0.23251
0.09162
0.16770
0.15067
0.08488
0.24517
0.11508
0.15927
0.23892
0.12688
0.26465
0.24042
0.08305
0.27154
0.25785
0.22577
0.12642
0.26026
0.22031
0.32827
0.10573
0.23548
0.13470
0.07669
0.11927
0.04525
0.14576
0.25524
0.17720
0.04769
0.24206
0.13248
0.22702
0.10471
0.08427
0.20258
0.10971
0.07390
0.12613
0.26265
0.09804
0.28629
0.11468
0.09603
0.16642
0.22926
0.11406
0.07491
0.08975
0.11474
0.14615
0.13012
0.13537
0.29386
0.16470
0.17170
0.18022
0.10211
0.02929
0.15457
0.17646
0.15676
0.22866
0.16479
0.13096
0.21644
0.28397
0.09183
0.15491
0.05891
0.15695
0.13820
0.07222
0.03533
0.37050
0.16749
0.07048
0.21242
0.19298
0.08022
0.15566
0.32848
0.10892
0.10653
0.30969
0.12403
0.20602
0.15003
0.12176
0.17723
0.11866
0.06952
0.19057
0.21674
0.14375
0.11759
0.19692
0.17401
0.18552
0.15317
0.31572
0.28832
0.27793
0.17378
0.11739
0.27514
0.29767
0.30712
0.03880
0.26553
0.12180
0.29643
0.17287
0.11002
0.15716
0.11877
0.09345
0.22420
0.24779
0.06173
0.10187
0.06080
0.26703
0.14773
0.25740
0.19868
0.22999
0.23295
0.15178
0.04765
0.27215
0.28198
0.37514
0.23081
0.31867
0.21975
0.24493
0.29189
0.27267
0.27357
0.07376
0.11228
0.12580
0.22175
0.03245
0.11040
0.20388
0.16714
0.21368
0.12077
0.17777
0.15003
0.28779
0.25772
0.25407
0.20476
0.30857
0.11763
0.14800
0.28410
0.13420
0.23576
0.09594
0.08807
0.22274
0.06809
0.22923
0.37039
0.09259
0.10268
0.17244
0.25661
0.11945
0.03777
0.08272
0.08626
0.05968
0.05946
0.21238
0.11862
0.28021
0.15612
0.23456
0.10193
0.17000
0.30218
0.16561
0.28329
0.35051
0.16002
0.28811
0.27423
0.29332
0.30671
0.28776
0.25860
0.35120
0.23385
0.24552
0.23542
0.20349
0.30537
0.18194
0.36775
0.33049
0.24685
0.24361
0.24602
0.26650
0.33127
0.28093
0.24265
0.29586
0.33221
0.20063
0.25981
0.32551
0.25170
0.23061
0.20885
0.28420
0.29986
0.24196
0.22223
0.34511
0.23427
0.24260
0.28986
0.16483
0.28634
0.34392
0.27591
0.28143
0.31616
0.26589
0.22610
0.28583
0.33412
0.20514
0.28088
0.30682
0.24263
0.29221
0.28672
0.20550
0.30308
0.23813
0.27015
0.31058
0.29128
0.27023
0.16837
0.28352
0.35201
0.13019
0.27389
0.19263
0.17993
0.19610
0.32929
0.29695
0.32130
0.16433
0.35133
0.26212
0.25892
0.35349
0.30049
0.29287
0.26899
0.23367
0.25414
0.18643
0.35566
0.30376
0.22012
0.14995
0.29618
0.20105
0.24859
0.27517
0.23806
0.34307
0.31370
0.20736
0.31420
0.29574
0.17961
0.14899
0.28581
0.15654
0.18933
0.16084
0.29603
0.33941
0.24010
0.26726
0.23820
0.31016
0.19748
0.30925
0.25990
0.26331
0.20598
0.27624
0.29108
0.18496
0.15438
0.31597
0.30366
0.16758
0.30948
0.32056
0.23125
0.33351
0.31004
0.21979
0.23284
0.19665
0.27300
0.28544
0.25450
0.27563
0.23865
0.17974
0.29403
0.22599
0.27622
0.21533
0.26284
0.33104
0.29402
0.17943
0.22029
0.27722
0.20120
0.28334
0.18559
0.24526
0.25033
0.22441
0.20849
0.28116
0.31481
0.31205
0.23459
0.19572
0.33028
0.22391
0.18270
0.18421
0.29586
0.31205
0.13955
0.18151
0.28856
0.27995
0.18380
0.15210
0.22626
0.24620
0.18581
0.23677
0.25334
0.30991
0.16570
0.23586
0.26039
0.28056
0.18001
0.28569
0.27285
0.25591
0.34242
0.17586
0.30082
0.19691
0.34956
0.32296
0.23183
0.24494
0.28850
0.25628
0.19089
0.26931
0.29069
0.23005
0.28225
0.26529
0.33917
0.24802
0.28959
0.24140
0.33989
0.21454
0.24461
0.24175
0.27632
0.25556
0.25754
0.21018
0.25753
0.25178
0.29417
0.20838
0.29154
0.22710
0.26215
0.26612
0.28706
0.29765
0.14713
0.20127
0.33043
0.32116
0.25374
0.28663
0.25948
0.24571
0.23014
0.21470
0.29701
0.27241
0.24860
0.24977
0.15640
0.28031
0.30374
0.23481
0.26202
0.22981
0.33083
0.26362
0.17323
0.21300
0.28281
0.27246
0.29570
0.26907
0.24683
0.33467
0.34653
0.15868
0.25056
0.31054
0.28309
0.26637
0.29404
0.33598
0.21053
0.20897
0.18454
0.24953
0.28954
0.34926
0.30126
0.26948
0.27608
0.20789
0.24351
0.29461
0.27189
0.18379
0.32667
0.22653
0.24924
0.34373
0.27330
0.25142
0.23580
0.20723
0.29793
0.33351
0.33229
0.27343
0.28236
0.18671
0.30551
0.31114
0.11813
0.26231
0.18981
0.22134
0.29028
0.23070
0.23616
0.22882
0.26669
0.20930
0.20236
0.25496
0.33815
0.25417
0.25856
0.19491
0.28895
0.24977
0.21477
0.17789
0.31309
0.28183
0.31466
0.27116
0.24242
0.27187
0.24812
0.23975
0.25332
0.19261
0.31306
0.24890
0.33592
0.28182
0.29557
0.34024
0.25094
0.26397
0.30383
0.16614
0.20202
0.29550
0.22831
0.28695
0.30642
0.26615
0.33118
0.36751
0.31354
0.32403
0.24907
0.30260
0.26224
0.34338
0.25665
0.25259
0.30905
0.32192
0.29436
0.32045
0.37810
0.22579
0.23699
0.32003
0.25178
0.31577
0.28572
0.23109
0.27128
0.34824
0.22044
0.24819
0.31711
0.24212
0.20708
0.23664
0.27725
0.26303
0.28289
0.30660
0.27708
0.22696
0.30271
0.26929
0.31151
0.28235
0.27934
0.13072
0.31508
0.33183
0.34974
0.31240
0.30461
0.40194
0.39591
0.29456
0.19237
0.31537
0.37860
0.27436
0.16220
0.30622
0.34527
0.24267
0.24462
0.32421
0.25774
0.26785
0.23807
0.32565
0.34310
0.39573
0.30404
0.31116
0.27899
0.38803
0.30785
0.29764
0.29520
0.35544
0.28241
0.18510
0.31332
0.44835
0.24246
0.40654
0.42185
0.19376
0.29204
0.37190
0.32187
0.29064
0.27475
0.28871
0.22711
0.29068
0.28537
0.30933
0.28699
0.37074
0.29807
0.29974
0.24902
0.24919
0.26482
0.40396
0.24428
0.11639
0.34285
0.10968
0.20651
0.40313
0.15505
0.24995
0.20735
0.27274
0.23889
0.44098
0.17928
0.33242
0.39244
0.24240
0.26074
0.26074
0.25077
0.21128
0.35696
0.15527
0.36803
0.34280
0.23765
0.26382
0.24099
0.35707
0.28758
0.20776
0.33133
0.40455
0.32245
0.28554
0.36409
0.37354
0.21955
0.23368
0.29571
0.39297
0.22710
0.23517
0.24248
0.35447
0.28653
0.25838
0.27930
0.32184
0.35315
0.23587
0.30566
0.31291
0.27859
0.29998
0.25699
0.37721
0.27292
0.26939
0.29313
0.31471
0.34305
0.27246
0.32615
0.23545
0.31964
0.26136
0.24097
0.31611
0.27841
0.23135
0.28768
0.13589
0.35375
0.23199
0.05454
0.15940
0.16470
0.23548
0.27811
0.19304
0.28776
0.34098
0.24107
0.07620
0.14275
0.05575
0.31411
0.26702
0.18317
0.31253
0.05936
0.07115
0.17300
0.15057
0.07771
0.13082
0.25523
0.25434
0.21751
0.21843
0.27182
0.05560
0.29060
0.22412
0.03060
0.07640
0.18057
0.30937
0.07726
0.25522
0.20559
0.28859
0.05814
0.04709
0.07153
0.04515
0.27874
0.12593
0.18974
0.18096
0.31464
0.17353
0.28058
0.21883
0.03068
0.29552
0.05283
0.08520
0.28186
0.18280
0.23918
0.04918
0.03560
0.21434
0.20619
0.30318
0.26957
0.04229
0.05568
0.16559
0.20656
0.15947
0.19496
0.14602
0.18877
0.19324
0.12771
0.28461
0.32116
0.08887
0.14949
0.12383
0.06421
0.03045
0.21362
0.08947
0.19809
0.21352
0.27268
0.20361
0.32864
0.26271
0.25853
0.18081
0.24254
0.12728
0.03933
0.26189
0.13773
0.04108
0.23982
0.23972
0.28170
0.23936
0.07109
0.06242
0.10766
0.21272
0.24488
0.29588
0.08295
0.19263
0.31448
0.09134
0.24714
0.10077
0.03910
0.04275
0.11580
0.06347
0.12261
0.25264
0.30152
0.08785
0.10451
0.06738
0.12580
0.09648
0.27342
