0.09663
0.10400
0.07617
0.25487
0.08108
0.12956
0.24109
0.15935
0.15943
0.08605
0.22588
0.14715
0.10280
0.14235
0.12695
0.22746
0.11023
0.12805
0.07392
0.16306
0.30494
0.15943
0.13574
0.08201
0.21596
0.12679
0.10482
0.28828
0.14062
0.17310
0.14402
0.26818
0.16080
0.10316
0.09112
0.10098
0.07897
0.04820
0.15841
0.15210
0.31795
0.28818
0.10818
0.15958
0.27163
0.20396
0.13371
0.25681
0.15777
0.16355
0.09430
0.10711
0.18030
0.31266
0.09947
0.24730
0.25175
0.12810
0.15307
0.06821
0.29490
0.28702
0.13519
0.21533
0.29686
0.30752
0.05571
0.18904
0.12937
0.04129
0.17262
0.29257
0.31414
0.21748
0.27180
0.13390
0.09569
0.03832
0.19328
0.16305
0.29971
0.21937
0.33139
0.26129
0.27328
0.38111
0.09824
0.10241
0.13320
0.24478
0.32140
0.15774
0.07238
0.24394
0.04794
0.17479
0.22736
0.20946
0.20960
0.16217
0.09605
0.19599
0.13696
0.12297
0.24217
0.28385
0.15997
0.17872
0.17667
0.27797
0.02895
0.26609
0.05932
0.24224
0.12962
0.21509
0.25062
0.09828
0.06398
0.15590
0.23556
0.05916
0.29084
0.04452
0.10870
0.18034
0.33115
0.27977
0.17832
0.23064
0.09520
0.09287
0.25220
0.33370
0.10077
0.13868
0.07187
0.28167
0.26089
0.06185
0.17641
0.05327
0.28013
0.19979
0.14787
0.25764
0.07913
0.32461
0.18347
0.10015
0.21628
0.21402
0.12899
0.30882
0.30051
0.31429
0.12466
0.15264
0.13797
0.23679
0.30243
0.27290
0.28518
0.30978
0.08508
0.07955
0.31563
0.26526
0.09123
0.28621
0.05370
0.19464
0.24184
0.03550
0.10998
0.22448
0.07216
0.08363
0.18372
0.25694
0.06928
0.11060
0.23622
0.14503
0.13561
0.20731
0.19763
0.22821
0.23141
0.20531
0.12809
0.07745
0.04678
0.12179
0.14814
0.23183
0.22605
0.17714
0.12256
0.27320
0.26043
0.03777
0.17921
0.17480
0.07502
0.25966
0.12227
0.18767
0.24697
0.12824
0.25133
0.24629
0.09751
0.24607
0.26789
0.23030
0.13368
0.32924
0.24196
0.31848
0.13995
0.23652
0.12170
0.05111
0.09786
0.05163
0.17767
0.21840
0.15060
0.05568
0.28111
0.14166
0.24518
0.12257
0.04650
0.22694
0.10462
0.09179
0.11448
0.26051
0.05699
0.32385
0.11460
0.10288
0.18191
0.23316
0.11428
0.05638
0.13958
0.11923
0.10568
0.10560
0.09207
0.25702
0.14038
0.18169
0.18558
0.08549
0.05541
0.13249
0.21264
0.13115
0.20100
0.16638
0.10153
0.29450
0.29138
0.09577
0.18178
0.06523
0.12355
0.13471
0.06310
0.03403
0.36112
0.13741
0.07662
0.21498
0.12714
0.06976
0.21071
0.32045
0.13771
0.07663
0.26526
0.11163
0.17420
0.16062
0.15197
0.17602
0.09020
0.09974
0.19779
0.19143
0.12079
0.09632
0.18529
0.17447
0.16946
0.14180
0.33380
0.24484
0.27109
0.13746
0.13646
0.30671
0.29752
0.33178
0.03647
0.24679
0.11829
0.29359
0.15272
0.08128
0.14786
0.13766
0.09404
0.23016
0.22391
0.06994
0.07566
0.09817
0.28062
0.18135
0.21594
0.21607
0.21865
0.24750
0.13082
0.06891
0.30468
0.30034
0.38553
0.29101
0.33916
0.22329
0.24165
0.28058
0.27872
0.27853
0.05262
0.08465
0.13086
0.20315
0.05420
0.09120
0.20012
0.12111
0.18386
0.07815
0.16360
0.15219
0.26721
0.25559
0.27072
0.21487
0.30678
0.11560
0.13804
0.29594
0.09951
0.19995
0.06611
0.06959
0.16904
0.04925
0.22203
0.33984
0.11242
0.08995
0.16590
0.24323
0.12168
0.05182
0.10115
0.07737
0.07698
0.07585
0.19563
0.05316
0.26979
0.14443
0.22488
0.10995
0.18959
0.25629
0.22090
0.28335
0.31524
0.18570
0.22231
0.30008
0.30591
0.31407
0.25510
0.27156
0.29907
0.26745
0.24765
0.26555
0.22773
0.30400
0.20115
0.35637
0.27582
0.26734
0.26713
0.27409
0.27174
0.37832
0.29957
0.25980
0.24172
0.30604
0.25038
0.27001
0.27732
0.29153
0.27236
0.27420
0.29842
0.27343
0.26615
0.22187
0.32555
0.27853
0.26022
0.32644
0.20617
0.33085
0.30408
0.30603
0.29727
0.31314
0.29558
0.27351
0.29062
0.29561
0.24067
0.29902
0.25955
0.25848
0.28970
0.30379
0.20653
0.30897
0.28322
0.25597
0.27801
0.25101
0.29108
0.20636
0.23560
0.31761
0.15112
0.28671
0.23478
0.20215
0.18373
0.37834
0.32444
0.27220
0.16785
0.29470
0.27889
0.26610
0.32475
0.25034
0.30137
0.29766
0.24389
0.29691
0.20477
0.32820
0.30721
0.27157
0.17980
0.34858
0.22272
0.28522
0.25872
0.25136
0.31756
0.25955
0.23503
0.27596
0.26476
0.20249
0.19006
0.29393
0.19704
0.21710
0.19163
0.28345
0.28532
0.27418
0.27769
0.25178
0.29957
0.24232
0.30390
0.27979
0.29340
0.21144
0.25695
0.30037
0.22721
0.18111
0.35770
0.26981
0.22860
0.26978
0.28655
0.26538
0.36755
0.24166
0.24548
0.30407
0.20303
0.27026
0.31289
0.29672
0.25558
0.23094
0.17755
0.30715
0.24255
0.29563
0.21851
0.28684
0.32638
0.24618
0.21600
0.22969
0.28511
0.22020
0.29901
0.21241
0.22262
0.23357
0.23574
0.23463
0.32212
0.28012
0.29517
0.25371
0.23130
0.28376
0.23327
0.24559
0.22082
0.27342
0.28677
0.16650
0.20804
0.29316
0.28054
0.25168
0.17976
0.23030
0.23850
0.23806
0.24195
0.28436
0.31812
0.18953
0.27695
0.23631
0.29137
0.22050
0.29489
0.25117
0.26624
0.38353
0.21729
0.28655
0.23824
0.32534
0.27179
0.26097
0.29248
0.29537
0.25628
0.19444
0.30687
0.27131
0.27328
0.23861
0.25321
0.30542
0.25060
0.27907
0.23390
0.29280
0.26107
0.30130
0.23821
0.28277
0.27889
0.25467
0.19425
0.26771
0.23355
0.32372
0.20869
0.31812
0.26040
0.27995
0.25591
0.24211
0.26546
0.15669
0.25013
0.29126
0.26669
0.26947
0.30314
0.30960
0.26835
0.26536
0.27232
0.27026
0.30667
0.27650
0.26867
0.18691
0.30388
0.25636
0.27651
0.28192
0.26930
0.29427
0.29572
0.23136
0.19899
0.23811
0.27020
0.31246
0.27582
0.22876
0.31834
0.29734
0.17432
0.27290
0.26844
0.29158
0.28680
0.32701
0.29180
0.23937
0.21435
0.17532
0.26890
0.28552
0.33090
0.28249
0.30892
0.29295
0.25183
0.28454
0.26436
0.23585
0.18531
0.28077
0.21926
0.24422
0.30092
0.29585
0.28869
0.26029
0.25719
0.26021
0.32569
0.28997
0.26249
0.24120
0.19728
0.31808
0.28519
0.13664
0.27786
0.21697
0.26129
0.29125
0.25547
0.27647
0.23470
0.28060
0.20532
0.24448
0.23796
0.28980
0.28797
0.28074
0.20934
0.26395
0.24786
0.26520
0.21986
0.28614
0.23674
0.33079
0.24636
0.26951
0.28838
0.28632
0.24487
0.25412
0.18693
0.29234
0.28605
0.29869
0.24194
0.25793
0.30168
0.26203
0.26545
0.30357
0.17712
0.23071
0.30211
0.24483
0.30021
0.27215
0.29553
0.30800
0.34033
0.26343
0.30289
0.28402
0.26474
0.28397
0.32022
0.27828
0.28472
0.28321
0.28108
0.30320
0.28611
0.33520
0.22264
0.28537
0.29823
0.22928
0.30147
0.34177
0.24707
0.24186
0.29821
0.23789
0.28959
0.27273
0.28753
0.26417
0.26636
0.28769
0.24382
0.28777
0.31113
0.26678
0.26692
0.30754
0.28239
0.30654
0.29554
0.27300
0.17501
0.30855
0.32462
0.31212
0.30562
0.29847
0.37530
0.37775
0.28461
0.21239
0.31299
0.35586
0.26681
0.18450
0.30273
0.34540
0.27825
0.25405
0.29859
0.26614
0.26334
0.23130
0.33382
0.33336
0.36106
0.26640
0.30886
0.28464
0.37934
0.22022
0.27813
0.29186
0.31588
0.28681
0.21889
0.29098
0.41788
0.27547
0.37629
0.38730
0.19432
0.29459
0.34842
0.28595
0.27508
0.24481
0.29689
0.22276
0.26571
0.31343
0.29458
0.25141
0.35795
0.28868
0.29494
0.26173
0.22828
0.27821
0.36759
0.21417
0.12805
0.35437
0.17604
0.18913
0.38237
0.19078
0.19408
0.24740
0.27774
0.22293
0.42411
0.20463
0.33302
0.37199
0.25158
0.20595
0.25932
0.20960
0.22818
0.35370
0.19821
0.34906
0.33537
0.29672
0.25006
0.25490
0.32573
0.25814
0.20916
0.28006
0.39551
0.30948
0.25680
0.33945
0.36984
0.24458
0.28258
0.26292
0.36886
0.18220
0.22754
0.23154
0.34562
0.29582
0.24222
0.27430
0.31364
0.34565
0.23252
0.29618
0.33084
0.29203
0.28829
0.25934
0.35328
0.28874
0.21356
0.30168
0.32051
0.31431
0.26043
0.30099
0.23806
0.34453
0.25648
0.26723
0.31190
0.30423
0.24448
0.29620
0.21097
0.31184
0.23229
0.04868
0.15574
0.21330
0.24745
0.22024
0.21142
0.29174
0.35449
0.18920
0.07004
0.21535
0.05165
0.30539
0.27339
0.19223
0.29425
0.04505
0.09374
0.19145
0.21128
0.06214
0.16617
0.15154
0.26626
0.24088
0.21502
0.28159
0.05571
0.31009
0.23406
0.10256
0.05266
0.12214
0.31705
0.11185
0.16035
0.20174
0.32127
0.04998
0.11688
0.08490
0.05491
0.27147
0.10474
0.13335
0.20424
0.32420
0.12928
0.31804
0.21973
0.08021
0.26845
0.05474
0.07398
0.23849
0.19334
0.27166
0.09840
0.10469
0.20176
0.21375
0.23816
0.26653
0.07447
0.05714
0.17723
0.21682
0.17239
0.19922
0.11301
0.29011
0.12707
0.12189
0.27746
0.28515
0.09101
0.12067
0.17677
0.06054
0.03505
0.24575
0.21499
0.19022
0.25058
0.25883
0.19973
0.35249
0.19628
0.27769
0.21090
0.19949
0.20136
0.04418
0.23620
0.07536
0.09166
0.20782
0.23461
0.30451
0.20534
0.06746
0.09767
0.14865
0.20662
0.26009
0.28126
0.08351
0.20973
0.30835
0.15409
0.24794
0.12793
0.03791
0.03385
0.15229
0.06454
0.07472
0.27282
0.25875
0.08900
0.10227
0.03125
0.07686
0.12598
0.29298
