0.13215
0.09387
0.06845
0.25128
0.10543
0.15837
0.18596
0.16428
0.21537
0.07180
0.17750
0.12212
0.17240
0.11731
0.11443
0.22415
0.11864
0.17954
0.05629
0.12312
0.31182
0.15022
0.14705
0.05276
0.24277
0.15568
0.12863
0.28168
0.07664
0.21977
0.17444
0.27055
0.13204
0.11961
0.10092
0.09334
0.11572
0.10248
0.12511
0.15810
0.32734
0.26347
0.09967
0.11863
0.28011
0.22272
0.18918
0.23484
0.18477
0.18329
0.09160
0.17093
0.13504
0.27642
0.08937
0.21813
0.22468
0.11701
0.10417
0.09994
0.27506
0.30009
0.14102
0.19909
0.25401
0.32423
0.04252
0.15654
0.11699
0.08703
0.11012
0.30514
0.32955
0.19739
0.28135
0.10675
0.10282
0.05616
0.21119
0.17959
0.30768
0.18728
0.32252
0.27199
0.27810
0.36335
0.09391
0.08948
0.14491
0.27659
0.31466
0.13793
0.07619
0.26189
0.06898
0.17188
0.21994
0.22628
0.19543
0.19799
0.09662
0.16965
0.10375
0.11742
0.23632
0.31123
0.13639
0.16102
0.19313
0.27624
0.03201
0.26429
0.10965
0.24665
0.09909
0.20267
0.26921
0.06271
0.06303
0.18882
0.24457
0.07257
0.27378
0.02584
0.11567
0.15656
0.29933
0.30496
0.20488
0.22836
0.10112
0.14081
0.29996
0.33669
0.09773
0.18124
0.08801
0.30767
0.24264
0.04582
0.16053
0.05687
0.27264
0.17778
0.12152
0.29067
0.13412
0.33164
0.16198
0.08996
0.14483
0.24932
0.11722
0.30492
0.28866
0.30831
0.13865
0.15582
0.13159
0.25694
0.28900
0.26735
0.25022
0.32319
0.09558
0.14414
0.29874
0.28799
0.11730
0.28351
0.04212
0.23222
0.25695
0.02784
0.10976
0.21215
0.08869
0.08211
0.16187
0.28121
0.13998
0.10060
0.19294
0.16620
0.09140
0.17627
0.22218
0.24463
0.26032
0.22962
0.14614
0.06854
0.07031
0.13641
0.12069
0.24389
0.21555
0.20072
0.14411
0.28820
0.23790
0.09579
0.20509
0.15700
0.06431
0.20697
0.12500
0.21250
0.27515
0.15189
0.25652
0.25423
0.10095
0.26874
0.27171
0.23662
0.11368
0.30008
0.22787
0.32166
0.10335
0.21310
0.09894
0.09017
0.09780
0.06096
0.23645
0.19167
0.17485
0.07455
0.24002
0.10981
0.26211
0.11505
0.04856
0.22129
0.12276
0.05735
0.09536
0.26896
0.09398
0.31020
0.08492
0.10995
0.13667
0.22480
0.10525
0.07874
0.11514
0.09438
0.10729
0.15646
0.14718
0.29848
0.13106
0.14875
0.18956
0.10606
0.07567
0.12138
0.20044
0.16881
0.21887
0.17543
0.15379
0.29652
0.26777
0.09135
0.20738
0.07932
0.11272
0.11332
0.06897
0.05375
0.37706
0.20272
0.06271
0.18498
0.12276
0.07357
0.16349
0.32065
0.12347
0.11150
0.30094
0.12144
0.20286
0.18396
0.18283
0.12712
0.11867
0.07011
0.22542
0.23089
0.14913
0.09188
0.18168
0.15106
0.21733
0.18018
0.35620
0.28536
0.24821
0.18168
0.09992
0.29698
0.30406
0.32115
0.04366
0.27297
0.11740
0.31427
0.17316
0.11129
0.14918
0.12099
0.09219
0.16365
0.25959
0.07685
0.09640
0.10884
0.27079
0.17246
0.20981
0.22069
0.25419
0.27152
0.16940
0.07203
0.22790
0.29144
0.38029
0.20709
0.33707
0.22011
0.26050
0.30597
0.24921
0.27649
0.06450
0.08109
0.15361
0.21532
0.07724
0.07548
0.20907
0.12100
0.22183
0.10334
0.18697
0.10743
0.25699
0.26280
0.24944
0.22130
0.27313
0.15397
0.11635
0.31359
0.06448
0.23059
0.05377
0.08791
0.17954
0.06678
0.25023
0.35191
0.06467
0.07251
0.11055
0.23461
0.10277
0.06328
0.05748
0.04823
0.05634
0.12740
0.18527
0.10286
0.27945
0.15950
0.23824
0.07547
0.18205
0.30316
0.20619
0.28773
0.36062
0.16767
0.29893
0.30667
0.29890
0.31594
0.28848
0.23383
0.35456
0.25304
0.23395
0.25096
0.22273
0.28790
0.19476
0.37713
0.34593
0.24993
0.26347
0.25426
0.22736
0.33514
0.30261
0.22257
0.31251
0.34804
0.21829
0.25401
0.32816
0.26491
0.24605
0.26046
0.28982
0.31363
0.26477
0.23285
0.34881
0.27009
0.22376
0.31013
0.17093
0.30961
0.35976
0.29931
0.31764
0.30045
0.28106
0.23918
0.29780
0.34672
0.21534
0.31261
0.33798
0.22845
0.28901
0.29887
0.19194
0.31089
0.26251
0.28627
0.31564
0.30067
0.27375
0.18663
0.29051
0.36915
0.14869
0.28060
0.21610
0.19226
0.21144
0.35446
0.31326
0.32344
0.15472
0.35408
0.26850
0.28126
0.37744
0.31029
0.30518
0.29503
0.22934
0.28659
0.19453
0.37080
0.28422
0.22202
0.17728
0.32317
0.21888
0.27318
0.29890
0.26927
0.35282
0.32798
0.22231
0.32524
0.32367
0.18020
0.20008
0.29033
0.18759
0.19923
0.14802
0.29341
0.34106
0.26060
0.26770
0.24331
0.29486
0.22313
0.29241
0.25611
0.27043
0.20652
0.29473
0.29051
0.22506
0.17743
0.35968
0.30571
0.19673
0.33113
0.32547
0.24599
0.35308
0.31996
0.24924
0.27106
0.20675
0.29410
0.32729
0.27672
0.27869
0.24575
0.15352
0.32207
0.20686
0.29733
0.21256
0.28381
0.31241
0.29495
0.20739
0.25052
0.28333
0.22190
0.30728
0.19797
0.22708
0.21500
0.23977
0.20902
0.31468
0.33278
0.33052
0.23453
0.21317
0.32675
0.22199
0.20806
0.19841
0.30635
0.30837
0.16522
0.17580
0.27395
0.27878
0.20396
0.15366
0.21145
0.27335
0.23024
0.24158
0.25174
0.31297
0.18202
0.22845
0.27945
0.28421
0.19196
0.28572
0.28300
0.25595
0.36452
0.19154
0.30434
0.22213
0.37235
0.31966
0.25666
0.26767
0.28392
0.28845
0.18777
0.31603
0.26987
0.24616
0.28992
0.25149
0.34326
0.24580
0.28922
0.24681
0.34855
0.23945
0.28043
0.22485
0.23825
0.28573
0.25389
0.21937
0.23733
0.23646
0.30067
0.21210
0.29581
0.22311
0.25231
0.29482
0.29399
0.30027
0.14851
0.22452
0.32692
0.33681
0.26863
0.29445
0.30575
0.25912
0.23061
0.19571
0.30317
0.29339
0.27565
0.23644
0.21486
0.30252
0.32232
0.26469
0.26040
0.24035
0.33591
0.28095
0.19231
0.20154
0.28318
0.28782
0.27195
0.26894
0.25252
0.35896
0.36539
0.14700
0.21690
0.32390
0.23843
0.27569
0.30024
0.33740
0.21021
0.19695
0.19854
0.24966
0.25521
0.36676
0.29169
0.28550
0.27643
0.23198
0.26427
0.29795
0.28484
0.16980
0.34535
0.20350
0.23114
0.34598
0.31159
0.23767
0.22321
0.24968
0.30029
0.32516
0.33983
0.25978
0.27973
0.20208
0.29617
0.32228
0.12454
0.26967
0.19407
0.25341
0.26196
0.24043
0.27783
0.23678
0.22374
0.23964
0.23168
0.24112
0.35229
0.27619
0.27212
0.19567
0.30549
0.26057
0.24557
0.16511
0.33817
0.29139
0.33742
0.25089
0.24543
0.27037
0.25799
0.25268
0.27788
0.16900
0.33871
0.25602
0.33552
0.27986
0.30222
0.34982
0.27743
0.25788
0.29857
0.16813
0.22122
0.27877
0.22515
0.30428
0.31543
0.27728
0.33030
0.39080
0.32271
0.32122
0.26880
0.30847
0.31018
0.36202
0.23572
0.28087
0.33556
0.32931
0.29834
0.33862
0.39823
0.21948
0.25787
0.31360
0.23920
0.32238
0.33188
0.22839
0.22636
0.34391
0.23214
0.26577
0.31438
0.28109
0.25964
0.22849
0.25683
0.28914
0.29404
0.31690
0.29452
0.24904
0.29827
0.27285
0.30538
0.27169
0.28177
0.13689
0.33135
0.29883
0.37117
0.30250
0.28952
0.39337
0.41654
0.23298
0.22203
0.28504
0.40575
0.29288
0.20670
0.27607
0.31871
0.22828
0.20697
0.33546
0.24122
0.28742
0.23064
0.31166
0.37452
0.44261
0.27922
0.27408
0.21303
0.35815
0.30748
0.32746
0.27542
0.34498
0.23987
0.17293
0.32791
0.42925
0.21938
0.41313
0.38404
0.17927
0.25335
0.35336
0.32190
0.30406
0.22324
0.24434
0.20102
0.30563
0.29226
0.29313
0.31569
0.36382
0.26559
0.26563
0.23426
0.13898
0.21411
0.39347
0.23280
0.14810
0.32391
0.17950
0.18892
0.40940
0.14282
0.27127
0.20953
0.26003
0.23831
0.42379
0.18973
0.31715
0.39589
0.23083
0.24780
0.22937
0.28143
0.19868
0.35488
0.20573
0.36972
0.34469
0.25521
0.23376
0.21443
0.32852
0.25893
0.22089
0.35489
0.41473
0.34013
0.28783
0.35046
0.36894
0.17861
0.27343
0.26668
0.39650
0.24095
0.21932
0.22949
0.32691
0.25945
0.24737
0.25225
0.35647
0.34490
0.23466
0.25154
0.31574
0.30944
0.26646
0.25008
0.39657
0.26172
0.28803
0.22875
0.27861
0.31349
0.26679
0.27534
0.25170
0.32668
0.26464
0.21212
0.30479
0.26785
0.21763
0.27712
0.20448
0.29597
0.22769
0.05148
0.18384
0.14102
0.23550
0.26089
0.21655
0.26990
0.33633
0.18457
0.05585
0.21349
0.03789
0.26141
0.25920
0.18563
0.30960
0.06770
0.13719
0.22953
0.24267
0.06897
0.13086
0.24436
0.29955
0.19390
0.20627
0.28071
0.07027
0.29312
0.25754
0.04145
0.08337
0.09278
0.28789
0.13913
0.24668
0.21507
0.29165
0.05452
0.06863
0.07456
0.11414
0.26680
0.15286
0.13463
0.20336
0.24571
0.14170
0.26767
0.22541
0.04799
0.27013
0.11473
0.05252
0.27776
0.16416
0.18263
0.05918
0.05229
0.21338
0.20203
0.28545
0.23117
0.07875
0.07182
0.19682
0.19089
0.21189
0.20638
0.12201
0.16163
0.20969
0.13972
0.24137
0.27355
0.08668
0.18427
0.13646
0.05841
0.07141
0.19486
0.15042
0.18045
0.24514
0.29376
0.19147
0.31498
0.22935
0.22381
0.14928
0.20479
0.12112
0.02719
0.28053
0.07898
0.09731
0.21577
0.21073
0.28754
0.19529
0.05410
0.07442
0.19075
0.21885
0.24796
0.21707
0.10177
0.16999
0.29487
0.18239
0.23426
0.16513
0.06818
0.06335
0.16183
0.05688
0.03909
0.24585
0.30060
0.10292
0.06836
0.02772
0.07219
0.06406
0.28848
