0.12265
0.10763
0.05694
0.26198
0.07747
0.15159
0.18656
0.13889
0.18899
0.09483
0.18452
0.15959
0.12189
0.11332
0.16395
0.22570
0.12944
0.11215
0.07597
0.14902
0.29742
0.12848
0.15107
0.07792
0.23871
0.14056
0.12026
0.25518
0.08016
0.16030
0.11182
0.28480
0.17052
0.10801
0.12641
0.10017
0.12382
0.08400
0.15236
0.17395
0.30809
0.25411
0.10938
0.12425
0.28595
0.24587
0.16281
0.23825
0.17718
0.16586
0.10282
0.10307
0.15955
0.30892
0.09663
0.25153
0.25772
0.13327
0.13119
0.07221
0.31516
0.29761
0.13107
0.20399
0.27636
0.32310
0.06421
0.17421
0.10251
0.05753
0.14800
0.31844
0.31148
0.21397
0.25918
0.13223
0.08733
0.04528
0.21698
0.15875
0.30098
0.23086
0.31424
0.26060
0.27135
0.36537
0.09989
0.10715
0.13266
0.27820
0.32246
0.17948
0.08305
0.27548
0.06554
0.16593
0.21041
0.21190
0.18659
0.15758
0.09542
0.16000
0.13612
0.11987
0.22131
0.28374
0.13834
0.19196
0.21805
0.27901
0.02131
0.26709
0.07647
0.26597
0.14842
0.12660
0.26856
0.06289
0.07266
0.21610
0.22514
0.08389
0.28157
0.04173
0.13750
0.15986
0.35258
0.28022
0.21079
0.25740
0.06815
0.13706
0.32643
0.34116
0.11353
0.16835
0.06315
0.29324
0.26770
0.10072
0.18724
0.04112
0.29359
0.19950
0.17263
0.26651
0.11950
0.33130
0.15184
0.09884
0.20351
0.22790
0.12489
0.30364
0.29650
0.30227
0.11741
0.17120
0.17099
0.22015
0.27712
0.29402
0.30228
0.29458
0.10097
0.10224
0.33306
0.29267
0.08882
0.29240
0.05015
0.20412
0.25770
0.05174
0.11762
0.21578
0.06653
0.09944
0.14250
0.25423
0.10641
0.10745
0.25488
0.16280
0.09723
0.16562
0.22117
0.23603
0.23377
0.18366
0.16175
0.09122
0.06601
0.14331
0.14073
0.24873
0.22541
0.17456
0.07641
0.29960
0.21855
0.09848
0.13473
0.14765
0.05507
0.25348
0.13578
0.21647
0.24928
0.12466
0.23554
0.22700
0.11454
0.28350
0.27313
0.23558
0.12952
0.30278
0.21777
0.32874
0.07714
0.23231
0.11333
0.07196
0.10802
0.06533
0.22812
0.20367
0.18604
0.03308
0.26058
0.09884
0.24545
0.15603
0.05681
0.29858
0.11705
0.05711
0.14599
0.28954
0.09489
0.31083
0.10004
0.11661
0.14597
0.23601
0.10848
0.06883
0.11515
0.10412
0.12454
0.12470
0.11819
0.25431
0.14473
0.17312
0.20112
0.13975
0.10007
0.13968
0.17229
0.16532
0.19897
0.18533
0.18646
0.23924
0.27941
0.10764
0.20001
0.09700
0.16809
0.13937
0.06435
0.05762
0.35928
0.18945
0.06316
0.20317
0.15458
0.07961
0.15515
0.33191
0.17219
0.10926
0.31855
0.11681
0.22750
0.18651
0.19541
0.14400
0.10081
0.06038
0.21149
0.19922
0.14628
0.10493
0.21103
0.20475
0.19022
0.14288
0.33406
0.25295
0.25461
0.16041
0.14286
0.30501
0.31614
0.33894
0.04869
0.26541
0.14048
0.28816
0.13332
0.09133
0.16931
0.15376
0.12364
0.22331
0.27408
0.08427
0.15470
0.09524
0.27736
0.23743
0.21376
0.17185
0.27703
0.24596
0.15231
0.07070
0.21175
0.26739
0.39384
0.29136
0.32186
0.21386
0.25152
0.30196
0.27288
0.25985
0.05185
0.08485
0.15715
0.25393
0.05139
0.08149
0.17707
0.14688
0.18659
0.12652
0.17635
0.15454
0.27405
0.25571
0.24969
0.17677
0.29682
0.14421
0.15737
0.28903
0.08108
0.20131
0.06011
0.08491
0.24670
0.07396
0.22326
0.32643
0.09151
0.07018
0.14414
0.26994
0.11685
0.05173
0.09880
0.09549
0.07175
0.12773
0.17649
0.08449
0.29192
0.19264
0.18674
0.08482
0.19483
0.29767
0.18156
0.24984
0.36332
0.17364
0.30109
0.30069
0.27539
0.27869
0.28503
0.23040
0.36701
0.21339
0.24924
0.21656
0.22918
0.25771
0.19115
0.37514
0.33925
0.26770
0.24142
0.24481
0.22633
0.33436
0.26431
0.20147
0.31648
0.35437
0.19554
0.22288
0.33621
0.26142
0.21821
0.23370
0.25766
0.31364
0.21530
0.23339
0.35832
0.22077
0.17844
0.30904
0.16763
0.29842
0.36049
0.29606
0.27308
0.26124
0.24357
0.24052
0.25204
0.34358
0.17373
0.28053
0.33172
0.21541
0.24482
0.26874
0.18587
0.27255
0.26758
0.28610
0.31463
0.30124
0.24837
0.19433
0.29669
0.36907
0.17721
0.27007
0.17818
0.17854
0.19861
0.34208
0.30079
0.33990
0.15592
0.35567
0.26661
0.28160
0.37528
0.31070
0.26480
0.27598
0.22948
0.28052
0.18495
0.37057
0.23668
0.20602
0.15528
0.31582
0.19634
0.25724
0.29876
0.25740
0.35615
0.32661
0.22510
0.33942
0.31523
0.16286
0.16407
0.24147
0.18894
0.18637
0.13812
0.27873
0.35466
0.24175
0.21672
0.23847
0.27239
0.22673
0.26211
0.24856
0.23009
0.20365
0.28157
0.23316
0.20697
0.15394
0.33307
0.30658
0.17451
0.29023
0.32280
0.26406
0.34907
0.30848
0.22495
0.23985
0.19743
0.30132
0.31131
0.25065
0.25502
0.20918
0.15932
0.30356
0.21755
0.26166
0.23586
0.23524
0.27443
0.30561
0.20907
0.22345
0.28515
0.22161
0.28123
0.17577
0.22868
0.23537
0.22789
0.19002
0.30703
0.32397
0.33562
0.18623
0.17680
0.33058
0.18041
0.17184
0.19004
0.30563
0.31168
0.18906
0.17609
0.27732
0.19965
0.19491
0.14911
0.22699
0.26658
0.20017
0.26173
0.20806
0.26065
0.18132
0.21288
0.27862
0.21271
0.20362
0.27696
0.26527
0.24161
0.35778
0.18567
0.29789
0.23180
0.37113
0.32248
0.22893
0.26182
0.25656
0.27305
0.20568
0.30447
0.27065
0.22996
0.29604
0.27799
0.33794
0.24055
0.30120
0.22857
0.34114
0.18369
0.26165
0.22379
0.21018
0.27477
0.25257
0.22343
0.20306
0.24297
0.30662
0.19584
0.31570
0.23457
0.21971
0.30079
0.29304
0.30139
0.13518
0.18864
0.33216
0.32930
0.18161
0.24343
0.27220
0.26114
0.22995
0.17804
0.30575
0.28810
0.22820
0.23805
0.19575
0.26784
0.32307
0.26748
0.22541
0.22920
0.34121
0.23203
0.17043
0.20135
0.29137
0.29802
0.23438
0.26901
0.25559
0.36362
0.35961
0.14859
0.24106
0.32619
0.26144
0.24343
0.30080
0.33702
0.24454
0.18931
0.19729
0.20830
0.25363
0.36720
0.29385
0.29054
0.26692
0.22997
0.26636
0.31253
0.27981
0.16249
0.33863
0.20785
0.23623
0.34435
0.30609
0.24397
0.24482
0.21987
0.30593
0.30814
0.35130
0.24082
0.28640
0.20787
0.29356
0.32039
0.14045
0.22610
0.22520
0.21911
0.23685
0.22134
0.24403
0.25606
0.22428
0.23107
0.21015
0.22314
0.34560
0.27687
0.21155
0.18566
0.30563
0.25055
0.21029
0.19193
0.33238
0.28964
0.32532
0.25239
0.25216
0.27048
0.24898
0.20358
0.27335
0.16593
0.33660
0.25554
0.34794
0.28708
0.31250
0.34753
0.27950
0.20445
0.27603
0.16744
0.17415
0.23910
0.19638
0.27846
0.31766
0.25977
0.27268
0.37879
0.31981
0.33568
0.26715
0.31848
0.29865
0.36517
0.22278
0.27603
0.33020
0.32757
0.25026
0.33392
0.39181
0.24699
0.21909
0.32606
0.21276
0.32405
0.32360
0.24533
0.25748
0.35251
0.23063
0.21427
0.32703
0.26119
0.24497
0.18476
0.23148
0.30612
0.29714
0.27697
0.29238
0.21627
0.25643
0.27343
0.28276
0.24388
0.26893
0.13290
0.34615
0.31849
0.37022
0.26531
0.31717
0.37634
0.39682
0.24860
0.18376
0.28580
0.38872
0.27614
0.21409
0.27608
0.33637
0.23688
0.19385
0.31852
0.22890
0.29433
0.22214
0.31115
0.35379
0.42205
0.33431
0.26541
0.24557
0.38364
0.32564
0.29409
0.29476
0.36306
0.22538
0.18690
0.33854
0.44393
0.24495
0.39924
0.39447
0.21854
0.26964
0.33143
0.31653
0.29805
0.24823
0.24711
0.23252
0.29687
0.24648
0.29121
0.32074
0.35611
0.23648
0.26291
0.25252
0.19543
0.20962
0.38394
0.25538
0.13185
0.34024
0.19534
0.20896
0.40493
0.14128
0.27768
0.22321
0.23522
0.23790
0.44599
0.20022
0.29944
0.37397
0.23879
0.24216
0.22728
0.27386
0.22858
0.35437
0.17567
0.37348
0.35007
0.22036
0.24951
0.20226
0.33683
0.27311
0.21712
0.35874
0.43432
0.34617
0.28822
0.36015
0.36061
0.18499
0.26784
0.30004
0.38840
0.21012
0.23889
0.23496
0.37481
0.24444
0.25082
0.25442
0.34575
0.35084
0.24632
0.26474
0.32071
0.30819
0.25585
0.25471
0.37594
0.26284
0.30810
0.25443
0.30224
0.32786
0.26918
0.27681
0.24346
0.33239
0.26310
0.22704
0.29151
0.25572
0.23297
0.25890
0.21614
0.27739
0.23133
0.08803
0.11180
0.20078
0.27287
0.31400
0.20270
0.26026
0.34691
0.17871
0.07875
0.22369
0.03171
0.31564
0.25580
0.14749
0.25059
0.07902
0.15399
0.17967
0.25706
0.08346
0.13090
0.18180
0.28142
0.21329
0.20815
0.30313
0.10188
0.27456
0.21952
0.09971
0.05511
0.13693
0.24992
0.16854
0.22906
0.24049
0.31526
0.08531
0.07345
0.10259
0.10085
0.27882
0.10088
0.17433
0.14634
0.23088
0.16868
0.30247
0.21962
0.08543
0.27771
0.03446
0.04013
0.16466
0.19017
0.26727
0.06825
0.04089
0.20917
0.21686
0.27116
0.25510
0.04729
0.09072
0.13227
0.22330
0.16094
0.16344
0.13136
0.24172
0.13473
0.12283
0.23602
0.29997
0.08859
0.12777
0.13967
0.11784
0.03358
0.24273
0.09659
0.23429
0.27688
0.26739
0.19562
0.26169
0.17007
0.18225
0.22879
0.20813
0.22848
0.03066
0.24911
0.10151
0.07051
0.22714
0.26048
0.28721
0.23508
0.10832
0.05989
0.10349
0.24038
0.16747
0.29222
0.08102
0.21461
0.29163
0.16420
0.24156
0.14673
0.05952
0.05154
0.17992
0.03777
0.09688
0.24959
0.28905
0.09737
0.07100
0.06730
0.10487
0.07794
0.21849
