0.18427
0.10540
0.10355
0.22384
0.11592
0.16702
0.25606
0.15926
0.22063
0.07155
0.22296
0.17259
0.22678
0.13487
0.13935
0.24988
0.13182
0.17047
0.10653
0.18777
0.29888
0.13135
0.17416
0.06171
0.26177
0.17542
0.14292
0.30622
0.11789
0.16858
0.17750
0.27876
0.14853
0.10095
0.08173
0.09915
0.11785
0.13405
0.16884
0.19499
0.31398
0.27388
0.10392
0.17174
0.29267
0.24006
0.17825
0.27793
0.21048
0.16140
0.11251
0.15761
0.12647
0.27970
0.09711
0.25470
0.26452
0.13050
0.21094
0.10497
0.26883
0.29345
0.19351
0.20270
0.28318
0.31990
0.06279
0.22333
0.14959
0.07269
0.12844
0.30802
0.28026
0.18641
0.27587
0.17200
0.10007
0.05517
0.23609
0.22485
0.30791
0.16680
0.33946
0.27634
0.27766
0.35956
0.09527
0.09449
0.16429
0.25216
0.31399
0.20099
0.07167
0.30157
0.07921
0.19262
0.20626
0.21199
0.19605
0.18191
0.09902
0.20535
0.11051
0.12211
0.22439
0.30221
0.16123
0.16027
0.15364
0.28856
0.04606
0.28395
0.15847
0.23452
0.10637
0.18920
0.27064
0.07088
0.08392
0.20729
0.24055
0.07570
0.29205
0.06045
0.12266
0.14093
0.31193
0.28521
0.24008
0.25966
0.12473
0.13086
0.32483
0.34049
0.10833
0.17176
0.10173
0.26858
0.26647
0.08750
0.19560
0.06298
0.30045
0.18951
0.16794
0.31940
0.11901
0.34385
0.19669
0.10009
0.15822
0.27118
0.11733
0.32580
0.31633
0.34774
0.15805
0.17303
0.14001
0.23421
0.25859
0.27163
0.29312
0.29461
0.10447
0.14401
0.30046
0.27454
0.09980
0.26247
0.04377
0.25473
0.26376
0.03447
0.10434
0.22432
0.07710
0.09652
0.17893
0.27527
0.11847
0.10345
0.19685
0.17421
0.10257
0.15733
0.22090
0.27237
0.26622
0.20602
0.13634
0.08825
0.08553
0.21821
0.15469
0.23570
0.23726
0.20179
0.13224
0.24656
0.24026
0.12901
0.18599
0.15688
0.07587
0.27109
0.11646
0.20659
0.26137
0.14253
0.26887
0.22642
0.12086
0.26258
0.29068
0.26482
0.16307
0.29051
0.23231
0.36179
0.12091
0.19485
0.14010
0.06736
0.08672
0.10438
0.20237
0.20688
0.17795
0.11031
0.28171
0.12132
0.26814
0.16975
0.07620
0.28010
0.11960
0.06159
0.11132
0.30001
0.07282
0.29915
0.12386
0.10946
0.12648
0.20389
0.11602
0.07604
0.13300
0.10422
0.10828
0.15434
0.12026
0.28039
0.15659
0.17087
0.20079
0.11455
0.13187
0.13696
0.19920
0.18525
0.22978
0.19616
0.20020
0.25542
0.29290
0.09219
0.20415
0.09695
0.13349
0.13090
0.07775
0.08748
0.37623
0.20990
0.09091
0.19812
0.16132
0.10327
0.19520
0.34497
0.14930
0.12202
0.29922
0.12412
0.20936
0.23670
0.22892
0.14301
0.10935
0.11162
0.20827
0.23061
0.20039
0.10521
0.21906
0.19083
0.22566
0.22601
0.32465
0.27016
0.27733
0.14244
0.11341
0.29888
0.30239
0.33015
0.03028
0.24575
0.11302
0.26775
0.15109
0.09372
0.14350
0.17518
0.15603
0.18689
0.25687
0.08206
0.09610
0.07449
0.25698
0.20652
0.29690
0.18330
0.23329
0.20467
0.18182
0.07935
0.23499
0.30333
0.35822
0.25639
0.32815
0.24572
0.23480
0.28147
0.27478
0.29183
0.10080
0.08320
0.17825
0.22049
0.11206
0.09907
0.22894
0.18722
0.25122
0.13743
0.18611
0.10440
0.30325
0.27316
0.25145
0.20973
0.32444
0.17958
0.13432
0.30227
0.09739
0.19701
0.10666
0.11831
0.20337
0.13520
0.24626
0.31977
0.10101
0.09242
0.15465
0.22988
0.11771
0.05519
0.07102
0.08498
0.08690
0.16325
0.24005
0.07577
0.29318
0.20467
0.19714
0.10584
0.20632
0.28707
0.20934
0.29710
0.35925
0.17110
0.28422
0.31115
0.31055
0.32295
0.28483
0.25896
0.34577
0.25910
0.24985
0.25518
0.23577
0.31332
0.20525
0.37508
0.32744
0.27496
0.25412
0.25745
0.26566
0.34974
0.29977
0.26653
0.30835
0.33746
0.22491
0.27968
0.31988
0.27166
0.26211
0.26210
0.30212
0.31239
0.25590
0.22324
0.34962
0.26126
0.26603
0.32439
0.18016
0.31213
0.35364
0.29059
0.30456
0.32062
0.28897
0.26022
0.29915
0.33560
0.22614
0.30446
0.31438
0.26113
0.29992
0.30688
0.19321
0.31528
0.26302
0.27604
0.31237
0.28740
0.27560
0.19690
0.30343
0.35057
0.16014
0.27976
0.21327
0.21061
0.22671
0.35148
0.31482
0.31794
0.18877
0.35982
0.26536
0.26277
0.37315
0.30726
0.30929
0.30870
0.24885
0.29412
0.19870
0.35234
0.30589
0.26231
0.16141
0.33351
0.20824
0.25816
0.28870
0.26454
0.35880
0.32146
0.23521
0.32628
0.30733
0.17892
0.16968
0.29814
0.20137
0.20898
0.17633
0.29753
0.33790
0.29593
0.28766
0.24003
0.31684
0.23597
0.31209
0.28234
0.29847
0.20981
0.28405
0.28808
0.21625
0.18800
0.34476
0.29445
0.20416
0.29570
0.32540
0.25443
0.36521
0.30679
0.22750
0.26633
0.18806
0.29102
0.31550
0.28791
0.27039
0.24788
0.18866
0.30949
0.25553
0.31419
0.21757
0.28940
0.33439
0.29609
0.20469
0.21136
0.29522
0.19502
0.30101
0.19950
0.23304
0.21564
0.24231
0.22208
0.31755
0.32659
0.32737
0.25093
0.22388
0.32259
0.23906
0.22134
0.20842
0.30736
0.29832
0.18350
0.19357
0.26534
0.29247
0.21433
0.16078
0.23620
0.26284
0.21404
0.25398
0.26548
0.32647
0.18735
0.24705
0.26560
0.29935
0.20742
0.31409
0.26218
0.25770
0.38186
0.20188
0.29836
0.23826
0.36839
0.31736
0.26808
0.26735
0.30199
0.26418
0.20959
0.29476
0.27053
0.26459
0.27665
0.28318
0.34225
0.26294
0.28417
0.20924
0.33506
0.24619
0.29069
0.23270
0.28899
0.27896
0.25210
0.21742
0.26910
0.24952
0.31132
0.18777
0.31674
0.24768
0.27710
0.29066
0.28672
0.29471
0.14694
0.23939
0.32832
0.32724
0.27428
0.28506
0.30926
0.27010
0.25844
0.22975
0.30875
0.28753
0.29624
0.23572
0.18373
0.31059
0.31596
0.25531
0.27152
0.22879
0.32820
0.29539
0.19814
0.18265
0.28773
0.28555
0.28275
0.27763
0.23401
0.35015
0.35657
0.17459
0.27067
0.31466
0.28570
0.27888
0.30743
0.33340
0.24741
0.20700
0.18800
0.27213
0.29055
0.36373
0.28725
0.28871
0.30383
0.23022
0.27451
0.28654
0.27843
0.18666
0.33909
0.22159
0.26536
0.34951
0.30752
0.27725
0.27016
0.25668
0.29927
0.33837
0.34664
0.25854
0.27662
0.21633
0.31192
0.31585
0.13661
0.28634
0.19507
0.24757
0.30096
0.25750
0.26983
0.26372
0.27961
0.20014
0.23227
0.24115
0.33197
0.28082
0.26704
0.19955
0.29784
0.24588
0.25508
0.21574
0.32832
0.27710
0.33275
0.24749
0.27066
0.28618
0.28873
0.24138
0.28045
0.18745
0.32372
0.28425
0.33087
0.25956
0.29469
0.35079
0.29021
0.27189
0.31732
0.15034
0.20915
0.31201
0.23999
0.29969
0.30330
0.30733
0.33130
0.38947
0.31597
0.33041
0.27646
0.30977
0.29961
0.36109
0.27300
0.28924
0.32716
0.31553
0.30985
0.32906
0.38514
0.26319
0.23388
0.33390
0.22630
0.32720
0.33428
0.25229
0.25513
0.35619
0.21953
0.28404
0.31172
0.26735
0.25412
0.26467
0.29131
0.25742
0.29732
0.33385
0.28550
0.26165
0.31225
0.26999
0.32003
0.29423
0.26599
0.14688
0.34032
0.31689
0.35234
0.31841
0.29947
0.38684
0.39024
0.29736
0.19436
0.32052
0.39007
0.27813
0.19619
0.30861
0.34516
0.26845
0.23810
0.31558
0.26723
0.28145
0.24220
0.32743
0.34283
0.38170
0.31141
0.32123
0.26637
0.38578
0.32047
0.28483
0.29647
0.33562
0.28136
0.22078
0.32580
0.44174
0.26118
0.38904
0.40123
0.19198
0.28743
0.36554
0.31808
0.28804
0.26540
0.29340
0.23132
0.29104
0.29503
0.26765
0.29793
0.36012
0.29834
0.29601
0.25996
0.20014
0.27056
0.39455
0.23546
0.14422
0.35211
0.15243
0.19028
0.39787
0.17521
0.26359
0.23902
0.29188
0.24989
0.46247
0.20831
0.33051
0.39266
0.25229
0.23686
0.27520
0.24001
0.20152
0.35826
0.20456
0.38293
0.33699
0.24800
0.24296
0.24151
0.33846
0.27308
0.20683
0.36213
0.42149
0.30737
0.28417
0.36276
0.34365
0.22427
0.26846
0.27709
0.36932
0.19084
0.23311
0.24373
0.35806
0.28990
0.25151
0.29478
0.31683
0.35835
0.23416
0.31287
0.35002
0.30770
0.30852
0.26250
0.36891
0.30169
0.27670
0.30093
0.28950
0.30333
0.26794
0.31078
0.24224
0.33858
0.25839
0.24691
0.31401
0.29092
0.23556
0.29571
0.20054
0.32932
0.25350
0.04251
0.17203
0.23974
0.22393
0.31311
0.19183
0.27719
0.34501
0.24309
0.04822
0.23855
0.02758
0.30804
0.25671
0.19321
0.34310
0.11776
0.19443
0.20302
0.20872
0.09642
0.13804
0.21440
0.28405
0.21749
0.21678
0.27876
0.11925
0.31180
0.23101
0.05556
0.10569
0.12126
0.30230
0.18590
0.24358
0.23599
0.30299
0.05918
0.09425
0.03708
0.04943
0.25533
0.11366
0.20920
0.22333
0.31136
0.20068
0.28460
0.21691
0.04940
0.28179
0.10375
0.06042
0.31985
0.15352
0.30752
0.07951
0.08369
0.21832
0.19571
0.31387
0.23392
0.06300
0.07380
0.16248
0.19650
0.17609
0.22724
0.17042
0.27151
0.20558
0.10924
0.27876
0.26924
0.10640
0.19207
0.17841
0.05796
0.08759
0.25370
0.16509
0.18757
0.27081
0.26393
0.19856
0.32483
0.27390
0.22320
0.20923
0.22145
0.21532
0.05063
0.26133
0.11323
0.08682
0.19736
0.27464
0.28578
0.22596
0.04154
0.06802
0.11343
0.24814
0.24387
0.29801
0.11478
0.20865
0.27830
0.14874
0.26069
0.10632
0.01690
0.09626
0.15313
0.07520
0.12325
0.22575
0.28804
0.11656
0.16904
0.11133
0.10686
0.11439
0.29545
