0.11537
0.10763
0.09017
0.28757
0.09593
0.16299
0.27627
0.19351
0.22685
0.05640
0.22272
0.13656
0.18597
0.11310
0.16392
0.22246
0.13764
0.18147
0.07501
0.14798
0.30661
0.13382
0.16040
0.08588
0.21438
0.23125
0.18578
0.23717
0.08749
0.12288
0.14211
0.21123
0.13349
0.11068
0.10431
0.09033
0.10901
0.13563
0.17292
0.17050
0.30594
0.28376
0.10708
0.16639
0.29336
0.22125
0.19537
0.26683
0.21403
0.16865
0.09836
0.20395
0.15388
0.28216
0.10031
0.24820
0.22021
0.16889
0.13141
0.09704
0.26499
0.29786
0.19941
0.22840
0.27810
0.31203
0.05996
0.19891
0.10929
0.02486
0.14485
0.31411
0.30665
0.17960
0.26230
0.16738
0.13161
0.04964
0.22730
0.18880
0.29590
0.17804
0.36429
0.25998
0.28122
0.34669
0.09960
0.09412
0.15548
0.26831
0.35114
0.20795
0.11455
0.25125
0.08236
0.20532
0.24368
0.23027
0.21765
0.21296
0.10330
0.20722
0.11260
0.10909
0.24903
0.26242
0.17684
0.17278
0.19328
0.28655
0.05719
0.28017
0.09513
0.21925
0.12310
0.17621
0.26824
0.06797
0.08722
0.21281
0.24746
0.13809
0.28958
0.02528
0.13519
0.16650
0.29595
0.27315
0.18734
0.24839
0.15844
0.14648
0.31014
0.29631
0.10310
0.17452
0.12746
0.29100
0.28223
0.06451
0.20591
0.04266
0.29206
0.20210
0.19606
0.24122
0.08545
0.36798
0.19285
0.09106
0.15370
0.28287
0.12023
0.32516
0.29533
0.33585
0.12976
0.20370
0.13704
0.19585
0.31047
0.27008
0.27930
0.31315
0.08880
0.15414
0.29500
0.28999
0.11688
0.26198
0.10652
0.25807
0.20493
0.07370
0.09705
0.21415
0.10737
0.13588
0.14643
0.29157
0.15935
0.11063
0.24379
0.19124
0.12804
0.17187
0.25980
0.25914
0.24912
0.24701
0.13516
0.07110
0.09526
0.12941
0.17773
0.24932
0.24823
0.22352
0.17055
0.28183
0.20822
0.11516
0.22566
0.16535
0.06506
0.22618
0.13046
0.24599
0.26976
0.08464
0.23148
0.23181
0.14391
0.27205
0.27795
0.26089
0.14489
0.30340
0.16245
0.34643
0.13093
0.22242
0.16648
0.11036
0.10286
0.07979
0.16101
0.22462
0.14404
0.13329
0.27385
0.13084
0.29118
0.18429
0.10105
0.26967
0.12307
0.03418
0.09432
0.27597
0.09694
0.26336
0.14025
0.10977
0.14383
0.23376
0.11342
0.04234
0.12401
0.11598
0.11086
0.16267
0.20175
0.25801
0.12744
0.18736
0.20382
0.07181
0.07476
0.13200
0.22124
0.17088
0.22230
0.19463
0.15394
0.25344
0.29686
0.11308
0.18523
0.06265
0.10207
0.12955
0.11946
0.05537
0.35494
0.20362
0.08164
0.20599
0.16554
0.09294
0.15993
0.35554
0.12666
0.14189
0.30539
0.12537
0.22411
0.18423
0.19183
0.17684
0.13386
0.10104
0.22425
0.24737
0.18626
0.10286
0.15251
0.17264
0.21721
0.18157
0.28888
0.25396
0.26997
0.21146
0.13923
0.30406
0.31225
0.31542
0.04239
0.27930
0.14615
0.26156
0.16274
0.11176
0.14575
0.15982
0.10131
0.21148
0.22656
0.09306
0.11581
0.06177
0.29022
0.16894
0.25661
0.18088
0.22953
0.23264
0.15152
0.09187
0.29282
0.25894
0.33154
0.27317
0.31129
0.21990
0.24754
0.29719
0.25316
0.28034
0.09302
0.08060
0.16538
0.22230
0.09588
0.08069
0.21047
0.18413
0.25106
0.15004
0.19666
0.13176
0.27815
0.27808
0.27041
0.22458
0.28923
0.13893
0.12888
0.32606
0.08798
0.21954
0.11583
0.10128
0.20653
0.06284
0.25409
0.36000
0.06840
0.07598
0.14583
0.23952
0.11263
0.05714
0.08940
0.07126
0.11634
0.12410
0.23627
0.11544
0.27821
0.19700
0.19983
0.12950
0.18979
0.30237
0.20496
0.27067
0.33997
0.17312
0.27767
0.31323
0.29393
0.33590
0.27356
0.27470
0.33312
0.20977
0.22804
0.25795
0.20613
0.29852
0.19360
0.34173
0.31124
0.24141
0.25608
0.24477
0.25845
0.34301
0.28543
0.23270
0.30419
0.32651
0.19132
0.25902
0.33425
0.26839
0.22865
0.26560
0.29040
0.30933
0.24300
0.21951
0.34816
0.26152
0.23072
0.32073
0.17816
0.30054
0.33372
0.29025
0.30249
0.30512
0.28322
0.23909
0.28648
0.32068
0.20787
0.26588
0.30947
0.25821
0.26790
0.31703
0.15109
0.30036
0.27001
0.28340
0.30289
0.30068
0.26887
0.18143
0.28201
0.36889
0.14906
0.26968
0.19554
0.16956
0.20636
0.36854
0.29972
0.32484
0.15506
0.33478
0.26573
0.28372
0.34881
0.29947
0.30771
0.28764
0.23067
0.26787
0.18521
0.35553
0.27901
0.24738
0.15818
0.32217
0.21898
0.26579
0.28082
0.26827
0.34275
0.30091
0.18512
0.30474
0.31954
0.17433
0.17390
0.28240
0.18390
0.18419
0.13801
0.29870
0.34037
0.29376
0.26033
0.24687
0.31041
0.20654
0.28811
0.22311
0.28449
0.19917
0.27890
0.30277
0.20857
0.17296
0.35444
0.29351
0.19270
0.33873
0.32554
0.24532
0.34711
0.31274
0.23305
0.27770
0.22524
0.28420
0.29723
0.29428
0.28320
0.20510
0.14837
0.30495
0.22993
0.29295
0.23631
0.26851
0.31166
0.29130
0.19737
0.24346
0.28947
0.20943
0.30291
0.19586
0.23790
0.23122
0.23662
0.21971
0.30920
0.31869
0.32035
0.25562
0.20648
0.32256
0.20068
0.21740
0.20645
0.28921
0.29672
0.16892
0.17577
0.27260
0.26331
0.20284
0.15311
0.22536
0.25243
0.22188
0.25966
0.23366
0.30184
0.17889
0.20502
0.26576
0.29969
0.17117
0.28284
0.28333
0.25744
0.37027
0.17706
0.30347
0.23287
0.34816
0.29711
0.26976
0.27030
0.28928
0.26158
0.20005
0.31200
0.26936
0.25848
0.28376
0.24550
0.33335
0.22008
0.30282
0.23950
0.32829
0.22093
0.26160
0.22909
0.28239
0.27394
0.25534
0.22860
0.22495
0.24373
0.29117
0.19848
0.29783
0.23831
0.27709
0.28027
0.28214
0.26771
0.13279
0.20269
0.32720
0.31193
0.27716
0.26147
0.29296
0.24411
0.17938
0.22034
0.30439
0.27288
0.26188
0.23590
0.20368
0.31490
0.32026
0.26296
0.27318
0.24538
0.33455
0.30497
0.22991
0.21234
0.29628
0.28114
0.28944
0.26986
0.25822
0.34117
0.35090
0.13883
0.22634
0.33082
0.27054
0.27372
0.29020
0.32433
0.22016
0.20186
0.20576
0.27953
0.27046
0.35461
0.30776
0.28920
0.28011
0.22403
0.24165
0.29084
0.28596
0.16429
0.33919
0.23747
0.23066
0.34815
0.29657
0.27479
0.24964
0.21380
0.30409
0.33299
0.33642
0.23204
0.28148
0.20956
0.32245
0.30934
0.13593
0.30434
0.19321
0.26992
0.28367
0.23259
0.26873
0.23902
0.25314
0.20153
0.19522
0.21748
0.32172
0.27821
0.26348
0.18139
0.30230
0.25795
0.22229
0.16464
0.32024
0.27549
0.33561
0.25206
0.23503
0.29907
0.25558
0.23654
0.26183
0.18067
0.32887
0.25813
0.33863
0.28359
0.29432
0.34093
0.28374
0.27665
0.28599
0.16769
0.20451
0.27575
0.18470
0.30747
0.31946
0.26571
0.33930
0.35959
0.30167
0.31526
0.26210
0.31927
0.29405
0.36293
0.24132
0.26321
0.32645
0.33121
0.29539
0.31920
0.38736
0.22039
0.27447
0.30566
0.22622
0.31156
0.32715
0.22768
0.25006
0.33488
0.22766
0.27669
0.32341
0.27815
0.26675
0.23767
0.26873
0.25521
0.29060
0.31328
0.29271
0.23324
0.30275
0.26893
0.32154
0.27074
0.27875
0.12433
0.33701
0.33722
0.36052
0.31990
0.29602
0.38161
0.40845
0.27425
0.20311
0.31435
0.37288
0.28381
0.20869
0.31976
0.32529
0.22903
0.24923
0.33832
0.25749
0.27576
0.25192
0.32984
0.34284
0.37704
0.26734
0.28286
0.23498
0.37865
0.26229
0.29158
0.30237
0.32398
0.27489
0.17587
0.31710
0.44137
0.24233
0.37801
0.41092
0.20447
0.29232
0.34397
0.32638
0.30032
0.25768
0.26704
0.19944
0.30328
0.28617
0.27042
0.31009
0.38015
0.26685
0.30257
0.23499
0.25081
0.25306
0.39799
0.17179
0.12308
0.33222
0.14460
0.17284
0.39986
0.14231
0.25445
0.21371
0.24580
0.22674
0.43476
0.20719
0.30747
0.40055
0.25589
0.23513
0.24497
0.24528
0.18658
0.34425
0.14662
0.35982
0.34344
0.23747
0.25092
0.24937
0.32862
0.26876
0.20864
0.35172
0.41869
0.30673
0.28827
0.36528
0.36818
0.23369
0.25408
0.28024
0.39378
0.23033
0.22030
0.20964
0.35559
0.28924
0.25692
0.28397
0.32517
0.35114
0.25150
0.27080
0.31463
0.30453
0.26599
0.25066
0.38133
0.28033
0.25769
0.27549
0.31784
0.34285
0.27668
0.28981
0.25051
0.33186
0.26005
0.24011
0.29930
0.30553
0.23103
0.29020
0.20634
0.31823
0.21774
0.05875
0.15216
0.23785
0.23494
0.27895
0.20942
0.27810
0.31849
0.26510
0.10052
0.20756
0.07241
0.26242
0.26000
0.18618
0.27629
0.11110
0.08448
0.20069
0.16681
0.11234
0.19138
0.24461
0.27373
0.19117
0.20933
0.28919
0.11136
0.30261
0.22800
0.08671
0.13450
0.10575
0.24903
0.13329
0.23541
0.22810
0.28317
0.10139
0.08549
0.03587
0.03309
0.24661
0.19312
0.15842
0.15278
0.29211
0.19070
0.28492
0.21329
0.10491
0.27787
0.11829
0.05341
0.27745
0.19302
0.24667
0.07715
0.09098
0.21161
0.20436
0.28108
0.25133
0.07254
0.09932
0.16892
0.21360
0.22120
0.18948
0.15979
0.15960
0.16991
0.13091
0.23379
0.29074
0.08476
0.20028
0.16824
0.07683
0.06217
0.24525
0.13678
0.19538
0.24560
0.20552
0.18359
0.30282
0.21723
0.27391
0.18920
0.20162
0.22870
0.02973
0.23814
0.09404
0.07612
0.19344
0.22117
0.29814
0.23240
0.15638
0.06976
0.21975
0.21796
0.25108
0.27141
0.13269
0.30469
0.30329
0.17955
0.25232
0.18365
0.06455
0.03691
0.11040
0.08088
0.11789
0.28313
0.22571
0.14732
0.10388
0.03594
0.09272
0.09080
0.30240
