0.13652
0.10478
0.04234
0.19864
0.08173
0.15222
0.19688
0.14299
0.15353
0.06154
0.19616
0.12908
0.12881
0.10684
0.08600
0.21818
0.10118
0.11252
0.08266
0.14056
0.27803
0.10973
0.16014
0.04523
0.19350
0.12793
0.11356
0.25177
0.09901
0.13110
0.16118
0.28467
0.12903
0.10120
0.06025
0.10005
0.12233
0.08227
0.09538
0.15630
0.32262
0.22999
0.11615
0.13979
0.28085
0.18674
0.16568
0.20366
0.15295
0.14361
0.09212
0.14830
0.12965
0.30835
0.08862
0.25045
0.19928
0.10036
0.15461
0.07273
0.28465
0.23593
0.12996
0.17690
0.27067
0.33634
0.06111
0.17916
0.06752
0.07718
0.12221
0.31869
0.30136
0.15824
0.26983
0.09012
0.06332
0.03885
0.23566
0.17764
0.29732
0.19224
0.30230
0.26628
0.26899
0.37428
0.09481
0.11445
0.13206
0.27138
0.29545
0.18620
0.04745
0.28420
0.06135
0.15571
0.21595
0.22970
0.18826
0.15900
0.09080
0.16549
0.09752
0.10231
0.23154
0.30039
0.16696
0.13516
0.14886
0.29014
0.02153
0.24052
0.06744
0.26816
0.10919
0.17366
0.25985
0.04435
0.04737
0.20443
0.23210
0.07849
0.28533
0.02037
0.07073
0.14635
0.34177
0.28176
0.13465
0.25250
0.12053
0.10776
0.32261
0.34663
0.10503
0.11475
0.08448
0.26285
0.26878
0.05265
0.18214
0.03855
0.25427
0.17945
0.10117
0.25850
0.07867
0.32242
0.17052
0.08718
0.16634
0.22457
0.10013
0.30958
0.28567
0.31171
0.08829
0.18429
0.14389
0.24016
0.25247
0.29128
0.29951
0.32246
0.09518
0.11069
0.30676
0.26827
0.06426
0.29036
0.05059
0.20739
0.25318
0.03690
0.09681
0.21720
0.06321
0.07872
0.14293
0.20671
0.09731
0.11076
0.23040
0.14797
0.06601
0.23641
0.23590
0.24916
0.24861
0.19678
0.09006
0.06272
0.04386
0.15785
0.11142
0.26378
0.20152
0.16478
0.08063
0.30122
0.22392
0.10598
0.19171
0.14208
0.04682
0.21842
0.08229
0.17051
0.24004
0.11574
0.26166
0.23228
0.09130
0.25151
0.27409
0.24455
0.11560
0.26331
0.20542
0.33208
0.10632
0.18266
0.11673
0.07029
0.06874
0.04796
0.19520
0.16206
0.14354
0.04555
0.29263
0.11207
0.21875
0.11076
0.05236
0.26219
0.11804
0.05022
0.10273
0.26579
0.10461
0.28230
0.08967
0.12610
0.12466
0.22321
0.11842
0.05815
0.08300
0.11499
0.11340
0.12051
0.08857
0.27239
0.14985
0.13826
0.18855
0.07577
0.07153
0.13399
0.19891
0.13798
0.21113
0.14713
0.15014
0.25154
0.24730
0.09566
0.20500
0.09320
0.10120
0.11847
0.06478
0.03236
0.36642
0.17455
0.09286
0.17798
0.16699
0.06510
0.17100
0.31188
0.10982
0.06007
0.31010
0.11810
0.18090
0.16726
0.15707
0.16489
0.09056
0.08458
0.18176
0.20586
0.18941
0.09575
0.16857
0.15006
0.15434
0.12026
0.33757
0.22311
0.24764
0.12745
0.09615
0.29946
0.32149
0.28857
0.03288
0.26843
0.10877
0.27329
0.10578
0.07653
0.12271
0.10302
0.10110
0.14838
0.25439
0.06785
0.08758
0.06814
0.27506
0.17492
0.26031
0.17370
0.25830
0.23046
0.13448
0.05537
0.22377
0.23399
0.37468
0.24455
0.34185
0.22146
0.24228
0.27703
0.29182
0.27604
0.05900
0.06502
0.14109
0.22904
0.05808
0.05416
0.18880
0.11798
0.21972
0.08929
0.16158
0.11365
0.22814
0.26122
0.27095
0.17853
0.29730
0.13074
0.12099
0.32124
0.07642
0.19271
0.06496
0.05395
0.22914
0.08662
0.24541
0.33316
0.06313
0.12081
0.14263
0.24744
0.10047
0.04906
0.04839
0.04904
0.05188
0.08639
0.16848
0.07392
0.26605
0.16235
0.21978
0.08222
0.16637
0.27178
0.21342
0.30379
0.35873
0.18131
0.27976
0.30679
0.32266
0.31245
0.26207
0.28528
0.34862
0.27134
0.24792
0.25230
0.22814
0.32547
0.20626
0.37680
0.29198
0.23989
0.28282
0.24497
0.24683
0.35204
0.31110
0.24541
0.29688
0.33536
0.21445
0.26515
0.31349
0.27841
0.26310
0.25324
0.31785
0.30869
0.27459
0.21539
0.35087
0.26349
0.27861
0.32020
0.19629
0.30704
0.35117
0.28791
0.29636
0.31343
0.27697
0.25192
0.30235
0.31121
0.20835
0.29666
0.30181
0.23756
0.30535
0.31544
0.19639
0.32435
0.25859
0.28744
0.29876
0.29411
0.29728
0.18741
0.26645
0.35600
0.14168
0.27859
0.22602
0.19823
0.19522
0.36774
0.32021
0.32189
0.17979
0.33504
0.26645
0.27264
0.36896
0.30323
0.30378
0.28522
0.25338
0.28387
0.20534
0.34463
0.32136
0.23710
0.20798
0.33331
0.21042
0.25145
0.28893
0.26055
0.34114
0.30570
0.22037
0.32127
0.32438
0.16973
0.15835
0.30319
0.18067
0.20586
0.16881
0.28721
0.33635
0.31280
0.29137
0.25283
0.32558
0.23084
0.32461
0.27504
0.30321
0.22435
0.28021
0.30191
0.20258
0.17640
0.34182
0.28365
0.20041
0.29464
0.31405
0.25434
0.36265
0.29751
0.23514
0.26820
0.18211
0.29712
0.31338
0.30182
0.25915
0.22390
0.17870
0.30849
0.20712
0.30197
0.22049
0.29133
0.32197
0.29170
0.20186
0.21317
0.29187
0.20522
0.30594
0.19303
0.23634
0.22053
0.24729
0.25018
0.30892
0.33022
0.31631
0.23601
0.21560
0.32436
0.22811
0.19542
0.21136
0.29727
0.27949
0.17180
0.20303
0.29653
0.29333
0.19703
0.16845
0.22620
0.25289
0.23086
0.25292
0.27183
0.32441
0.16958
0.25823
0.25566
0.28988
0.20823
0.30545
0.26274
0.26386
0.37735
0.19499
0.28187
0.21560
0.36456
0.29792
0.25027
0.27787
0.30238
0.25605
0.19901
0.30230
0.25026
0.29025
0.28368
0.28956
0.34428
0.26114
0.28575
0.21902
0.33409
0.20800
0.28867
0.21519
0.25808
0.27942
0.25981
0.21542
0.26101
0.23607
0.31646
0.17750
0.31039
0.23394
0.30305
0.28715
0.28172
0.29093
0.15471
0.22871
0.32197
0.30755
0.24033
0.28920
0.30693
0.26870
0.28472
0.22489
0.29988
0.29367
0.30358
0.26481
0.19309
0.32153
0.30213
0.26010
0.29751
0.21029
0.32085
0.26424
0.18375
0.19969
0.28872
0.29015
0.31330
0.28351
0.25048
0.36285
0.34361
0.16180
0.23563
0.30520
0.28985
0.30582
0.31083
0.32287
0.24142
0.19396
0.16995
0.25707
0.31094
0.35274
0.25819
0.29762
0.30681
0.23491
0.26754
0.28613
0.26484
0.18196
0.32060
0.22457
0.25768
0.34179
0.29748
0.28391
0.23917
0.25275
0.29200
0.34037
0.32707
0.25073
0.26484
0.19478
0.33000
0.29524
0.14854
0.27998
0.21649
0.26708
0.30010
0.25308
0.26789
0.23882
0.29235
0.23336
0.26554
0.24014
0.32339
0.28063
0.28916
0.20953
0.25262
0.24741
0.26073
0.21410
0.32168
0.26165
0.33376
0.24053
0.26026
0.30517
0.27012
0.27317
0.26085
0.18098
0.31050
0.26689
0.32453
0.27350
0.27724
0.33900
0.28476
0.27153
0.31700
0.18501
0.21036
0.29875
0.23123
0.30321
0.30244
0.28798
0.32095
0.37652
0.28011
0.32758
0.27166
0.30387
0.29571
0.35497
0.27100
0.29163
0.31169
0.31937
0.31277
0.31658
0.37017
0.22085
0.24474
0.33502
0.21434
0.32024
0.31599
0.25436
0.24924
0.32871
0.23355
0.29218
0.29243
0.32277
0.27679
0.23995
0.27260
0.28663
0.29041
0.32821
0.28122
0.26331
0.32199
0.27225
0.32885
0.29680
0.26577
0.14943
0.31303
0.31467
0.35810
0.31256
0.34146
0.38831
0.38088
0.29448
0.19176
0.30755
0.37870
0.28550
0.21466
0.30859
0.35284
0.25444
0.25455
0.32978
0.24036
0.27136
0.26214
0.34326
0.34428
0.38267
0.29831
0.32780
0.26619
0.38872
0.27125
0.30524
0.29633
0.36139
0.28568
0.20434
0.31987
0.43661
0.27211
0.40163
0.39898
0.21224
0.30337
0.34371
0.33026
0.28581
0.27158
0.26285
0.20117
0.27193
0.31415
0.30380
0.29070
0.36987
0.28846
0.29402
0.28756
0.23807
0.26975
0.38556
0.21290
0.13668
0.36417
0.14681
0.19402
0.40511
0.17706
0.24493
0.21455
0.25814
0.25629
0.43255
0.20667
0.34354
0.37202
0.22763
0.23517
0.27464
0.22265
0.22249
0.35169
0.21421
0.37491
0.35089
0.28301
0.24389
0.23838
0.34749
0.26296
0.22167
0.32434
0.41100
0.30759
0.30049
0.34725
0.37323
0.25205
0.26623
0.28728
0.39857
0.21710
0.23611
0.25201
0.37307
0.29356
0.24669
0.27226
0.29866
0.35994
0.21571
0.31197
0.30819
0.29184
0.29182
0.23393
0.38578
0.28538
0.24417
0.28254
0.31344
0.34133
0.24290
0.30192
0.24961
0.34897
0.26932
0.26660
0.30497
0.29469
0.25957
0.30959
0.20122
0.26224
0.21691
0.03425
0.18449
0.19602
0.18871
0.28316
0.19373
0.23530
0.35558
0.18641
0.06137
0.15195
0.05761
0.29541
0.23724
0.17932
0.28432
0.04776
0.11731
0.19926
0.24036
0.05002
0.10319
0.21435
0.25919
0.17608
0.21451
0.29835
0.02170
0.32187
0.21360
0.02112
0.11066
0.08346
0.26887
0.11374
0.21309
0.17837
0.31264
0.08177
0.06026
0.04658
0.07226
0.29198
0.07205
0.10971
0.20707
0.31921
0.10479
0.26540
0.23621
0.05818
0.30739
0.06179
0.02692
0.22581
0.19000
0.14311
0.11378
0.08803
0.19139
0.21062
0.28509
0.22343
0.00776
0.06937
0.16272
0.20945
0.20702
0.21019
0.12147
0.24473
0.17522
0.14171
0.27993
0.26328
0.11903
0.15254
0.10541
0.07109
0.05036
0.17250
0.19054
0.18438
0.27170
0.26258
0.20267
0.35987
0.21285
0.24342
0.23269
0.22156
0.21186
0.01537
0.26849
0.08821
0.03486
0.22647
0.25999
0.25798
0.24267
0.10949
0.08897
0.09567
0.15798
0.17818
0.31045
0.12557
0.19939
0.30690
0.14710
0.21708
0.10620
0.02986
0.05949
0.14279
0.04698
0.08184
0.28403
0.28590
0.05740
0.14518
0.03429
0.09792
0.08262
0.24596
