0.09771
0.11802
0.05643
0.24334
0.08222
0.13256
0.25221
0.12035
0.17235
0.07072
0.19705
0.13943
0.14686
0.11180
0.15253
0.23776
0.16071
0.08488
0.06431
0.13756
0.29187
0.17047
0.14938
0.03358
0.23707
0.11323
0.18680
0.26084
0.12309
0.18691
0.16129
0.27085
0.12710
0.09661
0.08360
0.10741
0.14984
0.08299
0.11276
0.14298
0.27709
0.23557
0.13821
0.13902
0.28975
0.22803
0.14993
0.22854
0.14752
0.19464
0.09137
0.14490
0.16600
0.33258
0.09199
0.23614
0.21641
0.10958
0.12515
0.05973
0.28895
0.27898
0.09663
0.20806
0.30299
0.33508
0.03287
0.13626
0.05387
0.05260
0.14147
0.28697
0.24139
0.16607
0.25172
0.07561
0.07961
0.04562
0.19244
0.15873
0.29401
0.18510
0.33134
0.27461
0.28125
0.38385
0.10198
0.09688
0.11245
0.24485
0.30779
0.18251
0.07198
0.18960
0.07347
0.14176
0.23517
0.22906
0.21152
0.14779
0.09167
0.18261
0.10400
0.13187
0.20179
0.29873
0.12732
0.17301
0.17688
0.29157
0.02358
0.26015
0.07120
0.25607
0.10099
0.13481
0.25858
0.06401
0.08617
0.21831
0.22792
0.06614
0.25128
0.02754
0.08836
0.13083
0.28148
0.28220
0.10715
0.24205
0.06304
0.08955
0.30002
0.33667
0.09609
0.12774
0.05294
0.28529
0.24861
0.05033
0.18654
0.06500
0.31947
0.20800
0.09997
0.21854
0.08347
0.33902
0.14782
0.09070
0.15747
0.23764
0.09748
0.31118
0.28996
0.32274
0.08637
0.17343
0.13439
0.19710
0.25616
0.25481
0.27225
0.32928
0.09567
0.10023
0.26912
0.27765
0.05913
0.22583
0.03770
0.20367
0.22348
0.02102
0.09751
0.20012
0.07212
0.06914
0.19990
0.24470
0.08697
0.10484
0.22487
0.13627
0.09718
0.18697
0.18471
0.24453
0.23888
0.17730
0.09331
0.08010
0.06798
0.11694
0.13101
0.20163
0.21159
0.14733
0.06532
0.24941
0.23806
0.04684
0.15479
0.19186
0.04274
0.14820
0.09662
0.20403
0.25944
0.06978
0.25848
0.23610
0.08398
0.24724
0.26967
0.22742
0.11483
0.22408
0.23733
0.33452
0.14419
0.19069
0.08998
0.05541
0.08268
0.06059
0.15333
0.17760
0.15158
0.07537
0.24854
0.09114
0.17574
0.09532
0.05193
0.24379
0.11805
0.03359
0.10117
0.28139
0.06185
0.31334
0.09587
0.11291
0.14797
0.21045
0.11391
0.04756
0.07838
0.11164
0.09883
0.12804
0.09811
0.24355
0.16549
0.16771
0.20524
0.04502
0.06688
0.13341
0.23042
0.13179
0.23201
0.14541
0.12827
0.24087
0.28250
0.09714
0.16805
0.03915
0.07657
0.11203
0.05872
0.02915
0.36209
0.14245
0.05533
0.20264
0.14703
0.06920
0.13911
0.33089
0.16521
0.05441
0.29918
0.12463
0.15977
0.16366
0.19462
0.11734
0.08788
0.05311
0.17462
0.20372
0.15441
0.09255
0.11649
0.11496
0.18842
0.13239
0.32122
0.23983
0.24279
0.14268
0.11952
0.28188
0.27478
0.29761
0.02442
0.25571
0.09824
0.30225
0.12129
0.09517
0.10563
0.11905
0.08343
0.17972
0.23743
0.06373
0.06608
0.06583
0.27576
0.11882
0.22926
0.19174
0.21418
0.18335
0.12225
0.04390
0.23389
0.28789
0.36556
0.24391
0.27956
0.21131
0.23395
0.29008
0.26992
0.25943
0.06860
0.06195
0.12305
0.23321
0.04595
0.05990
0.14406
0.12125
0.19193
0.08502
0.16157
0.10446
0.26365
0.28226
0.21218
0.21967
0.33755
0.10523
0.15855
0.31386
0.08487
0.18710
0.07156
0.08155
0.17076
0.06902
0.23785
0.34646
0.08361
0.08223
0.15249
0.23877
0.09516
0.06990
0.12129
0.08800
0.05738
0.07460
0.15581
0.07439
0.29504
0.11101
0.17307
0.08244
0.17724
0.30234
0.17181
0.22409
0.36559
0.16755
0.29457
0.30862
0.26807
0.28410
0.28878
0.24525
0.36179
0.22179
0.24688
0.19003
0.24181
0.26497
0.18382
0.37657
0.33392
0.26937
0.22348
0.23772
0.22355
0.33768
0.26139
0.21405
0.32505
0.33935
0.18829
0.21838
0.33426
0.26609
0.25449
0.26073
0.24575
0.31829
0.22297
0.21790
0.35309
0.22014
0.21077
0.28459
0.17545
0.30525
0.35976
0.28985
0.26723
0.26184
0.24324
0.24019
0.24054
0.34778
0.17031
0.24974
0.32598
0.22027
0.24759
0.29681
0.17643
0.27918
0.24429
0.28392
0.31356
0.30675
0.22006
0.18841
0.30184
0.36328
0.18601
0.28275
0.19875
0.18190
0.20836
0.35656
0.30957
0.33414
0.17182
0.35548
0.27189
0.26870
0.36595
0.32866
0.26827
0.29107
0.22662
0.26932
0.21900
0.36617
0.25360
0.19453
0.15543
0.32184
0.19730
0.25963
0.29745
0.26827
0.35106
0.33533
0.23571
0.32569
0.32092
0.17713
0.17527
0.25088
0.20167
0.20329
0.18708
0.29580
0.33906
0.22360
0.19620
0.24160
0.27577
0.21534
0.28076
0.21734
0.22999
0.17752
0.28384
0.24566
0.19884
0.15910
0.33572
0.31262
0.19215
0.25225
0.33277
0.26935
0.34381
0.31779
0.22892
0.25301
0.18710
0.29526
0.30551
0.24029
0.24109
0.22368
0.15054
0.28917
0.21008
0.24148
0.22952
0.23175
0.28306
0.29156
0.20398
0.23103
0.29196
0.21418
0.25573
0.19273
0.19398
0.22487
0.24414
0.13091
0.30462
0.33082
0.33178
0.18274
0.20483
0.33457
0.19136
0.16957
0.17922
0.31009
0.29312
0.18139
0.19274
0.26699
0.22621
0.14870
0.14759
0.22844
0.26147
0.20222
0.26292
0.21253
0.27170
0.18853
0.21571
0.27708
0.25796
0.20802
0.23881
0.22579
0.25184
0.36876
0.18549
0.26834
0.22446
0.37020
0.32040
0.22175
0.26821
0.23327
0.27136
0.19219
0.30926
0.26932
0.21853
0.29942
0.28488
0.35198
0.23462
0.28645
0.20926
0.34431
0.19092
0.26816
0.23791
0.21718
0.27787
0.25034
0.21141
0.19726
0.21749
0.31098
0.19044
0.31784
0.22455
0.23018
0.29495
0.29328
0.30331
0.14070
0.18996
0.33727
0.34083
0.21784
0.24374
0.24757
0.27798
0.21749
0.19049
0.30117
0.29910
0.21866
0.26065
0.19442
0.25592
0.32458
0.26096
0.23336
0.23502
0.33076
0.25415
0.18245
0.19925
0.28927
0.29938
0.24680
0.24188
0.22521
0.36209
0.36106
0.15185
0.24286
0.32234
0.23403
0.23363
0.30189
0.34505
0.21432
0.18224
0.20982
0.21635
0.23046
0.36734
0.27623
0.29452
0.23257
0.23652
0.26833
0.30077
0.29101
0.16632
0.33403
0.19651
0.24817
0.34849
0.29463
0.20940
0.26049
0.22305
0.30622
0.30405
0.34082
0.25306
0.28984
0.23193
0.27353
0.32287
0.13019
0.24043
0.19346
0.20976
0.23852
0.23190
0.24162
0.26241
0.25268
0.23267
0.20224
0.22023
0.35290
0.24142
0.22765
0.19421
0.30271
0.25335
0.22256
0.18200
0.33319
0.30039
0.33220
0.24562
0.20380
0.24557
0.26252
0.21643
0.27341
0.15201
0.31293
0.26203
0.34096
0.28076
0.31502
0.34788
0.28892
0.23434
0.26569
0.16352
0.19663
0.24162
0.18515
0.26585
0.31702
0.24952
0.28745
0.38840
0.32285
0.33271
0.28389
0.30842
0.29215
0.35292
0.21085
0.28045
0.32328
0.32827
0.27233
0.33162
0.39657
0.22229
0.21782
0.31523
0.20897
0.32578
0.32106
0.23842
0.24243
0.35505
0.23726
0.21966
0.31387
0.25074
0.19520
0.20935
0.25305
0.30610
0.29548
0.28054
0.29006
0.19850
0.25966
0.26848
0.28544
0.26162
0.27154
0.13031
0.35020
0.30382
0.35683
0.28752
0.31984
0.39740
0.40363
0.26460
0.20013
0.28359
0.39643
0.29262
0.22435
0.28067
0.35083
0.26846
0.20877
0.31504
0.26076
0.28606
0.20897
0.30982
0.36191
0.41038
0.31461
0.28991
0.27692
0.37607
0.30610
0.27047
0.28439
0.35208
0.27862
0.18608
0.31990
0.44237
0.25944
0.40705
0.39995
0.22904
0.31460
0.34633
0.31023
0.29522
0.23516
0.24763
0.19890
0.29127
0.27403
0.29875
0.30266
0.36023
0.29000
0.27531
0.25980
0.18436
0.24263
0.41044
0.25580
0.15398
0.34738
0.18699
0.17230
0.39282
0.18743
0.25074
0.22576
0.26935
0.22947
0.41862
0.21352
0.31509
0.39817
0.24751
0.23240
0.24377
0.25919
0.23219
0.34250
0.19803
0.37563
0.35211
0.23124
0.25839
0.18310
0.35215
0.27519
0.21604
0.35122
0.41189
0.32061
0.27088
0.35066
0.35055
0.21933
0.27810
0.28120
0.39260
0.22518
0.21965
0.26079
0.34204
0.24811
0.26140
0.27633
0.31362
0.35905
0.25471
0.27284
0.32738
0.29607
0.27696
0.26066
0.36459
0.28007
0.27789
0.28023
0.30820
0.32713
0.25868
0.30628
0.24747
0.32889
0.28471
0.21796
0.30823
0.25957
0.25076
0.27805
0.22735
0.29260
0.21735
0.11108
0.18317
0.16834
0.25750
0.22248
0.22180
0.22518
0.36155
0.22146
0.03708
0.15335
0.01698
0.26931
0.22917
0.17734
0.22480
0.03269
0.11025
0.17061
0.17096
0.04128
0.11165
0.22105
0.25751
0.20469
0.21120
0.24930
0.05247
0.31903
0.23423
0.05655
0.07308
0.13515
0.23780
0.11691
0.18833
0.16820
0.31184
0.03562
0.03095
0.01229
0.05808
0.21884
0.12236
0.06491
0.17656
0.31664
0.11799
0.28241
0.23140
0.04825
0.26696
0.05571
0.07606
0.23269
0.16721
0.24403
0.04287
0.05288
0.19078
0.19600
0.30349
0.24995
0.00842
0.02216
0.16863
0.22706
0.22024
0.14144
0.06259
0.18516
0.16411
0.14806
0.28231
0.26448
0.09216
0.09146
0.19313
0.05777
0.06752
0.23645
0.14712
0.20991
0.23835
0.27156
0.20659
0.33259
0.19294
0.21079
0.13824
0.15437
0.17585
0.04110
0.22940
0.08525
0.05019
0.17739
0.24746
0.28235
0.26822
0.05101
0.07983
0.12681
0.17360
0.25089
0.27301
0.06903
0.15074
0.31197
0.08323
0.18712
0.07740
0.04040
0.05690
0.15868
0.05073
0.07698
0.26004
0.24579
0.07529
0.05832
0.00412
0.05971
0.09024
0.26116
