0.09894
0.09445
0.06676
0.24157
0.08051
0.12475
0.21184
0.13634
0.18530
0.06055
0.21430
0.13055
0.15370
0.11529
0.11851
0.21829
0.16051
0.14445
0.04233
0.12733
0.28636
0.13241
0.13195
0.06692
0.23669
0.14099
0.09187
0.26696
0.08143
0.11455
0.14571
0.24580
0.13109
0.09743
0.10089
0.09783
0.11539
0.07113
0.13331
0.14674
0.31663
0.26796
0.10089
0.12641
0.29752
0.20362
0.15559
0.24206
0.17167
0.10111
0.09410
0.10436
0.14648
0.28968
0.09476
0.24910
0.24482
0.11482
0.13433
0.05607
0.26407
0.30694
0.13451
0.22816
0.28905
0.29765
0.03822
0.18978
0.07655
0.04818
0.12187
0.29939
0.30027
0.17206
0.26258
0.08600
0.07104
0.03537
0.22480
0.17670
0.33202
0.12141
0.31838
0.26467
0.27742
0.35317
0.09059
0.05427
0.12396
0.26983
0.33514
0.20725
0.04630
0.25350
0.06358
0.16903
0.20838
0.21019
0.20661
0.16378
0.09555
0.18697
0.09958
0.11520
0.14744
0.30533
0.14363
0.16581
0.14905
0.28450
0.03364
0.28047
0.07919
0.24857
0.11847
0.18309
0.26238
0.06342
0.08154
0.21009
0.24421
0.09585
0.27902
0.01504
0.07643
0.14822
0.32286
0.26368
0.12141
0.24788
0.08761
0.12518
0.27613
0.31325
0.09298
0.10333
0.05686
0.29690
0.27970
0.06693
0.16587
0.03746
0.29002
0.15739
0.12706
0.28572
0.07552
0.33799
0.18379
0.09359
0.11748
0.23591
0.10536
0.31161
0.29402
0.34204
0.12505
0.11522
0.14322
0.23671
0.26217
0.26851
0.28995
0.30893
0.08909
0.09822
0.31292
0.27911
0.04519
0.28013
0.04566
0.25020
0.17925
0.02843
0.07813
0.19663
0.05905
0.09249
0.16994
0.27308
0.11518
0.10237
0.20243
0.13403
0.09423
0.18932
0.20642
0.26051
0.24528
0.17540
0.10409
0.08377
0.03906
0.17992
0.11055
0.23885
0.20118
0.19427
0.08776
0.27607
0.18644
0.08720
0.17626
0.14054
0.08582
0.19739
0.08511
0.17869
0.26758
0.09204
0.23157
0.20986
0.08711
0.26093
0.27106
0.23914
0.11570
0.25569
0.21476
0.34836
0.10318
0.14922
0.11658
0.08213
0.08201
0.06148
0.14972
0.18239
0.13719
0.05190
0.25805
0.07769
0.23101
0.11110
0.09225
0.30110
0.10500
0.06748
0.09736
0.25536
0.07923
0.28197
0.11062
0.11118
0.12521
0.22101
0.10589
0.02063
0.10186
0.10880
0.10226
0.13811
0.12615
0.24954
0.15387
0.15996
0.21165
0.06098
0.07092
0.13460
0.21426
0.17943
0.20360
0.16891
0.15759
0.26010
0.24777
0.08923
0.17458
0.08249
0.11444
0.11691
0.05677
0.04645
0.37264
0.18651
0.04042
0.22922
0.18577
0.10850
0.18447
0.32952
0.11056
0.06045
0.29589
0.11568
0.21558
0.18418
0.21307
0.12817
0.10663
0.04433
0.17346
0.19945
0.21486
0.09122
0.15536
0.16682
0.18442
0.14115
0.31301
0.27619
0.25194
0.13451
0.08694
0.30741
0.29178
0.29474
0.03297
0.26785
0.11422
0.26845
0.11976
0.07251
0.13977
0.12220
0.10529
0.17240
0.26480
0.07542
0.09547
0.04118
0.27213
0.10934
0.24415
0.17471
0.23573
0.22032
0.13483
0.04274
0.26112
0.29470
0.35785
0.23491
0.30118
0.21590
0.24281
0.30118
0.28088
0.24106
0.07331
0.04064
0.13978
0.22660
0.03354
0.03894
0.19663
0.10995
0.21138
0.12696
0.15751
0.10132
0.26383
0.27121
0.24708
0.20332
0.33375
0.13066
0.13158
0.34372
0.07220
0.20595
0.03157
0.07379
0.15869
0.05921
0.23741
0.33352
0.06406
0.08041
0.10993
0.25626
0.10142
0.05301
0.06834
0.04029
0.03653
0.10693
0.18056
0.03997
0.27080
0.19504
0.18841
0.08429
0.17814
0.30828
0.18998
0.24058
0.35922
0.18209
0.30125
0.31145
0.25516
0.30445
0.29607
0.22680
0.35746
0.22412
0.24588
0.20878
0.23366
0.25944
0.19393
0.36998
0.34148
0.21593
0.23281
0.24927
0.19855
0.33003
0.26036
0.20215
0.31678
0.33830
0.18448
0.21354
0.33567
0.25935
0.25808
0.27176
0.25564
0.31570
0.21986
0.22719
0.34893
0.23390
0.21702
0.31598
0.18615
0.29387
0.35230
0.29422
0.28611
0.27172
0.26186
0.22957
0.26479
0.34615
0.19795
0.28440
0.33391
0.22245
0.25200
0.30120
0.19701
0.26713
0.25442
0.28600
0.32255
0.30013
0.24303
0.18010
0.29102
0.36677
0.16021
0.26585
0.19316
0.17567
0.20294
0.33801
0.31255
0.31804
0.17986
0.36650
0.26755
0.28858
0.37610
0.31556
0.28135
0.28934
0.24138
0.28593
0.21022
0.36819
0.25866
0.22983
0.17561
0.31966
0.20416
0.26327
0.29467
0.26977
0.35556
0.33647
0.22604
0.31614
0.32665
0.16045
0.13993
0.26250
0.21182
0.17914
0.14901
0.30183
0.34752
0.25066
0.23007
0.24949
0.27350
0.21514
0.26175
0.23397
0.26300
0.21728
0.28229
0.24856
0.21629
0.18687
0.33690
0.31096
0.16591
0.28435
0.32465
0.27492
0.33430
0.32128
0.22568
0.26283
0.21619
0.29902
0.31407
0.26169
0.26594
0.22921
0.17886
0.30397
0.22178
0.27731
0.22041
0.24725
0.28725
0.30387
0.21168
0.23670
0.28729
0.21998
0.26447
0.20395
0.24008
0.22234
0.24535
0.20407
0.30830
0.32676
0.33757
0.19369
0.17284
0.33176
0.21929
0.17727
0.19936
0.31653
0.32059
0.17772
0.18803
0.28396
0.24302
0.18870
0.17064
0.22437
0.27226
0.20629
0.24722
0.22766
0.28724
0.18720
0.22024
0.28325
0.25882
0.18837
0.26745
0.26958
0.28048
0.36410
0.21542
0.30370
0.23041
0.36775
0.32617
0.23167
0.25735
0.25482
0.26759
0.21867
0.30220
0.27144
0.23755
0.29878
0.23803
0.34770
0.23189
0.30255
0.22619
0.35105
0.19733
0.27233
0.22357
0.22384
0.27989
0.26442
0.21060
0.20446
0.25378
0.31243
0.20563
0.31222
0.23464
0.23495
0.28863
0.30042
0.30593
0.16203
0.20041
0.32971
0.33317
0.22774
0.26092
0.28310
0.27645
0.21942
0.18475
0.31578
0.28399
0.24533
0.26428
0.19906
0.27282
0.32439
0.26728
0.24557
0.23923
0.34451
0.26005
0.16543
0.21151
0.29787
0.30777
0.25578
0.25041
0.23989
0.35467
0.36493
0.17521
0.24239
0.32616
0.23958
0.24724
0.29101
0.34350
0.21019
0.20368
0.18784
0.22938
0.24373
0.36637
0.30568
0.30146
0.25726
0.23881
0.27132
0.30942
0.28489
0.17725
0.34316
0.22212
0.25701
0.34820
0.29561
0.21872
0.25366
0.24809
0.30070
0.31591
0.34216
0.25288
0.28662
0.20636
0.28448
0.31885
0.14961
0.25331
0.19514
0.21662
0.24582
0.25563
0.25066
0.24072
0.24182
0.23988
0.21028
0.25618
0.35064
0.26018
0.23063
0.20858
0.30337
0.24668
0.24637
0.18738
0.34879
0.30344
0.32781
0.26897
0.22212
0.25494
0.25988
0.20802
0.27017
0.18172
0.32912
0.27333
0.35349
0.29576
0.31616
0.35399
0.28297
0.21211
0.25620
0.14527
0.19218
0.25528
0.20991
0.28690
0.32593
0.26097
0.30947
0.38553
0.32230
0.32897
0.26355
0.32359
0.30203
0.36292
0.23470
0.27372
0.32861
0.32768
0.25554
0.33677
0.39809
0.21934
0.22256
0.34059
0.23250
0.32835
0.31186
0.26086
0.23663
0.35808
0.22739
0.24650
0.32981
0.26545
0.24460
0.22505
0.22267
0.29162
0.29267
0.30304
0.29184
0.21880
0.27289
0.26730
0.27611
0.24043
0.30211
0.13991
0.31795
0.30140
0.35226
0.28761
0.31179
0.39402
0.38737
0.23740
0.18644
0.27562
0.37772
0.29628
0.22812
0.27805
0.34327
0.22740
0.21613
0.34219
0.21576
0.29230
0.21456
0.31244
0.37288
0.43786
0.30937
0.27974
0.24713
0.37146
0.32336
0.32374
0.26485
0.35250
0.26221
0.18174
0.31703
0.44898
0.25946
0.39881
0.41390
0.18400
0.26997
0.33217
0.31786
0.31133
0.19746
0.24779
0.18431
0.30621
0.27004
0.28537
0.30652
0.35989
0.24252
0.24444
0.26001
0.17494
0.23161
0.37875
0.25638
0.15523
0.34016
0.16745
0.18671
0.40686
0.16513
0.30938
0.22317
0.27932
0.25777
0.41513
0.20391
0.30600
0.38525
0.23639
0.25004
0.22662
0.27394
0.20627
0.35668
0.22205
0.36241
0.34488
0.23529
0.25849
0.20722
0.33213
0.26985
0.23031
0.35619
0.41013
0.32633
0.26856
0.34116
0.35695
0.18175
0.27172
0.28403
0.38106
0.20966
0.22803
0.24686
0.36172
0.23965
0.27132
0.23653
0.32780
0.36028
0.22699
0.25049
0.31219
0.30277
0.24930
0.26841
0.38750
0.24946
0.30046
0.24330
0.26667
0.33657
0.27773
0.28108
0.23740
0.33087
0.25920
0.19386
0.29319
0.27723
0.21658
0.24334
0.19958
0.30200
0.22867
0.03067
0.11483
0.17717
0.22462
0.29338
0.21818
0.26913
0.32705
0.19111
0.05266
0.19919
0.01506
0.33417
0.24342
0.19762
0.24387
0.05095
0.13381
0.19023
0.19731
0.08475
0.17881
0.22438
0.26817
0.20693
0.21455
0.29314
0.01843
0.29306
0.27002
0.01641
0.04475
0.09599
0.25740
0.08292
0.20283
0.19192
0.25705
0.03201
0.04284
0.04822
0.05639
0.28086
0.12697
0.16805
0.13624
0.22646
0.11262
0.24363
0.20404
0.06074
0.25746
0.05641
0.07533
0.28107
0.18702
0.19916
0.05002
0.07187
0.22002
0.20199
0.32422
0.22848
0.01496
0.04810
0.20978
0.20333
0.16347
0.15554
0.08310
0.27611
0.17241
0.09036
0.23485
0.28337
0.05800
0.14013
0.17002
0.06067
0.03690
0.20476
0.11478
0.18860
0.24924
0.28484
0.20118
0.30366
0.23540
0.21311
0.15540
0.24188
0.24216
0.03157
0.27007
0.11443
0.07070
0.17551
0.28073
0.31946
0.25718
0.10347
0.04452
0.09566
0.24065
0.18935
0.27278
0.07445
0.16421
0.28547
0.14613
0.23182
0.10698
0.03558
0.08978
0.19280
0.03984
0.07748
0.29617
0.27120
0.05400
0.12147
0.03352
0.07492
0.06227
0.26605
