0.21485
0.09899
0.07683
0.25048
0.10633
0.14825
0.22813
0.20688
0.24082
0.11952
0.24727
0.14826
0.19060
0.11606
0.17152
0.21647
0.16474
0.19035
0.15767
0.17365
0.29904
0.22233
0.21980
0.15244
0.24572
0.19407
0.17888
0.28352
0.15037
0.21666
0.21168
0.28458
0.13030
0.11796
0.17830
0.09151
0.12939
0.13448
0.14117
0.25017
0.28711
0.27182
0.12837
0.19690
0.29708
0.25596
0.20858
0.28504
0.23405
0.18747
0.09793
0.21642
0.15240
0.28262
0.09684
0.25658
0.23689
0.16852
0.18488
0.14693
0.27871
0.30194
0.16913
0.25723
0.25189
0.29153
0.11169
0.19201
0.17849
0.14792
0.13681
0.31892
0.33011
0.22206
0.27080
0.17311
0.17923
0.07575
0.20096
0.16602
0.31155
0.20577
0.33830
0.26340
0.24823
0.35020
0.10538
0.14853
0.16787
0.27881
0.30423
0.19693
0.12233
0.26106
0.09690
0.20636
0.24948
0.21399
0.20287
0.19466
0.09797
0.22326
0.11323
0.11647
0.25225
0.29461
0.16338
0.15979
0.18733
0.27073
0.06688
0.25803
0.13533
0.23511
0.13879
0.20431
0.28991
0.07833
0.11398
0.21277
0.24441
0.16380
0.27092
0.07764
0.18910
0.15534
0.33411
0.25895
0.18836
0.23580
0.15558
0.18766
0.30999
0.34592
0.10042
0.17638
0.09866
0.26337
0.28633
0.12166
0.19700
0.07934
0.30807
0.24425
0.15388
0.33017
0.19185
0.34698
0.24737
0.09716
0.15148
0.28121
0.10747
0.33242
0.27766
0.34716
0.17779
0.19444
0.17917
0.20352
0.29354
0.25960
0.28983
0.31814
0.09892
0.19738
0.28929
0.29449
0.13514
0.28683
0.09348
0.27569
0.21293
0.06833
0.12976
0.22493
0.09778
0.17001
0.19275
0.29822
0.16618
0.10994
0.19581
0.21339
0.13030
0.17780
0.26693
0.28560
0.24654
0.21255
0.17894
0.17631
0.12787
0.19389
0.23792
0.26165
0.26698
0.23857
0.14901
0.26845
0.24330
0.15167
0.23993
0.17700
0.09641
0.29669
0.17083
0.27223
0.27562
0.12139
0.28117
0.22819
0.15148
0.25962
0.28396
0.23449
0.15176
0.32042
0.20150
0.35118
0.16327
0.22907
0.17039
0.09736
0.16349
0.10931
0.21713
0.22099
0.19598
0.14190
0.25246
0.19372
0.29538
0.22026
0.13930
0.28185
0.11101
0.06163
0.11580
0.25129
0.08374
0.27513
0.18500
0.10288
0.14650
0.22283
0.12422
0.11696
0.21196
0.10153
0.12715
0.20975
0.16981
0.28019
0.13819
0.17568
0.21107
0.12961
0.12052
0.13983
0.20138
0.19012
0.22617
0.19652
0.20632
0.27615
0.29123
0.09990
0.18719
0.10948
0.17763
0.15421
0.16268
0.10232
0.33824
0.19316
0.15150
0.25232
0.19266
0.09798
0.16877
0.34043
0.16648
0.13385
0.31449
0.11708
0.22790
0.25612
0.20697
0.13640
0.14171
0.14199
0.24172
0.24596
0.17677
0.09495
0.21029
0.23908
0.23255
0.16628
0.31250
0.30999
0.25644
0.19948
0.16989
0.30469
0.32812
0.33156
0.07315
0.28951
0.17364
0.29767
0.22493
0.17182
0.19576
0.18411
0.11708
0.22865
0.22354
0.11364
0.11533
0.14828
0.26532
0.26563
0.28362
0.20755
0.21262
0.23960
0.18216
0.19800
0.24617
0.28626
0.34245
0.24647
0.32082
0.23079
0.25531
0.26924
0.25580
0.26995
0.12587
0.12270
0.22235
0.23086
0.12599
0.10726
0.27143
0.17162
0.21934
0.18539
0.20395
0.15179
0.28838
0.26732
0.25356
0.20848
0.27558
0.17249
0.14760
0.32547
0.11702
0.23812
0.10986
0.14476
0.21395
0.10892
0.25734
0.33429
0.13424
0.09740
0.17785
0.21581
0.12585
0.12933
0.12166
0.15168
0.09842
0.18141
0.23575
0.13404
0.26910
0.21249
0.22981
0.13005
0.19950
0.29540
0.23908
0.28737
0.35423
0.19173
0.28501
0.29652
0.30077
0.28693
0.29356
0.25727
0.35361
0.26947
0.23576
0.22670
0.24483
0.31592
0.19033
0.37607
0.32871
0.25333
0.25389
0.27087
0.24653
0.35894
0.30882
0.27241
0.30004
0.33023
0.21251
0.27447
0.32874
0.27749
0.27398
0.27699
0.27312
0.30347
0.26475
0.22522
0.33917
0.26602
0.24563
0.35944
0.20288
0.32459
0.34920
0.28125
0.29766
0.31031
0.27207
0.22050
0.25721
0.34412
0.25136
0.31627
0.31748
0.22137
0.23321
0.31740
0.20290
0.29434
0.27597
0.27851
0.30238
0.27812
0.28300
0.18177
0.29402
0.37091
0.16974
0.28277
0.24174
0.18200
0.20799
0.36834
0.31739
0.29614
0.17881
0.35701
0.27809
0.26941
0.37475
0.30248
0.26038
0.30527
0.23523
0.28441
0.19883
0.36845
0.28074
0.25234
0.17025
0.33233
0.21762
0.24871
0.28513
0.27189
0.35116
0.31586
0.23643
0.31328
0.31580
0.17195
0.19632
0.31651
0.21844
0.20044
0.18203
0.30269
0.34456
0.28655
0.25440
0.24929
0.27580
0.22702
0.29489
0.23830
0.27016
0.24947
0.28964
0.28725
0.23314
0.20460
0.36324
0.30600
0.21626
0.33019
0.32295
0.27368
0.36121
0.30746
0.24820
0.28816
0.22602
0.29419
0.32843
0.28655
0.29037
0.25483
0.17607
0.32835
0.24806
0.29224
0.21945
0.24860
0.33189
0.28495
0.20526
0.26162
0.30167
0.21405
0.29929
0.21017
0.26168
0.23285
0.24657
0.23601
0.30883
0.30659
0.33888
0.25348
0.22194
0.32086
0.22815
0.22129
0.24118
0.29978
0.30820
0.18320
0.20003
0.28725
0.26532
0.23198
0.16636
0.19348
0.27226
0.20441
0.22522
0.25468
0.32144
0.20283
0.26625
0.28076
0.28969
0.19155
0.28269
0.28065
0.27460
0.39656
0.21134
0.31297
0.20998
0.35667
0.30936
0.26397
0.27781
0.29055
0.27037
0.21015
0.31319
0.29149
0.29935
0.28293
0.26044
0.33120
0.23672
0.27502
0.23409
0.33919
0.24183
0.29296
0.22079
0.23335
0.30824
0.27684
0.22509
0.23793
0.27478
0.31739
0.21355
0.30896
0.24145
0.24611
0.28190
0.27278
0.31763
0.16565
0.25479
0.33227
0.32517
0.24899
0.28676
0.31459
0.27890
0.27211
0.24055
0.29990
0.30111
0.25245
0.25966
0.19057
0.31574
0.31172
0.27464
0.26760
0.22375
0.30800
0.30908
0.19632
0.20408
0.29450
0.29048
0.25992
0.27968
0.25181
0.34346
0.37177
0.16751
0.23646
0.30902
0.29210
0.28271
0.31624
0.33308
0.25324
0.21513
0.22345
0.26327
0.27703
0.36202
0.29136
0.32224
0.29061
0.23841
0.28241
0.28612
0.28707
0.19035
0.31739
0.20590
0.25186
0.34008
0.31554
0.22686
0.26733
0.29831
0.28910
0.30460
0.34403
0.26084
0.26955
0.20781
0.33261
0.32405
0.15238
0.27423
0.23117
0.23710
0.22937
0.24025
0.28278
0.25634
0.29121
0.22953
0.26299
0.24062
0.34330
0.27446
0.25570
0.20673
0.28961
0.26726
0.25859
0.22130
0.33720
0.29107
0.33855
0.25115
0.28142
0.30968
0.26855
0.23224
0.27862
0.17504
0.32915
0.26293
0.34632
0.27707
0.31411
0.35736
0.28895
0.26743
0.29237
0.18857
0.22060
0.27485
0.25625
0.29092
0.29970
0.28822
0.32784
0.38208
0.30505
0.32209
0.28275
0.31287
0.32183
0.35737
0.27436
0.30147
0.33068
0.31046
0.27953
0.32535
0.39876
0.21876
0.23797
0.30825
0.27026
0.30903
0.32664
0.25043
0.25134
0.34404
0.24304
0.28485
0.31526
0.29553
0.27654
0.21775
0.27401
0.27929
0.29114
0.31027
0.30453
0.27385
0.32327
0.28647
0.29808
0.28655
0.27968
0.16605
0.29656
0.35459
0.36720
0.29642
0.31831
0.40105
0.41507
0.27773
0.21209
0.28699
0.39653
0.27487
0.18621
0.32126
0.31444
0.24983
0.25697
0.31686
0.21261
0.29643
0.26583
0.32788
0.37601
0.44475
0.27755
0.33013
0.28442
0.38018
0.32067
0.28580
0.30652
0.34412
0.27570
0.20635
0.32837
0.45761
0.26490
0.42764
0.40328
0.20974
0.30558
0.33518
0.30912
0.30719
0.22869
0.27761
0.22843
0.30367
0.31093
0.28984
0.31420
0.35495
0.27169
0.27209
0.26982
0.24474
0.25930
0.41184
0.22573
0.15260
0.33636
0.17276
0.18497
0.40527
0.17893
0.24798
0.24568
0.26076
0.22171
0.42627
0.20354
0.34285
0.39215
0.25055
0.17085
0.24941
0.27096
0.22221
0.36218
0.18603
0.33402
0.33494
0.25790
0.26461
0.25970
0.34318
0.28344
0.18674
0.35429
0.40899
0.32085
0.30021
0.32030
0.37530
0.22518
0.31552
0.27991
0.36749
0.23046
0.20952
0.26861
0.32814
0.25865
0.24189
0.25746
0.34493
0.37199
0.21201
0.27861
0.33905
0.31055
0.30787
0.25487
0.37290
0.28007
0.30577
0.25979
0.34221
0.32814
0.25470
0.30507
0.24663
0.33789
0.26395
0.22913
0.30650
0.28171
0.21946
0.29151
0.19008
0.31894
0.19692
0.08174
0.20680
0.19354
0.21094
0.27036
0.22400
0.22785
0.33801
0.20573
0.06225
0.22815
0.14275
0.28089
0.28250
0.16365
0.26757
0.11775
0.18578
0.20834
0.26837
0.07927
0.15144
0.25089
0.26044
0.20797
0.21037
0.28491
0.12049
0.29671
0.24912
0.04604
0.11812
0.15953
0.27680
0.17489
0.26580
0.22268
0.32120
0.12406
0.10877
0.05632
0.15587
0.22731
0.10193
0.18822
0.19304
0.31081
0.20806
0.33710
0.21197
0.07012
0.27922
0.08309
0.07820
0.31801
0.17241
0.27954
0.11712
0.15164
0.22470
0.18675
0.25537
0.27478
0.05847
0.11350
0.16502
0.19462
0.18806
0.22671
0.13166
0.26211
0.16415
0.19240
0.29741
0.30114
0.13133
0.26452
0.15629
0.13444
0.09808
0.25769
0.15412
0.21002
0.26914
0.24257
0.19464
0.30170
0.23576
0.20935
0.21972
0.17943
0.16727
0.05517
0.23057
0.13741
0.10972
0.20644
0.22407
0.27961
0.27879
0.20088
0.09512
0.10675
0.23645
0.28539
0.29211
0.13321
0.29443
0.34851
0.13665
0.23168
0.13701
0.10420
0.03893
0.21658
0.10540
0.15248
0.26877
0.25554
0.14494
0.07650
0.10656
0.18149
0.10964
0.27346
