0.17540
0.10664
0.07602
0.25566
0.11711
0.15270
0.24894
0.17353
0.21252
0.06805
0.18330
0.13569
0.18500
0.10964
0.19896
0.23479
0.14918
0.17320
0.10894
0.14442
0.31099
0.12909
0.18875
0.05327
0.25141
0.18504
0.15287
0.23439
0.12290
0.17189
0.16528
0.26682
0.16522
0.09985
0.11283
0.09763
0.13494
0.12424
0.15218
0.13654
0.29561
0.27393
0.10390
0.14713
0.30245
0.22886
0.17757
0.24316
0.21194
0.17682
0.10513
0.12809
0.15080
0.25210
0.09459
0.22191
0.22911
0.16257
0.18406
0.10963
0.25885
0.28060
0.11204
0.16494
0.30727
0.28549
0.07092
0.18134
0.13979
0.06810
0.12735
0.30646
0.26639
0.17683
0.27767
0.15206
0.09419
0.04433
0.20978
0.15236
0.30620
0.16752
0.33447
0.28324
0.26427
0.33391
0.09478
0.09024
0.15194
0.24084
0.34888
0.21311
0.07529
0.27515
0.08217
0.21549
0.19109
0.22704
0.17717
0.17750
0.09707
0.19243
0.11373
0.13595
0.22719
0.28701
0.16637
0.18363
0.20694
0.27321
0.04092
0.26672
0.09464
0.26347
0.13804
0.15986
0.27145
0.04919
0.06291
0.18820
0.21707
0.11871
0.27378
0.02493
0.14453
0.13580
0.29410
0.27877
0.20319
0.26243
0.11662
0.13369
0.31147
0.34473
0.11997
0.17277
0.14646
0.28027
0.25368
0.07359
0.14008
0.05544
0.30845
0.16266
0.15173
0.25529
0.12940
0.36353
0.15844
0.10023
0.18568
0.30163
0.11528
0.31750
0.31024
0.32518
0.18336
0.14686
0.19025
0.21594
0.27928
0.26997
0.25835
0.31250
0.10287
0.12408
0.29965
0.27576
0.09029
0.23760
0.07722
0.26734
0.22081
0.05559
0.12135
0.22255
0.08155
0.05019
0.20851
0.26387
0.11072
0.10185
0.21952
0.19101
0.10976
0.19233
0.24121
0.24730
0.26290
0.20877
0.13785
0.10741
0.06906
0.17830
0.14874
0.24490
0.26352
0.20845
0.10410
0.26491
0.23413
0.10272
0.24094
0.15814
0.06269
0.22400
0.10004
0.23320
0.25330
0.13515
0.29056
0.22506
0.13984
0.25405
0.27044
0.20348
0.12343
0.26842
0.23999
0.34386
0.12552
0.18874
0.15746
0.13475
0.07802
0.07234
0.20791
0.18531
0.15761
0.09008
0.22693
0.13216
0.26946
0.13998
0.07814
0.28380
0.12889
0.05594
0.12409
0.28630
0.11357
0.31211
0.12369
0.10713
0.14842
0.21678
0.11283
0.06448
0.11534
0.11455
0.14239
0.18155
0.12874
0.23699
0.14046
0.16623
0.19318
0.09984
0.11458
0.14070
0.17901
0.18925
0.20130
0.18712
0.18073
0.24010
0.30322
0.09384
0.17969
0.08920
0.08880
0.13758
0.08048
0.05900
0.35528
0.22926
0.06753
0.19983
0.15191
0.06649
0.18135
0.31839
0.14174
0.14392
0.30315
0.12008
0.25104
0.17181
0.16143
0.16687
0.12320
0.08091
0.19638
0.22544
0.17716
0.10878
0.18998
0.17888
0.20272
0.17543
0.32983
0.30801
0.24065
0.11576
0.14570
0.30083
0.30474
0.33060
0.04946
0.24952
0.14732
0.25209
0.18032
0.09111
0.15474
0.15992
0.12792
0.23611
0.22572
0.08156
0.13137
0.13585
0.25559
0.20957
0.27525
0.17521
0.25771
0.22802
0.13310
0.05305
0.28515
0.25268
0.35296
0.27046
0.24494
0.21670
0.25529
0.28575
0.27469
0.22004
0.07639
0.08280
0.15204
0.22145
0.06518
0.06352
0.25607
0.15336
0.23047
0.14106
0.18909
0.14544
0.28640
0.25894
0.21746
0.22126
0.32639
0.16354
0.15946
0.34068
0.11044
0.20024
0.07212
0.12768
0.19339
0.07318
0.25822
0.31605
0.05648
0.12169
0.16740
0.27028
0.11400
0.04444
0.09501
0.07758
0.10360
0.13018
0.20599
0.08145
0.28540
0.20163
0.22017
0.11266
0.21278
0.28373
0.16247
0.26331
0.34441
0.14083
0.30965
0.29266
0.23111
0.27413
0.27251
0.20113
0.35633
0.21450
0.24242
0.25117
0.21739
0.25711
0.20959
0.37363
0.31450
0.26103
0.21891
0.25770
0.21670
0.34031
0.27432
0.20022
0.32332
0.33388
0.19048
0.19788
0.33077
0.25684
0.22592
0.23333
0.26474
0.31507
0.23995
0.23022
0.34402
0.24693
0.18434
0.25953
0.19491
0.31552
0.36021
0.27050
0.24016
0.28758
0.25427
0.23108
0.26285
0.33547
0.15503
0.22691
0.33208
0.22792
0.27902
0.28301
0.17264
0.26788
0.26873
0.28515
0.31304
0.29775
0.22102
0.19323
0.27266
0.36479
0.15077
0.25458
0.16551
0.14801
0.20354
0.36351
0.28605
0.34021
0.15298
0.35474
0.26479
0.26296
0.37392
0.32057
0.24931
0.24448
0.24336
0.27692
0.19714
0.33741
0.27404
0.23693
0.15428
0.30218
0.21339
0.24603
0.28840
0.25025
0.34787
0.32691
0.21355
0.32261
0.32699
0.17086
0.14970
0.26740
0.19206
0.15793
0.16204
0.29242
0.33319
0.20844
0.23954
0.24880
0.26364
0.22151
0.28775
0.23313
0.24078
0.19016
0.28522
0.26386
0.23486
0.18982
0.33296
0.28783
0.13724
0.29851
0.33017
0.23794
0.32438
0.32366
0.22705
0.26485
0.22167
0.28973
0.27722
0.21715
0.25532
0.23317
0.15340
0.29078
0.19264
0.23659
0.21835
0.25173
0.31025
0.28424
0.18972
0.22252
0.27320
0.21686
0.24402
0.20120
0.22624
0.21203
0.22564
0.21218
0.28771
0.31366
0.33086
0.20171
0.17064
0.32663
0.20780
0.18258
0.16346
0.30661
0.29281
0.16295
0.17104
0.25861
0.25968
0.17806
0.16145
0.21548
0.27200
0.18277
0.25976
0.21399
0.28052
0.18741
0.19661
0.26887
0.26232
0.19020
0.22987
0.26633
0.24547
0.34295
0.17621
0.30191
0.22866
0.36007
0.32250
0.23277
0.26091
0.24559
0.25866
0.17242
0.30266
0.27986
0.21596
0.28959
0.29183
0.34414
0.22008
0.27820
0.21264
0.33742
0.16288
0.22889
0.21135
0.20406
0.25992
0.25147
0.23399
0.24586
0.22730
0.29857
0.19109
0.30188
0.22317
0.25535
0.28143
0.29756
0.26811
0.13683
0.19805
0.33004
0.33699
0.21690
0.25454
0.23870
0.24177
0.16398
0.16113
0.30448
0.25939
0.23081
0.23451
0.18465
0.25245
0.31453
0.25543
0.19577
0.22845
0.32355
0.24834
0.14074
0.18670
0.29651
0.28212
0.26264
0.23776
0.25630
0.35579
0.36046
0.14020
0.22956
0.33496
0.23532
0.23483
0.29546
0.34557
0.24963
0.18995
0.18357
0.21824
0.24141
0.35834
0.27585
0.27742
0.23855
0.22096
0.23410
0.31453
0.28714
0.16425
0.33950
0.19724
0.23418
0.32492
0.27533
0.19385
0.24226
0.19947
0.29576
0.29233
0.34980
0.22694
0.29075
0.20046
0.26842
0.28400
0.12475
0.22202
0.21487
0.16564
0.27671
0.22499
0.22386
0.23283
0.22222
0.22162
0.19151
0.23616
0.34382
0.22498
0.23805
0.19185
0.30528
0.23802
0.21155
0.16356
0.31187
0.29536
0.33396
0.24599
0.16694
0.25752
0.23248
0.20659
0.25645
0.18932
0.29971
0.27190
0.33846
0.28550
0.30399
0.34553
0.25134
0.21208
0.27397
0.14580
0.16469
0.22987
0.15585
0.24452
0.32137
0.21246
0.28439
0.37402
0.31205
0.31227
0.24297
0.31712
0.28540
0.34752
0.18444
0.25049
0.31940
0.33268
0.26572
0.33347
0.37419
0.24416
0.24149
0.28785
0.21266
0.31498
0.30546
0.23976
0.25693
0.34425
0.23059
0.21194
0.33156
0.22431
0.20376
0.20234
0.22556
0.27626
0.28822
0.25919
0.28623
0.23020
0.28686
0.26530
0.27366
0.24267
0.25336
0.13024
0.31229
0.29633
0.35707
0.29129
0.31574
0.37577
0.37792
0.26750
0.20219
0.26430
0.38553
0.28295
0.21033
0.30508
0.33524
0.27037
0.21765
0.33721
0.24497
0.29072
0.23538
0.31637
0.36871
0.43840
0.33586
0.31324
0.26176
0.38021
0.31923
0.31282
0.29372
0.33599
0.26740
0.20463
0.31016
0.44609
0.27610
0.39191
0.36959
0.23786
0.26250
0.32518
0.30987
0.30823
0.20209
0.26483
0.22740
0.30613
0.30286
0.30613
0.33577
0.36179
0.25537
0.24795
0.26337
0.21133
0.26769
0.38660
0.23929
0.14512
0.34273
0.21213
0.21854
0.39618
0.17391
0.27249
0.25115
0.26061
0.24908
0.42986
0.21050
0.32792
0.37416
0.25252
0.21029
0.23451
0.27711
0.25354
0.35509
0.19854
0.37033
0.36436
0.26875
0.25035
0.21383
0.34712
0.29513
0.23400
0.35110
0.42587
0.32333
0.30287
0.36541
0.33863
0.19042
0.28119
0.30604
0.40737
0.24017
0.23210
0.25263
0.35436
0.24684
0.24547
0.24873
0.35083
0.37556
0.26091
0.29163
0.32031
0.29110
0.25557
0.24007
0.39401
0.28853
0.30681
0.26857
0.28396
0.34937
0.28092
0.27009
0.24554
0.34176
0.27696
0.22073
0.31808
0.29264
0.24833
0.26620
0.23503
0.28988
0.19693
0.04581
0.15064
0.23982
0.23640
0.21880
0.22673
0.23878
0.34054
0.20754
0.06385
0.22860
0.08431
0.32311
0.17132
0.20210
0.29768
0.10804
0.14353
0.23381
0.22215
0.07616
0.17740
0.24794
0.23429
0.15919
0.19902
0.24138
0.06406
0.31671
0.11667
0.04571
0.11911
0.17466
0.28684
0.16640
0.22919
0.22386
0.27197
0.08466
0.11008
0.09771
0.10050
0.28117
0.13588
0.13620
0.16878
0.31215
0.13730
0.26356
0.20216
0.02720
0.29270
0.09899
0.06188
0.27773
0.18207
0.27946
0.06799
0.17185
0.20617
0.20400
0.28518
0.24484
0.04836
0.06092
0.17164
0.20121
0.24032
0.23335
0.11473
0.26057
0.19021
0.14009
0.29092
0.28125
0.11743
0.16365
0.15257
0.08669
0.05555
0.24811
0.17314
0.19739
0.22926
0.27227
0.19526
0.31800
0.22936
0.24823
0.14807
0.21427
0.18616
0.04209
0.23895
0.12052
0.10205
0.17365
0.23411
0.28282
0.23055
0.05774
0.11231
0.20173
0.22309
0.25441
0.27574
0.09916
0.22978
0.32781
0.16572
0.24380
0.07992
0.03593
0.08881
0.19098
0.08985
0.07753
0.25826
0.28612
0.15797
0.11426
0.04449
0.06920
0.12881
0.25974
