0.10789
0.10084
0.05171
0.21862
0.08165
0.12184
0.24301
0.14815
0.15927
0.04609
0.19097
0.14459
0.16328
0.12675
0.08411
0.22406
0.17777
0.10832
0.06737
0.15264
0.28561
0.07738
0.14532
0.05888
0.21735
0.14720
0.09196
0.24494
0.08242
0.14316
0.16310
0.25027
0.15139
0.11003
0.07349
0.09319
0.17339
0.08708
0.08677
0.15811
0.29630
0.24912
0.05076
0.12231
0.27568
0.22778
0.14939
0.21264
0.17706
0.15918
0.09477
0.11940
0.14416
0.29015
0.08941
0.20551
0.20664
0.12422
0.15129
0.07793
0.26437
0.23593
0.11933
0.19228
0.27450
0.29332
0.03542
0.17452
0.08148
0.04084
0.13702
0.28774
0.28256
0.16295
0.25141
0.09330
0.04610
0.03462
0.20138
0.18530
0.27598
0.16791
0.32496
0.25807
0.23522
0.36153
0.10103
0.04732
0.11196
0.29204
0.26244
0.18625
0.06376
0.25075
0.06322
0.12003
0.22577
0.19862
0.18796
0.14487
0.10154
0.16381
0.11900
0.13155
0.17881
0.27874
0.14100
0.18982
0.16797
0.28437
0.01358
0.22320
0.09955
0.24931
0.10670
0.18835
0.26938
0.05423
0.08362
0.14834
0.22291
0.06566
0.24052
0.00872
0.07526
0.12073
0.32371
0.26748
0.17421
0.23200
0.08605
0.13141
0.31041
0.30518
0.11415
0.15079
0.05955
0.24231
0.26108
0.02246
0.16058
0.01610
0.28107
0.14110
0.12124
0.30266
0.10845
0.32260
0.17152
0.09079
0.13449
0.26513
0.11128
0.26696
0.29060
0.26842
0.11394
0.15071
0.18383
0.21618
0.23502
0.26389
0.25903
0.30643
0.09511
0.10464
0.29254
0.26983
0.08848
0.27652
0.04124
0.21023
0.19982
0.04324
0.15189
0.20750
0.06173
0.09378
0.18053
0.25132
0.13384
0.10986
0.23919
0.12336
0.12684
0.21714
0.20715
0.25689
0.23136
0.21532
0.12156
0.07443
0.04111
0.18165
0.11239
0.21584
0.21617
0.15320
0.09356
0.26897
0.20576
0.08753
0.15209
0.15303
0.05342
0.21121
0.08543
0.20684
0.23016
0.04520
0.28328
0.21187
0.08431
0.22235
0.23801
0.23340
0.11983
0.30824
0.22843
0.29048
0.10031
0.18228
0.09463
0.05636
0.04510
0.04616
0.19228
0.19128
0.18138
0.04711
0.25648
0.07381
0.21478
0.12236
0.09043
0.26475
0.11596
0.03883
0.09890
0.26067
0.05298
0.29175
0.09953
0.11191
0.11358
0.21114
0.11745
0.05863
0.09165
0.09777
0.08918
0.07493
0.15847
0.23265
0.12561
0.16580
0.22429
0.08292
0.07701
0.12559
0.16109
0.17330
0.21876
0.19767
0.11659
0.25336
0.30930
0.10228
0.16946
0.03661
0.08587
0.12402
0.05681
0.04096
0.33647
0.17773
0.02253
0.19177
0.16505
0.07907
0.17980
0.32079
0.11321
0.10219
0.28021
0.12162
0.20023
0.16397
0.18488
0.13689
0.10400
0.03914
0.21440
0.18467
0.18328
0.09541
0.16744
0.16223
0.19532
0.12697
0.30247
0.26883
0.22826
0.12721
0.15793
0.28085
0.29057
0.30094
0.01826
0.24383
0.12360
0.27341
0.08903
0.07740
0.17833
0.13551
0.08718
0.17599
0.20955
0.04085
0.11193
0.05826
0.27991
0.14203
0.22949
0.16843
0.24064
0.25338
0.11881
0.04894
0.17575
0.25028
0.34152
0.29720
0.30557
0.20850
0.20712
0.28100
0.24354
0.25730
0.05243
0.05160
0.10531
0.22762
0.03696
0.07418
0.18170
0.13378
0.21437
0.10244
0.15588
0.12074
0.24917
0.23918
0.26356
0.20792
0.26512
0.11846
0.15317
0.30384
0.05575
0.22473
0.06214
0.06009
0.15444
0.04104
0.22739
0.29749
0.06275
0.07846
0.12646
0.21562
0.10948
0.04178
0.06370
0.05652
0.05945
0.07580
0.16986
0.07220
0.28046
0.19162
0.23324
0.10046
0.15718
0.25169
0.21683
0.27662
0.32014
0.15962
0.21310
0.30136
0.29371
0.27813
0.26940
0.22063
0.31575
0.24364
0.23853
0.23879
0.18758
0.27809
0.21082
0.34905
0.30415
0.20326
0.23076
0.26446
0.25565
0.35940
0.26834
0.23967
0.29323
0.31196
0.21800
0.25395
0.26799
0.27751
0.25019
0.26036
0.27355
0.29108
0.25573
0.21165
0.31920
0.25042
0.24869
0.30260
0.19564
0.31470
0.31324
0.29068
0.28114
0.30044
0.26099
0.26042
0.27128
0.30451
0.20979
0.28464
0.28570
0.22360
0.25552
0.30126
0.18134
0.28079
0.26372
0.25313
0.28137
0.26507
0.23697
0.19757
0.22729
0.32219
0.14079
0.26696
0.23889
0.20497
0.16456
0.37448
0.32357
0.26749
0.17413
0.30378
0.27457
0.27823
0.33425
0.26765
0.27601
0.28941
0.23844
0.28183
0.19075
0.31723
0.26696
0.23894
0.16930
0.33286
0.20206
0.27102
0.28375
0.25543
0.31445
0.28901
0.22050
0.28623
0.29030
0.16713
0.15504
0.28819
0.20891
0.19534
0.17485
0.27320
0.30145
0.24826
0.25306
0.25100
0.27798
0.21944
0.29997
0.28095
0.25944
0.19969
0.26269
0.25894
0.21970
0.16423
0.33209
0.26792
0.22802
0.25914
0.29133
0.22601
0.34529
0.29095
0.24320
0.25805
0.19774
0.27767
0.28903
0.25686
0.23273
0.20596
0.17682
0.28385
0.23993
0.27871
0.20535
0.26927
0.29939
0.23778
0.19944
0.19881
0.26090
0.19559
0.27617
0.20251
0.21559
0.23504
0.23299
0.19725
0.30728
0.30328
0.30262
0.25822
0.21997
0.28952
0.22236
0.23542
0.22239
0.27167
0.27400
0.18366
0.19597
0.26698
0.28852
0.21827
0.16976
0.21185
0.24424
0.22037
0.22425
0.27782
0.30283
0.17937
0.22685
0.24306
0.27011
0.19899
0.27947
0.22292
0.26159
0.37587
0.21821
0.25152
0.24663
0.31109
0.28293
0.21606
0.28650
0.27449
0.23080
0.20250
0.29083
0.24686
0.23950
0.27219
0.24562
0.30787
0.26142
0.24414
0.19530
0.30793
0.22305
0.25090
0.22133
0.24571
0.24979
0.25501
0.17851
0.23442
0.22558
0.30648
0.19245
0.28901
0.25957
0.26422
0.24164
0.24497
0.23545
0.14550
0.21561
0.29377
0.29688
0.25855
0.25795
0.26997
0.25954
0.24622
0.24534
0.27427
0.29631
0.25460
0.24342
0.15363
0.26071
0.28418
0.28293
0.26730
0.17187
0.29387
0.25679
0.19990
0.20444
0.24805
0.28348
0.25636
0.25138
0.21265
0.31666
0.30933
0.16703
0.26467
0.27153
0.25201
0.25213
0.28805
0.31281
0.24994
0.19340
0.16563
0.23791
0.28755
0.33276
0.27144
0.30397
0.28851
0.25146
0.26608
0.26695
0.23239
0.18441
0.28592
0.19328
0.22935
0.31215
0.28587
0.24254
0.23102
0.23612
0.27366
0.31456
0.31559
0.25136
0.25774
0.17009
0.29991
0.27983
0.14887
0.24186
0.17891
0.23468
0.27661
0.24275
0.25813
0.22701
0.28194
0.18696
0.23384
0.21402
0.31048
0.25264
0.24414
0.20519
0.25819
0.23969
0.24510
0.20460
0.28024
0.27188
0.33272
0.23691
0.24556
0.26318
0.27991
0.23945
0.24963
0.18582
0.30571
0.26881
0.31737
0.25459
0.26485
0.31735
0.24494
0.25855
0.28617
0.14952
0.23531
0.29147
0.22228
0.28746
0.29165
0.28138
0.31285
0.36045
0.27471
0.28797
0.27387
0.27350
0.27832
0.31351
0.27008
0.27211
0.28699
0.29410
0.27134
0.27947
0.35016
0.18572
0.21931
0.29393
0.20715
0.30715
0.31400
0.22574
0.24045
0.31374
0.21834
0.28000
0.27433
0.27685
0.23440
0.23686
0.25679
0.24227
0.26669
0.29690
0.26193
0.25480
0.26614
0.26460
0.28954
0.26786
0.23618
0.16312
0.25847
0.32019
0.34276
0.29646
0.28271
0.37611
0.37019
0.27227
0.17749
0.31117
0.35250
0.24585
0.11977
0.31207
0.32686
0.24957
0.25198
0.28118
0.24623
0.23140
0.23873
0.31988
0.30027
0.34203
0.26323
0.27830
0.26572
0.34792
0.27376
0.27035
0.27013
0.30684
0.27250
0.18604
0.31139
0.40989
0.24505
0.37470
0.39435
0.17185
0.29597
0.34431
0.31506
0.27611
0.28281
0.28964
0.19556
0.27075
0.26229
0.28769
0.28046
0.33922
0.26531
0.29816
0.25486
0.22537
0.24301
0.36216
0.22029
0.09410
0.31892
0.12282
0.18432
0.38182
0.16875
0.23827
0.21087
0.29845
0.22600
0.41751
0.17371
0.32796
0.36899
0.24867
0.21322
0.26550
0.22712
0.15977
0.34148
0.15568
0.34779
0.33020
0.24722
0.21800
0.25619
0.32723
0.22926
0.18302
0.32000
0.39769
0.28695
0.26928
0.34767
0.33872
0.23687
0.24046
0.27391
0.39191
0.18282
0.22511
0.24269
0.30239
0.26827
0.23458
0.28914
0.29225
0.31023
0.19598
0.29976
0.31315
0.26855
0.29246
0.22654
0.33568
0.30180
0.22724
0.29986
0.30876
0.28203
0.24043
0.31040
0.23254
0.31496
0.23062
0.25848
0.29778
0.27638
0.24945
0.29702
0.19810
0.34117
0.21572
0.06704
0.14236
0.25468
0.21712
0.27841
0.20121
0.26268
0.33448
0.24916
0.11478
0.24993
0.05098
0.35136
0.21101
0.17189
0.30704
0.06993
0.07909
0.20466
0.23757
0.07192
0.08841
0.20734
0.27313
0.17789
0.21258
0.28691
0.06110
0.29864
0.19470
0.02715
0.07197
0.11217
0.29558
0.16138
0.25537
0.22148
0.28231
0.05215
0.06523
0.07980
0.07739
0.26467
0.16778
0.15994
0.18935
0.31616
0.11296
0.27842
0.21319
0.04184
0.30512
0.12518
0.04977
0.30808
0.20747
0.25026
0.09619
0.07498
0.20433
0.21353
0.27877
0.23665
0.02666
0.05330
0.15947
0.20729
0.21145
0.23110
0.12331
0.24682
0.16231
0.09880
0.26352
0.26988
0.10590
0.08211
0.19654
0.08596
0.03134
0.27315
0.22410
0.17690
0.24315
0.21633
0.20288
0.34696
0.20013
0.22980
0.21753
0.20271
0.19942
0.03285
0.25130
0.14629
0.03583
0.23547
0.24794
0.29379
0.19680
0.08349
0.10756
0.14634
0.22946
0.22191
0.27836
0.07180
0.22072
0.30529
0.15608
0.25004
0.06946
0.00795
0.04654
0.18740
0.07797
0.04705
0.21021
0.27191
0.09539
0.11461
0.02372
0.07090
0.04308
0.32174
