0.19678
0.11813
0.11728
0.24136
0.11961
0.16022
0.20820
0.16370
0.21967
0.07944
0.23484
0.12288
0.21452
0.13269
0.16198
0.22756
0.15455
0.13969
0.12146
0.19568
0.28877
0.18992
0.20173
0.09004
0.24991
0.19043
0.15839
0.25695
0.14322
0.21347
0.18108
0.26552
0.16488
0.11695
0.11317
0.11213
0.14797
0.14089
0.14206
0.21242
0.26650
0.26931
0.10033
0.17011
0.30590
0.22442
0.15875
0.27076
0.23331
0.18051
0.10457
0.15803
0.13866
0.30249
0.11031
0.25830
0.27181
0.15079
0.15251
0.12942
0.26583
0.30115
0.18613
0.25684
0.28934
0.31670
0.10724
0.19373
0.15195
0.09831
0.14697
0.30660
0.32001
0.21770
0.23902
0.17787
0.12258
0.06258
0.21475
0.17927
0.32086
0.20638
0.31696
0.28876
0.29002
0.35179
0.14543
0.10076
0.18970
0.22840
0.34003
0.18358
0.08996
0.29289
0.14715
0.18949
0.22821
0.23985
0.21211
0.17195
0.11968
0.19114
0.13403
0.13304
0.24166
0.31802
0.18971
0.21365
0.18638
0.26851
0.06105
0.28292
0.11677
0.24488
0.13412
0.19058
0.28184
0.11285
0.11465
0.20119
0.26246
0.13218
0.31258
0.07184
0.13995
0.15977
0.29809
0.26113
0.18220
0.24229
0.13631
0.15151
0.32192
0.36316
0.12523
0.15974
0.10043
0.28865
0.25899
0.11382
0.17268
0.06332
0.31539
0.19397
0.17279
0.30488
0.10445
0.36109
0.19922
0.10531
0.20023
0.29339
0.11804
0.32868
0.30211
0.34042
0.15776
0.17342
0.16588
0.24525
0.27150
0.31141
0.28710
0.32818
0.10655
0.16236
0.29266
0.30129
0.11776
0.28096
0.08007
0.22869
0.23422
0.06241
0.12065
0.25627
0.10257
0.10242
0.20776
0.28582
0.11892
0.14269
0.21610
0.20755
0.13202
0.20930
0.25412
0.22140
0.24295
0.25383
0.14684
0.12918
0.06315
0.18860
0.18195
0.26546
0.17292
0.19594
0.13702
0.28881
0.22716
0.16270
0.20272
0.16465
0.07537
0.23593
0.11862
0.24738
0.26593
0.19615
0.26548
0.26082
0.15725
0.23409
0.24694
0.24293
0.16875
0.31194
0.25096
0.33889
0.14825
0.23770
0.16661
0.12673
0.13825
0.10499
0.18206
0.23344
0.18483
0.09458
0.28127
0.10287
0.23266
0.16802
0.08313
0.27295
0.12631
0.06994
0.11568
0.24583
0.12208
0.29502
0.15116
0.14955
0.14560
0.21761
0.14025
0.08462
0.13763
0.13558
0.14034
0.16891
0.14632
0.28392
0.14821
0.17230
0.18738
0.15082
0.06742
0.15053
0.24766
0.17472
0.26147
0.18374
0.18162
0.26153
0.28328
0.11486
0.23925
0.10979
0.15408
0.15923
0.09717
0.06806
0.35621
0.19576
0.11090
0.23951
0.17070
0.11509
0.15408
0.33130
0.17999
0.09373
0.29864
0.14555
0.17115
0.24051
0.20838
0.21807
0.14167
0.10980
0.23216
0.23406
0.17956
0.11175
0.21392
0.22712
0.18901
0.17893
0.32238
0.30677
0.28343
0.16874
0.18038
0.28776
0.32833
0.31197
0.07149
0.26198
0.13814
0.30627
0.20356
0.12802
0.17910
0.18003
0.12036
0.21673
0.23312
0.14571
0.16593
0.08980
0.26340
0.15653
0.26864
0.21986
0.24689
0.24578
0.19364
0.09105
0.24631
0.28402
0.36990
0.26017
0.31714
0.22106
0.24076
0.33005
0.24268
0.25695
0.09061
0.13930
0.16880
0.22519
0.08013
0.09379
0.22285
0.17328
0.20868
0.13685
0.19274
0.15520
0.28154
0.26206
0.26753
0.21181
0.30964
0.16762
0.16838
0.30339
0.09461
0.22668
0.10371
0.13300
0.19670
0.09300
0.24988
0.34781
0.07945
0.12696
0.19197
0.26364
0.13097
0.08403
0.08774
0.08682
0.10292
0.08703
0.19597
0.14138
0.28567
0.24082
0.22324
0.09215
0.15516
0.29053
0.19792
0.27799
0.35730
0.14736
0.26823
0.28779
0.28077
0.31999
0.27789
0.23404
0.34277
0.25020
0.23571
0.27550
0.21347
0.28585
0.20225
0.36901
0.33010
0.24672
0.24657
0.25176
0.24018
0.33284
0.26960
0.23485
0.30499
0.30644
0.24070
0.24694
0.32219
0.24181
0.23598
0.25456
0.28116
0.30508
0.25015
0.23273
0.34022
0.24743
0.24570
0.32886
0.20480
0.31050
0.35317
0.26384
0.30890
0.30094
0.28725
0.22911
0.27575
0.33527
0.19670
0.26363
0.33698
0.25250
0.28360
0.29442
0.16406
0.29021
0.26285
0.26857
0.31692
0.28893
0.26531
0.15683
0.29726
0.36932
0.10060
0.26854
0.21927
0.17738
0.19893
0.36156
0.31467
0.30756
0.17618
0.35383
0.26512
0.25438
0.35736
0.27868
0.29330
0.25856
0.24506
0.26361
0.20952
0.34538
0.28556
0.25021
0.15354
0.31051
0.20997
0.23280
0.27286
0.24958
0.34734
0.32347
0.19687
0.30287
0.29402
0.14166
0.19136
0.29282
0.18575
0.17796
0.17924
0.29744
0.35225
0.26838
0.26151
0.24507
0.28920
0.20874
0.28656
0.24538
0.27981
0.22749
0.27889
0.27922
0.21663
0.20331
0.33968
0.30713
0.21839
0.29929
0.32669
0.24480
0.33644
0.31458
0.22755
0.27886
0.20362
0.28975
0.29841
0.25910
0.28889
0.24646
0.16030
0.30268
0.22128
0.28622
0.19505
0.26299
0.32388
0.28567
0.18180
0.24604
0.28600
0.21601
0.29520
0.18085
0.23439
0.25069
0.24025
0.20575
0.31006
0.32212
0.32588
0.23324
0.19709
0.33111
0.23758
0.19354
0.19733
0.29601
0.30983
0.15830
0.18225
0.29327
0.26377
0.21030
0.16582
0.21358
0.27710
0.19932
0.25034
0.25455
0.31036
0.18478
0.22168
0.26893
0.27354
0.18057
0.28967
0.28386
0.25112
0.37334
0.19186
0.30395
0.20064
0.35706
0.31495
0.28055
0.25513
0.28888
0.26606
0.17836
0.29248
0.29923
0.24170
0.27962
0.26820
0.34052
0.23609
0.29313
0.23081
0.34814
0.23135
0.28413
0.23802
0.26373
0.28268
0.27567
0.21118
0.25763
0.24787
0.31655
0.21304
0.31770
0.25192
0.25210
0.28070
0.28043
0.27461
0.13890
0.22104
0.32316
0.32736
0.25011
0.26891
0.28579
0.25099
0.23118
0.22754
0.30077
0.27772
0.27113
0.24761
0.16513
0.28529
0.30472
0.23717
0.25518
0.23157
0.32253
0.29077
0.19804
0.20829
0.28379
0.30524
0.28181
0.26710
0.23766
0.34082
0.34256
0.14227
0.24369
0.31891
0.26506
0.27224
0.29170
0.33025
0.22727
0.20710
0.19258
0.27783
0.25773
0.35437
0.29673
0.29447
0.26900
0.22793
0.23789
0.28268
0.28044
0.17589
0.33501
0.23026
0.24799
0.35048
0.27988
0.25501
0.23040
0.25284
0.30530
0.32539
0.33278
0.24556
0.28022
0.20693
0.30150
0.30886
0.12557
0.27400
0.19956
0.24470
0.24803
0.24340
0.27610
0.25480
0.25625
0.21387
0.24410
0.25675
0.34557
0.25463
0.25108
0.19289
0.29000
0.25764
0.23249
0.21071
0.33102
0.29223
0.31697
0.25863
0.25736
0.26509
0.24712
0.22402
0.27822
0.16623
0.31328
0.24131
0.34364
0.26575
0.31775
0.34563
0.28204
0.24882
0.29078
0.17482
0.21599
0.28911
0.24885
0.28982
0.30748
0.27868
0.30969
0.38194
0.30881
0.31040
0.27832
0.29759
0.29561
0.33368
0.23780
0.27312
0.31314
0.32582
0.29642
0.32428
0.39479
0.21177
0.26247
0.29915
0.25415
0.32543
0.33898
0.24753
0.26227
0.33286
0.23346
0.25569
0.30423
0.27252
0.25243
0.23163
0.27776
0.28048
0.28592
0.29663
0.28655
0.26497
0.29990
0.27882
0.29318
0.26780
0.28872
0.13985
0.30353
0.33122
0.33257
0.29974
0.29640
0.39301
0.39980
0.28322
0.18937
0.30440
0.36726
0.29484
0.19818
0.29928
0.34194
0.24622
0.25752
0.32973
0.23372
0.27980
0.26711
0.31895
0.36609
0.42280
0.28607
0.31235
0.26758
0.40519
0.27730
0.30004
0.28366
0.35360
0.27437
0.16370
0.31635
0.46430
0.23386
0.39942
0.42762
0.19989
0.29035
0.35674
0.33207
0.29085
0.25458
0.27322
0.21582
0.30006
0.30992
0.30966
0.29754
0.37614
0.27105
0.27802
0.23597
0.24362
0.25916
0.39578
0.25605
0.12454
0.33549
0.13765
0.16658
0.40238
0.15303
0.26214
0.20841
0.29219
0.22761
0.41688
0.18331
0.32322
0.38885
0.25876
0.20143
0.25637
0.28403
0.17977
0.35720
0.18163
0.37376
0.35539
0.25882
0.24495
0.23191
0.34666
0.28425
0.20982
0.35700
0.39993
0.33571
0.29207
0.35330
0.38581
0.21780
0.27012
0.29788
0.39458
0.20284
0.22505
0.23263
0.37361
0.27573
0.25449
0.27249
0.30834
0.37277
0.22872
0.29521
0.35051
0.27907
0.29858
0.26621
0.39441
0.29091
0.28839
0.28300
0.30743
0.34575
0.27262
0.30532
0.24527
0.30897
0.25844
0.21001
0.32066
0.28567
0.26539
0.27037
0.24425
0.31926
0.24487
0.06337
0.14678
0.21366
0.24922
0.26742
0.19700
0.26438
0.36113
0.21598
0.07385
0.21111
0.06679
0.24446
0.22405
0.18757
0.29203
0.11362
0.16854
0.21657
0.23799
0.13829
0.18467
0.26447
0.24841
0.17144
0.20689
0.28149
0.11073
0.33684
0.17956
0.08540
0.15423
0.12638
0.29083
0.16185
0.24391
0.21423
0.29664
0.13537
0.12188
0.06479
0.16849
0.25665
0.12627
0.21903
0.15666
0.26557
0.17543
0.28117
0.21379
0.14040
0.21623
0.08972
0.07141
0.29030
0.17455
0.29719
0.15192
0.13541
0.19937
0.20141
0.29070
0.23466
0.07116
0.10949
0.18439
0.22364
0.19180
0.20799
0.16882
0.27357
0.22734
0.19818
0.24050
0.26243
0.15219
0.10833
0.19013
0.09190
0.11997
0.20615
0.14672
0.22023
0.26207
0.28334
0.19686
0.32220
0.26087
0.20481
0.25949
0.23685
0.21784
0.06252
0.25396
0.08128
0.10205
0.23074
0.26504
0.27610
0.27441
0.05822
0.10372
0.19299
0.25944
0.22901
0.32419
0.15879
0.24643
0.26314
0.10473
0.23647
0.12569
0.10207
0.07047
0.17136
0.11711
0.21678
0.26204
0.29291
0.12825
0.10595
0.08593
0.11086
0.13007
0.25759
