0.09294
0.11398
0.07748
0.27665
0.10036
0.13193
0.19964
0.15336
0.19300
0.06848
0.18822
0.13485
0.19520
0.11334
0.11282
0.21931
0.11940
0.12272
0.10730
0.17192
0.29413
0.16127
0.17420
0.11046
0.21001
0.17563
0.11543
0.27817
0.11108
0.20032
0.16517
0.30642
0.15028
0.09735
0.11971
0.09376
0.14575
0.13433
0.15053
0.17150
0.29206
0.24309
0.09015
0.15730
0.28847
0.22976
0.16560
0.27324
0.20904
0.13763
0.09788
0.13810
0.13191
0.32097
0.09231
0.24090
0.23315
0.12787
0.10301
0.10239
0.29028
0.30019
0.16033
0.25236
0.27721
0.30815
0.06922
0.21698
0.13251
0.06205
0.12055
0.31234
0.30898
0.21124
0.23415
0.14121
0.08817
0.11774
0.19650
0.13827
0.33357
0.20102
0.31934
0.26059
0.25558
0.35371
0.11286
0.08660
0.17805
0.27685
0.33701
0.18800
0.06986
0.26887
0.07258
0.19442
0.21515
0.20740
0.20405
0.15785
0.10343
0.17143
0.13460
0.15046
0.19253
0.30977
0.16143
0.16291
0.23730
0.26882
0.03648
0.25071
0.13214
0.24139
0.12248
0.12670
0.25312
0.06099
0.08139
0.20154
0.24404
0.09326
0.29651
0.03237
0.11900
0.14714
0.31085
0.26299
0.19618
0.27352
0.12931
0.16687
0.30462
0.32127
0.11586
0.14400
0.06648
0.26978
0.26455
0.07146
0.20886
0.03886
0.29309
0.19795
0.19869
0.32304
0.09437
0.33845
0.20469
0.08629
0.18266
0.26987
0.10741
0.32315
0.29883
0.31616
0.10747
0.13133
0.15795
0.23140
0.26091
0.24626
0.27213
0.31539
0.09237
0.17321
0.31027
0.28481
0.06342
0.26268
0.07632
0.21393
0.22595
0.04009
0.08154
0.24319
0.07376
0.11564
0.17142
0.28242
0.12205
0.11933
0.22391
0.19358
0.12300
0.23288
0.25178
0.25843
0.24436
0.22235
0.14509
0.10131
0.06104
0.14501
0.19965
0.23927
0.22181
0.19360
0.12139
0.26435
0.21296
0.10162
0.15699
0.15297
0.09592
0.25585
0.10163
0.22798
0.27146
0.09636
0.24202
0.24776
0.12766
0.26954
0.27200
0.24174
0.12753
0.22026
0.22775
0.31050
0.08703
0.21354
0.14223
0.11079
0.11314
0.08888
0.17527
0.20882
0.14452
0.07661
0.27263
0.12113
0.23660
0.14848
0.05754
0.27135
0.10853
0.07480
0.10061
0.26393
0.09384
0.29516
0.11442
0.12779
0.17082
0.21398
0.12256
0.04611
0.14108
0.11016
0.12540
0.10358
0.11526
0.23186
0.14838
0.18162
0.19994
0.08390
0.12276
0.12768
0.17941
0.19206
0.20990
0.19904
0.14828
0.28539
0.29163
0.10801
0.15058
0.05832
0.12288
0.13393
0.09902
0.06923
0.37478
0.16214
0.08864
0.20189
0.18403
0.11438
0.09865
0.33118
0.13886
0.11379
0.28498
0.13728
0.18774
0.21230
0.23004
0.18515
0.12590
0.10447
0.20398
0.22013
0.15827
0.09417
0.18991
0.19862
0.18767
0.16226
0.32939
0.27210
0.27174
0.14887
0.13196
0.29009
0.30407
0.32753
0.06835
0.27021
0.12226
0.31529
0.14151
0.09059
0.14295
0.16587
0.11377
0.23527
0.20952
0.07730
0.09318
0.08021
0.27148
0.18907
0.27278
0.16457
0.24581
0.22934
0.14300
0.08063
0.28436
0.31823
0.35557
0.28940
0.33018
0.22034
0.23804
0.29496
0.27200
0.24354
0.05890
0.11477
0.12929
0.22447
0.09769
0.07829
0.25632
0.12770
0.26366
0.12805
0.18493
0.11741
0.27942
0.27636
0.24621
0.19481
0.30105
0.14158
0.12853
0.32444
0.11215
0.18815
0.09309
0.15377
0.20003
0.08689
0.22759
0.35142
0.12897
0.07708
0.15431
0.27330
0.12077
0.08066
0.09932
0.09837
0.08462
0.07026
0.22270
0.07683
0.27065
0.15233
0.16019
0.09859
0.18512
0.29481
0.24478
0.29452
0.33147
0.20784
0.28213
0.30112
0.30263
0.34186
0.27213
0.26408
0.33536
0.25644
0.23316
0.26803
0.22764
0.29941
0.17558
0.35008
0.29672
0.23461
0.27315
0.24347
0.27299
0.34257
0.29786
0.23902
0.31951
0.32915
0.26169
0.28624
0.31476
0.24606
0.23234
0.25776
0.30270
0.28976
0.28295
0.16249
0.32469
0.28528
0.27608
0.33598
0.22595
0.28275
0.33454
0.29520
0.32008
0.31137
0.29921
0.23452
0.28365
0.32874
0.23877
0.30324
0.33209
0.28725
0.30522
0.30191
0.21501
0.30943
0.23916
0.27965
0.28057
0.28071
0.28633
0.16035
0.25812
0.35373
0.07214
0.27566
0.24173
0.22360
0.14200
0.35147
0.28336
0.31613
0.18690
0.33915
0.26008
0.26581
0.36380
0.31273
0.31756
0.29385
0.24736
0.25680
0.14720
0.34703
0.29461
0.25233
0.21210
0.31442
0.17228
0.23167
0.29303
0.23220
0.33285
0.30880
0.17719
0.31237
0.29414
0.12040
0.21516
0.30079
0.19159
0.17243
0.17878
0.28767
0.33505
0.27840
0.27586
0.24563
0.31462
0.18977
0.31037
0.28844
0.29736
0.22183
0.28081
0.29701
0.24125
0.16738
0.33291
0.23549
0.21122
0.33284
0.31384
0.22611
0.33166
0.28999
0.19646
0.29876
0.17729
0.29484
0.30234
0.27989
0.26982
0.24648
0.20167
0.32977
0.22517
0.30179
0.20316
0.29674
0.32730
0.29327
0.17031
0.19492
0.28783
0.18576
0.31056
0.15097
0.24719
0.22106
0.20227
0.24138
0.30940
0.32558
0.31148
0.25593
0.21901
0.31441
0.20454
0.21337
0.20195
0.29839
0.29940
0.14014
0.18729
0.27629
0.29621
0.22436
0.15434
0.21172
0.24923
0.26255
0.19673
0.27584
0.32738
0.15351
0.24618
0.27395
0.29575
0.17511
0.29353
0.28606
0.24780
0.37090
0.18698
0.30416
0.20687
0.32889
0.29480
0.28356
0.25937
0.29621
0.25066
0.16482
0.28890
0.28788
0.29140
0.26233
0.27469
0.32508
0.22918
0.29324
0.25323
0.33102
0.24574
0.31151
0.22005
0.26410
0.27754
0.27870
0.21064
0.26754
0.25884
0.29550
0.23363
0.31315
0.22901
0.27819
0.28639
0.26450
0.25556
0.16282
0.26300
0.33626
0.30473
0.27237
0.30195
0.32857
0.23210
0.25897
0.25351
0.30367
0.26345
0.28489
0.20178
0.12563
0.29842
0.28533
0.23957
0.28792
0.23136
0.31825
0.28824
0.23475
0.21074
0.27657
0.29746
0.30319
0.27321
0.26955
0.32144
0.35382
0.13591
0.22198
0.30599
0.28158
0.28743
0.28342
0.33069
0.19732
0.23141
0.14208
0.29135
0.29164
0.36190
0.30153
0.26492
0.29501
0.22753
0.25608
0.29619
0.26640
0.19702
0.31241
0.23531
0.19241
0.32374
0.29425
0.27236
0.23245
0.27252
0.29046
0.35079
0.34450
0.23133
0.28291
0.18626
0.31537
0.30286
0.10778
0.28301
0.17498
0.27358
0.29051
0.18361
0.27984
0.22338
0.28536
0.22016
0.25482
0.26557
0.33846
0.27624
0.28508
0.19073
0.27820
0.24330
0.23371
0.21565
0.30203
0.26289
0.30591
0.26700
0.24871
0.29193
0.27172
0.26475
0.24275
0.18441
0.28143
0.26348
0.32348
0.29274
0.25053
0.33940
0.27473
0.28545
0.31615
0.17841
0.20381
0.30426
0.24274
0.31999
0.31180
0.28877
0.33299
0.38157
0.27827
0.32281
0.24578
0.28557
0.25119
0.34244
0.26452
0.26649
0.31751
0.29078
0.30991
0.33633
0.35205
0.18965
0.28287
0.29195
0.27133
0.31295
0.32464
0.20390
0.24866
0.31805
0.21434
0.31154
0.30689
0.30554
0.25574
0.26081
0.28251
0.29393
0.29093
0.33298
0.27829
0.27316
0.30778
0.27152
0.31326
0.29221
0.28284
0.13747
0.31284
0.33150
0.34300
0.33773
0.29891
0.39700
0.40165
0.29147
0.17115
0.31746
0.39406
0.28762
0.16855
0.30482
0.32181
0.22678
0.26202
0.31306
0.27244
0.26368
0.25394
0.34603
0.33633
0.38981
0.27853
0.31523
0.27209
0.38401
0.29871
0.29468
0.31817
0.32507
0.25403
0.13679
0.31261
0.45277
0.24426
0.40511
0.40790
0.19367
0.30528
0.36182
0.30987
0.29501
0.27042
0.29582
0.24436
0.28820
0.31565
0.25797
0.28153
0.38230
0.30483
0.29312
0.23657
0.21329
0.26471
0.40862
0.23239
0.13332
0.30120
0.15065
0.21710
0.41613
0.13796
0.25940
0.20448
0.30154
0.25502
0.41129
0.17244
0.33179
0.38281
0.24760
0.23508
0.27294
0.25220
0.18337
0.35918
0.15472
0.32397
0.32663
0.29477
0.25296
0.25573
0.31889
0.29286
0.19199
0.33873
0.40555
0.32391
0.29908
0.36351
0.38233
0.23602
0.26090
0.28406
0.36480
0.16356
0.19358
0.23712
0.35837
0.28815
0.24789
0.28124
0.31338
0.34720
0.18397
0.30739
0.35682
0.26982
0.28621
0.24666
0.37124
0.31114
0.26211
0.29664
0.30118
0.33364
0.26813
0.30109
0.24191
0.31106
0.25492
0.26098
0.33409
0.31073
0.25680
0.28665
0.19393
0.33225
0.20610
0.04674
0.12621
0.19113
0.24112
0.26938
0.21849
0.25204
0.35385
0.27399
0.06909
0.24569
0.05462
0.29973
0.22527
0.17781
0.30457
0.08029
0.15104
0.16456
0.20387
0.09867
0.23629
0.29488
0.26892
0.24640
0.21301
0.25621
0.06377
0.34120
0.16822
0.06696
0.10396
0.09515
0.32018
0.20358
0.19277
0.19302
0.28966
0.07777
0.10603
0.08546
0.06775
0.21869
0.14773
0.11225
0.11466
0.31228
0.11577
0.28207
0.21170
0.08660
0.29590
0.06614
0.04576
0.28944
0.18543
0.25658
0.10370
0.07245
0.20289
0.20469
0.27540
0.26988
0.06019
0.07669
0.17547
0.20238
0.20070
0.18528
0.18110
0.24287
0.16394
0.16868
0.24143
0.29876
0.11758
0.07829
0.20096
0.11118
0.06825
0.26386
0.17972
0.19379
0.24192
0.27000
0.19084
0.36227
0.24149
0.28258
0.23169
0.24019
0.15515
0.05062
0.22212
0.11826
0.09044
0.24331
0.26510
0.30152
0.27453
0.06034
0.14315
0.20058
0.20092
0.25956
0.29585
0.12127
0.28623
0.31855
0.14184
0.23378
0.12230
0.04298
0.02356
0.15959
0.08602
0.09338
0.28033
0.25734
0.12856
0.20880
0.03007
0.05277
0.10703
0.31488
