0.22633
0.16457
0.17879
0.24040
0.08700
0.17964
0.28446
0.16002
0.16237
0.18645
0.20362
0.17438
0.21038
0.20086
0.12688
0.23103
0.20519
0.21536
0.17916
0.23111
0.30565
0.22002
0.19105
0.12701
0.26070
0.20571
0.21387
0.28267
0.16628
0.19506
0.16279
0.25764
0.22326
0.15949
0.19852
0.14374
0.18407
0.14132
0.19959
0.20821
0.29340
0.26542
0.27674
0.23627
0.29756
0.20718
0.14076
0.30604
0.22239
0.14083
0.16963
0.16579
0.25761
0.29656
0.14824
0.27364
0.23159
0.15980
0.21332
0.13413
0.29371
0.32884
0.20244
0.27414
0.27590
0.34110
0.15187
0.21541
0.18458
0.16039
0.24230
0.31558
0.32732
0.24630
0.25408
0.18996
0.18096
0.12434
0.20672
0.23936
0.33102
0.25727
0.35566
0.27386
0.26548
0.32372
0.15415
0.19042
0.16949
0.27853
0.34713
0.22053
0.18048
0.28225
0.14302
0.25119
0.20455
0.21054
0.18542
0.16262
0.15981
0.20628
0.21930
0.22799
0.24997
0.29515
0.17047
0.23161
0.21526
0.26287
0.10901
0.28432
0.12694
0.24449
0.22459
0.21048
0.25043
0.20156
0.23658
0.21086
0.23493
0.15933
0.31624
0.16080
0.15271
0.17135
0.29531
0.29040
0.17542
0.25339
0.15053
0.17999
0.27656
0.36946
0.21012
0.20079
0.13523
0.28780
0.28784
0.16331
0.16053
0.15000
0.32249
0.25524
0.21454
0.32445
0.16027
0.37782
0.22445
0.15865
0.26576
0.31935
0.19199
0.34027
0.32896
0.31709
0.17445
0.24053
0.23419
0.21848
0.26744
0.29316
0.29972
0.32354
0.13311
0.17422
0.28959
0.27732
0.13937
0.27433
0.10427
0.25799
0.27954
0.12115
0.14278
0.23632
0.13784
0.16953
0.19080
0.30165
0.10687
0.17694
0.25868
0.17574
0.18325
0.26537
0.22359
0.28415
0.22811
0.24803
0.20104
0.16779
0.12779
0.17392
0.24136
0.24085
0.23165
0.25043
0.16204
0.28312
0.22277
0.18526
0.21936
0.22186
0.16741
0.25852
0.18019
0.26485
0.25143
0.20572
0.25726
0.24026
0.18914
0.27592
0.25970
0.21865
0.26520
0.22464
0.26100
0.34988
0.20235
0.20852
0.22418
0.19452
0.18112
0.17687
0.18070
0.24062
0.18729
0.14079
0.22754
0.16111
0.25746
0.17509
0.16893
0.29621
0.20493
0.19671
0.20429
0.24994
0.18971
0.31254
0.22899
0.17373
0.23379
0.23155
0.19353
0.14635
0.21186
0.21018
0.18180
0.16902
0.19098
0.29299
0.20545
0.21438
0.17439
0.16150
0.17814
0.20310
0.25348
0.22500
0.25556
0.23333
0.21700
0.25597
0.29293
0.14580
0.18562
0.20775
0.16586
0.19061
0.16959
0.16105
0.35452
0.16401
0.14733
0.26289
0.23250
0.15430
0.21938
0.34052
0.22761
0.12949
0.29618
0.19878
0.21299
0.22921
0.21914
0.26258
0.16312
0.18723
0.26154
0.24944
0.22360
0.18942
0.21371
0.23799
0.19496
0.15378
0.34205
0.30524
0.29872
0.19896
0.22902
0.30282
0.31118
0.33623
0.12984
0.27427
0.18487
0.30927
0.21840
0.18252
0.16834
0.20838
0.20532
0.27856
0.24252
0.14122
0.19332
0.16437
0.27623
0.26452
0.26530
0.21922
0.22040
0.23125
0.22556
0.13208
0.29322
0.27707
0.37542
0.28909
0.32468
0.26600
0.23447
0.29966
0.27943
0.24270
0.18269
0.19300
0.18552
0.24975
0.12332
0.18660
0.25222
0.17792
0.24225
0.20444
0.20791
0.22289
0.30576
0.27013
0.27174
0.19313
0.32674
0.14674
0.22174
0.30881
0.18682
0.19098
0.17205
0.15970
0.21064
0.23326
0.26120
0.34845
0.21327
0.19011
0.27624
0.24338
0.17908
0.15746
0.12798
0.20668
0.15026
0.19578
0.23549
0.18938
0.28108
0.21869
0.19500
0.18085
0.18636
0.29826
0.23007
0.28474
0.36979
0.17664
0.30965
0.29649
0.30610
0.32644
0.28492
0.28143
0.37398
0.29478
0.23258
0.26062
0.22773
0.31137
0.18832
0.36940
0.33230
0.22458
0.27191
0.24340
0.27890
0.33052
0.31680
0.26114
0.31192
0.36106
0.24448
0.28054
0.33053
0.24510
0.22216
0.26127
0.32170
0.30082
0.27966
0.19272
0.35373
0.28873
0.27214
0.35308
0.20665
0.29319
0.37000
0.29647
0.30874
0.31837
0.30220
0.22786
0.30980
0.34144
0.22997
0.30047
0.30928
0.25955
0.28647
0.28167
0.17017
0.31620
0.24387
0.28611
0.30356
0.27709
0.28750
0.16159
0.30660
0.36152
0.11273
0.27386
0.22571
0.20939
0.14824
0.35462
0.29079
0.31797
0.16375
0.35843
0.26778
0.24673
0.38131
0.31225
0.31142
0.27600
0.23615
0.26143
0.16907
0.36757
0.30629
0.27397
0.15777
0.30257
0.20251
0.21932
0.28933
0.24104
0.35806
0.32141
0.19373
0.32153
0.31988
0.14299
0.19533
0.30853
0.15855
0.14592
0.17791
0.28673
0.35992
0.28051
0.27080
0.23750
0.30688
0.19118
0.30998
0.27857
0.30570
0.21201
0.27767
0.30518
0.20200
0.17749
0.32802
0.28893
0.22455
0.32664
0.31932
0.24521
0.35410
0.31177
0.17557
0.29946
0.15374
0.29264
0.32342
0.28137
0.25628
0.26523
0.17513
0.30156
0.23372
0.31834
0.22199
0.30252
0.32701
0.30149
0.16036
0.22014
0.28674
0.18767
0.31721
0.17694
0.25136
0.22881
0.22223
0.24878
0.29794
0.32544
0.33413
0.26430
0.23577
0.32605
0.21295
0.23027
0.21588
0.31676
0.29659
0.15454
0.17711
0.28063
0.29316
0.24651
0.16855
0.20823
0.27101
0.20781
0.24056
0.24048
0.33237
0.17265
0.26412
0.27581
0.29285
0.17691
0.29353
0.27427
0.24243
0.39454
0.16640
0.30017
0.19899
0.37549
0.31112
0.28341
0.24713
0.31330
0.27015
0.17587
0.28226
0.27043
0.29577
0.27629
0.24892
0.34918
0.21836
0.27527
0.25440
0.35018
0.24317
0.30908
0.21064
0.27586
0.29383
0.23526
0.19765
0.26996
0.22188
0.30990
0.21727
0.30849
0.20660
0.28943
0.29853
0.29040
0.29982
0.15883
0.24946
0.34340
0.34008
0.27793
0.29580
0.32458
0.25664
0.25573
0.23187
0.31215
0.25926
0.29511
0.23172
0.18597
0.31657
0.31674
0.21952
0.28459
0.23057
0.32897
0.30073
0.19838
0.21605
0.29371
0.28649
0.30930
0.29635
0.25304
0.35833
0.35839
0.15750
0.22401
0.32517
0.27841
0.29250
0.28127
0.33691
0.21659
0.20116
0.16221
0.26440
0.28924
0.36274
0.28657
0.25392
0.30068
0.20318
0.25839
0.27850
0.28388
0.16795
0.32696
0.24081
0.21837
0.34901
0.29104
0.27421
0.22001
0.25594
0.27143
0.34994
0.34966
0.25045
0.27644
0.18547
0.32094
0.31138
0.12431
0.29998
0.20414
0.26079
0.29441
0.21588
0.27902
0.25405
0.27849
0.22073
0.23887
0.23273
0.34982
0.31529
0.29013
0.20303
0.29827
0.25146
0.24589
0.21668
0.33343
0.27060
0.30560
0.25829
0.27698
0.30199
0.24819
0.24928
0.26775
0.18717
0.31122
0.24381
0.33655
0.27974
0.30199
0.36075
0.29528
0.29370
0.32160
0.17524
0.19419
0.30478
0.24933
0.32048
0.32253
0.30746
0.34133
0.39449
0.30633
0.32017
0.25400
0.31593
0.26612
0.36832
0.26955
0.29105
0.33079
0.32113
0.30710
0.33962
0.39616
0.20322
0.25879
0.32287
0.26502
0.31685
0.32767
0.20559
0.27615
0.35222
0.22628
0.28481
0.32045
0.29468
0.26731
0.25969
0.25465
0.30594
0.29193
0.33182
0.29841
0.27048
0.32994
0.27330
0.30778
0.29530
0.25905
0.13556
0.29012
0.33502
0.36375
0.33386
0.28692
0.40527
0.41105
0.29845
0.15294
0.31561
0.41109
0.24432
0.18028
0.31820
0.33285
0.24696
0.24388
0.29687
0.26041
0.27523
0.26679
0.35352
0.32765
0.39035
0.26931
0.33114
0.28596
0.38823
0.28972
0.28652
0.30529
0.32492
0.28512
0.15498
0.29641
0.45280
0.25270
0.40956
0.41327
0.19125
0.30825
0.36555
0.32001
0.27883
0.27378
0.28830
0.21863
0.30567
0.31660
0.28546
0.29986
0.37539
0.30993
0.30157
0.23826
0.15174
0.27792
0.40397
0.20526
0.13013
0.34423
0.11575
0.19933
0.39771
0.15617
0.25372
0.19568
0.28601
0.22357
0.44035
0.18548
0.35848
0.39888
0.26185
0.23187
0.27164
0.25319
0.20566
0.37193
0.14691
0.37683
0.34667
0.27746
0.24433
0.25677
0.35172
0.27431
0.18411
0.35360
0.40814
0.30443
0.30330
0.35985
0.38258
0.23856
0.27170
0.27915
0.37798
0.15235
0.22085
0.22707
0.32381
0.29054
0.26189
0.27718
0.30181
0.33335
0.21467
0.30717
0.33997
0.29177
0.31037
0.26217
0.35463
0.30711
0.26523
0.29452
0.31776
0.33901
0.26433
0.31066
0.23219
0.31690
0.27402
0.26202
0.33701
0.29098
0.26383
0.32111
0.20106
0.29814
0.27085
0.19005
0.23055
0.22334
0.24015
0.24812
0.16885
0.20798
0.33448
0.27490
0.20701
0.22186
0.16268
0.30402
0.23703
0.18407
0.29171
0.13601
0.19133
0.20383
0.18018
0.20720
0.19390
0.27180
0.26197
0.17215
0.21077
0.23254
0.12775
0.32406
0.22633
0.17565
0.12685
0.19066
0.30012
0.21391
0.23640
0.15937
0.28513
0.12971
0.15348
0.18671
0.15713
0.20463
0.15446
0.22637
0.23135
0.30785
0.20576
0.30881
0.20004
0.18987
0.28361
0.16924
0.15507
0.31655
0.20091
0.30091
0.22745
0.19312
0.23082
0.20187
0.29768
0.26113
0.18688
0.16866
0.19074
0.22103
0.23918
0.23888
0.21861
0.26160
0.20386
0.17417
0.29497
0.29043
0.20743
0.20653
0.26274
0.16195
0.14612
0.24499
0.20913
0.21434
0.28204
0.27929
0.21689
0.30118
0.24889
0.31099
0.14264
0.22578
0.20502
0.15108
0.24674
0.18900
0.17034
0.20950
0.24645
0.29652
0.24164
0.19648
0.18688
0.20866
0.22288
0.27994
0.30119
0.14448
0.26278
0.33321
0.22982
0.22559
0.22486
0.11813
0.15759
0.21206
0.14142
0.20098
0.26370
0.23679
0.14563
0.20359
0.22581
0.15230
0.20857
0.31212
