0.09262
0.09677
0.05012
0.23016
0.07782
0.12743
0.17595
0.14491
0.18753
0.07451
0.19489
0.13514
0.13704
0.11925
0.11670
0.21846
0.17553
0.09902
0.08671
0.12924
0.30380
0.15059
0.14143
0.05730
0.17770
0.15087
0.11156
0.23588
0.10786
0.11993
0.15724
0.23585
0.16665
0.10570
0.15965
0.10525
0.13754
0.09116
0.12152
0.19314
0.29764
0.24558
0.08485
0.12355
0.28200
0.24716
0.14503
0.23840
0.17157
0.15452
0.10390
0.15858
0.19903
0.30041
0.09338
0.25165
0.24621
0.12219
0.12142
0.07386
0.28030
0.29982
0.13882
0.24350
0.29069
0.32108
0.05028
0.15819
0.09740
0.06190
0.13059
0.31447
0.33677
0.17286
0.25114
0.13472
0.11843
0.04672
0.20865
0.16514
0.28706
0.16032
0.27201
0.25839
0.26628
0.34421
0.11670
0.06971
0.12822
0.26124
0.30684
0.19083
0.05258
0.25874
0.06385
0.13714
0.23368
0.23442
0.20553
0.18296
0.10342
0.17923
0.10559
0.14213
0.23925
0.26184
0.13860
0.16159
0.15046
0.27847
0.03815
0.26832
0.07687
0.23258
0.11957
0.17628
0.25927
0.06743
0.08465
0.15439
0.24448
0.08605
0.26343
0.02311
0.10142
0.14933
0.31156
0.27751
0.17822
0.24929
0.09194
0.14239
0.28341
0.32371
0.11176
0.13090
0.07139
0.29752
0.24307
0.09367
0.19961
0.03105
0.29976
0.22634
0.15191
0.25871
0.11143
0.34631
0.16154
0.09351
0.17185
0.23322
0.15016
0.31024
0.31412
0.33192
0.10130
0.13418
0.16760
0.21489
0.27490
0.27644
0.24962
0.30654
0.09135
0.10167
0.31741
0.27572
0.05013
0.27192
0.02977
0.23201
0.24190
0.03836
0.10226
0.23232
0.06294
0.06779
0.16697
0.25553
0.09742
0.11126
0.20156
0.13497
0.08191
0.22847
0.18990
0.20235
0.25473
0.20077
0.11555
0.11346
0.04889
0.12672
0.12804
0.22819
0.15275
0.16365
0.09509
0.29105
0.20699
0.08453
0.13815
0.17512
0.05778
0.22741
0.10969
0.17290
0.27457
0.08152
0.25263
0.20214
0.08693
0.25761
0.25426
0.22833
0.13554
0.27208
0.22697
0.33096
0.09417
0.21810
0.11366
0.09732
0.08604
0.02965
0.17551
0.20658
0.17067
0.08415
0.27281
0.10468
0.19419
0.12174
0.06917
0.23633
0.11556
0.05470
0.10852
0.27024
0.07524
0.28351
0.08670
0.11318
0.14701
0.23400
0.10993
0.05937
0.10026
0.14357
0.10710
0.13859
0.09720
0.28161
0.15147
0.15224
0.21689
0.07520
0.03903
0.15757
0.21562
0.16537
0.19572
0.14927
0.14990
0.25576
0.25730
0.09821
0.13932
0.10135
0.10649
0.11715
0.07100
0.03030
0.34059
0.16362
0.08478
0.21846
0.10503
0.11429
0.14416
0.29346
0.16026
0.09665
0.29463
0.12092
0.20554
0.18693
0.15147
0.12560
0.08584
0.08192
0.16732
0.23987
0.17116
0.11091
0.17425
0.16109
0.19164
0.12080
0.31033
0.26207
0.25750
0.17359
0.16706
0.28540
0.33096
0.32800
0.05593
0.28759
0.14398
0.29014
0.14634
0.12003
0.14785
0.13534
0.11336
0.18960
0.24015
0.06800
0.08056
0.11377
0.27883
0.16031
0.21420
0.16252
0.25184
0.23241
0.09193
0.06453
0.24023
0.28738
0.34191
0.24555
0.32136
0.22370
0.25538
0.28050
0.27016
0.23960
0.07444
0.05197
0.13422
0.22265
0.03811
0.04433
0.19648
0.10786
0.17079
0.10424
0.15654
0.11313
0.26526
0.28731
0.26431
0.18508
0.30823
0.11972
0.16912
0.27923
0.06933
0.21203
0.09656
0.08606
0.22526
0.05352
0.23724
0.32743
0.09300
0.08046
0.12158
0.25806
0.10103
0.04048
0.05891
0.05917
0.05832
0.08146
0.18711
0.07975
0.27434
0.15895
0.16930
0.07364
0.20058
0.30000
0.20093
0.26131
0.34523
0.14941
0.26666
0.30830
0.30018
0.30002
0.29041
0.26213
0.34751
0.28460
0.24720
0.26650
0.24840
0.29469
0.21032
0.36919
0.31831
0.25676
0.24335
0.26560
0.25442
0.35596
0.27782
0.26203
0.30590
0.32076
0.20357
0.24714
0.31105
0.28892
0.25547
0.26808
0.28126
0.31009
0.27239
0.24498
0.34065
0.25525
0.25512
0.34147
0.21017
0.32365
0.35796
0.30828
0.30902
0.28931
0.28054
0.25727
0.29769
0.32820
0.21076
0.27332
0.32149
0.22656
0.26275
0.28723
0.19581
0.29858
0.27367
0.27312
0.30428
0.28685
0.26048
0.19806
0.27529
0.35672
0.16226
0.28025
0.22667
0.16566
0.21354
0.36925
0.31615
0.32777
0.17033
0.35157
0.27212
0.30223
0.37137
0.30411
0.27150
0.29455
0.24046
0.29510
0.18976
0.34551
0.27439
0.23156
0.16193
0.33642
0.21886
0.28416
0.29466
0.25734
0.34497
0.31433
0.21923
0.30043
0.30394
0.17967
0.17757
0.30889
0.20941
0.23210
0.14558
0.30160
0.35225
0.25226
0.24370
0.24909
0.29689
0.23641
0.27820
0.24697
0.26440
0.21915
0.28499
0.26904
0.23679
0.15589
0.35978
0.29882
0.21035
0.30010
0.31257
0.27863
0.36312
0.29676
0.25298
0.27226
0.22572
0.28869
0.30974
0.28789
0.28669
0.25904
0.16621
0.28642
0.23581
0.30186
0.25279
0.25634
0.30621
0.27905
0.21197
0.22741
0.29784
0.22236
0.28005
0.22545
0.23064
0.23587
0.23096
0.23084
0.32329
0.31996
0.32338
0.24336
0.24230
0.32270
0.18222
0.23026
0.25119
0.29494
0.31530
0.18845
0.20442
0.27794
0.27031
0.20697
0.16630
0.25815
0.26827
0.18947
0.25094
0.23763
0.29818
0.20436
0.26887
0.27623
0.30721
0.20245
0.28665
0.25859
0.25285
0.37741
0.20663
0.28931
0.23503
0.37057
0.30730
0.25490
0.29720
0.27870
0.27620
0.19928
0.29411
0.30583
0.25217
0.26910
0.26998
0.33696
0.26157
0.27869
0.23683
0.35393
0.23560
0.27790
0.22627
0.28204
0.28965
0.25493
0.21782
0.24366
0.25235
0.32923
0.21574
0.31665
0.25099
0.27154
0.28808
0.28343
0.30393
0.15669
0.22128
0.31448
0.32737
0.25996
0.27227
0.28591
0.28149
0.26794
0.24812
0.29484
0.29221
0.24112
0.24808
0.19360
0.27775
0.31011
0.26370
0.25622
0.25363
0.32492
0.28790
0.20352
0.19681
0.28281
0.29959
0.30756
0.27683
0.21910
0.33188
0.34703
0.15982
0.25821
0.31018
0.27312
0.25529
0.31596
0.33437
0.25170
0.19643
0.20949
0.26438
0.26119
0.35497
0.30102
0.30781
0.29721
0.23824
0.27486
0.27837
0.27771
0.18357
0.31919
0.21606
0.26077
0.34454
0.29823
0.25910
0.25242
0.25040
0.29488
0.33024
0.33820
0.25560
0.28306
0.22793
0.30726
0.31391
0.13412
0.24114
0.21595
0.22834
0.26445
0.22245
0.26081
0.24623
0.24606
0.25652
0.24380
0.23865
0.33900
0.28395
0.24631
0.18927
0.28335
0.25700
0.25655
0.23519
0.32657
0.28297
0.32581
0.25460
0.27792
0.28874
0.26853
0.23515
0.26794
0.17415
0.31268
0.26794
0.33941
0.27032
0.30163
0.34817
0.29140
0.26886
0.28140
0.19779
0.19964
0.27030
0.25235
0.30691
0.29982
0.27492
0.31766
0.38148
0.31076
0.32704
0.28318
0.29641
0.28518
0.34908
0.26650
0.29542
0.31651
0.31615
0.27683
0.33111
0.39111
0.24906
0.24096
0.35792
0.22282
0.32981
0.34076
0.25924
0.24048
0.34249
0.23718
0.27809
0.31001
0.28463
0.24928
0.27468
0.28568
0.27622
0.29230
0.31608
0.28803
0.24743
0.29672
0.26516
0.28845
0.27102
0.28828
0.15596
0.31867
0.31679
0.35947
0.31515
0.33313
0.39449
0.40186
0.25745
0.19863
0.30560
0.38454
0.27744
0.21349
0.28479
0.35041
0.24480
0.22484
0.32201
0.24160
0.27787
0.26359
0.33267
0.37611
0.42373
0.28263
0.29862
0.25751
0.38264
0.30132
0.31286
0.30235
0.32266
0.26891
0.19861
0.30889
0.45866
0.25930
0.40315
0.41358
0.21161
0.27590
0.34498
0.27674
0.27293
0.23381
0.27348
0.22320
0.29743
0.30188
0.31386
0.28922
0.39131
0.26998
0.26959
0.27694
0.20300
0.23085
0.40828
0.22878
0.15934
0.30825
0.16111
0.19658
0.40903
0.18078
0.29274
0.23456
0.26893
0.24200
0.44424
0.21349
0.33163
0.39577
0.24218
0.22867
0.26144
0.26642
0.24198
0.35699
0.20585
0.36106
0.34509
0.23531
0.23051
0.23010
0.35941
0.27625
0.23605
0.35749
0.42657
0.32192
0.28847
0.36848
0.37586
0.23471
0.29190
0.28043
0.36580
0.22339
0.23925
0.23424
0.34430
0.24984
0.26024
0.25666
0.32818
0.36550
0.24228
0.27511
0.36066
0.31074
0.26903
0.22056
0.37743
0.27252
0.26934
0.27434
0.30089
0.33895
0.25739
0.31434
0.24483
0.34332
0.28994
0.24230
0.29420
0.31560
0.24277
0.28291
0.14517
0.31748
0.18970
0.05463
0.10692
0.18504
0.24293
0.27308
0.23199
0.23923
0.35340
0.13406
0.02484
0.22288
0.04904
0.27649
0.26248
0.19876
0.29575
0.08452
0.15027
0.22432
0.21573
0.06627
0.16439
0.24864
0.25684
0.19448
0.20765
0.26176
0.05110
0.33361
0.22787
0.07395
0.03982
0.09320
0.18627
0.16762
0.23996
0.18704
0.30605
0.06107
0.06147
0.09994
0.11995
0.30133
0.16502
0.17569
0.22505
0.23248
0.11497
0.25763
0.21631
0.03832
0.28694
0.07098
0.06233
0.28513
0.19161
0.18982
0.05537
0.04994
0.20768
0.21221
0.29468
0.26123
0.05290
0.03883
0.15981
0.21411
0.16139
0.16698
0.08637
0.24328
0.17075
0.08663
0.28393
0.31314
0.06490
0.12275
0.12766
0.03034
0.03234
0.26450
0.12440
0.18814
0.28672
0.26774
0.20412
0.29320
0.26199
0.20462
0.14696
0.17522
0.21617
0.00645
0.22286
0.04546
0.05504
0.20472
0.25653
0.30815
0.28539
0.12798
0.04158
0.11641
0.23217
0.19353
0.19558
0.07137
0.19299
0.30222
0.10971
0.19967
0.11378
0.02622
0.08180
0.15400
0.02356
0.06544
0.27465
0.28802
0.08926
0.08896
0.04619
0.04857
0.06430
0.28880
