0.14835
0.09948
0.06200
0.23071
0.10707
0.12131
0.22002
0.15631
0.17046
0.09891
0.20966
0.11518
0.14198
0.12912
0.13210
0.23018
0.16721
0.11373
0.05642
0.12139
0.28361
0.13404
0.11808
0.09578
0.18599
0.15357
0.09316
0.22910
0.09184
0.21958
0.17685
0.23532
0.16024
0.10048
0.09173
0.09814
0.12831
0.09475
0.11276
0.17917
0.26394
0.27543
0.07142
0.14845
0.27335
0.21030
0.18490
0.21889
0.17929
0.15835
0.09018
0.14399
0.14784
0.26212
0.08861
0.25179
0.25994
0.16736
0.09155
0.08025
0.26049
0.28756
0.13915
0.20203
0.26885
0.30756
0.03559
0.18203
0.12392
0.06674
0.10644
0.30029
0.34143
0.18265
0.25157
0.14297
0.09080
0.03031
0.22820
0.15547
0.29841
0.18421
0.28959
0.26102
0.26717
0.35932
0.09158
0.08768
0.12254
0.25732
0.30170
0.15105
0.07537
0.25962
0.05495
0.14950
0.20115
0.19771
0.17947
0.17771
0.09511
0.18356
0.10429
0.11921
0.21363
0.29885
0.15369
0.17392
0.15614
0.28212
0.05275
0.26639
0.05483
0.18808
0.11779
0.17869
0.26983
0.05991
0.07159
0.15788
0.22739
0.06112
0.27578
0.01781
0.10061
0.14516
0.30711
0.28067
0.17450
0.23868
0.13746
0.11084
0.28067
0.34234
0.09234
0.14947
0.06278
0.27114
0.26565
0.02417
0.16668
0.02453
0.26825
0.18862
0.13900
0.28035
0.08076
0.33044
0.18534
0.08800
0.15692
0.20904
0.10464
0.28279
0.29739
0.31049
0.12668
0.19879
0.13654
0.18877
0.28402
0.27795
0.24806
0.31163
0.09146
0.13613
0.28883
0.29174
0.06529
0.24523
0.03493
0.18671
0.20907
0.04746
0.12759
0.21044
0.09885
0.08711
0.18742
0.27366
0.10202
0.09967
0.21400
0.12757
0.13680
0.14893
0.23949
0.24204
0.23404
0.19589
0.11983
0.07355
0.07631
0.11989
0.12613
0.26000
0.15939
0.14501
0.08609
0.28072
0.21249
0.08252
0.20401
0.13637
0.05134
0.22984
0.10020
0.18194
0.24915
0.09587
0.24325
0.25651
0.09780
0.25752
0.24667
0.25738
0.12115
0.26359
0.20482
0.32198
0.09924
0.20455
0.12603
0.06644
0.10372
0.04974
0.17877
0.17397
0.14765
0.08740
0.27991
0.14379
0.22578
0.10252
0.02810
0.25826
0.11867
0.06524
0.11033
0.26766
0.09785
0.28592
0.10670
0.10506
0.15381
0.19876
0.10916
0.03637
0.12692
0.09870
0.10971
0.10285
0.10387
0.26135
0.15136
0.15219
0.20178
0.09156
0.07172
0.13656
0.20529
0.14804
0.21778
0.16189
0.13427
0.26373
0.26652
0.08811
0.20037
0.06805
0.06476
0.11830
0.06451
0.03965
0.34513
0.18000
0.08715
0.15995
0.13813
0.07963
0.16660
0.30325
0.11620
0.13039
0.26197
0.11868
0.20483
0.17205
0.14018
0.14001
0.09117
0.13449
0.19657
0.18589
0.15218
0.09538
0.20461
0.18686
0.18194
0.15363
0.33410
0.24403
0.26717
0.15844
0.13723
0.28794
0.30542
0.31232
0.05405
0.24270
0.13438
0.26224
0.18294
0.09701
0.15591
0.12740
0.10226
0.20293
0.22670
0.04970
0.07209
0.05006
0.25830
0.17429
0.23559
0.19056
0.22458
0.22314
0.12253
0.06100
0.22838
0.25457
0.35467
0.24726
0.28008
0.23706
0.23362
0.27005
0.28868
0.25757
0.05441
0.10137
0.12194
0.19091
0.07011
0.06183
0.19426
0.13113
0.20636
0.12718
0.17793
0.12566
0.28076
0.25535
0.25196
0.19134
0.25481
0.12336
0.12724
0.28994
0.10236
0.22214
0.05895
0.07479
0.20113
0.07274
0.24921
0.32887
0.06343
0.08952
0.12781
0.24051
0.11063
0.05401
0.05955
0.04802
0.09240
0.09527
0.19785
0.06938
0.27489
0.14899
0.22402
0.08961
0.16921
0.27685
0.21173
0.30227
0.34454
0.18813
0.27641
0.30478
0.31502
0.33083
0.28291
0.23605
0.35504
0.27026
0.24840
0.26545
0.23422
0.30159
0.19544
0.39049
0.32189
0.27571
0.25246
0.25001
0.26868
0.35539
0.30173
0.25371
0.31712
0.34226
0.22803
0.26826
0.30210
0.27208
0.24956
0.27206
0.30787
0.31739
0.27472
0.22062
0.34929
0.27972
0.25651
0.31663
0.18110
0.31181
0.36304
0.29848
0.30673
0.29835
0.31160
0.25250
0.31790
0.32612
0.23749
0.30115
0.31314
0.28350
0.27509
0.30701
0.19161
0.31847
0.26281
0.28190
0.30955
0.30705
0.29142
0.20450
0.26805
0.35312
0.12702
0.26206
0.23812
0.21092
0.19824
0.36633
0.30780
0.33863
0.17429
0.34297
0.27052
0.27825
0.36165
0.30882
0.32876
0.29773
0.23892
0.29186
0.20225
0.35251
0.30409
0.24585
0.18441
0.32966
0.20708
0.27073
0.29719
0.26782
0.35293
0.30801
0.22366
0.31400
0.27684
0.16500
0.20891
0.29910
0.19963
0.22146
0.16009
0.28756
0.32881
0.28124
0.30086
0.24842
0.30238
0.23012
0.30395
0.29977
0.31061
0.20427
0.28753
0.30926
0.23594
0.19607
0.36692
0.28410
0.20761
0.30099
0.31189
0.26446
0.35685
0.29699
0.24786
0.31862
0.22468
0.29225
0.31681
0.29065
0.27329
0.25254
0.17704
0.31757
0.21796
0.30573
0.21560
0.31241
0.32980
0.29972
0.21618
0.23988
0.29386
0.20920
0.31669
0.18995
0.22109
0.21193
0.24517
0.25431
0.31857
0.32624
0.32516
0.28309
0.22102
0.31990
0.21616
0.22069
0.21992
0.29510
0.29038
0.18736
0.18280
0.26987
0.29731
0.21066
0.16001
0.23244
0.27027
0.23273
0.26440
0.27520
0.32439
0.17990
0.25254
0.26743
0.30305
0.18743
0.29090
0.27129
0.27337
0.38319
0.20738
0.28502
0.21757
0.36752
0.31525
0.28982
0.27805
0.28581
0.28059
0.20465
0.30290
0.28325
0.28043
0.26917
0.26366
0.35001
0.25472
0.26576
0.23998
0.34069
0.25301
0.29815
0.23386
0.27527
0.30083
0.27117
0.21019
0.27858
0.24522
0.31776
0.23664
0.32321
0.24260
0.24175
0.29213
0.27562
0.27433
0.15610
0.25461
0.33670
0.32797
0.28480
0.31398
0.31477
0.27290
0.25200
0.23688
0.29452
0.30121
0.28894
0.27657
0.21621
0.29204
0.30516
0.26055
0.27181
0.23143
0.32951
0.32136
0.22260
0.19191
0.27505
0.28313
0.30436
0.27975
0.24242
0.34924
0.33879
0.17089
0.25383
0.30916
0.26960
0.28176
0.30364
0.33668
0.24101
0.22216
0.21465
0.28399
0.30080
0.35744
0.27519
0.28743
0.30296
0.24063
0.27547
0.28561
0.28160
0.17630
0.32421
0.22671
0.25485
0.33158
0.31373
0.26241
0.25163
0.28555
0.30198
0.33061
0.33872
0.24947
0.27304
0.20639
0.30341
0.32006
0.12166
0.27048
0.20636
0.25376
0.30084
0.25076
0.29867
0.24775
0.27844
0.22722
0.23112
0.24754
0.32807
0.30905
0.29458
0.20673
0.29762
0.25730
0.24263
0.21647
0.33129
0.27596
0.32393
0.26121
0.25510
0.28551
0.26452
0.27250
0.27784
0.17212
0.31729
0.27746
0.32361
0.28326
0.29315
0.35144
0.27302
0.28750
0.32005
0.17323
0.18468
0.31170
0.24262
0.31918
0.30766
0.28317
0.34362
0.37917
0.30577
0.33114
0.27148
0.29246
0.28624
0.35953
0.26777
0.28288
0.31614
0.32134
0.30382
0.33112
0.38777
0.21555
0.28880
0.33328
0.23896
0.32251
0.34035
0.26740
0.22564
0.36824
0.23318
0.30028
0.30021
0.27350
0.26231
0.25274
0.27400
0.27192
0.29271
0.33867
0.28841
0.26973
0.29875
0.28406
0.29892
0.28268
0.27282
0.15562
0.31726
0.32321
0.35673
0.32302
0.30105
0.38592
0.40859
0.28569
0.18088
0.31385
0.39089
0.28843
0.17108
0.30296
0.36905
0.24433
0.24526
0.32392
0.22918
0.28941
0.23682
0.33032
0.36835
0.40588
0.31448
0.29208
0.24371
0.37352
0.28405
0.27600
0.29629
0.31829
0.28106
0.19756
0.30042
0.43360
0.25138
0.38605
0.41078
0.21102
0.28598
0.37348
0.31307
0.28240
0.24736
0.27166
0.21858
0.28298
0.29268
0.30082
0.27841
0.37041
0.27090
0.27381
0.27139
0.19841
0.25658
0.39061
0.20448
0.11158
0.36072
0.15842
0.18780
0.40097
0.17812
0.24037
0.22024
0.28634
0.24678
0.42233
0.20954
0.30948
0.38267
0.25064
0.18226
0.25250
0.24516
0.22014
0.34300
0.18462
0.37777
0.36776
0.24324
0.25274
0.26330
0.36352
0.25858
0.21352
0.33020
0.40680
0.31165
0.27833
0.34700
0.34600
0.21145
0.25390
0.27824
0.41213
0.20046
0.21660
0.24725
0.36309
0.26222
0.25825
0.25369
0.31991
0.38885
0.18969
0.28856
0.32605
0.32014
0.29147
0.24089
0.35126
0.29084
0.28622
0.27295
0.27996
0.33203
0.25360
0.31759
0.24770
0.33774
0.25702
0.22650
0.30118
0.31181
0.24176
0.27109
0.22101
0.31383
0.19930
0.05754
0.10927
0.18923
0.22936
0.26852
0.20889
0.24678
0.30491
0.13175
0.08323
0.20732
0.05121
0.27934
0.21625
0.18611
0.25893
0.04856
0.08458
0.15887
0.22935
0.08574
0.17171
0.22813
0.28214
0.20903
0.21387
0.27238
0.07620
0.31337
0.24906
0.06252
0.07200
0.11138
0.21382
0.18244
0.24805
0.19482
0.29857
0.02468
0.05109
0.03695
0.05216
0.29586
0.11112
0.14734
0.17160
0.26048
0.16931
0.22545
0.21767
0.07189
0.20539
0.04442
0.10887
0.14728
0.18388
0.25646
0.07481
0.08977
0.21191
0.20209
0.28624
0.26297
0.03436
0.07324
0.15877
0.19598
0.11843
0.17571
0.16751
0.22057
0.14922
0.08633
0.26521
0.29436
0.04501
0.14587
0.13390
0.04454
0.07242
0.12941
0.06663
0.18352
0.24871
0.31135
0.20629
0.34637
0.19390
0.20410
0.16861
0.22354
0.14471
0.04333
0.26824
0.10562
0.03858
0.22435
0.23694
0.28294
0.26303
0.06876
0.05305
0.14178
0.23931
0.17689
0.16474
0.06831
0.17877
0.24335
0.16957
0.21887
0.10190
0.03561
0.08600
0.11478
0.02504
0.10896
0.27566
0.27582
0.10029
0.07041
0.04636
0.07258
0.07049
0.22959
