0.22999
0.23838
0.20795
0.24432
0.16776
0.19371
0.22627
0.18272
0.20661
0.20381
0.24407
0.20796
0.22488
0.21300
0.17851
0.22973
0.20333
0.20825
0.16205
0.24431
0.30611
0.22968
0.21049
0.12956
0.23346
0.21383
0.21433
0.27804
0.17865
0.23443
0.20407
0.28496
0.24786
0.21650
0.20169
0.15343
0.19014
0.15742
0.21798
0.21169
0.29480
0.28124
0.22847
0.21940
0.28228
0.23507
0.20154
0.27689
0.25271
0.18905
0.22301
0.19069
0.20352
0.30166
0.18775
0.25114
0.26986
0.18059
0.19943
0.15245
0.27062
0.31326
0.22502
0.28273
0.27891
0.32374
0.15024
0.20889
0.22599
0.18885
0.23220
0.32652
0.33807
0.23312
0.24178
0.21641
0.20420
0.15512
0.22321
0.24969
0.32717
0.27843
0.34749
0.23180
0.28316
0.37827
0.18096
0.19033
0.23190
0.26387
0.32262
0.20099
0.17390
0.25161
0.15955
0.24718
0.22885
0.22752
0.20879
0.18951
0.18102
0.21667
0.23586
0.23256
0.27422
0.29553
0.22425
0.24320
0.22903
0.26860
0.15973
0.28423
0.17818
0.24738
0.24984
0.22558
0.27869
0.19209
0.21383
0.21219
0.27644
0.17710
0.28527
0.17214
0.13715
0.23729
0.30719
0.27399
0.22853
0.26869
0.17137
0.18351
0.29056
0.34200
0.23480
0.18526
0.14654
0.26206
0.25028
0.16280
0.20151
0.16539
0.31321
0.22429
0.23246
0.34747
0.18676
0.35781
0.24695
0.18939
0.27113
0.32047
0.19414
0.31603
0.29935
0.30660
0.18980
0.21680
0.22655
0.27840
0.31747
0.29312
0.27847
0.32484
0.17986
0.19831
0.30707
0.25065
0.20281
0.28312
0.14455
0.27954
0.23934
0.10872
0.20101
0.23314
0.19017
0.17000
0.26290
0.26241
0.17938
0.20642
0.24118
0.22043
0.20013
0.22875
0.25118
0.25482
0.27228
0.22764
0.21528
0.15564
0.14525
0.22356
0.24460
0.26509
0.25926
0.22899
0.20998
0.29783
0.23112
0.21601
0.23169
0.24267
0.16504
0.26779
0.20466
0.27182
0.26954
0.18612
0.23259
0.22963
0.18265
0.24969
0.24413
0.25741
0.25983
0.31597
0.24659
0.33888
0.20613
0.23982
0.24208
0.16682
0.16693
0.15555
0.20173
0.28549
0.19615
0.16302
0.23460
0.17137
0.28946
0.19250
0.17841
0.28475
0.21105
0.17597
0.23043
0.25582
0.21379
0.30718
0.19686
0.22108
0.24542
0.26097
0.21505
0.15770
0.22232
0.20561
0.21973
0.23467
0.20355
0.28927
0.23086
0.21733
0.17572
0.19227
0.19703
0.21073
0.19899
0.23306
0.26250
0.25494
0.20455
0.23628
0.29843
0.18302
0.23444
0.18923
0.20266
0.20637
0.19772
0.16792
0.36109
0.21539
0.15592
0.25418
0.21798
0.20582
0.24681
0.32695
0.23280
0.19057
0.27519
0.22803
0.25056
0.24462
0.24242
0.23419
0.21819
0.16430
0.21630
0.24488
0.21934
0.21579
0.18242
0.25093
0.23073
0.23139
0.32504
0.29517
0.29587
0.21735
0.20697
0.31468
0.33300
0.34067
0.14311
0.26384
0.22151
0.30070
0.20405
0.18755
0.20430
0.22144
0.18973
0.29808
0.25148
0.18920
0.17607
0.15935
0.26461
0.28760
0.27719
0.23487
0.24399
0.27279
0.19773
0.14613
0.30831
0.27130
0.35884
0.27481
0.33139
0.24196
0.25398
0.30078
0.26707
0.27265
0.19975
0.17144
0.18769
0.22771
0.14688
0.15421
0.25833
0.22277
0.25584
0.19332
0.20727
0.26198
0.27654
0.26565
0.26522
0.22506
0.30557
0.20556
0.20370
0.30856
0.18506
0.22677
0.17693
0.22997
0.20797
0.19676
0.25415
0.32630
0.22269
0.22879
0.22739
0.26852
0.20296
0.18593
0.18090
0.20483
0.14507
0.21432
0.24009
0.17248
0.27925
0.22416
0.21158
0.17256
0.16277
0.29649
0.22438
0.28164
0.32567
0.17998
0.27246
0.29307
0.30225
0.31966
0.25716
0.28246
0.32797
0.24960
0.26897
0.25862
0.19632
0.31370
0.17969
0.34430
0.28703
0.23917
0.25540
0.24852
0.27719
0.33751
0.30736
0.26234
0.31729
0.32970
0.25522
0.26785
0.29768
0.23880
0.20044
0.24295
0.30843
0.27493
0.24336
0.18986
0.31672
0.27082
0.23202
0.32138
0.18947
0.28436
0.33538
0.28164
0.29637
0.31750
0.28978
0.22293
0.30235
0.31831
0.25390
0.28190
0.30043
0.27403
0.28505
0.28545
0.19846
0.32316
0.21770
0.27558
0.31980
0.28383
0.27913
0.19471
0.27688
0.33939
0.11786
0.26353
0.23696
0.22439
0.15084
0.35096
0.28561
0.31986
0.19062
0.33345
0.26157
0.26298
0.35946
0.31314
0.29759
0.27957
0.22049
0.27161
0.17886
0.33809
0.30600
0.24710
0.13741
0.30617
0.21076
0.21799
0.26999
0.23549
0.33569
0.30846
0.19437
0.30435
0.31947
0.15632
0.17472
0.28671
0.16370
0.18369
0.15799
0.28024
0.29740
0.29248
0.27427
0.22978
0.29539
0.19986
0.31188
0.28816
0.29998
0.19260
0.27610
0.30226
0.20683
0.17056
0.34364
0.23862
0.20444
0.30229
0.30986
0.24092
0.35278
0.28588
0.19919
0.29502
0.15490
0.28339
0.28377
0.27609
0.26711
0.22119
0.19254
0.30367
0.21247
0.28829
0.19844
0.30363
0.33594
0.28182
0.16066
0.21306
0.25614
0.17149
0.29316
0.18329
0.23237
0.23101
0.21879
0.22304
0.28960
0.30923
0.31355
0.25342
0.24125
0.32379
0.22950
0.23150
0.21796
0.27838
0.28388
0.16982
0.18111
0.27147
0.28192
0.24201
0.16573
0.22138
0.23044
0.22200
0.21730
0.27398
0.31187
0.17310
0.24672
0.27359
0.28686
0.17069
0.27588
0.23939
0.24946
0.35697
0.19045
0.28227
0.22272
0.35297
0.28118
0.28526
0.25105
0.30038
0.25576
0.20919
0.28301
0.26553
0.27756
0.25900
0.28031
0.33055
0.24061
0.28205
0.22228
0.29975
0.24972
0.28057
0.21865
0.26644
0.25660
0.26067
0.18379
0.24606
0.24062
0.28080
0.22154
0.31001
0.20585
0.28265
0.29275
0.29614
0.25408
0.16186
0.21966
0.32355
0.30702
0.28593
0.29557
0.30412
0.22710
0.24412
0.22722
0.28785
0.24892
0.29819
0.22873
0.15708
0.29474
0.30069
0.22610
0.27684
0.17946
0.31390
0.29741
0.21486
0.20044
0.27996
0.23964
0.30579
0.26470
0.24412
0.32739
0.33842
0.16249
0.23037
0.28930
0.27155
0.29102
0.30345
0.31779
0.21129
0.21386
0.16448
0.27138
0.29329
0.32688
0.27594
0.27574
0.28434
0.20369
0.22900
0.27593
0.25768
0.17943
0.31267
0.21393
0.22122
0.32479
0.27146
0.28536
0.24503
0.26711
0.27485
0.35124
0.32189
0.23840
0.24710
0.18746
0.32801
0.30748
0.13824
0.27932
0.18590
0.25362
0.30566
0.21511
0.27365
0.22276
0.26125
0.21904
0.23110
0.22052
0.32440
0.26970
0.29013
0.19848
0.28567
0.24173
0.21866
0.17413
0.28280
0.28186
0.30720
0.23273
0.25306
0.30263
0.27162
0.23899
0.25282
0.19533
0.28960
0.26717
0.32680
0.27138
0.28371
0.30238
0.24057
0.25766
0.31276
0.17437
0.20719
0.31178
0.24116
0.30955
0.30193
0.28135
0.33690
0.36753
0.27894
0.30300
0.24384
0.28055
0.24386
0.34318
0.27242
0.25407
0.30974
0.32170
0.31367
0.32020
0.36088
0.23925
0.26105
0.33301
0.22399
0.31422
0.29849
0.21294
0.25368
0.31577
0.19935
0.27702
0.29848
0.27955
0.24335
0.27339
0.25698
0.24971
0.23755
0.31473
0.25434
0.25618
0.31190
0.24974
0.31702
0.28567
0.25207
0.13243
0.34428
0.33718
0.33869
0.29828
0.28211
0.38470
0.38291
0.26716
0.20788
0.32707
0.38418
0.25306
0.18967
0.31675
0.33677
0.24172
0.24204
0.31750
0.25415
0.25773
0.25731
0.33125
0.33478
0.37475
0.25910
0.30225
0.27931
0.39137
0.27191
0.29987
0.32602
0.32539
0.30308
0.20345
0.28368
0.43625
0.22337
0.38800
0.39167
0.18483
0.29752
0.35409
0.30982
0.28690
0.25675
0.29229
0.22440
0.29108
0.31660
0.26059
0.31760
0.37256
0.28475
0.29254
0.22004
0.21745
0.27908
0.38177
0.21451
0.15527
0.34207
0.09544
0.16331
0.37742
0.18140
0.26644
0.21145
0.27831
0.25510
0.42931
0.19670
0.34594
0.38085
0.23334
0.22742
0.25710
0.23710
0.20686
0.35313
0.17061
0.36033
0.34388
0.25199
0.24293
0.25960
0.32204
0.26598
0.19378
0.32580
0.40533
0.30256
0.27944
0.35935
0.35716
0.24024
0.24685
0.29701
0.38469
0.22243
0.22503
0.19915
0.33844
0.30563
0.25140
0.27662
0.31208
0.33693
0.18656
0.31593
0.33397
0.29192
0.28632
0.24179
0.35104
0.28218
0.27454
0.29858
0.32816
0.33541
0.25482
0.31033
0.24119
0.32884
0.24993
0.25943
0.30205
0.27793
0.25982
0.28047
0.22506
0.31531
0.19631
0.14255
0.21306
0.24179
0.20213
0.27824
0.22115
0.26777
0.35997
0.24822
0.23077
0.20710
0.16394
0.29300
0.26126
0.20435
0.28472
0.19499
0.20954
0.18102
0.24969
0.17974
0.20198
0.25139
0.25545
0.19018
0.23611
0.28838
0.17016
0.29529
0.26344
0.16161
0.22981
0.17925
0.29078
0.20868
0.21864
0.20565
0.26625
0.17186
0.19068
0.18837
0.21400
0.25710
0.17812
0.24302
0.24771
0.31348
0.24290
0.30955
0.23229
0.16320
0.28065
0.16523
0.17845
0.28881
0.15922
0.27505
0.19766
0.20229
0.20957
0.17385
0.31206
0.25425
0.15914
0.18958
0.16444
0.20062
0.22461
0.22726
0.20862
0.26858
0.19469
0.23619
0.23069
0.30677
0.23401
0.21883
0.28013
0.17570
0.15737
0.26795
0.20256
0.16272
0.22521
0.30037
0.20564
0.33608
0.24716
0.26325
0.19925
0.21403
0.18192
0.18195
0.23909
0.21205
0.19549
0.22730
0.24420
0.29809
0.22385
0.17373
0.21900
0.20186
0.25528
0.25527
0.30829
0.20259
0.27475
0.35107
0.17993
0.24669
0.22738
0.17829
0.21123
0.21380
0.19589
0.17245
0.26243
0.27176
0.25567
0.22854
0.18223
0.19520
0.21221
0.23728
