0.14701
0.10105
0.07174
0.25725
0.10283
0.14894
0.24089
0.16889
0.15448
0.08791
0.17537
0.14625
0.19427
0.12904
0.14261
0.23141
0.14981
0.14377
0.11635
0.15463
0.30905
0.16900
0.16951
0.08904
0.22298
0.17978
0.16398
0.26202
0.13034
0.25896
0.16682
0.26202
0.19870
0.12900
0.18883
0.12781
0.14215
0.11079
0.14222
0.19201
0.31512
0.27599
0.09991
0.15978
0.27709
0.24572
0.19198
0.26092
0.20394
0.17268
0.10826
0.18661
0.14524
0.31298
0.09322
0.21202
0.19368
0.14704
0.14723
0.08294
0.24912
0.28966
0.18055
0.23934
0.28730
0.31652
0.08634
0.15467
0.13754
0.07528
0.16805
0.31464
0.33427
0.25752
0.26109
0.17101
0.10309
0.06303
0.23992
0.13782
0.30769
0.24128
0.34441
0.28996
0.26782
0.36206
0.11032
0.07036
0.13371
0.26256
0.32194
0.15927
0.09293
0.26849
0.10678
0.13938
0.21128
0.24749
0.20902
0.16973
0.09959
0.21458
0.16685
0.13636
0.25133
0.28608
0.19060
0.20764
0.21871
0.26839
0.04051
0.27068
0.07138
0.22931
0.16158
0.17087
0.26759
0.11031
0.06985
0.21518
0.22498
0.10866
0.27376
0.04224
0.11949
0.11677
0.32878
0.28421
0.21960
0.25898
0.13322
0.12025
0.30969
0.32850
0.15004
0.15981
0.08569
0.28819
0.24898
0.06658
0.18927
0.06650
0.29821
0.24172
0.20188
0.23601
0.09575
0.36242
0.17829
0.09699
0.21674
0.28307
0.12258
0.33270
0.29696
0.32193
0.12202
0.18304
0.14872
0.28550
0.32172
0.19947
0.27728
0.35033
0.09149
0.13165
0.26165
0.25914
0.08686
0.27223
0.05011
0.24180
0.25961
0.07247
0.09727
0.20766
0.13038
0.09534
0.21971
0.29888
0.08007
0.12778
0.26213
0.18327
0.10981
0.19997
0.26118
0.28074
0.25231
0.18794
0.14820
0.09054
0.09456
0.16373
0.17669
0.26002
0.23801
0.21585
0.15037
0.26999
0.24466
0.06902
0.19201
0.19113
0.03298
0.23662
0.12427
0.19365
0.27216
0.16762
0.25496
0.22729
0.13652
0.26190
0.27307
0.25981
0.14116
0.31717
0.20482
0.33948
0.11411
0.22755
0.13193
0.05848
0.12629
0.07486
0.18975
0.23945
0.12994
0.10493
0.26428
0.15715
0.21100
0.14593
0.07933
0.25806
0.11441
0.07969
0.11016
0.27621
0.09939
0.29563
0.13864
0.13604
0.18771
0.21948
0.12147
0.04197
0.12999
0.15749
0.13182
0.14102
0.15772
0.26054
0.13330
0.20378
0.21151
0.15048
0.06034
0.14837
0.20019
0.18379
0.19413
0.18636
0.13767
0.23726
0.26503
0.10554
0.19194
0.07837
0.14710
0.15267
0.09302
0.03865
0.35869
0.18319
0.11058
0.20446
0.20470
0.07878
0.20364
0.32065
0.14689
0.14264
0.30198
0.11209
0.21223
0.19462
0.18955
0.21323
0.08802
0.08356
0.21982
0.24465
0.16768
0.11542
0.23079
0.19112
0.19353
0.18019
0.31989
0.31708
0.28398
0.18694
0.17074
0.29564
0.31450
0.34201
0.06126
0.25095
0.15068
0.28065
0.16595
0.06903
0.13981
0.12052
0.10191
0.26561
0.24194
0.08465
0.08232
0.07953
0.29116
0.21736
0.24702
0.17919
0.23361
0.24948
0.16152
0.09344
0.26097
0.30294
0.36087
0.23974
0.34642
0.22440
0.27245
0.31329
0.27641
0.28860
0.12238
0.11371
0.10156
0.23931
0.09447
0.13241
0.22382
0.10308
0.23657
0.13677
0.20397
0.17182
0.28353
0.27378
0.27143
0.22192
0.28016
0.17245
0.16093
0.32544
0.06946
0.17949
0.06889
0.10525
0.23367
0.11107
0.22987
0.32504
0.12755
0.10794
0.21478
0.28261
0.12611
0.09640
0.09838
0.10672
0.11522
0.07507
0.20490
0.13833
0.28379
0.19575
0.19500
0.10589
0.20973
0.29375
0.23640
0.28250
0.35562
0.21394
0.28985
0.30059
0.31041
0.32688
0.27656
0.27682
0.36819
0.27288
0.26176
0.26824
0.22500
0.29661
0.20810
0.37583
0.32470
0.27822
0.27201
0.26377
0.25448
0.35133
0.30326
0.26641
0.29271
0.33113
0.26098
0.27068
0.31560
0.28191
0.24041
0.24890
0.29454
0.31151
0.27501
0.23630
0.34383
0.27345
0.25929
0.35180
0.21234
0.28633
0.36169
0.27964
0.31684
0.31568
0.30019
0.23925
0.31106
0.33681
0.23438
0.29156
0.31699
0.27896
0.28557
0.30541
0.20718
0.31541
0.27029
0.28642
0.30672
0.27628
0.28018
0.20325
0.27985
0.36240
0.13847
0.28392
0.23128
0.22519
0.20916
0.35966
0.29609
0.30808
0.19459
0.35006
0.27229
0.25653
0.36233
0.28471
0.29924
0.30968
0.26169
0.28618
0.19844
0.37140
0.27979
0.24456
0.19562
0.32363
0.21755
0.23887
0.30000
0.26346
0.35235
0.31400
0.22504
0.33456
0.30778
0.21526
0.20685
0.30808
0.20049
0.21691
0.18251
0.31879
0.33091
0.26648
0.27857
0.25475
0.30210
0.20890
0.29676
0.29756
0.28428
0.23825
0.28160
0.30075
0.22561
0.19220
0.36010
0.27546
0.20342
0.35299
0.32184
0.28084
0.36680
0.29420
0.23183
0.28103
0.21206
0.29339
0.30534
0.28849
0.28911
0.26067
0.20043
0.33555
0.23803
0.30548
0.22322
0.29171
0.32169
0.27046
0.19843
0.25085
0.29100
0.21353
0.29879
0.20748
0.27029
0.25256
0.23731
0.24434
0.29040
0.32494
0.32156
0.26992
0.22488
0.33376
0.22622
0.20391
0.23892
0.28383
0.32940
0.16549
0.22267
0.28351
0.29078
0.23226
0.17836
0.24047
0.27150
0.24242
0.24935
0.26081
0.30290
0.19125
0.26622
0.26246
0.30694
0.20045
0.30661
0.30742
0.27127
0.36041
0.23044
0.32416
0.23518
0.36945
0.31542
0.26488
0.26697
0.30401
0.25630
0.22999
0.30804
0.31909
0.27161
0.26409
0.27739
0.34482
0.25788
0.29333
0.27296
0.33119
0.22987
0.29117
0.23915
0.29198
0.28371
0.28991
0.24398
0.25105
0.28369
0.31157
0.24123
0.33191
0.25129
0.28673
0.24854
0.27035
0.30316
0.19024
0.24864
0.32684
0.32023
0.27310
0.30456
0.32731
0.26855
0.28420
0.24888
0.29718
0.28952
0.27026
0.26453
0.20827
0.30477
0.30835
0.25198
0.26381
0.24184
0.34096
0.31940
0.22117
0.21406
0.28299
0.29464
0.29258
0.28039
0.27556
0.34179
0.36141
0.17017
0.26135
0.31748
0.28429
0.30135
0.30824
0.33211
0.22603
0.24227
0.21846
0.26781
0.28661
0.36616
0.32200
0.29418
0.30391
0.23002
0.24363
0.29499
0.25984
0.21499
0.32904
0.25270
0.25819
0.32054
0.29788
0.27788
0.24905
0.29449
0.28241
0.34896
0.33456
0.25832
0.27616
0.22144
0.32922
0.32050
0.15754
0.28870
0.21174
0.25212
0.30149
0.24574
0.28408
0.23196
0.27885
0.24427
0.26062
0.27078
0.33425
0.29102
0.26469
0.19937
0.29153
0.24492
0.24882
0.23175
0.32850
0.26247
0.33202
0.28013
0.27479
0.29965
0.26940
0.25256
0.27204
0.19559
0.34957
0.28528
0.33083
0.25913
0.31117
0.35957
0.27298
0.27004
0.31139
0.19979
0.21260
0.29126
0.27058
0.33118
0.28737
0.30238
0.32741
0.39510
0.29840
0.31646
0.25010
0.31617
0.26577
0.35466
0.27510
0.28310
0.33791
0.31556
0.29169
0.32955
0.39463
0.24787
0.27584
0.32558
0.26791
0.31265
0.31555
0.24080
0.25047
0.35352
0.22237
0.29255
0.30293
0.26713
0.27853
0.27663
0.27793
0.28560
0.27690
0.34200
0.28718
0.27124
0.30954
0.28986
0.29452
0.28746
0.29850
0.16565
0.34494
0.33870
0.36984
0.31220
0.32001
0.40843
0.40923
0.29423
0.19730
0.31567
0.41219
0.29724
0.19760
0.31532
0.34837
0.25611
0.25619
0.32224
0.25810
0.28029
0.25497
0.33862
0.35149
0.41058
0.30658
0.32013
0.27956
0.39994
0.31706
0.30093
0.30742
0.34211
0.27526
0.20102
0.30984
0.45228
0.23389
0.41067
0.40875
0.22599
0.29694
0.37221
0.32460
0.30126
0.26350
0.28870
0.26214
0.30212
0.31945
0.31390
0.31163
0.37746
0.28821
0.29532
0.24932
0.22222
0.27711
0.40144
0.25049
0.11744
0.34264
0.15642
0.19356
0.41501
0.16959
0.25994
0.21316
0.28098
0.25970
0.44496
0.19968
0.33807
0.40101
0.26332
0.21915
0.26963
0.28354
0.22984
0.36305
0.18820
0.36157
0.35569
0.27147
0.25406
0.25742
0.33082
0.30545
0.22031
0.34027
0.42221
0.33538
0.30827
0.37160
0.39181
0.23025
0.24475
0.29400
0.39642
0.17608
0.23539
0.23182
0.35858
0.30100
0.27056
0.27150
0.34781
0.37201
0.23639
0.29095
0.35475
0.31145
0.29267
0.26858
0.39406
0.30472
0.28064
0.29183
0.32268
0.34165
0.29603
0.30994
0.24235
0.32487
0.26687
0.24008
0.31423
0.30702
0.24974
0.30169
0.19498
0.31717
0.21259
0.04978
0.15792
0.18892
0.23711
0.31218
0.22858
0.27309
0.34636
0.19391
0.08730
0.22111
0.07411
0.31360
0.28381
0.18320
0.29422
0.06834
0.14771
0.18675
0.24550
0.14167
0.16326
0.20978
0.27754
0.22871
0.21561
0.25565
0.09667
0.34118
0.19631
0.07688
0.11728
0.11218
0.26934
0.17505
0.25922
0.21231
0.27421
0.14350
0.04335
0.14005
0.09951
0.26460
0.14847
0.16995
0.16058
0.30058
0.16790
0.29306
0.20459
0.04476
0.24905
0.07531
0.02354
0.21130
0.19177
0.28279
0.11613
0.08329
0.19652
0.19547
0.28557
0.24892
0.04761
0.04974
0.10305
0.18826
0.16354
0.25331
0.13355
0.28088
0.13752
0.14183
0.25061
0.29702
0.15423
0.18254
0.13273
0.04854
0.05457
0.16775
0.20236
0.22266
0.24776
0.28206
0.18710
0.34644
0.22529
0.22283
0.22561
0.21850
0.18598
0.08341
0.25854
0.17794
0.07892
0.22662
0.23915
0.31152
0.28075
0.05321
0.06122
0.20639
0.16892
0.21638
0.26665
0.10677
0.23980
0.24240
0.12331
0.20724
0.10718
0.03099
0.05887
0.09499
0.09603
0.13058
0.26589
0.28325
0.09974
0.10362
0.06763
0.10504
0.07606
0.27657
