0.20118
0.20390
0.16635
0.23851
0.11850
0.19807
0.22656
0.17598
0.18943
0.22835
0.24760
0.23738
0.20093
0.22041
0.16908
0.23422
0.18831
0.22451
0.18861
0.22648
0.29074
0.23225
0.22666
0.16700
0.26071
0.18158
0.22894
0.26542
0.15652
0.20800
0.21151
0.28124
0.23387
0.19479
0.16020
0.14556
0.20991
0.11916
0.26918
0.20312
0.30926
0.27606
0.23213
0.23688
0.28525
0.22702
0.19237
0.27618
0.23873
0.16538
0.22411
0.18619
0.21455
0.31210
0.18116
0.28330
0.24496
0.18406
0.21667
0.14691
0.24335
0.30804
0.19679
0.27450
0.29851
0.32044
0.17359
0.22435
0.23097
0.16348
0.23683
0.31516
0.33052
0.23400
0.26467
0.17126
0.20353
0.18913
0.24578
0.22601
0.32173
0.25719
0.33490
0.28322
0.24320
0.35343
0.21108
0.17441
0.22118
0.25977
0.34545
0.20984
0.18077
0.26633
0.13796
0.21156
0.20603
0.22802
0.22652
0.17764
0.22351
0.21941
0.25286
0.23061
0.23976
0.30639
0.19902
0.24184
0.19343
0.26821
0.14830
0.27194
0.17807
0.29692
0.25289
0.22074
0.26554
0.20469
0.21925
0.18831
0.26082
0.17332
0.27400
0.17495
0.15620
0.21845
0.31482
0.27718
0.16780
0.25569
0.13958
0.17800
0.30314
0.34612
0.23360
0.17979
0.09534
0.26359
0.26004
0.19451
0.20606
0.13727
0.30041
0.24553
0.24346
0.33756
0.19828
0.38043
0.26347
0.17715
0.26891
0.31630
0.19576
0.32423
0.31100
0.34155
0.21339
0.20100
0.25489
0.23053
0.29672
0.28976
0.29617
0.33466
0.20491
0.17195
0.28927
0.30772
0.17835
0.29266
0.14618
0.28731
0.25032
0.08078
0.17405
0.22870
0.14206
0.17570
0.21793
0.29041
0.17073
0.20858
0.25946
0.17414
0.17619
0.27494
0.24727
0.28066
0.25633
0.26540
0.22592
0.15164
0.16286
0.22570
0.25678
0.25707
0.23520
0.26083
0.20377
0.29068
0.27318
0.16965
0.18792
0.22762
0.11915
0.26543
0.17268
0.29746
0.27674
0.22566
0.23000
0.23662
0.17637
0.23465
0.25405
0.26611
0.25863
0.24418
0.22129
0.33485
0.18759
0.20790
0.25138
0.15623
0.18682
0.12681
0.15389
0.24699
0.23804
0.13232
0.27251
0.20592
0.30157
0.15216
0.16843
0.25438
0.20712
0.16394
0.24272
0.26399
0.16996
0.30549
0.17183
0.23600
0.23829
0.25121
0.21843
0.15821
0.24903
0.22889
0.22931
0.14784
0.18423
0.28084
0.20080
0.23655
0.20849
0.23448
0.18895
0.20509
0.23605
0.21676
0.24400
0.21117
0.19210
0.26216
0.27856
0.18120
0.23613
0.20038
0.18716
0.18945
0.16910
0.16402
0.37049
0.19295
0.12153
0.22384
0.20186
0.17690
0.22694
0.33577
0.21592
0.19356
0.29194
0.23001
0.21771
0.23320
0.27371
0.23911
0.17374
0.18389
0.25606
0.24216
0.19049
0.22707
0.22333
0.25266
0.23177
0.20678
0.32553
0.30566
0.27520
0.18779
0.22420
0.30593
0.32890
0.30904
0.15956
0.30177
0.20653
0.30581
0.23775
0.20628
0.17213
0.22269
0.20536
0.26634
0.25318
0.14027
0.20673
0.13703
0.28481
0.28071
0.28878
0.23899
0.23641
0.27199
0.18843
0.14089
0.33846
0.33351
0.36165
0.24159
0.32578
0.23821
0.25673
0.28861
0.27824
0.25478
0.19633
0.22679
0.17883
0.22360
0.11840
0.21496
0.24319
0.18269
0.26515
0.18000
0.22143
0.25126
0.28506
0.25099
0.28282
0.19508
0.31042
0.18845
0.21327
0.32811
0.18329
0.22675
0.18960
0.18864
0.20098
0.22218
0.26299
0.35435
0.23209
0.15830
0.28092
0.27057
0.23943
0.21081
0.17928
0.19405
0.16580
0.23018
0.24431
0.15390
0.30036
0.23506
0.19595
0.12248
0.16707
0.27400
0.19388
0.27947
0.32449
0.14442
0.26165
0.30918
0.27617
0.31522
0.27216
0.26722
0.33307
0.24815
0.23951
0.24591
0.21466
0.29846
0.18782
0.35797
0.29186
0.25492
0.24046
0.25531
0.25242
0.35492
0.29700
0.23988
0.30256
0.30985
0.23962
0.25017
0.26657
0.27151
0.25070
0.25443
0.28227
0.29766
0.24549
0.19949
0.32762
0.27373
0.23320
0.32015
0.20454
0.29743
0.33208
0.26771
0.27921
0.30167
0.26610
0.24910
0.27831
0.32555
0.22256
0.28924
0.31550
0.25326
0.26715
0.28925
0.20301
0.30353
0.24828
0.28311
0.30020
0.26586
0.25948
0.18915
0.26615
0.34328
0.15398
0.26400
0.19757
0.17048
0.20352
0.35735
0.29849
0.31248
0.18352
0.33334
0.26149
0.26924
0.34990
0.29819
0.29572
0.28589
0.23638
0.26995
0.19038
0.33423
0.27915
0.24414
0.19982
0.32951
0.21726
0.25266
0.28960
0.24761
0.33353
0.29638
0.20921
0.28675
0.31164
0.16165
0.18630
0.28176
0.19872
0.21069
0.17618
0.29525
0.31923
0.26094
0.25472
0.24953
0.30496
0.21510
0.29001
0.26971
0.27411
0.20982
0.28626
0.29146
0.22670
0.18620
0.32824
0.28373
0.20025
0.31391
0.29490
0.26218
0.36436
0.29246
0.22215
0.28870
0.18357
0.28911
0.30099
0.26298
0.27431
0.22912
0.18025
0.30143
0.24309
0.27033
0.20933
0.27416
0.31034
0.27644
0.18964
0.22065
0.29012
0.19030
0.26669
0.20531
0.25864
0.20926
0.25699
0.22972
0.30196
0.31038
0.31013
0.24947
0.22472
0.31263
0.19987
0.19726
0.18865
0.28354
0.30233
0.17959
0.20090
0.29140
0.25982
0.20123
0.17265
0.23946
0.26485
0.20451
0.24366
0.24429
0.30687
0.18203
0.25120
0.26436
0.26167
0.18571
0.27142
0.26899
0.24426
0.37207
0.20405
0.28994
0.22560
0.34504
0.28110
0.26095
0.27493
0.26654
0.24998
0.20686
0.27612
0.27478
0.26009
0.26876
0.26802
0.32384
0.22145
0.27148
0.24071
0.31066
0.21768
0.28778
0.20007
0.26437
0.28415
0.25966
0.20406
0.23545
0.24918
0.30009
0.21896
0.33316
0.22254
0.24230
0.28267
0.27785
0.28383
0.16731
0.23922
0.32039
0.30681
0.26506
0.27661
0.28300
0.27277
0.23538
0.24019
0.30525
0.29442
0.27577
0.25676
0.20039
0.30510
0.29491
0.23779
0.25951
0.23042
0.31696
0.27073
0.17259
0.20032
0.28569
0.28864
0.27810
0.25080
0.24564
0.32478
0.31621
0.15881
0.22499
0.30762
0.28057
0.26191
0.30500
0.32196
0.23521
0.21294
0.16974
0.24719
0.28144
0.34033
0.28196
0.27062
0.27763
0.23955
0.25124
0.27335
0.26935
0.18769
0.30411
0.21783
0.26135
0.30936
0.28264
0.23634
0.23493
0.25282
0.29083
0.32262
0.33922
0.25736
0.26341
0.21605
0.30360
0.31670
0.15733
0.27574
0.23334
0.24057
0.28383
0.25585
0.27291
0.23313
0.24304
0.21000
0.21994
0.23359
0.31105
0.26414
0.26666
0.19861
0.27164
0.23863
0.25029
0.17607
0.31128
0.28249
0.32460
0.26839
0.24395
0.27479
0.28112
0.23443
0.26112
0.19947
0.27677
0.25817
0.32360
0.27567
0.28999
0.32808
0.27163
0.26626
0.29081
0.16799
0.17348
0.27589
0.23424
0.30625
0.30567
0.27797
0.31223
0.36758
0.29262
0.31516
0.26724
0.27595
0.26834
0.33590
0.25928
0.27238
0.30320
0.28301
0.29745
0.31249
0.36001
0.23620
0.24588
0.32779
0.23569
0.31708
0.33212
0.24197
0.24706
0.32601
0.22011
0.26895
0.29236
0.25109
0.23174
0.24309
0.26747
0.27685
0.29482
0.31276
0.27735
0.23645
0.31385
0.26067
0.29855
0.27229
0.28137
0.15527
0.31543
0.32300
0.35386
0.32631
0.29803
0.39575
0.37675
0.27265
0.16973
0.30515
0.37314
0.26811
0.20008
0.29644
0.34044
0.26377
0.24979
0.30389
0.24661
0.27042
0.24076
0.31387
0.33729
0.38991
0.29636
0.31550
0.29668
0.39303
0.23873
0.24574
0.32521
0.30903
0.29471
0.17983
0.31264
0.43606
0.23152
0.39863
0.41079
0.21377
0.31707
0.33182
0.33049
0.29097
0.22776
0.30520
0.22124
0.28494
0.28996
0.28906
0.31945
0.37630
0.24667
0.28600
0.25005
0.19554
0.26168
0.38557
0.23169
0.11508
0.35393
0.20574
0.22643
0.39186
0.19398
0.29545
0.21455
0.30234
0.22212
0.44160
0.18325
0.34125
0.37629
0.23203
0.19603
0.26843
0.25515
0.22117
0.35420
0.18873
0.35768
0.35247
0.26996
0.22532
0.24754
0.34282
0.27583
0.20636
0.33379
0.41743
0.28451
0.28317
0.37059
0.37382
0.23553
0.25485
0.29052
0.40803
0.17671
0.24051
0.23063
0.35919
0.29635
0.25104
0.27171
0.33098
0.34648
0.22858
0.30942
0.34561
0.30378
0.30205
0.22955
0.36103
0.30679
0.25430
0.29689
0.30675
0.30330
0.25536
0.29840
0.23955
0.34461
0.23806
0.24223
0.32230
0.28215
0.24000
0.31191
0.18706
0.30353
0.20821
0.18677
0.20175
0.22022
0.26281
0.30702
0.19570
0.23694
0.34850
0.28112
0.22616
0.22820
0.17938
0.28076
0.25511
0.18345
0.24728
0.17131
0.21427
0.23728
0.26904
0.17567
0.23570
0.23107
0.27900
0.25483
0.19701
0.25720
0.14827
0.29642
0.25526
0.19982
0.14135
0.23269
0.27770
0.21263
0.25010
0.19033
0.29918
0.20870
0.22406
0.17422
0.15005
0.31417
0.20033
0.21960
0.23513
0.27827
0.17545
0.29956
0.22306
0.16663
0.28779
0.13404
0.14142
0.29944
0.16356
0.27750
0.20805
0.19628
0.19097
0.17223
0.28420
0.23933
0.12519
0.16948
0.14380
0.21263
0.17889
0.23706
0.22792
0.28717
0.23871
0.23257
0.25837
0.28801
0.20057
0.23873
0.22642
0.17589
0.13159
0.24062
0.20712
0.18475
0.23906
0.28103
0.20393
0.30712
0.27173
0.27363
0.21745
0.24797
0.23501
0.07782
0.25217
0.22351
0.18114
0.22045
0.24090
0.27383
0.28712
0.16651
0.10563
0.18307
0.23005
0.26445
0.27785
0.16570
0.18732
0.30876
0.22405
0.21971
0.18371
0.13679
0.17039
0.20203
0.19757
0.21207
0.23757
0.30639
0.13755
0.20736
0.13680
0.22399
0.22407
0.24382
