0.12135
0.11347
0.08778
0.23912
0.08953
0.14709
0.25878
0.14247
0.15561
0.09385
0.18937
0.14075
0.15317
0.13221
0.13116
0.21820
0.15716
0.14974
0.08070
0.12343
0.27682
0.12518
0.15961
0.11668
0.23592
0.13723
0.15882
0.23432
0.09641
0.19327
0.17615
0.26111
0.14801
0.10420
0.10009
0.09409
0.15888
0.08572
0.13711
0.15476
0.28232
0.28117
0.17534
0.15783
0.29267
0.22778
0.19094
0.24677
0.17698
0.16503
0.09546
0.17571
0.15751
0.26840
0.10659
0.24269
0.18081
0.15108
0.12661
0.11156
0.25450
0.28733
0.11664
0.23169
0.26664
0.32896
0.10137
0.18670
0.09513
0.08729
0.13693
0.30674
0.28852
0.18552
0.24453
0.11274
0.08235
0.05376
0.21222
0.18209
0.30937
0.14438
0.32348
0.27644
0.27286
0.33328
0.09252
0.09900
0.14809
0.25258
0.32198
0.16915
0.09742
0.26823
0.06386
0.15597
0.19047
0.21651
0.16843
0.18950
0.09820
0.18130
0.11940
0.11722
0.25424
0.26635
0.13538
0.17339
0.12846
0.26331
0.03367
0.25735
0.10529
0.17618
0.11096
0.20608
0.27150
0.07961
0.06513
0.21369
0.24278
0.11444
0.27253
0.02642
0.10895
0.18616
0.21706
0.26328
0.15204
0.26317
0.12487
0.10484
0.27892
0.36394
0.11452
0.16541
0.09571
0.27894
0.27516
0.08171
0.17783
0.05697
0.28868
0.20951
0.11194
0.21655
0.16072
0.34097
0.19103
0.09539
0.19824
0.24975
0.10202
0.31476
0.31062
0.33415
0.13422
0.24761
0.13302
0.23303
0.27994
0.24970
0.27257
0.30125
0.08668
0.14735
0.26288
0.26898
0.11020
0.22580
0.07112
0.25776
0.23533
0.06286
0.11035
0.22867
0.07889
0.06029
0.18221
0.26159
0.08848
0.11591
0.20496
0.11433
0.12084
0.21521
0.19705
0.26070
0.24935
0.18122
0.12452
0.04973
0.08159
0.14045
0.16396
0.19671
0.21392
0.15370
0.13684
0.26996
0.24298
0.13031
0.24210
0.15457
0.08148
0.18838
0.10251
0.18039
0.26293
0.08762
0.25935
0.24223
0.08648
0.23601
0.24736
0.21623
0.14069
0.24065
0.19484
0.35119
0.13106
0.16034
0.09910
0.10786
0.13396
0.05069
0.17375
0.20542
0.12578
0.12094
0.25445
0.11314
0.22770
0.11464
0.05312
0.24086
0.10513
0.06372
0.10482
0.23575
0.07569
0.27974
0.11062
0.12180
0.13035
0.20954
0.11512
0.04391
0.11531
0.13124
0.10037
0.12675
0.15062
0.28535
0.16194
0.15633
0.21238
0.11448
0.08272
0.13485
0.26412
0.15920
0.21822
0.23278
0.14685
0.25729
0.28760
0.10522
0.18008
0.14361
0.12068
0.14366
0.08333
0.06957
0.34971
0.21152
0.08453
0.23630
0.17725
0.05966
0.19658
0.35569
0.14953
0.10458
0.30925
0.12490
0.20085
0.18363
0.17769
0.13646
0.10551
0.09259
0.19402
0.21059
0.17194
0.10651
0.16284
0.10641
0.14830
0.16035
0.34015
0.21748
0.25742
0.12618
0.11233
0.29580
0.29434
0.33371
0.03881
0.28373
0.11802
0.27008
0.14967
0.12142
0.12037
0.09835
0.11199
0.15765
0.25393
0.10406
0.07751
0.11444
0.25490
0.13453
0.23977
0.17926
0.26185
0.23691
0.14997
0.11224
0.24755
0.30432
0.35748
0.20394
0.29589
0.23953
0.24353
0.29285
0.28896
0.29135
0.08700
0.08334
0.12053
0.21533
0.06782
0.04725
0.21577
0.11099
0.21246
0.13471
0.16977
0.12677
0.28703
0.27550
0.26163
0.20640
0.31601
0.14061
0.12745
0.32197
0.08958
0.24091
0.05043
0.09070
0.20750
0.07315
0.24176
0.33248
0.09181
0.08079
0.17665
0.26831
0.10977
0.07403
0.10464
0.10770
0.07726
0.10140
0.22614
0.09645
0.28724
0.17964
0.18821
0.08485
0.19278
0.29788
0.19866
0.27442
0.35653
0.20733
0.29345
0.31029
0.29336
0.30268
0.28970
0.25330
0.34441
0.25480
0.24015
0.24909
0.21948
0.29498
0.18567
0.37227
0.34113
0.26104
0.21845
0.23277
0.25843
0.33615
0.25555
0.24076
0.31550
0.33508
0.21772
0.22489
0.32355
0.27468
0.25362
0.24620
0.26917
0.31073
0.25070
0.21879
0.33977
0.27106
0.23198
0.33132
0.19473
0.28903
0.36116
0.26911
0.28209
0.28865
0.25904
0.21298
0.27479
0.34446
0.20296
0.24387
0.32931
0.25774
0.25924
0.27198
0.18887
0.29329
0.23288
0.28701
0.31327
0.29558
0.27627
0.15690
0.30147
0.39444
0.10293
0.27708
0.22293
0.20034
0.17948
0.35499
0.30921
0.32944
0.19272
0.36488
0.26387
0.27277
0.37521
0.30832
0.26354
0.28012
0.23766
0.27142
0.18540
0.34240
0.28733
0.23720
0.17200
0.32048
0.20783
0.23315
0.30008
0.24333
0.36286
0.33147
0.18798
0.34662
0.33989
0.15967
0.18029
0.29164
0.19285
0.18567
0.15500
0.30129
0.36841
0.28617
0.28341
0.24123
0.29636
0.20677
0.29413
0.27950
0.26206
0.21098
0.28382
0.27923
0.20236
0.16236
0.34359
0.29476
0.16631
0.32330
0.32936
0.25896
0.34215
0.31187
0.20930
0.26955
0.17204
0.29804
0.30327
0.27886
0.28824
0.26658
0.17527
0.30992
0.20137
0.28602
0.19116
0.25092
0.30824
0.29423
0.17498
0.23345
0.30316
0.18326
0.25752
0.18760
0.25555
0.23375
0.21936
0.21442
0.30725
0.31940
0.32404
0.25483
0.21228
0.32239
0.21631
0.20313
0.22037
0.30537
0.31780
0.15313
0.17023
0.27476
0.25839
0.21451
0.14766
0.22619
0.26603
0.19828
0.24749
0.27031
0.29787
0.17425
0.25198
0.27224
0.28809
0.16967
0.27891
0.28834
0.22793
0.36386
0.17619
0.32086
0.18371
0.35327
0.32653
0.27171
0.26951
0.26915
0.25575
0.19066
0.32248
0.28856
0.22975
0.28647
0.26404
0.35399
0.23920
0.28247
0.23783
0.34516
0.24734
0.26554
0.21981
0.27318
0.29209
0.27229
0.21996
0.24965
0.23042
0.29820
0.22509
0.29698
0.22093
0.23220
0.30836
0.29147
0.29635
0.15577
0.21321
0.31637
0.33399
0.24380
0.25414
0.27822
0.25826
0.23388
0.21620
0.30471
0.26094
0.25478
0.25413
0.16167
0.26566
0.31478
0.22313
0.25663
0.23929
0.34172
0.29852
0.18077
0.20847
0.29006
0.29851
0.30297
0.27813
0.26768
0.34892
0.35701
0.13825
0.22538
0.32696
0.26380
0.26723
0.31605
0.33270
0.23194
0.21789
0.20216
0.24771
0.27746
0.36410
0.28384
0.28632
0.28529
0.22983
0.23333
0.28184
0.28874
0.17372
0.34171
0.21449
0.24110
0.35948
0.30105
0.25540
0.24110
0.26898
0.30388
0.31162
0.35392
0.25938
0.27631
0.18811
0.30831
0.31553
0.13111
0.27391
0.20548
0.24187
0.27599
0.22359
0.26350
0.24272
0.24681
0.21278
0.21839
0.25929
0.34573
0.27838
0.25696
0.20037
0.28812
0.24864
0.22437
0.22043
0.34381
0.30301
0.30656
0.27172
0.24733
0.26926
0.22723
0.25935
0.27937
0.17391
0.33055
0.24526
0.34103
0.26405
0.31231
0.36606
0.28149
0.25562
0.28663
0.18924
0.21172
0.27742
0.22087
0.30876
0.30753
0.29047
0.30401
0.38875
0.32057
0.31859
0.27975
0.31351
0.30289
0.36219
0.25709
0.26811
0.33982
0.32809
0.27423
0.33348
0.39726
0.20306
0.24651
0.31105
0.27078
0.31661
0.34573
0.25307
0.26144
0.34199
0.23824
0.25967
0.31807
0.26179
0.24979
0.25172
0.25585
0.30879
0.26725
0.33211
0.29381
0.24417
0.29261
0.28018
0.29469
0.24629
0.29243
0.10177
0.29935
0.34906
0.35164
0.30416
0.28997
0.38389
0.40077
0.26243
0.20312
0.29447
0.37903
0.28110
0.19432
0.31270
0.32755
0.24480
0.25207
0.31103
0.26228
0.26336
0.21566
0.34194
0.34717
0.40655
0.29366
0.28391
0.27438
0.39498
0.28185
0.28702
0.29572
0.36682
0.27612
0.17356
0.31199
0.44087
0.22750
0.40549
0.40282
0.19138
0.28526
0.34128
0.32933
0.29337
0.25735
0.26837
0.22771
0.28598
0.26461
0.29142
0.30785
0.38313
0.28683
0.27365
0.20535
0.17265
0.22699
0.38496
0.22557
0.11766
0.32922
0.15750
0.17566
0.40111
0.18981
0.26528
0.20553
0.26810
0.23644
0.46023
0.18620
0.31826
0.39522
0.22482
0.26432
0.25277
0.27026
0.21045
0.35297
0.17731
0.36575
0.33075
0.25049
0.24673
0.21231
0.34397
0.25125
0.18667
0.35391
0.39735
0.32329
0.27370
0.37232
0.36795
0.19356
0.25939
0.27615
0.39428
0.19322
0.21166
0.23742
0.37056
0.26614
0.26335
0.26727
0.33023
0.35800
0.22956
0.29705
0.34423
0.29855
0.28047
0.23322
0.39365
0.30013
0.26754
0.25983
0.30991
0.33294
0.25518
0.31598
0.24611
0.33299
0.24777
0.27267
0.29144
0.31381
0.26311
0.27710
0.21299
0.30660
0.19521
0.07166
0.13289
0.22080
0.17890
0.26235
0.23471
0.24847
0.30170
0.19482
0.02852
0.20730
0.07859
0.29198
0.26852
0.19447
0.29601
0.05600
0.15135
0.21789
0.24618
0.12144
0.12956
0.22086
0.26847
0.19601
0.20257
0.25925
0.01700
0.29747
0.21607
0.03615
0.11019
0.08254
0.31636
0.18626
0.22628
0.22793
0.28334
0.04281
0.06718
0.07906
0.09652
0.30681
0.12113
0.17722
0.19745
0.28633
0.14813
0.29974
0.23635
0.09683
0.22462
0.05120
0.07063
0.26481
0.17924
0.26443
0.05492
0.06232
0.20390
0.19913
0.29714
0.26812
0.01623
0.08964
0.14400
0.19799
0.22630
0.18725
0.11496
0.29730
0.18217
0.16978
0.24320
0.29633
0.12583
0.16381
0.11682
0.06360
0.06543
0.11431
0.11278
0.17271
0.23354
0.29872
0.19939
0.33807
0.24496
0.21593
0.16897
0.22463
0.20236
0.02867
0.29623
0.13163
0.04021
0.23518
0.22959
0.28474
0.22530
0.04911
0.03866
0.14138
0.16227
0.19180
0.28814
0.09563
0.19150
0.24738
0.20265
0.18645
0.12460
0.02939
0.04163
0.18629
0.04897
0.03897
0.26468
0.29700
0.09960
0.09737
0.01926
0.07783
0.07065
0.28347
