0.11826
0.10330
0.06595
0.26326
0.11075
0.13116
0.23171
0.15933
0.16531
0.08043
0.18310
0.14938
0.14196
0.11539
0.11604
0.22825
0.16644
0.14539
0.07060
0.15067
0.30836
0.16323
0.16575
0.03232
0.26002
0.15111
0.14924
0.23377
0.08350
0.15217
0.18183
0.25189
0.14046
0.11143
0.11863
0.09175
0.17003
0.08789
0.12171
0.14699
0.26843
0.25151
0.10095
0.15850
0.28067
0.20287
0.18830
0.21826
0.18821
0.15178
0.09617
0.16578
0.14425
0.26037
0.09583
0.22397
0.18153
0.14528
0.15259
0.08586
0.27348
0.28098
0.12095
0.22930
0.27102
0.31665
0.04270
0.16791
0.10643
0.06031
0.15322
0.32066
0.27234
0.19374
0.23035
0.14817
0.09019
0.08481
0.20155
0.16978
0.31891
0.20033
0.35152
0.28394
0.23820
0.33132
0.09865
0.12654
0.14944
0.27465
0.32937
0.18391
0.09853
0.19482
0.06614
0.18271
0.22766
0.19768
0.22644
0.15556
0.09685
0.17935
0.10942
0.11419
0.23018
0.31009
0.16005
0.18100
0.13480
0.26897
0.04947
0.26582
0.12154
0.26411
0.11387
0.16355
0.27857
0.07020
0.07210
0.20498
0.20851
0.11516
0.26438
0.03169
0.09841
0.12819
0.26560
0.25509
0.13306
0.22197
0.11776
0.14962
0.26955
0.34125
0.09781
0.12641
0.08337
0.27079
0.25749
0.05702
0.14130
0.08811
0.32799
0.22239
0.13485
0.22968
0.11789
0.35362
0.15553
0.09586
0.16548
0.27797
0.11645
0.30850
0.32693
0.32015
0.12016
0.16645
0.14819
0.19471
0.26688
0.25996
0.23448
0.34998
0.09058
0.13793
0.28238
0.23288
0.09015
0.21423
0.05220
0.23655
0.18237
0.03592
0.12019
0.22379
0.11748
0.11614
0.19630
0.26527
0.09769
0.09867
0.22895
0.16733
0.07361
0.19435
0.23207
0.28376
0.25883
0.16222
0.09107
0.06905
0.06035
0.16889
0.14285
0.22739
0.20708
0.15843
0.10893
0.24171
0.21426
0.08234
0.23236
0.15270
0.05199
0.17923
0.13075
0.18251
0.25255
0.08508
0.25344
0.24970
0.12490
0.25385
0.27344
0.20742
0.11755
0.21957
0.21319
0.33521
0.13391
0.20788
0.06943
0.09541
0.07855
0.07044
0.19616
0.17216
0.18295
0.11084
0.20581
0.13621
0.24523
0.12250
0.06505
0.26504
0.11348
0.08855
0.10722
0.28119
0.10146
0.29993
0.11108
0.10549
0.18686
0.21715
0.11482
0.06801
0.11637
0.12162
0.11075
0.15126
0.12696
0.26101
0.14694
0.19066
0.18068
0.10837
0.08313
0.13624
0.23803
0.16471
0.20712
0.15156
0.15731
0.27783
0.28315
0.09247
0.17049
0.09885
0.12940
0.12482
0.08012
0.05128
0.36131
0.16859
0.05187
0.16795
0.17014
0.11131
0.14299
0.33267
0.13563
0.07945
0.29872
0.13470
0.19099
0.16856
0.17794
0.16175
0.11919
0.10665
0.18500
0.24377
0.18552
0.09995
0.14848
0.16703
0.20024
0.15933
0.32715
0.23022
0.27751
0.19668
0.15840
0.29494
0.29435
0.34088
0.03796
0.26610
0.14684
0.24017
0.16018
0.10173
0.13188
0.11142
0.10308
0.15207
0.17844
0.08807
0.08167
0.06103
0.27581
0.18831
0.23737
0.21490
0.23182
0.20541
0.14606
0.08334
0.24598
0.28457
0.34308
0.22097
0.33296
0.19617
0.25318
0.29078
0.25601
0.28461
0.08476
0.08910
0.16141
0.24676
0.05417
0.06578
0.18970
0.15891
0.22377
0.11719
0.17183
0.10718
0.28076
0.24219
0.22030
0.23804
0.31625
0.15865
0.10800
0.31679
0.10988
0.23347
0.11745
0.08893
0.19070
0.08178
0.24269
0.33143
0.07339
0.08338
0.12638
0.22722
0.11303
0.06479
0.08438
0.07765
0.06039
0.08607
0.20948
0.08677
0.29721
0.14775
0.15694
0.12667
0.20364
0.30717
0.20550
0.27477
0.37978
0.18173
0.30746
0.30572
0.31834
0.33616
0.28308
0.25633
0.38091
0.24501
0.23060
0.25658
0.20548
0.30916
0.19384
0.40533
0.33380
0.26519
0.24972
0.25521
0.25820
0.35697
0.31171
0.23919
0.31813
0.35040
0.22568
0.27304
0.34440
0.26608
0.25678
0.25077
0.27648
0.32856
0.25340
0.22891
0.36700
0.26439
0.22311
0.31346
0.22298
0.30948
0.38216
0.29672
0.29643
0.31933
0.28095
0.20578
0.31031
0.34062
0.23727
0.30015
0.33938
0.23904
0.31247
0.30565
0.21680
0.33198
0.26133
0.29669
0.33668
0.31025
0.29178
0.17339
0.29275
0.38012
0.14453
0.28114
0.20776
0.20447
0.22092
0.37558
0.31806
0.34532
0.17854
0.36613
0.28099
0.28405
0.40154
0.32904
0.32014
0.29549
0.25524
0.28073
0.20528
0.39791
0.30538
0.24975
0.18058
0.31783
0.23441
0.26512
0.29706
0.27177
0.37914
0.32952
0.20316
0.34611
0.31388
0.18138
0.19365
0.29150
0.20694
0.20338
0.15622
0.29230
0.35817
0.27204
0.27448
0.25716
0.31717
0.22168
0.31500
0.26246
0.29668
0.20034
0.29626
0.31167
0.22281
0.20602
0.35357
0.29763
0.18191
0.32122
0.33061
0.25533
0.36249
0.33177
0.24362
0.28493
0.19026
0.30549
0.31173
0.30815
0.28144
0.24652
0.16599
0.32802
0.23286
0.29152
0.22404
0.27653
0.32231
0.29949
0.20944
0.25610
0.30027
0.22091
0.30374
0.20228
0.25082
0.26024
0.24843
0.21590
0.30947
0.33089
0.33790
0.25045
0.22819
0.34823
0.21693
0.19509
0.22416
0.29550
0.30044
0.16458
0.19505
0.30521
0.30336
0.19803
0.15929
0.23556
0.27992
0.22462
0.26033
0.26586
0.32818
0.18652
0.19828
0.27533
0.29270
0.18875
0.28775
0.27920
0.26832
0.37455
0.21057
0.29544
0.22631
0.39455
0.32577
0.28199
0.26321
0.28830
0.28874
0.21038
0.30945
0.27347
0.25425
0.29718
0.28666
0.36356
0.23818
0.30014
0.22396
0.36535
0.25616
0.26890
0.23683
0.26525
0.28530
0.28507
0.22182
0.23568
0.23520
0.30492
0.23118
0.32143
0.23539
0.26623
0.30314
0.30491
0.29723
0.15225
0.23708
0.35312
0.34722
0.25242
0.29724
0.30183
0.25928
0.25709
0.24736
0.31965
0.28941
0.27395
0.25734
0.18559
0.30556
0.33143
0.27185
0.25864
0.26092
0.34976
0.29347
0.21395
0.20998
0.30321
0.28446
0.32480
0.25856
0.26058
0.37772
0.37103
0.15350
0.23603
0.34922
0.29226
0.29017
0.30498
0.35336
0.24694
0.21627
0.20207
0.28843
0.29498
0.38531
0.29325
0.31075
0.27391
0.23298
0.25178
0.30965
0.28365
0.18747
0.34148
0.21556
0.26016
0.36147
0.31716
0.26697
0.22535
0.24998
0.31007
0.34666
0.36825
0.26125
0.29414
0.20606
0.32171
0.31852
0.13722
0.26595
0.19598
0.24813
0.29695
0.26114
0.27173
0.23206
0.26123
0.22034
0.22203
0.23450
0.36175
0.26656
0.28571
0.20811
0.31415
0.25348
0.23358
0.22303
0.32887
0.28937
0.35028
0.25603
0.24030
0.31299
0.26082
0.25085
0.28360
0.17537
0.34326
0.25222
0.34575
0.26677
0.29218
0.35225
0.27564
0.26721
0.29818
0.18485
0.20456
0.29873
0.21895
0.30676
0.32906
0.26948
0.31814
0.41257
0.33323
0.35382
0.27852
0.31025
0.29608
0.37875
0.26545
0.28492
0.34559
0.34666
0.31344
0.33991
0.42389
0.24418
0.27350
0.31132
0.24757
0.32812
0.33250
0.24747
0.22854
0.36299
0.24068
0.30495
0.33962
0.26121
0.24612
0.25539
0.26008
0.27817
0.31463
0.31210
0.31331
0.26541
0.29211
0.28910
0.30943
0.30732
0.26378
0.14896
0.35529
0.30936
0.34453
0.32756
0.29393
0.39194
0.38421
0.28469
0.17082
0.32087
0.36811
0.28946
0.20851
0.31205
0.33752
0.23998
0.24977
0.31864
0.25069
0.28912
0.26907
0.33056
0.35993
0.42424
0.31334
0.30973
0.26357
0.40013
0.28318
0.30048
0.28685
0.33042
0.28247
0.20536
0.33090
0.45389
0.24565
0.40286
0.42977
0.23335
0.28980
0.36187
0.31071
0.31229
0.25513
0.28614
0.18024
0.30547
0.29667
0.29803
0.28620
0.37233
0.28864
0.28086
0.24942
0.20021
0.27261
0.37612
0.23020
0.11981
0.35798
0.15584
0.19543
0.38934
0.15094
0.25379
0.20442
0.28487
0.23777
0.45951
0.19139
0.34390
0.38194
0.22208
0.23164
0.23496
0.25620
0.17802
0.37001
0.19647
0.37455
0.34195
0.25254
0.24417
0.23470
0.32603
0.25327
0.19874
0.33130
0.42538
0.30730
0.29176
0.33996
0.35559
0.23012
0.26508
0.28682
0.39777
0.18666
0.20573
0.24077
0.34994
0.28424
0.26184
0.29131
0.32293
0.36230
0.22816
0.30112
0.33699
0.32457
0.30051
0.24914
0.39281
0.32765
0.25879
0.29865
0.29815
0.35102
0.27565
0.31023
0.24315
0.35237
0.26002
0.24498
0.31720
0.28169
0.24049
0.29730
0.21287
0.31582
0.22126
0.06086
0.18850
0.18542
0.27399
0.28366
0.21937
0.24595
0.30721
0.17386
0.04999
0.19306
0.02950
0.27416
0.26588
0.21344
0.27556
0.07464
0.15752
0.20883
0.16273
0.07357
0.11823
0.24994
0.27449
0.24650
0.20224
0.25182
0.02050
0.28271
0.22957
0.07149
0.12314
0.14187
0.28509
0.14141
0.22678
0.18796
0.26592
0.07099
0.06146
0.05924
0.09209
0.25673
0.13188
0.17856
0.18942
0.29378
0.16679
0.27307
0.20993
0.02089
0.25890
0.05529
0.05242
0.16827
0.18016
0.27239
0.03000
0.04586
0.20113
0.18140
0.23387
0.26190
0.01566
0.06293
0.19775
0.20312
0.23837
0.22212
0.11543
0.25809
0.13059
0.09538
0.27119
0.24915
0.09119
0.09494
0.14718
0.04975
0.06729
0.24340
0.11290
0.19813
0.23126
0.26870
0.20595
0.32613
0.27632
0.25863
0.18003
0.14979
0.22556
0.04184
0.25276
0.13065
0.03681
0.20360
0.25060
0.26522
0.26297
0.05327
0.07112
0.14422
0.18548
0.26065
0.30694
0.11509
0.22901
0.29966
0.17241
0.22332
0.09406
0.02557
0.02804
0.21704
0.05742
0.05442
0.28985
0.25165
0.12067
0.09344
0.01822
0.12096
0.04483
0.29773
