0.10729
0.12486
0.04725
0.23934
0.13910
0.14332
0.28202
0.16909
0.20916
0.08925
0.19442
0.12966
0.18016
0.11496
0.16871
0.22498
0.11856
0.17771
0.09041
0.17174
0.29650
0.14612
0.21106
0.05318
0.22460
0.17552
0.14653
0.20609
0.11233
0.18032
0.21182
0.28418
0.14295
0.10245
0.10962
0.11114
0.12714
0.13912
0.11857
0.18947
0.29403
0.28260
0.11252
0.13913
0.30492
0.19749
0.18734
0.27425
0.21484
0.17214
0.09769
0.15537
0.13763
0.29352
0.09194
0.23815
0.24160
0.16176
0.14270
0.09372
0.26139
0.28409
0.16965
0.20750
0.29501
0.30484
0.04695
0.16781
0.13068
0.04072
0.13726
0.29932
0.32752
0.16256
0.26098
0.15943
0.07492
0.04164
0.22372
0.16073
0.31540
0.16715
0.32485
0.26634
0.30093
0.32646
0.09897
0.09063
0.17991
0.27956
0.32762
0.19732
0.08462
0.27216
0.09545
0.17090
0.24268
0.21413
0.20279
0.19847
0.09727
0.18953
0.11218
0.09834
0.23736
0.27341
0.21536
0.15356
0.15446
0.29921
0.05475
0.28429
0.11846
0.23909
0.10236
0.20496
0.27910
0.08523
0.08035
0.17180
0.23630
0.08181
0.28175
0.03378
0.13383
0.18292
0.31762
0.28444
0.19462
0.26285
0.14585
0.13796
0.32856
0.34471
0.10380
0.17636
0.10617
0.28326
0.23891
0.06719
0.18644
0.04803
0.29684
0.18195
0.17776
0.29176
0.11179
0.36002
0.18111
0.08911
0.16093
0.25399
0.10962
0.33160
0.30466
0.34337
0.15506
0.21148
0.17799
0.21275
0.31585
0.29140
0.26877
0.32594
0.08346
0.16111
0.28732
0.25298
0.11331
0.27531
0.07505
0.24321
0.24813
0.08747
0.15529
0.18514
0.09827
0.06876
0.23012
0.26946
0.08774
0.10837
0.21588
0.16995
0.12776
0.19687
0.23798
0.26112
0.26409
0.25502
0.17181
0.08737
0.09545
0.19274
0.17557
0.25785
0.17911
0.22422
0.11437
0.29127
0.22845
0.08563
0.23753
0.13321
0.05765
0.27052
0.11668
0.20256
0.26689
0.10225
0.26676
0.26115
0.13652
0.27365
0.29245
0.20698
0.12125
0.27298
0.22863
0.34858
0.13275
0.20767
0.14160
0.10645
0.10364
0.04150
0.16311
0.17184
0.23007
0.11659
0.24391
0.12929
0.28021
0.15916
0.08622
0.30351
0.10383
0.04994
0.10547
0.28694
0.09194
0.29673
0.12171
0.12497
0.13950
0.20459
0.10951
0.06842
0.13147
0.11704
0.09700
0.12870
0.15415
0.28175
0.12760
0.14519
0.22350
0.13097
0.05269
0.12669
0.21777
0.17783
0.24190
0.14781
0.19462
0.26880
0.29848
0.09655
0.24756
0.09860
0.14110
0.12233
0.10006
0.05709
0.37475
0.21515
0.13696
0.20551
0.18407
0.05832
0.12840
0.33053
0.14991
0.09128
0.30823
0.11367
0.20605
0.20707
0.21881
0.15382
0.09432
0.09952
0.25492
0.21172
0.23094
0.10398
0.18394
0.18439
0.18189
0.16441
0.29257
0.30986
0.28525
0.17134
0.12452
0.28175
0.33437
0.33229
0.05169
0.25533
0.14982
0.27930
0.15399
0.12337
0.21887
0.13972
0.13410
0.15715
0.24862
0.10915
0.12035
0.05932
0.27335
0.17485
0.26685
0.20109
0.22280
0.24218
0.19004
0.10541
0.23676
0.25410
0.36681
0.28210
0.33290
0.22102
0.24493
0.28997
0.26421
0.26587
0.08752
0.07735
0.15101
0.21984
0.06397
0.08468
0.22496
0.17472
0.23864
0.13171
0.19663
0.15530
0.25784
0.26883
0.27097
0.23844
0.31301
0.17157
0.13464
0.32505
0.08408
0.25612
0.06784
0.09813
0.24919
0.05959
0.26191
0.31154
0.06982
0.07426
0.13903
0.24528
0.11607
0.05506
0.06589
0.08898
0.10468
0.14838
0.19140
0.13247
0.27036
0.21032
0.26828
0.09274
0.19286
0.28933
0.21958
0.24928
0.35180
0.17426
0.29204
0.29866
0.27636
0.29777
0.28911
0.24420
0.35506
0.22931
0.24125
0.25316
0.22453
0.27496
0.20038
0.37159
0.31775
0.26003
0.23331
0.25233
0.26530
0.35411
0.26044
0.23492
0.31607
0.34512
0.24357
0.25073
0.33152
0.28108
0.25573
0.27139
0.29131
0.30894
0.25440
0.21761
0.34967
0.25513
0.22454
0.31776
0.16618
0.31553
0.35219
0.30625
0.28198
0.29290
0.28185
0.23729
0.27032
0.34738
0.19816
0.26659
0.31603
0.24199
0.28373
0.30286
0.19634
0.27199
0.27226
0.28523
0.31338
0.28893
0.23662
0.19294
0.29924
0.37619
0.12779
0.28234
0.21158
0.19863
0.20686
0.36799
0.30530
0.33150
0.17658
0.36003
0.27719
0.28629
0.37850
0.30999
0.26445
0.29457
0.24574
0.28024
0.19361
0.36938
0.27382
0.21912
0.18663
0.32010
0.21184
0.26640
0.29204
0.27345
0.35613
0.32793
0.22795
0.32544
0.32262
0.16404
0.19757
0.26207
0.20424
0.20876
0.16226
0.28020
0.34065
0.25550
0.25627
0.24538
0.27674
0.22705
0.28698
0.27298
0.25125
0.21620
0.28726
0.28298
0.24192
0.19991
0.34881
0.29918
0.20392
0.29195
0.31648
0.24476
0.35963
0.30474
0.24280
0.29402
0.23753
0.28609
0.30572
0.25923
0.26169
0.22365
0.17240
0.31407
0.23418
0.28560
0.23964
0.27870
0.30905
0.29729
0.21178
0.22153
0.29358
0.21322
0.26521
0.20246
0.22243
0.19328
0.23057
0.21229
0.31100
0.32618
0.31879
0.21652
0.21055
0.32258
0.21600
0.22609
0.23569
0.29252
0.30011
0.18790
0.19011
0.28854
0.27602
0.23401
0.16999
0.24020
0.26546
0.22256
0.23030
0.26515
0.30291
0.19443
0.24550
0.27494
0.28613
0.20102
0.26675
0.27136
0.26685
0.37937
0.20884
0.28844
0.23091
0.37105
0.31410
0.24311
0.28325
0.27004
0.26802
0.22373
0.30341
0.29143
0.24375
0.28185
0.28088
0.33271
0.25933
0.28434
0.23612
0.33851
0.23110
0.29651
0.21634
0.24975
0.28918
0.27323
0.23511
0.25523
0.25517
0.31428
0.20106
0.29590
0.25208
0.24545
0.29312
0.28676
0.30127
0.16801
0.22925
0.32694
0.32732
0.25278
0.27619
0.30169
0.24053
0.22438
0.21960
0.30513
0.28296
0.24447
0.25325
0.17641
0.26731
0.31685
0.25656
0.24278
0.21908
0.33205
0.26881
0.21774
0.20937
0.28156
0.29963
0.28324
0.25696
0.24210
0.34636
0.35460
0.17240
0.24224
0.31351
0.23629
0.26671
0.29436
0.33523
0.23489
0.20273
0.17427
0.26889
0.24276
0.36574
0.27827
0.28683
0.26286
0.24061
0.26487
0.28814
0.28190
0.18341
0.32463
0.22105
0.24790
0.33046
0.29478
0.24188
0.25045
0.26065
0.29669
0.30854
0.34184
0.25923
0.27212
0.21126
0.25691
0.31570
0.13235
0.26017
0.15845
0.25187
0.26469
0.23657
0.26557
0.25411
0.22750
0.22578
0.25719
0.23993
0.33779
0.25901
0.26143
0.20841
0.30967
0.25810
0.25452
0.23191
0.30306
0.29228
0.33833
0.25623
0.23136
0.28471
0.27208
0.21516
0.27211
0.18594
0.31798
0.27462
0.31375
0.28561
0.29838
0.35165
0.28776
0.23916
0.29512
0.16847
0.17843
0.29164
0.23512
0.28504
0.30820
0.25188
0.29761
0.38226
0.30810
0.32835
0.27831
0.29629
0.30441
0.35481
0.22888
0.28396
0.33183
0.32414
0.28698
0.33681
0.38829
0.22861
0.26041
0.33541
0.21936
0.32320
0.33388
0.25258
0.24949
0.34082
0.24276
0.28403
0.31528
0.28570
0.25251
0.26013
0.22710
0.27585
0.29138
0.28926
0.29372
0.23645
0.27777
0.27614
0.28746
0.27917
0.27935
0.14419
0.32928
0.33696
0.34699
0.30603
0.31019
0.39512
0.37663
0.27293
0.19524
0.28655
0.38370
0.29021
0.15336
0.30404
0.34420
0.24830
0.25926
0.31964
0.24234
0.26740
0.21374
0.31128
0.35182
0.40141
0.29029
0.30731
0.28193
0.36965
0.27716
0.29920
0.27866
0.36375
0.28093
0.17647
0.30195
0.43679
0.26649
0.37870
0.42222
0.20523
0.28649
0.33614
0.27722
0.29264
0.23521
0.29715
0.19448
0.28574
0.29893
0.31140
0.30294
0.34589
0.27503
0.29050
0.27430
0.22714
0.25866
0.36979
0.19668
0.14556
0.31773
0.16243
0.16751
0.39795
0.16818
0.22415
0.22977
0.28008
0.22823
0.45089
0.19822
0.31016
0.36777
0.23811
0.21009
0.25245
0.23095
0.18416
0.34860
0.18644
0.36400
0.33503
0.26917
0.23355
0.23194
0.34240
0.25281
0.22326
0.34616
0.42985
0.29235
0.29285
0.34806
0.35912
0.21394
0.27661
0.29649
0.39419
0.18739
0.22795
0.22561
0.35792
0.28669
0.23762
0.25965
0.30129
0.34470
0.24581
0.29658
0.31657
0.27455
0.28269
0.25759
0.36561
0.28400
0.24205
0.26783
0.29184
0.32930
0.25769
0.28063
0.24080
0.34294
0.25899
0.25533
0.29388
0.27941
0.24804
0.26751
0.16973
0.32706
0.24984
0.03758
0.18790
0.22749
0.10318
0.28419
0.23714
0.24935
0.34120
0.25606
0.06917
0.17985
0.04529
0.30425
0.24139
0.15831
0.28094
0.13930
0.16945
0.20102
0.26276
0.09756
0.12131
0.18505
0.27342
0.20621
0.20920
0.26360
0.08839
0.33531
0.24326
0.10757
0.12394
0.13617
0.27306
0.10756
0.24209
0.19930
0.30926
0.09177
0.03722
0.12708
0.08236
0.27310
0.20037
0.16507
0.24653
0.29690
0.16173
0.28648
0.21311
0.09590
0.27409
0.11639
0.05059
0.29791
0.19624
0.23137
0.07800
0.06173
0.21249
0.19973
0.28608
0.24656
0.03215
0.08122
0.19440
0.21108
0.24209
0.27323
0.12873
0.26269
0.16869
0.12612
0.26975
0.29797
0.09112
0.21004
0.12793
0.07492
0.06347
0.25338
0.12144
0.18215
0.27171
0.25203
0.19919
0.34444
0.25508
0.30701
0.20469
0.23313
0.18476
0.05294
0.23949
0.13980
0.09176
0.21028
0.24184
0.30266
0.23759
0.03494
0.12231
0.15636
0.22690
0.21539
0.28618
0.11933
0.24156
0.32370
0.09539
0.23440
0.15543
0.05581
0.04468
0.14597
0.07897
0.07998
0.26262
0.28408
0.08330
0.13797
0.04161
0.10539
0.09318
0.26661
