0.10790
0.11609
0.08071
0.21252
0.11757
0.13501
0.24658
0.15647
0.15358
0.07731
0.21348
0.14771
0.21057
0.12852
0.15900
0.23171
0.14264
0.15336
0.11938
0.16307
0.30552
0.15702
0.19029
0.09499
0.25742
0.16036
0.10503
0.23252
0.10471
0.17462
0.17509
0.27092
0.13629
0.13436
0.05690
0.09643
0.12355
0.09162
0.10688
0.16949
0.27824
0.27800
0.12232
0.13226
0.29159
0.18241
0.20354
0.23575
0.19755
0.14363
0.09136
0.16694
0.17166
0.27198
0.09924
0.20228
0.20289
0.13962
0.19223
0.10495
0.28260
0.29913
0.12693
0.20610
0.26679
0.33775
0.04941
0.16484
0.10929
0.08196
0.11873
0.32377
0.30190
0.15701
0.27370
0.15689
0.06556
0.06717
0.21689
0.16029
0.33794
0.18526
0.34015
0.29146
0.26625
0.33408
0.09216
0.08753
0.14230
0.29780
0.35552
0.19908
0.09435
0.26546
0.09583
0.14724
0.19829
0.21181
0.18155
0.18242
0.10073
0.17915
0.11300
0.13497
0.23953
0.29588
0.13740
0.16496
0.19349
0.29273
0.03165
0.27723
0.14789
0.24261
0.10019
0.19535
0.26853
0.06938
0.07228
0.21867
0.23060
0.10615
0.26718
0.02358
0.12247
0.13466
0.28099
0.24610
0.18963
0.26938
0.12551
0.13980
0.30507
0.32267
0.11942
0.15875
0.07559
0.30492
0.23919
0.08131
0.16323
0.04236
0.31005
0.13906
0.13364
0.25441
0.10187
0.39338
0.19713
0.08763
0.14201
0.29812
0.10401
0.32865
0.32951
0.34017
0.12127
0.19869
0.13369
0.25021
0.23905
0.27510
0.26176
0.31120
0.09491
0.15108
0.27300
0.27546
0.09004
0.22733
0.07975
0.24503
0.23948
0.05472
0.14254
0.19235
0.11543
0.11163
0.18293
0.26271
0.10002
0.11153
0.20115
0.18375
0.15339
0.13024
0.23932
0.26292
0.26172
0.21074
0.14440
0.07525
0.09245
0.18819
0.13718
0.26214
0.19879
0.18144
0.07730
0.28570
0.22355
0.09207
0.22888
0.17097
0.09123
0.21724
0.09352
0.22353
0.26024
0.10379
0.22255
0.24658
0.09044
0.25789
0.28473
0.23716
0.13577
0.27365
0.26635
0.35847
0.13731
0.19101
0.12356
0.09773
0.10601
0.05235
0.18927
0.19416
0.16973
0.08208
0.20731
0.08582
0.26918
0.13790
0.05097
0.26557
0.10866
0.06809
0.10456
0.25596
0.11170
0.30336
0.11767
0.10725
0.13350
0.24449
0.10612
0.10032
0.12573
0.10231
0.10899
0.12454
0.11690
0.27376
0.13886
0.15991
0.18202
0.10559
0.09125
0.12833
0.20804
0.18542
0.24594
0.20624
0.20005
0.25044
0.27144
0.12127
0.19051
0.06811
0.14149
0.12001
0.07297
0.05197
0.35430
0.21149
0.07708
0.20882
0.17328
0.05353
0.18589
0.34913
0.14626
0.11857
0.31673
0.14618
0.19762
0.18729
0.15949
0.12234
0.11029
0.09867
0.20764
0.23183
0.21140
0.09409
0.20120
0.16520
0.19504
0.14219
0.32213
0.26987
0.28335
0.12197
0.12710
0.29710
0.32109
0.33530
0.03428
0.25571
0.14830
0.28646
0.13149
0.10553
0.15542
0.13650
0.09600
0.17288
0.22898
0.08990
0.07865
0.08554
0.29012
0.16382
0.27438
0.19609
0.25030
0.22426
0.18381
0.07778
0.22901
0.24974
0.34137
0.23151
0.32722
0.23630
0.25388
0.28324
0.25827
0.30071
0.07268
0.11709
0.12540
0.22167
0.07373
0.04978
0.21333
0.12560
0.22762
0.15320
0.19526
0.10091
0.25231
0.28458
0.23917
0.22353
0.32810
0.14157
0.11411
0.33302
0.13153
0.26779
0.05620
0.10104
0.22183
0.08276
0.24508
0.31532
0.07568
0.10490
0.11157
0.26635
0.12056
0.03892
0.07310
0.10890
0.05766
0.10964
0.20310
0.10607
0.27240
0.18058
0.21201
0.07093
0.18329
0.30151
0.20546
0.25651
0.35468
0.18082
0.29348
0.31111
0.22949
0.25293
0.27024
0.21854
0.35178
0.23187
0.24299
0.24167
0.23984
0.25244
0.19922
0.37417
0.33194
0.25074
0.22205
0.26651
0.19799
0.35568
0.20399
0.16579
0.33609
0.33526
0.22986
0.17309
0.32474
0.28771
0.24576
0.26238
0.20785
0.31909
0.25995
0.22675
0.34493
0.23633
0.19661
0.31433
0.17421
0.32526
0.34765
0.26087
0.28222
0.24493
0.23548
0.24458
0.21230
0.33921
0.18523
0.25157
0.33067
0.17279
0.24685
0.30865
0.19114
0.25066
0.28681
0.28261
0.31098
0.29578
0.23507
0.20353
0.31450
0.35519
0.15617
0.28168
0.21556
0.18944
0.20023
0.36987
0.31738
0.35191
0.16029
0.35610
0.27573
0.26937
0.37207
0.32347
0.23054
0.28331
0.24076
0.29027
0.19788
0.34879
0.25074
0.21205
0.19007
0.31963
0.21705
0.27113
0.28717
0.27410
0.35761
0.32845
0.23467
0.33969
0.33734
0.20300
0.17409
0.22619
0.20146
0.21781
0.12853
0.29083
0.34902
0.19538
0.22259
0.25310
0.23836
0.23994
0.26448
0.24859
0.20660
0.21550
0.28288
0.22938
0.22487
0.19391
0.36367
0.29012
0.21407
0.27025
0.33364
0.28595
0.35351
0.29896
0.25479
0.24613
0.23816
0.30186
0.31261
0.22911
0.25493
0.23449
0.15982
0.32792
0.22317
0.22378
0.24236
0.22218
0.25961
0.28219
0.20450
0.24357
0.29682
0.23008
0.22714
0.21103
0.21940
0.24080
0.24510
0.20494
0.32406
0.31378
0.32351
0.22693
0.20532
0.31780
0.20866
0.19986
0.22933
0.29125
0.30044
0.18110
0.18989
0.29266
0.20839
0.21051
0.15683
0.24181
0.28007
0.17375
0.24851
0.23261
0.25826
0.19236
0.22996
0.29528
0.18706
0.21480
0.19147
0.26086
0.26474
0.37968
0.20125
0.29500
0.23847
0.35828
0.32549
0.20235
0.28458
0.23547
0.28053
0.19527
0.31988
0.29088
0.23671
0.28792
0.27814
0.33847
0.23737
0.30056
0.22493
0.35453
0.15211
0.27524
0.21614
0.21824
0.28911
0.26807
0.23099
0.20896
0.23106
0.32451
0.22355
0.29840
0.25445
0.20465
0.31014
0.28960
0.30174
0.14275
0.22997
0.33650
0.32889
0.17529
0.24637
0.26339
0.24901
0.20200
0.19028
0.29440
0.30175
0.22295
0.24680
0.22573
0.26475
0.32057
0.26862
0.19588
0.23439
0.33853
0.23509
0.17847
0.20483
0.29350
0.30256
0.24991
0.23437
0.24373
0.34407
0.34546
0.15276
0.24300
0.32367
0.22028
0.23166
0.30176
0.33188
0.23779
0.20527
0.20805
0.22092
0.22580
0.35692
0.28971
0.29662
0.24329
0.22360
0.24690
0.29866
0.28221
0.17125
0.33604
0.21358
0.22747
0.33941
0.30732
0.24754
0.23310
0.24138
0.29592
0.27077
0.34389
0.25423
0.26336
0.20095
0.30591
0.31648
0.13004
0.25473
0.21830
0.20748
0.21995
0.24803
0.25658
0.27072
0.19146
0.20580
0.20966
0.24588
0.33564
0.25916
0.21642
0.20853
0.30178
0.25303
0.24366
0.21629
0.35185
0.29798
0.33888
0.25825
0.24489
0.22706
0.26463
0.20889
0.28115
0.18002
0.32077
0.27610
0.32797
0.27936
0.30518
0.34720
0.28944
0.22609
0.25139
0.18622
0.17249
0.23537
0.22672
0.26606
0.32128
0.26526
0.29448
0.37344
0.31692
0.33129
0.27425
0.31792
0.31727
0.36693
0.22326
0.28489
0.32712
0.32203
0.24046
0.33313
0.39182
0.23813
0.22405
0.29965
0.23088
0.31002
0.33332
0.25970
0.23790
0.33588
0.23828
0.21563
0.30639
0.23471
0.24031
0.20151
0.22883
0.30444
0.30419
0.25650
0.29158
0.21775
0.23471
0.27885
0.24909
0.22467
0.28348
0.15359
0.34267
0.31888
0.36999
0.29667
0.27636
0.37569
0.35599
0.23232
0.21323
0.26957
0.39547
0.28080
0.20601
0.24963
0.31752
0.23253
0.18059
0.31764
0.25706
0.28378
0.19880
0.32343
0.36660
0.43256
0.29098
0.27078
0.19344
0.37288
0.32409
0.29706
0.29415
0.37161
0.21972
0.15657
0.32119
0.42955
0.24699
0.37290
0.38362
0.18065
0.24766
0.35843
0.28421
0.30806
0.22572
0.24163
0.22418
0.31527
0.29821
0.26824
0.30392
0.37534
0.22611
0.25329
0.20907
0.20044
0.20546
0.36646
0.21228
0.13110
0.30099
0.17329
0.16731
0.38436
0.14542
0.23961
0.21808
0.24102
0.24955
0.44349
0.21740
0.28034
0.36652
0.23907
0.23481
0.21702
0.26896
0.19598
0.34762
0.16737
0.34841
0.30892
0.24416
0.24502
0.19051
0.31982
0.27699
0.21094
0.34251
0.43044
0.33335
0.26235
0.33706
0.33295
0.22644
0.27492
0.28556
0.38079
0.20627
0.20960
0.22441
0.35454
0.23301
0.25221
0.24716
0.33960
0.37093
0.20835
0.27178
0.31623
0.30303
0.26663
0.25345
0.36204
0.26168
0.30224
0.22250
0.29150
0.31726
0.27468
0.30300
0.23838
0.33288
0.20537
0.22619
0.27327
0.28329
0.23382
0.20349
0.22772
0.31548
0.22640
0.05131
0.19684
0.23959
0.22732
0.23033
0.21018
0.23754
0.35291
0.17228
0.08980
0.19046
0.05427
0.31105
0.26266
0.17999
0.24412
0.06046
0.11480
0.19017
0.22502
0.13619
0.13665
0.21689
0.25611
0.17870
0.21125
0.29322
0.09922
0.32715
0.21836
0.04261
0.09033
0.14129
0.28609
0.14777
0.21091
0.16631
0.29840
0.04352
0.04651
0.08145
0.11624
0.25854
0.08400
0.12488
0.16074
0.30107
0.15650
0.28982
0.21747
0.04135
0.29660
0.07803
0.07595
0.26555
0.19206
0.27126
0.06965
0.09719
0.21215
0.19176
0.28612
0.22324
0.04824
0.04548
0.17732
0.19438
0.23954
0.18018
0.08244
0.23796
0.19286
0.16976
0.27434
0.29638
0.09645
0.16498
0.21434
0.06141
0.07204
0.22728
0.10375
0.19630
0.23224
0.29038
0.20564
0.32698
0.26184
0.21216
0.10556
0.22566
0.19919
0.04894
0.27463
0.12009
0.07261
0.21321
0.23048
0.29718
0.24983
0.04354
0.10750
0.10827
0.16366
0.19603
0.27600
0.12658
0.23631
0.21153
0.14906
0.23850
0.17021
0.06756
0.05939
0.10387
0.04277
0.11389
0.26037
0.29048
0.10935
0.08515
0.06398
0.07237
0.08796
0.25449
