0.12101
0.09801
0.08738
0.25015
0.08091
0.15764
0.23749
0.14524
0.16157
0.09812
0.21178
0.14505
0.17439
0.12180
0.12406
0.22708
0.15052
0.15797
0.12014
0.14682
0.30717
0.13890
0.12056
0.04941
0.24511
0.13572
0.15539
0.23642
0.10833
0.20626
0.15187
0.26280
0.14093
0.10978
0.10995
0.10353
0.13990
0.07982
0.14448
0.18477
0.28266
0.27882
0.12986
0.12363
0.29462
0.20797
0.15012
0.25763
0.20162
0.15102
0.10941
0.16535
0.15343
0.29585
0.12150
0.25514
0.24542
0.14538
0.13534
0.08242
0.24810
0.31314
0.09631
0.23503
0.26129
0.29155
0.05098
0.15831
0.15250
0.04693
0.15116
0.30390
0.30879
0.23107
0.17724
0.16892
0.14147
0.05768
0.18760
0.15861
0.27580
0.18168
0.31438
0.25095
0.27462
0.33217
0.11485
0.14261
0.14740
0.25309
0.31156
0.15325
0.13224
0.23481
0.06438
0.15805
0.23764
0.20696
0.18862
0.14199
0.09672
0.24048
0.14241
0.12833
0.24132
0.28844
0.14441
0.21107
0.20371
0.27254
0.05176
0.24473
0.08012
0.24039
0.11809
0.16621
0.24429
0.08018
0.07633
0.16088
0.22536
0.07762
0.27581
0.05322
0.12461
0.17722
0.26293
0.25280
0.19118
0.25989
0.11143
0.12330
0.26616
0.31947
0.11350
0.17749
0.11388
0.27263
0.29743
0.07746
0.21209
0.04879
0.27004
0.19937
0.17669
0.27710
0.09634
0.34309
0.18330
0.09216
0.21391
0.24632
0.11866
0.30462
0.27990
0.28670
0.15706
0.17900
0.15280
0.21039
0.27306
0.29186
0.25605
0.32250
0.11119
0.10718
0.30872
0.25171
0.05498
0.27838
0.07433
0.23136
0.20142
0.04246
0.13825
0.24953
0.07734
0.10260
0.18028
0.26769
0.06814
0.11144
0.20317
0.13360
0.11324
0.13507
0.23365
0.25449
0.24766
0.19416
0.13346
0.06332
0.07251
0.14752
0.17623
0.25288
0.26592
0.22301
0.10404
0.28154
0.19636
0.09799
0.18145
0.17211
0.11218
0.23484
0.12798
0.23381
0.25569
0.15282
0.27487
0.22319
0.12963
0.26296
0.22268
0.23313
0.13015
0.26887
0.21041
0.30863
0.16116
0.23091
0.08990
0.09016
0.09384
0.09802
0.18092
0.21652
0.19805
0.12031
0.25347
0.15910
0.23489
0.12218
0.07246
0.27695
0.11450
0.10445
0.10970
0.24344
0.08960
0.29729
0.09221
0.10043
0.23159
0.22469
0.13346
0.08861
0.11736
0.10555
0.11029
0.11651
0.11642
0.25030
0.17724
0.16178
0.20803
0.06654
0.08880
0.14625
0.26115
0.16216
0.21239
0.16645
0.16580
0.24224
0.28933
0.10640
0.17650
0.14263
0.11433
0.13044
0.05776
0.03744
0.35649
0.18484
0.09059
0.20151
0.19509
0.09560
0.15580
0.31100
0.13540
0.13044
0.28398
0.13050
0.19715
0.17687
0.20262
0.17188
0.09599
0.09081
0.18807
0.21066
0.22222
0.10287
0.15777
0.15458
0.18737
0.18796
0.32318
0.28817
0.26973
0.10154
0.10565
0.28162
0.30864
0.30504
0.06554
0.24182
0.14586
0.30393
0.19351
0.10942
0.12746
0.10932
0.10357
0.19791
0.15706
0.10210
0.06600
0.07155
0.23631
0.17198
0.23880
0.20520
0.20586
0.22685
0.16663
0.06298
0.26269
0.28790
0.34579
0.24538
0.31427
0.22426
0.22536
0.28611
0.25162
0.22981
0.03587
0.11704
0.15982
0.23438
0.07620
0.08282
0.18495
0.16569
0.23075
0.08732
0.18914
0.12003
0.25810
0.21868
0.23317
0.22556
0.28595
0.12024
0.17340
0.27848
0.11066
0.22583
0.06288
0.09661
0.22146
0.04026
0.25386
0.30585
0.12497
0.08053
0.16589
0.25209
0.11959
0.06660
0.11974
0.09174
0.08126
0.08134
0.21005
0.07137
0.25811
0.16433
0.21751
0.11752
0.12819
0.29117
0.19875
0.24324
0.34036
0.18641
0.25271
0.29617
0.29484
0.28531
0.27362
0.21644
0.33202
0.24349
0.25178
0.23714
0.22224
0.28101
0.17776
0.37096
0.32738
0.17001
0.23958
0.26437
0.27435
0.34966
0.28886
0.23492
0.31670
0.33067
0.20370
0.25725
0.30967
0.27510
0.22162
0.25284
0.26205
0.30639
0.23851
0.16243
0.33720
0.23750
0.22309
0.28916
0.20165
0.29615
0.34522
0.28921
0.28527
0.30388
0.25674
0.23040
0.25421
0.32473
0.21561
0.25432
0.31309
0.26566
0.25390
0.27603
0.19932
0.29656
0.24954
0.27352
0.31715
0.28772
0.25203
0.16104
0.27185
0.34798
0.08074
0.28696
0.19955
0.18203
0.13525
0.35910
0.28248
0.32407
0.17133
0.34606
0.26645
0.27063
0.37968
0.31380
0.25427
0.27436
0.22765
0.26993
0.11720
0.33451
0.28408
0.21824
0.16260
0.31119
0.15243
0.25944
0.28947
0.23621
0.34525
0.29374
0.21080
0.30550
0.30823
0.09945
0.17852
0.27529
0.16566
0.18036
0.12152
0.25818
0.33906
0.23411
0.27232
0.23267
0.27612
0.22579
0.29419
0.25033
0.27906
0.22155
0.26462
0.26453
0.20798
0.17373
0.33806
0.28250
0.18435
0.26520
0.30127
0.22682
0.33976
0.30388
0.21552
0.26451
0.17184
0.28388
0.29853
0.24551
0.23675
0.22643
0.17489
0.29621
0.23084
0.27294
0.19149
0.24277
0.30560
0.28384
0.18539
0.17574
0.27814
0.18298
0.26357
0.15811
0.20576
0.24088
0.18174
0.19802
0.29493
0.31518
0.31689
0.23225
0.22236
0.31911
0.18803
0.21029
0.20433
0.29127
0.27785
0.13018
0.18360
0.29919
0.28887
0.20932
0.14265
0.21674
0.27834
0.19905
0.18107
0.25687
0.30632
0.14789
0.22382
0.25801
0.28791
0.18936
0.27617
0.24304
0.25959
0.35426
0.17430
0.26468
0.22756
0.35548
0.31059
0.23100
0.26534
0.27732
0.26529
0.16864
0.29632
0.25878
0.25953
0.27674
0.26777
0.33462
0.21385
0.26670
0.21312
0.35564
0.23115
0.27172
0.21565
0.24335
0.27223
0.25683
0.17318
0.24603
0.23278
0.29791
0.20491
0.31252
0.24421
0.24236
0.29886
0.27510
0.25693
0.14584
0.21869
0.31843
0.31680
0.25918
0.28098
0.27473
0.25322
0.23160
0.21928
0.29899
0.28674
0.26178
0.24077
0.13116
0.28039
0.30283
0.25085
0.25125
0.15739
0.33653
0.25765
0.18287
0.20680
0.27314
0.26105
0.28356
0.24022
0.23565
0.33410
0.35009
0.15553
0.22304
0.32300
0.25543
0.24016
0.30067
0.33963
0.17539
0.19857
0.13271
0.22704
0.27662
0.35623
0.27683
0.28429
0.28846
0.22087
0.25117
0.29291
0.28351
0.18246
0.30983
0.20640
0.19249
0.34133
0.29773
0.24441
0.21906
0.24051
0.29212
0.30976
0.34451
0.25561
0.25949
0.16961
0.28560
0.28958
0.12507
0.25771
0.12157
0.21308
0.25776
0.15601
0.25062
0.24695
0.23979
0.19846
0.22065
0.23879
0.33800
0.26152
0.24229
0.19643
0.30219
0.25266
0.22629
0.17903
0.29039
0.26923
0.33217
0.24078
0.26678
0.25779
0.26787
0.21566
0.27137
0.17604
0.30483
0.27008
0.32960
0.28602
0.28561
0.34194
0.25533
0.27162
0.28508
0.18334
0.23480
0.27518
0.21528
0.26073
0.31333
0.26741
0.30719
0.37369
0.29538
0.31134
0.25603
0.28224
0.27111
0.35047
0.24452
0.27564
0.31329
0.32773
0.27194
0.33896
0.38943
0.21382
0.25023
0.28070
0.22341
0.31402
0.31492
0.20926
0.25667
0.32838
0.23826
0.26363
0.32354
0.26234
0.21507
0.22686
0.26549
0.22747
0.27875
0.29320
0.28716
0.23286
0.27731
0.27909
0.28599
0.26973
0.24008
0.13175
0.33399
0.32634
0.32265
0.31592
0.24179
0.36948
0.38327
0.29654
0.12553
0.32458
0.34332
0.25577
0.12645
0.31372
0.30156
0.20583
0.25008
0.30004
0.28051
0.20962
0.24514
0.32231
0.28718
0.33728
0.25262
0.30877
0.27942
0.36884
0.25710
0.29173
0.29826
0.33295
0.28342
0.13265
0.29238
0.41542
0.19809
0.38659
0.39492
0.16075
0.30071
0.34254
0.32121
0.27368
0.27606
0.29535
0.21836
0.27125
0.29235
0.24432
0.24292
0.35574
0.29598
0.29652
0.19890
0.20172
0.28432
0.37647
0.13328
0.08711
0.30806
0.06639
0.17055
0.39282
0.10476
0.17045
0.18334
0.29261
0.22045
0.43159
0.15381
0.32610
0.36233
0.23277
0.17912
0.26651
0.19142
0.16476
0.34410
0.12447
0.34074
0.30312
0.25796
0.21757
0.26205
0.31905
0.25214
0.16039
0.31698
0.39947
0.28696
0.26496
0.32780
0.34452
0.24326
0.22999
0.28476
0.36627
0.14536
0.16614
0.23860
0.30916
0.29575
0.23136
0.29373
0.28468
0.31647
0.15872
0.31175
0.32904
0.24666
0.29130
0.23833
0.33935
0.30033
0.24362
0.30137
0.30329
0.30458
0.24845
0.31355
0.20650
0.29404
0.22135
0.24308
0.30457
0.28183
0.24533
0.28582
0.21681
0.34031
0.23627
0.09079
0.23535
0.14281
0.21602
0.24052
0.20600
0.20422
0.36041
0.25389
0.07872
0.11154
0.05456
0.27931
0.26662
0.20934
0.30647
0.05900
0.08202
0.22171
0.14818
0.06293
0.16454
0.25844
0.23178
0.19383
0.21673
0.22465
0.06205
0.28431
0.18576
0.07309
0.04765
0.17120
0.28148
0.11014
0.27025
0.17797
0.29584
0.06789
0.06375
0.13783
0.07949
0.21598
0.15115
0.18139
0.18091
0.29147
0.22177
0.26795
0.21406
0.06684
0.27772
0.07508
0.08492
0.27119
0.20956
0.30574
0.06151
0.08675
0.20535
0.19489
0.22986
0.24212
0.06542
0.05598
0.20586
0.21507
0.22626
0.16625
0.10107
0.23913
0.15797
0.11927
0.27547
0.25820
0.10086
0.17386
0.16882
0.04330
0.04546
0.27639
0.17608
0.18471
0.25776
0.23431
0.18970
0.33856
0.25171
0.25987
0.19733
0.23397
0.21000
0.02667
0.22365
0.06218
0.09436
0.20832
0.20186
0.28889
0.23646
0.10600
0.10052
0.14489
0.21282
0.28704
0.30493
0.08561
0.21547
0.32663
0.12857
0.21910
0.07045
0.03711
0.03107
0.15960
0.08492
0.10871
0.23837
0.28069
0.09637
0.12569
0.06534
0.13935
0.06215
0.30426
