0.12696
0.10549
0.05727
0.25561
0.09455
0.12989
0.21893
0.14970
0.18482
0.06264
0.16594
0.13176
0.12482
0.14565
0.12775
0.23165
0.10854
0.12287
0.06949
0.12877
0.25135
0.13225
0.18180
0.05979
0.20197
0.13692
0.11113
0.27260
0.09488
0.14390
0.10885
0.28604
0.18889
0.09583
0.11026
0.09677
0.13700
0.09451
0.12025
0.14996
0.28489
0.23123
0.09493
0.11180
0.27369
0.23285
0.14272
0.22501
0.18029
0.17370
0.11518
0.12827
0.15841
0.32354
0.09645
0.27995
0.22071
0.12533
0.08731
0.07298
0.28863
0.25437
0.12599
0.20503
0.26723
0.32633
0.05645
0.17678
0.13115
0.03380
0.15269
0.26573
0.30441
0.20517
0.27002
0.10116
0.06490
0.03842
0.22452
0.19378
0.26846
0.16782
0.26052
0.26032
0.24687
0.33858
0.10474
0.08260
0.15140
0.27310
0.30955
0.18657
0.07108
0.25663
0.05765
0.13671
0.21356
0.20931
0.18905
0.17497
0.09675
0.14493
0.12908
0.11971
0.22618
0.28175
0.12095
0.18463
0.19126
0.24902
0.04933
0.21824
0.08825
0.25974
0.14674
0.11657
0.26331
0.04746
0.07433
0.16222
0.21463
0.07148
0.26302
0.02437
0.11798
0.18316
0.33044
0.27495
0.18738
0.25012
0.07745
0.12263
0.27595
0.34386
0.12424
0.18564
0.09873
0.26702
0.21176
0.04127
0.14061
0.02484
0.25757
0.18894
0.16461
0.28818
0.10643
0.35152
0.17124
0.09017
0.20194
0.23558
0.13495
0.27528
0.31899
0.29072
0.14177
0.17269
0.15024
0.19608
0.25704
0.26686
0.27020
0.33287
0.09502
0.11178
0.26859
0.29644
0.06206
0.25844
0.03473
0.19010
0.23076
0.04575
0.11342
0.18509
0.06524
0.05562
0.14181
0.25601
0.06193
0.10479
0.24998
0.14251
0.08665
0.21023
0.21704
0.23816
0.23919
0.21565
0.14261
0.06804
0.03318
0.15411
0.14505
0.22110
0.25176
0.21321
0.09148
0.27666
0.20234
0.05266
0.19867
0.18447
0.06367
0.23688
0.09064
0.22018
0.26524
0.07982
0.22364
0.22532
0.13342
0.24780
0.26570
0.23150
0.12508
0.31556
0.19700
0.32206
0.09607
0.19501
0.05697
0.07860
0.05820
0.07287
0.17103
0.19837
0.14640
0.06414
0.27695
0.08455
0.20309
0.13189
0.06379
0.24616
0.11080
0.04872
0.14087
0.26273
0.10185
0.27665
0.08922
0.11087
0.17764
0.20241
0.11418
0.05493
0.11099
0.11164
0.14432
0.14126
0.10333
0.23178
0.13806
0.15331
0.18068
0.08900
0.08295
0.14077
0.18563
0.11776
0.17843
0.16812
0.10115
0.23677
0.24686
0.10031
0.12999
0.04446
0.07885
0.14292
0.05836
0.04717
0.34173
0.14413
0.08476
0.19410
0.14245
0.07268
0.13935
0.32029
0.14407
0.08688
0.29770
0.11573
0.20447
0.16675
0.16561
0.14384
0.07499
0.08439
0.16392
0.17976
0.13664
0.10140
0.16423
0.15548
0.16947
0.14526
0.29519
0.26877
0.24904
0.14088
0.09626
0.29088
0.30598
0.31638
0.02484
0.27103
0.14500
0.27555
0.14344
0.07224
0.14424
0.10537
0.11818
0.25878
0.21098
0.08267
0.08538
0.09271
0.26307
0.20221
0.25713
0.12307
0.19929
0.21708
0.15412
0.05681
0.19848
0.26914
0.35598
0.25437
0.31827
0.15642
0.25005
0.27471
0.27483
0.23252
0.08229
0.09667
0.15458
0.21843
0.02918
0.05295
0.20777
0.13309
0.22106
0.06308
0.14736
0.12928
0.25278
0.24600
0.23532
0.16374
0.32336
0.13161
0.15071
0.31172
0.05718
0.16524
0.03986
0.11729
0.20310
0.08204
0.21287
0.33353
0.08041
0.06048
0.14196
0.25487
0.11135
0.05785
0.09439
0.06013
0.09877
0.12689
0.16289
0.08398
0.26342
0.15311
0.20645
0.05617
0.21422
0.27423
0.22351
0.29053
0.33155
0.19222
0.26907
0.32072
0.30360
0.32390
0.26968
0.25180
0.32269
0.26746
0.26781
0.26206
0.22104
0.30159
0.18707
0.35377
0.30063
0.26384
0.27811
0.25826
0.27446
0.36924
0.30896
0.26212
0.28913
0.32147
0.22137
0.24582
0.28616
0.29382
0.26140
0.26049
0.30332
0.29828
0.26865
0.22118
0.32489
0.27614
0.25019
0.30359
0.22885
0.32889
0.33979
0.31437
0.29351
0.32200
0.30385
0.25596
0.31853
0.30423
0.19639
0.30269
0.28697
0.26045
0.30449
0.31300
0.20773
0.30708
0.28686
0.27936
0.28536
0.27974
0.28322
0.18208
0.26793
0.33219
0.15841
0.29849
0.22600
0.23265
0.20753
0.38590
0.32175
0.31621
0.18246
0.33078
0.28582
0.29553
0.35526
0.28068
0.31081
0.30445
0.25544
0.29342
0.19270
0.35013
0.31125
0.23089
0.17709
0.34579
0.21035
0.27857
0.29814
0.27311
0.33466
0.29728
0.22968
0.31311
0.31571
0.17109
0.18096
0.31379
0.18439
0.19405
0.16824
0.28036
0.31068
0.28360
0.29612
0.25314
0.31402
0.22914
0.31246
0.28626
0.30196
0.21956
0.28152
0.30492
0.22959
0.19291
0.36746
0.23794
0.20146
0.29129
0.29404
0.29034
0.37242
0.29374
0.24947
0.27719
0.21788
0.27646
0.31859
0.29341
0.26626
0.21796
0.17134
0.33087
0.24393
0.28584
0.24729
0.27712
0.32229
0.26450
0.22556
0.23340
0.29320
0.22133
0.29677
0.20082
0.23507
0.23379
0.23736
0.23394
0.33401
0.32105
0.29628
0.23355
0.24041
0.29942
0.22494
0.21552
0.23871
0.27672
0.28344
0.17716
0.19369
0.26921
0.30295
0.22630
0.17699
0.22307
0.26648
0.25197
0.24401
0.28347
0.32409
0.16178
0.25773
0.24814
0.31004
0.20501
0.30850
0.26536
0.25375
0.39911
0.19903
0.28119
0.24885
0.35411
0.29846
0.26579
0.28598
0.29500
0.27209
0.20015
0.32595
0.26959
0.25538
0.27526
0.29425
0.32012
0.26116
0.26270
0.23355
0.32169
0.25792
0.27569
0.23901
0.28034
0.27724
0.25897
0.18055
0.25229
0.25211
0.31937
0.23180
0.33060
0.25509
0.29485
0.25894
0.27626
0.29259
0.16580
0.23158
0.31793
0.28509
0.27284
0.28851
0.30261
0.27212
0.24147
0.21102
0.29480
0.29545
0.27049
0.27145
0.17691
0.31775
0.29687
0.26846
0.27510
0.19651
0.29240
0.29897
0.21001
0.21818
0.26705
0.28782
0.30938
0.27529
0.25931
0.32921
0.33054
0.17320
0.24719
0.29465
0.26827
0.27535
0.32301
0.32224
0.24643
0.19930
0.18776
0.29510
0.29345
0.34902
0.26332
0.31805
0.28795
0.26040
0.26314
0.28705
0.25426
0.18195
0.31611
0.23109
0.24208
0.32066
0.31521
0.26103
0.25400
0.26920
0.27033
0.33310
0.32730
0.25409
0.25730
0.19960
0.29156
0.29306
0.14936
0.29430
0.22663
0.25993
0.28656
0.23667
0.27826
0.24029
0.25451
0.26073
0.24501
0.24347
0.33477
0.27074
0.26922
0.19735
0.26357
0.25510
0.25589
0.21114
0.28649
0.27573
0.35281
0.25083
0.24270
0.29892
0.29178
0.25509
0.27382
0.18488
0.32689
0.28889
0.31045
0.28566
0.27612
0.32544
0.27477
0.26671
0.28268
0.18697
0.22393
0.30396
0.24722
0.29986
0.29673
0.27623
0.32967
0.37246
0.27902
0.29900
0.27663
0.28240
0.30632
0.34815
0.27709
0.28527
0.31427
0.29131
0.30495
0.30441
0.37021
0.22059
0.27432
0.33161
0.22883
0.29835
0.35556
0.26728
0.24841
0.29939
0.23755
0.29183
0.30898
0.28186
0.27132
0.26693
0.26912
0.28045
0.27669
0.30111
0.28030
0.25443
0.30476
0.28139
0.30379
0.28421
0.25920
0.14439
0.33975
0.31980
0.32953
0.33817
0.32517
0.39164
0.38901
0.28781
0.20663
0.32383
0.37226
0.27965
0.19665
0.32317
0.35115
0.26220
0.26422
0.34312
0.25606
0.26701
0.27161
0.32483
0.37594
0.39061
0.30027
0.32537
0.27003
0.38932
0.25747
0.27271
0.30765
0.35178
0.30974
0.18584
0.31590
0.42364
0.25762
0.38458
0.39070
0.21825
0.29390
0.34579
0.31612
0.27009
0.26853
0.28382
0.21019
0.26298
0.32573
0.30435
0.27444
0.37087
0.30325
0.30980
0.26265
0.18484
0.29077
0.39537
0.21406
0.13973
0.32630
0.18430
0.21128
0.38610
0.17471
0.25556
0.22708
0.29365
0.23028
0.44523
0.21334
0.33242
0.36820
0.22311
0.21430
0.26628
0.24222
0.21805
0.36830
0.20558
0.36136
0.36094
0.27859
0.24049
0.27182
0.34985
0.30205
0.23853
0.30203
0.42829
0.29821
0.27603
0.37010
0.36829
0.20984
0.26780
0.29335
0.38519
0.22617
0.23628
0.24593
0.34973
0.28650
0.24380
0.26848
0.30240
0.37082
0.24893
0.30175
0.33866
0.30096
0.29280
0.24374
0.37732
0.29150
0.23390
0.28871
0.30859
0.32676
0.25064
0.29474
0.23793
0.35537
0.28283
0.25906
0.32416
0.30225
0.25926
0.28461
0.19093
0.25938
0.23981
0.08269
0.13566
0.20704
0.24711
0.24435
0.22109
0.25685
0.37406
0.12728
0.06105
0.13353
0.05178
0.26429
0.24479
0.19123
0.31420
0.07846
0.13202
0.17108
0.23152
0.09530
0.09511
0.22948
0.29602
0.22129
0.21306
0.27738
0.09017
0.34122
0.19782
0.02878
0.09140
0.14101
0.30102
0.10670
0.14653
0.21453
0.29126
0.10518
0.04617
0.04732
0.11731
0.28390
0.09534
0.13877
0.14028
0.31525
0.11525
0.23618
0.21795
0.05753
0.28105
0.08473
0.04991
0.21334
0.18006
0.24424
0.06909
0.08665
0.23703
0.21748
0.25763
0.20436
0.05293
0.06586
0.13073
0.21301
0.15688
0.21500
0.12401
0.24556
0.20694
0.10548
0.25906
0.24342
0.08840
0.22348
0.13331
0.06223
0.06267
0.26764
0.08161
0.20078
0.26339
0.28471
0.20208
0.32419
0.19551
0.21699
0.24148
0.20489
0.23963
0.06589
0.23687
0.14464
0.07071
0.22151
0.27312
0.24010
0.22411
0.08147
0.07243
0.10249
0.20190
0.19552
0.28103
0.12588
0.20851
0.28817
0.15680
0.25104
0.12574
0.07119
0.05640
0.18338
0.06033
0.07576
0.27124
0.27476
0.14237
0.07885
0.03941
0.11277
0.11779
0.20525
