0.11893
0.09721
0.08145
0.24714
0.07140
0.11911
0.23812
0.11925
0.14548
0.07384
0.14688
0.13542
0.16352
0.12447
0.11897
0.23026
0.12093
0.11899
0.08536
0.15294
0.29233
0.09320
0.15285
0.06855
0.25815
0.12825
0.14127
0.21062
0.09855
0.15299
0.14417
0.26029
0.13535
0.11149
0.07443
0.09114
0.11796
0.11677
0.11630
0.15099
0.27338
0.24966
0.08268
0.12197
0.28146
0.20773
0.15297
0.25632
0.19336
0.14399
0.10346
0.15189
0.12383
0.28130
0.09086
0.17469
0.16967
0.11682
0.12640
0.07475
0.27002
0.29262
0.17178
0.21865
0.26904
0.31134
0.07266
0.17282
0.08179
0.01840
0.12237
0.32899
0.27570
0.20156
0.23555
0.10231
0.08802
0.03263
0.19500
0.17199
0.31873
0.16869
0.33499
0.27925
0.26409
0.32916
0.10277
0.07488
0.15444
0.23495
0.32495
0.14411
0.06178
0.24148
0.06775
0.14929
0.18920
0.21061
0.21019
0.15220
0.11234
0.17144
0.11267
0.10610
0.16621
0.28899
0.16290
0.15369
0.16399
0.25952
0.03445
0.27270
0.11163
0.24471
0.11393
0.12794
0.25982
0.07388
0.04326
0.17393
0.25157
0.12000
0.27759
0.02584
0.07352
0.11931
0.23970
0.24449
0.11652
0.24633
0.08417
0.14860
0.27850
0.32929
0.09691
0.14901
0.05076
0.30177
0.25599
0.05998
0.13720
0.03442
0.29660
0.16938
0.16059
0.32009
0.07367
0.32824
0.15773
0.09199
0.17588
0.26434
0.09949
0.31671
0.29359
0.32132
0.10129
0.13661
0.17063
0.17749
0.17498
0.25791
0.24779
0.31701
0.10562
0.11659
0.27705
0.25232
0.05571
0.22903
0.06029
0.19929
0.22049
0.05339
0.08692
0.21916
0.05244
0.08136
0.19103
0.27781
0.08625
0.11364
0.18076
0.15034
0.07045
0.14911
0.20397
0.26884
0.25198
0.21449
0.11792
0.06074
0.06457
0.16964
0.14968
0.23006
0.17461
0.23224
0.07272
0.26881
0.24664
0.11968
0.15522
0.14557
0.04995
0.20593
0.06118
0.20562
0.23023
0.06405
0.23170
0.22477
0.10947
0.22646
0.26763
0.24607
0.13593
0.21881
0.24188
0.32799
0.10538
0.14731
0.09409
0.05574
0.08466
0.08061
0.17432
0.12435
0.13937
0.07226
0.21781
0.08427
0.25704
0.11803
0.03445
0.26943
0.10782
0.06185
0.09944
0.26728
0.05247
0.29579
0.10654
0.12434
0.14049
0.21802
0.10733
0.03584
0.10827
0.10692
0.10999
0.11563
0.10986
0.17324
0.14863
0.18241
0.19963
0.05928
0.04137
0.13857
0.18246
0.15590
0.23594
0.17692
0.12104
0.22824
0.28846
0.09637
0.16191
0.04634
0.08779
0.11620
0.04785
0.04079
0.32690
0.12588
0.06921
0.14176
0.18231
0.07494
0.07954
0.33647
0.12705
0.06704
0.29277
0.12487
0.19804
0.15259
0.23768
0.13007
0.10014
0.05790
0.24603
0.19248
0.16147
0.10517
0.15879
0.16297
0.16901
0.17006
0.33981
0.26815
0.28203
0.14192
0.07746
0.28502
0.30342
0.33531
0.04131
0.26998
0.11029
0.29325
0.13534
0.06874
0.15891
0.13738
0.11346
0.11904
0.23463
0.06932
0.07012
0.05073
0.27157
0.09764
0.24502
0.12024
0.21809
0.23946
0.14227
0.07278
0.21224
0.22562
0.36755
0.24132
0.27032
0.21415
0.24271
0.29304
0.28958
0.20202
0.05609
0.07816
0.12226
0.24587
0.03466
0.08202
0.20039
0.12989
0.23225
0.07832
0.17905
0.07531
0.26663
0.19868
0.22614
0.18787
0.30680
0.14699
0.13849
0.31257
0.04252
0.24480
0.06002
0.11330
0.19483
0.06162
0.23961
0.29603
0.07223
0.07874
0.15564
0.25436
0.11920
0.04048
0.07337
0.03814
0.07028
0.09353
0.18691
0.05192
0.24933
0.14722
0.14147
0.07420
0.18161
0.28772
0.20624
0.28418
0.32264
0.16557
0.26780
0.30982
0.28125
0.31252
0.25164
0.25973
0.33678
0.26873
0.21678
0.27168
0.20430
0.27934
0.19350
0.36779
0.27018
0.25320
0.26920
0.25738
0.24987
0.36078
0.28870
0.23530
0.31597
0.31729
0.24515
0.25171
0.28929
0.27677
0.24802
0.25672
0.29904
0.28759
0.27482
0.19486
0.35094
0.25037
0.24906
0.30764
0.18202
0.31545
0.34551
0.27441
0.30657
0.30012
0.26824
0.25119
0.28736
0.32623
0.23387
0.26674
0.30235
0.27033
0.29227
0.31131
0.18210
0.31343
0.25158
0.27808
0.29941
0.28684
0.27032
0.19131
0.24181
0.31439
0.12998
0.26814
0.23121
0.21473
0.16976
0.38263
0.31024
0.28599
0.17804
0.31980
0.26936
0.26211
0.36539
0.28991
0.29501
0.29986
0.24282
0.27985
0.19269
0.35365
0.29002
0.26137
0.15402
0.33137
0.19503
0.27245
0.28188
0.25101
0.34539
0.28751
0.21936
0.31105
0.32938
0.15788
0.19396
0.28918
0.18613
0.19489
0.16791
0.26441
0.33632
0.25333
0.25976
0.25146
0.29592
0.21540
0.29169
0.25293
0.29133
0.18967
0.29640
0.28169
0.23415
0.20962
0.35861
0.27897
0.17462
0.28539
0.30304
0.26028
0.34347
0.29298
0.23479
0.27377
0.20308
0.28262
0.32149
0.28701
0.25114
0.22319
0.16787
0.31058
0.20127
0.29539
0.22782
0.28500
0.30000
0.27887
0.18971
0.21975
0.29519
0.20494
0.30326
0.18236
0.20561
0.22951
0.21887
0.22760
0.32029
0.29058
0.29957
0.26492
0.20752
0.30164
0.20768
0.21534
0.21079
0.27372
0.26837
0.16837
0.18506
0.27387
0.28887
0.21457
0.15422
0.21141
0.26368
0.22800
0.24668
0.27497
0.30200
0.17317
0.24828
0.26803
0.29796
0.18087
0.30209
0.24505
0.24670
0.39641
0.19260
0.25975
0.22815
0.33324
0.30123
0.25405
0.28265
0.27530
0.25025
0.19702
0.32348
0.25800
0.27258
0.26397
0.26444
0.31743
0.23069
0.28087
0.19353
0.31810
0.24127
0.29513
0.21637
0.27566
0.28865
0.27669
0.18903
0.27203
0.21053
0.32041
0.20608
0.31184
0.23575
0.27179
0.30161
0.26683
0.21086
0.15441
0.23701
0.31988
0.31896
0.25497
0.27050
0.29776
0.25852
0.23793
0.22927
0.28605
0.29750
0.28241
0.23856
0.17246
0.28516
0.28863
0.26710
0.28491
0.24885
0.32125
0.30108
0.22502
0.18868
0.26114
0.27188
0.29338
0.27077
0.24185
0.32438
0.30945
0.17106
0.23848
0.27951
0.28568
0.27998
0.31297
0.32280
0.21843
0.20560
0.18286
0.27438
0.26957
0.34322
0.27472
0.29774
0.28317
0.23618
0.24605
0.27942
0.27762
0.18662
0.29168
0.18243
0.23232
0.30406
0.30583
0.27475
0.22943
0.25628
0.28178
0.32962
0.31384
0.24172
0.25702
0.19000
0.31686
0.26370
0.12837
0.27568
0.19149
0.24533
0.29489
0.23598
0.26826
0.22679
0.24021
0.21462
0.25008
0.24943
0.32489
0.26539
0.26933
0.19421
0.29732
0.24957
0.24692
0.22629
0.30566
0.28237
0.34497
0.23853
0.23471
0.28069
0.26985
0.26260
0.26532
0.17321
0.31408
0.26938
0.30775
0.29107
0.23708
0.34007
0.25955
0.26110
0.28588
0.16108
0.15304
0.28513
0.23529
0.29191
0.29216
0.26598
0.28956
0.36550
0.29090
0.28003
0.26274
0.27931
0.31040
0.34853
0.25976
0.26326
0.31051
0.30427
0.27447
0.32405
0.37370
0.21505
0.27593
0.27467
0.22282
0.30244
0.34736
0.22873
0.24324
0.28601
0.24016
0.28416
0.29765
0.28600
0.23968
0.26479
0.26776
0.27608
0.28386
0.31118
0.29065
0.26651
0.27587
0.27384
0.29958
0.27990
0.23956
0.14006
0.31091
0.33513
0.31883
0.31859
0.31254
0.37886
0.38175
0.29237
0.18083
0.30752
0.34515
0.28442
0.20737
0.31546
0.34782
0.26446
0.27303
0.34010
0.27612
0.24805
0.27268
0.33066
0.34616
0.36560
0.28071
0.28890
0.26808
0.35805
0.22412
0.27741
0.31559
0.34029
0.28483
0.20292
0.28521
0.40708
0.27599
0.37647
0.42315
0.21033
0.30107
0.34857
0.31267
0.27899
0.26430
0.28310
0.19850
0.28950
0.29551
0.29288
0.26273
0.36350
0.29828
0.29093
0.25080
0.20640
0.26796
0.36129
0.19664
0.11828
0.33312
0.15483
0.16507
0.38487
0.16623
0.19323
0.22225
0.28233
0.21419
0.42148
0.20891
0.32071
0.37026
0.21727
0.23023
0.26522
0.20239
0.18710
0.34049
0.16684
0.35068
0.36590
0.27307
0.24463
0.26130
0.36943
0.24946
0.20491
0.32855
0.37740
0.28845
0.28598
0.33894
0.34085
0.23638
0.27045
0.27803
0.39788
0.16562
0.25761
0.21405
0.36205
0.28843
0.24427
0.27380
0.26791
0.31506
0.24809
0.29537
0.32255
0.28888
0.27863
0.25373
0.36034
0.29242
0.25397
0.28017
0.31727
0.31750
0.25585
0.29257
0.22315
0.32819
0.25463
0.25974
0.32283
0.29771
0.25657
0.28510
0.12690
0.28432
0.22290
0.00655
0.19683
0.23375
0.24451
0.26385
0.20859
0.26643
0.35645
0.16871
0.06272
0.13018
0.01045
0.26265
0.17285
0.16233
0.30250
0.08512
0.07845
0.16211
0.19448
0.06739
0.09445
0.24071
0.26651
0.22077
0.22671
0.24832
0.02735
0.34142
0.22702
0.00481
0.06790
0.10082
0.28379
0.07396
0.17028
0.17755
0.29195
0.03819
0.07701
0.07337
0.08977
0.25221
0.12955
0.15211
0.20231
0.27942
0.11136
0.26480
0.21042
0.05951
0.28093
0.07356
0.08337
0.30038
0.20441
0.21781
0.05493
0.05953
0.21761
0.19370
0.29787
0.25337
0.02791
0.05503
0.19131
0.20410
0.17757
0.21468
0.10920
0.19105
0.14524
0.07056
0.25391
0.26108
0.11284
0.19065
0.15320
0.08656
0.00861
0.23335
0.14121
0.20682
0.26141
0.27032
0.20044
0.32627
0.23447
0.23274
0.20651
0.23448
0.22705
0.05743
0.21300
0.10258
0.04377
0.16479
0.25160
0.25832
0.27062
0.03884
0.06282
0.16325
0.10997
0.17998
0.28701
0.11449
0.24869
0.32412
0.09043
0.21184
0.13764
0.02166
0.02301
0.14686
0.06964
0.04318
0.25323
0.26979
0.11545
0.10359
0.05894
0.04452
0.10666
0.27458
