0.07396
0.09343
0.05528
0.27438
0.07196
0.13845
0.23542
0.15059
0.14831
0.05734
0.22301
0.13460
0.17150
0.14101
0.08521
0.23377
0.13797
0.11343
0.08254
0.13392
0.29781
0.13909
0.16130
0.04390
0.23424
0.14831
0.13513
0.25578
0.08220
0.16840
0.14578
0.23329
0.16220
0.11508
0.08843
0.09663
0.15177
0.08443
0.15456
0.15129
0.25481
0.25131
0.08493
0.11410
0.30189
0.22602
0.12915
0.25341
0.19298
0.13469
0.12204
0.11751
0.16037
0.26751
0.09267
0.22041
0.23605
0.11078
0.11670
0.06670
0.24366
0.30039
0.12077
0.21803
0.27505
0.30404
0.05848
0.15230
0.10187
0.02591
0.16420
0.30033
0.31928
0.21334
0.22781
0.10216
0.07301
0.05329
0.20683
0.20281
0.32076
0.15681
0.36563
0.24446
0.24896
0.32787
0.10298
0.06462
0.16448
0.22035
0.32819
0.16125
0.05581
0.21593
0.05389
0.13228
0.20332
0.22724
0.21032
0.16844
0.10591
0.17408
0.11272
0.11112
0.21247
0.29106
0.17519
0.17419
0.17280
0.28883
0.03695
0.27108
0.07519
0.24922
0.12438
0.14582
0.28027
0.07443
0.09348
0.17355
0.23705
0.07589
0.25959
0.04384
0.06744
0.13313
0.30374
0.27562
0.19096
0.28027
0.12484
0.16221
0.29598
0.34339
0.10703
0.12721
0.08629
0.28827
0.25818
0.07195
0.17368
0.02733
0.30856
0.21005
0.13334
0.30650
0.07225
0.34118
0.20327
0.09463
0.18003
0.24864
0.11631
0.31257
0.32016
0.32854
0.10175
0.15177
0.16593
0.17339
0.22492
0.26348
0.28508
0.32434
0.09626
0.12617
0.29281
0.26518
0.11091
0.24574
0.03869
0.24732
0.22025
0.03812
0.05910
0.22615
0.06885
0.07511
0.17665
0.28801
0.06900
0.10932
0.17115
0.14531
0.08764
0.18520
0.21755
0.25330
0.24752
0.18868
0.11399
0.09590
0.05012
0.13384
0.15557
0.24640
0.17076
0.18186
0.08522
0.23956
0.21028
0.10778
0.14061
0.16220
0.07529
0.16185
0.09242
0.22291
0.24253
0.09471
0.27338
0.24708
0.14504
0.27200
0.24119
0.25556
0.13705
0.20851
0.22878
0.33595
0.11057
0.20045
0.11432
0.08079
0.06818
0.09764
0.17805
0.16112
0.15818
0.08805
0.23382
0.09989
0.24851
0.13262
0.05721
0.24224
0.11859
0.03887
0.13543
0.26343
0.09460
0.30605
0.09266
0.11379
0.12966
0.23186
0.12055
0.06632
0.08953
0.09573
0.10822
0.11877
0.11190
0.20796
0.18770
0.15975
0.21914
0.05663
0.08031
0.14003
0.22344
0.16133
0.20427
0.20746
0.13091
0.27298
0.28867
0.09906
0.16338
0.06407
0.08805
0.11670
0.06465
0.04488
0.36496
0.13649
0.07278
0.17848
0.14929
0.10461
0.11828
0.32855
0.13154
0.08230
0.28593
0.12164
0.11016
0.17237
0.19555
0.14479
0.10512
0.09337
0.20282
0.20313
0.16200
0.10293
0.13445
0.17565
0.18265
0.13647
0.32938
0.27460
0.29752
0.10746
0.10618
0.28828
0.27337
0.32319
0.04475
0.28500
0.10239
0.27982
0.12193
0.07164
0.12977
0.11107
0.10719
0.17930
0.22102
0.04193
0.11900
0.07965
0.28255
0.11916
0.24285
0.15213
0.20148
0.21852
0.12647
0.08176
0.21627
0.29233
0.35439
0.24188
0.29697
0.19740
0.23469
0.30069
0.30656
0.21299
0.06221
0.07240
0.12106
0.23218
0.03997
0.07131
0.23490
0.12034
0.16498
0.08292
0.19935
0.10680
0.30863
0.23740
0.23344
0.19760
0.28265
0.12518
0.14957
0.33033
0.05348
0.22394
0.04400
0.11746
0.18344
0.03993
0.24391
0.34473
0.07933
0.08873
0.16611
0.25139
0.10803
0.06577
0.07067
0.06706
0.04932
0.08059
0.19455
0.05722
0.24025
0.13344
0.18514
0.10640
0.20828
0.26396
0.24998
0.29975
0.37495
0.18503
0.29100
0.30072
0.31088
0.30810
0.25945
0.26825
0.32531
0.31033
0.23185
0.26368
0.21725
0.28310
0.20898
0.39383
0.29706
0.27396
0.27946
0.25436
0.28794
0.36343
0.30132
0.25927
0.29599
0.32962
0.26703
0.26294
0.28329
0.27932
0.23436
0.25217
0.29333
0.30858
0.28692
0.24342
0.34127
0.27036
0.26160
0.32468
0.22397
0.29019
0.36136
0.29121
0.33711
0.30600
0.29343
0.23237
0.29303
0.29146
0.25661
0.29131
0.31317
0.27374
0.27358
0.28870
0.18403
0.30555
0.25203
0.27001
0.27462
0.28073
0.28396
0.18889
0.28091
0.35677
0.12391
0.24605
0.24224
0.26362
0.20139
0.37118
0.31531
0.30653
0.20372
0.33134
0.26717
0.27196
0.30935
0.27037
0.27889
0.29461
0.26094
0.26634
0.19440
0.32811
0.28983
0.26701
0.17321
0.34025
0.21740
0.23875
0.24767
0.22940
0.32809
0.31236
0.20358
0.30878
0.26077
0.18933
0.19622
0.31086
0.16925
0.19072
0.17290
0.29319
0.27100
0.28363
0.27348
0.24890
0.28871
0.20060
0.30036
0.27721
0.27707
0.22567
0.28379
0.29168
0.21910
0.17881
0.35952
0.24572
0.20658
0.33259
0.28368
0.25263
0.34944
0.29752
0.21857
0.31287
0.20796
0.28901
0.29475
0.29313
0.28414
0.24613
0.17911
0.32801
0.22165
0.29316
0.20687
0.29149
0.31248
0.27152
0.19857
0.25124
0.29470
0.20282
0.30632
0.20508
0.23575
0.24831
0.22461
0.24907
0.28865
0.29898
0.31035
0.27592
0.21364
0.33160
0.23219
0.23098
0.21738
0.26984
0.30914
0.15594
0.19785
0.26707
0.29049
0.23306
0.16668
0.23249
0.24367
0.23637
0.24444
0.27554
0.30791
0.20055
0.27620
0.26237
0.29194
0.17163
0.29301
0.27490
0.23727
0.39017
0.20455
0.31370
0.20403
0.35356
0.30251
0.28203
0.28160
0.28519
0.28064
0.20378
0.32957
0.30538
0.26094
0.25402
0.25851
0.31171
0.23722
0.26549
0.22984
0.32832
0.24102
0.32127
0.22927
0.27646
0.25807
0.27895
0.23303
0.23138
0.24862
0.30222
0.21066
0.32541
0.22465
0.29847
0.25355
0.27380
0.29557
0.15846
0.24737
0.31868
0.29809
0.27972
0.26930
0.32450
0.25861
0.26996
0.24563
0.26922
0.30272
0.28175
0.26834
0.19225
0.31490
0.31108
0.25436
0.27632
0.23759
0.32452
0.32009
0.24973
0.22633
0.27577
0.26263
0.27856
0.27574
0.25581
0.35840
0.33864
0.16463
0.25326
0.29594
0.29160
0.28101
0.30111
0.30794
0.23792
0.22700
0.19482
0.27882
0.28710
0.34280
0.29531
0.30853
0.29345
0.22354
0.25153
0.25248
0.26214
0.19112
0.31983
0.23640
0.24734
0.36893
0.29925
0.26630
0.23989
0.29227
0.28631
0.33152
0.32765
0.28902
0.22909
0.21776
0.31123
0.32856
0.13769
0.27095
0.17481
0.29709
0.28163
0.23645
0.30283
0.23630
0.27392
0.20499
0.29127
0.24544
0.29944
0.30984
0.26379
0.20566
0.27924
0.25397
0.22673
0.20177
0.33735
0.26843
0.34549
0.27587
0.23687
0.28256
0.25843
0.25711
0.26812
0.19971
0.32475
0.25818
0.30599
0.25504
0.29577
0.32291
0.25739
0.27589
0.29916
0.20745
0.22854
0.25410
0.25250
0.33098
0.30937
0.27946
0.33868
0.37035
0.27329
0.33203
0.26612
0.28229
0.27724
0.35191
0.28410
0.26398
0.29127
0.28944
0.27745
0.29748
0.37833
0.23681
0.25783
0.34552
0.25927
0.29070
0.31294
0.24690
0.23295
0.34317
0.23474
0.29020
0.27929
0.31754
0.27472
0.27963
0.25586
0.25822
0.27000
0.33136
0.28915
0.27807
0.30275
0.27363
0.26772
0.27521
0.28862
0.14434
0.30864
0.33542
0.35797
0.33156
0.30442
0.41006
0.37641
0.28068
0.17512
0.32113
0.39718
0.28336
0.18137
0.30641
0.34028
0.25532
0.26156
0.32245
0.26079
0.26663
0.24516
0.34128
0.34058
0.42233
0.29154
0.31097
0.27651
0.38997
0.29368
0.30385
0.30725
0.33050
0.28748
0.18722
0.30712
0.43993
0.26364
0.39365
0.41867
0.20385
0.30628
0.35611
0.31259
0.30279
0.27030
0.27550
0.22985
0.25839
0.30604
0.30865
0.32037
0.37263
0.30195
0.28618
0.26638
0.23836
0.26295
0.39700
0.24883
0.09241
0.34079
0.13137
0.23396
0.39058
0.15858
0.23844
0.20144
0.30343
0.23061
0.44885
0.18635
0.33365
0.37675
0.27075
0.22881
0.26834
0.23970
0.21708
0.35157
0.16447
0.37351
0.35261
0.28044
0.25772
0.24068
0.34728
0.29785
0.19576
0.34533
0.42473
0.32683
0.29242
0.36372
0.36996
0.23401
0.24401
0.28473
0.39785
0.17218
0.23746
0.25672
0.37138
0.28215
0.25235
0.26577
0.30892
0.36819
0.24080
0.30336
0.34195
0.31372
0.29053
0.26643
0.38890
0.30321
0.20244
0.28789
0.31341
0.34791
0.27110
0.31927
0.24168
0.33492
0.24868
0.27285
0.31157
0.31094
0.26045
0.29667
0.20463
0.29711
0.21475
0.02605
0.10944
0.24409
0.26179
0.20843
0.20120
0.23617
0.33823
0.19847
0.06935
0.19202
0.04861
0.27768
0.22706
0.19717
0.27951
0.10754
0.10626
0.21108
0.20324
0.09147
0.12589
0.24016
0.28453
0.23497
0.20873
0.26667
0.08373
0.27590
0.12984
0.03659
0.08530
0.12032
0.28148
0.11430
0.23734
0.22762
0.31607
0.06455
0.12801
0.05218
0.07728
0.27038
0.14534
0.16012
0.19854
0.29239
0.15104
0.30135
0.21702
0.07842
0.24250
0.04415
0.04550
0.29841
0.20064
0.27628
0.04674
0.04927
0.18906
0.18366
0.29381
0.23512
0.01651
0.05440
0.19288
0.20439
0.22804
0.16152
0.15905
0.26628
0.18898
0.08242
0.20780
0.27619
0.11034
0.09252
0.15763
0.07348
0.05744
0.19495
0.10379
0.18974
0.21956
0.25520
0.20769
0.32773
0.23698
0.24967
0.22442
0.23497
0.21400
0.05402
0.25149
0.06709
0.08954
0.20340
0.23148
0.25462
0.14278
0.07179
0.08583
0.16848
0.18972
0.25018
0.29388
0.07256
0.21509
0.29578
0.14072
0.23038
0.10376
0.01489
0.05443
0.18948
0.07398
0.06426
0.28182
0.28382
0.11905
0.10105
0.01581
0.06066
0.10568
0.27721
