0.10279
0.10559
0.09124
0.26019
0.10140
0.14478
0.24867
0.15593
0.15630
0.05012
0.14933
0.13504
0.14012
0.11408
0.08554
0.23145
0.09729
0.13620
0.05820
0.19030
0.27942
0.09592
0.14657
0.05418
0.24968
0.16162
0.14048
0.26869
0.07469
0.18706
0.13332
0.25915
0.14599
0.11034
0.08099
0.09988
0.12086
0.08758
0.12526
0.16831
0.26368
0.28511
0.09191
0.10849
0.27759
0.23671
0.17527
0.20522
0.17717
0.17983
0.10138
0.16773
0.13534
0.26884
0.11238
0.25565
0.22027
0.14907
0.15346
0.10863
0.28333
0.26774
0.13503
0.25100
0.28397
0.30826
0.04179
0.18852
0.12663
0.04389
0.15433
0.33286
0.26420
0.22861
0.23357
0.14468
0.11257
0.03574
0.20397
0.15749
0.31703
0.19975
0.33261
0.28398
0.28447
0.31827
0.10442
0.07093
0.13452
0.26081
0.30322
0.17563
0.09344
0.25311
0.08166
0.13185
0.21615
0.19882
0.21509
0.15998
0.09693
0.20094
0.11913
0.11875
0.19687
0.29210
0.16763
0.17934
0.19401
0.27504
0.03513
0.27218
0.10993
0.21688
0.10873
0.22301
0.27483
0.08786
0.09301
0.19932
0.22200
0.11887
0.26469
0.02393
0.09531
0.13425
0.32369
0.26608
0.13630
0.25799
0.10158
0.15148
0.29176
0.33770
0.11388
0.15801
0.06353
0.28924
0.28814
0.05778
0.16329
0.05873
0.29601
0.22509
0.14731
0.28075
0.05511
0.36344
0.17222
0.10857
0.16267
0.23525
0.08996
0.29113
0.29480
0.33872
0.11192
0.17065
0.18178
0.14324
0.25911
0.25234
0.25025
0.33053
0.09871
0.10900
0.30026
0.28249
0.06628
0.26215
0.06424
0.23299
0.25051
0.03477
0.18506
0.20079
0.08978
0.08793
0.20006
0.26469
0.05816
0.11029
0.16524
0.15008
0.10306
0.17244
0.21942
0.25419
0.23902
0.16107
0.11146
0.07372
0.09616
0.16710
0.16651
0.25947
0.16857
0.16297
0.07023
0.28417
0.22055
0.09280
0.17632
0.15171
0.07457
0.21994
0.12054
0.21480
0.25859
0.11962
0.22648
0.23359
0.10464
0.22507
0.27801
0.24619
0.13878
0.18456
0.21495
0.32766
0.11706
0.22878
0.11085
0.08222
0.09681
0.05952
0.18918
0.15430
0.15632
0.05425
0.23884
0.11587
0.25875
0.11887
0.07903
0.29066
0.10243
0.05034
0.12471
0.28090
0.07882
0.29042
0.09032
0.11220
0.19223
0.16646
0.10395
0.08214
0.14780
0.10814
0.10095
0.11436
0.16850
0.27659
0.15699
0.15821
0.20449
0.04942
0.08260
0.14819
0.19093
0.16781
0.25183
0.16903
0.13923
0.20210
0.25739
0.11427
0.16860
0.04642
0.11686
0.13486
0.06213
0.05911
0.34307
0.14795
0.05192
0.20690
0.14721
0.06204
0.14157
0.34259
0.12182
0.07961
0.29926
0.12369
0.15006
0.17855
0.19688
0.15853
0.12018
0.06199
0.20956
0.22514
0.16316
0.09115
0.19157
0.19088
0.20854
0.15633
0.32609
0.29691
0.27502
0.18804
0.10121
0.27566
0.26459
0.32793
0.07666
0.29985
0.12764
0.28290
0.18716
0.11724
0.15116
0.11658
0.10178
0.19624
0.27156
0.05549
0.07887
0.03564
0.29617
0.15173
0.25449
0.15845
0.22854
0.21748
0.19007
0.10124
0.22720
0.30038
0.35640
0.20712
0.32507
0.25924
0.25668
0.28279
0.30291
0.28092
0.04563
0.09479
0.12845
0.24090
0.06197
0.09074
0.17743
0.12727
0.25255
0.14526
0.18218
0.12566
0.28427
0.26643
0.20429
0.19444
0.29878
0.10040
0.16810
0.32157
0.08680
0.20257
0.08562
0.06933
0.14976
0.05871
0.24156
0.35350
0.08793
0.11422
0.15114
0.22937
0.11696
0.06360
0.08087
0.07676
0.10461
0.13229
0.18476
0.09269
0.28026
0.17296
0.18494
0.12202
0.18158
0.28470
0.19742
0.25908
0.34549
0.15597
0.29315
0.29306
0.26230
0.26690
0.28354
0.23008
0.34604
0.20326
0.23814
0.21631
0.22623
0.27158
0.18743
0.35165
0.29469
0.27451
0.24569
0.22691
0.23293
0.32902
0.24682
0.22538
0.31511
0.32755
0.18915
0.23850
0.29701
0.25580
0.23056
0.24937
0.27512
0.30625
0.21820
0.22000
0.32810
0.20913
0.21356
0.28028
0.18436
0.31811
0.33533
0.27043
0.28735
0.27368
0.22237
0.22062
0.24344
0.32665
0.21067
0.25869
0.31927
0.18904
0.23534
0.29060
0.17816
0.26708
0.24185
0.29011
0.32079
0.30796
0.22011
0.20311
0.29314
0.35138
0.14668
0.26030
0.17978
0.14345
0.21424
0.34703
0.30340
0.33393
0.16126
0.35009
0.26216
0.26821
0.36925
0.31529
0.23629
0.28607
0.24228
0.25979
0.20817
0.34888
0.26184
0.21675
0.17317
0.31209
0.20677
0.27418
0.28371
0.25782
0.33962
0.32577
0.20106
0.31628
0.32252
0.17933
0.14944
0.25987
0.19504
0.18910
0.16669
0.27524
0.34279
0.22388
0.23722
0.23979
0.23903
0.21504
0.27322
0.24006
0.23690
0.17170
0.27442
0.22904
0.21362
0.20133
0.32435
0.29556
0.15578
0.29123
0.31578
0.24895
0.33388
0.32547
0.22715
0.26811
0.20790
0.28902
0.28729
0.23750
0.25016
0.21856
0.15597
0.29790
0.21955
0.26306
0.21799
0.24752
0.29421
0.28262
0.20393
0.25148
0.26652
0.21128
0.26308
0.21237
0.20870
0.20255
0.23979
0.19999
0.29760
0.32948
0.31045
0.17598
0.17753
0.32815
0.19189
0.18148
0.17896
0.29417
0.28631
0.17885
0.17341
0.27587
0.25528
0.19395
0.14822
0.22545
0.26548
0.16448
0.27734
0.24672
0.28633
0.18234
0.21633
0.26550
0.23461
0.19606
0.24436
0.25010
0.23797
0.36166
0.18487
0.28588
0.22130
0.35409
0.32089
0.21406
0.25905
0.25999
0.26855
0.20323
0.29471
0.27520
0.19127
0.29552
0.26318
0.34169
0.20771
0.28116
0.21043
0.34816
0.19952
0.26279
0.23511
0.18741
0.27696
0.24982
0.23774
0.19902
0.23012
0.29685
0.19741
0.30639
0.22047
0.24476
0.30138
0.27872
0.32808
0.14620
0.19903
0.32058
0.32897
0.22196
0.25270
0.27471
0.26221
0.20004
0.21395
0.30106
0.27829
0.22170
0.23635
0.19658
0.27718
0.29528
0.24861
0.23730
0.19600
0.32962
0.23332
0.15826
0.19838
0.28214
0.28405
0.25101
0.22041
0.23109
0.35358
0.35703
0.13548
0.22127
0.29854
0.26566
0.25195
0.28799
0.33782
0.25213
0.18964
0.19667
0.19649
0.25655
0.34821
0.26721
0.29610
0.26309
0.21863
0.26581
0.28960
0.27702
0.15880
0.31747
0.22038
0.24514
0.33022
0.28504
0.23676
0.24859
0.23484
0.29800
0.29634
0.32892
0.21702
0.27906
0.20983
0.28881
0.30621
0.12671
0.19995
0.19238
0.20301
0.26084
0.22981
0.21833
0.23024
0.21252
0.22037
0.18623
0.23007
0.33779
0.23408
0.22581
0.18081
0.29065
0.23825
0.22499
0.16286
0.31643
0.28756
0.32471
0.22883
0.18112
0.23681
0.26169
0.18834
0.26358
0.15749
0.32088
0.25287
0.33032
0.28981
0.30906
0.34071
0.27933
0.21813
0.26168
0.14055
0.20683
0.24267
0.17897
0.23920
0.29606
0.21708
0.28344
0.37311
0.29389
0.32236
0.25562
0.29005
0.29655
0.35117
0.23077
0.26331
0.32649
0.32566
0.25495
0.32493
0.37725
0.21809
0.22533
0.32063
0.22260
0.32154
0.31303
0.24729
0.24043
0.33992
0.22876
0.25387
0.31186
0.24186
0.20440
0.21042
0.26185
0.27710
0.30455
0.28359
0.28276
0.22304
0.26296
0.26521
0.28059
0.24618
0.27074
0.12978
0.33078
0.32456
0.35245
0.31732
0.29945
0.39589
0.37758
0.28228
0.18157
0.30204
0.36846
0.28672
0.20210
0.31992
0.33933
0.23833
0.22288
0.34165
0.22395
0.27853
0.25586
0.34633
0.34272
0.41716
0.30420
0.30432
0.27328
0.37810
0.29034
0.31637
0.30722
0.33363
0.23799
0.17345
0.31395
0.42690
0.24343
0.37615
0.41238
0.22461
0.27821
0.33653
0.32688
0.28424
0.25828
0.28942
0.18986
0.28579
0.28376
0.30126
0.30871
0.33954
0.27638
0.29515
0.26182
0.23232
0.23497
0.39892
0.25454
0.14679
0.34507
0.20545
0.16972
0.38788
0.15536
0.26049
0.21241
0.26738
0.22463
0.43915
0.20135
0.34020
0.38903
0.24838
0.21793
0.26593
0.28694
0.21106
0.35227
0.20442
0.35281
0.34825
0.26762
0.25504
0.24361
0.32414
0.27773
0.19381
0.33634
0.39977
0.29551
0.31218
0.37042
0.32096
0.25389
0.26659
0.27954
0.39125
0.22170
0.22855
0.25911
0.36367
0.29140
0.24547
0.26531
0.33880
0.37621
0.21891
0.30311
0.31749
0.29288
0.30257
0.25456
0.37212
0.31430
0.27868
0.31233
0.30412
0.31300
0.26087
0.27080
0.22954
0.33313
0.27004
0.25694
0.31654
0.24703
0.22882
0.28940
0.16237
0.31357
0.18907
0.03921
0.11062
0.15903
0.26300
0.31529
0.21046
0.29201
0.35485
0.16206
0.06284
0.17827
0.07634
0.27987
0.20386
0.15212
0.28331
0.07577
0.18778
0.19845
0.13746
0.14371
0.08183
0.22679
0.28730
0.23296
0.19813
0.27276
0.05917
0.29396
0.20073
0.07135
0.08213
0.16436
0.27517
0.14395
0.17846
0.20364
0.30108
0.06727
0.05788
0.10435
0.09509
0.30983
0.17944
0.05526
0.20389
0.27391
0.11111
0.25981
0.22088
0.04475
0.27330
0.10214
0.05781
0.24298
0.19657
0.20334
0.06405
0.05944
0.22219
0.20643
0.26830
0.28406
0.03885
0.06137
0.15679
0.21161
0.17280
0.19825
0.07375
0.25736
0.15485
0.12784
0.24527
0.29998
0.13801
0.11686
0.13063
0.09991
0.06047
0.16510
0.10485
0.19623
0.23048
0.26374
0.19780
0.35774
0.19232
0.18824
0.17478
0.19509
0.21753
0.03915
0.23127
0.07872
0.06926
0.17276
0.22835
0.28225
0.25099
0.03275
0.09289
0.10749
0.12991
0.22484
0.19438
0.08325
0.15731
0.29405
0.17613
0.21612
0.08539
0.06098
0.06122
0.15638
0.05450
0.09610
0.25962
0.29997
0.08289
0.10189
0.05147
0.10984
0.08183
0.25607
