0.08751
0.13131
0.07215
0.26495
0.10912
0.16365
0.24538
0.14248
0.19263
0.11500
0.19371
0.12095
0.17253
0.11078
0.09493
0.23659
0.09897
0.13653
0.09159
0.14443
0.27321
0.08700
0.15139
0.03811
0.22158
0.16615
0.10883
0.27905
0.09020
0.16659
0.16436
0.27976
0.13271
0.09663
0.10711
0.09288
0.12232
0.10118
0.12742
0.16423
0.29163
0.27939
0.05999
0.16829
0.30223
0.24919
0.17022
0.25609
0.20278
0.17108
0.09493
0.17822
0.11623
0.29450
0.09373
0.21232
0.23184
0.14677
0.15897
0.08166
0.28747
0.28737
0.16849
0.20995
0.29738
0.31233
0.04446
0.20424
0.12517
0.02875
0.13009
0.32555
0.30897
0.18382
0.25028
0.15355
0.05202
0.02304
0.22318
0.19831
0.29968
0.17394
0.33621
0.27931
0.27584
0.35021
0.10308
0.08914
0.14936
0.26870
0.34204
0.18955
0.08172
0.29100
0.05938
0.14418
0.20743
0.22182
0.20699
0.17723
0.09294
0.17692
0.11825
0.11471
0.24869
0.29977
0.19082
0.15789
0.15738
0.29409
0.04554
0.26101
0.08124
0.24183
0.11061
0.15681
0.29538
0.04909
0.08751
0.22659
0.21695
0.06706
0.29879
0.02442
0.10826
0.14829
0.33003
0.26660
0.17182
0.25121
0.08693
0.12193
0.26533
0.32995
0.11995
0.15621
0.09124
0.29341
0.24775
0.04966
0.19719
0.03179
0.30604
0.11610
0.15604
0.30754
0.09598
0.38408
0.19068
0.08652
0.16553
0.29574
0.11617
0.33556
0.30694
0.33560
0.10780
0.12903
0.15484
0.19649
0.31679
0.26062
0.24310
0.33405
0.08654
0.16204
0.28798
0.28480
0.07016
0.25003
0.05364
0.25914
0.26245
0.05817
0.13826
0.21117
0.09106
0.05424
0.13838
0.30124
0.09408
0.10819
0.22821
0.15416
0.10985
0.14533
0.26188
0.26775
0.25073
0.22015
0.12580
0.08104
0.06052
0.17036
0.12688
0.26516
0.17230
0.16234
0.06548
0.28031
0.21313
0.07471
0.18776
0.15233
0.06039
0.20377
0.12205
0.22086
0.25098
0.06435
0.23463
0.25037
0.13214
0.26678
0.25082
0.26109
0.12663
0.28124
0.24122
0.36349
0.10684
0.23286
0.15352
0.06879
0.06082
0.04388
0.18680
0.18926
0.18922
0.04701
0.25187
0.09929
0.26038
0.14913
0.05914
0.30384
0.11408
0.03664
0.10657
0.30556
0.08884
0.30218
0.10701
0.11278
0.13542
0.23920
0.10872
0.05921
0.14902
0.10564
0.11180
0.16624
0.09853
0.26985
0.14906
0.14932
0.21505
0.05573
0.07345
0.12465
0.20008
0.16345
0.19506
0.19492
0.16536
0.26530
0.27302
0.09006
0.18330
0.05403
0.07160
0.13016
0.06353
0.03067
0.38242
0.18263
0.06246
0.20150
0.15652
0.06958
0.18368
0.35690
0.12823
0.05826
0.31545
0.10997
0.21123
0.20248
0.19973
0.13310
0.10356
0.09111
0.20156
0.23993
0.17092
0.09228
0.22170
0.17243
0.17867
0.13809
0.33309
0.30306
0.29368
0.17957
0.13472
0.30028
0.30052
0.33750
0.06267
0.26681
0.13683
0.29453
0.12178
0.06372
0.16703
0.16593
0.11572
0.21652
0.24698
0.10497
0.06019
0.09737
0.26212
0.15041
0.26716
0.15119
0.23774
0.22492
0.14158
0.06608
0.26815
0.31054
0.36853
0.24162
0.33965
0.21968
0.25987
0.29337
0.26453
0.28146
0.06126
0.08733
0.13282
0.23815
0.10315
0.04200
0.22503
0.14498
0.20815
0.11107
0.19944
0.11065
0.27689
0.28510
0.22327
0.18956
0.32846
0.14692
0.13221
0.32790
0.06884
0.25967
0.08023
0.07526
0.19323
0.08511
0.25515
0.34348
0.05792
0.08940
0.14321
0.28054
0.10331
0.05534
0.05145
0.05602
0.07887
0.08887
0.21759
0.06259
0.27297
0.15602
0.20287
0.10757
0.19953
0.29444
0.20354
0.25906
0.35334
0.17965
0.25424
0.31157
0.29889
0.31436
0.29042
0.24543
0.34069
0.27201
0.23575
0.24941
0.23839
0.28275
0.18754
0.35490
0.32289
0.26972
0.25494
0.24278
0.25723
0.33391
0.29388
0.24088
0.31339
0.32191
0.22328
0.25349
0.30962
0.25837
0.24702
0.24669
0.28780
0.30600
0.26696
0.22603
0.35378
0.27524
0.24916
0.32164
0.21161
0.30481
0.33736
0.28439
0.31025
0.29087
0.27035
0.22678
0.26680
0.33519
0.22802
0.29490
0.32468
0.23579
0.26645
0.28647
0.18337
0.30069
0.26969
0.28319
0.32033
0.28018
0.26498
0.18166
0.23809
0.36378
0.11620
0.27476
0.21416
0.18686
0.19239
0.35159
0.29291
0.30250
0.15883
0.35039
0.26232
0.26008
0.35774
0.31719
0.28690
0.28380
0.25300
0.27588
0.19369
0.34500
0.27764
0.23211
0.16301
0.33069
0.21199
0.23103
0.29865
0.24071
0.35902
0.30753
0.19437
0.30680
0.32073
0.19134
0.18875
0.28308
0.17221
0.18593
0.13955
0.29172
0.33644
0.27353
0.25037
0.23858
0.28415
0.21437
0.27837
0.28082
0.28604
0.20307
0.28368
0.27578
0.21939
0.17281
0.34442
0.29050
0.18747
0.31788
0.31677
0.24004
0.35304
0.31249
0.22369
0.28902
0.22239
0.29579
0.30331
0.26911
0.27107
0.23814
0.15024
0.32791
0.21271
0.29340
0.21735
0.25508
0.30531
0.28864
0.20054
0.24904
0.29436
0.19779
0.28105
0.19290
0.23628
0.22753
0.23523
0.21824
0.29830
0.32267
0.32340
0.24580
0.21687
0.33026
0.22460
0.22563
0.22051
0.30823
0.31382
0.16544
0.16918
0.28228
0.26963
0.21244
0.15499
0.24096
0.27927
0.20888
0.22120
0.24719
0.30275
0.17824
0.23393
0.27751
0.26385
0.18140
0.26553
0.27264
0.24580
0.36955
0.18444
0.30183
0.22948
0.35425
0.30278
0.25828
0.26503
0.29230
0.27501
0.19497
0.28858
0.28257
0.25142
0.28819
0.23661
0.33874
0.25626
0.27748
0.22063
0.34083
0.21984
0.29667
0.21787
0.26564
0.28293
0.24959
0.22042
0.24654
0.24821
0.30603
0.19883
0.30394
0.24195
0.27263
0.27376
0.28297
0.28034
0.14147
0.23718
0.32324
0.33229
0.25457
0.27136
0.31126
0.27437
0.25578
0.22244
0.31383
0.30042
0.24808
0.24465
0.20231
0.28917
0.31383
0.24809
0.25540
0.25167
0.32805
0.29291
0.17465
0.19348
0.28490
0.28024
0.27518
0.25635
0.24591
0.34709
0.35119
0.14041
0.25067
0.31810
0.25852
0.25745
0.30825
0.34090
0.24161
0.19501
0.21025
0.24860
0.27562
0.36413
0.29190
0.27289
0.28881
0.23028
0.24619
0.29370
0.28439
0.17693
0.32977
0.22694
0.26063
0.33275
0.29791
0.25759
0.21678
0.26389
0.29144
0.33026
0.35123
0.24369
0.27790
0.21331
0.31658
0.30851
0.13117
0.26010
0.20282
0.23816
0.26682
0.24025
0.27406
0.24924
0.28089
0.20833
0.24495
0.26064
0.34251
0.28152
0.25820
0.18666
0.31290
0.25338
0.23053
0.20847
0.33533
0.29251
0.32854
0.25160
0.23354
0.27882
0.25143
0.24331
0.26460
0.17004
0.31401
0.24935
0.32893
0.26557
0.30645
0.33799
0.26154
0.26822
0.29529
0.17161
0.23362
0.28041
0.23425
0.30216
0.29316
0.26535
0.31904
0.38578
0.30771
0.30422
0.27076
0.30872
0.28126
0.34420
0.25098
0.26774
0.32220
0.32590
0.28016
0.31907
0.38366
0.23639
0.25033
0.30995
0.23974
0.31961
0.32719
0.23865
0.24292
0.34042
0.23438
0.28059
0.31726
0.27658
0.23566
0.24654
0.25911
0.24470
0.27864
0.32929
0.29092
0.23655
0.29288
0.26733
0.29363
0.26520
0.29712
0.13182
0.29189
0.31646
0.35409
0.31430
0.32228
0.42568
0.42202
0.26209
0.19728
0.29081
0.37765
0.30233
0.21701
0.29475
0.35047
0.25093
0.24649
0.32105
0.22171
0.26387
0.25839
0.31682
0.36340
0.43470
0.33585
0.29306
0.24674
0.39226
0.32556
0.31676
0.29833
0.37922
0.28084
0.18661
0.33032
0.46490
0.26047
0.42078
0.43415
0.22095
0.28725
0.35736
0.31354
0.29927
0.22715
0.27169
0.24565
0.31229
0.30475
0.31500
0.31239
0.37806
0.25870
0.25528
0.26272
0.24883
0.23998
0.41110
0.24823
0.13200
0.34268
0.20683
0.22594
0.41496
0.16998
0.25542
0.23400
0.26696
0.25015
0.45177
0.19695
0.32749
0.40026
0.25600
0.24056
0.23903
0.30493
0.20541
0.36645
0.19565
0.36714
0.35236
0.26847
0.27446
0.21534
0.33344
0.30902
0.23846
0.36500
0.43526
0.34691
0.30733
0.37618
0.38382
0.22604
0.26434
0.28705
0.38385
0.21855
0.24548
0.25028
0.36317
0.27289
0.27321
0.24437
0.35464
0.37121
0.26774
0.28244
0.34832
0.30659
0.28274
0.26128
0.37698
0.28531
0.31173
0.28482
0.27605
0.34987
0.27410
0.29621
0.24704
0.32568
0.28463
0.24339
0.31406
0.30976
0.23691
0.29917
0.23276
0.30663
0.22838
0.03505
0.21493
0.20149
0.20440
0.23401
0.25620
0.23099
0.33317
0.23839
0.04124
0.21296
0.05295
0.29929
0.20006
0.18117
0.29606
0.04864
0.11566
0.23863
0.24352
0.14110
0.14102
0.27340
0.28594
0.19709
0.21805
0.29029
0.09285
0.33918
0.20650
0.09612
0.08114
0.16200
0.33680
0.17088
0.23988
0.16350
0.28847
0.04666
0.06710
0.05382
0.07805
0.24755
0.18650
0.14395
0.19335
0.26330
0.13084
0.31981
0.22101
0.03894
0.28816
0.06767
0.09019
0.28264
0.18487
0.29228
0.08887
0.09987
0.19353
0.19607
0.27874
0.25848
0.07358
0.03882
0.18515
0.20617
0.17869
0.19739
0.11137
0.16333
0.20108
0.12123
0.24249
0.29276
0.11390
0.16254
0.16624
0.10976
0.04912
0.26567
0.14488
0.19462
0.25981
0.26677
0.18887
0.34401
0.28955
0.26467
0.21205
0.24059
0.20978
0.03203
0.26580
0.08895
0.04074
0.23801
0.22937
0.28409
0.20108
0.07614
0.06675
0.20110
0.22431
0.26999
0.30865
0.07450
0.18675
0.32599
0.12686
0.23442
0.13780
0.02352
0.06254
0.13697
0.12442
0.07136
0.29727
0.32305
0.13446
0.12116
0.04737
0.04967
0.08040
0.25215
