0.14735
0.10587
0.07578
0.25831
0.09420
0.13464
0.23118
0.16102
0.20282
0.05722
0.21990
0.13206
0.14810
0.12909
0.15372
0.22917
0.10940
0.13885
0.06033
0.15905
0.27269
0.14264
0.14612
0.04671
0.22529
0.15784
0.09827
0.24442
0.11826
0.22671
0.16620
0.29689
0.12833
0.10573
0.12911
0.08898
0.11437
0.09135
0.13326
0.18526
0.30760
0.26222
0.10575
0.19001
0.29142
0.17886
0.18564
0.27003
0.17835
0.17339
0.10406
0.15750
0.15203
0.30211
0.11509
0.23072
0.24434
0.14727
0.14344
0.11853
0.24997
0.29147
0.17607
0.20010
0.26762
0.33038
0.07299
0.17583
0.10056
0.09593
0.12283
0.28670
0.30967
0.21896
0.28848
0.14479
0.06116
0.02894
0.25173
0.12755
0.28220
0.15914
0.29360
0.27932
0.26651
0.34382
0.09773
0.07823
0.16564
0.24857
0.31088
0.19614
0.08812
0.27624
0.07882
0.15265
0.19677
0.22606
0.21937
0.17660
0.09494
0.19664
0.12190
0.10692
0.23297
0.28445
0.17373
0.15858
0.14874
0.27787
0.04864
0.27140
0.09083
0.20293
0.10567
0.14090
0.27054
0.06352
0.08963
0.20810
0.27044
0.06286
0.29619
0.03133
0.11455
0.15796
0.30750
0.27687
0.16294
0.25626
0.12837
0.10208
0.31359
0.33041
0.09035
0.16442
0.07968
0.28722
0.25796
0.10147
0.19629
0.05230
0.29342
0.16996
0.13204
0.22426
0.09105
0.34079
0.20468
0.08694
0.15494
0.24640
0.09789
0.31866
0.30509
0.33060
0.17328
0.17873
0.14212
0.20121
0.29474
0.28762
0.28574
0.32146
0.08592
0.14581
0.31082
0.28276
0.07941
0.27400
0.05667
0.25202
0.27236
0.07730
0.12273
0.19803
0.08683
0.07596
0.15899
0.28788
0.07980
0.10445
0.20596
0.14053
0.08590
0.15365
0.21720
0.24582
0.26132
0.20978
0.15385
0.08561
0.10315
0.19841
0.13404
0.26874
0.19982
0.16068
0.10397
0.31079
0.23651
0.08638
0.20650
0.17042
0.05490
0.27496
0.11871
0.21761
0.25363
0.11382
0.23027
0.24343
0.10513
0.25713
0.26807
0.26509
0.14415
0.27589
0.21634
0.34579
0.11854
0.23244
0.17701
0.09067
0.09729
0.05483
0.20078
0.22850
0.19196
0.07251
0.22524
0.11105
0.24947
0.14510
0.05709
0.29379
0.10666
0.04773
0.09970
0.29951
0.06769
0.27534
0.12086
0.10287
0.13297
0.21397
0.10557
0.07456
0.12414
0.12623
0.11412
0.16428
0.14447
0.27824
0.12283
0.18398
0.19893
0.12252
0.09463
0.13870
0.20057
0.17042
0.20726
0.16058
0.20915
0.22185
0.27756
0.09422
0.20387
0.05569
0.11944
0.13033
0.08584
0.03207
0.36504
0.18134
0.10620
0.19077
0.18832
0.08444
0.17940
0.32002
0.11794
0.08220
0.31479
0.11079
0.16378
0.18579
0.13261
0.19365
0.11467
0.07279
0.20329
0.24088
0.22519
0.09654
0.17620
0.18410
0.17600
0.16117
0.30483
0.26868
0.26456
0.18818
0.13602
0.28825
0.33519
0.30140
0.05439
0.29104
0.11598
0.31848
0.16754
0.09056
0.15761
0.12854
0.10191
0.21010
0.24692
0.08490
0.10201
0.07033
0.27701
0.16358
0.26934
0.15783
0.25498
0.25028
0.14582
0.08951
0.25155
0.25780
0.36654
0.25135
0.33640
0.21558
0.26328
0.27520
0.28468
0.28861
0.08527
0.09497
0.12388
0.21935
0.07684
0.09947
0.20550
0.11350
0.19726
0.09990
0.15751
0.14307
0.29332
0.26914
0.25476
0.19638
0.31390
0.13204
0.11567
0.33796
0.06347
0.20840
0.06524
0.08626
0.21239
0.06197
0.25984
0.36102
0.06469
0.11074
0.13250
0.22964
0.08854
0.09255
0.08740
0.08662
0.08993
0.09154
0.17409
0.14025
0.29296
0.20037
0.19645
0.13459
0.20783
0.29590
0.18155
0.25821
0.35130
0.16520
0.28763
0.29351
0.27539
0.30324
0.28576
0.24001
0.35818
0.24078
0.23273
0.22779
0.22342
0.27184
0.16471
0.36106
0.33691
0.28101
0.23460
0.25167
0.22060
0.32211
0.25829
0.22911
0.31182
0.32037
0.21086
0.22811
0.33090
0.27293
0.24795
0.25797
0.27465
0.32269
0.24337
0.22649
0.33732
0.25271
0.22354
0.32187
0.17168
0.30081
0.34973
0.28677
0.30331
0.28756
0.27070
0.23168
0.26215
0.33254
0.20959
0.27607
0.32675
0.22009
0.25615
0.28496
0.19500
0.29221
0.24147
0.27558
0.30839
0.27160
0.24654
0.18514
0.31225
0.36227
0.12518
0.27697
0.20128
0.16639
0.20101
0.33961
0.30959
0.30990
0.19116
0.36613
0.26516
0.26883
0.35807
0.30516
0.27406
0.28581
0.23607
0.27823
0.17741
0.35104
0.26717
0.23749
0.18840
0.32606
0.20603
0.25280
0.28317
0.26226
0.34795
0.31996
0.19523
0.31493
0.31595
0.17892
0.15248
0.26773
0.19162
0.20706
0.15286
0.30347
0.34029
0.26519
0.23893
0.23746
0.28380
0.22116
0.26905
0.23987
0.26839
0.19032
0.28862
0.26817
0.21782
0.17864
0.32911
0.29623
0.17017
0.31462
0.32256
0.25652
0.34424
0.30592
0.23070
0.26877
0.20164
0.29670
0.31113
0.27227
0.28599
0.23524
0.17963
0.30634
0.22792
0.27638
0.21275
0.24893
0.30029
0.27508
0.17526
0.24587
0.28057
0.18379
0.26441
0.19760
0.23220
0.23036
0.24367
0.21290
0.30721
0.32208
0.31619
0.19685
0.20674
0.31918
0.19692
0.18903
0.20037
0.30299
0.32146
0.17780
0.17798
0.29145
0.23941
0.19940
0.14717
0.23830
0.26952
0.18307
0.26786
0.23231
0.28562
0.17845
0.21859
0.27261
0.26203
0.17902
0.26413
0.27448
0.26296
0.36386
0.18799
0.31504
0.21026
0.35862
0.31693
0.24487
0.26056
0.26500
0.25650
0.21572
0.29713
0.29662
0.24473
0.28439
0.27467
0.34039
0.22412
0.27895
0.23229
0.34011
0.20784
0.27235
0.22678
0.23961
0.27903
0.25764
0.20683
0.21477
0.27239
0.31079
0.20487
0.31190
0.21444
0.24817
0.25646
0.29508
0.29192
0.14798
0.20512
0.32736
0.32890
0.23288
0.23866
0.27815
0.27136
0.21571
0.19441
0.29441
0.28794
0.24088
0.25053
0.19533
0.28744
0.31651
0.26529
0.23674
0.21903
0.31025
0.26961
0.17123
0.19455
0.29411
0.29638
0.27788
0.25184
0.25640
0.34864
0.35558
0.14285
0.21259
0.30331
0.26910
0.24689
0.29117
0.33599
0.24162
0.21218
0.21062
0.24104
0.25428
0.36198
0.32100
0.28806
0.25554
0.23560
0.26590
0.27903
0.27751
0.19078
0.32735
0.22606
0.25329
0.33965
0.27748
0.24351
0.24114
0.24771
0.30201
0.31889
0.32988
0.23642
0.28298
0.20597
0.31171
0.31876
0.12709
0.26233
0.21158
0.23378
0.25916
0.23265
0.27413
0.25715
0.25523
0.25369
0.23350
0.24379
0.33638
0.27523
0.22941
0.18868
0.27841
0.25320
0.23105
0.18744
0.34253
0.29061
0.32436
0.27292
0.22618
0.25784
0.26051
0.23146
0.27004
0.17526
0.30202
0.25838
0.34439
0.27818
0.31579
0.35299
0.28736
0.23754
0.27144
0.15752
0.20921
0.26088
0.21126
0.28569
0.29477
0.25813
0.31747
0.38096
0.31647
0.32872
0.27833
0.28566
0.28754
0.36345
0.21877
0.27269
0.31674
0.31627
0.27142
0.32704
0.39771
0.22468
0.23488
0.32635
0.23633
0.32112
0.32884
0.23486
0.22688
0.35218
0.23003
0.24775
0.29801
0.26073
0.23946
0.21999
0.24700
0.29220
0.28670
0.30385
0.28771
0.22175
0.27720
0.27522
0.28300
0.24705
0.28512
0.13889
0.32996
0.29168
0.35173
0.31843
0.29447
0.42097
0.39785
0.25348
0.21106
0.26738
0.38203
0.27967
0.23132
0.28453
0.32992
0.24749
0.22188
0.29913
0.23050
0.29241
0.20555
0.32574
0.36710
0.43222
0.28833
0.26109
0.24060
0.38780
0.32937
0.27104
0.26667
0.34011
0.22720
0.20045
0.31601
0.46283
0.24021
0.43000
0.43657
0.18329
0.26524
0.36096
0.31407
0.28566
0.21076
0.25538
0.20777
0.29947
0.27144
0.31686
0.31942
0.36797
0.24768
0.22043
0.26630
0.21322
0.22696
0.37727
0.26790
0.14018
0.31987
0.20489
0.16988
0.39986
0.15886
0.28019
0.23128
0.27649
0.25999
0.42373
0.19930
0.30953
0.38924
0.23883
0.23950
0.22826
0.28815
0.21092
0.34118
0.21108
0.35874
0.33137
0.24242
0.25589
0.21349
0.33143
0.27170
0.20427
0.35948
0.40649
0.32649
0.28577
0.35957
0.34415
0.18072
0.27507
0.27987
0.38047
0.21518
0.22711
0.26692
0.36829
0.23010
0.27713
0.24148
0.31057
0.36917
0.22959
0.24895
0.34257
0.30407
0.27321
0.24418
0.36824
0.26185
0.29564
0.26088
0.24489
0.33699
0.26934
0.29021
0.24025
0.31340
0.22080
0.20730
0.29281
0.27838
0.22578
0.24922
0.16900
0.24698
0.20127
0.09097
0.15389
0.16253
0.26573
0.30638
0.19275
0.29178
0.36516
0.17669
0.11857
0.21819
0.04117
0.29866
0.23003
0.17384
0.26242
0.07935
0.11846
0.20213
0.24292
0.10893
0.15352
0.15090
0.29258
0.24592
0.20608
0.28172
0.10224
0.29751
0.27261
0.04176
0.09871
0.11678
0.27237
0.14329
0.24357
0.22791
0.25453
0.08446
0.07588
0.06290
0.08846
0.28469
0.15614
0.10877
0.18144
0.27696
0.16667
0.26665
0.19536
0.04286
0.26547
0.08296
0.07714
0.25836
0.21889
0.21046
0.03406
0.13057
0.20599
0.20137
0.29626
0.23944
0.05919
0.06056
0.17129
0.21175
0.20008
0.17813
0.07104
0.24433
0.20022
0.09886
0.26438
0.26662
0.07261
0.18823
0.14382
0.05054
0.08805
0.23357
0.18944
0.21621
0.27497
0.27523
0.19971
0.32325
0.24427
0.20065
0.18210
0.25637
0.23834
0.02810
0.26448
0.14487
0.04952
0.23254
0.23973
0.29872
0.29525
0.05589
0.11506
0.20214
0.27667
0.25642
0.30672
0.08302
0.19307
0.26731
0.09670
0.24032
0.11188
0.04346
0.04469
0.19050
0.06162
0.09560
0.29015
0.29425
0.09376
0.10832
0.08158
0.08617
0.10419
0.22108
