0.14699
0.10921
0.10124
0.25265
0.10029
0.14521
0.23555
0.17622
0.19037
0.08868
0.21991
0.16429
0.17035
0.13117
0.15447
0.22539
0.15166
0.13124
0.10644
0.18866
0.27232
0.19727
0.19345
0.06835
0.23699
0.18449
0.20551
0.25509
0.15311
0.18536
0.20734
0.28509
0.13672
0.12785
0.11930
0.09305
0.15847
0.11070
0.12582
0.16066
0.31163
0.26676
0.13325
0.20176
0.26805
0.23223
0.17329
0.24996
0.21083
0.14879
0.10581
0.12610
0.18510
0.33254
0.10031
0.25351
0.22739
0.13612
0.14985
0.11076
0.28662
0.29936
0.17685
0.22607
0.30477
0.30689
0.10593
0.20500
0.18283
0.06464
0.13999
0.29975
0.32416
0.20618
0.27536
0.19258
0.09882
0.08757
0.22581
0.15370
0.31357
0.27613
0.30587
0.28756
0.26707
0.37364
0.09614
0.14003
0.15663
0.28110
0.33572
0.20583
0.08734
0.30362
0.07035
0.20858
0.20453
0.22542
0.20912
0.16180
0.10989
0.17450
0.16680
0.16965
0.26501
0.29472
0.18579
0.17109
0.23073
0.28536
0.05294
0.23791
0.12715
0.27245
0.14719
0.15869
0.27221
0.07743
0.09546
0.22455
0.20468
0.12859
0.29671
0.08328
0.12509
0.19237
0.32027
0.27950
0.23103
0.24272
0.09750
0.17117
0.31308
0.32021
0.16560
0.17733
0.10001
0.29839
0.23238
0.09415
0.21321
0.08084
0.28445
0.19230
0.16916
0.27211
0.09768
0.35328
0.19293
0.09345
0.20840
0.28354
0.12337
0.33524
0.32150
0.33177
0.13416
0.16619
0.15190
0.26682
0.25445
0.29778
0.28168
0.32958
0.10161
0.16928
0.28716
0.28754
0.14657
0.28045
0.08859
0.25232
0.26606
0.06001
0.12686
0.22140
0.10855
0.13660
0.19604
0.27422
0.12876
0.11676
0.26625
0.16136
0.14003
0.19693
0.25151
0.26477
0.26010
0.25502
0.18024
0.10521
0.11906
0.14852
0.17879
0.23147
0.24446
0.19176
0.14920
0.27991
0.24439
0.07494
0.22305
0.16663
0.06246
0.26262
0.11318
0.22624
0.25712
0.13886
0.28594
0.26162
0.15188
0.26804
0.28331
0.22672
0.13606
0.30003
0.23622
0.32363
0.11406
0.21795
0.14206
0.12701
0.11896
0.08504
0.21993
0.21097
0.16792
0.10276
0.28483
0.14217
0.26932
0.17415
0.08963
0.28415
0.13933
0.08709
0.13768
0.28879
0.13255
0.30491
0.15824
0.11506
0.21389
0.22564
0.11522
0.05083
0.15066
0.11345
0.16379
0.14184
0.10662
0.25245
0.14711
0.14971
0.20821
0.13395
0.11933
0.15410
0.16295
0.19016
0.19112
0.23670
0.16577
0.26746
0.27604
0.10812
0.17935
0.06897
0.14474
0.12911
0.10611
0.06394
0.36645
0.18426
0.09875
0.23323
0.21747
0.09561
0.17760
0.34686
0.13964
0.14399
0.30416
0.12694
0.19782
0.18843
0.20834
0.20357
0.12755
0.07045
0.23883
0.20095
0.18069
0.10258
0.19067
0.20358
0.19952
0.16562
0.32461
0.28229
0.25847
0.18838
0.11641
0.30858
0.31333
0.35274
0.04634
0.26503
0.12104
0.27173
0.15569
0.07881
0.18212
0.15498
0.13502
0.26577
0.23216
0.08481
0.09205
0.09621
0.28238
0.26111
0.30341
0.17395
0.23848
0.24201
0.21846
0.07410
0.30495
0.24792
0.39395
0.30411
0.32738
0.26203
0.26852
0.31784
0.27428
0.25901
0.09893
0.12611
0.16950
0.23993
0.06618
0.09070
0.23529
0.17052
0.21430
0.11832
0.20820
0.16613
0.29834
0.25303
0.26619
0.21277
0.31148
0.16006
0.14096
0.33228
0.14504
0.21247
0.10098
0.09168
0.20811
0.07210
0.24826
0.34662
0.07393
0.10143
0.18833
0.26857
0.13072
0.07120
0.05682
0.12782
0.11366
0.11112
0.20251
0.08271
0.29270
0.18992
0.23813
0.10057
0.20178
0.30143
0.22090
0.27860
0.34954
0.18566
0.26838
0.30585
0.27907
0.30203
0.28166
0.24707
0.34801
0.26677
0.23685
0.26212
0.21338
0.30174
0.20599
0.35613
0.33618
0.25627
0.25977
0.24646
0.25314
0.35513
0.25515
0.23876
0.26311
0.32605
0.21619
0.25348
0.29928
0.27053
0.23251
0.27192
0.28624
0.31863
0.26457
0.22700
0.35213
0.26587
0.24556
0.36064
0.20953
0.28169
0.34880
0.29458
0.30044
0.28655
0.28982
0.21899
0.28801
0.33924
0.24059
0.27920
0.31123
0.27039
0.25757
0.28706
0.19569
0.29456
0.25708
0.27411
0.30103
0.28089
0.26963
0.19422
0.28696
0.34327
0.12421
0.26655
0.23658
0.20920
0.19092
0.36925
0.29137
0.29694
0.16371
0.33162
0.27557
0.28349
0.35983
0.27405
0.29392
0.31252
0.24553
0.26790
0.19920
0.36714
0.28509
0.24318
0.16520
0.32344
0.19057
0.22485
0.28228
0.24864
0.35622
0.30110
0.18556
0.33385
0.29707
0.16561
0.17476
0.28812
0.19656
0.21864
0.15708
0.30931
0.33044
0.27573
0.26157
0.24372
0.29357
0.17854
0.28414
0.26784
0.25999
0.22555
0.28833
0.28077
0.22028
0.17200
0.34437
0.28237
0.23043
0.33669
0.29668
0.26414
0.34589
0.30218
0.21914
0.27141
0.18601
0.27902
0.31812
0.28275
0.28645
0.24955
0.18197
0.30909
0.21259
0.32164
0.23516
0.26228
0.30795
0.27273
0.18208
0.22658
0.29489
0.19024
0.28673
0.19641
0.27015
0.23346
0.23817
0.23070
0.30964
0.31143
0.32437
0.24721
0.23370
0.29701
0.22121
0.22897
0.23265
0.27830
0.31846
0.18257
0.19221
0.28735
0.25681
0.21098
0.17683
0.24983
0.26044
0.23428
0.26791
0.26860
0.30674
0.18136
0.26044
0.26851
0.29401
0.18645
0.28751
0.27530
0.25610
0.37615
0.19829
0.32760
0.20215
0.34863
0.32528
0.28528
0.27649
0.28586
0.26751
0.20922
0.30469
0.28512
0.26523
0.26406
0.29043
0.33367
0.21203
0.29304
0.25356
0.34321
0.23785
0.30443
0.22973
0.26482
0.29369
0.27080
0.23641
0.24953
0.25624
0.28339
0.21943
0.32675
0.21791
0.26574
0.29102
0.26180
0.27976
0.16163
0.22292
0.31311
0.32392
0.26084
0.26599
0.32097
0.26604
0.26952
0.23503
0.30060
0.27281
0.28742
0.23802
0.20791
0.26900
0.31477
0.23470
0.27028
0.20775
0.32866
0.29587
0.22487
0.21728
0.27448
0.29490
0.27731
0.29932
0.28996
0.33615
0.35532
0.15581
0.21999
0.30406
0.27846
0.27175
0.28866
0.32523
0.23814
0.22274
0.21756
0.25601
0.27682
0.35877
0.31700
0.28712
0.29419
0.21947
0.26280
0.27236
0.26858
0.19011
0.31128
0.23157
0.23526
0.33683
0.32404
0.27320
0.23783
0.26100
0.27186
0.33171
0.32548
0.25855
0.25876
0.22264
0.31300
0.31472
0.14835
0.26939
0.21675
0.25936
0.27853
0.22517
0.29125
0.24118
0.27155
0.23297
0.24759
0.24724
0.33277
0.30434
0.27505
0.18693
0.29536
0.25066
0.23682
0.23669
0.32341
0.24701
0.32134
0.26851
0.27005
0.28642
0.26015
0.24046
0.27914
0.19207
0.33261
0.26829
0.34048
0.26497
0.28927
0.36212
0.26608
0.25568
0.30582
0.18792
0.19611
0.27926
0.24753
0.29265
0.28726
0.30127
0.31192
0.37464
0.30885
0.31821
0.26497
0.30356
0.27223
0.35310
0.26672
0.27837
0.33328
0.32265
0.28886
0.33331
0.39456
0.24460
0.24423
0.32106
0.25950
0.29034
0.33321
0.21249
0.25062
0.31390
0.22906
0.26897
0.30615
0.29327
0.26732
0.26345
0.28046
0.29753
0.29949
0.31432
0.28596
0.27223
0.29616
0.29864
0.29674
0.25958
0.28358
0.15949
0.33733
0.32934
0.37914
0.31410
0.31169
0.40855
0.42527
0.28681
0.17521
0.28808
0.38630
0.28536
0.24781
0.29785
0.34745
0.25116
0.24412
0.33251
0.26076
0.27820
0.23540
0.35080
0.35841
0.43682
0.31595
0.29265
0.26750
0.39183
0.30713
0.31834
0.33243
0.33219
0.23551
0.13550
0.32909
0.45275
0.25274
0.41500
0.42731
0.24003
0.30440
0.32927
0.33182
0.29458
0.26842
0.26310
0.23956
0.29671
0.29155
0.30144
0.31186
0.38220
0.27267
0.27394
0.24655
0.19843
0.24852
0.37494
0.24583
0.12861
0.34368
0.17414
0.19681
0.40696
0.16787
0.26617
0.22925
0.28079
0.27364
0.44949
0.19414
0.29934
0.36878
0.25906
0.23991
0.24723
0.26449
0.20530
0.35178
0.16583
0.36856
0.35888
0.25644
0.25997
0.24122
0.35687
0.29731
0.20379
0.35892
0.42898
0.33226
0.29882
0.36037
0.38382
0.22573
0.25535
0.29872
0.39549
0.17983
0.22677
0.22947
0.37146
0.27601
0.25867
0.27838
0.29398
0.38855
0.24680
0.27171
0.34098
0.31847
0.27015
0.25163
0.39414
0.28158
0.26282
0.28377
0.31613
0.34429
0.27517
0.30173
0.24664
0.32767
0.26918
0.25906
0.32053
0.28001
0.23318
0.26338
0.23377
0.27972
0.20733
0.04292
0.18634
0.23331
0.19898
0.25998
0.23072
0.26608
0.34442
0.25072
0.10629
0.22022
0.05669
0.29065
0.24103
0.19669
0.27894
0.07268
0.15096
0.16231
0.24499
0.10835
0.11258
0.22434
0.25124
0.20065
0.22589
0.28568
0.09202
0.31371
0.27585
0.06680
0.12649
0.14164
0.26983
0.15364
0.25824
0.22729
0.30583
0.07439
0.12559
0.06399
0.05638
0.28325
0.14004
0.17042
0.24773
0.28702
0.15552
0.26244
0.21453
0.07584
0.31476
0.07878
0.09811
0.28880
0.20052
0.27535
0.09964
0.10703
0.18770
0.18842
0.27150
0.25474
0.04387
0.05053
0.17490
0.22755
0.19372
0.21748
0.18450
0.24344
0.18243
0.10600
0.25552
0.27777
0.10157
0.17862
0.17685
0.06456
0.07067
0.24299
0.15432
0.19053
0.21797
0.26997
0.19632
0.30928
0.26458
0.24282
0.26159
0.19107
0.22976
0.07834
0.25506
0.10638
0.04902
0.23074
0.24723
0.27625
0.24111
0.08133
0.07642
0.17449
0.22865
0.23713
0.29433
0.13334
0.23970
0.30155
0.18284
0.23176
0.11439
0.07250
0.08388
0.13392
0.11330
0.15182
0.24299
0.27030
0.11632
0.13088
0.02367
0.12923
0.14466
0.27055
