0.10801
0.10138
0.04165
0.22879
0.08831
0.11851
0.21318
0.13444
0.18048
0.04775
0.15035
0.10390
0.13177
0.10475
0.13526
0.22091
0.17479
0.15254
0.06373
0.14440
0.30383
0.12741
0.16953
0.06519
0.21056
0.13629
0.13176
0.26087
0.06934
0.13513
0.15298
0.26472
0.14380
0.10015
0.08268
0.09469
0.12889
0.08093
0.10997
0.14035
0.29233
0.24724
0.11699
0.11635
0.27136
0.26228
0.14212
0.23296
0.16902
0.12097
0.09096
0.11173
0.10843
0.27970
0.08665
0.24137
0.17300
0.11191
0.15467
0.08244
0.26731
0.32352
0.11707
0.22673
0.28950
0.31708
0.06272
0.16769
0.08480
0.04386
0.13136
0.28432
0.27166
0.17170
0.25191
0.07798
0.07234
0.05328
0.21094
0.14687
0.32632
0.13966
0.30969
0.28170
0.22472
0.35780
0.10296
0.05250
0.13435
0.25278
0.31278
0.15794
0.04781
0.28011
0.06811
0.12935
0.20988
0.20410
0.20737
0.17800
0.09878
0.17603
0.11713
0.10932
0.18860
0.28524
0.13674
0.15031
0.13982
0.28158
0.02783
0.26897
0.08083
0.25540
0.10225
0.13012
0.27077
0.07635
0.07106
0.19837
0.23562
0.05505
0.26558
0.02077
0.08510
0.12170
0.33316
0.26467
0.11440
0.26967
0.08870
0.07838
0.31093
0.33529
0.10725
0.13800
0.08385
0.29092
0.26790
0.03444
0.18473
0.02210
0.28760
0.17307
0.11822
0.30340
0.08989
0.32779
0.17880
0.08577
0.14480
0.24725
0.09659
0.32130
0.28775
0.31923
0.10764
0.11175
0.13850
0.17004
0.23390
0.25987
0.25517
0.31193
0.08850
0.12144
0.29451
0.25599
0.05089
0.27544
0.04423
0.22331
0.21974
0.04155
0.09021
0.18352
0.08163
0.06580
0.16650
0.27605
0.11656
0.10659
0.17337
0.12718
0.08665
0.19176
0.21822
0.23542
0.24027
0.17532
0.09716
0.05077
0.03744
0.15477
0.13361
0.24572
0.18048
0.18720
0.08041
0.24473
0.19656
0.06421
0.18318
0.14499
0.03709
0.20496
0.06116
0.17867
0.24153
0.06104
0.22922
0.24037
0.09421
0.26614
0.25766
0.26131
0.11551
0.21643
0.17283
0.32131
0.12410
0.17316
0.10214
0.04989
0.10695
0.04597
0.14983
0.18383
0.14692
0.03874
0.24823
0.09021
0.21022
0.09796
0.01580
0.26085
0.11621
0.02316
0.10984
0.25769
0.06845
0.27801
0.09011
0.10756
0.15231
0.22679
0.10602
0.06882
0.09295
0.10225
0.09665
0.13197
0.12988
0.23186
0.14429
0.16406
0.17521
0.06384
0.03998
0.13218
0.18798
0.17849
0.25135
0.18061
0.14213
0.25990
0.27044
0.09422
0.16398
0.03989
0.09556
0.11752
0.06890
0.03038
0.37385
0.12341
0.05179
0.20673
0.19699
0.09069
0.12000
0.32046
0.13187
0.05868
0.31976
0.11333
0.14370
0.17834
0.20926
0.14418
0.09656
0.09515
0.19015
0.20852
0.17631
0.09532
0.17050
0.15134
0.19528
0.17415
0.33866
0.24917
0.28904
0.15054
0.08197
0.29706
0.28451
0.33981
0.02668
0.27315
0.10616
0.29756
0.14341
0.08087
0.14431
0.10074
0.12256
0.15443
0.22778
0.04724
0.08518
0.07419
0.23338
0.11395
0.22278
0.15056
0.24362
0.22426
0.12782
0.06066
0.22563
0.30111
0.38639
0.19828
0.31201
0.25890
0.24698
0.29794
0.25473
0.26862
0.06362
0.08221
0.10610
0.21060
0.06261
0.06116
0.19541
0.11256
0.19657
0.10210
0.19414
0.09282
0.25690
0.25314
0.26491
0.20898
0.32240
0.11765
0.13445
0.32976
0.07993
0.21666
0.04829
0.10874
0.16939
0.06890
0.25362
0.31010
0.04555
0.05795
0.11452
0.25847
0.11196
0.06100
0.05004
0.05096
0.04935
0.06664
0.18120
0.10873
0.28108
0.14945
0.17809
0.07726
0.20873
0.28927
0.20410
0.27645
0.34469
0.16572
0.26921
0.31261
0.31007
0.33195
0.28265
0.22516
0.34628
0.26347
0.24647
0.27447
0.21853
0.27034
0.18507
0.36195
0.30443
0.25204
0.27044
0.25630
0.27044
0.35430
0.29352
0.25639
0.30915
0.32713
0.25333
0.26105
0.29633
0.26441
0.24913
0.25636
0.31660
0.29096
0.26823
0.24259
0.34366
0.25395
0.21756
0.30347
0.19441
0.31088
0.34781
0.28946
0.29437
0.30605
0.29949
0.24748
0.30499
0.31726
0.19689
0.30318
0.31053
0.26793
0.30906
0.29313
0.19392
0.30218
0.26502
0.27804
0.31072
0.27408
0.26028
0.20310
0.26169
0.35990
0.13108
0.27960
0.21231
0.18963
0.19205
0.37486
0.31001
0.34178
0.17010
0.32262
0.27088
0.28592
0.34968
0.32445
0.29851
0.29151
0.23779
0.27101
0.21731
0.34235
0.28473
0.26815
0.17914
0.32845
0.20486
0.26875
0.28221
0.26621
0.33730
0.29058
0.22202
0.33284
0.33225
0.18444
0.18320
0.28478
0.19622
0.21209
0.17313
0.30452
0.31476
0.28796
0.29688
0.24930
0.29512
0.22732
0.29512
0.28264
0.28910
0.19877
0.27112
0.28241
0.22250
0.19114
0.34547
0.27984
0.18007
0.29952
0.29514
0.23892
0.34111
0.29853
0.22174
0.29469
0.21163
0.27477
0.31868
0.29356
0.26700
0.21921
0.17559
0.32928
0.22629
0.29341
0.21854
0.30110
0.31617
0.27513
0.20715
0.26112
0.29236
0.20114
0.30224
0.21082
0.23513
0.23594
0.23993
0.23974
0.31363
0.30406
0.31595
0.25073
0.18002
0.31969
0.22358
0.20418
0.19927
0.27489
0.29868
0.18572
0.19587
0.29329
0.30617
0.22156
0.16427
0.22633
0.25914
0.21926
0.25330
0.28355
0.31581
0.20400
0.22378
0.27344
0.28047
0.19023
0.31618
0.25380
0.27533
0.39189
0.20522
0.29465
0.21385
0.34694
0.31659
0.27144
0.27868
0.27556
0.26704
0.19037
0.31062
0.27205
0.27926
0.28152
0.27335
0.33473
0.25430
0.29347
0.19188
0.32519
0.24150
0.28166
0.21600
0.25492
0.28849
0.26528
0.23091
0.25282
0.21660
0.31461
0.19301
0.31398
0.23025
0.25156
0.30003
0.28122
0.26504
0.16171
0.24809
0.30924
0.31824
0.26693
0.28560
0.32257
0.26644
0.26043
0.22145
0.28609
0.29751
0.25849
0.25352
0.19571
0.28167
0.30370
0.26062
0.26572
0.23947
0.32235
0.27740
0.17813
0.21282
0.28443
0.27567
0.29455
0.29413
0.22787
0.35725
0.33809
0.17458
0.25633
0.30591
0.25906
0.28688
0.31545
0.31614
0.25361
0.21386
0.20926
0.25052
0.29696
0.33315
0.27977
0.30432
0.28845
0.24171
0.25947
0.28632
0.28215
0.17964
0.31408
0.20557
0.26042
0.31911
0.30209
0.26824
0.22931
0.26592
0.28949
0.32332
0.32281
0.27544
0.24540
0.21415
0.29701
0.29973
0.14343
0.26868
0.22039
0.26119
0.29823
0.25706
0.25342
0.25387
0.26968
0.21227
0.24179
0.21767
0.31946
0.26466
0.27593
0.22012
0.29167
0.25374
0.23301
0.20727
0.30819
0.27443
0.30461
0.24416
0.25170
0.28036
0.26066
0.24266
0.27694
0.19433
0.31370
0.27186
0.31805
0.26052
0.28411
0.31958
0.26756
0.24793
0.31374
0.18818
0.19344
0.30866
0.24760
0.29043
0.29777
0.28032
0.32010
0.35556
0.29333
0.30252
0.27748
0.30259
0.28986
0.33967
0.23621
0.26158
0.31970
0.30915
0.28204
0.33163
0.37421
0.22902
0.26519
0.31339
0.24325
0.31171
0.33657
0.25599
0.23467
0.32314
0.24078
0.29912
0.29687
0.26164
0.25782
0.26762
0.25641
0.24349
0.29303
0.31735
0.27558
0.27815
0.27953
0.27607
0.28823
0.28985
0.27203
0.14060
0.30468
0.31950
0.34954
0.31650
0.32434
0.39267
0.39443
0.28184
0.19547
0.27547
0.37933
0.30654
0.19872
0.30101
0.35806
0.24300
0.26219
0.33356
0.24249
0.26761
0.24936
0.33717
0.36836
0.41923
0.32561
0.30378
0.24698
0.37738
0.25277
0.30853
0.30076
0.34147
0.26062
0.21291
0.32631
0.44359
0.25644
0.39385
0.41111
0.22999
0.31121
0.35476
0.30943
0.28986
0.24344
0.26672
0.17894
0.28174
0.28908
0.28546
0.29770
0.38039
0.27461
0.27702
0.25601
0.22617
0.23981
0.39186
0.24890
0.14683
0.35967
0.17595
0.22221
0.39736
0.17049
0.26458
0.21660
0.24110
0.23355
0.43643
0.20837
0.30891
0.38402
0.25176
0.23288
0.25127
0.28485
0.20849
0.35163
0.19654
0.35986
0.36339
0.26941
0.25334
0.24894
0.34128
0.28659
0.23140
0.31359
0.41572
0.31492
0.28425
0.34424
0.38233
0.21560
0.26484
0.28668
0.37454
0.19638
0.23422
0.21383
0.37661
0.27569
0.25845
0.25117
0.34129
0.37514
0.25772
0.26788
0.33204
0.30368
0.27103
0.24299
0.39629
0.30122
0.25510
0.28360
0.31694
0.35064
0.25589
0.28896
0.24555
0.35054
0.27232
0.25400
0.32463
0.27142
0.20841
0.26578
0.06646
0.29348
0.23648
0.05794
0.17446
0.22047
0.18106
0.28468
0.15675
0.27328
0.34273
0.21236
0.06432
0.15440
0.06712
0.31831
0.25964
0.18952
0.30997
0.08486
0.14200
0.18206
0.17535
0.09581
0.08751
0.21136
0.24380
0.13256
0.21450
0.20663
0.04664
0.32889
0.22537
0.03968
0.03193
0.14019
0.29149
0.20740
0.21152
0.21776
0.31158
0.07021
0.04709
0.08549
0.05524
0.24036
0.17047
0.07646
0.18071
0.31807
0.10792
0.27516
0.21670
0.03134
0.26422
0.12417
0.11685
0.25059
0.19478
0.24042
0.05654
0.08901
0.20051
0.19197
0.29726
0.26838
0.01794
0.06101
0.16785
0.21091
0.15204
0.22920
0.10482
0.20578
0.15414
0.05678
0.28367
0.27924
0.08623
0.08425
0.16471
0.07086
0.05754
0.22614
0.13325
0.19265
0.25936
0.27014
0.20430
0.35461
0.24143
0.22644
0.20365
0.26129
0.18674
0.06204
0.20766
0.15299
0.06541
0.21323
0.22989
0.30014
0.26166
0.06998
0.02996
0.19049
0.20121
0.17318
0.24987
0.13667
0.18311
0.30719
0.09710
0.25245
0.11649
0.02824
0.03197
0.11497
0.04929
0.05555
0.23873
0.28247
0.08512
0.14502
0.02822
0.08461
0.06020
0.30138
