0.10539
0.11215
0.05354
0.25846
0.11615
0.14318
0.24735
0.14697
0.15569
0.04656
0.16835
0.13889
0.16568
0.11543
0.13775
0.22599
0.09026
0.11975
0.06679
0.13889
0.29887
0.12141
0.13420
0.04964
0.24770
0.15449
0.15525
0.18421
0.06526
0.11992
0.13117
0.19953
0.13179
0.10227
0.07791
0.09435
0.09098
0.10295
0.07984
0.15925
0.23810
0.27420
0.08242
0.13772
0.28417
0.19825
0.18149
0.24514
0.17152
0.12925
0.10355
0.15423
0.15543
0.25767
0.09282
0.21743
0.22284
0.12877
0.16891
0.06159
0.23027
0.31391
0.13900
0.17576
0.26397
0.32137
0.03233
0.17451
0.10156
0.03981
0.12538
0.30631
0.29973
0.19397
0.25822
0.11054
0.06715
0.03693
0.19113
0.16766
0.34230
0.13498
0.33557
0.27290
0.24667
0.32296
0.10151
0.08021
0.11571
0.26140
0.33149
0.19327
0.08430
0.26456
0.08770
0.12603
0.16990
0.20827
0.19832
0.15229
0.08979
0.18371
0.10855
0.11160
0.21163
0.31645
0.13302
0.14543
0.14600
0.29057
0.01417
0.24847
0.08644
0.23586
0.13280
0.13558
0.27043
0.03645
0.08311
0.22745
0.22601
0.10709
0.29214
0.01314
0.08478
0.11923
0.27132
0.28542
0.16253
0.24728
0.10056
0.11579
0.26222
0.31410
0.11341
0.11000
0.08199
0.29104
0.27811
0.04977
0.13674
0.03014
0.31784
0.12152
0.14981
0.21801
0.09498
0.34262
0.17343
0.09210
0.17921
0.25865
0.10278
0.31815
0.30490
0.33447
0.10452
0.14311
0.15231
0.18589
0.21833
0.21339
0.26684
0.29875
0.10260
0.10773
0.23849
0.23883
0.04269
0.22136
0.04997
0.24087
0.20360
0.02506
0.07429
0.20239
0.04621
0.06230
0.14751
0.27038
0.09041
0.10842
0.19136
0.16963
0.07296
0.15832
0.23618
0.25590
0.24676
0.17909
0.11890
0.08477
0.07422
0.15307
0.11915
0.23570
0.16315
0.15458
0.06672
0.26749
0.22659
0.07903
0.18927
0.13693
0.05304
0.22521
0.05342
0.22173
0.26982
0.09669
0.22772
0.24302
0.09122
0.22599
0.26335
0.23015
0.12007
0.26837
0.22034
0.35293
0.08891
0.13584
0.12233
0.07877
0.08123
0.03646
0.13307
0.18667
0.16817
0.05961
0.23951
0.07096
0.26936
0.11630
0.05810
0.25075
0.11461
0.03319
0.11179
0.26794
0.10580
0.24752
0.11641
0.12056
0.14075
0.21515
0.10277
0.03319
0.13637
0.10657
0.10395
0.08355
0.10724
0.24273
0.12993
0.14503
0.20438
0.06395
0.09255
0.13629
0.16724
0.15124
0.19708
0.16680
0.10752
0.19653
0.28753
0.09663
0.19075
0.04832
0.08854
0.11823
0.07264
0.03657
0.34098
0.16547
0.08260
0.17779
0.14147
0.05502
0.13127
0.33595
0.12117
0.07565
0.31534
0.11999
0.23088
0.20411
0.17408
0.13859
0.08033
0.06256
0.20464
0.21583
0.16048
0.09204
0.15141
0.18211
0.16007
0.14387
0.35336
0.29288
0.28015
0.12265
0.10519
0.30843
0.28428
0.33457
0.03163
0.26832
0.13591
0.22788
0.12176
0.04717
0.12854
0.12528
0.11773
0.17019
0.22521
0.10029
0.06798
0.07274
0.27872
0.16699
0.27575
0.15630
0.22061
0.20594
0.13741
0.07216
0.22966
0.23498
0.31909
0.21580
0.30184
0.26047
0.25199
0.30380
0.28674
0.25382
0.08279
0.07026
0.10835
0.22783
0.04623
0.05774
0.19739
0.10844
0.24531
0.10151
0.16315
0.11536
0.26340
0.26299
0.24097
0.19607
0.29411
0.10745
0.13693
0.32057
0.05909
0.20667
0.06306
0.06023
0.22109
0.08303
0.24726
0.32368
0.05148
0.07978
0.15050
0.28145
0.11495
0.06422
0.04573
0.07393
0.08495
0.07925
0.21125
0.04574
0.27263
0.15202
0.19113
0.09270
0.23347
0.28580
0.19717
0.28195
0.35485
0.19496
0.26172
0.28882
0.30634
0.31990
0.27777
0.24964
0.34919
0.25286
0.23098
0.26090
0.21620
0.32735
0.19944
0.38797
0.30214
0.27323
0.24229
0.26141
0.25579
0.35397
0.30781
0.24889
0.28962
0.33433
0.21409
0.25488
0.32569
0.26050
0.24860
0.25123
0.29983
0.28578
0.25766
0.22893
0.33985
0.26523
0.22956
0.30575
0.18515
0.30899
0.35787
0.28704
0.32100
0.31969
0.29924
0.26687
0.30075
0.32772
0.19640
0.27531
0.30665
0.27241
0.31017
0.29175
0.20601
0.31465
0.27230
0.28075
0.30394
0.26092
0.28670
0.20642
0.29702
0.34965
0.15896
0.26807
0.25295
0.20075
0.21828
0.37034
0.30917
0.30148
0.17143
0.34924
0.27737
0.27400
0.35336
0.28263
0.29788
0.28454
0.25195
0.28351
0.20735
0.35931
0.30399
0.24506
0.19642
0.32239
0.21501
0.25128
0.28157
0.24603
0.32298
0.28625
0.22504
0.31814
0.29644
0.19236
0.17272
0.28134
0.18046
0.20761
0.16968
0.30109
0.31765
0.27251
0.28622
0.25173
0.31640
0.20361
0.32304
0.28316
0.29203
0.23488
0.27515
0.30537
0.23145
0.17514
0.35734
0.28642
0.20716
0.33080
0.30099
0.24750
0.34804
0.28615
0.22620
0.27268
0.21433
0.28312
0.30749
0.26920
0.27246
0.25920
0.18819
0.31967
0.22701
0.26136
0.22557
0.26769
0.33262
0.27670
0.20084
0.23552
0.29799
0.22161
0.28004
0.21212
0.22053
0.24118
0.23438
0.24114
0.32099
0.30858
0.30229
0.23973
0.21757
0.31222
0.24392
0.23554
0.25997
0.29336
0.30981
0.16745
0.19036
0.28356
0.29980
0.20757
0.16905
0.22837
0.26291
0.19242
0.26598
0.24769
0.32768
0.18196
0.24521
0.25912
0.28188
0.19661
0.29853
0.27416
0.25083
0.37793
0.19901
0.32300
0.22154
0.35412
0.28957
0.27534
0.27925
0.30270
0.25581
0.20663
0.32164
0.29346
0.25719
0.28002
0.25669
0.32617
0.23531
0.27546
0.24220
0.33078
0.22616
0.26155
0.23125
0.26748
0.27643
0.26173
0.24132
0.26996
0.26166
0.32745
0.22346
0.31700
0.22733
0.25364
0.28684
0.25479
0.29104
0.16272
0.20152
0.31539
0.30574
0.25802
0.29255
0.29521
0.25638
0.22096
0.25797
0.29512
0.27703
0.28860
0.25017
0.21456
0.29238
0.29033
0.24850
0.28062
0.23355
0.30176
0.26880
0.21894
0.21522
0.27586
0.27869
0.32776
0.26471
0.25693
0.35310
0.34568
0.15139
0.24996
0.28509
0.28722
0.29196
0.32251
0.32387
0.23299
0.21726
0.18474
0.25186
0.29717
0.35964
0.29055
0.30274
0.29679
0.24120
0.25751
0.28212
0.26786
0.17826
0.31655
0.24799
0.24453
0.30945
0.30080
0.27820
0.24663
0.23033
0.27919
0.35378
0.31420
0.27067
0.26950
0.23071
0.33049
0.31446
0.14058
0.29389
0.21847
0.24072
0.30123
0.24239
0.25839
0.23134
0.26822
0.21341
0.23462
0.25148
0.31917
0.28187
0.27557
0.20679
0.29273
0.25360
0.23294
0.19075
0.29870
0.27718
0.33862
0.27014
0.26626
0.27979
0.26240
0.26993
0.29238
0.20361
0.33144
0.25669
0.34618
0.27483
0.28071
0.33829
0.24714
0.26721
0.30045
0.21344
0.21807
0.29316
0.23996
0.29471
0.29145
0.28990
0.33974
0.37621
0.27764
0.32026
0.26846
0.28393
0.31127
0.36758
0.26359
0.25682
0.30800
0.31281
0.30302
0.31998
0.39398
0.23670
0.27475
0.32286
0.24935
0.29550
0.31725
0.23607
0.26326
0.34894
0.23986
0.27624
0.31242
0.29230
0.24960
0.23940
0.30082
0.25554
0.27121
0.31092
0.30319
0.22914
0.28330
0.27458
0.31312
0.28398
0.28417
0.15812
0.32975
0.33846
0.34688
0.35010
0.33180
0.40067
0.38463
0.26907
0.18872
0.31728
0.38592
0.29841
0.22569
0.31698
0.35121
0.26613
0.25024
0.34377
0.24729
0.26766
0.26649
0.36438
0.36310
0.41551
0.31307
0.31252
0.27009
0.40317
0.31118
0.32708
0.29833
0.37056
0.30380
0.20518
0.31625
0.47478
0.26450
0.41892
0.42041
0.23815
0.31105
0.38015
0.32145
0.30293
0.23340
0.31160
0.22372
0.28507
0.28778
0.29668
0.30526
0.40750
0.29805
0.30294
0.27255
0.22100
0.28509
0.41428
0.21855
0.14068
0.34305
0.16398
0.20987
0.43449
0.17619
0.26017
0.22295
0.30377
0.24664
0.43604
0.20718
0.35922
0.41700
0.25110
0.23811
0.26165
0.25960
0.22280
0.37291
0.17280
0.38187
0.35895
0.26500
0.25956
0.25263
0.36553
0.28675
0.21286
0.33079
0.43514
0.31969
0.30093
0.37514
0.37026
0.22027
0.25379
0.30105
0.39408
0.23965
0.25219
0.23976
0.36472
0.28567
0.25681
0.27149
0.34174
0.37605
0.26711
0.31649
0.33010
0.28745
0.30468
0.27343
0.40740
0.32295
0.26526
0.31639
0.32914
0.36381
0.29358
0.31979
0.24807
0.36314
0.29585
0.25443
0.32779
0.28019
0.23264
0.31860
0.20903
0.33425
0.18535
0.03574
0.15542
0.20967
0.15856
0.26985
0.19464
0.25595
0.33294
0.15065
0.05834
0.20314
0.05933
0.31363
0.22155
0.19797
0.27390
0.04153
0.07868
0.21332
0.23894
0.08922
0.11769
0.24180
0.27951
0.21405
0.21029
0.23553
0.06762
0.28574
0.22419
0.05141
0.02657
0.12380
0.24276
0.12580
0.15355
0.19353
0.29222
0.09575
0.09263
0.08817
0.07408
0.28100
0.11377
0.12573
0.19944
0.32549
0.13753
0.27899
0.20933
0.04361
0.21859
0.06650
0.08682
0.29116
0.18930
0.24615
0.11273
0.07968
0.20673
0.20796
0.26715
0.24452
0.02436
0.06770
0.16266
0.20794
0.15377
0.17693
0.13183
0.27758
0.16638
0.10635
0.25675
0.28273
0.11001
0.16057
0.11954
0.08510
0.01576
0.21879
0.13845
0.18545
0.26008
0.26847
0.19262
0.28964
0.23441
0.21206
0.18011
0.14950
0.15208
0.01515
0.27953
0.11441
0.09181
0.20359
0.19810
0.27837
0.24620
0.03737
0.04194
0.08897
0.22153
0.20658
0.32033
0.10891
0.23194
0.29858
0.13955
0.22699
0.08964
0.01812
0.05165
0.15161
0.06525
0.07889
0.28067
0.27892
0.06323
0.12068
0.03395
0.10082
0.08348
0.27320
