0.10125
0.10709
0.04322
0.26726
0.07019
0.12588
0.25433
0.15834
0.15147
0.06232
0.20101
0.14779
0.16772
0.12554
0.10482
0.24687
0.15207
0.11759
0.05488
0.14323
0.28803
0.11652
0.12392
0.04858
0.23946
0.17199
0.14813
0.26027
0.07841
0.18335
0.15540
0.26745
0.16798
0.12723
0.08250
0.11512
0.13614
0.09602
0.15390
0.16161
0.30551
0.27797
0.07667
0.14065
0.27666
0.22672
0.18715
0.27205
0.16962
0.18629
0.09521
0.13290
0.17369
0.25031
0.10393
0.25199
0.22064
0.12639
0.11743
0.08419
0.26997
0.29284
0.11635
0.15581
0.26899
0.31913
0.05140
0.15882
0.09832
0.03598
0.14737
0.31291
0.31528
0.23304
0.20691
0.13114
0.11830
0.05877
0.20626
0.15102
0.32325
0.22359
0.34362
0.27500
0.27273
0.36641
0.09880
0.08694
0.13252
0.22582
0.32855
0.18721
0.09693
0.27161
0.09621
0.15726
0.22599
0.21731
0.20079
0.14013
0.10444
0.17371
0.13161
0.10969
0.25384
0.27273
0.15736
0.17668
0.18958
0.26071
0.04890
0.27324
0.06054
0.23415
0.11822
0.15292
0.26504
0.05577
0.06804
0.16928
0.25885
0.07556
0.28767
0.02407
0.11040
0.17571
0.34705
0.28289
0.19645
0.24300
0.10704
0.09173
0.22911
0.34594
0.10026
0.19449
0.07322
0.29619
0.24676
0.05701
0.19695
0.04368
0.28746
0.20102
0.15389
0.25738
0.07462
0.33858
0.17636
0.10475
0.22569
0.26215
0.11851
0.31237
0.32883
0.34221
0.16548
0.16653
0.14860
0.20385
0.26639
0.30603
0.29678
0.33857
0.08902
0.09211
0.31772
0.27853
0.06483
0.26662
0.06464
0.21848
0.23206
0.04621
0.10003
0.21722
0.09913
0.07980
0.20211
0.26190
0.10095
0.12021
0.24154
0.14635
0.11244
0.14449
0.20323
0.26986
0.25975
0.15993
0.12172
0.05133
0.05063
0.15677
0.16271
0.25467
0.22852
0.19843
0.09025
0.27458
0.22323
0.07160
0.21163
0.17647
0.06635
0.26353
0.10663
0.20358
0.27845
0.10083
0.23854
0.22605
0.12195
0.25937
0.28077
0.25456
0.15306
0.28868
0.20881
0.34566
0.11091
0.21848
0.13540
0.08710
0.10628
0.07544
0.17763
0.21140
0.15823
0.06347
0.25798
0.14971
0.23413
0.16098
0.07579
0.26416
0.11286
0.07474
0.11259
0.25932
0.07262
0.27357
0.11349
0.11376
0.15065
0.22034
0.11611
0.08355
0.09248
0.13117
0.10237
0.10801
0.11693
0.26291
0.14008
0.16472
0.18636
0.07687
0.10227
0.14321
0.24228
0.14812
0.19708
0.21186
0.14810
0.25325
0.28964
0.10233
0.19838
0.06078
0.09622
0.13939
0.07818
0.02003
0.35624
0.15271
0.12551
0.21783
0.15964
0.05995
0.16417
0.34316
0.12973
0.09930
0.31867
0.11499
0.18572
0.16168
0.18323
0.13933
0.10565
0.07696
0.20501
0.21361
0.18029
0.09647
0.13667
0.13819
0.18525
0.16284
0.33354
0.25947
0.26443
0.16724
0.09824
0.29932
0.30694
0.34120
0.05092
0.27110
0.12448
0.30001
0.17337
0.10889
0.10956
0.10779
0.10516
0.20777
0.23885
0.06782
0.08870
0.06806
0.27500
0.19076
0.22227
0.23447
0.23250
0.23456
0.12210
0.05161
0.25714
0.29698
0.35919
0.25332
0.30730
0.22289
0.25440
0.30484
0.27186
0.27371
0.05716
0.08761
0.14987
0.20023
0.06381
0.06284
0.24282
0.15584
0.20297
0.10649
0.17438
0.14442
0.26222
0.27824
0.26620
0.18017
0.30532
0.13392
0.19962
0.30815
0.09871
0.22475
0.07894
0.06782
0.21863
0.03943
0.23866
0.35175
0.06046
0.11240
0.17620
0.25850
0.11279
0.04988
0.07832
0.05459
0.08546
0.07718
0.19983
0.08663
0.29280
0.17114
0.20314
0.09102
0.19895
0.27817
0.22086
0.27472
0.34363
0.17541
0.25379
0.31429
0.29269
0.31456
0.26903
0.25211
0.34069
0.26522
0.25894
0.25330
0.24056
0.30193
0.18705
0.35694
0.33483
0.26456
0.27304
0.25407
0.26292
0.35672
0.28203
0.22980
0.29789
0.32611
0.24202
0.26477
0.30174
0.28075
0.25957
0.26879
0.28664
0.31503
0.25546
0.23909
0.33701
0.25800
0.24596
0.31252
0.20268
0.31174
0.34618
0.29794
0.31180
0.31274
0.27793
0.25299
0.30414
0.32731
0.20394
0.29429
0.30909
0.25703
0.26377
0.31015
0.19669
0.31349
0.27193
0.27098
0.30073
0.28283
0.27055
0.18986
0.27440
0.35642
0.15289
0.27740
0.22781
0.18833
0.21439
0.35933
0.30967
0.31906
0.18004
0.34602
0.27306
0.27416
0.34702
0.28836
0.30270
0.29697
0.24600
0.28945
0.19721
0.35391
0.29792
0.23062
0.18070
0.33302
0.21191
0.27294
0.28191
0.25790
0.35250
0.30703
0.23412
0.30470
0.28320
0.19615
0.20551
0.29312
0.20596
0.19491
0.19097
0.29671
0.32794
0.25908
0.27541
0.24521
0.30295
0.22879
0.30598
0.26295
0.27212
0.20879
0.28767
0.29691
0.24639
0.18294
0.35196
0.28576
0.21435
0.29796
0.30940
0.26933
0.35655
0.28093
0.24697
0.27690
0.21882
0.28851
0.31464
0.29877
0.28921
0.23534
0.18056
0.31039
0.24440
0.29191
0.23425
0.28290
0.32899
0.27584
0.22346
0.24991
0.29636
0.21411
0.29753
0.20537
0.25361
0.21718
0.22943
0.20780
0.31645
0.31526
0.31652
0.22977
0.25071
0.30929
0.21001
0.21779
0.22655
0.29575
0.31415
0.16388
0.19752
0.27600
0.29277
0.20869
0.18040
0.22793
0.26237
0.22078
0.25954
0.25816
0.31237
0.17790
0.24999
0.26381
0.28786
0.20903
0.29160
0.28278
0.26689
0.38643
0.21805
0.30627
0.23039
0.35086
0.30943
0.26178
0.27590
0.29863
0.26965
0.20021
0.29977
0.29971
0.24339
0.27102
0.25921
0.32948
0.24705
0.27767
0.23377
0.33064
0.24623
0.28307
0.24014
0.27018
0.28521
0.27160
0.20545
0.22934
0.24580
0.32744
0.24077
0.32898
0.24887
0.27262
0.28249
0.27828
0.29903
0.15177
0.21926
0.30745
0.31108
0.25486
0.28315
0.29613
0.26937
0.24205
0.24235
0.29911
0.30118
0.26679
0.26921
0.20855
0.29371
0.29948
0.25953
0.25431
0.25431
0.31737
0.30709
0.20907
0.19193
0.26679
0.27817
0.29358
0.25941
0.25769
0.33672
0.32726
0.16217
0.26172
0.30615
0.27503
0.27932
0.30893
0.31813
0.25324
0.21355
0.21384
0.26950
0.29128
0.34808
0.30494
0.29160
0.29165
0.24924
0.27012
0.27612
0.26807
0.18264
0.30799
0.24393
0.24931
0.33770
0.29947
0.25375
0.26715
0.26645
0.28584
0.33697
0.33717
0.25309
0.26765
0.19596
0.32554
0.30692
0.14631
0.26474
0.20413
0.22369
0.28405
0.24280
0.28075
0.24916
0.25714
0.24248
0.24143
0.26384
0.32445
0.27593
0.26171
0.20094
0.27818
0.25645
0.24737
0.19715
0.33986
0.29028
0.33994
0.28634
0.26885
0.29713
0.28145
0.24727
0.27486
0.19181
0.31442
0.28510
0.32755
0.26795
0.28769
0.35276
0.27550
0.26859
0.29836
0.16598
0.22546
0.28692
0.22567
0.30462
0.29297
0.28289
0.32884
0.36913
0.29922
0.32877
0.28456
0.29054
0.28404
0.35385
0.27368
0.28068
0.31970
0.30799
0.29985
0.31128
0.38321
0.22966
0.24790
0.32133
0.24608
0.31187
0.33984
0.26082
0.22967
0.33524
0.23567
0.28144
0.30644
0.27999
0.24479
0.26512
0.26260
0.25323
0.29523
0.31429
0.27680
0.25921
0.30289
0.27906
0.30663
0.28628
0.29395
0.15258
0.30871
0.33280
0.33529
0.30374
0.32618
0.38236
0.39213
0.28128
0.20456
0.30833
0.37644
0.28697
0.22708
0.29126
0.37171
0.24700
0.26293
0.32714
0.22903
0.27171
0.24193
0.33919
0.37119
0.40760
0.28711
0.30905
0.28088
0.39302
0.28634
0.30563
0.29438
0.32572
0.27008
0.22152
0.31129
0.44586
0.26481
0.39718
0.40701
0.21605
0.29418
0.35141
0.29889
0.28699
0.26185
0.28430
0.23053
0.28121
0.30043
0.31490
0.26748
0.36848
0.28256
0.29388
0.28917
0.16513
0.26323
0.39016
0.23493
0.13363
0.35371
0.16205
0.20882
0.40316
0.19059
0.27230
0.23293
0.29986
0.26142
0.44300
0.19838
0.33634
0.37643
0.26170
0.23412
0.26407
0.25410
0.23253
0.36458
0.19242
0.38041
0.36595
0.25598
0.26494
0.23115
0.35497
0.28223
0.23156
0.33046
0.41828
0.34168
0.28842
0.35303
0.35653
0.23516
0.28319
0.27811
0.39063
0.22072
0.24889
0.24476
0.36026
0.27212
0.25996
0.26347
0.31940
0.37799
0.23569
0.29570
0.33645
0.29993
0.29579
0.25137
0.35226
0.29986
0.26619
0.29395
0.30103
0.34505
0.27093
0.31227
0.24325
0.33311
0.25435
0.25483
0.32308
0.30650
0.23946
0.27678
0.17574
0.28381
0.20248
0.07069
0.13308
0.17383
0.24804
0.29336
0.22434
0.27273
0.36994
0.20091
0.07087
0.24136
0.07745
0.28450
0.26229
0.20548
0.31042
0.08969
0.17121
0.18107
0.18956
0.10577
0.15065
0.20091
0.29172
0.20751
0.21444
0.28861
0.10265
0.29313
0.19534
0.03882
0.09444
0.13464
0.28893
0.17944
0.21257
0.24802
0.26798
0.09946
0.07903
0.03975
0.07718
0.30591
0.15719
0.13456
0.15629
0.31362
0.12750
0.22861
0.20974
0.04217
0.24546
0.05469
0.08636
0.21155
0.17695
0.27658
0.10200
0.08986
0.22169
0.20838
0.26481
0.24229
0.06104
0.07306
0.19727
0.20573
0.18050
0.18458
0.12212
0.27680
0.20321
0.07092
0.25889
0.27867
0.09194
0.11968
0.17663
0.07874
0.03656
0.22162
0.12661
0.20540
0.25714
0.26330
0.20556
0.33655
0.27077
0.24687
0.14235
0.20756
0.22975
0.04403
0.26452
0.07943
0.07001
0.20564
0.25206
0.26059
0.28182
0.08895
0.12594
0.14580
0.23311
0.26937
0.25326
0.12231
0.23829
0.28898
0.12470
0.25635
0.09354
0.06546
0.05838
0.10401
0.08695
0.12966
0.23642
0.25754
0.09470
0.08063
0.02701
0.11253
0.08208
0.26556
