0.12147
0.09716
0.06760
0.26701
0.09587
0.12189
0.20703
0.12938
0.21023
0.06868
0.20806
0.10596
0.23166
0.12963
0.16137
0.21784
0.15354
0.14725
0.07007
0.13803
0.30029
0.16406
0.18690
0.08780
0.27089
0.14570
0.11843
0.29885
0.11421
0.19956
0.18074
0.27545
0.18346
0.10943
0.11597
0.09435
0.14097
0.17343
0.15330
0.18144
0.27246
0.26732
0.10070
0.13420
0.28517
0.19660
0.16009
0.28838
0.22606
0.14262
0.10922
0.15295
0.14825
0.31035
0.10928
0.24127
0.23027
0.11292
0.10412
0.11289
0.26550
0.32399
0.10625
0.20151
0.27532
0.32786
0.07690
0.13845
0.13370
0.04178
0.13378
0.32839
0.34219
0.21267
0.24312
0.15971
0.10002
0.04747
0.23331
0.15899
0.33601
0.19029
0.32382
0.27198
0.28127
0.38474
0.11534
0.11987
0.15438
0.24837
0.35528
0.16051
0.09793
0.26551
0.07536
0.15765
0.21875
0.24068
0.20606
0.17506
0.10431
0.19070
0.15939
0.12598
0.22974
0.29426
0.14213
0.17200
0.19692
0.29839
0.04778
0.23932
0.09579
0.23112
0.10820
0.15852
0.27159
0.05753
0.07361
0.18187
0.24972
0.08055
0.29419
0.03935
0.10835
0.12996
0.23767
0.28041
0.14937
0.24446
0.08863
0.14023
0.28879
0.34159
0.10754
0.18733
0.10211
0.27394
0.26402
0.11179
0.19466
0.04450
0.29948
0.18578
0.16732
0.29509
0.09870
0.36586
0.19107
0.09797
0.21394
0.23627
0.10371
0.31678
0.31776
0.30681
0.13499
0.15317
0.16567
0.20219
0.29626
0.26977
0.24406
0.34598
0.09955
0.13854
0.27034
0.26799
0.13888
0.28569
0.05757
0.22138
0.22286
0.05636
0.06158
0.21714
0.07424
0.05901
0.19992
0.28473
0.10210
0.10292
0.24380
0.16259
0.12365
0.19311
0.23494
0.24582
0.23146
0.22646
0.17265
0.09438
0.07410
0.15568
0.15204
0.22731
0.24473
0.23706
0.08835
0.25662
0.22972
0.10427
0.21738
0.17134
0.06765
0.25188
0.09226
0.23543
0.25657
0.11250
0.26592
0.21253
0.13321
0.26239
0.25440
0.24412
0.13455
0.30038
0.24543
0.35462
0.14325
0.21022
0.12325
0.08921
0.14055
0.09212
0.18824
0.24337
0.15974
0.08684
0.27418
0.13667
0.24719
0.12922
0.06631
0.26060
0.11965
0.04396
0.11436
0.24643
0.11233
0.31296
0.10753
0.10292
0.17363
0.22576
0.12912
0.06075
0.10049
0.10416
0.13830
0.13174
0.12202
0.23584
0.16040
0.14204
0.21765
0.15289
0.06069
0.13848
0.22787
0.17334
0.18162
0.16673
0.15465
0.23851
0.29484
0.11028
0.18560
0.07331
0.09538
0.11650
0.07580
0.04247
0.37067
0.14392
0.08219
0.17357
0.16106
0.09697
0.10755
0.34106
0.15240
0.07679
0.29745
0.11231
0.18599
0.17605
0.17650
0.17164
0.09849
0.06014
0.18967
0.18558
0.18827
0.10079
0.16278
0.15122
0.20816
0.19919
0.35581
0.29862
0.27481
0.13780
0.09717
0.30657
0.33733
0.34881
0.03997
0.25974
0.12089
0.30951
0.15460
0.12192
0.15719
0.10967
0.10355
0.20251
0.20848
0.07869
0.08264
0.13188
0.26068
0.18393
0.25460
0.14466
0.25748
0.29052
0.17290
0.03774
0.27384
0.29400
0.36978
0.27614
0.31653
0.24309
0.24526
0.30528
0.27589
0.24871
0.03702
0.13016
0.15762
0.23264
0.08675
0.08096
0.23547
0.14502
0.25715
0.08868
0.19488
0.10634
0.29511
0.27449
0.25626
0.17889
0.29925
0.13088
0.19367
0.31804
0.09870
0.21465
0.07315
0.15209
0.24461
0.05781
0.23287
0.31869
0.07443
0.05910
0.16562
0.27246
0.10194
0.08591
0.09067
0.05750
0.05921
0.11373
0.16561
0.10819
0.29201
0.18361
0.19452
0.11668
0.14694
0.29929
0.20060
0.28324
0.36285
0.14789
0.28656
0.29116
0.30714
0.31057
0.27323
0.27179
0.35001
0.26900
0.23274
0.24479
0.22106
0.31668
0.17855
0.37556
0.32991
0.20323
0.26716
0.24813
0.25981
0.33380
0.29893
0.25711
0.30873
0.34989
0.23066
0.26475
0.32554
0.24982
0.24455
0.25212
0.29292
0.31011
0.26873
0.21062
0.34921
0.25309
0.25638
0.31420
0.19616
0.30304
0.35412
0.27773
0.30106
0.30401
0.27569
0.24855
0.28398
0.33095
0.22196
0.29776
0.32243
0.27786
0.26358
0.29950
0.17760
0.31495
0.28603
0.28599
0.31473
0.29369
0.29140
0.16544
0.28044
0.36545
0.10262
0.27691
0.22641
0.18698
0.15845
0.35646
0.29502
0.32891
0.17571
0.34512
0.26846
0.27401
0.37261
0.32045
0.28849
0.27488
0.23638
0.26088
0.14059
0.35988
0.28946
0.23105
0.17719
0.31914
0.16928
0.25345
0.27649
0.25662
0.34991
0.34155
0.22440
0.31256
0.31192
0.14170
0.17461
0.29470
0.15946
0.19279
0.13846
0.29072
0.32136
0.28004
0.27157
0.23306
0.30723
0.23401
0.29847
0.27012
0.28902
0.23346
0.28081
0.29153
0.20622
0.15347
0.35304
0.30561
0.19217
0.28301
0.32261
0.25835
0.35366
0.30918
0.22874
0.27675
0.17372
0.28264
0.30552
0.27658
0.26837
0.23298
0.15434
0.31965
0.20446
0.30233
0.21649
0.28170
0.30903
0.28712
0.18164
0.22354
0.28869
0.21785
0.29937
0.16195
0.19662
0.23299
0.17563
0.23811
0.30532
0.31739
0.32717
0.25300
0.21387
0.33652
0.15534
0.21575
0.21412
0.29981
0.29443
0.14928
0.17076
0.27591
0.29037
0.22406
0.14402
0.16317
0.26215
0.22179
0.18650
0.26119
0.31815
0.15982
0.25007
0.27136
0.27998
0.19844
0.28969
0.26862
0.25509
0.37555
0.18398
0.29789
0.22374
0.35674
0.32460
0.27339
0.25421
0.27632
0.27347
0.17455
0.31025
0.27295
0.26042
0.29574
0.27796
0.33663
0.22549
0.29936
0.24001
0.33883
0.25732
0.27456
0.21983
0.26730
0.27784
0.26264
0.17908
0.25515
0.25032
0.30526
0.21807
0.32826
0.24240
0.28918
0.29889
0.29492
0.27559
0.15019
0.21963
0.33823
0.32782
0.27421
0.29772
0.30151
0.25603
0.25974
0.22783
0.31467
0.29250
0.29277
0.23060
0.15994
0.29846
0.31667
0.24535
0.25102
0.19832
0.34112
0.28142
0.21333
0.18674
0.29080
0.29345
0.28902
0.27224
0.25965
0.35271
0.35596
0.14109
0.22786
0.33240
0.27189
0.29130
0.31052
0.34169
0.16914
0.21474
0.17028
0.28372
0.28750
0.36683
0.29861
0.29383
0.30838
0.21925
0.23897
0.29488
0.28263
0.17330
0.32130
0.23289
0.18017
0.35311
0.30153
0.26878
0.21081
0.26041
0.29874
0.33962
0.33565
0.24514
0.27729
0.18126
0.32338
0.30621
0.12254
0.26224
0.13588
0.25254
0.27334
0.16048
0.27637
0.25210
0.27280
0.22692
0.25870
0.24744
0.34549
0.27144
0.27459
0.18489
0.30527
0.26148
0.23428
0.21452
0.34800
0.29815
0.32975
0.25455
0.26805
0.29084
0.27034
0.26022
0.27219
0.14943
0.29370
0.26832
0.34589
0.29199
0.30828
0.34807
0.27702
0.27612
0.29574
0.16636
0.20458
0.30485
0.26148
0.31645
0.31027
0.29377
0.33015
0.38569
0.33047
0.32791
0.26179
0.30882
0.27414
0.35442
0.27563
0.27118
0.32281
0.32408
0.28003
0.32792
0.39216
0.18578
0.25287
0.27861
0.22634
0.32486
0.31843
0.21500
0.22870
0.33842
0.23272
0.29233
0.31754
0.28232
0.26279
0.26683
0.28375
0.26325
0.29135
0.32316
0.29973
0.26613
0.30554
0.27467
0.30567
0.27573
0.26749
0.12377
0.30491
0.31825
0.35869
0.30618
0.30245
0.38841
0.40665
0.28073
0.16045
0.30830
0.38833
0.29290
0.19152
0.30113
0.29529
0.21133
0.23467
0.29381
0.23249
0.25171
0.25252
0.31743
0.32492
0.39945
0.30337
0.31530
0.27259
0.37112
0.26941
0.30248
0.28726
0.33824
0.27578
0.15569
0.30112
0.44236
0.20595
0.40820
0.39557
0.16343
0.30123
0.36032
0.31162
0.29444
0.25432
0.27833
0.22900
0.28083
0.30355
0.23820
0.29785
0.36888
0.28315
0.29213
0.22443
0.16372
0.25953
0.39769
0.23442
0.12069
0.31166
0.19419
0.16507
0.39741
0.14104
0.23263
0.19773
0.26663
0.22444
0.42827
0.15699
0.32485
0.38439
0.24659
0.15500
0.25703
0.26718
0.20293
0.35679
0.18837
0.32886
0.31044
0.22882
0.22547
0.24104
0.32311
0.26772
0.19405
0.34039
0.42437
0.30375
0.28208
0.35553
0.35769
0.23803
0.25630
0.26907
0.35554
0.17033
0.17070
0.22922
0.33710
0.28665
0.23681
0.27201
0.32569
0.33197
0.20422
0.28415
0.33822
0.27898
0.30059
0.25340
0.34398
0.29652
0.27291
0.29727
0.31878
0.30613
0.26284
0.28565
0.24732
0.30918
0.21324
0.23011
0.30462
0.27760
0.23240
0.28594
0.15855
0.31169
0.20719
0.05346
0.18338
0.21154
0.21794
0.26708
0.23142
0.26950
0.34085
0.25113
0.09631
0.25264
0.09924
0.30187
0.28350
0.22470
0.27906
0.07255
0.14232
0.20234
0.23338
0.13901
0.19905
0.22308
0.28913
0.11294
0.21290
0.30078
0.06546
0.31562
0.26448
0.05133
0.05902
0.15056
0.31074
0.22004
0.23523
0.17712
0.30393
0.03054
0.03150
0.10479
0.08931
0.22896
0.11532
0.13711
0.18014
0.31571
0.24633
0.29252
0.22126
0.04100
0.24577
0.07953
0.07771
0.24434
0.19654
0.31018
0.10260
0.09983
0.25149
0.18897
0.26313
0.26845
0.07030
0.07898
0.18581
0.20572
0.21037
0.17360
0.11836
0.26163
0.19537
0.16408
0.30423
0.26929
0.13458
0.16804
0.20974
0.04955
0.04350
0.28593
0.16873
0.20509
0.24994
0.24908
0.20096
0.32220
0.28592
0.25534
0.19580
0.26267
0.17592
0.02506
0.25462
0.09995
0.15443
0.21268
0.24218
0.28695
0.24192
0.11821
0.03814
0.14793
0.20899
0.26486
0.31752
0.13030
0.22863
0.32531
0.10980
0.20097
0.13602
0.10407
0.04618
0.16848
0.08839
0.05121
0.24232
0.32413
0.07558
0.15136
0.02647
0.08519
0.08925
0.24963
