0.11310
0.10600
0.06649
0.27615
0.12085
0.10755
0.23483
0.16844
0.20660
0.09336
0.21317
0.13586
0.18303
0.12027
0.14238
0.22244
0.13570
0.10819
0.09305
0.16497
0.28986
0.17626
0.14962
0.04065
0.20575
0.17086
0.14929
0.26804
0.12477
0.21466
0.21524
0.26415
0.14074
0.09546
0.13660
0.09505
0.17755
0.13022
0.15090
0.22844
0.27238
0.29205
0.08462
0.12219
0.27141
0.21667
0.15839
0.25225
0.20944
0.11078
0.09862
0.16221
0.13447
0.32067
0.10400
0.23800
0.23942
0.16171
0.09472
0.10263
0.27854
0.29699
0.14409
0.23583
0.28625
0.28742
0.07768
0.15811
0.11961
0.05679
0.12280
0.30423
0.31364
0.23002
0.26060
0.16822
0.13418
0.05824
0.17635
0.13939
0.33267
0.14256
0.31406
0.26483
0.29437
0.34331
0.08969
0.11893
0.17393
0.25406
0.32800
0.19344
0.08109
0.27038
0.07396
0.14461
0.22546
0.19291
0.21346
0.17397
0.09432
0.22041
0.12073
0.11497
0.21769
0.27607
0.15963
0.17681
0.17548
0.27713
0.06074
0.27346
0.10075
0.21863
0.10402
0.20880
0.26782
0.05982
0.06280
0.18925
0.26305
0.08581
0.26519
0.03255
0.11420
0.15885
0.30349
0.27861
0.14680
0.26317
0.15718
0.12145
0.25231
0.31381
0.09721
0.15478
0.07599
0.28156
0.22859
0.05635
0.20849
0.08486
0.30926
0.22055
0.15697
0.27794
0.08123
0.35215
0.19868
0.08738
0.14555
0.26856
0.11338
0.30522
0.30693
0.30974
0.14225
0.18036
0.13339
0.17500
0.28681
0.27825
0.26049
0.32177
0.09610
0.14851
0.29380
0.29165
0.08552
0.27569
0.05535
0.24550
0.23625
0.02715
0.12208
0.21293
0.09566
0.08445
0.22269
0.27956
0.09540
0.10674
0.15914
0.18665
0.09069
0.16165
0.23863
0.24458
0.25187
0.24205
0.15237
0.04783
0.07976
0.16010
0.18816
0.25943
0.18670
0.19042
0.10549
0.29507
0.21359
0.09538
0.21323
0.14669
0.07906
0.19580
0.15317
0.19981
0.23113
0.11818
0.25619
0.24654
0.08370
0.25222
0.28155
0.25264
0.14045
0.29122
0.22447
0.35281
0.15253
0.26407
0.10255
0.10679
0.10864
0.06828
0.17430
0.21061
0.19019
0.12715
0.24732
0.14815
0.22398
0.15777
0.07460
0.27777
0.11126
0.03392
0.10622
0.23784
0.08243
0.30424
0.09630
0.10330
0.16534
0.22898
0.11716
0.05960
0.12295
0.10891
0.10940
0.15292
0.14785
0.27648
0.17529
0.16988
0.20185
0.05078
0.07215
0.14305
0.24022
0.20016
0.24467
0.17235
0.11591
0.25303
0.28357
0.08828
0.22727
0.05787
0.11497
0.13194
0.10182
0.03159
0.34956
0.19878
0.10197
0.18478
0.16267
0.08655
0.14160
0.34650
0.10380
0.08267
0.29970
0.11449
0.17733
0.20065
0.16998
0.18971
0.10152
0.10587
0.22787
0.25229
0.17880
0.10333
0.22963
0.15353
0.16941
0.17170
0.32747
0.25655
0.27608
0.12381
0.19231
0.31722
0.32736
0.34723
0.06780
0.25371
0.12933
0.27824
0.19313
0.15618
0.15416
0.13344
0.10753
0.18252
0.20931
0.07134
0.07775
0.05844
0.26218
0.13103
0.26041
0.21556
0.21427
0.25682
0.15181
0.04943
0.26331
0.28601
0.36993
0.21489
0.31456
0.21875
0.24459
0.29710
0.28407
0.27020
0.05965
0.11928
0.18926
0.21291
0.07027
0.08278
0.20273
0.17512
0.22324
0.18202
0.21724
0.10974
0.26418
0.28033
0.24290
0.21693
0.29021
0.13944
0.12993
0.31237
0.08572
0.23031
0.06707
0.11509
0.21195
0.05620
0.23042
0.33497
0.06171
0.07579
0.19016
0.24677
0.11124
0.07377
0.11073
0.10273
0.07405
0.09604
0.19813
0.09764
0.25635
0.24157
0.22307
0.15089
0.17045
0.27795
0.18937
0.25911
0.32934
0.15762
0.25830
0.31481
0.29247
0.29215
0.26340
0.25567
0.31623
0.25415
0.26036
0.26388
0.22132
0.28904
0.18925
0.35822
0.30431
0.24453
0.25759
0.26500
0.27647
0.36357
0.29487
0.25840
0.30849
0.31402
0.21519
0.25870
0.28733
0.28518
0.23058
0.26629
0.28028
0.28715
0.25330
0.20141
0.34236
0.24275
0.23238
0.30581
0.19223
0.31162
0.32460
0.29561
0.28102
0.29590
0.25399
0.23101
0.26761
0.31407
0.21522
0.28230
0.31023
0.26017
0.24102
0.29589
0.19699
0.30613
0.27955
0.27678
0.31013
0.27688
0.26132
0.17986
0.27072
0.32249
0.11137
0.28824
0.21744
0.18822
0.17602
0.37093
0.30113
0.32549
0.16479
0.34878
0.26768
0.28696
0.35861
0.29925
0.27242
0.29911
0.25263
0.27148
0.16524
0.33095
0.27558
0.23256
0.14913
0.32608
0.19688
0.27388
0.27868
0.26174
0.33833
0.28071
0.23219
0.30627
0.28842
0.14246
0.17402
0.29120
0.18609
0.17889
0.14289
0.26838
0.32345
0.26022
0.26453
0.23688
0.28009
0.21550
0.29197
0.27478
0.24577
0.19591
0.28238
0.27799
0.21655
0.18135
0.36398
0.27253
0.19571
0.28276
0.29690
0.25737
0.35665
0.28191
0.23167
0.25616
0.21464
0.28190
0.31553
0.25603
0.26652
0.21285
0.15108
0.28868
0.21954
0.27816
0.22720
0.27058
0.29242
0.25412
0.20179
0.21562
0.28039
0.21120
0.27698
0.19749
0.22294
0.24090
0.22783
0.19902
0.30686
0.29856
0.30443
0.23245
0.23499
0.29684
0.20882
0.20146
0.21064
0.26623
0.27915
0.15847
0.18995
0.29944
0.27260
0.21958
0.15856
0.24418
0.27133
0.19757
0.21095
0.25365
0.29835
0.17900
0.24099
0.27118
0.28352
0.16571
0.28571
0.25681
0.26208
0.39296
0.18773
0.28126
0.23418
0.36682
0.28354
0.24394
0.27872
0.27769
0.26903
0.18177
0.30921
0.26623
0.24554
0.26743
0.27451
0.32037
0.24347
0.28231
0.21645
0.32627
0.24854
0.26851
0.21762
0.24988
0.27020
0.26045
0.22035
0.24204
0.24403
0.31913
0.22277
0.31794
0.24509
0.25647
0.27566
0.25817
0.25367
0.12904
0.22104
0.29808
0.30649
0.26473
0.28190
0.28392
0.27003
0.24019
0.22203
0.29548
0.29995
0.25085
0.25918
0.16116
0.25368
0.29524
0.25389
0.25602
0.21788
0.31661
0.25851
0.20537
0.19416
0.27813
0.28843
0.28985
0.25502
0.23013
0.33118
0.32268
0.15588
0.22723
0.29821
0.26515
0.25795
0.31702
0.32729
0.19687
0.20141
0.17170
0.26045
0.27610
0.32909
0.27745
0.29592
0.28457
0.23502
0.26056
0.27420
0.27222
0.17208
0.32114
0.21032
0.22487
0.32425
0.30992
0.25264
0.22840
0.24743
0.28418
0.32095
0.33725
0.25263
0.25549
0.17576
0.29595
0.29135
0.12911
0.27451
0.16858
0.22320
0.27270
0.19447
0.25804
0.26327
0.23983
0.22287
0.23247
0.23330
0.31392
0.27000
0.24750
0.19724
0.28910
0.24396
0.23937
0.18850
0.29442
0.24536
0.32426
0.24333
0.26022
0.27721
0.25871
0.22473
0.27809
0.17969
0.29066
0.27166
0.30782
0.26947
0.27585
0.33084
0.27259
0.26721
0.29267
0.18591
0.23385
0.27742
0.23464
0.29379
0.28649
0.29071
0.31246
0.35641
0.28038
0.29534
0.27541
0.26960
0.29200
0.35394
0.26126
0.28721
0.30157
0.30011
0.28135
0.31331
0.36262
0.23455
0.25788
0.31507
0.23247
0.29072
0.33067
0.20679
0.24792
0.33917
0.23033
0.23997
0.29908
0.25676
0.24204
0.23720
0.25366
0.23462
0.27678
0.28971
0.28000
0.23828
0.27910
0.27541
0.28693
0.27022
0.26130
0.15014
0.31700
0.33430
0.35570
0.29312
0.28852
0.36922
0.38631
0.28707
0.16417
0.31906
0.36956
0.27115
0.20779
0.30197
0.31050
0.20459
0.23715
0.30385
0.26370
0.25762
0.23577
0.33245
0.31319
0.37292
0.25904
0.31690
0.28450
0.36210
0.28402
0.31789
0.28161
0.32301
0.28429
0.15704
0.31800
0.42214
0.24311
0.37664
0.40080
0.20233
0.30490
0.35369
0.31821
0.28978
0.27265
0.28637
0.21047
0.27938
0.30483
0.27407
0.26864
0.36068
0.27627
0.30098
0.22473
0.17577
0.25846
0.36565
0.21468
0.12631
0.32763
0.14395
0.20635
0.39068
0.14228
0.27004
0.19369
0.27435
0.23939
0.42833
0.17266
0.32735
0.38196
0.23434
0.22785
0.27405
0.23450
0.19222
0.34496
0.16162
0.35286
0.31390
0.23022
0.23362
0.24426
0.33875
0.25510
0.20140
0.33523
0.39685
0.29186
0.27685
0.34327
0.33697
0.21460
0.24831
0.28502
0.37884
0.17763
0.21128
0.22367
0.32837
0.26309
0.24956
0.28151
0.32266
0.32923
0.21054
0.28709
0.34167
0.29662
0.29038
0.25002
0.34973
0.28073
0.24673
0.25544
0.32072
0.31640
0.24779
0.32041
0.23936
0.33064
0.22241
0.23562
0.28693
0.30472
0.22604
0.28136
0.16514
0.32199
0.23033
0.10546
0.13744
0.22496
0.24495
0.26790
0.21636
0.24949
0.33634
0.22062
0.05225
0.15501
0.04914
0.29987
0.25252
0.17920
0.29200
0.10702
0.16099
0.17998
0.15778
0.08013
0.15485
0.13986
0.26715
0.15622
0.20743
0.25885
0.09698
0.33030
0.24017
0.08758
0.12394
0.17430
0.26378
0.11119
0.23420
0.20279
0.31092
0.09579
0.08319
0.08758
0.07809
0.28811
0.17471
0.14877
0.23231
0.31145
0.22456
0.29037
0.21341
0.03084
0.26650
0.04622
0.04388
0.28966
0.19887
0.31063
0.06588
0.11012
0.19655
0.19978
0.31385
0.27410
0.03631
0.08448
0.17844
0.20762
0.17937
0.17614
0.07295
0.22818
0.18682
0.11340
0.25037
0.21925
0.10296
0.17890
0.20574
0.03405
0.09218
0.20602
0.13828
0.19328
0.23116
0.19978
0.19890
0.33685
0.26196
0.24031
0.11142
0.17639
0.16587
0.02796
0.23838
0.12341
0.09103
0.18533
0.23029
0.29030
0.24919
0.05408
0.07904
0.07644
0.21457
0.22663
0.30030
0.05584
0.24739
0.30196
0.14110
0.25903
0.07263
0.06726
0.03652
0.16202
0.09105
0.12455
0.23468
0.21930
0.11162
0.12708
0.03566
0.09358
0.12267
0.30060
