0.09474
0.10723
0.05456
0.25718
0.08173
0.13653
0.21238
0.17241
0.18964
0.11153
0.21503
0.12559
0.13126
0.12283
0.06252
0.22034
0.11684
0.11390
0.08681
0.16613
0.29432
0.18999
0.16342
0.04399
0.16927
0.14700
0.13957
0.22094
0.15271
0.15849
0.14818
0.28174
0.18396
0.09627
0.15345
0.09052
0.12675
0.10421
0.12480
0.14931
0.27830
0.27034
0.06368
0.14219
0.27528
0.22409
0.11852
0.24695
0.19123
0.15406
0.09979
0.11481
0.13779
0.29138
0.09616
0.25755
0.23575
0.11073
0.11276
0.08256
0.25815
0.28085
0.09812
0.24680
0.25870
0.28990
0.05132
0.18295
0.12082
0.04481
0.12544
0.30148
0.29545
0.23823
0.24669
0.12455
0.06124
0.03527
0.22328
0.16477
0.29563
0.18584
0.26975
0.26162
0.27507
0.33711
0.09905
0.12663
0.16927
0.23745
0.30470
0.17922
0.04426
0.26138
0.04980
0.13368
0.19873
0.22033
0.19789
0.13589
0.09788
0.19348
0.16272
0.11259
0.22164
0.26643
0.15161
0.19467
0.21011
0.28066
0.03976
0.24206
0.08015
0.21467
0.11421
0.16536
0.27232
0.07633
0.06464
0.13441
0.24980
0.07969
0.25880
0.03214
0.11503
0.15144
0.29312
0.25101
0.19222
0.24501
0.13139
0.14279
0.29269
0.31517
0.12799
0.19084
0.09951
0.26608
0.21918
0.04554
0.15590
0.04126
0.30011
0.18100
0.17571
0.28193
0.07723
0.34153
0.18787
0.09505
0.19348
0.26332
0.15430
0.29300
0.32754
0.27855
0.10967
0.18755
0.16931
0.15284
0.28495
0.29687
0.25644
0.31542
0.09168
0.11312
0.29648
0.27316
0.06659
0.29219
0.06046
0.21747
0.25037
0.07132
0.10912
0.18991
0.09798
0.05114
0.16287
0.28928
0.04824
0.10272
0.19232
0.14928
0.09775
0.23761
0.23531
0.24662
0.24122
0.20611
0.16209
0.05219
0.04998
0.11886
0.11923
0.20999
0.20245
0.17550
0.10866
0.29983
0.23562
0.04396
0.17072
0.15498
0.04612
0.16763
0.14094
0.19879
0.22684
0.14493
0.22742
0.21740
0.10520
0.25331
0.24899
0.25627
0.13690
0.30390
0.21172
0.32716
0.09132
0.23557
0.10515
0.07050
0.10805
0.04905
0.18465
0.22634
0.18800
0.07626
0.27270
0.11815
0.22309
0.11854
0.07075
0.22933
0.11734
0.04071
0.11328
0.26158
0.07032
0.30560
0.08028
0.10559
0.19021
0.20911
0.11628
0.04205
0.10068
0.10351
0.14957
0.12037
0.10522
0.26934
0.12614
0.16257
0.18788
0.11524
0.07278
0.14469
0.20026
0.14655
0.20942
0.17274
0.11245
0.24251
0.26189
0.09395
0.17193
0.06764
0.10081
0.12710
0.07924
0.03422
0.34744
0.12831
0.07971
0.19588
0.13022
0.07515
0.13091
0.32833
0.12320
0.11416
0.28965
0.13025
0.18180
0.15719
0.15239
0.17165
0.10463
0.07581
0.19136
0.19261
0.19886
0.11551
0.18066
0.15316
0.13917
0.16612
0.33720
0.27846
0.27228
0.12386
0.11651
0.30632
0.30420
0.32530
0.04041
0.24245
0.13923
0.28916
0.15071
0.08026
0.13944
0.11584
0.08635
0.22392
0.20517
0.09542
0.08195
0.09494
0.27649
0.18840
0.24338
0.15441
0.21917
0.25182
0.10556
0.04524
0.21487
0.26877
0.35508
0.27132
0.33775
0.21603
0.23424
0.28250
0.27979
0.26773
0.05104
0.08623
0.13367
0.24344
0.05617
0.07863
0.22635
0.14214
0.26640
0.10423
0.19284
0.15626
0.26394
0.23571
0.27266
0.19701
0.28004
0.11966
0.15340
0.31217
0.07433
0.17525
0.05222
0.08997
0.17703
0.05978
0.22829
0.32250
0.10670
0.06034
0.18631
0.24491
0.11747
0.06447
0.07209
0.09698
0.09345
0.07852
0.19366
0.10637
0.27543
0.16665
0.18909
0.11654
0.17551
0.28231
0.20703
0.28211
0.32745
0.16905
0.23317
0.29630
0.30614
0.32190
0.27490
0.25990
0.30364
0.26381
0.21852
0.24362
0.19507
0.30811
0.18942
0.35628
0.30172
0.23370
0.26684
0.24741
0.28257
0.34785
0.29989
0.25782
0.29409
0.34565
0.24030
0.26043
0.29751
0.26097
0.22611
0.24919
0.30149
0.29263
0.26205
0.19836
0.34506
0.28292
0.24960
0.33734
0.19029
0.28550
0.29615
0.28523
0.31657
0.30813
0.29993
0.23499
0.28017
0.29052
0.21787
0.29972
0.30040
0.26497
0.30452
0.29688
0.20121
0.30391
0.23482
0.27638
0.29661
0.24781
0.28421
0.16955
0.23255
0.31911
0.10884
0.26177
0.20983
0.19732
0.16975
0.35052
0.28534
0.31168
0.17262
0.32976
0.25923
0.25351
0.33819
0.30570
0.30431
0.28201
0.23920
0.27118
0.15689
0.31727
0.30201
0.26514
0.15897
0.30936
0.18936
0.25173
0.29527
0.24393
0.34363
0.29212
0.19563
0.28197
0.30869
0.15567
0.15925
0.29002
0.16316
0.20281
0.13744
0.27818
0.30798
0.27406
0.28233
0.23513
0.31097
0.19446
0.30529
0.28819
0.30248
0.20540
0.27081
0.29646
0.20540
0.14595
0.32856
0.27465
0.20867
0.29614
0.28832
0.26467
0.34289
0.28706
0.21011
0.27176
0.17154
0.28104
0.28657
0.26870
0.26110
0.24054
0.18517
0.30436
0.22154
0.29283
0.19796
0.28946
0.32434
0.23814
0.16016
0.21515
0.27625
0.15881
0.30209
0.18893
0.24069
0.23974
0.22273
0.22522
0.28695
0.31819
0.31679
0.24051
0.21770
0.29938
0.22358
0.22763
0.21033
0.27377
0.29986
0.15431
0.18981
0.28739
0.28695
0.22942
0.16016
0.19068
0.25989
0.23699
0.21892
0.26635
0.32172
0.16107
0.25390
0.25443
0.28728
0.18749
0.29342
0.26083
0.25155
0.35097
0.18204
0.29351
0.21475
0.33852
0.30181
0.26057
0.25864
0.29708
0.24000
0.19744
0.27440
0.27643
0.29139
0.26632
0.24570
0.32015
0.22676
0.28491
0.24005
0.32587
0.25908
0.31150
0.22233
0.27282
0.27095
0.25780
0.19334
0.27913
0.24643
0.29002
0.23104
0.30157
0.23374
0.27444
0.28343
0.27993
0.23217
0.17622
0.24554
0.31364
0.28530
0.27784
0.30247
0.31850
0.23747
0.24656
0.24638
0.30015
0.27140
0.29864
0.23038
0.17929
0.29485
0.29048
0.23500
0.29764
0.20968
0.32925
0.28179
0.19480
0.20376
0.28220
0.25732
0.30481
0.27696
0.25414
0.30959
0.31267
0.15147
0.23131
0.28118
0.28747
0.28388
0.31630
0.31103
0.20660
0.20120
0.18644
0.25625
0.28513
0.34674
0.29615
0.28165
0.29528
0.21189
0.23786
0.27808
0.25462
0.18356
0.28454
0.21383
0.23552
0.30121
0.28697
0.28979
0.24362
0.23626
0.29406
0.33820
0.32776
0.23918
0.23480
0.20247
0.31687
0.27260
0.14855
0.29289
0.16188
0.26310
0.30026
0.21367
0.26014
0.22700
0.26960
0.21412
0.24801
0.24178
0.31458
0.28517
0.28461
0.20725
0.27707
0.24205
0.23475
0.19271
0.26990
0.26570
0.31061
0.26214
0.26704
0.27924
0.26560
0.25381
0.26032
0.18863
0.31349
0.26687
0.30748
0.28701
0.25928
0.32063
0.25510
0.26592
0.30743
0.19967
0.22967
0.30258
0.25333
0.29411
0.27994
0.29501
0.32587
0.35466
0.28607
0.29705
0.24207
0.27580
0.24999
0.34221
0.25765
0.25860
0.29758
0.29564
0.30904
0.29398
0.34910
0.23321
0.26135
0.30848
0.24537
0.31044
0.30756
0.22980
0.26389
0.30726
0.21743
0.28271
0.28958
0.27972
0.25646
0.26677
0.28025
0.21513
0.25848
0.31674
0.27425
0.26952
0.29385
0.27935
0.30692
0.29412
0.26762
0.14766
0.31967
0.32816
0.32472
0.33375
0.29180
0.38923
0.40167
0.28550
0.14227
0.31244
0.33400
0.27150
0.15256
0.31888
0.32464
0.21945
0.27989
0.30468
0.26321
0.23374
0.27647
0.33907
0.32370
0.37211
0.29914
0.32154
0.28671
0.37409
0.24410
0.30743
0.29902
0.34070
0.28455
0.13363
0.28965
0.42494
0.20276
0.39007
0.40685
0.17816
0.31325
0.37408
0.31731
0.27812
0.26579
0.30095
0.24795
0.25970
0.32158
0.28280
0.26867
0.36087
0.30540
0.30058
0.21729
0.21020
0.27544
0.40375
0.19286
0.07238
0.32897
0.12583
0.15463
0.39915
0.11838
0.19571
0.20170
0.29340
0.23408
0.40599
0.14867
0.32868
0.39437
0.24819
0.18789
0.27812
0.23463
0.18494
0.35614
0.13528
0.34535
0.32718
0.27349
0.23818
0.25760
0.33450
0.27755
0.17809
0.29816
0.37828
0.31144
0.28221
0.34318
0.34910
0.25091
0.21840
0.28677
0.38390
0.15296
0.21197
0.23678
0.35086
0.30115
0.25303
0.28769
0.32490
0.33419
0.18455
0.30951
0.33400
0.25919
0.30847
0.25978
0.37312
0.31448
0.21423
0.29973
0.30739
0.33599
0.26901
0.30519
0.21403
0.29112
0.23203
0.26352
0.33486
0.29974
0.26097
0.30025
0.19129
0.26094
0.24294
0.03576
0.11792
0.23686
0.24434
0.24748
0.21676
0.23983
0.35387
0.10023
0.08715
0.18679
0.02330
0.26342
0.28225
0.19722
0.27023
0.06632
0.10760
0.19573
0.18997
0.06317
0.11739
0.22634
0.25919
0.19290
0.20930
0.27811
0.07142
0.29053
0.21795
0.05224
0.08938
0.14886
0.26712
0.17189
0.26519
0.24116
0.28198
0.13112
0.06661
0.05090
0.08300
0.28737
0.08110
0.14110
0.14765
0.27016
0.17201
0.24186
0.21139
0.03782
0.28754
0.05955
0.02003
0.22415
0.20787
0.25948
0.06039
0.05694
0.22426
0.18601
0.28133
0.23701
0.04330
0.07518
0.18707
0.21404
0.19324
0.17356
0.10495
0.28003
0.20740
0.05779
0.26739
0.31376
0.12506
0.11557
0.17232
0.05993
0.04006
0.22794
0.07856
0.18247
0.22958
0.30024
0.20164
0.31329
0.15654
0.19992
0.23516
0.21933
0.15593
0.06167
0.26313
0.09759
0.09396
0.10581
0.24213
0.27190
0.24558
0.02943
0.08209
0.16999
0.17222
0.25661
0.20444
0.09925
0.20706
0.33336
0.06265
0.23959
0.11254
0.05881
0.07564
0.15817
0.11373
0.07663
0.25917
0.28195
0.08782
0.11700
0.01875
0.02594
0.11933
0.20930
