0.16042
0.10041
0.06985
0.23909
0.10491
0.14310
0.23531
0.14782
0.23233
0.04711
0.20383
0.14994
0.19239
0.12350
0.16568
0.22325
0.11860
0.18952
0.06891
0.12126
0.25189
0.18275
0.18915
0.07821
0.25870
0.17248
0.14357
0.23823
0.10797
0.16914
0.16462
0.25137
0.14545
0.10385
0.11440
0.09252
0.12957
0.11019
0.13051
0.17358
0.28245
0.29831
0.11514
0.10637
0.29366
0.18313
0.16341
0.22339
0.22625
0.16989
0.09617
0.17044
0.11994
0.27996
0.09337
0.19692
0.16823
0.16393
0.14489
0.10438
0.27146
0.30058
0.11275
0.18240
0.27099
0.30756
0.05521
0.16820
0.07641
0.07914
0.15357
0.29821
0.27032
0.16271
0.26979
0.10689
0.10269
0.07932
0.23541
0.14377
0.28296
0.14490
0.30045
0.28240
0.25209
0.33567
0.09823
0.08013
0.15841
0.27045
0.31908
0.21587
0.07624
0.27070
0.07410
0.17241
0.21766
0.23506
0.18741
0.19263
0.10241
0.17906
0.11096
0.11673
0.20256
0.28417
0.15028
0.15233
0.13482
0.29436
0.02451
0.26900
0.14313
0.21820
0.09804
0.18975
0.26011
0.06197
0.07657
0.21144
0.26270
0.08517
0.22849
0.03175
0.12243
0.14290
0.27761
0.27297
0.18641
0.20421
0.11976
0.08785
0.29297
0.28369
0.10283
0.13355
0.09871
0.24074
0.25443
0.07265
0.19760
0.05549
0.30540
0.18397
0.10720
0.25564
0.12952
0.30848
0.18162
0.08994
0.14477
0.25465
0.10577
0.30956
0.27966
0.32046
0.15861
0.16673
0.14234
0.21481
0.23726
0.28568
0.27893
0.28735
0.09412
0.14862
0.25827
0.28371
0.10161
0.18440
0.07373
0.23178
0.23218
0.03242
0.11921
0.19739
0.10630
0.06881
0.16588
0.28692
0.13659
0.11606
0.24651
0.19024
0.10086
0.17667
0.19610
0.26115
0.24396
0.22024
0.12605
0.08818
0.08661
0.18384
0.12650
0.20771
0.21762
0.20943
0.10379
0.27342
0.15336
0.16416
0.21560
0.15029
0.09278
0.17883
0.10381
0.21447
0.24133
0.08195
0.20896
0.20669
0.10305
0.23652
0.27909
0.21781
0.12720
0.26027
0.18220
0.31896
0.13551
0.15989
0.12089
0.09705
0.09493
0.05879
0.16222
0.16895
0.14926
0.09644
0.23942
0.10960
0.25870
0.16526
0.06302
0.23727
0.10893
0.04699
0.10453
0.27817
0.08273
0.22696
0.12354
0.11653
0.11729
0.20209
0.10878
0.05953
0.11881
0.11018
0.10255
0.15873
0.14604
0.23041
0.13097
0.16957
0.22518
0.10141
0.06063
0.12436
0.20686
0.16134
0.25156
0.21549
0.16775
0.24970
0.30072
0.10376
0.24462
0.05517
0.12023
0.12771
0.08695
0.05128
0.31888
0.17212
0.09092
0.19050
0.15658
0.09504
0.15425
0.32344
0.17188
0.13849
0.30399
0.11809
0.19252
0.21751
0.17998
0.11726
0.11519
0.07278
0.18896
0.23322
0.17044
0.10650
0.14978
0.17609
0.18524
0.15660
0.25879
0.25877
0.27406
0.16628
0.10980
0.27659
0.29520
0.32289
0.03759
0.24574
0.12692
0.27510
0.14826
0.12059
0.15128
0.14835
0.12535
0.15437
0.23331
0.07486
0.09596
0.08021
0.24205
0.18070
0.26218
0.16134
0.24558
0.23956
0.15165
0.09140
0.25543
0.20809
0.33249
0.24711
0.30440
0.22778
0.22651
0.27389
0.29649
0.29023
0.08007
0.07979
0.20722
0.22752
0.06323
0.09522
0.21891
0.14999
0.24553
0.09593
0.19680
0.07700
0.27632
0.27051
0.26077
0.20728
0.33576
0.16603
0.13576
0.32132
0.08132
0.24908
0.09020
0.07603
0.16841
0.07388
0.25309
0.29598
0.05462
0.10879
0.14536
0.24416
0.10871
0.06934
0.09470
0.07476
0.05768
0.10899
0.18856
0.10690
0.27395
0.19959
0.20138
0.08513
0.18215
0.28540
0.22856
0.26764
0.34009
0.18722
0.27162
0.29900
0.29021
0.30822
0.26755
0.26632
0.35055
0.27255
0.23957
0.22951
0.22915
0.27140
0.17199
0.35944
0.33058
0.26229
0.27647
0.26353
0.24074
0.36085
0.30185
0.21049
0.31576
0.32914
0.23485
0.24513
0.31799
0.26962
0.25755
0.25128
0.27081
0.29878
0.23312
0.24169
0.33783
0.27360
0.22189
0.31581
0.20251
0.31568
0.34343
0.29035
0.30937
0.28300
0.28419
0.25983
0.28184
0.34493
0.19201
0.27306
0.30447
0.27072
0.23551
0.31666
0.19319
0.28103
0.26359
0.28804
0.31673
0.29743
0.25428
0.19674
0.29509
0.34808
0.14708
0.26891
0.20322
0.18864
0.21271
0.36695
0.30955
0.31511
0.18994
0.34624
0.27129
0.29824
0.35316
0.29382
0.29087
0.28918
0.24790
0.28373
0.18486
0.33225
0.25922
0.20966
0.16933
0.31927
0.20583
0.25363
0.28744
0.25823
0.35308
0.31837
0.21650
0.32693
0.29605
0.19619
0.21575
0.28579
0.23000
0.18891
0.16567
0.29909
0.34943
0.25607
0.25332
0.25152
0.28829
0.22346
0.28194
0.24656
0.24034
0.21028
0.29209
0.29419
0.24091
0.21473
0.35625
0.29296
0.17395
0.33312
0.31367
0.25718
0.35211
0.29058
0.22670
0.29777
0.21766
0.29189
0.31790
0.28938
0.26881
0.24291
0.17326
0.32415
0.22862
0.29200
0.22611
0.27909
0.29244
0.28230
0.22047
0.22749
0.29135
0.21197
0.29238
0.20578
0.25226
0.20989
0.22441
0.22400
0.31984
0.31641
0.32452
0.21132
0.22003
0.31109
0.22223
0.21615
0.21917
0.28693
0.31423
0.18793
0.20835
0.27756
0.25824
0.21360
0.17068
0.21005
0.26635
0.22978
0.24175
0.24208
0.28730
0.17110
0.22947
0.26906
0.28997
0.19809
0.26989
0.26659
0.25014
0.38216
0.21047
0.31336
0.22935
0.34668
0.30050
0.22937
0.26834
0.27513
0.26330
0.21432
0.31362
0.28481
0.23634
0.28690
0.26201
0.34275
0.26907
0.28689
0.23756
0.33239
0.20720
0.29809
0.23201
0.21921
0.28624
0.28084
0.22903
0.22352
0.23743
0.29637
0.22386
0.29864
0.24982
0.25863
0.29004
0.27927
0.28409
0.16707
0.20241
0.31927
0.31863
0.26553
0.27414
0.30009
0.26586
0.24138
0.20882
0.29757
0.29721
0.25394
0.25496
0.17200
0.27680
0.30202
0.25748
0.22319
0.22262
0.31804
0.27502
0.20203
0.17493
0.29034
0.29127
0.27870
0.25302
0.25322
0.33513
0.35255
0.16409
0.24519
0.31109
0.24332
0.25690
0.31363
0.33106
0.22691
0.22047
0.17503
0.27042
0.26442
0.35307
0.29844
0.29743
0.27960
0.24880
0.27678
0.29661
0.27261
0.19782
0.31755
0.21862
0.23221
0.32832
0.30138
0.23457
0.26216
0.25160
0.29364
0.31502
0.33452
0.25394
0.26720
0.18363
0.29406
0.31988
0.14717
0.24363
0.20719
0.22908
0.27725
0.23204
0.29951
0.24237
0.22904
0.24986
0.25411
0.24331
0.32898
0.30607
0.24163
0.20803
0.29344
0.25208
0.24173
0.16948
0.34548
0.28101
0.32626
0.25352
0.25357
0.28444
0.26616
0.20565
0.26837
0.17733
0.31567
0.27659
0.33437
0.28211
0.29606
0.34640
0.28017
0.25476
0.27243
0.19331
0.20671
0.26219
0.20886
0.29940
0.30198
0.26114
0.31088
0.37492
0.29959
0.32179
0.27995
0.30889
0.31952
0.34993
0.25034
0.27905
0.31906
0.32269
0.27519
0.32084
0.38346
0.23704
0.22689
0.32127
0.23505
0.33072
0.34777
0.25286
0.23513
0.33326
0.22567
0.26001
0.30861
0.28612
0.28091
0.22831
0.25976
0.26600
0.28467
0.32012
0.28330
0.25972
0.29669
0.27198
0.29975
0.26366
0.28062
0.15120
0.31305
0.31412
0.36109
0.30216
0.33963
0.39696
0.38586
0.26783
0.20463
0.28322
0.38368
0.28651
0.18289
0.29725
0.36767
0.26124
0.24951
0.29673
0.22590
0.27843
0.24374
0.30828
0.37328
0.43100
0.31652
0.32838
0.26915
0.38641
0.30678
0.28932
0.27679
0.35684
0.24747
0.17637
0.32006
0.44822
0.27428
0.41528
0.39865
0.16205
0.29100
0.36416
0.27737
0.27929
0.23986
0.28787
0.21160
0.29031
0.30228
0.32040
0.30713
0.37783
0.29355
0.29625
0.28269
0.21390
0.24105
0.39912
0.26267
0.16866
0.34565
0.22136
0.21621
0.41779
0.18701
0.23934
0.24534
0.27930
0.25266
0.42015
0.21731
0.33512
0.38173
0.23282
0.23332
0.25696
0.27154
0.22045
0.37703
0.19745
0.34373
0.33814
0.28121
0.24627
0.24875
0.32436
0.29578
0.23644
0.32632
0.42018
0.32788
0.29571
0.35812
0.36731
0.20791
0.29998
0.27752
0.35871
0.19130
0.23578
0.25298
0.35722
0.29562
0.24780
0.26075
0.34065
0.37431
0.20854
0.28355
0.33244
0.29968
0.29886
0.24950
0.37639
0.30751
0.26307
0.26084
0.30741
0.31574
0.26237
0.30092
0.24610
0.34358
0.25110
0.25787
0.32474
0.29176
0.21906
0.31127
0.19493
0.31969
0.23434
0.07876
0.19050
0.14926
0.21087
0.26728
0.21717
0.21944
0.32854
0.16120
0.06328
0.20650
0.05315
0.28613
0.23707
0.17107
0.26431
0.09735
0.08003
0.21026
0.20506
0.09243
0.10882
0.23519
0.27559
0.17452
0.20755
0.25465
0.06494
0.29385
0.18019
0.03057
0.12014
0.13253
0.31767
0.13226
0.25684
0.20142
0.29839
0.07788
0.08384
0.04122
0.11240
0.20644
0.13335
0.15519
0.13987
0.31550
0.16205
0.29955
0.20867
0.07308
0.29327
0.09420
0.04754
0.28602
0.18559
0.21156
0.09508
0.09379
0.19963
0.22384
0.26332
0.26716
0.02687
0.03505
0.18221
0.19727
0.23059
0.23690
0.08110
0.16290
0.22596
0.17695
0.27248
0.23910
0.12768
0.16372
0.14431
0.07006
0.05935
0.29155
0.20231
0.17080
0.22792
0.21795
0.19152
0.31990
0.26105
0.21907
0.18823
0.22474
0.17409
0.03790
0.25474
0.10769
0.06418
0.17172
0.23562
0.24910
0.25677
0.05528
0.04708
0.13576
0.20819
0.23966
0.25857
0.10981
0.29025
0.28195
0.13675
0.26006
0.09583
0.05798
0.03125
0.17028
0.07266
0.07575
0.25415
0.22330
0.11385
0.06089
0.03940
0.08949
0.04209
0.21757
