0.08501
0.09571
0.04053
0.20476
0.06864
0.13761
0.23943
0.11783
0.14015
0.02641
0.19575
0.13321
0.14481
0.13688
0.08516
0.22464
0.11597
0.13772
0.03990
0.13044
0.28613
0.14171
0.12422
0.05016
0.21348
0.14094
0.09512
0.24165
0.09123
0.13599
0.10598
0.22666
0.12274
0.09594
0.08673
0.09458
0.14370
0.04406
0.11461
0.14266
0.28281
0.25964
0.08177
0.13481
0.25703
0.20934
0.14578
0.24692
0.14624
0.13092
0.10383
0.13245
0.16692
0.26790
0.09127
0.20841
0.19706
0.09024
0.10407
0.08190
0.27596
0.29478
0.09217
0.21959
0.26391
0.31980
0.03277
0.15907
0.10161
0.03934
0.12673
0.29003
0.30775
0.20532
0.23756
0.11920
0.06178
0.04030
0.22199
0.15702
0.31355
0.14993
0.30766
0.25790
0.19758
0.36248
0.09720
0.04864
0.12292
0.24842
0.31817
0.15974
0.07185
0.25982
0.05692
0.15377
0.24145
0.20594
0.20235
0.13548
0.09256
0.20333
0.12792
0.12041
0.20940
0.29770
0.13857
0.17281
0.14403
0.26475
0.01373
0.28485
0.06922
0.23483
0.12300
0.14238
0.27290
0.03503
0.04676
0.18986
0.23654
0.06051
0.26469
0.01472
0.07669
0.11715
0.28112
0.24058
0.17382
0.25811
0.07395
0.08818
0.24618
0.34546
0.10347
0.10227
0.06162
0.28010
0.27044
0.04492
0.12332
0.02902
0.29469
0.16666
0.11082
0.22333
0.07058
0.32490
0.17088
0.09039
0.17316
0.23747
0.09826
0.30378
0.30854
0.30983
0.06012
0.13121
0.14337
0.16919
0.20471
0.26272
0.26640
0.31789
0.10095
0.11986
0.28773
0.28114
0.05947
0.24304
0.04301
0.20163
0.23236
0.02588
0.06475
0.19868
0.08247
0.07607
0.14441
0.24892
0.10372
0.10618
0.21438
0.13760
0.08637
0.13610
0.21981
0.25110
0.25097
0.14834
0.10433
0.06886
0.05378
0.11112
0.15625
0.21122
0.19903
0.14225
0.07522
0.29867
0.18135
0.09224
0.15766
0.12687
0.05271
0.19685
0.09439
0.19087
0.25242
0.06455
0.25533
0.24538
0.06603
0.24130
0.25386
0.21500
0.13081
0.22983
0.20580
0.31685
0.10080
0.18107
0.10148
0.06066
0.08197
0.06589
0.18306
0.19054
0.10692
0.05736
0.26316
0.07465
0.21744
0.09530
0.04451
0.23874
0.10892
0.05219
0.09078
0.23452
0.06990
0.29653
0.09625
0.09834
0.11921
0.21840
0.10497
0.02815
0.10188
0.10228
0.12798
0.08695
0.07420
0.27347
0.14471
0.15515
0.19710
0.06157
0.06816
0.13211
0.23773
0.13755
0.20410
0.15480
0.13235
0.26849
0.30174
0.08725
0.13511
0.07775
0.08220
0.12260
0.06936
0.02859
0.35800
0.15827
0.07061
0.19952
0.15530
0.07234
0.11951
0.33455
0.12422
0.08197
0.27926
0.12810
0.22972
0.17594
0.18439
0.14478
0.07668
0.07007
0.14585
0.21483
0.17557
0.09798
0.16703
0.13018
0.15334
0.12116
0.34519
0.26885
0.25859
0.11756
0.13391
0.28688
0.29597
0.34154
0.03022
0.24946
0.11727
0.30691
0.12577
0.08741
0.10391
0.08350
0.10881
0.16250
0.23659
0.06772
0.09342
0.05369
0.23548
0.20255
0.20686
0.15508
0.21504
0.25391
0.10120
0.05498
0.25098
0.27653
0.36041
0.18867
0.32053
0.23153
0.23071
0.27459
0.27477
0.26876
0.07206
0.10172
0.11491
0.22835
0.03155
0.03022
0.20110
0.09402
0.21226
0.09621
0.14835
0.10763
0.25790
0.24580
0.22906
0.18895
0.30101
0.11364
0.13427
0.33673
0.08718
0.19985
0.04578
0.05751
0.20189
0.06359
0.24817
0.31731
0.07383
0.08406
0.11990
0.25428
0.11123
0.05030
0.05495
0.05435
0.04989
0.07114
0.20074
0.06364
0.29660
0.12566
0.14897
0.09959
0.15516
0.29415
0.24168
0.29913
0.36083
0.20390
0.28199
0.31684
0.29132
0.32966
0.27886
0.26518
0.35834
0.28602
0.22891
0.25652
0.20843
0.30763
0.19302
0.38470
0.31791
0.25226
0.27660
0.25300
0.27671
0.35240
0.30700
0.24213
0.29938
0.34194
0.23537
0.26697
0.32263
0.27357
0.23299
0.25248
0.30755
0.30401
0.26706
0.18624
0.34964
0.27050
0.26152
0.34519
0.22953
0.29316
0.36631
0.29580
0.30186
0.30326
0.30772
0.22957
0.30619
0.33736
0.24546
0.32236
0.30969
0.24703
0.28234
0.30967
0.19448
0.31230
0.25330
0.27083
0.30730
0.28663
0.27842
0.16249
0.27795
0.37066
0.10701
0.30075
0.24006
0.18717
0.18633
0.35631
0.30889
0.31288
0.17257
0.35314
0.27883
0.28811
0.37421
0.29163
0.32848
0.29566
0.24100
0.28060
0.17043
0.37774
0.30079
0.24986
0.18529
0.33396
0.17380
0.26679
0.28695
0.25839
0.35444
0.30635
0.21629
0.32658
0.29998
0.18260
0.21551
0.29877
0.17998
0.16748
0.14955
0.27729
0.33506
0.28564
0.26560
0.24097
0.31291
0.18684
0.29460
0.29326
0.29225
0.21481
0.27944
0.30394
0.19121
0.16371
0.35373
0.28548
0.23010
0.30644
0.30650
0.24722
0.37840
0.30844
0.22718
0.27794
0.18972
0.29073
0.30870
0.31521
0.25838
0.23957
0.18564
0.31422
0.23154
0.27792
0.20823
0.29696
0.31551
0.29619
0.17714
0.23747
0.31209
0.18211
0.30180
0.17401
0.24922
0.22151
0.20570
0.22274
0.30873
0.30281
0.32561
0.25394
0.20738
0.32291
0.23697
0.21759
0.23122
0.28982
0.29751
0.14538
0.18779
0.29675
0.28341
0.22997
0.16220
0.22473
0.25591
0.25644
0.20725
0.25181
0.31755
0.16307
0.28181
0.26969
0.28506
0.16770
0.31836
0.27549
0.25648
0.38302
0.19271
0.29268
0.21485
0.37214
0.31742
0.28172
0.26820
0.30899
0.28657
0.18835
0.31667
0.27802
0.28068
0.27099
0.28084
0.33520
0.22758
0.27944
0.24645
0.35191
0.24909
0.27383
0.23196
0.28706
0.28378
0.27164
0.20239
0.27543
0.25633
0.29856
0.24704
0.31519
0.22532
0.28755
0.30024
0.27485
0.29306
0.17113
0.23506
0.32929
0.31432
0.27039
0.30869
0.32319
0.26560
0.27132
0.24788
0.30092
0.27405
0.27690
0.22853
0.14786
0.31533
0.30036
0.26158
0.28090
0.19444
0.32562
0.29066
0.24091
0.21106
0.28093
0.28804
0.29707
0.27657
0.26767
0.35984
0.35221
0.16018
0.21618
0.31725
0.27904
0.28688
0.31085
0.34036
0.19567
0.20924
0.17116
0.28468
0.28514
0.36018
0.28885
0.29019
0.29225
0.22150
0.26007
0.30270
0.27337
0.18355
0.33415
0.23269
0.23288
0.33860
0.32969
0.28692
0.23448
0.27951
0.26732
0.33651
0.33638
0.28268
0.27710
0.17102
0.31260
0.32892
0.13196
0.28261
0.17572
0.26483
0.29429
0.21249
0.31580
0.24122
0.27948
0.21587
0.27816
0.24308
0.34864
0.28633
0.27269
0.21670
0.28571
0.25586
0.23843
0.24924
0.31655
0.28617
0.34789
0.26430
0.26916
0.29172
0.28470
0.26494
0.28714
0.18585
0.33400
0.27326
0.31849
0.26797
0.27419
0.34929
0.27694
0.28211
0.30454
0.19184
0.20726
0.30018
0.22841
0.30991
0.30066
0.31097
0.33960
0.38410
0.30857
0.33400
0.27473
0.29893
0.28472
0.37179
0.27877
0.29461
0.32934
0.32660
0.31782
0.31981
0.40087
0.20872
0.24864
0.31690
0.23775
0.31141
0.31505
0.24389
0.25615
0.34980
0.23895
0.29575
0.31428
0.31073
0.27974
0.25773
0.27210
0.27497
0.29007
0.32652
0.30070
0.26715
0.30732
0.29171
0.30995
0.29334
0.27621
0.13214
0.32376
0.31838
0.37011
0.32426
0.28054
0.39730
0.39922
0.28194
0.19566
0.30413
0.37645
0.27642
0.17594
0.30547
0.32310
0.21738
0.26227
0.30491
0.24845
0.23518
0.26122
0.31339
0.33491
0.37947
0.27534
0.31511
0.27936
0.37655
0.28537
0.29644
0.29632
0.33399
0.27237
0.16220
0.32376
0.42806
0.23000
0.39145
0.40137
0.19013
0.29083
0.36692
0.31493
0.29484
0.25275
0.27614
0.22342
0.29079
0.30828
0.29226
0.28044
0.35450
0.29649
0.28342
0.22846
0.20946
0.26211
0.39664
0.21968
0.10651
0.31353
0.12566
0.18662
0.40341
0.13770
0.19491
0.20213
0.28453
0.23187
0.45468
0.17294
0.33401
0.38895
0.24851
0.22906
0.25890
0.22927
0.17611
0.35737
0.15761
0.34351
0.32944
0.28996
0.26130
0.25053
0.32941
0.28675
0.18540
0.32870
0.41639
0.31518
0.29460
0.36544
0.36791
0.23444
0.24548
0.28091
0.36576
0.16384
0.21850
0.24321
0.33655
0.28864
0.23548
0.27290
0.31594
0.34436
0.19787
0.29464
0.33745
0.29709
0.29790
0.24998
0.38256
0.29882
0.23695
0.29425
0.30055
0.31848
0.27418
0.30672
0.23511
0.34539
0.25669
0.24019
0.31963
0.30389
0.25958
0.29479
0.19343
0.28455
0.22848
0.04370
0.14087
0.18120
0.25154
0.25903
0.20539
0.25420
0.32172
0.16024
0.07384
0.19292
0.02651
0.29542
0.25810
0.17582
0.28104
0.02124
0.09185
0.16559
0.17245
0.06895
0.11559
0.21722
0.25587
0.17397
0.21691
0.26292
0.04697
0.31648
0.23099
0.03596
0.07126
0.11699
0.26700
0.16270
0.16927
0.19510
0.27778
0.03190
0.05549
0.10912
0.05660
0.27630
0.02686
0.11909
0.16288
0.23461
0.13629
0.19956
0.22102
0.05566
0.27098
0.05018
0.04855
0.18497
0.16499
0.27396
0.04786
0.05464
0.21500
0.20223
0.26957
0.24488
0.07835
0.02661
0.13903
0.21253
0.20629
0.20774
0.10321
0.27588
0.12741
0.08828
0.27349
0.21534
0.08910
0.12579
0.12699
0.08751
0.04053
0.21623
0.11083
0.20276
0.26854
0.25921
0.19907
0.32851
0.22252
0.25674
0.11637
0.17636
0.19792
0.01805
0.23913
0.12086
0.06135
0.23353
0.24375
0.28393
0.23775
0.04170
0.08008
0.12279
0.20100
0.24033
0.26979
0.05510
0.13801
0.31877
0.15775
0.21415
0.05783
0.00788
0.07157
0.10995
0.06849
0.13613
0.20454
0.23878
0.08763
0.07372
0.03991
0.04876
0.07340
0.23421
