0.19134
0.14222
0.13712
0.24755
0.14476
0.17504
0.25341
0.17198
0.21011
0.12563
0.26065
0.14493
0.22759
0.15084
0.18195
0.23218
0.19594
0.22948
0.12420
0.21267
0.29667
0.21576
0.18630
0.11079
0.26395
0.20107
0.15511
0.23922
0.13569
0.18235
0.19263
0.25820
0.19802
0.13624
0.12446
0.12272
0.16516
0.17202
0.21226
0.22515
0.30435
0.26553
0.19363
0.17501
0.28791
0.24205
0.18318
0.29874
0.25105
0.18146
0.11435
0.18163
0.17139
0.29159
0.11161
0.26331
0.25807
0.15991
0.17450
0.15071
0.26320
0.29332
0.18467
0.25760
0.27648
0.33771
0.13267
0.16428
0.15737
0.10566
0.15825
0.29507
0.31543
0.20662
0.26799
0.16950
0.17197
0.10641
0.22903
0.20127
0.30733
0.27224
0.37037
0.27987
0.25207
0.33486
0.11955
0.12680
0.18591
0.26148
0.36679
0.19370
0.13831
0.26989
0.16126
0.22773
0.20592
0.22816
0.18874
0.17788
0.13236
0.20661
0.15874
0.18651
0.27324
0.29404
0.20799
0.21223
0.20399
0.29738
0.04224
0.28109
0.20228
0.25918
0.17990
0.21978
0.26144
0.10568
0.11831
0.23574
0.23384
0.14031
0.27624
0.10874
0.16451
0.18589
0.32670
0.28338
0.20750
0.25053
0.14845
0.14631
0.29547
0.34106
0.13489
0.19264
0.14233
0.28501
0.28652
0.09607
0.20258
0.08126
0.29681
0.20354
0.21517
0.32154
0.17493
0.36354
0.24692
0.12365
0.17286
0.33195
0.16577
0.30616
0.31134
0.33192
0.17035
0.18542
0.20478
0.20408
0.25686
0.28544
0.30014
0.32192
0.13635
0.19698
0.32068
0.26299
0.16536
0.28925
0.13674
0.28147
0.21836
0.08213
0.12451
0.24450
0.11841
0.17239
0.20840
0.29852
0.13488
0.16822
0.23706
0.23857
0.14308
0.27254
0.25153
0.28189
0.26518
0.24378
0.19782
0.13568
0.12566
0.20020
0.20032
0.24180
0.24170
0.18841
0.14650
0.29772
0.24160
0.18058
0.23902
0.18071
0.10443
0.29397
0.14649
0.28113
0.26613
0.17441
0.27242
0.26321
0.19283
0.24966
0.24047
0.25333
0.15508
0.30421
0.25781
0.36642
0.19838
0.22212
0.22244
0.13051
0.17175
0.13890
0.20311
0.23801
0.17330
0.08285
0.25283
0.13486
0.30179
0.19616
0.10102
0.25266
0.14787
0.10245
0.16214
0.26512
0.11155
0.29980
0.16756
0.16239
0.20276
0.21110
0.14157
0.10265
0.18042
0.17501
0.13679
0.18607
0.16519
0.26329
0.14467
0.20872
0.21288
0.16590
0.14844
0.15883
0.22152
0.20425
0.23720
0.22224
0.19578
0.24799
0.26868
0.12028
0.21404
0.11683
0.15578
0.17093
0.12670
0.12542
0.32524
0.18846
0.17092
0.26197
0.17873
0.11554
0.19187
0.31356
0.14248
0.13203
0.30218
0.16091
0.22808
0.23254
0.23182
0.25215
0.14830
0.13567
0.26945
0.24482
0.20516
0.14208
0.24139
0.22159
0.22796
0.22282
0.33945
0.31596
0.29207
0.20718
0.17687
0.28116
0.31050
0.35812
0.14471
0.24726
0.15447
0.27948
0.20807
0.14946
0.18130
0.19458
0.15368
0.26687
0.23316
0.16157
0.19855
0.14889
0.26145
0.26078
0.28621
0.19724
0.23034
0.23329
0.19160
0.13363
0.28211
0.30651
0.37424
0.24428
0.32367
0.22078
0.24309
0.30295
0.28431
0.26224
0.12550
0.14878
0.17601
0.23818
0.11460
0.11648
0.23160
0.17012
0.25537
0.14691
0.21962
0.23186
0.29672
0.26857
0.26177
0.23769
0.28495
0.19467
0.18448
0.33239
0.13646
0.23762
0.11407
0.13899
0.23804
0.14594
0.26783
0.31367
0.12671
0.10692
0.24122
0.26559
0.16368
0.14111
0.12659
0.10837
0.12984
0.20095
0.20370
0.14512
0.27386
0.23536
0.22275
0.12665
0.20710
0.29991
0.18566
0.27711
0.36285
0.15986
0.30234
0.29836
0.27705
0.30847
0.29533
0.24515
0.36161
0.25338
0.24885
0.23526
0.22729
0.27787
0.19376
0.39053
0.32802
0.28085
0.27263
0.25005
0.23944
0.34770
0.26819
0.23423
0.30798
0.33765
0.24020
0.24884
0.31405
0.27342
0.23798
0.25465
0.27371
0.30828
0.24450
0.21951
0.34912
0.22391
0.24178
0.29699
0.19480
0.31420
0.36033
0.28888
0.28231
0.29372
0.26832
0.21913
0.30859
0.33198
0.17898
0.25519
0.34412
0.25406
0.28328
0.30089
0.19807
0.28059
0.26592
0.28372
0.31159
0.27837
0.26986
0.18938
0.31053
0.37097
0.15574
0.27682
0.22737
0.18417
0.21958
0.36280
0.31454
0.32388
0.16867
0.35776
0.26944
0.28739
0.37408
0.30158
0.29545
0.28443
0.24853
0.27338
0.20177
0.36316
0.27444
0.20472
0.16823
0.32547
0.22491
0.25241
0.29961
0.25710
0.34973
0.32067
0.21693
0.32729
0.30460
0.18568
0.20937
0.28071
0.18481
0.20790
0.15775
0.29920
0.32241
0.25841
0.25076
0.25020
0.29368
0.23131
0.28847
0.24001
0.27360
0.23588
0.28567
0.26803
0.21700
0.18621
0.35267
0.30339
0.20005
0.32319
0.32588
0.26771
0.33998
0.31193
0.23494
0.29030
0.20364
0.29179
0.31704
0.28443
0.25989
0.25501
0.16129
0.29557
0.20774
0.28633
0.21911
0.23279
0.29447
0.29749
0.20482
0.25380
0.26421
0.21552
0.30186
0.20673
0.25582
0.23604
0.25231
0.21047
0.31377
0.31896
0.31681
0.21078
0.19677
0.33215
0.22186
0.18273
0.19563
0.31257
0.31910
0.16954
0.18916
0.28128
0.25989
0.18563
0.16090
0.22209
0.27018
0.22960
0.26897
0.24382
0.30749
0.19564
0.24915
0.26708
0.26675
0.19257
0.28511
0.28022
0.26622
0.37857
0.19467
0.30323
0.22507
0.36705
0.32779
0.24065
0.27433
0.27219
0.26447
0.21001
0.31367
0.28392
0.28076
0.28335
0.24054
0.34224
0.24148
0.27244
0.24729
0.35192
0.19588
0.28377
0.22644
0.25386
0.28268
0.24931
0.21391
0.23667
0.24623
0.31144
0.21966
0.30472
0.21993
0.26307
0.29856
0.29434
0.31303
0.16732
0.19404
0.32954
0.32937
0.23239
0.28513
0.29243
0.28220
0.25839
0.23006
0.30093
0.28296
0.24137
0.25735
0.18463
0.30255
0.31269
0.25518
0.26913
0.24374
0.32386
0.27935
0.18375
0.21472
0.29187
0.28140
0.26519
0.28146
0.26182
0.36555
0.35036
0.15726
0.23037
0.32097
0.26642
0.26107
0.28785
0.33142
0.23907
0.20265
0.20994
0.25022
0.29525
0.37000
0.29800
0.29826
0.28376
0.21948
0.26420
0.28790
0.28141
0.17296
0.33541
0.21763
0.24295
0.34786
0.29885
0.25356
0.23839
0.21985
0.29644
0.31309
0.33411
0.25453
0.28550
0.21756
0.29095
0.31551
0.13216
0.26681
0.22279
0.22978
0.26571
0.25576
0.25491
0.24794
0.25385
0.21028
0.19977
0.24693
0.34036
0.28484
0.24840
0.21951
0.29790
0.25946
0.23854
0.19460
0.34025
0.30210
0.32401
0.27009
0.26139
0.25682
0.26539
0.20397
0.27261
0.18068
0.33456
0.26382
0.33941
0.28404
0.29196
0.33922
0.26839
0.24065
0.29138
0.19014
0.15506
0.28003
0.20379
0.29624
0.31440
0.29532
0.28738
0.38543
0.31782
0.31490
0.28172
0.32776
0.29766
0.35322
0.23594
0.28317
0.31061
0.32333
0.27105
0.30476
0.37581
0.23316
0.23059
0.34506
0.23694
0.31552
0.32266
0.25120
0.24584
0.36806
0.24327
0.27693
0.32316
0.28328
0.26523
0.25573
0.23583
0.28065
0.29652
0.29417
0.29892
0.25561
0.27248
0.27785
0.28526
0.26466
0.26007
0.14272
0.30298
0.32402
0.35636
0.30819
0.33454
0.37097
0.39333
0.28193
0.19230
0.31923
0.38920
0.27052
0.22393
0.30047
0.36709
0.25705
0.23911
0.34137
0.22299
0.27312
0.24711
0.32136
0.37052
0.44327
0.33251
0.31398
0.24547
0.39827
0.31340
0.30597
0.29895
0.37745
0.27292
0.19269
0.33410
0.45652
0.24731
0.40404
0.39010
0.21891
0.27434
0.34538
0.30851
0.30606
0.26207
0.26709
0.23349
0.29720
0.32427
0.30925
0.30393
0.36482
0.26880
0.28495
0.27189
0.19933
0.25868
0.41011
0.24818
0.15003
0.34015
0.16199
0.20476
0.41890
0.16412
0.26672
0.23258
0.26603
0.23942
0.44120
0.21258
0.33259
0.38457
0.24883
0.28851
0.24740
0.26474
0.20612
0.35323
0.17882
0.36592
0.36002
0.21879
0.25587
0.22055
0.34828
0.28785
0.21731
0.34288
0.42056
0.32818
0.30058
0.36767
0.37805
0.20857
0.28306
0.30924
0.38186
0.21732
0.24135
0.23300
0.36554
0.28212
0.24554
0.26458
0.31969
0.38165
0.25619
0.28551
0.33290
0.31179
0.30086
0.23828
0.41065
0.27845
0.28367
0.28737
0.31773
0.31854
0.26468
0.28124
0.24265
0.34699
0.28161
0.22693
0.30523
0.28957
0.23637
0.28465
0.17608
0.33274
0.19053
0.10215
0.16176
0.23621
0.21919
0.24556
0.17268
0.26338
0.37142
0.20993
0.09827
0.15041
0.07146
0.27431
0.27338
0.18710
0.28706
0.15459
0.20608
0.19513
0.25027
0.17532
0.19364
0.23252
0.25406
0.17154
0.24179
0.23572
0.13544
0.32341
0.24375
0.11989
0.15555
0.19280
0.26920
0.19199
0.20131
0.20672
0.29173
0.11335
0.13171
0.08874
0.12636
0.30792
0.17049
0.21525
0.22140
0.29098
0.19816
0.29728
0.21630
0.17879
0.29538
0.07285
0.07377
0.28810
0.14263
0.26347
0.15713
0.19396
0.18791
0.18196
0.27215
0.24778
0.06408
0.10406
0.18122
0.21485
0.25425
0.20736
0.22677
0.24735
0.19942
0.20764
0.27197
0.29796
0.21806
0.15765
0.15695
0.17484
0.14626
0.23365
0.20675
0.20433
0.28154
0.30801
0.23097
0.30787
0.25428
0.20811
0.23289
0.19569
0.22944
0.06114
0.24713
0.16144
0.12149
0.23026
0.26123
0.29548
0.26096
0.11235
0.08151
0.15516
0.25259
0.23618
0.31232
0.18793
0.24094
0.28083
0.19026
0.22631
0.18795
0.10262
0.11294
0.20234
0.15358
0.16843
0.19155
0.29331
0.14088
0.12527
0.10281
0.18441
0.17188
0.26653
