0.19795
0.13109
0.12174
0.26846
0.14181
0.15951
0.25292
0.18647
0.20870
0.14840
0.25332
0.15070
0.24485
0.14089
0.16783
0.23847
0.20413
0.23021
0.12757
0.18809
0.30875
0.21621
0.18224
0.13787
0.25830
0.21743
0.16708
0.25178
0.15192
0.19995
0.19016
0.28758
0.20005
0.13567
0.09906
0.11481
0.14633
0.13934
0.20589
0.21566
0.30486
0.28465
0.15872
0.21294
0.29991
0.25922
0.18303
0.29596
0.24820
0.16110
0.09378
0.16155
0.17433
0.29112
0.09631
0.26540
0.27429
0.15132
0.19481
0.14020
0.26497
0.31189
0.18444
0.22423
0.27624
0.32295
0.08944
0.17350
0.18220
0.08932
0.17088
0.32366
0.32692
0.20364
0.25325
0.16363
0.14948
0.09995
0.23764
0.19952
0.29088
0.29118
0.34415
0.26900
0.26425
0.37110
0.10460
0.11086
0.19368
0.27370
0.34160
0.18639
0.14793
0.24519
0.14524
0.21180
0.20244
0.21947
0.19937
0.17892
0.13148
0.22803
0.15439
0.17542
0.26835
0.28586
0.21595
0.19162
0.22946
0.25805
0.04244
0.26884
0.15157
0.25008
0.15488
0.22640
0.26159
0.10212
0.12651
0.21436
0.24447
0.15324
0.28649
0.09340
0.16510
0.18629
0.32462
0.26916
0.18978
0.26327
0.12664
0.15570
0.28606
0.33303
0.13294
0.17769
0.14592
0.29752
0.28444
0.08550
0.18791
0.06576
0.28884
0.18728
0.21053
0.32165
0.17685
0.34859
0.23380
0.12265
0.17084
0.32724
0.15880
0.31834
0.30261
0.30330
0.17745
0.17158
0.19026
0.22476
0.29568
0.29232
0.30035
0.32808
0.11817
0.20629
0.29952
0.26880
0.15711
0.28268
0.09664
0.26674
0.22576
0.09674
0.15366
0.24528
0.09390
0.12352
0.21656
0.29008
0.13291
0.14996
0.25557
0.24217
0.14037
0.25324
0.25239
0.26416
0.25851
0.23898
0.18994
0.11282
0.10010
0.18381
0.19503
0.23801
0.26440
0.20738
0.16638
0.29960
0.23267
0.18355
0.21378
0.18553
0.09360
0.25988
0.14605
0.27242
0.25570
0.17942
0.25071
0.24272
0.18504
0.23928
0.26816
0.23260
0.17241
0.31656
0.27598
0.34536
0.18361
0.18774
0.19210
0.12661
0.15932
0.13397
0.22263
0.23846
0.17071
0.10414
0.26575
0.12106
0.29981
0.19516
0.08793
0.27958
0.13850
0.10075
0.16678
0.28039
0.12449
0.30467
0.17442
0.16614
0.19847
0.22498
0.13341
0.11035
0.21436
0.16230
0.14743
0.17791
0.17185
0.29159
0.14406
0.19717
0.19797
0.16946
0.15063
0.16788
0.20073
0.20952
0.24201
0.22684
0.20897
0.25367
0.30892
0.12095
0.20116
0.12342
0.14794
0.16165
0.11654
0.08204
0.32759
0.19400
0.15128
0.19353
0.14770
0.10153
0.20465
0.32646
0.14011
0.15006
0.29528
0.13954
0.21593
0.23171
0.28429
0.26754
0.14571
0.14906
0.27119
0.23591
0.23466
0.11875
0.22334
0.22081
0.20617
0.22502
0.33163
0.31607
0.27368
0.18331
0.15747
0.30118
0.31190
0.33719
0.13884
0.27260
0.13938
0.31653
0.21088
0.12252
0.18385
0.19533
0.13044
0.24798
0.23259
0.13957
0.15560
0.13342
0.28173
0.27971
0.28047
0.22395
0.25647
0.23785
0.19317
0.09044
0.28195
0.30910
0.36689
0.26867
0.33504
0.23323
0.26128
0.29591
0.29318
0.27203
0.12419
0.14863
0.17142
0.23250
0.12035
0.14308
0.22958
0.16052
0.24272
0.12852
0.22475
0.19033
0.30542
0.28462
0.24251
0.24283
0.26635
0.22070
0.15641
0.32670
0.15018
0.23994
0.12902
0.14145
0.23092
0.12332
0.26874
0.33828
0.10569
0.11070
0.23999
0.25771
0.14350
0.10075
0.08013
0.09450
0.10778
0.20973
0.20168
0.11455
0.30725
0.23430
0.22612
0.11998
0.13799
0.29823
0.23903
0.30225
0.34562
0.17606
0.29464
0.30390
0.30881
0.34518
0.28482
0.25832
0.34800
0.28351
0.24698
0.27599
0.20598
0.31307
0.20044
0.38385
0.32740
0.24617
0.28305
0.25269
0.27274
0.34241
0.30809
0.26821
0.31467
0.34909
0.27910
0.28988
0.33462
0.27239
0.22228
0.23809
0.31915
0.30326
0.28759
0.22151
0.34599
0.27197
0.26860
0.34251
0.19154
0.30330
0.35938
0.28820
0.32668
0.32365
0.31112
0.24526
0.30048
0.34074
0.23968
0.31177
0.32858
0.27976
0.30949
0.30990
0.22008
0.32171
0.26432
0.28315
0.31698
0.28667
0.29860
0.16753
0.27960
0.38534
0.12249
0.27019
0.23779
0.23926
0.19013
0.35205
0.29747
0.33630
0.18012
0.33838
0.26847
0.25896
0.37451
0.30705
0.30722
0.28304
0.24750
0.28028
0.18834
0.36304
0.31010
0.26713
0.17924
0.32716
0.20833
0.24415
0.29227
0.26196
0.34154
0.30607
0.21818
0.33199
0.30041
0.15370
0.20262
0.32014
0.16940
0.20896
0.16278
0.28570
0.32969
0.29506
0.29522
0.25081
0.32042
0.20323
0.31714
0.28113
0.30610
0.21380
0.28576
0.30838
0.21917
0.20495
0.34797
0.30826
0.21907
0.32544
0.30980
0.23774
0.35441
0.32015
0.23908
0.31825
0.20786
0.27716
0.30996
0.30653
0.28439
0.26220
0.17937
0.34183
0.22251
0.31734
0.22404
0.29516
0.33253
0.30277
0.19120
0.20134
0.27979
0.19813
0.31891
0.17954
0.26693
0.26050
0.23096
0.25593
0.30897
0.32555
0.31318
0.27647
0.19764
0.32276
0.22547
0.22821
0.23457
0.30778
0.30759
0.16805
0.19670
0.28868
0.29626
0.22689
0.16317
0.20441
0.27651
0.25416
0.24054
0.28770
0.33643
0.17041
0.25523
0.27495
0.29907
0.18518
0.31212
0.28473
0.25874
0.37040
0.19522
0.30876
0.23283
0.36296
0.32666
0.28309
0.26158
0.30260
0.25777
0.19561
0.30212
0.29793
0.28889
0.27831
0.25756
0.34155
0.23925
0.26510
0.23084
0.35422
0.26107
0.31312
0.22209
0.29005
0.26562
0.25656
0.19980
0.27730
0.26938
0.30175
0.20828
0.31331
0.24233
0.29319
0.29608
0.28876
0.29070
0.15651
0.25423
0.32501
0.32264
0.27460
0.30497
0.32973
0.27610
0.26724
0.24027
0.30899
0.29282
0.28524
0.25255
0.16413
0.31805
0.30300
0.25352
0.29140
0.23963
0.33559
0.32267
0.23985
0.21760
0.29215
0.28522
0.31196
0.28573
0.25570
0.35537
0.35043
0.16115
0.24927
0.31146
0.27631
0.30894
0.31243
0.33831
0.21790
0.21030
0.18172
0.28686
0.30289
0.36321
0.31199
0.27549
0.31255
0.22950
0.26614
0.29676
0.28050
0.18420
0.32256
0.23578
0.22388
0.33759
0.29572
0.26550
0.24516
0.26774
0.28789
0.35077
0.33948
0.27945
0.26286
0.17703
0.32037
0.32050
0.13862
0.29258
0.18736
0.26430
0.29973
0.23836
0.30155
0.24061
0.28884
0.19704
0.25720
0.25589
0.33423
0.30742
0.28884
0.22157
0.29059
0.25224
0.24424
0.23736
0.33465
0.27600
0.34321
0.26148
0.27052
0.30140
0.25993
0.26210
0.27549
0.20185
0.34351
0.27847
0.32221
0.28314
0.30675
0.34572
0.25249
0.28616
0.32813
0.19951
0.22300
0.32442
0.25287
0.31651
0.30758
0.30704
0.34093
0.37951
0.30162
0.33783
0.24825
0.30039
0.28238
0.36463
0.26777
0.27614
0.31865
0.31627
0.31105
0.31922
0.38523
0.21502
0.29642
0.33599
0.26488
0.31428
0.31349
0.24402
0.26561
0.35124
0.23882
0.28968
0.32930
0.30566
0.28988
0.26808
0.28057
0.25843
0.28982
0.33311
0.29488
0.28098
0.31871
0.27746
0.32307
0.29645
0.28209
0.13622
0.30018
0.33098
0.35346
0.33154
0.31673
0.42277
0.42283
0.29988
0.17598
0.32055
0.39818
0.29449
0.17267
0.31908
0.34126
0.25365
0.26724
0.32219
0.24671
0.28265
0.27635
0.34902
0.34671
0.39518
0.28161
0.32213
0.28830
0.38105
0.28813
0.28342
0.32216
0.33013
0.28812
0.18616
0.31724
0.45708
0.23749
0.41071
0.43153
0.19670
0.30784
0.37662
0.32949
0.30268
0.26274
0.30541
0.25087
0.29713
0.33161
0.29300
0.30897
0.38626
0.29901
0.30312
0.26327
0.20031
0.28522
0.41092
0.22487
0.11937
0.34582
0.15261
0.20089
0.41530
0.16612
0.24860
0.23322
0.29504
0.22860
0.44141
0.18767
0.33834
0.40576
0.26580
0.18089
0.27689
0.25752
0.21531
0.37515
0.18231
0.35940
0.35064
0.27010
0.26388
0.26539
0.35156
0.29372
0.21795
0.34512
0.42797
0.31667
0.30715
0.36060
0.38290
0.25143
0.27781
0.30192
0.37232
0.19793
0.24568
0.24430
0.35385
0.29502
0.25680
0.28727
0.29231
0.35626
0.22539
0.31363
0.35453
0.27882
0.31743
0.27593
0.37848
0.30323
0.26537
0.30069
0.31439
0.33118
0.26894
0.31634
0.23793
0.33819
0.27149
0.25490
0.32971
0.31325
0.26084
0.31753
0.19761
0.35323
0.21884
0.08603
0.16275
0.21972
0.24872
0.27690
0.16965
0.23227
0.36272
0.26523
0.09696
0.19750
0.08970
0.27947
0.27366
0.21447
0.24290
0.12985
0.20967
0.21528
0.25206
0.13898
0.20758
0.26135
0.23521
0.16498
0.21928
0.19805
0.10642
0.34720
0.24639
0.12409
0.15261
0.21018
0.28845
0.19314
0.18611
0.16732
0.30369
0.08851
0.15046
0.14757
0.10440
0.25795
0.15417
0.18320
0.22715
0.31727
0.19154
0.33316
0.23517
0.18059
0.30706
0.09487
0.10563
0.28846
0.17565
0.29546
0.20893
0.19672
0.19864
0.20091
0.27245
0.27840
0.06560
0.12053
0.18986
0.22504
0.24039
0.23870
0.24162
0.29678
0.19033
0.21865
0.24795
0.26190
0.21758
0.14582
0.16595
0.17385
0.11812
0.26224
0.18820
0.21029
0.22100
0.28412
0.18970
0.35347
0.24788
0.25984
0.22154
0.22699
0.21708
0.03666
0.23617
0.17486
0.20099
0.21865
0.22669
0.29723
0.25155
0.08572
0.07621
0.14113
0.21689
0.26084
0.29400
0.16261
0.21209
0.33066
0.16845
0.19689
0.19194
0.07840
0.11007
0.16364
0.17321
0.12263
0.23019
0.29216
0.15756
0.09064
0.12062
0.17878
0.17162
0.30857
