0.08588
0.12106
0.03879
0.21570
0.10837
0.15598
0.24390
0.14140
0.17606
0.05689
0.18699
0.15916
0.15875
0.12767
0.13265
0.23347
0.15032
0.12957
0.13151
0.14928
0.27109
0.10787
0.15084
0.05347
0.24953
0.12965
0.08901
0.19958
0.07899
0.18516
0.14970
0.25940
0.14638
0.10218
0.06973
0.09309
0.15573
0.10586
0.10548
0.16087
0.23492
0.24990
0.09772
0.11225
0.29635
0.21813
0.12631
0.26810
0.20101
0.12595
0.10062
0.15361
0.12026
0.28638
0.10254
0.26418
0.20112
0.11343
0.12280
0.07310
0.27799
0.28533
0.11456
0.22154
0.27793
0.34120
0.05869
0.16538
0.08932
0.04286
0.11691
0.27748
0.27365
0.15214
0.27221
0.11143
0.08768
0.04887
0.22147
0.15831
0.31556
0.17306
0.35352
0.26927
0.20636
0.27721
0.09589
0.06577
0.12764
0.25354
0.32048
0.17669
0.05798
0.27934
0.07782
0.14021
0.18956
0.19827
0.21507
0.14609
0.09496
0.16135
0.09883
0.11841
0.20521
0.27340
0.16785
0.15960
0.18079
0.28471
0.03095
0.29259
0.09626
0.23135
0.10963
0.14953
0.28146
0.08616
0.08404
0.17041
0.25554
0.09225
0.26766
0.03147
0.11280
0.11782
0.27586
0.27581
0.11215
0.23870
0.07381
0.13623
0.29479
0.33851
0.12430
0.14879
0.05282
0.27312
0.26619
0.04790
0.15233
0.02502
0.29877
0.15383
0.12715
0.25404
0.05617
0.35183
0.18290
0.08879
0.18696
0.25570
0.11403
0.32212
0.33268
0.32639
0.08744
0.16456
0.15347
0.15692
0.21536
0.24218
0.23419
0.29840
0.08727
0.10385
0.28266
0.27317
0.03263
0.27369
0.09050
0.20220
0.19204
0.04757
0.10728
0.23309
0.05602
0.06736
0.19462
0.25627
0.06596
0.10588
0.20525
0.16993
0.09550
0.16870
0.22882
0.26593
0.25837
0.17298
0.09975
0.10358
0.05459
0.14721
0.12299
0.19165
0.12735
0.18935
0.12359
0.26749
0.24387
0.08003
0.15941
0.12774
0.07456
0.18780
0.09249
0.21766
0.23954
0.11028
0.24353
0.23160
0.08054
0.25111
0.24336
0.19706
0.12650
0.24724
0.24856
0.34829
0.09085
0.14616
0.12495
0.05227
0.08066
0.05871
0.14609
0.13930
0.14384
0.04041
0.24919
0.08551
0.19435
0.13552
0.06212
0.29244
0.11279
0.06100
0.10026
0.26734
0.05746
0.31556
0.06446
0.11363
0.15834
0.23470
0.11967
0.06071
0.07656
0.12578
0.09252
0.13403
0.09914
0.22589
0.14139
0.15734
0.19276
0.04577
0.05257
0.13351
0.19030
0.18619
0.21825
0.19692
0.15731
0.24137
0.30334
0.09621
0.16508
0.03030
0.06656
0.12265
0.05984
0.04440
0.33482
0.15642
0.06995
0.18295
0.17914
0.09794
0.14209
0.33848
0.12510
0.06439
0.27320
0.11779
0.19458
0.16233
0.20336
0.11099
0.11235
0.05529
0.17413
0.20254
0.17892
0.11574
0.14788
0.14014
0.18513
0.17681
0.30976
0.25582
0.26409
0.12784
0.11228
0.28855
0.31045
0.31520
0.03525
0.25120
0.11461
0.27903
0.13440
0.07919
0.17852
0.11389
0.09611
0.16266
0.23303
0.06897
0.10163
0.07783
0.26264
0.10651
0.24394
0.15580
0.23640
0.21967
0.14715
0.06055
0.23361
0.25643
0.32920
0.24092
0.32187
0.24302
0.21212
0.28588
0.30062
0.24927
0.06507
0.07609
0.12407
0.20684
0.04805
0.04476
0.15540
0.10390
0.23009
0.10764
0.16861
0.10090
0.26775
0.25940
0.22095
0.17313
0.28333
0.16292
0.12507
0.32143
0.05860
0.21146
0.08605
0.10645
0.23357
0.05690
0.23586
0.30446
0.06567
0.08187
0.14001
0.26408
0.12258
0.05531
0.07940
0.06621
0.07333
0.10497
0.17311
0.06781
0.25024
0.14516
0.21747
0.07533
0.15819
0.30347
0.20243
0.27465
0.31261
0.18787
0.28130
0.29080
0.28381
0.32006
0.27489
0.23788
0.33379
0.25526
0.23887
0.23186
0.22935
0.28509
0.18344
0.34076
0.31025
0.25882
0.25830
0.25150
0.25585
0.35172
0.29539
0.21464
0.27530
0.31570
0.23894
0.26830
0.29876
0.26337
0.23693
0.22704
0.27862
0.29429
0.26508
0.23282
0.33255
0.27871
0.23335
0.30242
0.21549
0.31327
0.31995
0.27906
0.29319
0.29829
0.26612
0.23533
0.28323
0.30135
0.24645
0.29736
0.31791
0.26863
0.27618
0.32063
0.13782
0.30290
0.25231
0.27416
0.28881
0.28356
0.27933
0.15083
0.23653
0.33975
0.14189
0.28863
0.24954
0.21913
0.19567
0.37523
0.31534
0.31358
0.14331
0.33528
0.26302
0.28265
0.35883
0.32134
0.32131
0.28511
0.24643
0.26667
0.18589
0.34160
0.29026
0.24154
0.18956
0.33307
0.19504
0.25616
0.28515
0.26375
0.34105
0.32354
0.19549
0.29882
0.28897
0.11834
0.21862
0.27496
0.16143
0.16143
0.13184
0.28015
0.34007
0.26264
0.28420
0.23932
0.29102
0.21446
0.30138
0.26770
0.30632
0.19339
0.29832
0.30092
0.18506
0.17051
0.36990
0.26931
0.25216
0.32183
0.28402
0.22435
0.36705
0.29112
0.23467
0.25830
0.17604
0.28435
0.31281
0.26756
0.28449
0.24261
0.14555
0.30671
0.18482
0.28419
0.21315
0.28800
0.31465
0.22151
0.18874
0.22458
0.29128
0.20786
0.27761
0.17248
0.20838
0.21637
0.21092
0.17961
0.32403
0.30338
0.30593
0.21385
0.23683
0.30309
0.20432
0.23967
0.23751
0.26598
0.28405
0.14897
0.16581
0.25889
0.28983
0.18838
0.14013
0.20032
0.26148
0.19162
0.25060
0.23284
0.30959
0.16256
0.25477
0.26875
0.28123
0.15845
0.23535
0.25905
0.24836
0.38906
0.17347
0.29283
0.20131
0.35434
0.29275
0.24534
0.28148
0.31244
0.26140
0.18330
0.32803
0.27388
0.27385
0.26981
0.24894
0.32615
0.22004
0.28526
0.18605
0.34338
0.25916
0.27502
0.22661
0.28730
0.28276
0.26876
0.22547
0.25692
0.20229
0.30391
0.17360
0.33138
0.23076
0.26586
0.27340
0.26538
0.26672
0.12922
0.22512
0.30675
0.31621
0.26431
0.25885
0.30045
0.20827
0.22999
0.23736
0.28589
0.31336
0.26889
0.22980
0.15346
0.29292
0.29186
0.26368
0.24924
0.24463
0.32817
0.27859
0.21442
0.17010
0.28238
0.32311
0.30074
0.28241
0.24424
0.33289
0.32798
0.13792
0.21937
0.29885
0.27248
0.27700
0.29090
0.33200
0.22063
0.20860
0.19889
0.26011
0.28612
0.34615
0.26383
0.28259
0.29678
0.21788
0.22518
0.28957
0.27478
0.15756
0.31403
0.23537
0.25266
0.32494
0.32017
0.25952
0.21767
0.26414
0.25572
0.34178
0.31864
0.23769
0.24391
0.18561
0.32107
0.31440
0.12105
0.26835
0.17137
0.22513
0.28498
0.21974
0.27148
0.24456
0.23895
0.17420
0.26699
0.21283
0.32478
0.29090
0.26699
0.18173
0.30217
0.24612
0.22484
0.23317
0.33843
0.30265
0.34836
0.25431
0.28380
0.27692
0.24510
0.24114
0.29293
0.14277
0.31904
0.24412
0.32441
0.28916
0.30241
0.32695
0.26158
0.24807
0.29973
0.17578
0.16813
0.30284
0.20811
0.30437
0.27052
0.26701
0.31677
0.36788
0.31025
0.32845
0.27478
0.28818
0.31292
0.35165
0.23390
0.25353
0.32552
0.30377
0.28424
0.32683
0.36926
0.17287
0.27814
0.32284
0.24829
0.28677
0.34821
0.25090
0.26118
0.30852
0.23568
0.29695
0.27713
0.29052
0.21710
0.24208
0.25244
0.27508
0.27642
0.32840
0.30681
0.26511
0.27615
0.27799
0.28467
0.27750
0.27984
0.11321
0.31399
0.31122
0.36056
0.30437
0.29940
0.39708
0.41466
0.30380
0.15521
0.32385
0.39146
0.27512
0.22237
0.31918
0.32997
0.23832
0.24663
0.31778
0.23000
0.28664
0.22768
0.32960
0.36539
0.43043
0.29724
0.32228
0.26947
0.38250
0.29451
0.30099
0.31308
0.36209
0.28489
0.15393
0.32397
0.44245
0.23939
0.38548
0.41962
0.19970
0.29833
0.37937
0.29809
0.30233
0.27675
0.25756
0.22821
0.28889
0.31609
0.29698
0.31159
0.38858
0.31609
0.28527
0.19610
0.18147
0.25106
0.40862
0.22902
0.12280
0.31168
0.14925
0.16072
0.37722
0.14258
0.24645
0.18136
0.29943
0.22655
0.44372
0.19382
0.32573
0.40961
0.25500
0.15810
0.26581
0.28156
0.20445
0.34188
0.17262
0.33586
0.34150
0.25260
0.25359
0.23360
0.34007
0.26978
0.19692
0.36444
0.41734
0.29594
0.30434
0.37711
0.35481
0.22132
0.26352
0.29348
0.38101
0.14587
0.17758
0.20870
0.36365
0.30181
0.24357
0.26726
0.28414
0.37968
0.21422
0.31134
0.30991
0.30922
0.29764
0.23927
0.37841
0.28498
0.27746
0.27117
0.29579
0.33180
0.25950
0.31498
0.24668
0.35629
0.24920
0.25142
0.33509
0.30789
0.26029
0.29464
0.19735
0.33308
0.21406
0.03169
0.21959
0.21494
0.16400
0.25707
0.16907
0.23901
0.28287
0.16896
0.09156
0.22472
0.03852
0.30114
0.20897
0.19840
0.27943
0.06238
0.12544
0.18550
0.22097
0.05241
0.12776
0.24533
0.27843
0.18644
0.21140
0.22890
0.06198
0.33297
0.22220
0.07309
0.07585
0.13095
0.27985
0.06602
0.21251
0.18573
0.29437
0.03295
0.06325
0.05834
0.09087
0.28291
0.10903
0.08378
0.25730
0.27990
0.14045
0.30189
0.22000
0.07790
0.26957
0.11319
0.04496
0.29020
0.19164
0.24782
0.04007
0.06113
0.23243
0.19485
0.28909
0.25562
0.04330
0.02837
0.16066
0.21068
0.17834
0.16402
0.05962
0.21927
0.22569
0.11043
0.24729
0.22883
0.11090
0.18231
0.14352
0.05559
0.02039
0.21034
0.15131
0.21349
0.24661
0.25985
0.19498
0.35444
0.25011
0.20605
0.09803
0.23847
0.22589
0.01548
0.25309
0.09784
0.07339
0.21092
0.26304
0.32384
0.22757
0.02566
0.10796
0.12182
0.19725
0.21752
0.22384
0.11599
0.16430
0.29449
0.13340
0.24288
0.14870
0.03859
0.04815
0.16449
0.07609
0.07710
0.23988
0.27943
0.06206
0.08290
0.08304
0.16261
0.08728
0.26670
