0.10854
0.11397
0.07912
0.26205
0.08888
0.11321
0.22548
0.15797
0.15327
0.05849
0.23571
0.13424
0.15211
0.12338
0.09900
0.23440
0.14704
0.11718
0.10327
0.14692
0.29323
0.16757
0.17682
0.08476
0.22591
0.16529
0.19068
0.27342
0.15621
0.19267
0.13744
0.27317
0.17438
0.09514
0.11192
0.09662
0.15136
0.12235
0.15099
0.20595
0.29671
0.27211
0.11030
0.17112
0.28254
0.25656
0.14624
0.26053
0.18842
0.16919
0.10382
0.12181
0.15240
0.33279
0.09338
0.27088
0.25624
0.12426
0.09703
0.10160
0.29062
0.29527
0.13403
0.25003
0.28852
0.30300
0.07166
0.20431
0.13377
0.04959
0.10744
0.27417
0.34555
0.22311
0.24290
0.13999
0.13734
0.04572
0.21540
0.15747
0.29436
0.23233
0.32896
0.27111
0.30158
0.36574
0.09343
0.11410
0.15971
0.22483
0.31231
0.22032
0.07954
0.26042
0.08062
0.13400
0.20569
0.22649
0.20597
0.14530
0.09891
0.22626
0.15955
0.12291
0.22241
0.28597
0.14721
0.18261
0.20584
0.29996
0.03278
0.27413
0.08539
0.25660
0.12356
0.12169
0.26286
0.11172
0.08208
0.21225
0.21965
0.06332
0.29012
0.04439
0.11649
0.14396
0.28395
0.26164
0.22885
0.26027
0.11173
0.13611
0.31923
0.34976
0.10643
0.16151
0.08901
0.28517
0.26780
0.07007
0.20342
0.05781
0.29585
0.22591
0.17007
0.22452
0.08504
0.36418
0.21329
0.09432
0.21752
0.26381
0.11468
0.32396
0.31167
0.30769
0.16318
0.18007
0.14033
0.21708
0.26283
0.24956
0.29149
0.30535
0.08924
0.12679
0.28633
0.30071
0.06479
0.28273
0.04996
0.22579
0.25908
0.07413
0.10206
0.21942
0.07464
0.09792
0.22141
0.27832
0.09547
0.10567
0.27300
0.17754
0.14386
0.21605
0.23108
0.22518
0.25826
0.19276
0.15865
0.05290
0.09999
0.12437
0.15418
0.19537
0.21139
0.15292
0.10407
0.25920
0.22193
0.07973
0.16237
0.16362
0.06973
0.20526
0.14561
0.22837
0.24517
0.17234
0.20727
0.25242
0.11347
0.23744
0.26853
0.24923
0.12971
0.28239
0.24875
0.30802
0.11376
0.24189
0.15825
0.09040
0.11834
0.07402
0.17492
0.24090
0.13699
0.08858
0.26503
0.13036
0.20804
0.17055
0.07035
0.28200
0.11361
0.08219
0.10615
0.25517
0.07463
0.31626
0.14234
0.11424
0.20419
0.20896
0.11442
0.02832
0.13226
0.12795
0.11651
0.12447
0.11709
0.27807
0.12054
0.15542
0.22739
0.10567
0.09981
0.14783
0.18818
0.18546
0.20579
0.21137
0.13621
0.26986
0.25673
0.09237
0.19664
0.07538
0.06263
0.12736
0.09391
0.05124
0.35321
0.16911
0.09286
0.20555
0.16841
0.10352
0.18978
0.32180
0.11821
0.09916
0.29409
0.10645
0.19191
0.19905
0.18318
0.16152
0.10351
0.07400
0.23313
0.23204
0.17167
0.10933
0.19712
0.17983
0.17455
0.16891
0.33141
0.27586
0.28717
0.13269
0.15662
0.29501
0.31562
0.31982
0.04947
0.26302
0.12881
0.29559
0.18310
0.13688
0.13195
0.10404
0.10259
0.23922
0.22759
0.06903
0.05344
0.07278
0.27512
0.19808
0.25322
0.22468
0.25349
0.26907
0.12281
0.07024
0.27276
0.27827
0.35217
0.24824
0.30151
0.22445
0.25422
0.31067
0.27392
0.24530
0.07481
0.10665
0.15759
0.21532
0.09282
0.10069
0.19791
0.11338
0.19481
0.12342
0.18696
0.17189
0.27922
0.24616
0.24002
0.21161
0.28851
0.15528
0.17226
0.31288
0.12783
0.19662
0.07153
0.13493
0.23144
0.08966
0.24187
0.32093
0.11103
0.07817
0.18121
0.27096
0.11863
0.05641
0.08848
0.08308
0.09249
0.10100
0.17496
0.11494
0.27223
0.20027
0.19878
0.07260
0.19172
0.28223
0.22419
0.26824
0.31644
0.15980
0.22146
0.30600
0.30151
0.31977
0.27157
0.26540
0.29342
0.25923
0.23555
0.25787
0.20233
0.30431
0.19585
0.33415
0.28511
0.25137
0.24038
0.23710
0.26844
0.34139
0.28868
0.24280
0.28320
0.30015
0.25880
0.25514
0.31551
0.25523
0.21414
0.24736
0.29201
0.28444
0.25032
0.20002
0.31127
0.28117
0.23890
0.31556
0.17614
0.27595
0.30022
0.27690
0.29538
0.30382
0.27012
0.22314
0.29157
0.29790
0.20534
0.29603
0.30188
0.28422
0.29707
0.29594
0.17134
0.30748
0.23530
0.27082
0.26849
0.25452
0.27532
0.19104
0.26436
0.32734
0.13450
0.26226
0.23967
0.23130
0.19569
0.35458
0.28761
0.28782
0.18200
0.31649
0.25907
0.25383
0.33420
0.28283
0.31419
0.28728
0.23892
0.26694
0.17747
0.30909
0.29424
0.22747
0.16217
0.30714
0.18895
0.24830
0.27268
0.23034
0.33497
0.29433
0.17798
0.27871
0.28319
0.17411
0.17845
0.29441
0.17135
0.18047
0.15214
0.30559
0.31020
0.26338
0.27374
0.23328
0.28986
0.16432
0.31929
0.27983
0.28055
0.20842
0.27252
0.29563
0.21811
0.18148
0.34307
0.25935
0.23210
0.32546
0.29454
0.24808
0.34327
0.25191
0.20292
0.24054
0.17544
0.28543
0.28969
0.28329
0.28371
0.24119
0.18034
0.33934
0.21771
0.30141
0.18050
0.28511
0.31883
0.24661
0.16595
0.22033
0.26807
0.17055
0.30351
0.18605
0.25449
0.22153
0.23188
0.23106
0.28956
0.29700
0.29638
0.24021
0.24486
0.29604
0.21409
0.23115
0.22162
0.25736
0.30917
0.16331
0.18160
0.26975
0.28414
0.22254
0.16357
0.21630
0.25761
0.23220
0.24406
0.28599
0.32292
0.16644
0.25331
0.25106
0.26652
0.17156
0.28917
0.28073
0.25909
0.36314
0.18719
0.30599
0.21840
0.32964
0.27136
0.26714
0.25663
0.28713
0.25850
0.20694
0.30041
0.26925
0.25363
0.24190
0.25915
0.30441
0.23400
0.27664
0.26043
0.30299
0.23936
0.30021
0.22833
0.27555
0.26697
0.26261
0.23021
0.25674
0.26925
0.28816
0.20889
0.30913
0.22382
0.27784
0.25463
0.24444
0.26514
0.16773
0.23541
0.28206
0.28762
0.26744
0.29137
0.28811
0.25476
0.21476
0.24666
0.26604
0.26962
0.27795
0.22257
0.19729
0.28045
0.27806
0.23927
0.26663
0.20749
0.30684
0.29130
0.19408
0.19836
0.26101
0.28043
0.29922
0.25595
0.27629
0.29572
0.31104
0.14564
0.22966
0.27188
0.26731
0.29404
0.29112
0.29776
0.22478
0.21442
0.20020
0.27477
0.28220
0.32889
0.29694
0.28344
0.29664
0.20544
0.25221
0.26088
0.24651
0.17915
0.27834
0.23176
0.24155
0.28928
0.29052
0.26018
0.24222
0.27343
0.27808
0.32590
0.30999
0.25354
0.25248
0.20752
0.31157
0.25845
0.14433
0.28429
0.19219
0.22118
0.29437
0.22830
0.25163
0.22658
0.26742
0.21530
0.25776
0.24266
0.30042
0.28823
0.27465
0.19397
0.27800
0.25299
0.23191
0.21445
0.26251
0.24319
0.30223
0.26654
0.25089
0.28106
0.24797
0.23339
0.25602
0.16512
0.31241
0.25453
0.31191
0.26291
0.25882
0.30521
0.23621
0.25215
0.30459
0.18148
0.21594
0.29880
0.25119
0.29412
0.27013
0.29530
0.31988
0.32898
0.26956
0.31328
0.25815
0.27594
0.25916
0.32768
0.26842
0.26805
0.29934
0.29070
0.30217
0.29110
0.36473
0.23985
0.25229
0.28436
0.24466
0.29243
0.31720
0.22427
0.26579
0.30665
0.22386
0.28041
0.27876
0.27579
0.24090
0.26663
0.26657
0.27960
0.29042
0.30433
0.27295
0.25256
0.29216
0.28993
0.30854
0.29279
0.28566
0.14504
0.32368
0.34959
0.34681
0.33221
0.31534
0.39815
0.39008
0.28496
0.17204
0.31511
0.38744
0.28565
0.19995
0.31329
0.33645
0.23756
0.23324
0.31416
0.26050
0.24928
0.26354
0.34180
0.35127
0.40131
0.28301
0.31068
0.26452
0.39368
0.25904
0.28070
0.30468
0.32543
0.27786
0.19491
0.31049
0.45694
0.24929
0.40150
0.41572
0.19581
0.30133
0.37100
0.29422
0.26368
0.26584
0.28310
0.24524
0.27730
0.31715
0.29661
0.25638
0.39324
0.29447
0.29905
0.23247
0.23160
0.25747
0.40256
0.20247
0.09796
0.33677
0.13888
0.19225
0.40963
0.14260
0.26255
0.21915
0.28207
0.22382
0.42325
0.18954
0.33445
0.39633
0.25473
0.24415
0.27991
0.23879
0.21736
0.35755
0.16074
0.37108
0.34583
0.27313
0.22740
0.24965
0.34948
0.29224
0.19053
0.30919
0.41934
0.33552
0.28561
0.36521
0.37490
0.23956
0.26916
0.29295
0.39375
0.18493
0.23402
0.23399
0.35733
0.28374
0.26593
0.28146
0.28953
0.36459
0.22424
0.30348
0.34385
0.26818
0.28083
0.26872
0.38400
0.29887
0.25113
0.28879
0.31665
0.33961
0.28153
0.31723
0.23266
0.30738
0.26446
0.26666
0.31401
0.31444
0.22547
0.29543
0.22102
0.32623
0.23877
0.10897
0.12570
0.25513
0.23670
0.31249
0.20834
0.23395
0.32007
0.21004
0.09665
0.18005
0.07306
0.27712
0.27146
0.19255
0.27386
0.06990
0.15600
0.20649
0.28171
0.05841
0.15870
0.21369
0.25793
0.18171
0.21017
0.28538
0.08818
0.25811
0.23457
0.05643
0.08192
0.13501
0.28062
0.13762
0.23552
0.21247
0.30914
0.08783
0.15082
0.11073
0.12402
0.30914
0.12725
0.21286
0.15332
0.27021
0.16590
0.28234
0.22224
0.06446
0.27859
0.11052
0.07881
0.22768
0.17571
0.25932
0.08609
0.17033
0.19006
0.19654
0.28203
0.26611
0.04359
0.08077
0.12454
0.23147
0.18236
0.21019
0.08769
0.27551
0.16713
0.12054
0.23019
0.32288
0.11368
0.12604
0.15830
0.05777
0.06614
0.20135
0.14137
0.19230
0.26165
0.28859
0.20365
0.33477
0.21969
0.25651
0.16680
0.23602
0.18685
0.06008
0.26086
0.06925
0.06801
0.20441
0.28058
0.27793
0.25762
0.08006
0.11417
0.09909
0.25902
0.21585
0.31249
0.12744
0.22657
0.30899
0.17335
0.24839
0.12576
0.04967
0.05202
0.10204
0.09900
0.08852
0.24896
0.28835
0.09144
0.08194
0.05194
0.12187
0.10684
0.30092
