0.10055
0.10343
0.04632
0.21624
0.07866
0.16728
0.19250
0.13009
0.19446
0.05957
0.19284
0.11696
0.15287
0.11890
0.10291
0.20198
0.14907
0.10565
0.06965
0.14580
0.27988
0.12231
0.18386
0.05121
0.17933
0.13862
0.10394
0.24824
0.06323
0.10569
0.14089
0.27233
0.16561
0.10855
0.07110
0.09643
0.12128
0.05568
0.09900
0.12126
0.31582
0.22509
0.07755
0.12847
0.27889
0.21538
0.13441
0.21562
0.16243
0.15606
0.10904
0.12348
0.11439
0.30308
0.09827
0.24245
0.19916
0.11709
0.15821
0.05769
0.28588
0.27299
0.11329
0.20287
0.29073
0.29594
0.03660
0.15376
0.10307
0.04220
0.11813
0.27501
0.30401
0.19019
0.25534
0.12512
0.05671
0.04194
0.20241
0.16557
0.30890
0.18207
0.31043
0.25418
0.24865
0.37098
0.09516
0.07216
0.14677
0.25892
0.28070
0.20454
0.04734
0.25339
0.05378
0.15806
0.19339
0.21384
0.19445
0.13319
0.09753
0.17209
0.13679
0.13990
0.18109
0.31088
0.15177
0.15868
0.16308
0.28493
0.01746
0.21994
0.06661
0.26362
0.13014
0.15665
0.26065
0.05882
0.08023
0.18201
0.23828
0.06101
0.26454
0.04924
0.07683
0.11658
0.31786
0.27582
0.14039
0.22694
0.09285
0.10428
0.31756
0.34819
0.13546
0.12654
0.05405
0.29672
0.25808
0.04063
0.18649
0.02255
0.26310
0.18490
0.14590
0.29554
0.07533
0.31597
0.17698
0.08719
0.17913
0.22562
0.11294
0.30396
0.29748
0.30482
0.08706
0.11262
0.17333
0.15705
0.22141
0.24296
0.24824
0.32300
0.10863
0.10612
0.30178
0.28714
0.05916
0.24531
0.03668
0.20549
0.25544
0.01437
0.09216
0.16595
0.06407
0.07496
0.14309
0.24930
0.03432
0.11023
0.22555
0.11857
0.09184
0.24026
0.21942
0.23946
0.25175
0.18710
0.10121
0.08981
0.03489
0.15375
0.11269
0.27478
0.19731
0.14443
0.05986
0.29064
0.17292
0.08012
0.13988
0.14732
0.04880
0.22473
0.07289
0.20379
0.25258
0.09793
0.24385
0.23240
0.08814
0.24631
0.26776
0.23739
0.11891
0.22829
0.18967
0.31301
0.08896
0.18549
0.17357
0.05946
0.07580
0.04915
0.14195
0.15276
0.14176
0.07906
0.22036
0.07812
0.25311
0.13107
0.05186
0.30215
0.12124
0.04551
0.12365
0.24722
0.08576
0.30122
0.09290
0.11252
0.16940
0.21913
0.10747
0.06467
0.11380
0.11185
0.14165
0.09596
0.07837
0.23600
0.15656
0.15478
0.18748
0.07393
0.08607
0.13765
0.17629
0.16269
0.20892
0.15032
0.18878
0.23291
0.23637
0.09494
0.16606
0.07594
0.11818
0.12444
0.05674
0.06526
0.37097
0.14117
0.05843
0.24304
0.18292
0.06227
0.11967
0.32757
0.11580
0.05204
0.27252
0.11111
0.19075
0.17551
0.14992
0.14778
0.06379
0.05120
0.17398
0.19252
0.16518
0.10734
0.21552
0.20911
0.18199
0.12923
0.29237
0.23457
0.24051
0.13366
0.08952
0.29159
0.31270
0.28944
0.02891
0.25012
0.11750
0.30772
0.10844
0.05175
0.14440
0.16076
0.14600
0.18078
0.22911
0.06505
0.08428
0.05201
0.25577
0.18930
0.24687
0.12655
0.23693
0.22387
0.10804
0.06124
0.19826
0.24880
0.35468
0.25670
0.30810
0.22893
0.24710
0.23371
0.26793
0.25673
0.06931
0.06297
0.11580
0.22543
0.05819
0.07224
0.18709
0.14624
0.22635
0.07729
0.15256
0.13234
0.25761
0.26377
0.25131
0.16404
0.31296
0.12956
0.15754
0.30493
0.08019
0.18761
0.06939
0.07195
0.17694
0.05332
0.22148
0.32529
0.07193
0.07552
0.14765
0.26213
0.11299
0.06285
0.04429
0.07975
0.07074
0.08976
0.15750
0.07593
0.28411
0.15877
0.20387
0.06651
0.19565
0.28858
0.19381
0.27907
0.33473
0.15462
0.27761
0.30812
0.30696
0.29314
0.28186
0.24592
0.32669
0.26139
0.23718
0.26479
0.20603
0.30042
0.18063
0.35576
0.30228
0.27246
0.25930
0.22044
0.25686
0.33762
0.28734
0.23322
0.29393
0.32547
0.21992
0.24558
0.31964
0.25550
0.23203
0.25137
0.28351
0.29749
0.25238
0.20144
0.33104
0.24687
0.24038
0.30788
0.20166
0.30256
0.33597
0.29589
0.28638
0.30584
0.26602
0.25061
0.26767
0.30988
0.19511
0.27840
0.30697
0.22617
0.25974
0.29521
0.18489
0.28388
0.24887
0.27371
0.31128
0.27586
0.25782
0.19398
0.28661
0.33084
0.16439
0.26504
0.20775
0.16768
0.21210
0.34980
0.27649
0.31892
0.14252
0.33705
0.27080
0.28824
0.34766
0.30426
0.27418
0.27308
0.21559
0.28746
0.18644
0.34851
0.28591
0.24634
0.18443
0.32436
0.20198
0.25677
0.28742
0.25276
0.33453
0.30290
0.23122
0.29994
0.29619
0.19025
0.15598
0.28776
0.19043
0.17835
0.13577
0.28483
0.32534
0.26901
0.27199
0.23423
0.28842
0.22184
0.29837
0.25405
0.26079
0.20348
0.26744
0.29112
0.23095
0.14756
0.34704
0.28074
0.17724
0.28043
0.30911
0.26049
0.35108
0.29051
0.22095
0.25877
0.21151
0.27238
0.29926
0.27138
0.27325
0.23039
0.14202
0.29335
0.23147
0.27507
0.23934
0.27407
0.31807
0.27602
0.18232
0.24817
0.27862
0.19857
0.27915
0.19933
0.23606
0.21798
0.22461
0.23469
0.29708
0.30923
0.31532
0.23566
0.20097
0.30742
0.19133
0.22008
0.22789
0.29650
0.30124
0.18050
0.17484
0.26366
0.27141
0.19679
0.15190
0.22860
0.26019
0.19532
0.26227
0.26044
0.31382
0.17731
0.22881
0.25653
0.28778
0.19714
0.27921
0.26978
0.24098
0.36800
0.17087
0.30413
0.24158
0.35781
0.29866
0.25125
0.26752
0.27633
0.26476
0.18567
0.30602
0.26515
0.25133
0.26579
0.26265
0.32592
0.22449
0.27419
0.22359
0.31199
0.23007
0.26260
0.21384
0.25264
0.26280
0.24347
0.23452
0.24597
0.22330
0.30541
0.19940
0.30438
0.23774
0.26961
0.28322
0.28228
0.30262
0.13337
0.20154
0.31899
0.30484
0.24386
0.28217
0.29051
0.26198
0.25808
0.21346
0.29204
0.28722
0.26427
0.23028
0.20302
0.28671
0.29170
0.26178
0.23763
0.25383
0.32437
0.27901
0.18651
0.17265
0.27850
0.27763
0.30122
0.28884
0.26124
0.33161
0.33654
0.12883
0.22924
0.29689
0.28184
0.26623
0.28605
0.31050
0.23255
0.17463
0.22008
0.25832
0.26916
0.34085
0.29231
0.26260
0.28501
0.22277
0.27021
0.28224
0.26183
0.16156
0.33275
0.21494
0.26201
0.31641
0.29329
0.25201
0.26279
0.23474
0.28170
0.33209
0.31159
0.22585
0.27411
0.21909
0.30711
0.30584
0.11132
0.24769
0.20068
0.22889
0.27782
0.22167
0.25826
0.22394
0.24298
0.22608
0.23932
0.20567
0.32304
0.28521
0.26836
0.18626
0.27839
0.25026
0.20934
0.17454
0.30417
0.28372
0.33064
0.25287
0.27874
0.29159
0.28272
0.23751
0.25742
0.16486
0.32958
0.28076
0.31811
0.27601
0.28557
0.32183
0.28061
0.25783
0.29453
0.15521
0.20442
0.28135
0.20485
0.28659
0.28917
0.27772
0.31525
0.35810
0.28200
0.30346
0.24973
0.28734
0.29162
0.33977
0.25637
0.28078
0.30626
0.30958
0.29935
0.30256
0.36430
0.24361
0.24721
0.34036
0.22283
0.31670
0.30971
0.23781
0.25743
0.33485
0.22681
0.24909
0.29254
0.26840
0.23813
0.23407
0.25184
0.23080
0.27467
0.28921
0.28476
0.24010
0.29991
0.26422
0.29998
0.26676
0.27901
0.13931
0.32479
0.33089
0.33118
0.28991
0.32432
0.37424
0.38263
0.29078
0.20677
0.30302
0.36869
0.29305
0.22518
0.28877
0.33184
0.24279
0.22479
0.33190
0.23054
0.28245
0.23354
0.32528
0.37117
0.41384
0.27397
0.31379
0.23580
0.38558
0.23881
0.29659
0.28197
0.33464
0.28580
0.17062
0.31175
0.45422
0.26512
0.39689
0.41036
0.22841
0.26105
0.35003
0.32215
0.28166
0.24696
0.28542
0.19653
0.28859
0.29858
0.32032
0.29391
0.37361
0.25552
0.27563
0.24290
0.21443
0.26664
0.37554
0.24221
0.13078
0.33709
0.16852
0.20908
0.41143
0.17441
0.24923
0.21356
0.26969
0.26226
0.41917
0.18738
0.32180
0.38382
0.25326
0.24186
0.25153
0.24449
0.22685
0.37241
0.18296
0.34554
0.35229
0.25851
0.24438
0.23403
0.34880
0.25465
0.22901
0.33126
0.41195
0.32646
0.26646
0.34484
0.37942
0.20970
0.25587
0.28343
0.39814
0.21610
0.24805
0.23138
0.34533
0.26896
0.25790
0.27750
0.32311
0.36044
0.24998
0.27567
0.31046
0.30133
0.27680
0.25142
0.38890
0.28310
0.28095
0.28299
0.30322
0.33152
0.26210
0.30973
0.24159
0.32196
0.27317
0.23030
0.32138
0.28594
0.22371
0.26545
0.19514
0.26304
0.15559
0.06614
0.08364
0.22623
0.22885
0.29656
0.18641
0.26814
0.33851
0.17908
0.06665
0.21206
0.05147
0.28932
0.22073
0.18384
0.29223
0.09078
0.11514
0.21018
0.22404
0.04749
0.13231
0.19666
0.28213
0.17499
0.21745
0.27638
0.06133
0.29330
0.26093
0.06217
0.05710
0.11716
0.27356
0.14035
0.20245
0.20484
0.30735
0.09777
0.06181
0.09832
0.08588
0.26618
0.09361
0.14657
0.17707
0.27347
0.13838
0.23548
0.21437
0.04058
0.27549
0.09998
0.08960
0.20976
0.19570
0.22782
0.06427
0.11378
0.22908
0.20712
0.25797
0.23041
0.03733
0.09553
0.11230
0.20759
0.14821
0.23819
0.14578
0.26477
0.21914
0.08993
0.22142
0.21991
0.05951
0.16193
0.11140
0.07097
0.03392
0.21545
0.13218
0.19735
0.25901
0.23176
0.20267
0.29435
0.24221
0.22929
0.21599
0.20178
0.23035
0.02069
0.26047
0.05067
0.08925
0.23158
0.22998
0.31914
0.25343
0.02990
0.09339
0.15218
0.25137
0.13030
0.23323
0.06630
0.21571
0.30910
0.13836
0.24178
0.08549
0.03069
0.03866
0.13287
0.04779
0.08175
0.25040
0.27812
0.06995
0.15468
0.01658
0.03720
0.08678
0.24455
