0.10526
0.10094
0.05408
0.20178
0.06543
0.15332
0.19551
0.10653
0.14688
0.05149
0.18295
0.13993
0.11203
0.11845
0.08782
0.23562
0.14307
0.10418
0.06453
0.12691
0.29169
0.17424
0.11564
0.06046
0.22024
0.13123
0.12285
0.25545
0.09387
0.15130
0.13756
0.21306
0.13750
0.11939
0.07660
0.09308
0.14814
0.05280
0.12145
0.14315
0.29525
0.20243
0.12032
0.10158
0.27060
0.19707
0.13679
0.23199
0.15249
0.11649
0.09267
0.14481
0.13484
0.26289
0.09315
0.25650
0.13629
0.08625
0.16954
0.07841
0.28946
0.27908
0.10249
0.18914
0.26677
0.33921
0.03939
0.16095
0.07913
0.04184
0.11579
0.30967
0.29131
0.17605
0.24824
0.10018
0.09201
0.03470
0.22986
0.14612
0.29827
0.13032
0.29074
0.27512
0.27290
0.33680
0.08747
0.04735
0.12674
0.25506
0.32653
0.13398
0.06999
0.26798
0.04531
0.16502
0.21077
0.23151
0.18982
0.14552
0.09278
0.19133
0.10313
0.11977
0.20777
0.31174
0.13361
0.17513
0.10958
0.28487
0.01033
0.26558
0.07630
0.21831
0.11539
0.15006
0.28412
0.04213
0.04434
0.15577
0.25270
0.05060
0.27803
0.01528
0.08919
0.10656
0.28214
0.27351
0.13068
0.26083
0.07974
0.13423
0.30918
0.31805
0.10389
0.09025
0.06675
0.28166
0.26844
0.05587
0.15485
0.03483
0.27491
0.18737
0.13374
0.20456
0.07022
0.31513
0.17010
0.09172
0.16679
0.23510
0.09925
0.28829
0.28728
0.34304
0.07042
0.11844
0.14132
0.20310
0.22616
0.23106
0.27649
0.29094
0.09150
0.10339
0.27518
0.27376
0.04098
0.23649
0.03714
0.20047
0.21774
0.01908
0.08953
0.18936
0.08921
0.06141
0.16543
0.25243
0.08900
0.10798
0.19705
0.14705
0.08825
0.14037
0.19989
0.22909
0.26567
0.22746
0.10709
0.04507
0.04642
0.13037
0.14534
0.24083
0.17134
0.16635
0.07397
0.30357
0.20412
0.07556
0.15870
0.12991
0.02779
0.18716
0.09378
0.19482
0.24107
0.07591
0.23219
0.20994
0.07441
0.25053
0.28006
0.26930
0.12455
0.26535
0.17822
0.33672
0.12275
0.15557
0.08120
0.06468
0.10067
0.04674
0.14138
0.18533
0.15210
0.05318
0.24901
0.05939
0.21624
0.09272
0.03235
0.24996
0.11006
0.05862
0.10508
0.24522
0.05574
0.29344
0.10240
0.11913
0.13107
0.20158
0.10724
0.03842
0.10743
0.09887
0.10589
0.10223
0.08858
0.24155
0.13486
0.15927
0.21983
0.09280
0.06725
0.13160
0.24168
0.14642
0.18312
0.15908
0.12023
0.25487
0.26609
0.08838
0.15729
0.08130
0.07059
0.11958
0.06540
0.02945
0.37073
0.17786
0.06178
0.19033
0.13489
0.06053
0.14150
0.32397
0.14739
0.09435
0.29101
0.11454
0.20406
0.16265
0.16869
0.15850
0.06923
0.09045
0.15580
0.21893
0.13277
0.09224
0.19638
0.13979
0.14736
0.09988
0.28903
0.28674
0.25617
0.10937
0.12558
0.30409
0.26009
0.30695
0.03972
0.26283
0.12597
0.25180
0.11924
0.08091
0.09230
0.12715
0.10395
0.17126
0.22993
0.08680
0.05698
0.05986
0.26968
0.16865
0.20321
0.13952
0.23690
0.20285
0.15283
0.03100
0.24886
0.26467
0.32060
0.18330
0.32117
0.22123
0.23393
0.27762
0.25481
0.25287
0.06386
0.08812
0.12013
0.23501
0.04076
0.06177
0.19374
0.11703
0.18297
0.10543
0.13402
0.11483
0.25869
0.28024
0.24826
0.19215
0.30904
0.12372
0.15421
0.31671
0.06806
0.16256
0.05843
0.09583
0.16931
0.05516
0.24971
0.33848
0.05343
0.10004
0.11787
0.24661
0.09956
0.03001
0.06142
0.05318
0.04555
0.06430
0.18214
0.06356
0.28019
0.16580
0.15154
0.09664
0.20191
0.29799
0.23150
0.28828
0.32877
0.22278
0.25547
0.31950
0.32116
0.33624
0.27280
0.26849
0.33905
0.28354
0.22852
0.26701
0.20535
0.30802
0.18152
0.37066
0.31646
0.25187
0.27843
0.24828
0.27899
0.36087
0.31507
0.24914
0.29872
0.33662
0.25207
0.28547
0.28327
0.26434
0.25738
0.25609
0.30647
0.29515
0.28582
0.23827
0.33447
0.27561
0.26169
0.32382
0.20584
0.32278
0.31813
0.30655
0.32531
0.31564
0.30013
0.24266
0.28670
0.31643
0.25453
0.31093
0.29715
0.28472
0.29786
0.31293
0.20377
0.32897
0.27288
0.27509
0.31938
0.28125
0.29838
0.18829
0.25273
0.33796
0.15474
0.27287
0.22351
0.21598
0.17146
0.36243
0.30460
0.31728
0.17543
0.33351
0.26321
0.26980
0.35877
0.29269
0.31068
0.30107
0.21952
0.28117
0.19071
0.33811
0.29977
0.23596
0.19177
0.34138
0.21019
0.25278
0.28877
0.27386
0.33605
0.29998
0.22877
0.29407
0.30863
0.14265
0.21180
0.30252
0.19411
0.19754
0.16494
0.31654
0.33510
0.30290
0.30369
0.24952
0.31710
0.22724
0.30555
0.29642
0.30668
0.20611
0.28362
0.31768
0.21011
0.18556
0.36029
0.26185
0.20941
0.30180
0.29863
0.27449
0.37411
0.29246
0.23139
0.29653
0.21745
0.28271
0.29737
0.29841
0.25782
0.24256
0.18162
0.32703
0.22405
0.30696
0.22132
0.31040
0.32267
0.27128
0.20298
0.21202
0.29239
0.20530
0.30290
0.17286
0.23359
0.23090
0.22724
0.24043
0.32751
0.30430
0.31530
0.26875
0.21089
0.29806
0.23573
0.22870
0.21061
0.28849
0.30833
0.15769
0.18135
0.28879
0.30992
0.24829
0.16416
0.21729
0.27808
0.23134
0.26322
0.28016
0.33454
0.16191
0.23783
0.27559
0.32013
0.19841
0.30741
0.26619
0.25519
0.39317
0.20346
0.29175
0.22930
0.34659
0.31072
0.28489
0.27675
0.29656
0.26853
0.20167
0.31024
0.27683
0.27149
0.27276
0.29552
0.32889
0.24476
0.25604
0.23390
0.32387
0.27540
0.30709
0.23856
0.28307
0.29345
0.27662
0.19407
0.28348
0.24843
0.32613
0.23938
0.33406
0.24395
0.28510
0.28546
0.26866
0.27570
0.17142
0.25870
0.31169
0.31576
0.28410
0.30323
0.31789
0.27555
0.23506
0.25646
0.29611
0.30104
0.29600
0.24583
0.18026
0.30611
0.28429
0.26243
0.26425
0.24537
0.32786
0.30225
0.22588
0.16920
0.27184
0.28829
0.32092
0.28753
0.24281
0.32811
0.32725
0.16318
0.22558
0.30301
0.27061
0.29737
0.30254
0.33400
0.24732
0.22053
0.18786
0.28693
0.28772
0.34001
0.30052
0.29315
0.30118
0.23603
0.28231
0.28969
0.26625
0.18583
0.31720
0.22917
0.25512
0.30392
0.30078
0.29716
0.25381
0.29295
0.26422
0.33639
0.33612
0.26281
0.26909
0.19884
0.32168
0.29261
0.14233
0.28664
0.21863
0.26300
0.29961
0.25379
0.28555
0.24290
0.26530
0.22844
0.25653
0.26423
0.33488
0.29201
0.28318
0.20163
0.29611
0.25644
0.26116
0.21488
0.31613
0.29050
0.33735
0.25766
0.24673
0.29942
0.27396
0.27599
0.26687
0.18697
0.30826
0.27847
0.31391
0.28316
0.24987
0.32758
0.28655
0.27866
0.30393
0.16183
0.23688
0.30929
0.24944
0.32771
0.28824
0.29824
0.33030
0.36603
0.31507
0.31747
0.27499
0.28207
0.28627
0.35976
0.27966
0.28057
0.30432
0.31705
0.31581
0.31043
0.36705
0.22267
0.29831
0.31006
0.24180
0.29736
0.34020
0.26249
0.24454
0.31081
0.23273
0.30697
0.29278
0.28427
0.28512
0.27313
0.28655
0.23409
0.27792
0.33079
0.28178
0.27824
0.30497
0.28544
0.31662
0.28989
0.27309
0.12586
0.32432
0.32818
0.36241
0.33946
0.31734
0.42585
0.42019
0.28862
0.20856
0.32251
0.38858
0.28313
0.21653
0.33311
0.35502
0.25551
0.24620
0.32658
0.24413
0.28797
0.25185
0.34676
0.36341
0.41075
0.33066
0.31641
0.29373
0.41965
0.30476
0.29059
0.30642
0.36488
0.28683
0.17345
0.32924
0.47469
0.25448
0.44097
0.43635
0.20310
0.30985
0.39271
0.32046
0.29782
0.26898
0.29214
0.21261
0.28649
0.31228
0.30041
0.31776
0.40484
0.28002
0.28299
0.29135
0.21527
0.25083
0.41483
0.24605
0.12033
0.32599
0.14975
0.19733
0.42066
0.18116
0.29294
0.22346
0.29596
0.24880
0.44145
0.20364
0.33979
0.42676
0.24681
0.25226
0.26796
0.27875
0.20700
0.37632
0.20807
0.36789
0.36912
0.27673
0.24125
0.25622
0.35000
0.27954
0.23562
0.34403
0.42740
0.32128
0.30925
0.37980
0.38801
0.22264
0.26922
0.28217
0.40163
0.22864
0.23090
0.22534
0.33651
0.29200
0.25606
0.28228
0.30268
0.37776
0.24022
0.29247
0.36307
0.29621
0.29798
0.25193
0.38516
0.29380
0.27568
0.29524
0.31755
0.34181
0.27042
0.28348
0.24023
0.33236
0.26448
0.27104
0.33865
0.29562
0.20444
0.29118
0.20947
0.25970
0.20480
0.02116
0.08751
0.09556
0.21513
0.25540
0.18732
0.23860
0.35479
0.12152
0.05032
0.15954
0.03608
0.27940
0.28550
0.18349
0.25644
0.03323
0.08347
0.19182
0.20000
0.06545
0.10438
0.24516
0.28560
0.19353
0.21528
0.28319
0.05088
0.30802
0.24607
0.06582
0.05994
0.09970
0.28258
0.15403
0.18688
0.18636
0.30591
0.05510
0.06623
0.03985
0.07674
0.30436
0.06372
0.14269
0.17116
0.27034
0.12517
0.26739
0.22342
0.07670
0.21718
0.04348
0.05028
0.19502
0.18883
0.22697
0.03716
0.08031
0.20349
0.21238
0.25151
0.27437
0.08716
0.03484
0.16387
0.20270
0.10777
0.20214
0.08987
0.19094
0.13351
0.10009
0.24130
0.27519
0.07967
0.14445
0.15159
0.13475
0.04289
0.22017
0.08376
0.17460
0.26158
0.25065
0.20279
0.33299
0.21672
0.23755
0.15790
0.19471
0.21209
0.02169
0.25125
0.09256
0.08481
0.21876
0.26006
0.28580
0.25292
0.04558
0.06116
0.12227
0.22280
0.16566
0.24712
0.08119
0.16276
0.30559
0.16889
0.24227
0.06219
0.02320
0.06034
0.10501
0.04754
0.11150
0.25116
0.26023
0.09513
0.10769
0.02171
0.05155
0.09693
0.19512
