0.11708
0.10338
0.06606
0.24126
0.07402
0.13170
0.20534
0.13101
0.17877
0.04743
0.16651
0.11802
0.11835
0.11120
0.09299
0.20957
0.17814
0.13944
0.04602
0.13352
0.30220
0.11214
0.15889
0.05816
0.22157
0.12687
0.10190
0.23877
0.04734
0.14975
0.15186
0.24073
0.14053
0.12530
0.06338
0.09722
0.13166
0.07606
0.10053
0.15591
0.26532
0.22884
0.09643
0.09749
0.27964
0.20131
0.13579
0.21437
0.20004
0.11842
0.10293
0.11816
0.13525
0.26049
0.09646
0.24038
0.18731
0.10959
0.14527
0.06353
0.25284
0.25638
0.11633
0.21262
0.28901
0.32744
0.04028
0.14521
0.08005
0.04462
0.12257
0.31783
0.23969
0.17311
0.22342
0.10700
0.07942
0.02615
0.22566
0.17592
0.30255
0.13100
0.33466
0.26926
0.22455
0.30509
0.10165
0.10596
0.10913
0.26990
0.29903
0.13898
0.06410
0.23425
0.04892
0.15975
0.21494
0.22689
0.20738
0.11633
0.09643
0.13300
0.10975
0.11693
0.19164
0.31205
0.10234
0.16032
0.15979
0.26058
0.02441
0.26026
0.06478
0.25712
0.10804
0.15652
0.26608
0.05212
0.04792
0.19004
0.21162
0.05144
0.28280
0.02091
0.07283
0.13236
0.29045
0.25964
0.15057
0.25112
0.07855
0.09769
0.32576
0.33731
0.09335
0.12356
0.04917
0.28682
0.27297
0.02517
0.14944
0.02229
0.27630
0.12653
0.12988
0.30048
0.09596
0.34797
0.13670
0.09779
0.15315
0.21223
0.10716
0.30312
0.27721
0.32188
0.08613
0.12888
0.14326
0.18576
0.17344
0.27714
0.23491
0.31970
0.09341
0.11961
0.28139
0.25644
0.07424
0.27596
0.02803
0.18696
0.15983
0.02609
0.07890
0.20807
0.07905
0.09056
0.15855
0.26580
0.06213
0.11240
0.20387
0.15116
0.09453
0.17908
0.22850
0.25242
0.23069
0.21013
0.08881
0.04986
0.04251
0.15130
0.12336
0.22210
0.19576
0.18484
0.08539
0.26851
0.20900
0.08399
0.16564
0.14458
0.04601
0.21091
0.04848
0.18588
0.25638
0.05694
0.25222
0.24466
0.09127
0.24587
0.25512
0.22713
0.11518
0.27995
0.20513
0.34707
0.08909
0.12964
0.09951
0.04755
0.05104
0.05281
0.16328
0.14101
0.12588
0.05537
0.20087
0.07980
0.24129
0.10496
0.06603
0.29282
0.09651
0.03832
0.12444
0.27477
0.05557
0.28454
0.09508
0.11213
0.13238
0.19937
0.10528
0.05825
0.11444
0.11432
0.11081
0.08643
0.06767
0.20949
0.14147
0.14690
0.19534
0.07439
0.05695
0.13056
0.20971
0.16890
0.21972
0.14227
0.09975
0.26597
0.28632
0.09544
0.14947
0.03624
0.06394
0.12172
0.03880
0.03772
0.35106
0.14942
0.05192
0.17192
0.17288
0.06246
0.20666
0.32489
0.14553
0.06759
0.27118
0.11559
0.22433
0.14982
0.16007
0.11268
0.09796
0.06620
0.19797
0.17688
0.12438
0.09425
0.11302
0.13298
0.18185
0.13067
0.33907
0.21585
0.29683
0.10738
0.08529
0.30307
0.29285
0.31789
0.03298
0.27087
0.13282
0.29383
0.13254
0.07339
0.13755
0.11357
0.11134
0.16946
0.24200
0.07656
0.07284
0.05497
0.27858
0.13972
0.23617
0.13904
0.24682
0.23161
0.11199
0.04220
0.26066
0.25337
0.34877
0.22752
0.32995
0.22456
0.24376
0.27631
0.27306
0.24373
0.07830
0.06463
0.10682
0.21193
0.04122
0.04314
0.20555
0.11142
0.22954
0.08198
0.13572
0.11815
0.23771
0.23535
0.25408
0.18175
0.31377
0.11309
0.14759
0.30447
0.07672
0.22125
0.05297
0.10769
0.18217
0.06766
0.24315
0.28901
0.06432
0.08221
0.12266
0.25903
0.11608
0.04337
0.08485
0.05748
0.04093
0.06138
0.20433
0.04461
0.27578
0.13973
0.20248
0.05937
0.15918
0.26862
0.22204
0.29360
0.32965
0.20985
0.28807
0.31741
0.31592
0.32790
0.27606
0.27489
0.33410
0.23792
0.24989
0.27218
0.22698
0.31143
0.20935
0.36605
0.29434
0.28134
0.29188
0.25685
0.27300
0.35356
0.32356
0.24440
0.27988
0.31433
0.24422
0.28994
0.31275
0.28267
0.26053
0.27407
0.32545
0.29143
0.27477
0.22278
0.32955
0.25132
0.26132
0.32188
0.17496
0.31912
0.34149
0.27422
0.30113
0.31547
0.30986
0.24353
0.30083
0.31539
0.22604
0.31160
0.29857
0.28557
0.29422
0.30674
0.19093
0.32424
0.27489
0.26097
0.30469
0.29378
0.28539
0.18434
0.25052
0.35108
0.16128
0.28240
0.22835
0.22866
0.21872
0.37154
0.32457
0.29301
0.17072
0.34711
0.27466
0.27539
0.35662
0.30402
0.29084
0.29308
0.23430
0.27449
0.20846
0.34588
0.28004
0.22879
0.17429
0.32876
0.21230
0.26279
0.27394
0.25905
0.33672
0.29479
0.22188
0.30304
0.31845
0.15880
0.19940
0.29290
0.20269
0.21761
0.17400
0.27307
0.30453
0.28506
0.29187
0.24514
0.28892
0.22943
0.31659
0.29744
0.32304
0.22712
0.28359
0.30993
0.23245
0.19750
0.34956
0.28569
0.21267
0.29643
0.30048
0.26281
0.35379
0.29821
0.22479
0.29193
0.22504
0.29424
0.32016
0.28820
0.25358
0.22866
0.15918
0.31922
0.19969
0.28186
0.21791
0.29699
0.31428
0.28043
0.21651
0.22720
0.29264
0.22408
0.31795
0.20045
0.23279
0.24069
0.24245
0.25862
0.32188
0.31433
0.31368
0.23424
0.19660
0.30203
0.22599
0.23006
0.21945
0.28313
0.26760
0.18325
0.19163
0.29341
0.30769
0.23070
0.17576
0.23223
0.25060
0.23447
0.27138
0.27894
0.32266
0.19072
0.28061
0.27277
0.30248
0.21360
0.29375
0.25503
0.25458
0.39108
0.20607
0.26827
0.22329
0.34803
0.29183
0.29472
0.28471
0.28567
0.26531
0.20813
0.31167
0.25823
0.30257
0.27558
0.26272
0.32570
0.23230
0.29409
0.23294
0.31973
0.22988
0.28899
0.22753
0.24172
0.28031
0.26614
0.23689
0.24274
0.23600
0.32334
0.20415
0.33204
0.23381
0.26363
0.26176
0.27841
0.27910
0.15012
0.26474
0.31008
0.30663
0.28499
0.31873
0.31737
0.28583
0.25945
0.22151
0.28484
0.29756
0.27531
0.25647
0.21022
0.31302
0.30782
0.26222
0.29699
0.22487
0.32306
0.31765
0.22694
0.21995
0.26719
0.28856
0.28405
0.29319
0.23579
0.33140
0.32066
0.15402
0.24222
0.29853
0.28191
0.31422
0.31926
0.31171
0.24190
0.20067
0.21038
0.28399
0.30120
0.33933
0.24655
0.29424
0.30793
0.23346
0.26240
0.28937
0.27046
0.16750
0.31540
0.20270
0.24422
0.32945
0.30770
0.26746
0.23380
0.26080
0.28675
0.34107
0.32748
0.27250
0.28501
0.18599
0.32390
0.30147
0.14625
0.25613
0.20346
0.26781
0.26896
0.23816
0.26538
0.24348
0.26900
0.22753
0.27250
0.22427
0.30761
0.26349
0.30387
0.21188
0.28692
0.24859
0.24423
0.22658
0.31158
0.27996
0.32512
0.23425
0.26192
0.31037
0.27786
0.25565
0.27640
0.18527
0.31260
0.28199
0.32383
0.24886
0.28113
0.33241
0.27176
0.28239
0.32400
0.16541
0.20515
0.28556
0.22351
0.29721
0.29855
0.27561
0.31901
0.37018
0.28840
0.32350
0.27214
0.31168
0.30554
0.34879
0.27533
0.27600
0.32588
0.30712
0.30029
0.32226
0.37052
0.22751
0.26233
0.31155
0.24122
0.31083
0.31745
0.24615
0.24818
0.32840
0.23699
0.28921
0.31457
0.26638
0.27038
0.26292
0.28010
0.26965
0.28715
0.35346
0.29089
0.25359
0.30652
0.28600
0.31124
0.31244
0.24791
0.12830
0.32434
0.33284
0.35028
0.32757
0.33073
0.39814
0.39153
0.26731
0.18667
0.29080
0.38691
0.28609
0.18275
0.31148
0.34869
0.26001
0.25253
0.33754
0.24672
0.28625
0.24150
0.32650
0.35145
0.39640
0.30572
0.29558
0.26553
0.38583
0.30985
0.30112
0.30258
0.37016
0.29344
0.20578
0.30996
0.42038
0.25406
0.39689
0.39410
0.22436
0.31461
0.35611
0.32564
0.30778
0.25077
0.28880
0.21649
0.29317
0.31157
0.30412
0.31708
0.36854
0.28597
0.28781
0.26320
0.22620
0.24970
0.37644
0.24978
0.12257
0.37091
0.18267
0.20993
0.39095
0.17366
0.26414
0.20613
0.28592
0.23947
0.45638
0.20515
0.31451
0.39375
0.23375
0.20856
0.25676
0.27817
0.20009
0.34718
0.19264
0.35918
0.34995
0.28578
0.23745
0.25043
0.34319
0.28657
0.22077
0.34103
0.43899
0.30417
0.27114
0.35658
0.35264
0.23487
0.26934
0.27549
0.40158
0.19936
0.24574
0.24895
0.36717
0.28658
0.24478
0.26807
0.32699
0.37893
0.26612
0.29855
0.32537
0.31297
0.29327
0.23561
0.39243
0.30152
0.27145
0.29150
0.29998
0.33517
0.24181
0.31740
0.24702
0.34483
0.27057
0.28149
0.29780
0.29556
0.25184
0.30774
0.18195
0.31821
0.20659
0.07673
0.10902
0.17835
0.22458
0.25143
0.17508
0.23477
0.37041
0.15849
0.10228
0.23263
0.04174
0.28815
0.27404
0.19246
0.28477
0.04991
0.10326
0.19154
0.21695
0.06589
0.09143
0.21382
0.27911
0.21211
0.22112
0.25721
0.03040
0.32689
0.28004
0.06122
0.04409
0.11660
0.26564
0.16618
0.22099
0.17368
0.31676
0.08402
0.04559
0.04927
0.02726
0.24978
0.13543
0.09480
0.22873
0.34222
0.13987
0.25229
0.21810
0.06677
0.26422
0.10151
0.04472
0.28433
0.16609
0.25899
0.04167
0.10473
0.20211
0.21638
0.28211
0.22669
0.01662
0.06647
0.17045
0.19901
0.17646
0.15303
0.06842
0.25553
0.19970
0.12781
0.26187
0.30761
0.09718
0.15575
0.13937
0.03106
0.03118
0.12981
0.15255
0.21006
0.26934
0.24102
0.20667
0.34008
0.24620
0.20343
0.11443
0.21783
0.19971
0.03111
0.25323
0.14478
0.06371
0.21104
0.19575
0.30422
0.25407
0.03374
0.04915
0.07425
0.18116
0.17510
0.22956
0.16178
0.17547
0.31684
0.17022
0.21624
0.11418
0.04279
0.03739
0.17343
0.03267
0.05982
0.27269
0.29056
0.13860
0.05900
0.01769
0.02477
0.07232
0.29966
