0.11535
0.12241
0.07244
0.24281
0.08874
0.14170
0.21524
0.15220
0.17930
0.07044
0.21020
0.15903
0.18086
0.12859
0.11869
0.22598
0.16288
0.15465
0.08275
0.15473
0.28209
0.11835
0.17165
0.05904
0.26512
0.15541
0.10797
0.27120
0.10943
0.17063
0.14339
0.26653
0.16166
0.11313
0.13347
0.11080
0.14632
0.10008
0.12823
0.17553
0.30006
0.27981
0.10893
0.15295
0.26801
0.19829
0.14701
0.25016
0.20094
0.16018
0.10643
0.12786
0.18153
0.25696
0.09661
0.24432
0.24293
0.12703
0.15270
0.08561
0.23955
0.31102
0.12650
0.20212
0.27861
0.32914
0.05743
0.19900
0.13363
0.03099
0.13948
0.32939
0.28860
0.24085
0.26086
0.15464
0.08934
0.04834
0.23183
0.17986
0.32336
0.18879
0.34141
0.26130
0.26547
0.37941
0.10004
0.09676
0.13968
0.22739
0.33084
0.17452
0.08634
0.27683
0.06716
0.14633
0.21647
0.23485
0.19681
0.17746
0.09559
0.18092
0.13110
0.13614
0.21045
0.26544
0.13099
0.17507
0.16724
0.25842
0.04262
0.26177
0.10296
0.27050
0.14208
0.16269
0.27267
0.09630
0.09777
0.19310
0.23997
0.08254
0.29667
0.03014
0.09821
0.14117
0.31333
0.29507
0.18326
0.25099
0.07950
0.12303
0.26316
0.34125
0.11633
0.14971
0.06966
0.26753
0.26200
0.07166
0.17314
0.03122
0.28383
0.22853
0.17672
0.28422
0.10834
0.34034
0.18954
0.09574
0.19864
0.25006
0.15167
0.31891
0.29541
0.33326
0.10046
0.15772
0.15997
0.23049
0.27011
0.23926
0.29741
0.31870
0.11099
0.08538
0.31283
0.28511
0.12995
0.27289
0.06014
0.22805
0.23759
0.05160
0.11841
0.18132
0.07732
0.05399
0.19908
0.28147
0.06381
0.10500
0.20785
0.13650
0.11551
0.21106
0.21513
0.27656
0.23374
0.17466
0.15136
0.05256
0.05511
0.14407
0.13265
0.25480
0.22610
0.16315
0.08706
0.27381
0.24244
0.08289
0.14608
0.16999
0.06061
0.25788
0.10167
0.22752
0.26267
0.09196
0.25194
0.21364
0.11478
0.22893
0.25190
0.22050
0.13636
0.25982
0.21086
0.31398
0.11007
0.19573
0.08839
0.09594
0.08893
0.09259
0.18805
0.18900
0.15255
0.07538
0.28185
0.12141
0.25593
0.14042
0.08066
0.28206
0.11723
0.04477
0.11618
0.28077
0.07060
0.26949
0.08980
0.12689
0.17333
0.21545
0.11896
0.04924
0.14458
0.13341
0.11893
0.13579
0.10795
0.26874
0.14328
0.17101
0.18567
0.08496
0.10078
0.12800
0.19342
0.16229
0.19173
0.18709
0.15108
0.27189
0.25372
0.09451
0.17737
0.08284
0.09947
0.15235
0.06794
0.05285
0.36094
0.14123
0.07454
0.20075
0.15317
0.07801
0.15890
0.31939
0.14731
0.07568
0.29043
0.11289
0.22881
0.19736
0.19029
0.16179
0.13880
0.08491
0.19916
0.21063
0.20816
0.12654
0.19254
0.18826
0.19322
0.16331
0.33835
0.26787
0.30009
0.13930
0.14913
0.29755
0.30058
0.33218
0.07252
0.25893
0.14298
0.26721
0.14653
0.07562
0.15358
0.14962
0.13084
0.26025
0.26079
0.12886
0.08824
0.13843
0.23157
0.18108
0.25355
0.14536
0.22417
0.27324
0.12010
0.07895
0.26241
0.31145
0.36492
0.26493
0.32950
0.23758
0.23251
0.30258
0.23680
0.25593
0.06689
0.09647
0.13992
0.25599
0.06186
0.07307
0.20964
0.13189
0.23660
0.08493
0.19086
0.18446
0.27176
0.26705
0.25558
0.16406
0.26217
0.14040
0.18094
0.31950
0.09346
0.19108
0.06903
0.08770
0.19994
0.08240
0.23116
0.32064
0.11939
0.13159
0.20248
0.24154
0.11401
0.06406
0.11132
0.06906
0.10776
0.12622
0.18675
0.11561
0.29583
0.15607
0.20264
0.09310
0.17014
0.28461
0.19448
0.26481
0.35936
0.18078
0.28950
0.31504
0.29058
0.32378
0.28734
0.25165
0.35507
0.25182
0.25476
0.25111
0.23669
0.28674
0.19563
0.38258
0.33621
0.24182
0.25053
0.27272
0.26077
0.36951
0.30831
0.22701
0.31077
0.33117
0.20783
0.25172
0.30729
0.29606
0.27048
0.24572
0.28029
0.31897
0.27101
0.23341
0.36105
0.26349
0.23576
0.31987
0.19322
0.32222
0.36056
0.29853
0.30745
0.31652
0.28545
0.25912
0.29923
0.33384
0.22611
0.27122
0.30504
0.24655
0.27365
0.31599
0.20645
0.30669
0.26308
0.26839
0.31395
0.29088
0.26695
0.20191
0.28932
0.35856
0.17375
0.29114
0.23496
0.21457
0.21649
0.37151
0.32255
0.30518
0.16876
0.34402
0.27750
0.28975
0.36470
0.30453
0.29201
0.30057
0.26352
0.29101
0.17834
0.36937
0.28328
0.22274
0.17664
0.33337
0.21235
0.27353
0.28241
0.27845
0.34756
0.32009
0.22588
0.33101
0.30130
0.18630
0.17165
0.29730
0.17932
0.19224
0.16413
0.29265
0.32575
0.28063
0.26327
0.24461
0.30410
0.23327
0.28736
0.28068
0.27951
0.20711
0.27717
0.28658
0.22335
0.18552
0.36182
0.30631
0.20300
0.29399
0.31576
0.26066
0.36513
0.29953
0.24825
0.27705
0.21776
0.28713
0.32149
0.27192
0.28502
0.24932
0.17109
0.31000
0.24579
0.28864
0.23278
0.27397
0.31686
0.29139
0.22101
0.20489
0.28796
0.21234
0.26622
0.19554
0.24313
0.23976
0.22338
0.21739
0.31359
0.31265
0.33148
0.24835
0.21894
0.31964
0.22998
0.21775
0.23661
0.30151
0.32400
0.15820
0.20491
0.29033
0.27285
0.22448
0.18196
0.19145
0.26742
0.21651
0.25431
0.26919
0.30508
0.16333
0.26850
0.25023
0.28010
0.20512
0.28951
0.28225
0.25838
0.36139
0.19998
0.31641
0.24442
0.37936
0.30893
0.25900
0.27955
0.28179
0.27491
0.22274
0.31662
0.28727
0.26042
0.28446
0.29917
0.33694
0.24848
0.28400
0.23681
0.34425
0.22785
0.28855
0.24838
0.25346
0.28126
0.27255
0.21126
0.24916
0.26589
0.31920
0.20011
0.32130
0.26348
0.27071
0.29304
0.27595
0.31310
0.14968
0.23510
0.32846
0.32199
0.25938
0.27900
0.30348
0.27888
0.27021
0.23311
0.28243
0.31262
0.25523
0.24901
0.19743
0.29758
0.30314
0.27700
0.25534
0.23670
0.33136
0.30404
0.20344
0.21979
0.27853
0.28825
0.28410
0.26557
0.24477
0.35035
0.34693
0.15532
0.26454
0.30026
0.27764
0.26590
0.30505
0.34122
0.25130
0.21043
0.18411
0.26061
0.27517
0.35157
0.30307
0.30815
0.29195
0.24697
0.26515
0.29213
0.26929
0.18169
0.32453
0.23950
0.24465
0.34319
0.31627
0.25569
0.25317
0.25918
0.29784
0.32891
0.32290
0.24909
0.27611
0.19858
0.31850
0.33034
0.11722
0.27186
0.17278
0.23687
0.27406
0.23868
0.26257
0.25055
0.24484
0.24073
0.23719
0.24983
0.33973
0.27788
0.26672
0.19719
0.28201
0.25411
0.23316
0.22500
0.32142
0.29339
0.34734
0.26087
0.26884
0.27901
0.27625
0.23249
0.27755
0.18401
0.35536
0.27678
0.33733
0.27862
0.31161
0.34147
0.27053
0.25486
0.28650
0.18707
0.19983
0.28345
0.23809
0.29930
0.30580
0.29872
0.30920
0.37684
0.30179
0.32516
0.28316
0.31470
0.30595
0.34764
0.25652
0.28969
0.31987
0.31744
0.29384
0.32380
0.38421
0.22617
0.23997
0.35517
0.24514
0.31704
0.32809
0.26959
0.25019
0.36512
0.24785
0.27676
0.30202
0.28547
0.26117
0.24950
0.27830
0.27768
0.28232
0.32660
0.29831
0.23106
0.29435
0.27300
0.30003
0.26844
0.29268
0.16708
0.34220
0.32330
0.35839
0.33114
0.32281
0.38288
0.39795
0.27191
0.19490
0.29722
0.38705
0.26269
0.19202
0.32072
0.34189
0.25959
0.22340
0.31855
0.24965
0.28793
0.25625
0.32731
0.35605
0.37902
0.30337
0.33141
0.30651
0.39262
0.27563
0.27251
0.32538
0.36005
0.28565
0.20924
0.31539
0.44046
0.25072
0.39459
0.39461
0.18793
0.30911
0.36068
0.30968
0.27868
0.22948
0.30106
0.22161
0.28769
0.30107
0.28112
0.31558
0.36773
0.30151
0.30957
0.25499
0.23820
0.26282
0.39430
0.20568
0.13880
0.35171
0.13337
0.20839
0.39809
0.15662
0.25345
0.22054
0.29281
0.24920
0.44067
0.20514
0.34956
0.40218
0.24469
0.21550
0.25383
0.23438
0.23936
0.35209
0.18768
0.35561
0.36794
0.28529
0.25262
0.23849
0.33825
0.26909
0.22326
0.29945
0.42510
0.30475
0.30993
0.36303
0.36011
0.23997
0.27867
0.29047
0.38526
0.19435
0.22902
0.23997
0.35167
0.29560
0.24355
0.27539
0.33887
0.36571
0.22782
0.32533
0.34424
0.32184
0.29918
0.28104
0.38578
0.32740
0.24132
0.30624
0.32070
0.31871
0.27101
0.29941
0.22901
0.34176
0.27133
0.27920
0.32968
0.31640
0.24404
0.29287
0.21172
0.27772
0.22134
0.06564
0.14948
0.21202
0.22907
0.28507
0.19836
0.24179
0.37020
0.24569
0.11722
0.21061
0.05924
0.30754
0.22573
0.18314
0.27951
0.10137
0.08506
0.17786
0.26599
0.08606
0.14063
0.20951
0.24924
0.20463
0.22150
0.30348
0.09197
0.33244
0.23384
0.03712
0.06404
0.11475
0.24449
0.17713
0.22334
0.18811
0.31329
0.05629
0.05158
0.04736
0.12583
0.27765
0.09888
0.10529
0.20172
0.32277
0.16789
0.27934
0.23294
0.07356
0.30735
0.08213
0.09515
0.29722
0.19063
0.29059
0.07887
0.11422
0.25248
0.21036
0.30669
0.26686
0.07331
0.07606
0.17660
0.21245
0.19365
0.18699
0.16411
0.30744
0.18700
0.13283
0.25961
0.29972
0.09278
0.11647
0.22190
0.05319
0.05476
0.23082
0.20709
0.19905
0.25172
0.31084
0.18996
0.33594
0.22282
0.27607
0.20432
0.23220
0.21081
0.04668
0.24397
0.10885
0.08248
0.23235
0.25513
0.29179
0.20088
0.06022
0.13985
0.19802
0.18973
0.26121
0.27573
0.08229
0.23235
0.33305
0.14762
0.25057
0.11607
0.01753
0.07981
0.16460
0.09260
0.12506
0.26182
0.28870
0.10986
0.10389
0.06628
0.06738
0.10428
0.24122
