0.23092
0.11749
0.14553
0.26582
0.12333
0.16164
0.25505
0.20921
0.20420
0.12591
0.23591
0.14878
0.21121
0.12770
0.14794
0.22396
0.20094
0.22331
0.17024
0.20700
0.31572
0.18535
0.19329
0.14976
0.25397
0.22158
0.19108
0.26711
0.17757
0.23846
0.17737
0.29428
0.21171
0.12931
0.20107
0.11502
0.16372
0.16224
0.15423
0.26547
0.28533
0.29217
0.16515
0.22421
0.28317
0.25534
0.17901
0.31285
0.27530
0.21475
0.10498
0.24138
0.15795
0.31148
0.10687
0.25069
0.26152
0.18933
0.19261
0.17174
0.26169
0.30137
0.23970
0.24177
0.31638
0.32302
0.11960
0.25338
0.20093
0.09871
0.17420
0.34213
0.34550
0.21528
0.26467
0.21625
0.22283
0.09025
0.23709
0.21243
0.35141
0.27481
0.35134
0.27933
0.30529
0.34734
0.12809
0.17130
0.19940
0.27036
0.35916
0.22237
0.15730
0.28513
0.18145
0.26534
0.25153
0.22360
0.21015
0.20210
0.11634
0.22521
0.14448
0.15117
0.23622
0.30095
0.20970
0.21377
0.23265
0.27572
0.10059
0.27359
0.18461
0.25883
0.17820
0.23552
0.27362
0.13070
0.12424
0.22390
0.24295
0.18202
0.30257
0.10587
0.14663
0.18080
0.29085
0.25895
0.23319
0.25594
0.14465
0.19102
0.33311
0.34236
0.10709
0.22744
0.13460
0.29966
0.28203
0.11067
0.19741
0.10598
0.32014
0.22328
0.21646
0.31634
0.17051
0.36818
0.23262
0.09293
0.20761
0.31007
0.14256
0.31911
0.32775
0.35064
0.24094
0.19746
0.22802
0.23884
0.31313
0.27413
0.30872
0.33920
0.11757
0.19783
0.28707
0.28634
0.18795
0.27878
0.09290
0.28915
0.22892
0.10296
0.22090
0.23736
0.16790
0.17217
0.23177
0.31543
0.13567
0.11381
0.25747
0.21763
0.13570
0.23853
0.25731
0.27319
0.26348
0.24702
0.21263
0.19702
0.18357
0.18225
0.24621
0.25454
0.25147
0.17802
0.18610
0.29929
0.22701
0.14356
0.25524
0.15422
0.12422
0.29425
0.19733
0.24173
0.27255
0.21192
0.26933
0.25535
0.18191
0.21597
0.27540
0.26614
0.16234
0.31077
0.28807
0.32991
0.18783
0.25548
0.22418
0.15811
0.17592
0.12776
0.24369
0.25546
0.21937
0.15975
0.27665
0.15069
0.28964
0.20164
0.14205
0.25978
0.13775
0.10604
0.14080
0.25816
0.13013
0.31732
0.19172
0.12682
0.16795
0.22590
0.13260
0.12113
0.24443
0.11553
0.15062
0.18363
0.20561
0.28379
0.14029
0.21893
0.20949
0.21089
0.13526
0.15331
0.22129
0.20987
0.25324
0.20740
0.20141
0.27407
0.32103
0.12266
0.20989
0.15470
0.16210
0.16339
0.14715
0.14378
0.35364
0.20882
0.15430
0.22530
0.20355
0.17307
0.26040
0.35288
0.17649
0.16444
0.31039
0.13309
0.23470
0.25929
0.23203
0.26546
0.18031
0.13878
0.26056
0.25607
0.23199
0.11880
0.21294
0.24588
0.21670
0.22799
0.35668
0.33109
0.27090
0.18624
0.19765
0.29669
0.33428
0.35298
0.12162
0.27784
0.16641
0.29394
0.26298
0.18097
0.20685
0.23229
0.11782
0.25721
0.26141
0.14715
0.16203
0.19935
0.26161
0.25367
0.29464
0.22937
0.24441
0.25863
0.21126
0.15925
0.32446
0.33362
0.35278
0.25318
0.31986
0.24045
0.27012
0.31772
0.27816
0.24645
0.16593
0.19095
0.23601
0.21325
0.10540
0.19201
0.26970
0.21120
0.27298
0.18712
0.23242
0.24563
0.31322
0.27919
0.26618
0.23162
0.29710
0.20387
0.17827
0.32974
0.11819
0.26574
0.15726
0.18066
0.22819
0.12493
0.26001
0.33798
0.12785
0.18210
0.19395
0.27794
0.12000
0.14935
0.16108
0.13580
0.16023
0.18859
0.25818
0.22089
0.29803
0.24260
0.24882
0.15975
0.17506
0.25105
0.20933
0.27922
0.33031
0.16759
0.26965
0.32642
0.30369
0.31749
0.27749
0.25796
0.33611
0.28438
0.22935
0.27719
0.22752
0.30582
0.19266
0.35676
0.28630
0.24333
0.26547
0.24373
0.26526
0.35094
0.29807
0.25419
0.30271
0.31334
0.23542
0.27057
0.29393
0.27524
0.24828
0.27335
0.29377
0.27713
0.25446
0.23544
0.32271
0.28459
0.24830
0.32940
0.19326
0.31844
0.32764
0.27837
0.28933
0.31453
0.29754
0.23406
0.29745
0.31775
0.21912
0.29287
0.28802
0.25141
0.27960
0.30312
0.19496
0.30380
0.26750
0.25736
0.29030
0.25789
0.26846
0.17672
0.26183
0.34341
0.12106
0.28185
0.22559
0.18882
0.20935
0.37267
0.31481
0.31039
0.15786
0.31728
0.27404
0.25551
0.33499
0.28531
0.30719
0.30321
0.24530
0.28896
0.19137
0.34154
0.30186
0.24502
0.15439
0.32278
0.20082
0.24518
0.28097
0.24357
0.31908
0.28691
0.19531
0.30167
0.28442
0.18179
0.17664
0.29399
0.18692
0.16763
0.14759
0.30540
0.29383
0.27065
0.25233
0.24101
0.29773
0.21794
0.30953
0.26539
0.29048
0.22243
0.26719
0.29829
0.21978
0.15850
0.34995
0.26620
0.21921
0.31923
0.30285
0.26806
0.36241
0.28599
0.23637
0.27814
0.20969
0.28844
0.30593
0.28152
0.27658
0.27828
0.16229
0.30108
0.24997
0.29047
0.23859
0.28520
0.32885
0.26034
0.18727
0.23399
0.28057
0.20477
0.28503
0.18377
0.23100
0.22230
0.21914
0.21002
0.30231
0.30407
0.29703
0.25442
0.21628
0.29220
0.20537
0.20457
0.23828
0.28105
0.32277
0.16461
0.18223
0.27229
0.29200
0.20081
0.15888
0.20507
0.25591
0.23694
0.23261
0.26523
0.31989
0.17648
0.25698
0.25525
0.28991
0.18484
0.29486
0.27912
0.25396
0.36025
0.19024
0.31403
0.23511
0.33582
0.29294
0.25934
0.24517
0.30741
0.27482
0.21706
0.30131
0.30485
0.26957
0.25927
0.27659
0.31412
0.25941
0.27283
0.24477
0.32073
0.21448
0.27239
0.22713
0.26038
0.28191
0.24719
0.23262
0.25202
0.26073
0.32468
0.18683
0.32061
0.26122
0.29033
0.27022
0.25553
0.29068
0.14452
0.22521
0.30434
0.27234
0.26500
0.30699
0.30302
0.27305
0.25300
0.23369
0.27663
0.30181
0.27137
0.20916
0.18334
0.29627
0.28703
0.24410
0.27639
0.23805
0.28993
0.29858
0.23677
0.18583
0.26608
0.28202
0.29430
0.27017
0.26954
0.34212
0.33272
0.14426
0.26415
0.27746
0.26716
0.27993
0.31090
0.30698
0.22740
0.20881
0.20696
0.26300
0.29219
0.33018
0.29802
0.28108
0.30524
0.22579
0.25799
0.27985
0.25265
0.18607
0.29256
0.25194
0.19218
0.32048
0.29387
0.26323
0.21683
0.24913
0.29248
0.35897
0.31659
0.24366
0.25595
0.20396
0.32474
0.30922
0.11833
0.25320
0.20026
0.23334
0.28277
0.22052
0.26598
0.25581
0.27015
0.22726
0.22230
0.25708
0.31001
0.26935
0.26545
0.19999
0.25476
0.24680
0.24551
0.18304
0.31399
0.26978
0.34879
0.28220
0.24362
0.30581
0.25620
0.24554
0.26637
0.18067
0.31315
0.25912
0.31871
0.25711
0.28821
0.31808
0.27907
0.26911
0.31429
0.17023
0.21260
0.30086
0.23614
0.29897
0.27567
0.31436
0.33756
0.36908
0.27961
0.29192
0.27059
0.27808
0.30529
0.32554
0.26772
0.29356
0.29476
0.28456
0.30605
0.28809
0.35335
0.21979
0.25227
0.32627
0.24518
0.31148
0.34648
0.25103
0.25570
0.33618
0.23565
0.27213
0.27683
0.27044
0.24904
0.24042
0.27721
0.27728
0.26387
0.33185
0.28065
0.25686
0.32239
0.27738
0.30270
0.29656
0.29604
0.13097
0.32066
0.32401
0.34332
0.32907
0.31618
0.41236
0.42282
0.30181
0.20376
0.33320
0.38261
0.29922
0.22864
0.31688
0.33681
0.23063
0.26682
0.32207
0.23756
0.27355
0.26364
0.35388
0.35021
0.40668
0.30183
0.33465
0.29608
0.40392
0.29752
0.30687
0.33032
0.34463
0.30530
0.19037
0.31463
0.46794
0.21877
0.42357
0.43512
0.18922
0.30441
0.37505
0.32331
0.28288
0.23711
0.30542
0.26143
0.27805
0.31663
0.31460
0.29488
0.38015
0.30169
0.30423
0.25021
0.23771
0.28293
0.42589
0.24204
0.13064
0.30417
0.17914
0.21023
0.42479
0.15689
0.25008
0.21706
0.30521
0.23644
0.46625
0.17843
0.36096
0.41486
0.26979
0.20026
0.27240
0.27763
0.21600
0.37427
0.17412
0.35640
0.34817
0.25262
0.24991
0.25015
0.32763
0.29358
0.21063
0.30686
0.43333
0.33506
0.29263
0.37583
0.37708
0.24420
0.29302
0.29002
0.39756
0.20849
0.23652
0.22807
0.38205
0.29921
0.25258
0.26563
0.32537
0.34855
0.26188
0.31311
0.36155
0.29201
0.30373
0.27390
0.38323
0.31239
0.25937
0.31559
0.32531
0.34441
0.28737
0.31248
0.23921
0.29812
0.25361
0.26375
0.33607
0.31717
0.25238
0.28659
0.22042
0.31588
0.21587
0.14951
0.16551
0.23856
0.17670
0.27501
0.22839
0.23794
0.31581
0.25197
0.08474
0.21049
0.08268
0.24738
0.30961
0.19872
0.29379
0.13222
0.18860
0.20772
0.24169
0.16004
0.12982
0.25302
0.28065
0.21599
0.22626
0.24947
0.13061
0.30476
0.23540
0.12061
0.15457
0.17773
0.27453
0.18541
0.27633
0.21233
0.29588
0.17074
0.09405
0.14870
0.20689
0.31637
0.17452
0.23973
0.25083
0.29249
0.19004
0.30877
0.22294
0.14519
0.30145
0.13609
0.19058
0.29989
0.15488
0.26520
0.19571
0.20215
0.22805
0.17197
0.29849
0.22960
0.17672
0.17242
0.19451
0.18189
0.17717
0.24074
0.10727
0.24360
0.21099
0.12301
0.22639
0.27188
0.21968
0.25418
0.22226
0.18146
0.12827
0.27248
0.19281
0.19108
0.24096
0.24426
0.18648
0.30596
0.27540
0.30097
0.23185
0.21472
0.20135
0.07102
0.20536
0.14023
0.14668
0.19261
0.23079
0.29791
0.24388
0.19237
0.18381
0.25981
0.24398
0.24792
0.28701
0.15333
0.28312
0.29150
0.15471
0.22607
0.17609
0.10150
0.08283
0.19977
0.13572
0.13805
0.22879
0.28312
0.16257
0.16549
0.08922
0.16291
0.16151
0.27050
