0.13614
0.10982
0.07354
0.22956
0.08669
0.15133
0.23811
0.14233
0.17719
0.06400
0.16603
0.13880
0.13881
0.12130
0.07822
0.21418
0.11957
0.09707
0.07352
0.17557
0.29199
0.12678
0.16115
0.08264
0.22067
0.12833
0.06459
0.24146
0.08807
0.13354
0.12639
0.27216
0.19457
0.09857
0.07034
0.09546
0.11530
0.05659
0.10788
0.13193
0.30882
0.24052
0.08642
0.11998
0.28225
0.22215
0.13109
0.24150
0.18770
0.14544
0.09237
0.12594
0.11990
0.29504
0.09003
0.23953
0.22423
0.09002
0.16154
0.07241
0.25863
0.29407
0.09857
0.21442
0.26544
0.31372
0.07597
0.19545
0.12610
0.03799
0.13089
0.27831
0.32095
0.21648
0.27406
0.12280
0.08377
0.05436
0.20652
0.17373
0.32085
0.17742
0.32165
0.27391
0.24711
0.34163
0.10242
0.07241
0.13365
0.22148
0.32308
0.17580
0.06708
0.25737
0.05643
0.16393
0.16256
0.21184
0.21108
0.14132
0.09293
0.18723
0.15933
0.15293
0.18615
0.29824
0.16147
0.18100
0.16580
0.27247
0.02166
0.25478
0.07914
0.24680
0.11236
0.12441
0.25283
0.03583
0.06586
0.17672
0.20609
0.06048
0.24897
0.02179
0.07651
0.12047
0.29065
0.28014
0.15507
0.25103
0.09124
0.09968
0.29322
0.33555
0.11640
0.13582
0.05489
0.28698
0.25143
0.03598
0.16211
0.03417
0.25669
0.16594
0.14350
0.31117
0.10078
0.32527
0.17281
0.08480
0.16940
0.21376
0.10094
0.28914
0.31191
0.29628
0.10233
0.12120
0.16145
0.20176
0.26867
0.24017
0.22737
0.32665
0.09497
0.12487
0.29340
0.27281
0.04268
0.27663
0.04221
0.20973
0.20483
0.04394
0.07415
0.20862
0.05690
0.04846
0.17514
0.28171
0.05410
0.10746
0.23394
0.14414
0.07580
0.15960
0.20760
0.24729
0.25198
0.16313
0.14820
0.06494
0.06137
0.15241
0.12129
0.21104
0.18240
0.18529
0.10285
0.29244
0.21291
0.07458
0.14922
0.14826
0.04543
0.18209
0.10856
0.20651
0.24207
0.07615
0.24662
0.22634
0.11529
0.23578
0.23450
0.24817
0.12720
0.27577
0.20954
0.32807
0.09725
0.19379
0.10109
0.05286
0.05557
0.07658
0.18795
0.15869
0.11107
0.06655
0.28169
0.10461
0.24297
0.11675
0.03267
0.27599
0.11027
0.02821
0.13631
0.25981
0.08391
0.31373
0.08632
0.10580
0.17280
0.20838
0.11124
0.05460
0.11083
0.11144
0.09794
0.10296
0.07862
0.24091
0.16227
0.15512
0.22206
0.09063
0.05553
0.14066
0.22294
0.13914
0.18678
0.18410
0.16016
0.23013
0.24049
0.09463
0.14497
0.05698
0.10412
0.13609
0.05452
0.04207
0.36994
0.16843
0.08567
0.19551
0.20818
0.08641
0.11752
0.33115
0.11101
0.07100
0.28848
0.12198
0.18645
0.18636
0.19019
0.18700
0.07862
0.05898
0.17232
0.18408
0.18300
0.10412
0.16629
0.17104
0.14348
0.15863
0.31725
0.29336
0.24612
0.14609
0.12147
0.27273
0.29272
0.31175
0.03001
0.25933
0.10136
0.26035
0.11468
0.07677
0.12624
0.11502
0.09647
0.19789
0.24367
0.05550
0.06501
0.08598
0.25512
0.16111
0.23307
0.09667
0.24699
0.23851
0.15229
0.07500
0.23491
0.27981
0.33989
0.26298
0.29307
0.22135
0.24374
0.29349
0.28043
0.22022
0.08913
0.07578
0.10158
0.21649
0.03252
0.08912
0.19692
0.10228
0.23343
0.09898
0.15602
0.12177
0.24626
0.28339
0.24764
0.17415
0.29964
0.16822
0.15086
0.30838
0.06384
0.16104
0.04792
0.09440
0.19612
0.05012
0.23188
0.31475
0.08757
0.09678
0.11183
0.26087
0.13180
0.06293
0.03975
0.06551
0.07201
0.09499
0.19605
0.08066
0.28792
0.15192
0.19644
0.09839
0.19038
0.28536
0.22306
0.27210
0.33589
0.18228
0.23926
0.31034
0.30177
0.34317
0.27030
0.26829
0.33805
0.27141
0.23889
0.26313
0.19816
0.31463
0.19534
0.36582
0.28045
0.23213
0.28208
0.26792
0.29573
0.35336
0.28988
0.26643
0.29777
0.33264
0.25952
0.28441
0.32161
0.26916
0.23243
0.23823
0.28955
0.29384
0.29160
0.20898
0.34609
0.26285
0.27827
0.31672
0.21054
0.29389
0.34114
0.29222
0.31975
0.31523
0.31339
0.24078
0.30220
0.30251
0.24643
0.30829
0.28924
0.28152
0.30696
0.30730
0.17103
0.31331
0.26173
0.28178
0.32566
0.26218
0.28799
0.18739
0.24841
0.33349
0.10399
0.27707
0.22699
0.23403
0.16962
0.36565
0.29832
0.30919
0.16100
0.33368
0.26951
0.26333
0.32973
0.28677
0.30661
0.28128
0.24773
0.28318
0.18228
0.34114
0.30990
0.24875
0.18675
0.32929
0.20426
0.25516
0.27156
0.26368
0.33237
0.27707
0.19554
0.29782
0.27845
0.15552
0.20969
0.30543
0.17609
0.20572
0.14519
0.26377
0.27352
0.29903
0.29750
0.24201
0.31961
0.20856
0.30561
0.30940
0.29432
0.22304
0.27945
0.31530
0.19638
0.15480
0.36072
0.26863
0.20240
0.29785
0.30589
0.24794
0.37857
0.30341
0.22908
0.29700
0.19048
0.28334
0.29507
0.29907
0.26430
0.22936
0.16556
0.32905
0.22731
0.30101
0.22877
0.29411
0.32862
0.27453
0.19156
0.21899
0.27428
0.21299
0.31118
0.18956
0.23970
0.23025
0.22278
0.22853
0.30566
0.28921
0.32451
0.26163
0.22784
0.30556
0.18844
0.24153
0.25668
0.28002
0.28992
0.15565
0.19085
0.25111
0.30219
0.23621
0.14951
0.18434
0.26056
0.24674
0.23445
0.28949
0.32849
0.16453
0.26834
0.24039
0.30343
0.19381
0.30792
0.26840
0.24849
0.38301
0.18480
0.28216
0.24260
0.33739
0.30023
0.25989
0.27991
0.28964
0.26336
0.18150
0.30495
0.26893
0.26507
0.25032
0.24834
0.31793
0.23857
0.23213
0.22584
0.30229
0.26617
0.30268
0.22137
0.30089
0.26762
0.27147
0.21930
0.27719
0.22169
0.30578
0.19748
0.30870
0.24145
0.28075
0.28263
0.27625
0.29523
0.13783
0.23957
0.31271
0.30703
0.27606
0.29834
0.32538
0.24753
0.24349
0.23919
0.27961
0.30020
0.29265
0.24108
0.16171
0.30785
0.29718
0.24749
0.29276
0.24050
0.32923
0.31790
0.20702
0.20245
0.27619
0.28242
0.30842
0.26589
0.22638
0.30779
0.31309
0.14471
0.22808
0.28107
0.28701
0.28365
0.31729
0.31742
0.22135
0.21622
0.16428
0.29706
0.28900
0.34427
0.26950
0.27883
0.30920
0.22248
0.24842
0.30796
0.23224
0.17246
0.32833
0.21866
0.22472
0.32981
0.30375
0.28860
0.22137
0.28507
0.27392
0.34071
0.31830
0.26906
0.25957
0.16893
0.30745
0.28819
0.13246
0.29646
0.17318
0.26240
0.30556
0.21948
0.28967
0.22276
0.27689
0.23121
0.25486
0.22964
0.32038
0.30952
0.28610
0.20478
0.25650
0.24043
0.23570
0.23003
0.30261
0.24471
0.33929
0.25121
0.26985
0.29856
0.27288
0.26148
0.28319
0.19435
0.32591
0.26465
0.32796
0.27030
0.28081
0.32754
0.25089
0.28612
0.32631
0.19869
0.22659
0.31235
0.24783
0.31917
0.31852
0.30077
0.33447
0.37168
0.27405
0.33061
0.24798
0.27584
0.27091
0.36296
0.27906
0.26814
0.30425
0.31434
0.30724
0.28809
0.36762
0.22023
0.28427
0.31989
0.23822
0.29527
0.30893
0.22718
0.26325
0.33743
0.22832
0.28610
0.27278
0.30687
0.27211
0.28540
0.28477
0.24318
0.27678
0.34499
0.29213
0.26915
0.30326
0.28244
0.30787
0.29440
0.26941
0.14567
0.29699
0.32464
0.34401
0.32635
0.28198
0.39951
0.42643
0.29501
0.18547
0.32664
0.36665
0.27627
0.17884
0.31914
0.33604
0.24090
0.25040
0.31966
0.25394
0.25304
0.24260
0.33731
0.33946
0.38315
0.29092
0.31953
0.26593
0.39527
0.25893
0.28845
0.30375
0.33930
0.28347
0.17848
0.32641
0.44276
0.22481
0.39906
0.40407
0.19177
0.30561
0.36108
0.31768
0.28981
0.26577
0.29311
0.19860
0.27409
0.31892
0.30002
0.26605
0.37537
0.29541
0.29347
0.22946
0.22602
0.27275
0.40536
0.20003
0.10725
0.33661
0.12246
0.15955
0.40270
0.12932
0.20841
0.18588
0.28783
0.24237
0.45014
0.17800
0.34175
0.39360
0.25445
0.23881
0.27536
0.21999
0.19513
0.35924
0.16470
0.35335
0.34657
0.26807
0.24971
0.26254
0.32963
0.27237
0.20341
0.31854
0.42240
0.30064
0.28083
0.36163
0.37920
0.23581
0.21713
0.27356
0.38862
0.19150
0.21422
0.24238
0.37001
0.28503
0.25757
0.29055
0.32249
0.33828
0.22609
0.31131
0.34237
0.29434
0.29903
0.24456
0.38975
0.30815
0.24125
0.28951
0.31568
0.33701
0.25618
0.32031
0.24934
0.32063
0.24470
0.26836
0.31571
0.29767
0.24011
0.29326
0.20398
0.29427
0.21022
0.05117
0.14150
0.21225
0.28601
0.25988
0.15220
0.26981
0.35845
0.17407
0.12498
0.11236
0.01616
0.30084
0.23743
0.18483
0.29028
0.06343
0.10428
0.18572
0.27694
0.05427
0.13075
0.22395
0.28544
0.14966
0.21612
0.28680
0.03498
0.32882
0.14647
0.06500
0.10044
0.12084
0.32482
0.14639
0.21632
0.16972
0.31434
0.06539
0.06584
0.11620
0.06702
0.26761
0.12661
0.11957
0.17690
0.25064
0.11582
0.29593
0.21328
0.04520
0.31071
0.05147
0.05050
0.23986
0.17211
0.26072
0.04601
0.04958
0.21033
0.21915
0.28577
0.25454
0.04909
0.08229
0.17416
0.20451
0.18813
0.20271
0.15032
0.23175
0.21043
0.14461
0.26764
0.26774
0.09567
0.13928
0.14003
0.07149
0.02684
0.19794
0.16444
0.19700
0.26958
0.31398
0.20068
0.27482
0.25259
0.19021
0.15553
0.22654
0.19007
0.07290
0.26911
0.13537
0.05385
0.23216
0.26436
0.27671
0.27068
0.08345
0.05585
0.13285
0.24749
0.20431
0.25937
0.07646
0.16854
0.29439
0.12677
0.23183
0.12626
0.04176
0.04738
0.15267
0.07151
0.09768
0.29026
0.28023
0.08237
0.11588
0.04075
0.05355
0.07391
0.25889
