0.08998
0.10059
0.05650
0.25838
0.09140
0.12634
0.24399
0.12828
0.17420
0.05204
0.16681
0.13415
0.12372
0.11084
0.12317
0.22592
0.12246
0.12508
0.05800
0.12754
0.32107
0.13564
0.14358
0.06334
0.25244
0.14699
0.10320
0.21182
0.08581
0.14366
0.10738
0.20074
0.13100
0.10558
0.05669
0.09179
0.12328
0.07910
0.09792
0.12854
0.22960
0.24828
0.06091
0.13893
0.29330
0.19802
0.14422
0.22518
0.17245
0.11602
0.09256
0.10180
0.12467
0.25366
0.08897
0.22957
0.23807
0.12076
0.13749
0.04564
0.26224
0.26895
0.11408
0.23409
0.30912
0.29881
0.02318
0.19330
0.08545
0.03138
0.13082
0.30417
0.29394
0.17929
0.23044
0.07025
0.06321
0.03466
0.23940
0.19784
0.31761
0.11382
0.33217
0.28152
0.26450
0.32944
0.10385
0.08852
0.11051
0.24788
0.31683
0.22037
0.04399
0.28828
0.06194
0.12826
0.19741
0.21576
0.19541
0.15407
0.09167
0.17361
0.11567
0.11244
0.19174
0.31196
0.13256
0.15108
0.18201
0.30205
0.01469
0.26059
0.07094
0.24915
0.09903
0.12495
0.27110
0.04372
0.06655
0.16784
0.21835
0.06102
0.27372
0.02242
0.08147
0.11557
0.30481
0.26948
0.11894
0.26464
0.06104
0.09834
0.28965
0.27580
0.09169
0.11559
0.06749
0.27436
0.26786
0.03724
0.17040
0.04042
0.28653
0.17118
0.10438
0.28130
0.07799
0.34481
0.16564
0.10038
0.12313
0.27729
0.10871
0.32493
0.29762
0.32826
0.06290
0.14845
0.14650
0.19207
0.25120
0.25023
0.24733
0.34146
0.09375
0.10851
0.27731
0.24394
0.02200
0.26822
0.06552
0.25309
0.23794
0.02402
0.08455
0.20349
0.07435
0.07159
0.15607
0.26882
0.06188
0.10429
0.16871
0.16645
0.04939
0.13914
0.22263
0.27072
0.24782
0.21375
0.07534
0.03320
0.04524
0.17373
0.10109
0.23518
0.15297
0.16433
0.06864
0.27827
0.20149
0.08421
0.18524
0.12951
0.03342
0.20642
0.06655
0.19171
0.23136
0.05982
0.27328
0.22748
0.05926
0.25086
0.25310
0.22379
0.11774
0.18865
0.23523
0.33689
0.10098
0.21169
0.08912
0.06522
0.06606
0.04875
0.10069
0.14308
0.15021
0.06234
0.26859
0.06250
0.25035
0.09372
0.06631
0.25793
0.11649
0.02014
0.09448
0.27045
0.04191
0.29005
0.07406
0.12699
0.13980
0.21632
0.10276
0.02980
0.10925
0.10120
0.10764
0.10086
0.07899
0.22957
0.13953
0.15117
0.22246
0.08065
0.02368
0.13961
0.20461
0.14263
0.22137
0.11360
0.10868
0.23403
0.28465
0.09265
0.20576
0.03314
0.04671
0.11363
0.04703
0.05080
0.35543
0.16262
0.04853
0.20055
0.14037
0.07356
0.12518
0.33204
0.14007
0.06661
0.31231
0.11833
0.21078
0.15638
0.20150
0.13734
0.06829
0.04036
0.18962
0.21977
0.19451
0.09212
0.16284
0.16593
0.19511
0.15792
0.33328
0.25645
0.25803
0.18162
0.08062
0.28928
0.28906
0.32284
0.02293
0.26916
0.10797
0.28274
0.13563
0.08500
0.13937
0.13871
0.08745
0.14448
0.26209
0.04512
0.07770
0.07355
0.28464
0.14246
0.25599
0.13755
0.21956
0.22894
0.11165
0.07061
0.22426
0.25628
0.33218
0.22287
0.28827
0.20874
0.23006
0.27900
0.30422
0.25691
0.04859
0.05169
0.10456
0.21889
0.04613
0.04742
0.15793
0.11197
0.23495
0.10088
0.17098
0.08244
0.25858
0.24417
0.23059
0.21761
0.30093
0.11742
0.13216
0.31431
0.05096
0.23647
0.04061
0.06802
0.20327
0.04971
0.23968
0.33043
0.04980
0.06462
0.11206
0.22652
0.10513
0.03187
0.05574
0.04706
0.04584
0.06639
0.19315
0.05472
0.27124
0.15650
0.20731
0.08165
0.16641
0.28406
0.18395
0.22993
0.33134
0.16921
0.26618
0.30759
0.28302
0.29351
0.28286
0.21515
0.32785
0.22718
0.21707
0.21061
0.21396
0.28299
0.20432
0.34407
0.31586
0.22611
0.19747
0.25313
0.22279
0.35346
0.24882
0.21777
0.29139
0.32257
0.18392
0.24166
0.29167
0.27916
0.23642
0.25488
0.24521
0.30095
0.23164
0.22238
0.33227
0.24514
0.21400
0.29897
0.17866
0.30091
0.31539
0.29442
0.26804
0.27395
0.22893
0.24735
0.25844
0.30031
0.19820
0.25582
0.29252
0.21435
0.25229
0.31587
0.19514
0.28431
0.26017
0.24901
0.31389
0.26891
0.26750
0.19314
0.25885
0.33820
0.14796
0.25574
0.18236
0.19765
0.18531
0.37068
0.31160
0.30343
0.16998
0.34972
0.27601
0.26521
0.34579
0.29887
0.26704
0.28299
0.23412
0.26919
0.18342
0.33706
0.26527
0.24033
0.19002
0.33464
0.20818
0.26620
0.27719
0.26516
0.33010
0.29958
0.22807
0.29039
0.27730
0.18429
0.15584
0.25623
0.19011
0.19586
0.12582
0.27189
0.33559
0.26610
0.25878
0.24518
0.29301
0.21168
0.28303
0.23683
0.25928
0.20278
0.25403
0.25833
0.21568
0.19863
0.33278
0.29258
0.19861
0.27394
0.30199
0.22901
0.34520
0.30770
0.24077
0.24380
0.21276
0.28083
0.27985
0.26436
0.26055
0.23143
0.16630
0.29365
0.22794
0.25905
0.23252
0.22490
0.31843
0.27045
0.20503
0.19862
0.27967
0.22469
0.23874
0.19767
0.22113
0.22064
0.23686
0.17656
0.30017
0.29871
0.30130
0.22523
0.22245
0.30386
0.20264
0.22103
0.21411
0.28444
0.30778
0.16018
0.19845
0.29078
0.22666
0.19961
0.18141
0.23072
0.26007
0.18794
0.26017
0.27007
0.29588
0.17563
0.21573
0.25870
0.24768
0.20297
0.26964
0.24877
0.26248
0.36172
0.19228
0.28312
0.23260
0.35190
0.30207
0.23078
0.27869
0.28083
0.24449
0.21551
0.31353
0.26839
0.23179
0.26831
0.24449
0.30910
0.23959
0.27849
0.22556
0.31781
0.23187
0.26747
0.22957
0.25856
0.25843
0.25871
0.18447
0.21462
0.23020
0.30972
0.20801
0.29868
0.24620
0.21825
0.26743
0.27657
0.25049
0.16261
0.20668
0.30107
0.32646
0.22737
0.25548
0.25661
0.26658
0.22065
0.20535
0.28101
0.28876
0.27863
0.25325
0.20533
0.25425
0.30342
0.27536
0.26546
0.22314
0.32323
0.25238
0.16382
0.21174
0.28292
0.26814
0.30399
0.25783
0.23001
0.32495
0.33692
0.16949
0.25429
0.30366
0.26017
0.24218
0.31953
0.33243
0.23538
0.19957
0.19165
0.23035
0.24988
0.34127
0.28805
0.29892
0.24975
0.23721
0.26291
0.29589
0.27404
0.17010
0.33257
0.20065
0.24257
0.30774
0.28312
0.23733
0.23973
0.23482
0.27322
0.31301
0.33056
0.25338
0.27642
0.22007
0.29015
0.27813
0.13688
0.26685
0.19698
0.24001
0.27482
0.20853
0.24284
0.23630
0.24908
0.20816
0.23435
0.24667
0.32837
0.27470
0.24574
0.20286
0.29430
0.24083
0.24421
0.19451
0.33445
0.26544
0.33297
0.25766
0.24081
0.27038
0.26942
0.22908
0.26278
0.19018
0.29587
0.27925
0.32904
0.25947
0.29275
0.32554
0.24961
0.22454
0.25993
0.19556
0.22452
0.27323
0.21531
0.26925
0.28297
0.26072
0.30929
0.36034
0.30870
0.29793
0.25452
0.30047
0.30107
0.33648
0.21918
0.25738
0.30346
0.30382
0.26205
0.31332
0.37128
0.23636
0.25486
0.31126
0.22890
0.32099
0.32098
0.24221
0.26201
0.31614
0.22929
0.23930
0.30672
0.25662
0.20543
0.25309
0.24257
0.23298
0.25184
0.27872
0.27991
0.19533
0.27260
0.26758
0.28700
0.25870
0.24700
0.15312
0.30825
0.31351
0.34125
0.29058
0.27495
0.37865
0.35525
0.26928
0.18017
0.30548
0.34242
0.27007
0.19600
0.29701
0.30606
0.22235
0.22730
0.30860
0.22987
0.26611
0.23716
0.32333
0.32223
0.37135
0.28271
0.29339
0.23301
0.35843
0.25768
0.28977
0.28718
0.32973
0.28777
0.15445
0.31652
0.41317
0.23244
0.36719
0.39252
0.19113
0.29684
0.34457
0.31254
0.25900
0.25566
0.26082
0.21225
0.25496
0.29226
0.28307
0.29788
0.33719
0.27375
0.27969
0.23787
0.19173
0.25040
0.35003
0.19807
0.13017
0.33696
0.16176
0.17018
0.36856
0.11966
0.22535
0.20059
0.28105
0.21038
0.42613
0.17839
0.32903
0.37215
0.22848
0.19728
0.23471
0.22329
0.17137
0.33132
0.17346
0.36441
0.31353
0.21721
0.22862
0.23216
0.34260
0.27178
0.20042
0.35002
0.40968
0.28237
0.26721
0.33889
0.36174
0.21985
0.24295
0.27619
0.37933
0.18098
0.22023
0.21111
0.34809
0.25861
0.24082
0.27831
0.29966
0.34402
0.21073
0.28151
0.29122
0.27249
0.29165
0.23070
0.35146
0.27317
0.23838
0.26128
0.31607
0.32034
0.25422
0.30046
0.24097
0.32802
0.25508
0.23749
0.30190
0.28619
0.21120
0.30236
0.13008
0.26711
0.21865
0.06022
0.17721
0.24345
0.17646
0.27167
0.22171
0.23818
0.32922
0.24114
0.05248
0.12345
0.02204
0.30241
0.22380
0.16490
0.28660
0.04033
0.09824
0.16839
0.19707
0.04987
0.09658
0.19693
0.30540
0.17335
0.22383
0.23912
0.03734
0.28529
0.20452
0.00674
0.02076
0.09891
0.30011
0.06937
0.21415
0.21488
0.28382
0.04059
0.04187
0.09881
0.05232
0.22907
0.07989
0.13066
0.17293
0.28619
0.13193
0.26456
0.21643
0.01332
0.24829
0.12251
0.06060
0.27560
0.19375
0.23883
0.09611
0.08943
0.20982
0.18897
0.30719
0.22129
0.01774
0.05850
0.15893
0.21978
0.20040
0.16066
0.08543
0.20539
0.18869
0.13756
0.26161
0.28514
0.08839
0.11528
0.17633
0.03644
0.03234
0.21502
0.17781
0.21571
0.22301
0.30781
0.21209
0.28381
0.17176
0.25686
0.15937
0.14837
0.22181
0.02068
0.24582
0.10025
0.09926
0.20482
0.26833
0.23982
0.26988
0.05845
0.04329
0.09991
0.20981
0.23370
0.26666
0.08607
0.18975
0.28938
0.16612
0.23142
0.12069
0.06154
0.03639
0.15299
0.06471
0.07177
0.28922
0.30438
0.08169
0.07604
0.03199
0.05067
0.06754
0.27703
