0.09849
0.10356
0.06870
0.24119
0.08882
0.15718
0.22512
0.11880
0.16460
0.05831
0.15635
0.12263
0.13130
0.11498
0.09074
0.22533
0.11750
0.14230
0.06787
0.13848
0.29714
0.13629
0.14975
0.06290
0.23448
0.13185
0.12083
0.24720
0.10594
0.11538
0.10864
0.26614
0.12471
0.11101
0.05041
0.10377
0.13781
0.06403
0.10824
0.12858
0.25651
0.17943
0.10415
0.11991
0.24439
0.20098
0.14171
0.22449
0.18820
0.10088
0.10054
0.15270
0.14199
0.29497
0.08848
0.21969
0.21498
0.09837
0.16553
0.07510
0.31777
0.29842
0.10486
0.22646
0.25610
0.30942
0.06000
0.18214
0.10689
0.04081
0.12981
0.33326
0.25999
0.18012
0.24266
0.07500
0.05309
0.02921
0.22146
0.15445
0.31068
0.14505
0.32149
0.26701
0.24843
0.33410
0.10580
0.05541
0.14102
0.27460
0.31119
0.18862
0.05488
0.28631
0.04985
0.11893
0.19443
0.23259
0.18942
0.15778
0.09146
0.13404
0.11351
0.12087
0.23533
0.29701
0.11441
0.14806
0.15055
0.25737
0.01809
0.22896
0.11078
0.23689
0.10025
0.11445
0.26063
0.05603
0.05740
0.19153
0.20026
0.09334
0.28882
0.03901
0.07985
0.14202
0.29382
0.25974
0.11101
0.24895
0.07710
0.13402
0.29551
0.32175
0.09956
0.15335
0.04645
0.28607
0.26074
0.05772
0.17854
0.03224
0.26930
0.14594
0.11065
0.29963
0.09562
0.35217
0.20788
0.09575
0.13686
0.22501
0.10091
0.31316
0.31569
0.32132
0.08623
0.08865
0.15245
0.18909
0.20951
0.21930
0.28240
0.30621
0.09694
0.08520
0.25910
0.28254
0.05612
0.24548
0.04313
0.20544
0.21024
0.03103
0.08029
0.20719
0.06581
0.06923
0.10147
0.23448
0.10507
0.11983
0.16070
0.18059
0.10525
0.20120
0.21222
0.26536
0.23588
0.18634
0.07663
0.08460
0.03915
0.15911
0.12132
0.21839
0.17520
0.14096
0.08149
0.28813
0.21054
0.10081
0.15928
0.13813
0.04415
0.19391
0.05730
0.18006
0.25064
0.04920
0.22669
0.19649
0.10993
0.26798
0.26491
0.23133
0.12425
0.23152
0.19093
0.36699
0.13844
0.14688
0.11134
0.06148
0.07576
0.05874
0.14920
0.16554
0.13864
0.05659
0.22612
0.10842
0.21157
0.10587
0.07713
0.29692
0.12907
0.03427
0.10906
0.26300
0.05294
0.28098
0.09875
0.12137
0.13976
0.21013
0.10340
0.03879
0.12299
0.12178
0.10237
0.08785
0.07745
0.22372
0.15623
0.16499
0.18355
0.06572
0.04996
0.13718
0.19957
0.14419
0.19846
0.17208
0.15182
0.22227
0.25593
0.09699
0.13574
0.03267
0.11651
0.11711
0.04309
0.06844
0.35268
0.13896
0.06648
0.19146
0.15043
0.07325
0.15000
0.31428
0.13593
0.06096
0.29657
0.12521
0.19762
0.15957
0.17308
0.09529
0.08067
0.05121
0.20049
0.19445
0.13450
0.09525
0.14469
0.15335
0.19745
0.12512
0.30501
0.25883
0.26992
0.11507
0.07437
0.30570
0.25208
0.28816
0.04045
0.28128
0.11705
0.28271
0.08253
0.06320
0.14611
0.13393
0.09817
0.17777
0.24901
0.08506
0.06858
0.04954
0.27669
0.12887
0.24919
0.14781
0.23087
0.20089
0.12944
0.05284
0.23687
0.30510
0.37034
0.24252
0.29927
0.18479
0.23311
0.28924
0.30307
0.26654
0.06152
0.06403
0.07754
0.21883
0.03748
0.08393
0.17856
0.12322
0.20029
0.07613
0.16126
0.08561
0.25334
0.28988
0.22691
0.19199
0.31170
0.12013
0.12357
0.31584
0.06371
0.18971
0.03538
0.09058
0.16899
0.04485
0.24166
0.33549
0.05209
0.07008
0.12210
0.25554
0.11560
0.06432
0.08871
0.06548
0.04680
0.06506
0.16327
0.05923
0.24711
0.14910
0.19083
0.06221
0.16657
0.27487
0.23128
0.30253
0.33132
0.16825
0.27591
0.30109
0.31174
0.33643
0.27790
0.29013
0.32548
0.27481
0.23281
0.27516
0.21097
0.31293
0.17974
0.37398
0.31157
0.25856
0.27376
0.23366
0.26847
0.34032
0.31847
0.27167
0.29616
0.31349
0.24168
0.27501
0.31303
0.27626
0.24108
0.24864
0.30708
0.29747
0.29863
0.22793
0.33559
0.29107
0.29451
0.32980
0.20213
0.30108
0.34210
0.29384
0.32109
0.32083
0.31133
0.21390
0.32626
0.32629
0.23739
0.32609
0.30254
0.27819
0.31097
0.29657
0.21833
0.31420
0.25358
0.26651
0.31863
0.28911
0.30189
0.15780
0.29006
0.36470
0.11467
0.28448
0.22065
0.15598
0.21113
0.36420
0.29514
0.31573
0.17047
0.34237
0.25831
0.25992
0.35224
0.28295
0.32049
0.29140
0.22424
0.26705
0.19305
0.36138
0.30609
0.26608
0.19078
0.34166
0.21910
0.25133
0.27927
0.24726
0.33391
0.28202
0.21143
0.32254
0.27994
0.17942
0.18789
0.30134
0.17317
0.18075
0.15534
0.28052
0.33569
0.30092
0.28082
0.24434
0.31783
0.19847
0.31327
0.29778
0.31934
0.21285
0.27618
0.29938
0.21348
0.19283
0.35760
0.29541
0.19173
0.31561
0.30299
0.24791
0.36979
0.30104
0.22548
0.30229
0.18366
0.28188
0.31470
0.29403
0.27280
0.25002
0.16745
0.32101
0.21636
0.32794
0.21107
0.31090
0.34071
0.28065
0.18573
0.24116
0.29490
0.19697
0.29998
0.19081
0.24459
0.21918
0.22119
0.25158
0.30598
0.31420
0.32088
0.26037
0.25483
0.31645
0.19743
0.24756
0.23222
0.28707
0.31161
0.16624
0.19396
0.29595
0.29408
0.23686
0.15364
0.20652
0.27462
0.25837
0.25178
0.27686
0.32225
0.17645
0.26584
0.27519
0.29288
0.18187
0.30777
0.27797
0.25909
0.38034
0.17719
0.28216
0.23117
0.36174
0.29466
0.28572
0.27433
0.30100
0.26641
0.19081
0.29491
0.28430
0.28829
0.26169
0.27443
0.32091
0.24519
0.26615
0.23493
0.31917
0.24658
0.32069
0.22348
0.29495
0.28776
0.25831
0.21710
0.27307
0.24069
0.33225
0.22745
0.32769
0.22702
0.30273
0.28939
0.26134
0.31471
0.14035
0.24365
0.31518
0.30263
0.28408
0.32020
0.30387
0.26620
0.29424
0.26026
0.29485
0.29944
0.29994
0.25405
0.17839
0.31064
0.28847
0.24748
0.28158
0.24559
0.31013
0.30425
0.22833
0.16807
0.28093
0.28384
0.30559
0.31149
0.23243
0.32601
0.35247
0.15908
0.22972
0.30263
0.28382
0.28736
0.29374
0.31868
0.22872
0.21035
0.20126
0.29293
0.29359
0.34813
0.28819
0.27659
0.31117
0.22395
0.26416
0.28351
0.27134
0.17139
0.33157
0.22661
0.24766
0.33146
0.31059
0.29105
0.21644
0.28251
0.26754
0.34110
0.32218
0.25862
0.25524
0.17787
0.31748
0.32525
0.12094
0.28072
0.18619
0.25894
0.30515
0.22919
0.28933
0.23850
0.27232
0.22471
0.25525
0.25155
0.31044
0.30198
0.29139
0.19432
0.28580
0.25347
0.25050
0.21489
0.32472
0.26746
0.31725
0.26903
0.26709
0.30602
0.25659
0.25163
0.26981
0.18145
0.33617
0.25816
0.32406
0.26205
0.29572
0.33610
0.25842
0.27384
0.31197
0.19559
0.22531
0.31139
0.25546
0.32741
0.29596
0.29321
0.33423
0.38027
0.31255
0.32502
0.25873
0.27981
0.28096
0.34601
0.27718
0.25767
0.32805
0.30745
0.32437
0.31121
0.38015
0.22418
0.28518
0.35255
0.24089
0.31884
0.33234
0.26466
0.26098
0.35399
0.23502
0.30407
0.29926
0.30578
0.28563
0.29159
0.28729
0.26148
0.28417
0.33061
0.28696
0.26353
0.32384
0.27230
0.31758
0.30460
0.29253
0.13834
0.32204
0.32954
0.33071
0.32747
0.33015
0.39145
0.41476
0.29265
0.20863
0.33047
0.36146
0.28737
0.19547
0.30950
0.35797
0.27167
0.26220
0.31493
0.24731
0.25597
0.26145
0.34096
0.37015
0.40830
0.29605
0.32428
0.28161
0.40494
0.29378
0.32333
0.30377
0.36253
0.28077
0.20437
0.30427
0.45607
0.25416
0.41629
0.40410
0.21118
0.30085
0.36791
0.32920
0.28745
0.26400
0.29702
0.21108
0.29308
0.29662
0.30508
0.27018
0.37509
0.30572
0.30584
0.25503
0.19116
0.27539
0.39571
0.21966
0.12165
0.33635
0.17539
0.22034
0.41101
0.16070
0.25604
0.21193
0.30070
0.25712
0.45937
0.19343
0.34526
0.38271
0.24905
0.24279
0.27420
0.26675
0.21113
0.36840
0.19922
0.37903
0.35529
0.28139
0.26042
0.26491
0.36954
0.29121
0.23701
0.31391
0.42397
0.30132
0.29018
0.37454
0.38569
0.24128
0.26896
0.29241
0.39603
0.21859
0.24365
0.22975
0.37210
0.30434
0.25720
0.27584
0.33591
0.36307
0.23548
0.30244
0.34770
0.29094
0.31103
0.26481
0.40059
0.30509
0.22930
0.29175
0.32816
0.35275
0.28242
0.30855
0.24691
0.34132
0.25920
0.25510
0.31832
0.30502
0.24687
0.29698
0.18175
0.34112
0.19883
0.09353
0.17954
0.20368
0.14232
0.21571
0.22729
0.23506
0.31986
0.22137
0.03760
0.16058
0.03605
0.24340
0.24265
0.18567
0.29120
0.04715
0.09994
0.16813
0.17795
0.12173
0.10539
0.24521
0.29844
0.21399
0.21225
0.27119
0.01789
0.32544
0.20887
0.04860
0.06194
0.10287
0.30225
0.14252
0.19884
0.21632
0.29073
0.09865
0.04830
0.04737
0.11327
0.31814
0.15577
0.09178
0.19153
0.33571
0.10385
0.31670
0.21218
0.05753
0.27405
0.07089
0.02625
0.30185
0.18510
0.17808
0.09643
0.08979
0.20637
0.20121
0.24227
0.23654
0.02754
0.05223
0.19347
0.20896
0.11581
0.19328
0.07755
0.23606
0.15713
0.11457
0.28936
0.29308
0.11316
0.14384
0.15378
0.10100
0.05334
0.25817
0.13974
0.20406
0.26382
0.28865
0.20070
0.35679
0.26386
0.19496
0.12162
0.24973
0.19039
0.01996
0.26122
0.10525
0.04589
0.18404
0.26506
0.27544
0.24922
0.03217
0.03696
0.13886
0.22197
0.19381
0.30187
0.09025
0.14913
0.32496
0.13568
0.23932
0.14665
0.03941
0.03567
0.14260
0.07074
0.06780
0.27080
0.30289
0.10217
0.10717
0.03880
0.06591
0.09003
0.26198
