0.11632
0.09840
0.07254
0.24529
0.09584
0.12675
0.23037
0.13515
0.14004
0.05058
0.16546
0.14331
0.14183
0.13377
0.08033
0.21760
0.11478
0.13786
0.08286
0.14808
0.28927
0.11163
0.13955
0.04678
0.23117
0.13849
0.12234
0.26219
0.09131
0.13652
0.15402
0.22624
0.14876
0.10927
0.04897
0.09057
0.10246
0.09102
0.11717
0.12038
0.26044
0.28438
0.08281
0.16519
0.28409
0.20270
0.13942
0.26859
0.17418
0.12890
0.09598
0.12910
0.13911
0.30756
0.09432
0.21455
0.17461
0.13955
0.14502
0.06622
0.28550
0.28757
0.11887
0.17448
0.29843
0.32938
0.04252
0.13535
0.13546
0.02941
0.12110
0.30309
0.31050
0.17638
0.28306
0.11374
0.06366
0.04725
0.23407
0.18746
0.32331
0.18837
0.29105
0.27828
0.24260
0.31846
0.09669
0.07088
0.12321
0.25968
0.34183
0.17311
0.06883
0.24768
0.02535
0.12719
0.18022
0.23440
0.23165
0.17384
0.08889
0.15395
0.09722
0.10693
0.24193
0.25997
0.11456
0.16710
0.18412
0.27583
0.02539
0.27346
0.07264
0.24956
0.11969
0.16170
0.27258
0.06302
0.06683
0.20276
0.23246
0.07133
0.26262
0.04545
0.09975
0.13543
0.28042
0.29260
0.11821
0.26867
0.10035
0.13351
0.28500
0.32051
0.12711
0.15085
0.08244
0.26635
0.23181
0.03269
0.15448
0.04281
0.33068
0.13601
0.12698
0.26963
0.08017
0.34750
0.16348
0.08583
0.14583
0.23295
0.10380
0.30112
0.31633
0.33389
0.12862
0.12389
0.16813
0.17476
0.17269
0.26155
0.26631
0.29554
0.09881
0.13498
0.30233
0.30116
0.06718
0.26743
0.05735
0.21132
0.23136
0.03697
0.07264
0.19075
0.06839
0.05223
0.15328
0.28154
0.09640
0.10292
0.20808
0.14569
0.11255
0.19144
0.20991
0.27123
0.25595
0.15863
0.12415
0.05996
0.02112
0.15077
0.12290
0.19726
0.19125
0.19338
0.05690
0.26881
0.22256
0.10170
0.17209
0.12489
0.05770
0.21607
0.07327
0.20491
0.24752
0.08659
0.26276
0.23636
0.08501
0.25481
0.23185
0.24628
0.12538
0.28579
0.17574
0.35640
0.10341
0.16203
0.11968
0.05319
0.05636
0.04547
0.14442
0.17177
0.13068
0.10802
0.22601
0.10194
0.26973
0.12458
0.04935
0.30044
0.11954
0.03936
0.12017
0.26971
0.07952
0.27542
0.06779
0.10593
0.17169
0.22779
0.09962
0.02581
0.11350
0.10117
0.11103
0.14982
0.07289
0.24558
0.12960
0.14817
0.19123
0.08708
0.07072
0.14416
0.16529
0.16273
0.19850
0.21088
0.12030
0.21421
0.29123
0.09097
0.14485
0.06856
0.08290
0.12286
0.05985
0.02443
0.38751
0.15295
0.04866
0.19840
0.15948
0.06227
0.18418
0.32413
0.12784
0.08779
0.28890
0.11539
0.20533
0.16222
0.17075
0.10267
0.09208
0.04398
0.21916
0.19744
0.16209
0.09704
0.16287
0.14390
0.18809
0.16387
0.33063
0.23487
0.27542
0.13729
0.11833
0.29794
0.26774
0.31064
0.02012
0.27425
0.12825
0.27320
0.11677
0.06758
0.17032
0.12955
0.08845
0.18369
0.26191
0.06660
0.09686
0.07040
0.28670
0.14659
0.24735
0.09195
0.24340
0.19887
0.14586
0.04746
0.26366
0.22575
0.36096
0.24435
0.29065
0.23139
0.22664
0.29827
0.27669
0.22456
0.06156
0.07515
0.09318
0.22835
0.06269
0.06323
0.21066
0.12617
0.23608
0.11990
0.18225
0.10912
0.27797
0.27840
0.21462
0.18388
0.34287
0.13133
0.14772
0.29863
0.07936
0.20157
0.05687
0.09677
0.24797
0.05389
0.24108
0.30429
0.04308
0.08011
0.13865
0.24204
0.11015
0.05555
0.04296
0.08890
0.06365
0.08297
0.20648
0.07079
0.30232
0.14186
0.16579
0.07180
0.17180
0.30201
0.19156
0.26882
0.36126
0.17237
0.30768
0.30014
0.27653
0.29629
0.28380
0.23480
0.36132
0.25446
0.25182
0.25070
0.23840
0.29450
0.18636
0.37901
0.33510
0.24500
0.23730
0.23517
0.23858
0.32219
0.28830
0.23014
0.30829
0.35027
0.22726
0.23397
0.32371
0.25805
0.21860
0.25429
0.27617
0.31572
0.24692
0.20917
0.35227
0.24740
0.23697
0.31509
0.19884
0.28959
0.36123
0.30804
0.30739
0.30529
0.27890
0.24267
0.26745
0.33857
0.22627
0.27226
0.33224
0.23724
0.28185
0.30277
0.18388
0.30283
0.24052
0.29178
0.30470
0.29146
0.26493
0.17906
0.28781
0.36035
0.13299
0.27703
0.20009
0.20180
0.21650
0.34835
0.29478
0.33266
0.15496
0.34693
0.26444
0.28891
0.37696
0.30441
0.28376
0.27955
0.24180
0.28301
0.18589
0.37127
0.27912
0.23331
0.15233
0.31852
0.18208
0.25670
0.29310
0.25608
0.35819
0.31491
0.20854
0.34697
0.31891
0.17284
0.17889
0.28028
0.16924
0.16620
0.13833
0.31085
0.34501
0.26525
0.25473
0.23686
0.27914
0.21340
0.29969
0.26285
0.27246
0.19645
0.27986
0.27463
0.19457
0.16014
0.34272
0.28426
0.17074
0.30821
0.31343
0.25080
0.34790
0.31019
0.23976
0.24801
0.19171
0.28381
0.30220
0.26858
0.29093
0.25511
0.17290
0.29790
0.19757
0.27478
0.19736
0.26724
0.30244
0.29432
0.16531
0.22828
0.29490
0.22231
0.27395
0.18964
0.24342
0.19945
0.20878
0.18556
0.30184
0.32061
0.33065
0.22265
0.18591
0.32048
0.20557
0.18632
0.21340
0.31117
0.32345
0.16767
0.16770
0.25850
0.26727
0.18336
0.14650
0.22272
0.27161
0.21994
0.25888
0.24301
0.30332
0.17851
0.23932
0.25844
0.26218
0.20800
0.29034
0.25918
0.24368
0.36761
0.17720
0.30514
0.23185
0.36596
0.31561
0.26016
0.27277
0.28386
0.27217
0.17528
0.30157
0.27804
0.22563
0.28565
0.28906
0.33902
0.23472
0.29917
0.21807
0.34302
0.21568
0.26726
0.23422
0.24415
0.27217
0.25569
0.22405
0.24855
0.24306
0.30977
0.20361
0.31715
0.23002
0.25780
0.29954
0.28437
0.33525
0.14014
0.21339
0.32732
0.32122
0.24707
0.26828
0.29559
0.25618
0.24912
0.22943
0.31159
0.27503
0.26931
0.23113
0.16309
0.28935
0.31822
0.23391
0.24475
0.19962
0.34189
0.26794
0.20417
0.19194
0.28358
0.29720
0.28603
0.28131
0.24987
0.35750
0.35709
0.14477
0.23602
0.32145
0.26707
0.25630
0.31334
0.33767
0.23078
0.19818
0.19813
0.24940
0.26208
0.37022
0.29712
0.27280
0.26656
0.21977
0.25745
0.30713
0.28736
0.18574
0.34000
0.24402
0.23641
0.34571
0.31502
0.25435
0.24197
0.24773
0.28431
0.32932
0.33694
0.21351
0.28292
0.19985
0.29961
0.32640
0.11391
0.26419
0.19314
0.23852
0.27171
0.21153
0.27045
0.25573
0.24338
0.20992
0.22544
0.26380
0.34156
0.26525
0.25282
0.18159
0.29703
0.24556
0.22223
0.19232
0.33468
0.28316
0.33308
0.26098
0.23801
0.27285
0.25408
0.22270
0.27951
0.18909
0.34861
0.27812
0.32844
0.28403
0.29324
0.35592
0.26154
0.23901
0.29237
0.16187
0.21010
0.28225
0.23277
0.27170
0.31549
0.26688
0.32463
0.39102
0.31060
0.33394
0.26178
0.30768
0.29687
0.36828
0.24457
0.26119
0.33234
0.32420
0.29397
0.33634
0.39165
0.23793
0.24401
0.34446
0.24180
0.30846
0.33151
0.25266
0.26097
0.35718
0.23721
0.26534
0.32314
0.26414
0.24464
0.22140
0.24740
0.30029
0.28768
0.30298
0.29719
0.24061
0.30155
0.26831
0.30103
0.26058
0.28567
0.14770
0.34607
0.32683
0.35204
0.32630
0.32765
0.40449
0.40300
0.26549
0.18159
0.30272
0.39684
0.28827
0.23650
0.30959
0.32963
0.24958
0.23321
0.33143
0.24966
0.28658
0.24915
0.33880
0.36520
0.41769
0.32307
0.30213
0.27679
0.39186
0.32301
0.31069
0.29786
0.36932
0.26948
0.20091
0.32356
0.47184
0.22359
0.41979
0.42077
0.20625
0.28801
0.36906
0.31901
0.28986
0.24459
0.29317
0.24876
0.29077
0.29024
0.31059
0.31525
0.38604
0.27320
0.27947
0.24094
0.17875
0.27011
0.39512
0.23024
0.12644
0.32069
0.13546
0.20693
0.42484
0.15557
0.27621
0.21408
0.28955
0.25177
0.45470
0.19831
0.34223
0.39465
0.25298
0.25337
0.24548
0.27036
0.24829
0.36864
0.18304
0.36388
0.35969
0.25675
0.26119
0.23117
0.34482
0.30739
0.21649
0.31958
0.42060
0.33737
0.30608
0.38124
0.36330
0.19448
0.26526
0.29979
0.40351
0.22750
0.23486
0.23278
0.37257
0.27831
0.26625
0.26807
0.34374
0.37622
0.25696
0.30066
0.35277
0.31920
0.29462
0.27181
0.41892
0.30739
0.30312
0.28603
0.30326
0.34539
0.27855
0.31297
0.23410
0.33135
0.28295
0.23373
0.31930
0.28119
0.24080
0.27945
0.23681
0.31508
0.20621
0.05102
0.09672
0.25012
0.14695
0.29733
0.21595
0.24017
0.33991
0.26196
0.07709
0.16275
0.06754
0.32498
0.24862
0.19539
0.28874
0.04062
0.08484
0.17855
0.18851
0.06818
0.13549
0.20639
0.28409
0.17939
0.21713
0.27508
0.06926
0.30274
0.23545
0.01739
0.06382
0.14768
0.30201
0.06484
0.17396
0.19873
0.26889
0.07501
0.06247
0.08702
0.08224
0.28205
0.06530
0.10294
0.21202
0.25700
0.15643
0.29653
0.22012
0.05031
0.23905
0.07724
0.06424
0.27193
0.19263
0.28946
0.03798
0.13754
0.21597
0.20383
0.28741
0.24101
0.02707
0.06098
0.16236
0.21046
0.11016
0.18571
0.08881
0.26246
0.14501
0.13271
0.24559
0.27136
0.10859
0.12693
0.23883
0.05594
0.02895
0.21575
0.16258
0.19946
0.23812
0.25158
0.20277
0.33810
0.23980
0.24130
0.13326
0.18491
0.19386
0.04107
0.26688
0.13724
0.08095
0.20025
0.27234
0.27573
0.23360
0.06284
0.06232
0.13322
0.24118
0.20374
0.24104
0.06073
0.20672
0.24440
0.12619
0.25668
0.11322
0.02905
0.08192
0.14664
0.05939
0.06457
0.25435
0.28689
0.08111
0.09893
0.09677
0.08882
0.12270
0.24539
