0.12428
0.10814
0.07290
0.23873
0.08124
0.12385
0.21898
0.15862
0.18520
0.07185
0.17577
0.13969
0.18087
0.11158
0.16490
0.22348
0.13852
0.15323
0.10327
0.16199
0.30010
0.16162
0.15986
0.06356
0.24484
0.15637
0.15186
0.25596
0.11709
0.21922
0.17549
0.28072
0.16560
0.10413
0.11857
0.10413
0.11420
0.16460
0.13488
0.17632
0.25488
0.27087
0.07218
0.15403
0.28060
0.25948
0.14035
0.26541
0.20602
0.17765
0.12994
0.16762
0.12049
0.29883
0.09815
0.25573
0.23718
0.13202
0.14384
0.09359
0.26899
0.29706
0.14546
0.21663
0.28858
0.31582
0.08822
0.20517
0.15179
0.05986
0.13005
0.29323
0.30204
0.23550
0.24565
0.21705
0.10737
0.04507
0.22780
0.14670
0.30730
0.23821
0.33001
0.28736
0.29177
0.36252
0.09541
0.09853
0.14389
0.25261
0.34135
0.18485
0.10965
0.27194
0.06907
0.14927
0.21191
0.22097
0.20598
0.18370
0.10908
0.19819
0.13480
0.13512
0.24515
0.29195
0.15973
0.19169
0.21490
0.27515
0.05763
0.26143
0.09792
0.23825
0.12848
0.20297
0.26957
0.09597
0.09067
0.22818
0.23914
0.09442
0.29977
0.03387
0.11607
0.14978
0.30087
0.29135
0.21305
0.22915
0.09989
0.13806
0.29896
0.34243
0.11559
0.18968
0.09875
0.27837
0.25678
0.05466
0.20505
0.07494
0.29130
0.19770
0.15999
0.28985
0.10031
0.35261
0.19698
0.08790
0.22021
0.28165
0.12936
0.32859
0.32131
0.33089
0.15578
0.22119
0.15988
0.22542
0.30257
0.25710
0.28890
0.33006
0.09160
0.14347
0.31611
0.25767
0.13769
0.24594
0.03894
0.23523
0.20346
0.08995
0.16192
0.18056
0.13265
0.05868
0.19238
0.27502
0.08537
0.10197
0.22461
0.16929
0.11666
0.22118
0.24368
0.27139
0.24770
0.20991
0.15309
0.10762
0.08995
0.15081
0.18060
0.23092
0.20720
0.17430
0.12193
0.28179
0.23794
0.12236
0.18619
0.16111
0.07580
0.24513
0.09069
0.22032
0.25104
0.19373
0.28031
0.23467
0.11863
0.26084
0.27098
0.24858
0.16090
0.29402
0.21356
0.33805
0.12787
0.23364
0.13143
0.07725
0.12163
0.10005
0.18003
0.18996
0.17300
0.07026
0.25864
0.12427
0.26446
0.14978
0.08116
0.27197
0.11525
0.05321
0.11795
0.25124
0.10084
0.31753
0.10587
0.11705
0.19165
0.22324
0.12403
0.06959
0.13874
0.12008
0.16592
0.19870
0.18200
0.25362
0.13345
0.17905
0.18848
0.07518
0.08991
0.13793
0.20100
0.18970
0.23995
0.20497
0.11819
0.28195
0.28569
0.10635
0.18327
0.08650
0.12786
0.13379
0.08039
0.05410
0.33735
0.15773
0.08145
0.19735
0.17067
0.05279
0.19085
0.34460
0.13238
0.07984
0.29458
0.11685
0.17477
0.21037
0.21286
0.22925
0.14240
0.07283
0.20318
0.22217
0.14733
0.13085
0.18279
0.20243
0.16893
0.19400
0.35325
0.28731
0.25705
0.18737
0.12396
0.27323
0.31510
0.32034
0.03834
0.24187
0.15148
0.27922
0.19883
0.10630
0.16382
0.16643
0.09865
0.25778
0.24240
0.08721
0.09744
0.09287
0.25528
0.20284
0.22665
0.15968
0.22546
0.25036
0.17300
0.07389
0.27913
0.31104
0.33963
0.27102
0.28523
0.19456
0.26149
0.30244
0.27681
0.25997
0.06396
0.11892
0.13950
0.21544
0.05320
0.09631
0.21757
0.13952
0.26536
0.14604
0.17032
0.16497
0.28066
0.28148
0.25377
0.20882
0.27433
0.15168
0.13822
0.31130
0.06711
0.21439
0.07176
0.09081
0.24117
0.11915
0.21945
0.32235
0.09689
0.08712
0.18754
0.24094
0.11628
0.07716
0.10292
0.09535
0.09097
0.09417
0.20113
0.14324
0.30401
0.20388
0.24572
0.09980
0.20876
0.29205
0.17835
0.28058
0.34830
0.15179
0.25702
0.31112
0.27489
0.30821
0.28726
0.23591
0.33975
0.26133
0.25127
0.23713
0.24070
0.29332
0.20064
0.34888
0.34142
0.27965
0.22913
0.25982
0.25061
0.35217
0.30197
0.25353
0.30205
0.30268
0.22416
0.25233
0.32192
0.27891
0.24205
0.25532
0.27728
0.30026
0.24691
0.22262
0.34800
0.25401
0.24875
0.30887
0.20670
0.29145
0.32765
0.29297
0.30116
0.29907
0.26183
0.24978
0.26643
0.33643
0.21816
0.26787
0.31414
0.22544
0.27658
0.30379
0.18755
0.29487
0.26446
0.25225
0.29792
0.26897
0.26918
0.21386
0.27420
0.36875
0.15208
0.28130
0.22363
0.19072
0.22273
0.37404
0.30462
0.28413
0.16054
0.33034
0.27703
0.27914
0.36790
0.29465
0.27483
0.29486
0.23730
0.27221
0.20020
0.33190
0.27658
0.22777
0.15460
0.32422
0.21841
0.26964
0.27632
0.25360
0.32738
0.31025
0.22527
0.29724
0.26627
0.16117
0.18450
0.27897
0.19250
0.20838
0.14902
0.31647
0.34931
0.27490
0.25706
0.24041
0.28750
0.22500
0.29122
0.27308
0.27025
0.20615
0.27008
0.28609
0.23943
0.18424
0.35166
0.31860
0.22678
0.31106
0.30677
0.26478
0.35638
0.31097
0.23399
0.26258
0.19601
0.27576
0.30281
0.25522
0.29746
0.25495
0.15605
0.30686
0.22890
0.28946
0.21994
0.26535
0.31397
0.29884
0.20933
0.23484
0.27763
0.22215
0.28129
0.20043
0.24308
0.25226
0.24115
0.18711
0.29842
0.30973
0.28985
0.24476
0.21007
0.31228
0.23182
0.19875
0.21428
0.29871
0.32363
0.18305
0.17708
0.28557
0.28070
0.21269
0.15024
0.24074
0.26205
0.19927
0.25474
0.25444
0.30145
0.17823
0.23610
0.27597
0.25451
0.20170
0.27903
0.27901
0.26920
0.36176
0.19469
0.31767
0.25029
0.35440
0.29745
0.26409
0.26733
0.29169
0.26483
0.20764
0.30770
0.29072
0.25057
0.28810
0.25428
0.33942
0.23584
0.27567
0.22337
0.35998
0.24658
0.29019
0.24288
0.26276
0.28092
0.27298
0.22518
0.25603
0.25663
0.28511
0.20119
0.31700
0.23747
0.25455
0.27134
0.26471
0.30221
0.14411
0.21646
0.30400
0.32290
0.25274
0.27099
0.29572
0.27152
0.24212
0.23269
0.30415
0.28665
0.27607
0.24724
0.21039
0.29650
0.29076
0.27489
0.27429
0.25302
0.31283
0.27612
0.20088
0.21535
0.27214
0.27703
0.30048
0.25880
0.24153
0.34035
0.33831
0.15092
0.23720
0.30498
0.28438
0.26433
0.29528
0.33199
0.22341
0.20379
0.21631
0.24508
0.26439
0.33928
0.30725
0.28535
0.28493
0.24428
0.27104
0.27390
0.27479
0.17455
0.31998
0.21972
0.23860
0.33523
0.32326
0.26934
0.24846
0.24100
0.28068
0.32700
0.32231
0.25994
0.26688
0.21508
0.30452
0.29510
0.13354
0.27148
0.21905
0.23335
0.28119
0.23056
0.25687
0.23650
0.29491
0.24515
0.23723
0.26469
0.33008
0.27683
0.25443
0.19847
0.29512
0.25408
0.23403
0.20932
0.32402
0.29965
0.34795
0.26412
0.24589
0.27774
0.27155
0.24766
0.27781
0.18519
0.30397
0.27377
0.32137
0.27631
0.29486
0.33394
0.25516
0.25873
0.30105
0.17611
0.22420
0.29081
0.22874
0.28420
0.28718
0.27067
0.31650
0.36248
0.31187
0.31101
0.27318
0.31855
0.27619
0.34136
0.24723
0.27151
0.29939
0.31700
0.28597
0.31467
0.39169
0.24037
0.24622
0.33573
0.23866
0.31589
0.31741
0.25550
0.25531
0.32736
0.22949
0.24408
0.30277
0.27915
0.22429
0.24487
0.26170
0.25232
0.28102
0.31753
0.28595
0.22998
0.29524
0.28183
0.29632
0.26796
0.27961
0.14781
0.29698
0.33419
0.36018
0.31095
0.31373
0.38678
0.37255
0.27579
0.18192
0.30523
0.38517
0.29395
0.21863
0.30516
0.34497
0.25764
0.23637
0.33891
0.23794
0.26331
0.23768
0.33721
0.36741
0.42681
0.30394
0.31333
0.26467
0.39845
0.31092
0.31622
0.28224
0.36639
0.26889
0.20101
0.32112
0.46440
0.25235
0.40537
0.39876
0.21878
0.28867
0.34593
0.32129
0.28346
0.24915
0.27644
0.25841
0.30550
0.30130
0.30870
0.29905
0.37964
0.27047
0.27506
0.26236
0.23480
0.26639
0.37583
0.24171
0.10801
0.33853
0.14364
0.20044
0.41141
0.16314
0.27266
0.23228
0.27450
0.25522
0.44048
0.19735
0.33714
0.39030
0.27248
0.25549
0.24593
0.25645
0.21224
0.36499
0.18941
0.38337
0.35613
0.25103
0.26378
0.24681
0.35850
0.30634
0.22887
0.36695
0.42612
0.34164
0.29402
0.36542
0.36273
0.21674
0.23532
0.30349
0.39509
0.22972
0.24956
0.27295
0.37831
0.27260
0.26894
0.26193
0.33185
0.37324
0.25551
0.29159
0.33136
0.29338
0.27443
0.27825
0.40219
0.28921
0.28979
0.27502
0.30551
0.36110
0.28609
0.30895
0.24742
0.30688
0.26830
0.22723
0.31480
0.29569
0.23315
0.29130
0.22032
0.30204
0.21294
0.06989
0.22505
0.21835
0.26797
0.26072
0.21883
0.24565
0.37484
0.23963
0.07600
0.18918
0.05802
0.29020
0.25007
0.17082
0.26977
0.12302
0.13257
0.19871
0.22875
0.08420
0.10896
0.26584
0.26122
0.15756
0.19363
0.27386
0.09965
0.35865
0.27498
0.03120
0.09468
0.12941
0.29177
0.14963
0.24357
0.18662
0.33043
0.07257
0.05253
0.06206
0.10018
0.26996
0.12841
0.15970
0.23569
0.31333
0.18743
0.28293
0.21637
0.09559
0.26572
0.08754
0.11666
0.28447
0.17446
0.26179
0.11488
0.12385
0.23671
0.19590
0.29048
0.25492
0.03789
0.08933
0.18426
0.22365
0.24587
0.16468
0.19716
0.27043
0.19226
0.10141
0.25487
0.28388
0.16500
0.17012
0.15851
0.09113
0.05539
0.21082
0.14611
0.20735
0.24710
0.29559
0.19141
0.30217
0.21654
0.25390
0.16333
0.24327
0.13405
0.07304
0.28761
0.12102
0.08896
0.23275
0.23642
0.28870
0.21867
0.12077
0.08450
0.19473
0.26757
0.23341
0.29371
0.20351
0.27423
0.30128
0.17428
0.23678
0.13395
0.07152
0.07446
0.15895
0.08477
0.11979
0.25829
0.28000
0.07907
0.14609
0.07221
0.05592
0.14240
0.27822
