0.13976
0.09624
0.09236
0.25868
0.09473
0.13324
0.26274
0.14895
0.19888
0.07055
0.19658
0.12072
0.18106
0.10962
0.11975
0.21443
0.12216
0.14904
0.07594
0.15913
0.28045
0.16967
0.17814
0.04330
0.24527
0.16024
0.08627
0.21080
0.08942
0.14647
0.13717
0.26039
0.19158
0.10065
0.07042
0.09344
0.13822
0.09757
0.15143
0.15077
0.27910
0.25421
0.09391
0.15413
0.29913
0.20726
0.16430
0.24005
0.16612
0.15231
0.10054
0.13874
0.12483
0.31030
0.10357
0.23428
0.21218
0.14862
0.12455
0.08659
0.27977
0.28393
0.16736
0.17601
0.28563
0.29713
0.07113
0.17477
0.11935
0.05823
0.12602
0.30067
0.29474
0.20550
0.23293
0.12783
0.09750
0.05099
0.19575
0.12683
0.30373
0.13458
0.29710
0.27903
0.22948
0.33946
0.09841
0.07428
0.17088
0.25368
0.29733
0.20458
0.08858
0.26143
0.10211
0.21042
0.19023
0.20568
0.20288
0.16218
0.09549
0.19991
0.11779
0.10567
0.20581
0.29834
0.18831
0.16838
0.13306
0.30586
0.02556
0.25416
0.11920
0.24985
0.09738
0.11006
0.26998
0.04527
0.08867
0.16755
0.26621
0.05807
0.27516
0.03824
0.12578
0.12885
0.21503
0.27830
0.14176
0.24142
0.11891
0.12589
0.30434
0.30715
0.11200
0.14165
0.10491
0.29928
0.25467
0.05654
0.14684
0.05076
0.26464
0.16962
0.17816
0.28833
0.08990
0.32963
0.17036
0.08878
0.18096
0.25779
0.09868
0.31255
0.29837
0.30667
0.12827
0.15000
0.14999
0.22038
0.29377
0.25634
0.25555
0.31242
0.09546
0.16512
0.29940
0.25399
0.13165
0.22457
0.05777
0.22400
0.15717
0.03318
0.07640
0.21395
0.07426
0.07766
0.16311
0.26706
0.08933
0.11251
0.18846
0.14559
0.09274
0.21139
0.23535
0.23029
0.25779
0.21167
0.15217
0.10728
0.07559
0.17001
0.16158
0.25883
0.17561
0.23166
0.11159
0.24816
0.18984
0.08823
0.20570
0.16387
0.07068
0.17693
0.11436
0.19276
0.25150
0.12428
0.21005
0.22957
0.15579
0.25498
0.22258
0.24212
0.13508
0.23754
0.17916
0.33203
0.09933
0.22123
0.15629
0.09160
0.09983
0.05861
0.17371
0.18846
0.13484
0.12736
0.25831
0.15355
0.30125
0.13857
0.08360
0.29339
0.12568
0.08353
0.11333
0.28548
0.08092
0.30921
0.12345
0.10904
0.16727
0.18145
0.11124
0.05918
0.09613
0.10519
0.12154
0.12211
0.13060
0.21828
0.12832
0.15009
0.20647
0.08664
0.08950
0.15697
0.16875
0.16686
0.19718
0.16626
0.12946
0.19755
0.27289
0.09257
0.19428
0.05580
0.08226
0.11320
0.07045
0.04943
0.37083
0.17077
0.08021
0.17974
0.15709
0.08214
0.10055
0.32030
0.13141
0.14064
0.28676
0.11561
0.21093
0.17288
0.21520
0.16675
0.08607
0.08353
0.18630
0.22535
0.17081
0.09195
0.14196
0.20927
0.20305
0.15510
0.33815
0.25681
0.24521
0.12526
0.08250
0.30961
0.31134
0.31990
0.04468
0.22735
0.12588
0.31439
0.13440
0.11184
0.13927
0.13573
0.11405
0.16906
0.21472
0.09073
0.07228
0.08695
0.27146
0.14928
0.25796
0.14960
0.19403
0.24354
0.13115
0.08529
0.25945
0.21165
0.34323
0.26554
0.27294
0.23054
0.26295
0.27808
0.29196
0.24947
0.08996
0.08372
0.12976
0.24229
0.06422
0.05324
0.22295
0.11089
0.25804
0.10576
0.16497
0.12780
0.28663
0.27829
0.25355
0.18739
0.32985
0.12715
0.15377
0.28957
0.10524
0.19651
0.05700
0.12029
0.21004
0.06306
0.23891
0.32409
0.07041
0.10541
0.13535
0.23981
0.11009
0.07552
0.07982
0.08318
0.09442
0.14737
0.17403
0.10654
0.25728
0.15895
0.12830
0.09543
0.20172
0.28169
0.19025
0.25211
0.34051
0.15873
0.26655
0.30438
0.30872
0.29070
0.28486
0.25507
0.33403
0.21700
0.25281
0.23935
0.23566
0.27323
0.19056
0.34558
0.30482
0.25195
0.22741
0.23930
0.25412
0.34396
0.29601
0.26996
0.27638
0.31690
0.17544
0.23963
0.30572
0.26881
0.23718
0.25170
0.27407
0.29427
0.21000
0.18575
0.32908
0.25992
0.22498
0.30517
0.19562
0.29910
0.33289
0.27659
0.27961
0.28907
0.27507
0.22730
0.28792
0.32287
0.23453
0.27476
0.29887
0.19848
0.26105
0.29037
0.18171
0.28783
0.25280
0.27140
0.29527
0.26949
0.25214
0.16873
0.27393
0.34006
0.13627
0.26892
0.17894
0.14899
0.19954
0.35630
0.30195
0.28789
0.16624
0.33919
0.26425
0.26094
0.34630
0.29165
0.27644
0.28340
0.22088
0.24825
0.19411
0.34080
0.30234
0.22793
0.17220
0.33385
0.20622
0.25080
0.28481
0.25972
0.33202
0.30877
0.20257
0.27931
0.29382
0.15318
0.16997
0.28689
0.19467
0.15797
0.14393
0.28489
0.31766
0.24665
0.24233
0.24135
0.30988
0.20226
0.29806
0.26118
0.27485
0.19513
0.27247
0.28734
0.20227
0.16588
0.34515
0.29649
0.17329
0.30266
0.32134
0.23187
0.34810
0.30613
0.22938
0.25869
0.20352
0.27451
0.31114
0.23224
0.24486
0.23031
0.15128
0.29370
0.22675
0.28391
0.21195
0.25959
0.32144
0.27843
0.19923
0.24337
0.28527
0.20794
0.25014
0.20588
0.21966
0.23306
0.22638
0.20862
0.30091
0.31672
0.31494
0.21215
0.21088
0.31059
0.20030
0.18692
0.18686
0.29348
0.30886
0.16347
0.19112
0.29101
0.27845
0.20123
0.15248
0.21055
0.25174
0.20434
0.24788
0.22371
0.31005
0.17986
0.26933
0.25302
0.27920
0.19384
0.26966
0.27072
0.25455
0.38175
0.18419
0.28612
0.21093
0.34143
0.29517
0.25648
0.25603
0.27923
0.26382
0.19716
0.29978
0.25871
0.23724
0.27982
0.24171
0.33295
0.21896
0.24249
0.23304
0.31917
0.18629
0.24334
0.24008
0.25706
0.26825
0.24722
0.22363
0.24755
0.24547
0.31229
0.18958
0.29767
0.22182
0.26998
0.27058
0.27795
0.29092
0.14509
0.20836
0.31017
0.31853
0.26505
0.27810
0.26008
0.26822
0.24124
0.22616
0.29703
0.28852
0.27465
0.24161
0.16647
0.28705
0.30547
0.25364
0.22712
0.22313
0.31408
0.24044
0.18901
0.20326
0.27949
0.28680
0.26898
0.29407
0.23553
0.34185
0.33818
0.14605
0.19529
0.30458
0.29807
0.22861
0.28417
0.32877
0.23992
0.18834
0.17948
0.23568
0.28297
0.34684
0.27921
0.29289
0.26490
0.23005
0.27774
0.27542
0.27075
0.15994
0.33265
0.20704
0.20850
0.33108
0.29290
0.25542
0.22351
0.22003
0.28371
0.31357
0.33617
0.24159
0.27432
0.20879
0.30503
0.30000
0.13891
0.22981
0.19277
0.23900
0.27620
0.21862
0.24117
0.24877
0.25028
0.22869
0.18520
0.23470
0.31723
0.25928
0.23388
0.20023
0.27160
0.24796
0.24123
0.16522
0.32629
0.27431
0.33216
0.25378
0.22192
0.28171
0.27112
0.20662
0.27080
0.17913
0.30679
0.25394
0.33990
0.26026
0.29183
0.32505
0.27705
0.23698
0.26751
0.16219
0.21583
0.25288
0.19701
0.31695
0.29953
0.25020
0.30655
0.37264
0.28212
0.31008
0.26271
0.29276
0.29953
0.32830
0.24492
0.27874
0.30283
0.30665
0.27682
0.31079
0.36383
0.22592
0.22803
0.33234
0.21845
0.30748
0.32060
0.22193
0.25758
0.34022
0.23643
0.30280
0.28740
0.23209
0.23510
0.23959
0.25922
0.27971
0.26368
0.29126
0.29125
0.26110
0.31143
0.26189
0.29228
0.26925
0.26172
0.13986
0.29339
0.32156
0.32511
0.30295
0.30912
0.36949
0.39781
0.26709
0.19895
0.31512
0.34370
0.26206
0.22520
0.33160
0.33921
0.24337
0.27733
0.33318
0.25476
0.26232
0.24776
0.33938
0.35568
0.39118
0.31417
0.32345
0.27933
0.39418
0.28502
0.29367
0.27722
0.36368
0.28952
0.15046
0.29530
0.43815
0.25084
0.40610
0.39185
0.22239
0.29785
0.31297
0.31673
0.30439
0.24861
0.27832
0.18972
0.28702
0.29171
0.26210
0.27528
0.38760
0.27635
0.29415
0.25627
0.21660
0.26520
0.38354
0.21760
0.12293
0.33504
0.18819
0.16501
0.38898
0.14311
0.24072
0.21577
0.28812
0.21893
0.44072
0.18169
0.34136
0.38064
0.24339
0.23070
0.26259
0.23381
0.20699
0.37498
0.19054
0.37719
0.35120
0.29750
0.24089
0.25065
0.34747
0.25339
0.19259
0.31945
0.39118
0.28751
0.28343
0.35473
0.34192
0.23354
0.27342
0.29415
0.35935
0.16622
0.22269
0.22549
0.33563
0.28477
0.23385
0.26003
0.33776
0.35626
0.25986
0.30409
0.33962
0.28538
0.28382
0.23871
0.37997
0.29527
0.25494
0.28961
0.30864
0.31364
0.26733
0.31178
0.24918
0.32891
0.26993
0.25466
0.31239
0.26293
0.24754
0.29394
0.17178
0.30840
0.21197
0.01872
0.15796
0.21168
0.24439
0.25305
0.18286
0.26878
0.35168
0.21486
0.03339
0.22888
0.06503
0.28977
0.26059
0.17380
0.28220
0.04822
0.13213
0.16849
0.17903
0.07280
0.13358
0.23886
0.29754
0.21613
0.21335
0.28357
0.07811
0.33236
0.24064
0.04222
0.05986
0.12376
0.27697
0.16484
0.19800
0.23442
0.29672
0.12257
0.09865
0.13732
0.10000
0.23753
0.09884
0.09683
0.16674
0.28674
0.16771
0.21651
0.20334
0.07888
0.23339
0.07222
0.07489
0.28083
0.17541
0.24805
0.06564
0.10213
0.19421
0.21232
0.29126
0.24453
0.05646
0.07122
0.17876
0.21470
0.18484
0.21128
0.07772
0.23806
0.18218
0.14977
0.26288
0.25652
0.08034
0.18240
0.18127
0.06314
0.06654
0.23422
0.15937
0.16716
0.24396
0.24213
0.19406
0.30369
0.22892
0.26080
0.16245
0.20294
0.18493
0.05200
0.23557
0.13521
0.08996
0.21187
0.26237
0.29877
0.21780
0.04318
0.11212
0.18847
0.19386
0.23962
0.28332
0.07997
0.25095
0.29287
0.12723
0.21955
0.13168
0.07364
0.05218
0.15469
0.06765
0.12769
0.20887
0.21735
0.11614
0.09458
0.04102
0.07978
0.10776
0.27804
