0.10111
0.09780
0.05391
0.24599
0.08659
0.13287
0.21302
0.16061
0.11387
0.06503
0.15863
0.14176
0.16656
0.12782
0.09540
0.23363
0.11594
0.14449
0.06567
0.13987
0.28351
0.12313
0.14594
0.08138
0.21548
0.15698
0.15600
0.22979
0.08763
0.17465
0.15364
0.24733
0.14690
0.11283
0.05034
0.09373
0.12018
0.08784
0.14765
0.18703
0.27018
0.29180
0.07823
0.15989
0.26567
0.20159
0.17102
0.26741
0.18807
0.14643
0.10315
0.14139
0.13911
0.29013
0.10679
0.19927
0.21761
0.14304
0.14625
0.08688
0.22614
0.27947
0.10958
0.19880
0.26913
0.31822
0.03953
0.18125
0.08576
0.05874
0.12397
0.30534
0.26795
0.20827
0.20743
0.09340
0.10054
0.04500
0.23757
0.16630
0.30350
0.14683
0.33191
0.27904
0.25357
0.34054
0.09624
0.08623
0.13548
0.23724
0.31883
0.13042
0.07258
0.22065
0.07450
0.14101
0.23696
0.22749
0.19509
0.18529
0.09507
0.21301
0.10849
0.12089
0.21411
0.28572
0.12044
0.17056
0.13159
0.26052
0.03555
0.25236
0.08136
0.22973
0.09794
0.18022
0.26955
0.06309
0.06082
0.21450
0.19574
0.08847
0.28545
0.02709
0.09739
0.14327
0.30823
0.26836
0.14896
0.24496
0.07299
0.14770
0.25517
0.32834
0.11747
0.11509
0.03898
0.27955
0.24138
0.03358
0.16048
0.03727
0.28807
0.15537
0.14110
0.27840
0.07148
0.36213
0.15472
0.10320
0.18637
0.27930
0.10941
0.29667
0.31452
0.29611
0.10804
0.14209
0.16897
0.18603
0.23872
0.25668
0.25327
0.29658
0.10129
0.07867
0.28889
0.26554
0.08455
0.27973
0.08687
0.25303
0.20825
0.04078
0.07919
0.22747
0.05785
0.07993
0.17426
0.24229
0.11911
0.11797
0.16450
0.16090
0.06781
0.15845
0.23862
0.24894
0.24320
0.15484
0.11632
0.06552
0.04070
0.13171
0.12002
0.24718
0.17919
0.16302
0.05299
0.26374
0.24493
0.06146
0.19017
0.17563
0.06245
0.22633
0.07625
0.22168
0.26431
0.09991
0.25747
0.24787
0.11988
0.23916
0.25600
0.27039
0.13535
0.21556
0.19945
0.33570
0.10620
0.16319
0.12238
0.05555
0.07618
0.10373
0.17504
0.15187
0.15219
0.07941
0.18444
0.12329
0.26301
0.12972
0.04770
0.25350
0.11214
0.05456
0.10358
0.25504
0.04128
0.31024
0.09609
0.12016
0.17294
0.17877
0.11406
0.05288
0.14248
0.09935
0.10541
0.08070
0.09490
0.26026
0.15657
0.17280
0.21510
0.08634
0.06643
0.14196
0.21301
0.14558
0.22393
0.16216
0.11245
0.23607
0.29613
0.10893
0.13357
0.05634
0.07946
0.13411
0.06813
0.03410
0.32349
0.13447
0.06109
0.21260
0.11707
0.05745
0.11685
0.31111
0.17591
0.07245
0.29442
0.12434
0.20440
0.15872
0.18578
0.13913
0.08140
0.05919
0.21732
0.18578
0.12406
0.09948
0.20836
0.16148
0.17463
0.15871
0.33872
0.27803
0.27700
0.14496
0.09809
0.29324
0.30928
0.29410
0.02808
0.26214
0.14034
0.25020
0.15485
0.07147
0.13892
0.10736
0.10444
0.17524
0.25628
0.08233
0.07106
0.07424
0.28166
0.13194
0.23153
0.18361
0.22613
0.23149
0.13798
0.05600
0.25105
0.27677
0.35241
0.19994
0.28941
0.22893
0.24814
0.27917
0.25357
0.27243
0.04310
0.10723
0.16369
0.23903
0.05243
0.05683
0.19805
0.13765
0.23496
0.10079
0.18066
0.10024
0.28757
0.25306
0.20628
0.18344
0.30569
0.16451
0.18638
0.29028
0.07917
0.24700
0.06198
0.10188
0.20247
0.04377
0.24443
0.34054
0.07774
0.06571
0.14544
0.23954
0.12181
0.06032
0.11025
0.08008
0.07875
0.09061
0.17594
0.06690
0.27228
0.12654
0.17979
0.10678
0.19861
0.29473
0.20385
0.26950
0.34118
0.22078
0.24479
0.30562
0.30856
0.33747
0.28897
0.26670
0.34869
0.25858
0.24275
0.25223
0.22043
0.31945
0.19653
0.36013
0.30498
0.25062
0.26027
0.26056
0.25628
0.35819
0.29697
0.25531
0.28912
0.32434
0.22537
0.27490
0.29238
0.26640
0.24682
0.25179
0.30705
0.30655
0.25420
0.21602
0.33595
0.26577
0.25594
0.32006
0.19846
0.31428
0.32229
0.26537
0.31247
0.32757
0.30949
0.22559
0.29433
0.32209
0.23837
0.31218
0.31755
0.27684
0.31200
0.30542
0.17753
0.31532
0.27317
0.29008
0.28045
0.30055
0.27979
0.18636
0.26529
0.35610
0.12918
0.27740
0.22022
0.19164
0.17035
0.37555
0.30563
0.31006
0.18530
0.34683
0.26055
0.27525
0.35468
0.29883
0.31385
0.29008
0.23691
0.26529
0.18130
0.33896
0.31686
0.23418
0.16172
0.32203
0.18922
0.24987
0.28704
0.24081
0.33822
0.29741
0.21285
0.31245
0.32380
0.16380
0.20219
0.29392
0.17761
0.15657
0.16030
0.30234
0.30404
0.29546
0.29331
0.24013
0.32198
0.22336
0.33173
0.28194
0.32414
0.23217
0.28724
0.30074
0.20550
0.17999
0.36258
0.28206
0.21365
0.31514
0.30650
0.25392
0.35714
0.29408
0.21282
0.27132
0.18142
0.30095
0.32491
0.28451
0.27995
0.23088
0.17215
0.30639
0.21847
0.29322
0.21276
0.29510
0.33847
0.27826
0.19195
0.23564
0.28510
0.20125
0.30210
0.20009
0.23654
0.23436
0.21908
0.23851
0.31423
0.31468
0.32023
0.23463
0.24849
0.33183
0.20760
0.18861
0.20985
0.28948
0.29973
0.15807
0.18340
0.27546
0.30886
0.21270
0.16181
0.21012
0.26884
0.20647
0.24503
0.26132
0.34015
0.17961
0.25901
0.28375
0.27652
0.17178
0.27933
0.28138
0.25221
0.38786
0.19667
0.31047
0.20445
0.34660
0.29477
0.25025
0.27590
0.31168
0.25050
0.20133
0.31639
0.27422
0.27650
0.26076
0.26842
0.34286
0.20978
0.27097
0.26185
0.33930
0.23229
0.29830
0.22312
0.26133
0.29702
0.26706
0.20801
0.26464
0.22737
0.29765
0.20018
0.31902
0.22787
0.27860
0.27829
0.26463
0.25919
0.15843
0.24912
0.32006
0.30599
0.26622
0.29859
0.30998
0.25391
0.25170
0.22983
0.29052
0.27180
0.28978
0.22814
0.18357
0.31134
0.30630
0.26387
0.29375
0.21814
0.32828
0.25898
0.20632
0.20945
0.29561
0.28216
0.32379
0.24892
0.27314
0.35947
0.35658
0.16022
0.22757
0.30031
0.27799
0.30481
0.28844
0.31853
0.21804
0.22022
0.18045
0.28240
0.28531
0.36078
0.28605
0.29810
0.28499
0.22149
0.23956
0.30216
0.27786
0.17625
0.30451
0.21965
0.23663
0.32070
0.30571
0.26210
0.23305
0.24792
0.28478
0.35864
0.33715
0.26112
0.24812
0.20055
0.32093
0.31218
0.11071
0.26742
0.21197
0.26341
0.30783
0.23290
0.27232
0.24379
0.29114
0.20504
0.24826
0.24128
0.33053
0.26051
0.30167
0.19234
0.27254
0.26514
0.22942
0.20826
0.30900
0.28295
0.32713
0.26442
0.24251
0.29282
0.25456
0.27083
0.28468
0.19815
0.32270
0.25058
0.30456
0.26499
0.26163
0.33412
0.28834
0.28329
0.32548
0.17699
0.22908
0.31712
0.21561
0.30137
0.29778
0.27893
0.32803
0.38397
0.29506
0.31766
0.27452
0.28684
0.29247
0.36036
0.26907
0.27019
0.32410
0.29827
0.32231
0.31656
0.37438
0.22593
0.27002
0.29634
0.25069
0.32051
0.32945
0.22497
0.25985
0.31755
0.22157
0.28343
0.29978
0.27929
0.22621
0.28597
0.28562
0.30161
0.28866
0.34091
0.31453
0.24035
0.31516
0.29004
0.32787
0.30616
0.27567
0.14944
0.31283
0.35666
0.33430
0.33404
0.32097
0.42309
0.37190
0.29476
0.18471
0.33801
0.37421
0.27955
0.19874
0.31441
0.34250
0.24619
0.25740
0.32572
0.24010
0.26314
0.24801
0.35734
0.35834
0.39558
0.28403
0.32942
0.27103
0.39348
0.26372
0.31029
0.32438
0.33404
0.26306
0.19320
0.31584
0.44460
0.24297
0.40357
0.44305
0.19565
0.31535
0.38628
0.30271
0.28645
0.27376
0.29330
0.21369
0.30290
0.32298
0.28424
0.27113
0.38657
0.31553
0.31005
0.23818
0.21268
0.25481
0.39442
0.24787
0.13130
0.32965
0.14358
0.20262
0.42459
0.14936
0.25572
0.21125
0.29563
0.22638
0.42984
0.19743
0.35100
0.40820
0.27235
0.24127
0.27392
0.24762
0.23015
0.38493
0.15252
0.37173
0.35495
0.27630
0.24860
0.26369
0.34450
0.28826
0.19213
0.31085
0.42339
0.31848
0.28853
0.34870
0.37426
0.23587
0.26306
0.27502
0.38814
0.19346
0.24239
0.23271
0.35610
0.29085
0.26778
0.27401
0.32758
0.36080
0.25362
0.33025
0.35523
0.32134
0.29796
0.26750
0.36251
0.31399
0.24547
0.30235
0.32635
0.34238
0.28642
0.32311
0.23176
0.35287
0.27507
0.27315
0.31784
0.30428
0.25676
0.29943
0.18924
0.25417
0.20068
0.03868
0.15261
0.16722
0.25029
0.27465
0.18558
0.26310
0.32396
0.18172
0.05144
0.23691
0.08614
0.23712
0.24389
0.17151
0.28770
0.07333
0.17165
0.24079
0.20003
0.08241
0.11249
0.19210
0.25489
0.25141
0.21128
0.28834
0.09277
0.34701
0.24285
0.02794
0.06815
0.09535
0.30198
0.15329
0.26044
0.22893
0.28851
0.06555
0.07428
0.09619
0.08397
0.23725
0.13428
0.11365
0.21488
0.22636
0.17490
0.30369
0.21457
0.03240
0.24398
0.08597
0.04647
0.23560
0.20662
0.28456
0.10075
0.06435
0.22598
0.18957
0.30114
0.26057
0.02422
0.08133
0.17165
0.20999
0.16224
0.20145
0.08557
0.30234
0.15778
0.07918
0.23981
0.30873
0.10131
0.17878
0.13842
0.04615
0.04513
0.18584
0.12524
0.19357
0.28361
0.24958
0.19736
0.34355
0.21437
0.24399
0.21391
0.19542
0.17453
0.03874
0.24786
0.05353
0.11186
0.19442
0.26010
0.22677
0.24212
0.04748
0.08523
0.10711
0.20272
0.24606
0.32760
0.09847
0.22626
0.34146
0.14267
0.25808
0.14148
0.03518
0.05123
0.16033
0.07201
0.09084
0.26298
0.30935
0.13238
0.09163
0.03160
0.08852
0.09186
0.28274
