0.11706
0.09129
0.06405
0.24451
0.07431
0.12672
0.21199
0.13048
0.18345
0.05266
0.17008
0.13636
0.15277
0.12725
0.09199
0.22747
0.12030
0.12927
0.07339
0.14328
0.29140
0.10594
0.14782
0.05030
0.22092
0.14402
0.09676
0.26552
0.04753
0.16342
0.09179
0.22815
0.13790
0.11294
0.06391
0.10274
0.15161
0.09411
0.10484
0.17023
0.27614
0.25781
0.06792
0.12353
0.28724
0.18864
0.14547
0.28050
0.17675
0.12369
0.09104
0.14910
0.14653
0.29510
0.08820
0.25418
0.24565
0.11477
0.12134
0.08033
0.26369
0.30329
0.10672
0.23899
0.26292
0.30950
0.04753
0.22527
0.08761
0.02434
0.11541
0.31135
0.32627
0.17091
0.23966
0.08649
0.06972
0.02594
0.21605
0.17937
0.33354
0.17716
0.30314
0.28812
0.26225
0.35965
0.10126
0.07852
0.11931
0.24618
0.30908
0.15103
0.05825
0.27672
0.05565
0.12879
0.19802
0.24043
0.16864
0.15486
0.09599
0.15857
0.11192
0.12176
0.19703
0.28891
0.11919
0.18564
0.15979
0.28255
0.02064
0.25124
0.07127
0.21689
0.10226
0.15675
0.25460
0.04720
0.08826
0.18227
0.24053
0.05792
0.30595
0.01846
0.08923
0.13181
0.31096
0.28084
0.16513
0.24555
0.07368
0.13252
0.28518
0.32338
0.09727
0.15517
0.07819
0.29477
0.25168
0.03734
0.14960
0.04444
0.29643
0.16561
0.12986
0.29550
0.07646
0.35385
0.20244
0.08575
0.16702
0.25549
0.10663
0.31127
0.30781
0.33785
0.09585
0.13101
0.16414
0.17631
0.26726
0.26903
0.26298
0.31049
0.10138
0.12150
0.31348
0.26000
0.06593
0.27834
0.05698
0.23902
0.25091
0.01940
0.08870
0.21464
0.06567
0.04595
0.16377
0.27881
0.11782
0.11438
0.21926
0.15042
0.07164
0.16705
0.22739
0.21704
0.25833
0.20488
0.12833
0.06872
0.06280
0.14175
0.10371
0.23841
0.16687
0.17663
0.11954
0.25347
0.20527
0.11124
0.15359
0.16444
0.03379
0.20083
0.09861
0.18598
0.25697
0.06970
0.25856
0.23637
0.09102
0.29163
0.24373
0.26231
0.12154
0.25706
0.22908
0.35092
0.10692
0.20596
0.09750
0.06243
0.08362
0.06196
0.16353
0.17268
0.19731
0.05816
0.27539
0.08418
0.24849
0.11117
0.02439
0.27336
0.11387
0.02156
0.10509
0.25859
0.05203
0.30565
0.08064
0.12326
0.12485
0.22867
0.11973
0.03815
0.10580
0.10725
0.10908
0.09760
0.10534
0.24698
0.13627
0.15788
0.17644
0.10096
0.05944
0.12228
0.18208
0.15602
0.22050
0.12881
0.12836
0.26297
0.30553
0.09565
0.20526
0.06417
0.08361
0.12168
0.05662
0.03246
0.38340
0.15259
0.06757
0.17264
0.15735
0.06258
0.12613
0.32609
0.12675
0.05922
0.30121
0.12311
0.17386
0.19380
0.21454
0.10781
0.08203
0.04383
0.21254
0.21102
0.17261
0.09937
0.17559
0.16382
0.18224
0.13034
0.33215
0.28668
0.28909
0.14608
0.07925
0.29538
0.31353
0.32759
0.04272
0.26984
0.14364
0.26766
0.16902
0.08858
0.16019
0.11205
0.11227
0.18052
0.24449
0.05294
0.10480
0.08021
0.26831
0.15498
0.21986
0.14438
0.25242
0.25971
0.12747
0.06907
0.20856
0.29816
0.35613
0.23504
0.33636
0.23716
0.22842
0.28806
0.26941
0.23825
0.05070
0.06323
0.12459
0.21477
0.05649
0.05824
0.19859
0.12334
0.20329
0.10335
0.18077
0.09390
0.26131
0.26765
0.25116
0.19554
0.30791
0.13388
0.17705
0.31413
0.06883
0.21579
0.05539
0.07539
0.18037
0.03288
0.25824
0.33603
0.05885
0.07722
0.11113
0.25927
0.11170
0.04901
0.07386
0.03952
0.06256
0.09174
0.21883
0.10803
0.29077
0.15827
0.20545
0.08476
0.18067
0.29971
0.20007
0.27670
0.35413
0.16631
0.27385
0.32025
0.29217
0.31618
0.29370
0.24617
0.35497
0.23913
0.26933
0.25934
0.21909
0.29620
0.20491
0.37870
0.33692
0.26375
0.25505
0.25552
0.27395
0.35332
0.28522
0.23355
0.31035
0.33484
0.22896
0.26087
0.32304
0.28625
0.23908
0.24980
0.29300
0.32111
0.25852
0.25171
0.34358
0.25701
0.25830
0.32637
0.19420
0.31959
0.35600
0.29018
0.27822
0.29320
0.28021
0.23778
0.28485
0.34219
0.20140
0.28865
0.32079
0.24562
0.30361
0.30125
0.17533
0.30462
0.26856
0.28246
0.31745
0.30046
0.26859
0.18430
0.28383
0.37314
0.16307
0.28581
0.22308
0.20364
0.21323
0.36586
0.30793
0.33374
0.17023
0.34908
0.27100
0.29608
0.36948
0.30500
0.28919
0.29615
0.24568
0.28919
0.21454
0.36529
0.26968
0.19878
0.16584
0.34615
0.22007
0.26947
0.29973
0.27447
0.35259
0.32242
0.22146
0.32850
0.31950
0.18307
0.18032
0.28634
0.19734
0.18839
0.13355
0.29999
0.33763
0.26307
0.25911
0.24655
0.30042
0.19202
0.27602
0.29341
0.28189
0.21931
0.28288
0.28628
0.22214
0.17418
0.35943
0.30153
0.20192
0.30966
0.32638
0.22124
0.36856
0.31240
0.25031
0.26991
0.21866
0.29182
0.31832
0.28063
0.28863
0.23199
0.15863
0.30930
0.24075
0.29325
0.24980
0.26849
0.30109
0.27701
0.21080
0.22912
0.29715
0.22526
0.29721
0.20459
0.22759
0.23122
0.24134
0.20351
0.31826
0.32275
0.32361
0.24061
0.23419
0.32474
0.21590
0.20818
0.22058
0.30308
0.30984
0.17782
0.20030
0.28915
0.26536
0.21238
0.16956
0.23419
0.26871
0.25000
0.24910
0.26647
0.31009
0.17964
0.22867
0.26740
0.28758
0.19648
0.29909
0.27698
0.25342
0.38196
0.19737
0.29768
0.23541
0.36996
0.31355
0.26517
0.28351
0.29288
0.29545
0.17664
0.30790
0.28504
0.24997
0.28801
0.27313
0.33712
0.24523
0.28795
0.22365
0.35188
0.22504
0.30278
0.22595
0.27762
0.27639
0.26093
0.22437
0.27744
0.25577
0.32904
0.21165
0.31082
0.25051
0.26808
0.29311
0.28033
0.30986
0.14845
0.21187
0.33204
0.33867
0.25251
0.29454
0.29800
0.26802
0.21649
0.23761
0.30059
0.30945
0.25807
0.24753
0.18796
0.28089
0.29813
0.26414
0.26249
0.25538
0.33215
0.27921
0.19531
0.21745
0.29052
0.28497
0.29795
0.28021
0.24965
0.35229
0.34690
0.14449
0.26422
0.31307
0.25913
0.27348
0.32220
0.34485
0.24448
0.18914
0.17970
0.27048
0.28322
0.36678
0.29555
0.30009
0.27254
0.23910
0.26361
0.30360
0.28719
0.17411
0.32637
0.23020
0.23000
0.35131
0.31542
0.27652
0.23771
0.25644
0.29550
0.32588
0.34704
0.25070
0.27945
0.19892
0.29230
0.32008
0.13265
0.26369
0.19629
0.24792
0.28956
0.24031
0.28572
0.24822
0.25650
0.22921
0.24005
0.25134
0.34145
0.26739
0.27153
0.21042
0.29433
0.25294
0.24479
0.21454
0.34782
0.30438
0.32918
0.26280
0.24426
0.28495
0.25611
0.24531
0.27601
0.19183
0.33496
0.27643
0.33901
0.27600
0.31280
0.34445
0.28797
0.25484
0.31083
0.19056
0.22646
0.28011
0.22354
0.30144
0.29955
0.27704
0.32785
0.38497
0.32680
0.31952
0.27767
0.31661
0.29888
0.36642
0.26396
0.27565
0.33259
0.32580
0.27914
0.34171
0.40003
0.24731
0.26622
0.35414
0.22902
0.32046
0.33249
0.25444
0.26544
0.35294
0.23903
0.27316
0.31814
0.27154
0.26230
0.24081
0.26504
0.25421
0.29475
0.33030
0.29660
0.22505
0.29121
0.27282
0.29013
0.27376
0.28051
0.14507
0.33523
0.32575
0.36398
0.31348
0.31258
0.38910
0.39638
0.27918
0.20478
0.30492
0.39028
0.29664
0.19663
0.30852
0.34836
0.24764
0.22434
0.34220
0.24522
0.25815
0.23818
0.33139
0.36185
0.41383
0.30408
0.29221
0.25460
0.39076
0.30253
0.33355
0.30830
0.37617
0.27815
0.19823
0.31428
0.46594
0.26149
0.41295
0.41859
0.23145
0.30308
0.34815
0.30927
0.30072
0.24678
0.27170
0.22361
0.28657
0.26809
0.30712
0.30925
0.39649
0.27217
0.28515
0.24608
0.20174
0.26767
0.39390
0.21011
0.12895
0.34862
0.16600
0.20588
0.41802
0.15509
0.25949
0.21581
0.27061
0.22646
0.44502
0.19529
0.33073
0.38293
0.26109
0.24784
0.24436
0.26369
0.21353
0.35223
0.18453
0.37738
0.35396
0.25324
0.25066
0.25262
0.36083
0.29509
0.21175
0.33331
0.43122
0.31002
0.29702
0.36761
0.35551
0.22839
0.26748
0.29277
0.40301
0.22425
0.22736
0.23895
0.37481
0.27233
0.26428
0.28329
0.34570
0.36040
0.25306
0.29099
0.33632
0.30571
0.27866
0.26723
0.40369
0.31764
0.28669
0.29325
0.32244
0.36607
0.26635
0.30430
0.24675
0.33594
0.26934
0.25546
0.31561
0.30035
0.25946
0.28331
0.21425
0.32718
0.20076
0.03596
0.13592
0.16927
0.22017
0.30106
0.24567
0.24391
0.33193
0.25294
0.06731
0.14590
0.03941
0.33834
0.25341
0.20990
0.24839
0.09047
0.10495
0.17660
0.16352
0.06227
0.16733
0.24961
0.28550
0.17375
0.21334
0.20543
0.05188
0.31886
0.19921
0.05194
0.05357
0.12175
0.29957
0.07812
0.20471
0.20245
0.28887
0.01713
0.02686
0.11030
0.06984
0.22680
0.12847
0.08229
0.20178
0.27600
0.11884
0.29003
0.21133
0.04723
0.26208
0.10531
0.07007
0.29788
0.19948
0.22312
0.09196
0.04951
0.20770
0.20036
0.32323
0.23234
0.03479
0.04474
0.20789
0.20120
0.19797
0.18948
0.16861
0.23118
0.17377
0.09286
0.25332
0.29217
0.06486
0.15483
0.17710
0.05508
0.03523
0.22561
0.06772
0.17933
0.21740
0.25163
0.19961
0.32404
0.24747
0.20738
0.17527
0.20185
0.16541
0.01461
0.28259
0.06036
0.07061
0.20875
0.22598
0.27489
0.26755
0.03618
0.10298
0.13793
0.17880
0.18965
0.27376
0.09073
0.21898
0.27049
0.13481
0.23372
0.09435
0.03481
0.05780
0.13245
0.03511
0.06767
0.29245
0.26760
0.07090
0.12295
0.04045
0.07042
0.04484
0.19182
