0.09057
0.09104
0.04546
0.24843
0.07973
0.12955
0.20234
0.16715
0.21464
0.05612
0.20403
0.13928
0.13063
0.12363
0.10079
0.23167
0.11325
0.11979
0.05955
0.14758
0.29639
0.13070
0.12249
0.10804
0.26201
0.14727
0.09966
0.22401
0.09756
0.15897
0.16395
0.30477
0.13750
0.10460
0.09279
0.10377
0.11599
0.10120
0.10411
0.22347
0.28283
0.26218
0.10021
0.10696
0.26967
0.22842
0.14601
0.23198
0.16899
0.16324
0.09416
0.16298
0.14524
0.31925
0.09084
0.27396
0.24632
0.13209
0.06248
0.09066
0.28294
0.25916
0.17051
0.21115
0.25642
0.28067
0.04795
0.20444
0.06961
0.02558
0.14908
0.30043
0.32914
0.17092
0.23519
0.10218
0.07027
0.03144
0.23135
0.14750
0.26429
0.18452
0.27588
0.27088
0.27317
0.35872
0.09415
0.05897
0.13089
0.26108
0.25714
0.18412
0.03872
0.26452
0.06552
0.12514
0.21936
0.21195
0.19252
0.18983
0.09460
0.19488
0.10507
0.11635
0.20955
0.28052
0.11843
0.15746
0.23093
0.29778
0.02353
0.23492
0.06880
0.21649
0.10676
0.17865
0.26314
0.06817
0.09959
0.22295
0.27543
0.06712
0.27216
0.02928
0.10573
0.11939
0.31419
0.28367
0.18874
0.20689
0.11203
0.15853
0.30526
0.34434
0.11866
0.15309
0.08177
0.28766
0.23090
0.03684
0.20509
0.04068
0.26430
0.17810
0.10828
0.33066
0.08777
0.34957
0.17348
0.08450
0.13062
0.21717
0.10171
0.26767
0.27775
0.32068
0.11399
0.16824
0.16831
0.20000
0.29798
0.29552
0.27925
0.27401
0.09231
0.10139
0.30795
0.24614
0.05753
0.28326
0.05133
0.24179
0.25927
0.04413
0.09264
0.18727
0.04522
0.06546
0.15712
0.24275
0.06978
0.10696
0.24321
0.12698
0.05199
0.17544
0.18926
0.22359
0.24930
0.24849
0.13454
0.09934
0.07039
0.16739
0.11726
0.27664
0.20393
0.17033
0.09341
0.26289
0.23663
0.08371
0.16133
0.12395
0.04519
0.27359
0.10247
0.18455
0.24312
0.08980
0.27376
0.22421
0.10645
0.26554
0.25862
0.22014
0.12152
0.28190
0.20526
0.32964
0.11832
0.23624
0.12212
0.06727
0.11918
0.04512
0.15661
0.20421
0.20053
0.06115
0.27514
0.07718
0.22569
0.11718
0.05526
0.28515
0.11366
0.01654
0.10027
0.25865
0.04635
0.27038
0.07746
0.10964
0.13296
0.19044
0.12584
0.04939
0.10242
0.10256
0.11067
0.10465
0.14158
0.23736
0.13432
0.14340
0.19073
0.09128
0.02567
0.12281
0.18277
0.15311
0.21914
0.17179
0.13503
0.26970
0.27799
0.09118
0.24696
0.06148
0.09170
0.11252
0.07897
0.04858
0.35533
0.16146
0.07031
0.19085
0.18350
0.10008
0.14912
0.33455
0.11541
0.08059
0.29069
0.11335
0.18212
0.21632
0.15759
0.11943
0.11673
0.05562
0.24888
0.23484
0.19220
0.09753
0.20912
0.15919
0.21686
0.15208
0.33216
0.28759
0.22251
0.15967
0.12533
0.32147
0.33447
0.31504
0.03558
0.28409
0.12293
0.30958
0.13296
0.12114
0.19458
0.14522
0.10781
0.17973
0.21542
0.05422
0.07506
0.04566
0.30020
0.13899
0.20655
0.16507
0.25170
0.26559
0.15564
0.06850
0.20465
0.29981
0.33212
0.26024
0.30247
0.21726
0.23658
0.26988
0.24696
0.27414
0.06353
0.06007
0.13195
0.20796
0.06776
0.06402
0.17422
0.11846
0.21073
0.14339
0.15102
0.13437
0.24481
0.28254
0.27950
0.21020
0.31411
0.13420
0.15297
0.30989
0.05018
0.23288
0.08360
0.09877
0.19050
0.04375
0.23045
0.35438
0.06454
0.11683
0.13877
0.20327
0.11963
0.06603
0.06366
0.05505
0.06496
0.12355
0.16788
0.12271
0.28736
0.22842
0.24101
0.08315
0.19898
0.30668
0.21379
0.28462
0.36604
0.17489
0.30122
0.30777
0.28258
0.31050
0.28982
0.26131
0.35812
0.24841
0.25321
0.25541
0.21677
0.29663
0.19155
0.36978
0.33681
0.22403
0.26364
0.25457
0.26253
0.35958
0.29618
0.22823
0.32381
0.34407
0.22156
0.26913
0.31335
0.27079
0.26076
0.27296
0.29937
0.31975
0.28122
0.23092
0.34451
0.27157
0.24783
0.33593
0.19404
0.30413
0.35813
0.29083
0.32971
0.30145
0.28411
0.24731
0.28407
0.34809
0.21484
0.30255
0.32324
0.26219
0.26897
0.31271
0.18770
0.30532
0.25096
0.27628
0.31237
0.30541
0.27252
0.20190
0.27977
0.35201
0.17255
0.26485
0.21602
0.20240
0.20486
0.36407
0.31679
0.30925
0.17572
0.35034
0.27127
0.28725
0.36999
0.30977
0.31665
0.29612
0.25503
0.28320
0.20665
0.35624
0.30114
0.22156
0.15878
0.33350
0.21702
0.25775
0.28488
0.27052
0.36417
0.32411
0.20809
0.31530
0.30981
0.18155
0.17571
0.28915
0.19458
0.16629
0.18615
0.28738
0.34531
0.25830
0.26919
0.24874
0.31728
0.21423
0.31166
0.26391
0.29276
0.21812
0.29110
0.28666
0.24752
0.21484
0.34058
0.29625
0.18564
0.28878
0.32423
0.25226
0.34998
0.31351
0.24030
0.26913
0.20896
0.30130
0.31637
0.27685
0.26325
0.23791
0.17033
0.32004
0.24244
0.27889
0.22238
0.29707
0.34218
0.29600
0.20879
0.25214
0.29963
0.22712
0.29397
0.19544
0.21527
0.23132
0.22009
0.20849
0.30878
0.32297
0.33800
0.21076
0.20265
0.33907
0.22865
0.19409
0.22041
0.31942
0.30499
0.15749
0.18748
0.26818
0.28705
0.20927
0.16817
0.21051
0.26702
0.21912
0.26753
0.26605
0.32763
0.17414
0.24292
0.27530
0.31574
0.18528
0.27915
0.27132
0.26037
0.38870
0.19399
0.27788
0.21777
0.35160
0.32108
0.24432
0.27085
0.29265
0.29426
0.18679
0.31153
0.28032
0.26760
0.28434
0.25024
0.34725
0.25759
0.28853
0.24097
0.34771
0.23444
0.28320
0.23065
0.27052
0.28634
0.25401
0.19957
0.25251
0.26241
0.32635
0.21513
0.30999
0.23667
0.27325
0.28467
0.29399
0.30063
0.15305
0.22403
0.32527
0.33747
0.24669
0.28272
0.29056
0.26998
0.24559
0.20529
0.29735
0.29967
0.27098
0.23339
0.18779
0.29228
0.32116
0.25737
0.27261
0.23457
0.33827
0.29192
0.21890
0.19653
0.27635
0.28916
0.29388
0.28107
0.26602
0.36424
0.36029
0.15572
0.26654
0.33085
0.27677
0.25954
0.31021
0.33656
0.21792
0.20853
0.20796
0.26756
0.28646
0.36348
0.28363
0.30912
0.29878
0.24076
0.27296
0.29934
0.27100
0.17694
0.33221
0.22513
0.25023
0.35316
0.30628
0.23794
0.23966
0.25387
0.30774
0.33866
0.34637
0.25944
0.28339
0.18876
0.31678
0.32319
0.12020
0.28540
0.19674
0.23458
0.29594
0.25729
0.27175
0.23859
0.23136
0.22863
0.24936
0.24828
0.34937
0.29552
0.25362
0.20213
0.30959
0.24968
0.22535
0.21326
0.33607
0.29897
0.30069
0.25326
0.25762
0.30081
0.25957
0.24662
0.27296
0.17814
0.32518
0.26681
0.34475
0.25316
0.32200
0.36299
0.29014
0.28180
0.30022
0.17434
0.20139
0.29780
0.22333
0.31071
0.29907
0.30115
0.34334
0.38893
0.31731
0.33647
0.28073
0.30927
0.30696
0.37501
0.24648
0.27718
0.32886
0.33035
0.31011
0.32889
0.39772
0.19746
0.24354
0.35330
0.25200
0.33347
0.33495
0.26659
0.23313
0.35155
0.24433
0.29465
0.31817
0.29656
0.25529
0.25430
0.25842
0.26660
0.29555
0.32275
0.29734
0.26759
0.30201
0.27335
0.31716
0.28663
0.27151
0.12365
0.29818
0.31548
0.36581
0.27750
0.31419
0.38916
0.37889
0.25573
0.20909
0.29985
0.38841
0.29134
0.21510
0.30289
0.35085
0.26534
0.22866
0.32930
0.19915
0.28615
0.22657
0.31981
0.37412
0.43982
0.30287
0.31115
0.23538
0.39435
0.31379
0.31710
0.28120
0.35200
0.24354
0.18508
0.31640
0.46097
0.23910
0.41723
0.39565
0.21045
0.27222
0.37676
0.28735
0.30621
0.24270
0.28176
0.24755
0.28947
0.30189
0.29057
0.31721
0.37793
0.25454
0.27463
0.26133
0.20188
0.24626
0.38421
0.24948
0.14598
0.32031
0.18369
0.20303
0.42147
0.19006
0.25969
0.23047
0.24727
0.24518
0.43537
0.21903
0.31776
0.39745
0.24820
0.25320
0.23640
0.27832
0.21340
0.36326
0.20944
0.37211
0.34341
0.23882
0.24536
0.20105
0.35168
0.30644
0.21547
0.36284
0.42388
0.32051
0.29605
0.35459
0.37058
0.20615
0.28588
0.27448
0.38873
0.20955
0.25479
0.24301
0.35470
0.28510
0.26346
0.25248
0.33487
0.39714
0.23008
0.28585
0.30277
0.29101
0.29816
0.27168
0.38325
0.28526
0.27960
0.26597
0.27688
0.35700
0.26110
0.27577
0.24898
0.34344
0.25619
0.22276
0.27949
0.28892
0.25475
0.28057
0.12721
0.27706
0.18164
0.04225
0.13162
0.22160
0.22663
0.26677
0.21976
0.23460
0.36564
0.19365
0.06248
0.15736
0.02874
0.28375
0.25169
0.17365
0.23933
0.08766
0.13721
0.21623
0.24797
0.06987
0.13240
0.18803
0.23985
0.19248
0.21739
0.28339
0.04993
0.30483
0.24605
0.02875
0.05814
0.13581
0.23347
0.14792
0.22312
0.16642
0.27880
0.04221
0.11808
0.03331
0.11880
0.29113
0.16487
0.11077
0.16627
0.31294
0.14661
0.22680
0.22461
0.02307
0.30821
0.08356
0.03318
0.22590
0.19094
0.19898
0.10176
0.03102
0.20758
0.21060
0.26796
0.24609
0.03030
0.05565
0.20652
0.20557
0.22075
0.19848
0.14979
0.29156
0.13643
0.10722
0.22112
0.29322
0.06031
0.16998
0.16747
0.05255
0.05719
0.18719
0.11388
0.19994
0.22724
0.25739
0.19513
0.30048
0.25439
0.18919
0.22504
0.19318
0.18158
0.03065
0.25293
0.07369
0.05394
0.21715
0.23673
0.27277
0.25867
0.05731
0.05435
0.12843
0.24628
0.16055
0.27042
0.09766
0.17648
0.28694
0.15764
0.22748
0.10016
0.00397
0.02772
0.16561
0.04548
0.05348
0.28954
0.27185
0.06364
0.11743
0.02406
0.12235
0.06748
0.21101
