0.10116
0.11606
0.05996
0.23298
0.09053
0.14405
0.19330
0.12231
0.17872
0.03927
0.20893
0.11448
0.14400
0.11176
0.13044
0.21717
0.16244
0.08462
0.07019
0.14766
0.28180
0.13502
0.14458
0.03552
0.24844
0.13875
0.12565
0.24191
0.12562
0.12516
0.19539
0.24436
0.12334
0.09652
0.06356
0.09416
0.13983
0.10218
0.11141
0.15181
0.26069
0.23670
0.09750
0.15190
0.26546
0.20727
0.16673
0.22438
0.15172
0.15470
0.09897
0.16988
0.12754
0.25374
0.08914
0.21369
0.19086
0.09988
0.14665
0.08755
0.29310
0.25774
0.11477
0.20024
0.25849
0.31074
0.04157
0.16166
0.05278
0.05946
0.11854
0.29607
0.23509
0.15054
0.23426
0.11463
0.07534
0.04219
0.20440
0.12971
0.31002
0.13641
0.32052
0.26618
0.28072
0.32834
0.08969
0.06692
0.12199
0.24752
0.32572
0.20023
0.04687
0.26732
0.09031
0.15234
0.19391
0.21981
0.19601
0.14729
0.09644
0.17157
0.09900
0.11785
0.18878
0.29702
0.12080
0.13804
0.10829
0.25817
0.02556
0.26868
0.09926
0.18892
0.13075
0.15829
0.24868
0.05703
0.05943
0.16259
0.22596
0.08622
0.26511
0.00941
0.10284
0.10855
0.31736
0.27656
0.12659
0.25666
0.11415
0.09158
0.30542
0.34871
0.10657
0.09397
0.06212
0.26785
0.24840
0.07135
0.19979
0.03180
0.29819
0.17411
0.11155
0.23416
0.09992
0.34320
0.15699
0.09426
0.15362
0.26789
0.11364
0.30410
0.28213
0.32942
0.11997
0.19132
0.16078
0.16912
0.22443
0.28096
0.26330
0.26042
0.09280
0.09495
0.27392
0.27555
0.05122
0.22837
0.05613
0.22632
0.21409
0.03389
0.07932
0.22417
0.06978
0.06923
0.13461
0.24201
0.05314
0.09710
0.22414
0.12892
0.08786
0.12429
0.19118
0.25337
0.26764
0.19221
0.08528
0.08882
0.03929
0.18021
0.09744
0.27035
0.15195
0.13114
0.08486
0.29442
0.20138
0.07681
0.21050
0.14602
0.04667
0.25247
0.08722
0.19225
0.25780
0.10509
0.23404
0.21755
0.09688
0.27021
0.25763
0.24382
0.12137
0.22530
0.20019
0.32308
0.13189
0.18631
0.12986
0.08910
0.08545
0.06052
0.13443
0.16804
0.14923
0.07678
0.23850
0.07586
0.19342
0.10017
0.08534
0.29442
0.10962
0.02402
0.09924
0.25874
0.06170
0.28967
0.12134
0.11994
0.16036
0.20533
0.11324
0.03760
0.11224
0.10189
0.09556
0.10460
0.11205
0.28461
0.14339
0.15053
0.21273
0.06406
0.05130
0.14356
0.21088
0.16487
0.22238
0.14517
0.15462
0.18194
0.27878
0.09504
0.16332
0.05685
0.09619
0.12409
0.07390
0.03813
0.34498
0.17424
0.05653
0.23336
0.16149
0.08375
0.13321
0.31732
0.12225
0.07455
0.28774
0.12350
0.21460
0.16013
0.13944
0.15467
0.06438
0.04170
0.17432
0.24068
0.18100
0.09774
0.19183
0.14918
0.15895
0.14656
0.30302
0.24875
0.27465
0.16604
0.14917
0.29324
0.30516
0.33246
0.05474
0.25730
0.11974
0.25509
0.11945
0.08478
0.15218
0.09973
0.10398
0.14278
0.26419
0.10799
0.10433
0.03815
0.23871
0.13001
0.25954
0.17525
0.25382
0.22298
0.13857
0.08017
0.22363
0.19726
0.34839
0.24099
0.30889
0.23446
0.23315
0.27445
0.26751
0.28055
0.09011
0.07493
0.10108
0.23220
0.03898
0.03713
0.19218
0.13615
0.21852
0.11018
0.15818
0.08743
0.27339
0.25781
0.24484
0.20441
0.30555
0.08473
0.11150
0.30139
0.04854
0.17437
0.07251
0.05541
0.18237
0.05562
0.21907
0.27863
0.04784
0.07876
0.12982
0.24817
0.09876
0.06115
0.06508
0.08395
0.04298
0.05494
0.17384
0.07935
0.28998
0.14429
0.22022
0.11276
0.17869
0.29298
0.19825
0.26441
0.35539
0.14317
0.29682
0.30296
0.28866
0.30473
0.29098
0.23616
0.35245
0.24292
0.24987
0.26130
0.22530
0.29262
0.17216
0.37177
0.32084
0.27326
0.26364
0.21291
0.23421
0.33386
0.25831
0.21878
0.32789
0.34104
0.22041
0.25820
0.31835
0.27096
0.25431
0.25373
0.28013
0.31008
0.25783
0.21932
0.35346
0.23428
0.22710
0.29540
0.17941
0.30868
0.36015
0.29636
0.29247
0.30357
0.25690
0.23865
0.28061
0.33089
0.19135
0.28793
0.31887
0.24102
0.28718
0.28131
0.16687
0.28341
0.25216
0.28824
0.31847
0.29227
0.25883
0.18386
0.27825
0.36304
0.14149
0.27504
0.20598
0.15457
0.19492
0.34901
0.29831
0.32246
0.13883
0.35120
0.26961
0.27281
0.36634
0.30766
0.30211
0.29202
0.24206
0.26617
0.19062
0.35847
0.29206
0.23750
0.17237
0.31982
0.21081
0.26170
0.29272
0.25504
0.35258
0.32622
0.22589
0.32367
0.33741
0.17912
0.16524
0.25341
0.17435
0.18960
0.14397
0.27088
0.33907
0.24567
0.24536
0.23716
0.30167
0.22674
0.31238
0.22181
0.27291
0.18741
0.27825
0.28906
0.20907
0.16567
0.33674
0.30406
0.17218
0.26287
0.31448
0.25954
0.35444
0.31928
0.23059
0.28304
0.21113
0.29227
0.30549
0.24983
0.23949
0.22742
0.14362
0.30157
0.21172
0.28416
0.21870
0.29062
0.32550
0.29529
0.19112
0.23517
0.28583
0.21225
0.26765
0.18712
0.21839
0.20924
0.23345
0.21251
0.30484
0.32628
0.32277
0.22565
0.18651
0.32854
0.19419
0.19713
0.18760
0.30478
0.29050
0.17166
0.17306
0.26380
0.26175
0.20462
0.15047
0.22088
0.26807
0.21658
0.24924
0.25981
0.30352
0.18201
0.20066
0.26921
0.28879
0.19337
0.24330
0.23621
0.24500
0.37046
0.17971
0.26862
0.21773
0.36050
0.31513
0.22407
0.27568
0.25673
0.26982
0.18407
0.30485
0.27039
0.25177
0.29398
0.27998
0.35049
0.25299
0.29822
0.20547
0.34720
0.18958
0.28465
0.21009
0.24018
0.27526
0.23347
0.22437
0.25815
0.22327
0.30788
0.18788
0.31158
0.23454
0.26078
0.30383
0.29611
0.28922
0.13164
0.21779
0.32552
0.32635
0.22649
0.26321
0.28810
0.27283
0.23195
0.18031
0.31022
0.29175
0.26692
0.25135
0.17624
0.26093
0.31565
0.25046
0.25828
0.23689
0.34117
0.25847
0.17224
0.18045
0.29313
0.27830
0.29049
0.26763
0.23919
0.35501
0.35691
0.14504
0.25455
0.31445
0.23029
0.25068
0.29916
0.33913
0.23871
0.17098
0.20303
0.24899
0.25414
0.36197
0.26470
0.26684
0.26104
0.23888
0.26628
0.30696
0.29025
0.15269
0.32544
0.19598
0.23377
0.33831
0.29965
0.25594
0.22829
0.23505
0.30103
0.33166
0.34783
0.24023
0.28423
0.19378
0.27546
0.32133
0.11603
0.23184
0.20263
0.21687
0.27857
0.22220
0.25545
0.24701
0.24591
0.21701
0.21315
0.22357
0.33578
0.24921
0.27353
0.18522
0.31132
0.25107
0.23495
0.16900
0.32835
0.29201
0.31391
0.24438
0.21208
0.27886
0.25404
0.23891
0.27007
0.16148
0.31825
0.26424
0.33397
0.28863
0.31129
0.34024
0.26626
0.23870
0.28910
0.14516
0.17270
0.28719
0.19760
0.27664
0.30724
0.24795
0.30276
0.38073
0.31364
0.32302
0.27907
0.31188
0.28795
0.35999
0.21674
0.26492
0.32346
0.32321
0.28867
0.33627
0.39411
0.24026
0.25753
0.33397
0.21774
0.32700
0.31934
0.24188
0.24762
0.34529
0.23082
0.25415
0.32182
0.24805
0.22498
0.23307
0.25782
0.26165
0.29383
0.28885
0.29194
0.26411
0.30996
0.26875
0.31272
0.26648
0.25917
0.09695
0.33299
0.32466
0.35462
0.26934
0.30181
0.35538
0.35908
0.29831
0.19831
0.31631
0.37901
0.27886
0.17110
0.29094
0.34736
0.24994
0.21684
0.33548
0.24793
0.27695
0.21655
0.31338
0.35149
0.38889
0.31723
0.29866
0.28791
0.34436
0.31182
0.31467
0.23697
0.36019
0.26277
0.16301
0.33832
0.41192
0.25670
0.36884
0.37340
0.22504
0.25952
0.32245
0.31935
0.28133
0.27680
0.29382
0.19561
0.28913
0.25515
0.29501
0.29735
0.33991
0.24638
0.28795
0.25060
0.18803
0.27859
0.35614
0.22438
0.11344
0.32634
0.19230
0.20723
0.39598
0.14702
0.24004
0.20624
0.28343
0.22609
0.43591
0.20449
0.33467
0.36564
0.24922
0.21547
0.27694
0.24889
0.20812
0.35599
0.17911
0.37567
0.36785
0.23971
0.24383
0.24364
0.36210
0.27044
0.21677
0.33726
0.41273
0.28828
0.28809
0.35150
0.34360
0.22067
0.25493
0.28286
0.40498
0.22406
0.23749
0.23009
0.36309
0.27834
0.24442
0.26124
0.32302
0.36436
0.24526
0.29444
0.30840
0.29381
0.28397
0.24946
0.37141
0.28101
0.29889
0.28772
0.28289
0.31523
0.27139
0.26996
0.24040
0.32201
0.25543
0.21833
0.30934
0.27210
0.21518
0.27258
0.20091
0.30230
0.19664
0.05198
0.08906
0.22229
0.19375
0.28223
0.19735
0.24812
0.34912
0.26212
0.06057
0.15324
0.05001
0.29568
0.25914
0.19136
0.30743
0.05829
0.11177
0.18021
0.22837
0.09828
0.17014
0.24334
0.28197
0.23204
0.21581
0.28361
0.04379
0.34600
0.23352
0.04459
0.08506
0.06710
0.27866
0.15619
0.24039
0.21842
0.28572
0.01724
0.08868
0.05565
0.08541
0.26327
0.12260
0.09880
0.19065
0.30695
0.14497
0.29903
0.22641
0.04929
0.31598
0.07494
0.10371
0.28396
0.20362
0.23281
0.08019
0.07405
0.20185
0.19202
0.30268
0.23815
0.04657
0.04514
0.17128
0.20618
0.23771
0.19820
0.08337
0.23152
0.16954
0.14378
0.28688
0.28388
0.07515
0.13821
0.17949
0.06887
0.04815
0.23588
0.18925
0.19497
0.25551
0.30196
0.20899
0.33103
0.26764
0.28970
0.17568
0.17599
0.18674
0.04096
0.25934
0.10854
0.05574
0.22202
0.25513
0.26109
0.25216
0.03325
0.06243
0.12469
0.11417
0.19764
0.31793
0.08675
0.13895
0.32145
0.11488
0.24048
0.10678
0.05784
0.02447
0.17856
0.08926
0.07399
0.27897
0.28329
0.07297
0.14829
0.03025
0.04570
0.07620
0.30169
