0.10722
0.09767
0.06352
0.24559
0.08282
0.13459
0.21684
0.12789
0.19480
0.04068
0.20660
0.12248
0.13317
0.11546
0.17398
0.20007
0.12980
0.11642
0.04503
0.12730
0.28428
0.12220
0.16398
0.06970
0.21407
0.14753
0.06601
0.22117
0.08457
0.16026
0.14971
0.23227
0.14017
0.09549
0.10168
0.11054
0.12561
0.05340
0.10549
0.15366
0.28621
0.24072
0.08305
0.11575
0.30588
0.19116
0.16564
0.19863
0.19308
0.18027
0.09386
0.12275
0.13051
0.29903
0.11258
0.21872
0.21874
0.11891
0.10375
0.06971
0.26229
0.29599
0.14598
0.22819
0.29226
0.32154
0.05022
0.13338
0.11113
0.05269
0.11747
0.30998
0.31775
0.19608
0.24929
0.15232
0.09992
0.05775
0.21377
0.20405
0.29732
0.10867
0.32437
0.26838
0.26806
0.34985
0.10302
0.06782
0.13808
0.23797
0.31594
0.20226
0.06516
0.22758
0.06075
0.15498
0.19608
0.21419
0.19780
0.13113
0.09401
0.19107
0.12049
0.12352
0.18105
0.30992
0.14003
0.16997
0.12600
0.25982
0.06126
0.26128
0.09168
0.24313
0.10912
0.17681
0.24310
0.05402
0.07315
0.16726
0.24302
0.05839
0.26616
0.01122
0.10381
0.12028
0.24008
0.27331
0.18403
0.24849
0.08670
0.12921
0.29225
0.34999
0.13080
0.15147
0.06350
0.28992
0.28324
0.04928
0.13080
0.07924
0.28155
0.16996
0.14175
0.28047
0.07852
0.33537
0.15465
0.09258
0.17183
0.22955
0.09841
0.34014
0.30291
0.29845
0.12492
0.17282
0.16713
0.19950
0.24107
0.24135
0.26144
0.31878
0.09091
0.15786
0.26625
0.24289
0.10275
0.26295
0.03355
0.22020
0.19457
0.02691
0.08674
0.19677
0.05902
0.07086
0.15948
0.27334
0.09923
0.09793
0.22120
0.13291
0.06441
0.22017
0.22983
0.22701
0.24423
0.18854
0.12234
0.09781
0.06763
0.19254
0.15377
0.24311
0.17337
0.20393
0.10519
0.29018
0.21004
0.07366
0.20330
0.13151
0.06058
0.21789
0.07233
0.17043
0.25734
0.12210
0.25529
0.22909
0.13193
0.24178
0.23181
0.23084
0.11954
0.26139
0.18857
0.31862
0.08741
0.22245
0.13737
0.08341
0.08447
0.06109
0.16429
0.17202
0.15973
0.03122
0.21215
0.13520
0.27044
0.10645
0.05318
0.24929
0.09981
0.03566
0.11198
0.26060
0.06560
0.31659
0.10055
0.10988
0.13152
0.22190
0.11342
0.07813
0.07936
0.12248
0.11318
0.12814
0.12843
0.27083
0.14504
0.17711
0.21861
0.08060
0.05303
0.13055
0.18937
0.14180
0.21561
0.15680
0.12939
0.25921
0.26471
0.10316
0.19181
0.05536
0.08757
0.10833
0.07505
0.04936
0.35129
0.15677
0.04311
0.19078
0.15937
0.06041
0.14323
0.33663
0.13591
0.05486
0.27322
0.11172
0.17778
0.18071
0.15347
0.16451
0.08805
0.05076
0.17437
0.18250
0.13742
0.09974
0.15253
0.18999
0.19953
0.18739
0.32780
0.27360
0.28308
0.14871
0.07762
0.31834
0.29842
0.31359
0.02118
0.24852
0.10867
0.28824
0.15634
0.10656
0.13430
0.13954
0.12215
0.19081
0.24064
0.07168
0.06103
0.04816
0.24786
0.16473
0.23311
0.15726
0.23649
0.22542
0.11404
0.07176
0.20738
0.27792
0.34475
0.19829
0.32255
0.21658
0.22737
0.27976
0.27002
0.25624
0.06822
0.04811
0.13747
0.20318
0.06045
0.08142
0.19929
0.10749
0.22174
0.07883
0.15956
0.11691
0.25271
0.27398
0.25879
0.21069
0.30568
0.14247
0.13930
0.28816
0.07107
0.20405
0.06317
0.10552
0.20105
0.11783
0.25074
0.31629
0.07769
0.09226
0.14138
0.25653
0.11326
0.04365
0.04479
0.06637
0.05333
0.13568
0.15925
0.09497
0.28979
0.17578
0.18894
0.07356
0.20680
0.30866
0.17801
0.25602
0.35510
0.15614
0.28681
0.29961
0.27382
0.31237
0.28865
0.23997
0.34561
0.22711
0.23718
0.22747
0.23378
0.30214
0.18979
0.38011
0.32527
0.27003
0.22553
0.24101
0.24016
0.34557
0.29853
0.22798
0.32295
0.33227
0.18028
0.25139
0.32885
0.25857
0.24722
0.25183
0.26070
0.31961
0.24422
0.22733
0.35885
0.24052
0.22405
0.29834
0.18798
0.30739
0.35362
0.27389
0.28523
0.28212
0.27635
0.23758
0.28190
0.34060
0.20845
0.27429
0.32755
0.21151
0.30856
0.29975
0.17737
0.30894
0.25968
0.28985
0.32536
0.28608
0.27698
0.17846
0.30456
0.37024
0.15046
0.28044
0.18074
0.19086
0.19662
0.36431
0.30689
0.32703
0.15030
0.37020
0.27069
0.26928
0.37321
0.31606
0.26843
0.28448
0.23667
0.27694
0.20366
0.35643
0.28957
0.23405
0.15392
0.31284
0.20406
0.24598
0.29910
0.25753
0.35902
0.31413
0.21588
0.31579
0.32483
0.16212
0.17625
0.24913
0.17467
0.18406
0.15126
0.27687
0.34730
0.27092
0.27186
0.23793
0.28387
0.22567
0.27838
0.24786
0.28591
0.20253
0.28115
0.26489
0.18791
0.19370
0.34903
0.30547
0.18101
0.28497
0.32787
0.24207
0.35422
0.31058
0.24036
0.28517
0.21461
0.29207
0.31459
0.24902
0.26692
0.25437
0.14217
0.31706
0.21866
0.27333
0.22393
0.23999
0.28440
0.30211
0.19872
0.24775
0.28092
0.22224
0.26072
0.20364
0.24470
0.22414
0.23273
0.18810
0.29875
0.32714
0.31456
0.22213
0.19414
0.34324
0.19988
0.17681
0.17256
0.30972
0.28644
0.17139
0.17835
0.28151
0.26372
0.18348
0.15061
0.22824
0.27200
0.19533
0.25877
0.23716
0.31421
0.18013
0.21860
0.27481
0.24257
0.20395
0.30559
0.24804
0.24861
0.37378
0.18549
0.30246
0.20923
0.36359
0.31862
0.23789
0.26886
0.28562
0.28155
0.19708
0.32095
0.25794
0.22097
0.30064
0.27541
0.34810
0.21734
0.29712
0.21761
0.34498
0.20473
0.26091
0.21013
0.23619
0.28040
0.24874
0.21239
0.25884
0.23993
0.30360
0.18837
0.30949
0.21322
0.23231
0.29787
0.29855
0.27946
0.14348
0.19811
0.33080
0.33648
0.22632
0.23307
0.28425
0.25117
0.23884
0.17527
0.31429
0.27315
0.28479
0.24080
0.20941
0.29548
0.32693
0.24380
0.24072
0.24299
0.33610
0.29416
0.17764
0.19487
0.30032
0.26837
0.27696
0.25480
0.22713
0.35610
0.35635
0.14110
0.22786
0.32770
0.28609
0.25152
0.28599
0.35243
0.24665
0.18569
0.20611
0.23427
0.26912
0.35539
0.27708
0.28408
0.26159
0.23653
0.27019
0.30142
0.28763
0.15508
0.33055
0.20983
0.23128
0.35372
0.30276
0.24532
0.23084
0.23009
0.29045
0.32434
0.35988
0.25194
0.28492
0.20503
0.30571
0.31293
0.13254
0.26277
0.20197
0.21226
0.26753
0.24193
0.25569
0.25500
0.26103
0.19590
0.20160
0.21233
0.33738
0.27287
0.26401
0.19088
0.30224
0.25568
0.23162
0.17617
0.33364
0.28583
0.33709
0.24180
0.22922
0.27882
0.24940
0.21853
0.28314
0.17375
0.31916
0.25318
0.33656
0.27461
0.28002
0.34665
0.26225
0.23790
0.28971
0.16013
0.21387
0.27743
0.18772
0.29965
0.32700
0.26169
0.31880
0.38322
0.30921
0.32370
0.26478
0.31956
0.30335
0.35900
0.19954
0.26300
0.32672
0.32473
0.29402
0.33478
0.39007
0.22123
0.24679
0.31345
0.22662
0.32175
0.32881
0.21915
0.24937
0.35119
0.23747
0.25674
0.31648
0.25696
0.21956
0.22373
0.26751
0.27352
0.29072
0.28062
0.29194
0.24991
0.28760
0.27752
0.29459
0.25502
0.25263
0.13792
0.31280
0.31000
0.37228
0.29508
0.31939
0.39037
0.36012
0.28978
0.18837
0.30909
0.38741
0.27000
0.15867
0.30331
0.34381
0.24304
0.24131
0.32140
0.24054
0.26216
0.24310
0.31498
0.34909
0.42562
0.29152
0.31501
0.28549
0.35638
0.30750
0.28120
0.30819
0.35201
0.28488
0.19790
0.32297
0.44687
0.25670
0.37751
0.41454
0.17717
0.29872
0.32556
0.33716
0.30443
0.24984
0.29467
0.22752
0.29193
0.28620
0.29362
0.28775
0.35202
0.28354
0.27006
0.25989
0.20606
0.26003
0.38052
0.24623
0.13044
0.34551
0.15395
0.19350
0.38152
0.16506
0.23954
0.21427
0.26972
0.19248
0.43908
0.20646
0.33264
0.36725
0.25513
0.24053
0.26316
0.23854
0.19223
0.35196
0.16231
0.37111
0.34961
0.24657
0.24899
0.26474
0.34878
0.26917
0.21462
0.34490
0.42284
0.31545
0.28400
0.34372
0.36077
0.22843
0.26909
0.29080
0.39619
0.19541
0.20087
0.22538
0.35361
0.28123
0.25148
0.26873
0.29812
0.37369
0.24233
0.27994
0.32295
0.29856
0.29389
0.27036
0.36245
0.29772
0.23259
0.28451
0.31846
0.30959
0.24676
0.31791
0.24831
0.32997
0.26416
0.21957
0.30796
0.27981
0.23280
0.26635
0.20153
0.31695
0.23254
0.06170
0.19966
0.19246
0.15842
0.26813
0.18649
0.23210
0.31876
0.20649
0.11147
0.17936
0.02424
0.28191
0.20757
0.18028
0.28344
0.05987
0.18777
0.19641
0.20403
0.09066
0.13557
0.23483
0.27267
0.25895
0.21164
0.22499
0.05852
0.31204
0.23171
0.03993
0.10524
0.09589
0.26802
0.12638
0.17883
0.18195
0.30947
0.06049
0.04918
0.12363
0.08558
0.28151
0.12130
0.14879
0.23673
0.29965
0.15791
0.29732
0.20528
0.04693
0.26389
0.11958
0.07818
0.31926
0.18770
0.26144
0.07999
0.09062
0.21028
0.19284
0.27501
0.24667
0.01332
0.06239
0.16887
0.21188
0.26865
0.13145
0.06148
0.28112
0.10201
0.14650
0.30522
0.27897
0.12159
0.14073
0.15205
0.05889
0.05327
0.20825
0.20359
0.18308
0.22610
0.22713
0.20243
0.33649
0.26311
0.27582
0.16416
0.18812
0.16926
0.01409
0.25296
0.11709
0.05045
0.21873
0.22646
0.26406
0.21967
0.01514
0.06503
0.11011
0.17390
0.27136
0.30058
0.16629
0.20214
0.30104
0.08665
0.21640
0.11252
0.04096
0.03625
0.12813
0.08387
0.06096
0.25428
0.24600
0.09580
0.11158
0.04791
0.08803
0.04046
0.27674
