0.09594
0.10082
0.05280
0.27763
0.12849
0.14889
0.22272
0.15306
0.15297
0.07691
0.19504
0.13569
0.17030
0.11297
0.15103
0.20222
0.11628
0.13586
0.06311
0.12604
0.30946
0.14414
0.15731
0.08952
0.21591
0.17594
0.17821
0.24894
0.07950
0.17195
0.20805
0.27323
0.16080
0.11190
0.12652
0.10556
0.11543
0.07796
0.11947
0.16665
0.30391
0.26792
0.09150
0.12494
0.29398
0.22520
0.14800
0.21377
0.21714
0.16843
0.09605
0.16511
0.13510
0.31388
0.10392
0.23324
0.15142
0.12654
0.09125
0.09570
0.28776
0.30094
0.15394
0.25591
0.28503
0.32035
0.05394
0.17598
0.12715
0.03198
0.16065
0.30862
0.31195
0.18108
0.26403
0.13308
0.09676
0.03720
0.20311
0.16515
0.32558
0.20866
0.32145
0.27604
0.24553
0.37056
0.10010
0.07430
0.12099
0.26111
0.32110
0.15641
0.06534
0.26740
0.09151
0.14843
0.22591
0.23333
0.18233
0.14655
0.09992
0.20795
0.11966
0.13295
0.24210
0.32135
0.14355
0.16441
0.21208
0.27952
0.06121
0.22630
0.11448
0.26644
0.10786
0.19128
0.28386
0.03919
0.08593
0.17000
0.24935
0.10476
0.26896
0.01807
0.09602
0.09704
0.32411
0.27438
0.18830
0.25179
0.11365
0.14885
0.31424
0.32317
0.10403
0.12133
0.09713
0.31088
0.24024
0.04041
0.22615
0.04534
0.32144
0.22502
0.15027
0.26571
0.07547
0.35373
0.17596
0.09633
0.15063
0.28226
0.10997
0.33568
0.28739
0.32560
0.12345
0.14681
0.13731
0.17204
0.24009
0.25405
0.27598
0.33795
0.09718
0.14450
0.28755
0.24534
0.07191
0.23801
0.03587
0.24546
0.23845
0.04382
0.12474
0.22739
0.08624
0.11729
0.18347
0.29404
0.09854
0.10867
0.23178
0.16541
0.08271
0.21365
0.26381
0.21623
0.25408
0.23675
0.10983
0.11544
0.07414
0.17140
0.17688
0.23917
0.18767
0.21411
0.09408
0.28310
0.21274
0.06817
0.13870
0.17577
0.06596
0.22986
0.08004
0.20383
0.26123
0.08487
0.25771
0.24081
0.14279
0.26157
0.28893
0.23460
0.13387
0.31188
0.23252
0.34989
0.13093
0.22255
0.09218
0.07174
0.09840
0.07557
0.15302
0.19958
0.16441
0.10518
0.26357
0.07315
0.22731
0.11610
0.08218
0.25138
0.11725
0.06070
0.12765
0.27613
0.09606
0.28899
0.13225
0.10729
0.15938
0.20577
0.12393
0.06688
0.10938
0.10573
0.10525
0.15712
0.13062
0.21553
0.19440
0.17483
0.19191
0.09509
0.05252
0.14232
0.20740
0.15006
0.22794
0.20746
0.11896
0.23930
0.27783
0.10388
0.19979
0.07498
0.13362
0.13236
0.06098
0.05943
0.39471
0.16833
0.05488
0.22151
0.19617
0.09641
0.15195
0.33907
0.16722
0.07702
0.30563
0.13202
0.16782
0.16636
0.18423
0.18327
0.14375
0.07439
0.20297
0.23932
0.14265
0.10313
0.17196
0.18997
0.19658
0.19955
0.31591
0.28913
0.28655
0.20247
0.10821
0.29021
0.27899
0.34016
0.03167
0.27914
0.11374
0.31395
0.17623
0.07771
0.18981
0.15371
0.11642
0.18696
0.25310
0.08225
0.09917
0.12614
0.28007
0.14629
0.19361
0.11053
0.25527
0.23498
0.16028
0.06977
0.20797
0.32261
0.38814
0.23399
0.33777
0.25622
0.25895
0.29726
0.27463
0.27566
0.07269
0.06498
0.18809
0.24992
0.06193
0.07887
0.20140
0.16527
0.24423
0.14581
0.18833
0.13126
0.28581
0.28053
0.25206
0.19348
0.32650
0.14455
0.21833
0.32444
0.04207
0.25650
0.06248
0.10463
0.22668
0.09441
0.23738
0.33129
0.07343
0.08896
0.14617
0.25535
0.09873
0.03111
0.07927
0.07585
0.05308
0.09378
0.20588
0.07953
0.30051
0.17426
0.23267
0.13023
0.18335
0.29943
0.19393
0.26920
0.36264
0.20628
0.31335
0.30289
0.28580
0.33034
0.29012
0.24053
0.36669
0.24623
0.24093
0.26024
0.21942
0.29920
0.20108
0.37806
0.34731
0.25062
0.25184
0.24399
0.25936
0.34425
0.29436
0.24215
0.30546
0.33839
0.21850
0.26110
0.34742
0.25127
0.23035
0.26699
0.29490
0.31953
0.24145
0.21975
0.35726
0.25532
0.23368
0.32320
0.21581
0.28857
0.35390
0.29244
0.29739
0.30698
0.29472
0.24946
0.27482
0.33759
0.21946
0.28437
0.32893
0.27707
0.28988
0.30228
0.24535
0.30236
0.25458
0.28401
0.31310
0.28876
0.27331
0.17711
0.29288
0.37222
0.15019
0.28249
0.21844
0.20884
0.22588
0.34792
0.28816
0.33456
0.18056
0.35698
0.27080
0.25668
0.36629
0.28690
0.29893
0.27374
0.25532
0.28849
0.17660
0.38779
0.28631
0.22181
0.18804
0.31904
0.19202
0.23324
0.29314
0.26261
0.36076
0.30988
0.21868
0.33111
0.29197
0.18676
0.16250
0.29538
0.18823
0.17985
0.15864
0.30717
0.34484
0.27459
0.26750
0.24361
0.30369
0.20096
0.30533
0.28091
0.28911
0.22555
0.28656
0.29173
0.21963
0.15862
0.33250
0.31781
0.18019
0.31238
0.31440
0.27356
0.35426
0.31835
0.23848
0.26176
0.21222
0.28612
0.29874
0.27688
0.28165
0.23942
0.17912
0.31635
0.22399
0.28245
0.22573
0.28013
0.32082
0.28142
0.17435
0.24160
0.28923
0.21535
0.28774
0.18972
0.25724
0.24389
0.21799
0.21908
0.29491
0.31610
0.33519
0.22874
0.18685
0.33059
0.22085
0.19186
0.21470
0.29820
0.32680
0.16680
0.19949
0.29413
0.27753
0.19844
0.16231
0.21713
0.26055
0.21909
0.25034
0.25771
0.31750
0.16578
0.26651
0.25687
0.28290
0.19405
0.29377
0.28578
0.25791
0.36343
0.19683
0.31118
0.24086
0.37563
0.32531
0.25502
0.26569
0.28985
0.27521
0.19814
0.30668
0.30879
0.25920
0.28436
0.28339
0.34115
0.25707
0.28801
0.25102
0.35032
0.24014
0.27472
0.23656
0.26472
0.26383
0.27279
0.23333
0.26411
0.28125
0.31925
0.23574
0.30634
0.24115
0.26571
0.28172
0.29528
0.31884
0.15012
0.22769
0.33299
0.32831
0.25245
0.28285
0.30283
0.25683
0.23120
0.21047
0.29841
0.28955
0.27665
0.25045
0.17721
0.29498
0.31367
0.23895
0.25360
0.23126
0.32116
0.28596
0.21425
0.21520
0.28398
0.29819
0.29728
0.26711
0.28591
0.35768
0.36726
0.14931
0.25470
0.32356
0.29213
0.27616
0.31090
0.33562
0.23276
0.22226
0.21180
0.25993
0.28208
0.36173
0.32603
0.28513
0.28564
0.21994
0.24636
0.27723
0.27566
0.19372
0.33590
0.25835
0.23110
0.33940
0.30168
0.25975
0.25438
0.24459
0.29983
0.34286
0.33758
0.26623
0.28635
0.19509
0.30106
0.33077
0.14179
0.26150
0.18630
0.24663
0.27464
0.22637
0.27793
0.23132
0.26160
0.21978
0.24412
0.26967
0.35052
0.27632
0.26673
0.19734
0.28489
0.25543
0.24529
0.20780
0.33595
0.28187
0.34204
0.28551
0.24289
0.28642
0.27064
0.23469
0.27103
0.19118
0.33098
0.27870
0.34398
0.27464
0.30482
0.35354
0.26969
0.25484
0.30311
0.20969
0.20971
0.30373
0.24748
0.30330
0.30846
0.29534
0.32970
0.38587
0.30734
0.33027
0.25694
0.31740
0.29346
0.37483
0.25118
0.27267
0.32142
0.31875
0.29636
0.33531
0.38873
0.24010
0.25911
0.35697
0.25455
0.30900
0.31885
0.27012
0.26287
0.36210
0.23674
0.27003
0.31513
0.27035
0.23669
0.23958
0.27354
0.27024
0.29395
0.32242
0.28201
0.24136
0.30874
0.28099
0.30489
0.27880
0.29691
0.15494
0.34848
0.33486
0.35574
0.32247
0.31969
0.39856
0.40234
0.27882
0.17916
0.30484
0.39041
0.28784
0.19015
0.31273
0.34178
0.23713
0.23907
0.32269
0.23678
0.27010
0.24184
0.34339
0.36114
0.39057
0.29930
0.30942
0.28793
0.39865
0.29785
0.29785
0.30965
0.37278
0.27768
0.16020
0.30936
0.45054
0.23837
0.40803
0.40404
0.21604
0.29324
0.35589
0.31378
0.28646
0.24490
0.29171
0.24691
0.28817
0.30243
0.29547
0.29078
0.37853
0.28022
0.28409
0.22453
0.21272
0.27044
0.40870
0.23502
0.09119
0.32800
0.16783
0.19688
0.42256
0.15540
0.28190
0.20531
0.28593
0.26111
0.45656
0.19028
0.33140
0.39698
0.25279
0.21945
0.25539
0.25561
0.19070
0.37434
0.17894
0.36712
0.34563
0.26528
0.24653
0.24939
0.34584
0.29993
0.20889
0.32895
0.42844
0.33652
0.28263
0.37562
0.37686
0.21814
0.24559
0.29040
0.38345
0.18876
0.23302
0.24164
0.36861
0.28229
0.25900
0.27376
0.34971
0.35676
0.22840
0.29535
0.35024
0.29845
0.29176
0.26376
0.39924
0.29404
0.27804
0.28195
0.32188
0.34978
0.28267
0.31986
0.24065
0.31598
0.25324
0.24201
0.32765
0.29520
0.25738
0.27243
0.21241
0.33394
0.22399
0.05601
0.18224
0.17349
0.24315
0.31839
0.19483
0.22211
0.32572
0.22831
0.05307
0.25194
0.03013
0.28801
0.26930
0.22522
0.28752
0.06515
0.14032
0.19487
0.18533
0.06452
0.08217
0.21594
0.29147
0.19320
0.21340
0.28669
0.09616
0.28012
0.23312
0.02573
0.10000
0.11533
0.27133
0.06857
0.23197
0.18362
0.30086
0.10166
0.09371
0.08258
0.05486
0.31277
0.15830
0.13158
0.16721
0.27549
0.12974
0.26059
0.20972
0.08417
0.28206
0.17461
0.05464
0.30759
0.17981
0.25309
0.09323
0.08851
0.20834
0.18452
0.31303
0.21739
0.03986
0.07217
0.13277
0.21525
0.26036
0.19796
0.13092
0.25101
0.21738
0.16114
0.24115
0.30807
0.13262
0.12800
0.22606
0.09459
0.04402
0.22802
0.20649
0.20031
0.26250
0.24481
0.20310
0.31633
0.25402
0.25073
0.23914
0.23686
0.24449
0.03563
0.25129
0.14134
0.09152
0.21925
0.22767
0.29219
0.26164
0.05404
0.06514
0.18733
0.23972
0.25567
0.24502
0.15351
0.24969
0.24975
0.12559
0.18963
0.17810
0.04183
0.03731
0.19494
0.09931
0.08232
0.28875
0.24752
0.09304
0.12834
0.02936
0.03618
0.07096
0.27057
