0.12421
0.11063
0.09892
0.25912
0.12250
0.15164
0.26087
0.16487
0.21007
0.05542
0.25883
0.16474
0.18641
0.10860
0.12491
0.21084
0.13689
0.16327
0.13189
0.16422
0.26878
0.13021
0.17792
0.05554
0.25522
0.16191
0.14795
0.24466
0.13760
0.17795
0.21452
0.26983
0.13787
0.10680
0.13976
0.09094
0.12777
0.09106
0.17129
0.15552
0.27763
0.27410
0.15966
0.14519
0.27986
0.25662
0.19139
0.26931
0.19849
0.16473
0.10187
0.15388
0.17682
0.27807
0.11531
0.24438
0.18607
0.16299
0.15985
0.10022
0.29671
0.28208
0.15370
0.19239
0.27458
0.28731
0.05248
0.17540
0.12323
0.08339
0.15536
0.31568
0.26782
0.17332
0.26176
0.14535
0.08596
0.07208
0.22913
0.15091
0.31309
0.20379
0.32947
0.25144
0.26822
0.33838
0.09317
0.08619
0.16047
0.28820
0.32406
0.22245
0.09211
0.26777
0.12447
0.13628
0.20418
0.20188
0.19403
0.14773
0.09078
0.18310
0.10690
0.10687
0.24648
0.27571
0.16075
0.14501
0.19165
0.29035
0.06519
0.25343
0.11522
0.26333
0.14434
0.15656
0.24931
0.07996
0.06883
0.17662
0.28161
0.12083
0.27326
0.03331
0.10121
0.18003
0.29165
0.27329
0.18078
0.24568
0.12251
0.12334
0.33288
0.30950
0.09151
0.14522
0.08258
0.24739
0.28532
0.08300
0.20671
0.06848
0.28330
0.18379
0.11555
0.25547
0.12404
0.33236
0.18923
0.08903
0.14679
0.28088
0.10465
0.31864
0.27658
0.31908
0.11746
0.18029
0.13661
0.16333
0.28278
0.30061
0.29818
0.31765
0.09729
0.12927
0.30600
0.26225
0.09996
0.21133
0.07165
0.26754
0.24069
0.04916
0.12420
0.20383
0.07249
0.06217
0.16430
0.28125
0.10278
0.10117
0.20775
0.15944
0.11424
0.14750
0.25809
0.25652
0.26191
0.24822
0.15044
0.09688
0.03333
0.16285
0.11974
0.24309
0.22962
0.21264
0.09049
0.28501
0.24094
0.15657
0.21961
0.18110
0.07476
0.26255
0.12613
0.25887
0.24904
0.10675
0.23075
0.25068
0.12460
0.22112
0.26514
0.24717
0.12379
0.25159
0.23545
0.31482
0.16590
0.22410
0.14532
0.08114
0.10785
0.05140
0.18201
0.18303
0.17747
0.09348
0.27659
0.09771
0.25518
0.15035
0.07541
0.26289
0.11242
0.04196
0.10116
0.30151
0.08876
0.27614
0.11890
0.12190
0.11211
0.21342
0.10410
0.08780
0.17736
0.11006
0.10563
0.12313
0.10728
0.22527
0.14470
0.15871
0.20568
0.06328
0.08243
0.11953
0.21560
0.17872
0.22369
0.15560
0.19994
0.23985
0.29690
0.09382
0.18140
0.05436
0.09296
0.11749
0.10534
0.05885
0.35006
0.18507
0.05698
0.21452
0.17531
0.10319
0.16960
0.30280
0.14290
0.10066
0.28232
0.11657
0.22418
0.16252
0.18076
0.11814
0.13484
0.07579
0.21415
0.24316
0.17707
0.09281
0.16853
0.13716
0.19770
0.19329
0.32485
0.29605
0.26162
0.18931
0.16341
0.29185
0.32627
0.32132
0.03180
0.27946
0.10744
0.25757
0.12814
0.11568
0.17848
0.16108
0.11844
0.18357
0.24433
0.09905
0.10949
0.09027
0.25827
0.15850
0.28174
0.15541
0.24148
0.23513
0.15658
0.09711
0.23046
0.25016
0.36529
0.27300
0.31195
0.22232
0.24225
0.29229
0.28401
0.27220
0.06638
0.08670
0.15768
0.22183
0.07899
0.04533
0.20177
0.18168
0.25251
0.14229
0.18680
0.10114
0.26229
0.26097
0.24894
0.22024
0.29397
0.16447
0.10901
0.33724
0.10516
0.21982
0.10740
0.10658
0.20972
0.05467
0.25593
0.31571
0.07579
0.15205
0.15013
0.24658
0.11009
0.06878
0.06995
0.10475
0.08164
0.13802
0.20496
0.09562
0.27463
0.18141
0.24390
0.12092
0.17734
0.27763
0.17871
0.25431
0.35787
0.14621
0.27674
0.30855
0.27500
0.27399
0.28867
0.24604
0.34779
0.24866
0.26827
0.25811
0.24630
0.28115
0.18171
0.37443
0.32470
0.26455
0.24323
0.25664
0.23752
0.35097
0.28545
0.21939
0.31755
0.33745
0.21046
0.24248
0.32200
0.27964
0.27226
0.25918
0.27053
0.31316
0.22937
0.21719
0.34254
0.24200
0.22332
0.30001
0.19246
0.31011
0.35079
0.28943
0.31022
0.31297
0.27354
0.24806
0.26427
0.32462
0.20007
0.25034
0.31499
0.20524
0.26756
0.31110
0.16884
0.29316
0.27604
0.27753
0.30744
0.29112
0.24542
0.18616
0.27940
0.35476
0.16176
0.28301
0.19076
0.16532
0.19792
0.35896
0.31162
0.31158
0.15592
0.35230
0.26773
0.26970
0.35823
0.30713
0.26002
0.29247
0.22934
0.29089
0.18958
0.35027
0.27002
0.22192
0.17724
0.33309
0.18722
0.26682
0.29578
0.25887
0.34060
0.32022
0.22138
0.31745
0.31319
0.14561
0.14526
0.27117
0.17378
0.20426
0.19009
0.27898
0.33186
0.24954
0.24802
0.24564
0.27259
0.24075
0.30670
0.23293
0.25323
0.17354
0.27490
0.26944
0.21486
0.16497
0.33914
0.29069
0.19577
0.26361
0.31984
0.27477
0.34588
0.30292
0.24243
0.22972
0.22677
0.29526
0.30289
0.26742
0.25733
0.23053
0.15492
0.29286
0.21938
0.25655
0.23730
0.25574
0.32098
0.29004
0.21761
0.24164
0.28522
0.21878
0.24889
0.20073
0.23148
0.18970
0.21769
0.18482
0.31398
0.32360
0.32699
0.21583
0.20819
0.32653
0.17732
0.21113
0.21430
0.30306
0.29230
0.18109
0.17630
0.25880
0.27023
0.20586
0.15318
0.22336
0.26066
0.20133
0.25809
0.22996
0.29497
0.18906
0.23032
0.27683
0.26524
0.19994
0.25571
0.23182
0.24941
0.35875
0.18805
0.27313
0.23979
0.36695
0.31244
0.22974
0.28037
0.27041
0.26251
0.19970
0.30004
0.26065
0.23294
0.28978
0.27998
0.33608
0.22711
0.27731
0.17856
0.33872
0.19572
0.25138
0.22143
0.21675
0.27224
0.24417
0.21920
0.21442
0.23799
0.30675
0.17493
0.30663
0.23868
0.23186
0.29125
0.27781
0.30182
0.13475
0.20824
0.32711
0.31997
0.22543
0.25487
0.26767
0.26441
0.22448
0.20188
0.30143
0.29648
0.26365
0.24465
0.18977
0.28262
0.31491
0.27067
0.26019
0.23863
0.32389
0.27590
0.16990
0.16761
0.28736
0.29188
0.25832
0.23313
0.23194
0.35036
0.34665
0.15911
0.22306
0.31712
0.27719
0.23308
0.31041
0.33622
0.23625
0.18852
0.21341
0.21277
0.25086
0.36460
0.28088
0.29679
0.26978
0.24039
0.28686
0.29102
0.27901
0.16481
0.32835
0.20125
0.23463
0.33565
0.29121
0.22423
0.26585
0.21482
0.29133
0.32802
0.34051
0.21936
0.28948
0.21168
0.30111
0.30617
0.11777
0.24374
0.21063
0.20597
0.27200
0.23189
0.24867
0.24183
0.25475
0.21021
0.20850
0.24244
0.33831
0.27932
0.23829
0.18179
0.28822
0.24216
0.24577
0.16271
0.31953
0.29481
0.33356
0.24859
0.25117
0.27135
0.27656
0.21219
0.27470
0.17151
0.31737
0.26584
0.34190
0.26913
0.30533
0.34482
0.27168
0.24587
0.27539
0.13591
0.19329
0.24492
0.19412
0.26060
0.30932
0.27247
0.31201
0.37973
0.30320
0.32490
0.27271
0.29646
0.29578
0.35129
0.24302
0.28873
0.31746
0.31400
0.29010
0.31280
0.38112
0.24295
0.22597
0.32762
0.21752
0.32478
0.33365
0.25068
0.24261
0.33729
0.23082
0.21704
0.30982
0.25396
0.22210
0.22750
0.26327
0.29323
0.28696
0.30655
0.28545
0.26399
0.30351
0.26083
0.30208
0.25832
0.26302
0.14476
0.32977
0.30753
0.34015
0.28277
0.32756
0.35510
0.38063
0.26353
0.18924
0.28355
0.37800
0.27975
0.15562
0.30066
0.35536
0.25674
0.20993
0.31942
0.23985
0.27711
0.23297
0.34363
0.35267
0.38677
0.28321
0.30072
0.27044
0.36609
0.26649
0.29018
0.28569
0.34410
0.27456
0.18998
0.32431
0.41649
0.26929
0.38314
0.35612
0.22096
0.27591
0.31395
0.25271
0.28291
0.22659
0.29085
0.19553
0.28550
0.30446
0.26211
0.29027
0.34178
0.27800
0.27714
0.28048
0.18545
0.25505
0.36504
0.22811
0.14862
0.34501
0.17520
0.19454
0.38309
0.18877
0.23024
0.22132
0.32040
0.23121
0.43041
0.19996
0.32763
0.37245
0.24927
0.22611
0.25500
0.24049
0.21267
0.35905
0.22759
0.35721
0.35950
0.27068
0.22487
0.20368
0.34962
0.26986
0.20932
0.33038
0.40793
0.29173
0.26327
0.35534
0.33906
0.21302
0.29254
0.28633
0.39918
0.18661
0.23100
0.23885
0.35190
0.26304
0.25212
0.27428
0.31494
0.35726
0.23054
0.29329
0.31697
0.30221
0.28162
0.24118
0.36566
0.30670
0.24806
0.28274
0.28297
0.29913
0.24504
0.32719
0.25118
0.33039
0.25537
0.23814
0.30933
0.27015
0.22743
0.29149
0.17237
0.30001
0.20764
0.06588
0.11304
0.25287
0.17598
0.28150
0.18522
0.22218
0.31499
0.23350
0.08187
0.19686
0.04686
0.29518
0.22915
0.19054
0.28057
0.08730
0.13766
0.18625
0.22390
0.03735
0.08642
0.22434
0.28011
0.16657
0.20712
0.30145
0.07261
0.31057
0.22909
0.12424
0.12421
0.13423
0.27060
0.15941
0.25710
0.20843
0.31306
0.05787
0.07305
0.04975
0.04914
0.26896
0.13577
0.14715
0.23049
0.32290
0.12264
0.29457
0.20850
0.12783
0.27160
0.09607
0.06431
0.30201
0.18266
0.26024
0.06617
0.10325
0.20379
0.20437
0.27424
0.27989
0.03086
0.06072
0.18507
0.19837
0.20914
0.24021
0.16410
0.23138
0.18278
0.19848
0.26522
0.27234
0.13219
0.10022
0.18312
0.12600
0.03393
0.26571
0.13928
0.19726
0.24895
0.29070
0.19949
0.31516
0.23720
0.24856
0.16796
0.22678
0.16887
0.01839
0.22247
0.13000
0.08971
0.19576
0.25795
0.30666
0.22468
0.04951
0.07893
0.11325
0.21788
0.24549
0.29760
0.10226
0.21097
0.29517
0.13700
0.21961
0.17378
0.05463
0.08869
0.16861
0.05574
0.07693
0.24712
0.31202
0.07282
0.10388
0.08312
0.08731
0.13821
0.27983
