0.10015
0.10884
0.06445
0.23144
0.08326
0.14000
0.24634
0.13636
0.17470
0.05792
0.20505
0.15427
0.13915
0.14433
0.12133
0.20718
0.09577
0.11783
0.11379
0.15563
0.29959
0.11815
0.14908
0.05844
0.23256
0.15557
0.13127
0.21844
0.10437
0.15273
0.10851
0.24910
0.15670
0.10081
0.07055
0.09549
0.14578
0.07793
0.08910
0.12934
0.26865
0.25208
0.09660
0.15083
0.26762
0.20465
0.15302
0.19852
0.16451
0.13139
0.09343
0.14253
0.15582
0.28846
0.08953
0.25171
0.22666
0.11326
0.14557
0.07849
0.25528
0.29208
0.11909
0.22651
0.28869
0.31714
0.07024
0.17943
0.09937
0.02924
0.12624
0.33120
0.27951
0.14984
0.24385
0.10747
0.06217
0.03652
0.21171
0.15402
0.30691
0.19786
0.33183
0.26696
0.24898
0.32981
0.10040
0.06635
0.13659
0.25270
0.29839
0.18893
0.06752
0.24475
0.06909
0.13176
0.22061
0.21856
0.19536
0.15069
0.09724
0.13681
0.12135
0.12093
0.24357
0.28564
0.12327
0.15395
0.18303
0.28330
0.03950
0.25000
0.07284
0.27299
0.12779
0.13068
0.27587
0.05484
0.07368
0.19729
0.19996
0.05214
0.27482
0.02281
0.09034
0.13964
0.25953
0.19992
0.14873
0.24562
0.06435
0.08933
0.26879
0.33646
0.11759
0.13180
0.06654
0.29516
0.26294
0.06636
0.15541
0.02063
0.29655
0.12485
0.14678
0.24274
0.07832
0.35360
0.18207
0.09343
0.14160
0.26737
0.10286
0.31534
0.30200
0.33688
0.10496
0.15981
0.15755
0.13644
0.20231
0.21400
0.25911
0.31586
0.09390
0.08426
0.25013
0.23734
0.08684
0.24784
0.06108
0.21786
0.20667
0.04160
0.08873
0.20574
0.04582
0.06772
0.12786
0.24173
0.05647
0.11348
0.24793
0.12756
0.08297
0.11561
0.23324
0.26742
0.25194
0.16821
0.09756
0.06614
0.05153
0.15750
0.11823
0.21252
0.19374
0.12542
0.08996
0.26443
0.20605
0.04625
0.16319
0.13699
0.04851
0.20371
0.12376
0.18793
0.24106
0.07284
0.26219
0.20484
0.08488
0.23636
0.25069
0.25153
0.13273
0.25267
0.23747
0.31139
0.11219
0.16554
0.10568
0.04409
0.07304
0.06197
0.17374
0.16162
0.12154
0.02890
0.23918
0.10845
0.24431
0.11727
0.06189
0.27835
0.11604
0.03769
0.11310
0.26065
0.09859
0.29412
0.10115
0.12075
0.15329
0.19582
0.11140
0.02178
0.10782
0.11092
0.11349
0.09792
0.08803
0.19456
0.13465
0.15822
0.18857
0.04032
0.05597
0.13650
0.20765
0.12407
0.20225
0.15241
0.14642
0.19388
0.29646
0.10177
0.16859
0.04654
0.07804
0.12661
0.06068
0.04759
0.32655
0.18305
0.07453
0.17345
0.11406
0.07030
0.12337
0.32313
0.12399
0.06896
0.30374
0.11604
0.23826
0.15302
0.14370
0.14960
0.08963
0.03480
0.19983
0.20785
0.15820
0.09635
0.15079
0.12479
0.17614
0.10434
0.27897
0.24218
0.26017
0.11180
0.10768
0.29539
0.28816
0.33534
0.06037
0.24671
0.12547
0.27067
0.13565
0.07153
0.14501
0.13845
0.08119
0.18660
0.23277
0.07302
0.09194
0.07217
0.23278
0.12417
0.24949
0.10479
0.27035
0.18808
0.15388
0.04432
0.20773
0.26731
0.34577
0.26565
0.28510
0.22070
0.24623
0.27435
0.27236
0.20875
0.07011
0.07979
0.12202
0.24470
0.05543
0.05498
0.17574
0.10056
0.25842
0.06292
0.15841
0.12204
0.28337
0.26177
0.21655
0.17368
0.29793
0.11183
0.14726
0.31983
0.04202
0.16054
0.07421
0.08517
0.24263
0.04568
0.23602
0.32258
0.05940
0.06125
0.13330
0.26952
0.10817
0.04718
0.06940
0.07162
0.06223
0.08988
0.16202
0.05490
0.27086
0.16040
0.18338
0.10387
0.18920
0.29407
0.20862
0.27666
0.35023
0.18711
0.28889
0.31540
0.29969
0.32891
0.28199
0.27469
0.35689
0.26365
0.23590
0.26863
0.23400
0.30904
0.17262
0.38170
0.33104
0.27640
0.27729
0.26125
0.27652
0.35995
0.27580
0.23923
0.32306
0.34387
0.23020
0.27492
0.32312
0.28231
0.25499
0.25658
0.30724
0.31291
0.27505
0.22713
0.35474
0.26497
0.22526
0.32362
0.22038
0.32130
0.36351
0.30754
0.31688
0.31526
0.29775
0.25894
0.30987
0.33632
0.20628
0.31483
0.32698
0.24539
0.28223
0.31839
0.18728
0.30946
0.25672
0.28068
0.30837
0.30837
0.27460
0.17435
0.30053
0.36342
0.12338
0.29100
0.21167
0.21359
0.21183
0.36056
0.31259
0.32729
0.17362
0.35606
0.27081
0.30112
0.35934
0.30700
0.32243
0.29498
0.24451
0.28551
0.19864
0.36052
0.29704
0.24103
0.17682
0.33091
0.22076
0.28038
0.29806
0.26905
0.35651
0.31843
0.21597
0.33492
0.31947
0.17028
0.18113
0.30899
0.17680
0.17535
0.16673
0.28841
0.34448
0.29683
0.27665
0.25055
0.30872
0.22165
0.31231
0.26354
0.28831
0.19479
0.28534
0.28264
0.21909
0.18201
0.35597
0.27939
0.19810
0.29991
0.31176
0.26512
0.36129
0.30866
0.24441
0.26397
0.22271
0.29257
0.30933
0.31217
0.27777
0.25724
0.15603
0.31823
0.24167
0.30310
0.25313
0.30302
0.32060
0.28288
0.22729
0.23076
0.30105
0.20704
0.30913
0.20262
0.23834
0.23259
0.23137
0.21200
0.32079
0.32667
0.33286
0.24024
0.22651
0.32577
0.20132
0.19970
0.20891
0.30246
0.30037
0.14666
0.19799
0.27969
0.28591
0.21796
0.15291
0.19946
0.25950
0.24514
0.24138
0.26641
0.32046
0.18383
0.24460
0.27771
0.28671
0.19969
0.31497
0.25850
0.24212
0.39234
0.18746
0.30047
0.22725
0.36680
0.31659
0.25928
0.28456
0.29774
0.28457
0.19405
0.31621
0.28441
0.28228
0.28237
0.26296
0.34153
0.23030
0.26448
0.22702
0.35298
0.25527
0.28374
0.22474
0.26926
0.27770
0.26095
0.21448
0.24095
0.24503
0.32744
0.22765
0.32038
0.25343
0.28080
0.30015
0.29798
0.30211
0.14969
0.24024
0.32609
0.32291
0.26789
0.30669
0.31467
0.27813
0.25365
0.22549
0.29872
0.30173
0.27411
0.25793
0.17554
0.29895
0.31833
0.27050
0.27600
0.22453
0.33045
0.30849
0.21009
0.20020
0.27896
0.29244
0.29516
0.26958
0.24226
0.36040
0.35019
0.15529
0.23259
0.31251
0.27847
0.28601
0.32104
0.33159
0.25404
0.20394
0.19060
0.27430
0.30012
0.35861
0.28626
0.30885
0.30630
0.24386
0.26161
0.30919
0.28327
0.17760
0.33256
0.20492
0.24216
0.34088
0.32044
0.25464
0.25493
0.25834
0.29606
0.34643
0.33443
0.23307
0.27547
0.21442
0.31560
0.31455
0.11453
0.27618
0.19413
0.23262
0.29608
0.23647
0.27794
0.25816
0.27615
0.22954
0.22178
0.23695
0.33283
0.29377
0.27581
0.19012
0.29548
0.24923
0.22641
0.22007
0.32617
0.28855
0.34476
0.24360
0.27329
0.30924
0.25020
0.24136
0.27696
0.17666
0.33337
0.26606
0.32514
0.27471
0.32351
0.35279
0.29769
0.27643
0.30998
0.20014
0.22565
0.30704
0.20788
0.30850
0.31164
0.29809
0.32589
0.38977
0.31029
0.32290
0.27171
0.31034
0.31336
0.35729
0.26914
0.27832
0.32780
0.33085
0.30462
0.32631
0.39432
0.21215
0.25958
0.33220
0.23173
0.31075
0.34088
0.25972
0.22018
0.34809
0.23714
0.29572
0.31948
0.29724
0.25517
0.25621
0.26200
0.27985
0.28588
0.31878
0.29389
0.26594
0.30033
0.27264
0.30863
0.29635
0.26594
0.15384
0.33856
0.31977
0.35372
0.30309
0.31399
0.41028
0.41714
0.27869
0.19132
0.30736
0.38118
0.29320
0.18326
0.29994
0.34865
0.25674
0.23557
0.31470
0.21696
0.26756
0.25576
0.30032
0.37186
0.42578
0.24768
0.32468
0.24570
0.37055
0.24750
0.30884
0.28002
0.32644
0.27757
0.21438
0.30877
0.44049
0.27004
0.40003
0.42486
0.21703
0.26179
0.37003
0.28470
0.28907
0.22824
0.25695
0.23851
0.31030
0.30827
0.27037
0.30747
0.35733
0.28019
0.27264
0.26688
0.20159
0.23893
0.41204
0.22764
0.14228
0.35185
0.12772
0.21466
0.42170
0.19029
0.28404
0.23674
0.24617
0.23295
0.43167
0.21120
0.34412
0.39562
0.24433
0.21385
0.25488
0.23830
0.15672
0.37563
0.21474
0.37360
0.34946
0.28928
0.26119
0.23333
0.34429
0.27565
0.24571
0.33499
0.41591
0.32802
0.30788
0.36557
0.37894
0.21853
0.28186
0.26563
0.39563
0.20388
0.22817
0.25673
0.33170
0.28400
0.23317
0.23545
0.30555
0.37878
0.21873
0.28402
0.34603
0.30077
0.28436
0.26243
0.37721
0.27998
0.23325
0.28795
0.27346
0.32591
0.26640
0.29332
0.24708
0.34845
0.23359
0.26746
0.33190
0.31112
0.21277
0.28262
0.22720
0.31785
0.20059
0.05706
0.11634
0.22080
0.18976
0.21476
0.16882
0.24556
0.34268
0.20075
0.04165
0.17159
0.02095
0.26443
0.21838
0.21261
0.26444
0.04318
0.12460
0.20706
0.21598
0.06654
0.09830
0.19377
0.25732
0.20825
0.21371
0.25707
0.08346
0.34632
0.14909
0.02217
0.05365
0.10648
0.29046
0.11372
0.19004
0.20040
0.30061
0.03107
0.04884
0.04247
0.09579
0.26862
0.08461
0.08223
0.12439
0.22851
0.14988
0.29313
0.20437
0.05575
0.24189
0.09834
0.05014
0.22254
0.18324
0.24485
0.03836
0.05722
0.20972
0.21321
0.25005
0.23753
0.05569
0.03672
0.19751
0.21701
0.12742
0.13109
0.07494
0.24024
0.19990
0.09989
0.23766
0.27141
0.03755
0.09951
0.14590
0.07009
0.04751
0.22278
0.16096
0.20328
0.20445
0.25271
0.20295
0.30484
0.15668
0.18609
0.14024
0.22502
0.24445
0.03660
0.25806
0.06862
0.03367
0.24247
0.22523
0.28860
0.22603
0.10461
0.07874
0.11917
0.20551
0.15490
0.26540
0.11695
0.15302
0.32819
0.14507
0.23826
0.11745
0.04105
0.06215
0.18747
0.07120
0.06567
0.27188
0.26490
0.06837
0.07208
0.01932
0.08730
0.08322
0.21715
