0.08367
0.10304
0.05459
0.24058
0.09192
0.13052
0.18218
0.11082
0.12208
0.06212
0.17839
0.13929
0.10662
0.12965
0.10013
0.22179
0.15713
0.13156
0.05334
0.13016
0.29109
0.11669
0.14914
0.04467
0.24900
0.13133
0.10051
0.24672
0.07268
0.12842
0.11701
0.23579
0.16473
0.09580
0.06897
0.09516
0.12901
0.04205
0.10361
0.12176
0.26797
0.24449
0.10119
0.13587
0.27229
0.20676
0.12852
0.24829
0.17661
0.12864
0.08998
0.09964
0.12984
0.29526
0.08845
0.21785
0.20111
0.08923
0.11769
0.05508
0.23862
0.29589
0.08712
0.18489
0.28157
0.32530
0.06379
0.19085
0.08360
0.03559
0.11890
0.31329
0.30302
0.17844
0.23461
0.04870
0.07949
0.04384
0.19442
0.16403
0.32378
0.11850
0.31125
0.26585
0.22690
0.35536
0.10016
0.09654
0.14933
0.20473
0.31107
0.16031
0.05284
0.25933
0.03477
0.15300
0.17711
0.22076
0.19114
0.12875
0.09430
0.14537
0.10836
0.13740
0.17557
0.30742
0.13971
0.16384
0.15920
0.27346
0.05415
0.23333
0.07187
0.22809
0.12242
0.10291
0.26594
0.05900
0.04968
0.15349
0.23073
0.03980
0.29130
0.02794
0.06075
0.13789
0.26593
0.24840
0.13251
0.25095
0.07733
0.09406
0.28516
0.33670
0.13178
0.07807
0.02860
0.28421
0.24151
0.04827
0.15122
0.03889
0.28888
0.16670
0.13255
0.22679
0.06736
0.35724
0.14759
0.09656
0.19068
0.25632
0.11374
0.28371
0.29221
0.33194
0.09137
0.10740
0.13499
0.12694
0.20384
0.23241
0.29060
0.32684
0.09504
0.10596
0.23655
0.28951
0.05282
0.24637
0.03615
0.19651
0.20912
0.02448
0.08740
0.19953
0.05690
0.05554
0.16463
0.26510
0.07338
0.10652
0.21523
0.18011
0.09804
0.16886
0.19326
0.25910
0.27287
0.17024
0.10378
0.06281
0.03572
0.17374
0.14765
0.20010
0.16808
0.16955
0.07695
0.26994
0.16686
0.09144
0.12623
0.17779
0.04553
0.18585
0.06556
0.18509
0.25536
0.08211
0.25326
0.20511
0.10492
0.24826
0.22126
0.23991
0.12709
0.19200
0.24684
0.34795
0.09659
0.18458
0.08755
0.06939
0.04978
0.05288
0.13370
0.19649
0.11740
0.04743
0.23112
0.08390
0.19021
0.08659
0.05080
0.24296
0.11237
0.04180
0.11112
0.25199
0.08126
0.28723
0.09128
0.10995
0.16450
0.20541
0.12102
0.06542
0.09159
0.11827
0.11023
0.10435
0.11994
0.19917
0.12991
0.15204
0.17691
0.05522
0.07989
0.14710
0.21469
0.13338
0.18529
0.12518
0.11837
0.22001
0.27257
0.10033
0.14656
0.03558
0.08483
0.11718
0.03242
0.03839
0.34702
0.11677
0.06737
0.19219
0.17625
0.08004
0.08155
0.31905
0.11500
0.04729
0.30133
0.11837
0.19572
0.14226
0.20557
0.18492
0.08147
0.06375
0.14325
0.16323
0.13205
0.09593
0.13957
0.13766
0.19757
0.13353
0.30918
0.26460
0.26092
0.12163
0.09853
0.30139
0.28282
0.32501
0.04975
0.24712
0.12860
0.31431
0.12690
0.07120
0.15623
0.08824
0.09581
0.17715
0.20262
0.05861
0.06475
0.05135
0.25486
0.15328
0.24075
0.12051
0.20343
0.17990
0.07044
0.02736
0.21894
0.29587
0.37344
0.20162
0.27599
0.22135
0.23952
0.25166
0.26931
0.18430
0.03928
0.08375
0.11038
0.23846
0.03173
0.05063
0.18937
0.09499
0.20173
0.09574
0.16846
0.08960
0.28692
0.26724
0.22715
0.17227
0.32057
0.12248
0.11536
0.32117
0.04472
0.18980
0.05020
0.08817
0.14664
0.06529
0.21542
0.31452
0.07488
0.09218
0.13375
0.23919
0.10494
0.03605
0.07069
0.05825
0.04993
0.08780
0.19262
0.05153
0.27713
0.17448
0.14431
0.05205
0.18522
0.27084
0.22620
0.28983
0.34812
0.18522
0.27361
0.31420
0.32635
0.30843
0.27316
0.27965
0.33790
0.26176
0.21231
0.24718
0.22554
0.31640
0.18426
0.36170
0.31387
0.25446
0.27403
0.24337
0.28735
0.35644
0.32769
0.25848
0.30863
0.32793
0.22379
0.28311
0.29790
0.26201
0.25037
0.25879
0.30690
0.29846
0.25908
0.22165
0.33507
0.27991
0.26181
0.33325
0.21412
0.30538
0.33136
0.29785
0.31186
0.32354
0.28935
0.22747
0.28012
0.33997
0.24679
0.31895
0.32029
0.25548
0.28006
0.27556
0.17822
0.31633
0.23828
0.27049
0.29977
0.27305
0.27971
0.17199
0.28942
0.33593
0.13613
0.29262
0.22593
0.21907
0.18376
0.36411
0.29705
0.31911
0.16658
0.35064
0.26544
0.26042
0.37077
0.28151
0.28530
0.29763
0.23498
0.27095
0.20363
0.35989
0.28677
0.26039
0.18601
0.30218
0.20604
0.26551
0.27728
0.26001
0.32543
0.29885
0.16382
0.31419
0.30399
0.18827
0.19462
0.30760
0.17475
0.18859
0.15572
0.30209
0.33184
0.28227
0.27858
0.23974
0.29383
0.20152
0.31040
0.29289
0.31076
0.22106
0.27843
0.30082
0.20602
0.19774
0.35150
0.27622
0.23745
0.30344
0.28311
0.25834
0.36087
0.30272
0.20824
0.27004
0.18302
0.30381
0.32380
0.27325
0.27872
0.26064
0.15926
0.32210
0.22401
0.29464
0.20716
0.26758
0.32182
0.27212
0.19074
0.24625
0.30747
0.20341
0.28654
0.19687
0.24945
0.22962
0.22487
0.24245
0.30721
0.31574
0.31584
0.24794
0.21309
0.31716
0.19565
0.24028
0.23315
0.28544
0.30917
0.16488
0.18773
0.27025
0.30808
0.23943
0.16523
0.18705
0.26947
0.22477
0.25403
0.26831
0.32316
0.16618
0.27402
0.26642
0.29106
0.19826
0.31222
0.27990
0.23991
0.38460
0.18416
0.31164
0.20585
0.35998
0.28909
0.27356
0.27634
0.30485
0.26977
0.19257
0.31305
0.28618
0.28835
0.27623
0.26706
0.33860
0.22423
0.26572
0.23557
0.32687
0.23932
0.29352
0.23518
0.26560
0.28430
0.26803
0.21809
0.24897
0.26641
0.29836
0.21577
0.31884
0.22216
0.29058
0.25620
0.26731
0.30989
0.14884
0.24784
0.31299
0.30102
0.26543
0.30312
0.30221
0.24244
0.26691
0.23899
0.29805
0.26754
0.28976
0.22905
0.19532
0.29999
0.31017
0.24931
0.29904
0.23850
0.31274
0.28599
0.21970
0.17361
0.28177
0.29939
0.29594
0.26509
0.25780
0.35431
0.35489
0.13540
0.22455
0.30148
0.28337
0.30890
0.29873
0.31959
0.24058
0.20841
0.21105
0.26678
0.30871
0.35023
0.28570
0.28988
0.29988
0.22125
0.25077
0.28466
0.26147
0.17526
0.31733
0.23229
0.21822
0.33608
0.32284
0.28538
0.22969
0.25779
0.28362
0.36925
0.33624
0.22226
0.25934
0.17485
0.32456
0.31720
0.13060
0.28712
0.20045
0.27057
0.27870
0.21389
0.29265
0.23754
0.29651
0.21728
0.25533
0.24493
0.33662
0.29974
0.29541
0.20135
0.28501
0.25735
0.22738
0.23626
0.31124
0.27904
0.31307
0.27466
0.27891
0.31372
0.25002
0.25790
0.27866
0.18120
0.31537
0.25307
0.32055
0.25812
0.28541
0.32409
0.27114
0.29193
0.30681
0.16924
0.21545
0.27250
0.23336
0.31152
0.29697
0.29536
0.34350
0.37340
0.28096
0.31745
0.27563
0.30183
0.29173
0.35939
0.28178
0.26653
0.31115
0.30453
0.31698
0.32904
0.38406
0.22282
0.26886
0.30273
0.23520
0.30091
0.32735
0.22145
0.26147
0.33878
0.24512
0.28295
0.29735
0.28787
0.26971
0.26588
0.28199
0.30115
0.29174
0.34056
0.29016
0.22805
0.32595
0.28668
0.32927
0.31006
0.28369
0.11972
0.31864
0.32116
0.34156
0.33438
0.30219
0.41917
0.42905
0.28149
0.15388
0.32746
0.38909
0.29860
0.19613
0.31800
0.34346
0.25158
0.21386
0.32870
0.22890
0.28548
0.27103
0.34893
0.36487
0.42262
0.31503
0.33133
0.26626
0.40076
0.29151
0.28623
0.29747
0.35329
0.28761
0.18919
0.31122
0.46889
0.24749
0.42650
0.41810
0.18960
0.31224
0.37551
0.32536
0.29242
0.26738
0.27728
0.19831
0.27775
0.31638
0.28623
0.29629
0.38506
0.29294
0.30067
0.23697
0.18523
0.24688
0.42359
0.24686
0.11813
0.31166
0.16704
0.20775
0.43219
0.14224
0.26600
0.19389
0.27967
0.22063
0.43842
0.19692
0.34934
0.41672
0.25726
0.22671
0.27824
0.27989
0.18434
0.38603
0.15273
0.36043
0.35093
0.26242
0.26451
0.24253
0.34543
0.28085
0.17152
0.32116
0.39939
0.33516
0.30793
0.36896
0.37903
0.23737
0.26652
0.29051
0.40108
0.18406
0.21887
0.22550
0.36065
0.29054
0.26740
0.27882
0.32014
0.37717
0.22322
0.30101
0.35142
0.30265
0.30065
0.25443
0.38279
0.30664
0.25613
0.29195
0.30888
0.34836
0.26456
0.30623
0.23082
0.36047
0.26220
0.25770
0.31301
0.30475
0.23559
0.30739
0.25440
0.27443
0.19155
0.05149
0.17249
0.15585
0.22297
0.21674
0.20761
0.25061
0.33907
0.16415
0.07946
0.18727
0.03887
0.28819
0.25756
0.18567
0.24762
0.06906
0.10865
0.20508
0.19565
0.10233
0.13646
0.16653
0.29321
0.22399
0.21109
0.25006
0.02101
0.27851
0.16932
0.02168
0.07437
0.07287
0.23128
0.07989
0.13561
0.17322
0.31866
0.06376
0.05095
0.09603
0.02247
0.26663
0.11410
0.08169
0.15365
0.31339
0.07748
0.22362
0.22386
0.05499
0.26448
0.05294
0.03557
0.27388
0.18981
0.24871
0.10780
0.04087
0.19971
0.20695
0.26362
0.25869
0.03170
0.04009
0.17567
0.20282
0.22095
0.15029
0.12544
0.22431
0.09683
0.13953
0.27600
0.26947
0.11808
0.08601
0.15468
0.04174
0.03242
0.19643
0.17453
0.18479
0.25273
0.27083
0.19696
0.31410
0.23801
0.26582
0.13130
0.21183
0.16615
0.03075
0.24149
0.10952
0.06605
0.20166
0.26531
0.29885
0.23551
0.01527
0.06091
0.11523
0.17149
0.19539
0.29583
0.10795
0.14382
0.30005
0.16647
0.23102
0.10109
0.03923
0.03809
0.08307
0.05516
0.07992
0.27153
0.27463
0.07573
0.15576
0.01467
0.05431
0.07867
0.26437
