0.08932
0.10320
0.04692
0.21511
0.06658
0.12546
0.22402
0.11947
0.13878
0.10240
0.19554
0.15307
0.13011
0.12509
0.10455
0.21778
0.15019
0.10201
0.06440
0.12384
0.28469
0.11762
0.12377
0.03182
0.26459
0.12412
0.13139
0.25199
0.08117
0.12325
0.16349
0.25641
0.14880
0.10009
0.07695
0.09405
0.11244
0.04678
0.11843
0.14387
0.30143
0.24661
0.06258
0.09665
0.30304
0.20756
0.13939
0.23950
0.15495
0.12758
0.10466
0.12654
0.15197
0.31137
0.09352
0.21661
0.23717
0.10942
0.11950
0.04715
0.22411
0.30368
0.08613
0.22101
0.26517
0.31997
0.05505
0.17557
0.08367
0.05601
0.12719
0.31221
0.28910
0.18694
0.25777
0.06330
0.09204
0.03322
0.20138
0.16562
0.29029
0.13142
0.27583
0.25992
0.24285
0.37789
0.09795
0.06393
0.12092
0.23488
0.30856
0.15355
0.06185
0.25585
0.03981
0.15961
0.19497
0.21518
0.20288
0.13791
0.09285
0.12700
0.11592
0.13677
0.18262
0.30003
0.13806
0.18776
0.14253
0.27862
0.03357
0.24810
0.06433
0.23053
0.10531
0.10169
0.26560
0.05785
0.05318
0.14101
0.21838
0.05051
0.25135
0.01426
0.07016
0.13820
0.30550
0.27445
0.12170
0.25202
0.08680
0.12435
0.28367
0.35172
0.10930
0.09396
0.02862
0.27282
0.23906
0.05073
0.13442
0.03779
0.30003
0.17400
0.14197
0.25419
0.07695
0.31948
0.13890
0.08841
0.16003
0.22050
0.10522
0.28553
0.27997
0.32691
0.07582
0.11638
0.13856
0.16594
0.19591
0.23686
0.28284
0.31549
0.10268
0.11373
0.23609
0.29787
0.06411
0.25783
0.03802
0.18619
0.21030
0.01900
0.06980
0.19266
0.04421
0.05517
0.17627
0.25697
0.05701
0.10416
0.23008
0.13603
0.05783
0.21835
0.17542
0.23192
0.23917
0.19721
0.12746
0.06223
0.05527
0.17570
0.13533
0.20604
0.17541
0.15584
0.05892
0.29861
0.17904
0.11493
0.14235
0.14124
0.04602
0.20878
0.08103
0.18553
0.25545
0.08858
0.24022
0.20854
0.09587
0.23037
0.24530
0.24084
0.13289
0.25338
0.23585
0.33000
0.09752
0.20624
0.10595
0.04760
0.07508
0.06456
0.13970
0.20134
0.11446
0.06706
0.24307
0.10799
0.20555
0.09448
0.04286
0.22669
0.11138
0.04325
0.09739
0.25443
0.08919
0.29850
0.09889
0.10515
0.17196
0.21178
0.11063
0.04844
0.08614
0.11210
0.10490
0.10941
0.10115
0.25350
0.13652
0.15875
0.17795
0.07311
0.06792
0.14151
0.20945
0.13029
0.18144
0.15448
0.13041
0.26310
0.26439
0.10125
0.14849
0.05535
0.09476
0.11909
0.04606
0.03680
0.38446
0.13917
0.06798
0.21707
0.16990
0.08229
0.13658
0.30287
0.13556
0.07192
0.31630
0.11729
0.19857
0.15673
0.17892
0.15266
0.09627
0.05140
0.15688
0.16988
0.14854
0.09367
0.12454
0.12729
0.18982
0.13024
0.31903
0.27061
0.27860
0.11332
0.11569
0.29832
0.31346
0.29644
0.03082
0.25337
0.10807
0.29906
0.12499
0.07442
0.13303
0.08906
0.08899
0.20239
0.23073
0.07330
0.08326
0.05533
0.27209
0.15533
0.19007
0.10830
0.17671
0.22107
0.08536
0.04329
0.21225
0.30178
0.35764
0.20667
0.31183
0.21952
0.25059
0.25893
0.24515
0.22705
0.05631
0.08498
0.11722
0.23972
0.03239
0.05936
0.19551
0.09202
0.18762
0.07820
0.16686
0.10990
0.29056
0.27712
0.23255
0.17199
0.31536
0.09920
0.15102
0.29834
0.05284
0.19053
0.03057
0.11055
0.15830
0.05051
0.22171
0.30493
0.05959
0.08368
0.13221
0.25570
0.11541
0.04051
0.06523
0.06642
0.05239
0.06108
0.17540
0.04308
0.28607
0.16943
0.19436
0.04165
0.19847
0.30133
0.21933
0.29801
0.35310
0.17263
0.30385
0.31396
0.31527
0.31825
0.28471
0.23669
0.34354
0.27492
0.25636
0.27969
0.23225
0.29879
0.19920
0.37397
0.34415
0.25410
0.26438
0.27063
0.23316
0.35079
0.29499
0.24013
0.30183
0.33056
0.23994
0.27035
0.32825
0.28309
0.25778
0.25620
0.31566
0.31465
0.28026
0.23195
0.33879
0.28253
0.23285
0.34048
0.20384
0.31514
0.35439
0.30821
0.31929
0.30365
0.29332
0.25724
0.30369
0.33449
0.21724
0.31176
0.31798
0.24838
0.29289
0.29822
0.21455
0.29466
0.27489
0.28527
0.31478
0.30084
0.27792
0.21362
0.28241
0.35779
0.13932
0.28951
0.22084
0.20752
0.18142
0.37209
0.31475
0.31827
0.17129
0.34907
0.27395
0.29707
0.37155
0.30647
0.31195
0.29451
0.24288
0.28097
0.17912
0.36579
0.29924
0.23096
0.18746
0.33243
0.22652
0.26595
0.28146
0.27982
0.34928
0.32737
0.21121
0.32704
0.32085
0.17334
0.19408
0.29431
0.21137
0.17855
0.16051
0.29746
0.34367
0.29076
0.27901
0.24639
0.29496
0.21813
0.29292
0.27330
0.29122
0.21746
0.28215
0.28259
0.22738
0.17245
0.37274
0.28771
0.19453
0.30795
0.31823
0.27319
0.36279
0.31269
0.24480
0.29682
0.21726
0.28658
0.32300
0.28934
0.27860
0.23074
0.17281
0.33738
0.22226
0.30148
0.23179
0.28244
0.31025
0.28068
0.22019
0.21334
0.29498
0.21913
0.30382
0.19970
0.25358
0.23873
0.22284
0.20397
0.31558
0.30970
0.32685
0.26021
0.21135
0.32636
0.19608
0.18657
0.19786
0.28462
0.29817
0.16058
0.18906
0.27252
0.28523
0.22895
0.16653
0.21790
0.26593
0.23758
0.23903
0.27776
0.32450
0.18412
0.21693
0.27138
0.28555
0.21415
0.30141
0.26941
0.25420
0.38264
0.20602
0.30579
0.24022
0.35646
0.32919
0.27517
0.28940
0.29285
0.27924
0.17986
0.32252
0.27996
0.26948
0.29222
0.27999
0.33656
0.24157
0.30151
0.22342
0.33695
0.25122
0.31081
0.22800
0.26373
0.28361
0.26728
0.20389
0.27207
0.25823
0.31114
0.21100
0.31252
0.24719
0.27381
0.28655
0.28929
0.28256
0.15064
0.25198
0.33092
0.32853
0.27354
0.30455
0.31403
0.27269
0.26019
0.21111
0.29749
0.29076
0.28478
0.27215
0.18433
0.29943
0.32058
0.27191
0.28056
0.23363
0.34820
0.29470
0.20738
0.20304
0.29067
0.30434
0.30055
0.28676
0.25374
0.33234
0.36455
0.15341
0.23981
0.31732
0.26715
0.29627
0.29651
0.33515
0.24446
0.20302
0.16969
0.27479
0.27260
0.36772
0.28396
0.30778
0.29116
0.24489
0.26351
0.30426
0.27944
0.18919
0.32886
0.23597
0.24304
0.34237
0.31066
0.26736
0.23616
0.27801
0.29841
0.32300
0.33893
0.25404
0.27926
0.19300
0.27105
0.31922
0.13301
0.29905
0.20448
0.26294
0.29048
0.23868
0.27731
0.24903
0.27542
0.23582
0.24799
0.24595
0.34510
0.29285
0.27758
0.20229
0.30424
0.25343
0.24811
0.20800
0.34192
0.27480
0.33403
0.24270
0.21743
0.29686
0.26978
0.24417
0.26611
0.16993
0.33091
0.28395
0.33464
0.28889
0.29714
0.35233
0.28494
0.26223
0.31949
0.18285
0.21111
0.31414
0.24493
0.31329
0.31697
0.29135
0.32229
0.38771
0.31322
0.33516
0.27336
0.31169
0.31142
0.37348
0.23825
0.27844
0.33965
0.32896
0.28716
0.34183
0.39801
0.22268
0.27562
0.30614
0.24851
0.31548
0.33361
0.23538
0.24243
0.34598
0.23258
0.30260
0.31517
0.29511
0.24971
0.25809
0.25274
0.31005
0.29097
0.32870
0.29365
0.26797
0.28537
0.27195
0.29793
0.28873
0.27283
0.15579
0.33548
0.28535
0.36389
0.30110
0.30356
0.40493
0.39479
0.26451
0.21096
0.29827
0.37131
0.26344
0.23228
0.30325
0.34414
0.26706
0.24974
0.32315
0.22848
0.28498
0.25695
0.31183
0.36156
0.40842
0.28531
0.29730
0.24075
0.37824
0.30371
0.29388
0.27535
0.34248
0.24555
0.20346
0.32406
0.43700
0.25511
0.40039
0.38973
0.22689
0.27324
0.34801
0.30642
0.29541
0.25619
0.25765
0.18988
0.29652
0.31506
0.29787
0.29288
0.37649
0.28161
0.27251
0.25314
0.19781
0.25154
0.37607
0.23572
0.14112
0.32659
0.13201
0.20013
0.40583
0.15633
0.25924
0.20109
0.26375
0.23656
0.43988
0.19950
0.32314
0.38463
0.23735
0.19771
0.25475
0.25893
0.22785
0.35708
0.20213
0.36538
0.34071
0.26465
0.23756
0.21167
0.35723
0.26808
0.22706
0.33714
0.42546
0.30207
0.30184
0.34585
0.38945
0.23323
0.26484
0.27185
0.39832
0.23798
0.21903
0.20763
0.34689
0.28556
0.23898
0.25656
0.31508
0.37571
0.23998
0.28590
0.32839
0.30213
0.27763
0.24675
0.37827
0.29698
0.27571
0.27295
0.27436
0.34189
0.24084
0.28648
0.23564
0.34885
0.25140
0.24168
0.30246
0.28906
0.22593
0.28980
0.18385
0.32867
0.20603
0.05923
0.19877
0.19487
0.20597
0.24501
0.20827
0.25707
0.35092
0.20455
0.08170
0.20691
0.03459
0.28110
0.23741
0.17436
0.31297
0.04171
0.09559
0.19731
0.16924
0.06689
0.16242
0.16696
0.26538
0.15370
0.20691
0.28856
0.02846
0.33216
0.24429
0.00712
0.04177
0.07127
0.30952
0.10693
0.17171
0.17589
0.30462
0.02975
0.04578
0.05963
0.05972
0.28940
0.10384
0.15280
0.18876
0.25889
0.08034
0.27535
0.22102
0.04832
0.27635
0.06068
0.05101
0.26607
0.17613
0.26385
0.10934
0.05219
0.20316
0.19017
0.27364
0.25566
0.01865
0.05367
0.16593
0.20518
0.19791
0.18307
0.12742
0.21266
0.07848
0.12783
0.23443
0.19025
0.09542
0.15847
0.15843
0.02805
0.04752
0.24809
0.20800
0.18930
0.23612
0.26441
0.20456
0.31261
0.24762
0.21785
0.13244
0.19102
0.15521
0.05161
0.24523
0.12041
0.08221
0.22164
0.24158
0.30079
0.23853
0.05320
0.01060
0.09035
0.16347
0.19286
0.31954
0.13492
0.12911
0.32704
0.12292
0.20802
0.11236
0.04467
0.05894
0.14583
0.04848
0.06739
0.22095
0.26686
0.09703
0.12838
0.02989
0.05701
0.07873
0.28104
