0.10993
0.10328
0.04123
0.26550
0.07151
0.12418
0.24546
0.16091
0.14350
0.05469
0.20505
0.12642
0.15291
0.13037
0.10896
0.23424
0.13499
0.11297
0.07298
0.14637
0.28915
0.12691
0.12196
0.04496
0.24249
0.17269
0.13022
0.22642
0.08604
0.18040
0.14791
0.25401
0.16675
0.11874
0.07546
0.11429
0.12638
0.09395
0.14094
0.16387
0.30161
0.28747
0.08161
0.14123
0.27370
0.21402
0.19534
0.27684
0.17047
0.16871
0.09876
0.13693
0.18686
0.23381
0.10181
0.25451
0.20263
0.12333
0.11939
0.09200
0.24832
0.29434
0.11053
0.16032
0.28268
0.31458
0.05994
0.14813
0.09935
0.04562
0.13606
0.31589
0.35158
0.23799
0.21203
0.14076
0.11566
0.04349
0.22086
0.15825
0.31561
0.19277
0.34029
0.27388
0.28426
0.36275
0.10651
0.08881
0.13627
0.21655
0.32945
0.19489
0.11954
0.25365
0.08028
0.14711
0.22747
0.21725
0.20569
0.13898
0.10392
0.17707
0.12150
0.11612
0.25305
0.27769
0.15002
0.17276
0.18852
0.28535
0.06319
0.28669
0.04536
0.24476
0.13863
0.16398
0.28949
0.05605
0.06398
0.16114
0.24312
0.08085
0.29633
0.03593
0.10067
0.18409
0.32478
0.26606
0.16633
0.25500
0.09293
0.09444
0.23103
0.35927
0.10779
0.18004
0.06043
0.30414
0.26847
0.07337
0.19183
0.04537
0.30172
0.19094
0.16576
0.23119
0.06543
0.34143
0.19513
0.10109
0.22439
0.24779
0.10449
0.29894
0.32219
0.34014
0.15200
0.16629
0.13539
0.18542
0.25922
0.28519
0.28741
0.32405
0.09824
0.09832
0.29643
0.29426
0.06398
0.26597
0.06237
0.21293
0.22053
0.03208
0.09492
0.21625
0.08789
0.05895
0.20039
0.24842
0.09869
0.12213
0.20351
0.17221
0.10272
0.13669
0.19403
0.25690
0.26647
0.15331
0.11669
0.04792
0.05569
0.15453
0.14628
0.24058
0.22788
0.17115
0.09051
0.27411
0.21084
0.06271
0.20519
0.16719
0.06263
0.26231
0.10430
0.21045
0.27148
0.10243
0.24132
0.23145
0.12847
0.26569
0.27606
0.28330
0.14062
0.24897
0.23376
0.34137
0.12376
0.19599
0.10612
0.09227
0.11522
0.06497
0.18262
0.22951
0.15517
0.06109
0.26937
0.15512
0.24133
0.15995
0.06327
0.25393
0.12003
0.06830
0.10867
0.24723
0.07588
0.27270
0.11438
0.11386
0.15292
0.22181
0.11327
0.06646
0.10438
0.12124
0.10902
0.10269
0.10399
0.28758
0.13326
0.16693
0.18737
0.08029
0.11062
0.14743
0.22793
0.15159
0.19966
0.19380
0.12002
0.25847
0.26680
0.10270
0.16790
0.07394
0.08971
0.13573
0.08165
0.02943
0.36435
0.15190
0.12638
0.19923
0.17209
0.05716
0.16832
0.35165
0.12248
0.08701
0.31432
0.11601
0.18124
0.17287
0.16920
0.14670
0.09956
0.06066
0.20506
0.21023
0.14514
0.09810
0.14521
0.12616
0.17364
0.15629
0.33985
0.26124
0.25825
0.15483
0.10064
0.29621
0.28763
0.32569
0.04512
0.27047
0.12615
0.28345
0.16896
0.09906
0.09939
0.10396
0.10327
0.21317
0.23282
0.06641
0.05996
0.08173
0.28097
0.17649
0.23834
0.19980
0.23386
0.23948
0.11492
0.05876
0.27020
0.29219
0.36740
0.25541
0.30674
0.21560
0.25795
0.28683
0.27514
0.28358
0.07804
0.08924
0.12378
0.19767
0.06915
0.07360
0.23237
0.13131
0.20840
0.10947
0.17191
0.13374
0.26408
0.26868
0.27860
0.18871
0.27544
0.12524
0.18275
0.30887
0.08907
0.21545
0.06260
0.07149
0.20348
0.05964
0.24777
0.35480
0.06325
0.09117
0.17869
0.26703
0.11239
0.04942
0.08134
0.05924
0.07443
0.07724
0.20486
0.07361
0.28408
0.14035
0.21170
0.09658
0.17809
0.28036
0.21930
0.26616
0.32445
0.18138
0.24863
0.31538
0.27410
0.31268
0.26658
0.24636
0.33705
0.26010
0.24788
0.25474
0.24232
0.29118
0.19353
0.35883
0.32734
0.25983
0.26766
0.26610
0.25344
0.35353
0.27770
0.22676
0.29744
0.31525
0.22805
0.25422
0.28832
0.28242
0.26065
0.25667
0.28595
0.30987
0.25050
0.24634
0.32675
0.25723
0.24879
0.30711
0.20947
0.31486
0.34203
0.28961
0.30975
0.30657
0.28012
0.25233
0.28388
0.32036
0.20671
0.29857
0.31059
0.25484
0.27228
0.31046
0.20073
0.30099
0.26478
0.26697
0.29599
0.26759
0.26530
0.19360
0.26791
0.35839
0.14736
0.27833
0.22193
0.18431
0.21998
0.35747
0.31594
0.31656
0.19199
0.33769
0.26765
0.27749
0.34346
0.29146
0.29565
0.29542
0.24525
0.28314
0.20485
0.34964
0.28813
0.22721
0.19167
0.32562
0.21679
0.27547
0.27937
0.25171
0.33850
0.29671
0.23376
0.29616
0.29445
0.18649
0.19914
0.28461
0.19929
0.19192
0.19826
0.30331
0.32468
0.25093
0.26551
0.24928
0.29504
0.22116
0.29995
0.25663
0.27250
0.20634
0.28978
0.28981
0.23253
0.18887
0.35348
0.29127
0.20144
0.30216
0.29608
0.26807
0.35214
0.28351
0.23678
0.27858
0.21855
0.29184
0.32085
0.29204
0.28558
0.24120
0.18875
0.30892
0.23857
0.28206
0.22891
0.27311
0.31712
0.27392
0.23078
0.26173
0.29795
0.22185
0.29284
0.20097
0.24639
0.21249
0.23523
0.21046
0.31702
0.30924
0.30926
0.22999
0.21900
0.30938
0.22709
0.21142
0.21509
0.28793
0.31493
0.16450
0.20245
0.28014
0.28313
0.20408
0.19248
0.23712
0.26234
0.22552
0.24785
0.24250
0.30479
0.18264
0.24952
0.26949
0.27128
0.20450
0.29829
0.27597
0.27751
0.38490
0.22476
0.30020
0.23013
0.34714
0.30579
0.26090
0.28161
0.29449
0.27396
0.19994
0.28591
0.29933
0.24043
0.27618
0.24702
0.32805
0.25674
0.27504
0.23191
0.31437
0.23738
0.28146
0.23852
0.26097
0.29185
0.27932
0.20345
0.22701
0.24742
0.32797
0.23376
0.32532
0.25451
0.27251
0.26275
0.28024
0.29296
0.16984
0.22234
0.30188
0.31340
0.24580
0.28437
0.29299
0.26264
0.23194
0.23612
0.28220
0.29685
0.26048
0.27424
0.21013
0.28182
0.30713
0.26209
0.24798
0.24583
0.30601
0.28658
0.20572
0.17507
0.25862
0.26429
0.28123
0.25907
0.26837
0.34202
0.33501
0.16819
0.25599
0.30053
0.26685
0.27704
0.31010
0.30654
0.25167
0.21739
0.21437
0.26451
0.28030
0.34271
0.31303
0.29237
0.28239
0.25018
0.25660
0.28604
0.26101
0.18762
0.30498
0.23635
0.25395
0.31873
0.29494
0.24489
0.27263
0.26518
0.28152
0.33464
0.33110
0.26267
0.25665
0.19318
0.32525
0.29112
0.15208
0.26601
0.20705
0.23246
0.28362
0.24786
0.28038
0.24985
0.24772
0.23779
0.24076
0.26955
0.31273
0.27686
0.26119
0.21225
0.27101
0.24987
0.25316
0.20393
0.32981
0.30285
0.33505
0.28381
0.26017
0.28000
0.27655
0.24612
0.27315
0.19573
0.30836
0.28886
0.32653
0.26041
0.28071
0.34488
0.27905
0.27077
0.28723
0.17528
0.21154
0.28230
0.21384
0.29434
0.28944
0.28642
0.32754
0.36256
0.29449
0.32006
0.27929
0.28863
0.28219
0.34643
0.25971
0.27565
0.31830
0.29976
0.28793
0.31190
0.37039
0.20905
0.24237
0.30989
0.23956
0.31061
0.33993
0.24522
0.22840
0.33679
0.23165
0.26361
0.29859
0.27760
0.25229
0.24837
0.25816
0.26854
0.28895
0.31275
0.27692
0.25626
0.29711
0.27491
0.29784
0.28706
0.29900
0.16352
0.32185
0.32121
0.35277
0.29555
0.32263
0.39432
0.40021
0.26645
0.20171
0.30002
0.39283
0.29869
0.23489
0.30159
0.37839
0.24702
0.26857
0.32640
0.22987
0.28599
0.23586
0.34324
0.37175
0.42973
0.31340
0.30030
0.28273
0.39403
0.30542
0.30030
0.28781
0.35507
0.26847
0.19957
0.31876
0.45082
0.27098
0.41059
0.41450
0.22805
0.28124
0.33859
0.30209
0.28746
0.25837
0.26976
0.22028
0.30237
0.28495
0.31272
0.28648
0.37628
0.25732
0.27150
0.28247
0.16285
0.24701
0.37543
0.24321
0.14471
0.34335
0.18916
0.19313
0.41305
0.18269
0.29715
0.23518
0.29800
0.24813
0.43737
0.20280
0.32324
0.36823
0.25205
0.23298
0.25331
0.26995
0.23198
0.36224
0.20942
0.36585
0.36853
0.26099
0.26283
0.21429
0.34542
0.29148
0.23010
0.33697
0.41997
0.34470
0.28348
0.35179
0.36863
0.19557
0.29235
0.28293
0.40172
0.22596
0.24372
0.25333
0.36920
0.24283
0.25630
0.25193
0.33714
0.38788
0.26547
0.29206
0.32233
0.31571
0.26869
0.25282
0.35435
0.30271
0.25950
0.28242
0.30129
0.36041
0.27688
0.31336
0.23266
0.33541
0.28098
0.23859
0.30239
0.29094
0.23164
0.25414
0.19608
0.28998
0.21318
0.07442
0.10089
0.15095
0.26389
0.29201
0.21821
0.26912
0.35613
0.18343
0.07277
0.23672
0.06852
0.27433
0.27783
0.20558
0.32184
0.07475
0.14465
0.20297
0.15433
0.10872
0.15787
0.19429
0.29655
0.22231
0.21499
0.26166
0.08281
0.25262
0.25975
0.04906
0.08877
0.12573
0.28037
0.10741
0.21806
0.24005
0.27754
0.09121
0.06451
0.04569
0.06216
0.30469
0.16555
0.11337
0.16876
0.26570
0.13820
0.21819
0.20823
0.05308
0.26280
0.04906
0.08411
0.18602
0.19075
0.28553
0.09008
0.08597
0.20778
0.19922
0.27967
0.23700
0.05876
0.04091
0.15688
0.19608
0.15637
0.20211
0.13191
0.26431
0.19585
0.07845
0.27060
0.28602
0.09077
0.15230
0.15249
0.06697
0.03409
0.23858
0.11475
0.20444
0.25548
0.25529
0.20359
0.32071
0.25140
0.22155
0.13765
0.20594
0.23272
0.04107
0.26425
0.09521
0.06646
0.23136
0.24892
0.24402
0.28774
0.07874
0.08897
0.12334
0.24916
0.28323
0.28037
0.08664
0.20194
0.28003
0.14091
0.23472
0.07433
0.05763
0.04835
0.11170
0.08676
0.09797
0.24792
0.27218
0.09533
0.08486
0.02549
0.08350
0.09774
0.26571
