0.11040
0.09688
0.03494
0.20058
0.06446
0.12195
0.20735
0.11029
0.15552
0.05096
0.17195
0.11579
0.10540
0.10167
0.07025
0.23999
0.14107
0.10030
0.03927
0.13771
0.28950
0.10788
0.13390
0.08085
0.21462
0.10038
0.10672
0.24269
0.06968
0.17348
0.12484
0.25064
0.13147
0.10953
0.05292
0.09396
0.12621
0.06189
0.11439
0.12995
0.31021
0.24299
0.07451
0.09485
0.28136
0.19375
0.15292
0.22179
0.15338
0.17080
0.09468
0.11223
0.15491
0.25536
0.09495
0.25599
0.22181
0.11698
0.12277
0.08309
0.28741
0.26912
0.09120
0.24164
0.28898
0.32916
0.02387
0.17764
0.09963
0.04649
0.13221
0.31473
0.24687
0.16938
0.26509
0.07472
0.07918
0.04967
0.22283
0.14472
0.27483
0.20164
0.29486
0.26740
0.25784
0.36302
0.09925
0.08650
0.10114
0.25360
0.31185
0.15313
0.05042
0.24703
0.05190
0.12000
0.22547
0.22101
0.19346
0.12582
0.09126
0.15569
0.10663
0.11212
0.18885
0.29107
0.11600
0.16525
0.13830
0.27172
0.01029
0.26129
0.06612
0.21978
0.11053
0.15258
0.27987
0.04035
0.07123
0.11407
0.22584
0.04224
0.26624
0.01346
0.08813
0.11221
0.32571
0.24627
0.14627
0.23641
0.06081
0.12533
0.29421
0.34920
0.10433
0.10637
0.06080
0.26799
0.27435
0.05444
0.15460
0.04837
0.29099
0.22771
0.09688
0.25406
0.09062
0.31647
0.14687
0.09121
0.16425
0.21482
0.10087
0.30050
0.31166
0.33769
0.13379
0.17357
0.13886
0.21550
0.28564
0.28500
0.29669
0.29737
0.08879
0.10105
0.29043
0.31427
0.05880
0.26438
0.02795
0.19215
0.26337
0.03397
0.09118
0.21734
0.10829
0.07105
0.14813
0.24822
0.09895
0.11076
0.22688
0.09874
0.04581
0.17866
0.14467
0.23332
0.24953
0.17747
0.08221
0.06688
0.05999
0.12974
0.10462
0.24232
0.19092
0.11684
0.06753
0.30543
0.25541
0.11564
0.17032
0.14079
0.03955
0.20642
0.08456
0.20292
0.24194
0.10069
0.23759
0.21560
0.06161
0.24276
0.25896
0.23023
0.12060
0.22911
0.22747
0.33298
0.11212
0.19537
0.09946
0.03593
0.10341
0.04082
0.18013
0.16707
0.17151
0.03747
0.27927
0.07516
0.18265
0.09536
0.02483
0.25105
0.11157
0.03702
0.10761
0.26584
0.06285
0.30760
0.07211
0.11953
0.16309
0.23105
0.10747
0.05051
0.08330
0.09998
0.09562
0.09426
0.07870
0.21766
0.16790
0.16476
0.19115
0.10990
0.06342
0.13555
0.23972
0.11729
0.22197
0.17032
0.11981
0.25532
0.28081
0.09283
0.18248
0.07039
0.08079
0.12070
0.05389
0.04782
0.34835
0.16934
0.05891
0.21182
0.10858
0.06528
0.15038
0.33611
0.12385
0.04174
0.31608
0.13075
0.18571
0.16356
0.11370
0.12323
0.06371
0.07857
0.19280
0.21434
0.16462
0.09881
0.14884
0.14607
0.15418
0.09549
0.30423
0.23854
0.27964
0.15770
0.09939
0.28140
0.31393
0.31709
0.03512
0.26383
0.09027
0.29569
0.14326
0.09379
0.13682
0.08547
0.09097
0.14144
0.22864
0.06645
0.06893
0.05254
0.24817
0.13364
0.20003
0.20495
0.22177
0.26176
0.12149
0.05677
0.25675
0.25208
0.36639
0.20245
0.31800
0.21327
0.21723
0.30152
0.26298
0.29829
0.07633
0.05579
0.11832
0.22168
0.06420
0.04737
0.15848
0.09927
0.16381
0.10695
0.12731
0.08284
0.27808
0.28235
0.23043
0.22033
0.29659
0.11689
0.11187
0.31056
0.03705
0.20270
0.06297
0.07174
0.14607
0.03902
0.28849
0.34785
0.08078
0.09932
0.11735
0.23866
0.10255
0.03349
0.06687
0.06156
0.05654
0.06464
0.14546
0.06832
0.29842
0.15537
0.20658
0.07485
0.22275
0.29862
0.22116
0.28291
0.37188
0.20577
0.29539
0.32545
0.31053
0.32787
0.29199
0.25344
0.36464
0.26296
0.27593
0.27093
0.24476
0.30522
0.17406
0.37500
0.33137
0.27815
0.27912
0.24389
0.24811
0.34512
0.31353
0.22971
0.32626
0.34838
0.23433
0.26085
0.31630
0.27560
0.26033
0.26921
0.29839
0.32814
0.26854
0.21578
0.35400
0.28259
0.25992
0.34207
0.21144
0.32800
0.36354
0.31146
0.31050
0.32081
0.30639
0.25562
0.28483
0.33788
0.21852
0.29897
0.33457
0.25894
0.28018
0.31502
0.19419
0.29476
0.26784
0.29014
0.31862
0.29740
0.29183
0.18786
0.29073
0.36655
0.13558
0.29660
0.24000
0.20807
0.19980
0.36057
0.31153
0.33812
0.16567
0.36155
0.26788
0.29501
0.38191
0.31928
0.30879
0.30404
0.22844
0.29732
0.18641
0.37377
0.29008
0.22006
0.18460
0.34411
0.19419
0.26524
0.29034
0.27534
0.36861
0.33041
0.22764
0.34105
0.32706
0.17505
0.18439
0.29835
0.16930
0.19329
0.17197
0.29903
0.35107
0.27043
0.27606
0.24121
0.30017
0.24157
0.30822
0.28081
0.30173
0.22622
0.29269
0.29596
0.19647
0.16073
0.35813
0.30066
0.20907
0.29936
0.33213
0.27413
0.37792
0.31774
0.25242
0.28894
0.22156
0.29273
0.32937
0.30992
0.24567
0.21345
0.17563
0.32506
0.23512
0.30900
0.23838
0.29505
0.32156
0.28979
0.18905
0.24291
0.30117
0.19363
0.31568
0.19417
0.22304
0.21893
0.24018
0.21703
0.32336
0.33542
0.32705
0.22957
0.21318
0.33780
0.22395
0.22370
0.22560
0.31280
0.30745
0.15879
0.17595
0.27835
0.27505
0.21088
0.14827
0.22864
0.27312
0.23699
0.25624
0.26046
0.30814
0.18650
0.24896
0.27491
0.30227
0.20356
0.31260
0.25794
0.24915
0.38952
0.17593
0.29237
0.23933
0.37081
0.32384
0.27401
0.27386
0.29470
0.28827
0.18203
0.32447
0.26793
0.27343
0.29444
0.30638
0.35812
0.22259
0.30190
0.24143
0.35831
0.25167
0.30018
0.22528
0.27057
0.28889
0.24323
0.21770
0.28539
0.24846
0.32940
0.22314
0.32978
0.22846
0.27991
0.30817
0.29964
0.27839
0.14362
0.23269
0.34193
0.33552
0.25906
0.29863
0.32160
0.28405
0.25178
0.21978
0.30565
0.29942
0.28025
0.26571
0.20458
0.31715
0.31858
0.25935
0.25884
0.19181
0.34333
0.28929
0.21805
0.20370
0.28922
0.31210
0.29380
0.29011
0.24393
0.36405
0.36527
0.14515
0.23611
0.33136
0.27033
0.29768
0.34089
0.34462
0.22828
0.19513
0.20570
0.28333
0.28570
0.37150
0.27837
0.29532
0.29542
0.23519
0.27426
0.30227
0.28396
0.15877
0.34606
0.20527
0.24243
0.35202
0.31848
0.26175
0.26600
0.25540
0.30827
0.34106
0.35618
0.23452
0.27738
0.19542
0.31410
0.32798
0.11684
0.28596
0.22089
0.26355
0.28018
0.23559
0.29216
0.25916
0.26325
0.24473
0.24439
0.24004
0.35503
0.29385
0.29920
0.19900
0.29721
0.25447
0.25479
0.23022
0.35234
0.29846
0.33793
0.24399
0.26094
0.28820
0.27728
0.26563
0.29521
0.16495
0.33532
0.26756
0.34848
0.28388
0.31101
0.36592
0.30004
0.25825
0.29586
0.18228
0.21557
0.29657
0.23726
0.31571
0.32346
0.31335
0.34091
0.39911
0.32817
0.34243
0.28389
0.32296
0.30698
0.37395
0.26127
0.28648
0.32887
0.32515
0.28963
0.33696
0.39975
0.22370
0.26929
0.34665
0.23929
0.33715
0.34513
0.25459
0.24870
0.35407
0.24612
0.28603
0.31733
0.29704
0.26602
0.26322
0.25218
0.29017
0.29043
0.33400
0.29793
0.26887
0.29965
0.27926
0.30039
0.27597
0.26587
0.13194
0.35251
0.33029
0.36972
0.31482
0.32723
0.39404
0.43259
0.29868
0.18604
0.30629
0.40198
0.29043
0.21883
0.29984
0.33396
0.24186
0.25768
0.32692
0.23933
0.28456
0.25334
0.32273
0.36379
0.42927
0.33144
0.31531
0.26372
0.38390
0.31432
0.30212
0.28777
0.36991
0.26083
0.19826
0.33345
0.45203
0.26051
0.42741
0.41879
0.22078
0.28960
0.36073
0.29291
0.30558
0.27952
0.25744
0.21506
0.30826
0.31652
0.29421
0.31410
0.37998
0.28344
0.28470
0.28113
0.20841
0.24147
0.40005
0.24649
0.14311
0.33681
0.18029
0.19475
0.40436
0.17723
0.26418
0.21425
0.25237
0.22590
0.46599
0.19182
0.33173
0.39681
0.24637
0.23776
0.26963
0.25738
0.22259
0.35555
0.18073
0.35759
0.33576
0.29256
0.25878
0.24650
0.34304
0.28101
0.22196
0.36728
0.44266
0.31110
0.29735
0.36764
0.37809
0.22782
0.29195
0.29623
0.38787
0.20620
0.23216
0.24871
0.34148
0.29204
0.25969
0.25250
0.32658
0.36813
0.25146
0.28706
0.35804
0.31512
0.28170
0.25265
0.40166
0.27175
0.26683
0.27751
0.28768
0.34946
0.27649
0.30376
0.25027
0.35553
0.26929
0.26513
0.31912
0.29041
0.22536
0.28065
0.22220
0.32373
0.20059
0.08890
0.08926
0.18557
0.20932
0.28596
0.18407
0.25639
0.35015
0.20211
0.04787
0.13612
0.04353
0.25642
0.23481
0.13373
0.30735
0.08793
0.10518
0.21405
0.23461
0.09900
0.08317
0.24611
0.27962
0.21554
0.22111
0.27631
0.05235
0.27595
0.24544
0.03924
0.02075
0.14129
0.26991
0.12877
0.28171
0.23119
0.28886
0.04148
0.06488
0.01986
0.02887
0.30621
0.06670
0.13289
0.11961
0.29716
0.13953
0.21163
0.23676
0.09462
0.25167
0.03027
0.05071
0.25345
0.19529
0.17267
0.09591
0.07340
0.20982
0.23762
0.28737
0.24287
0.02126
0.05397
0.19719
0.20436
0.10420
0.20930
0.13159
0.20442
0.22253
0.09330
0.22450
0.25038
0.08233
0.16771
0.14913
0.02717
0.03275
0.22082
0.15566
0.20063
0.25177
0.25831
0.20132
0.35131
0.25900
0.25492
0.13624
0.22988
0.20641
0.03056
0.25783
0.08313
0.03565
0.20428
0.23173
0.29609
0.25289
0.08224
0.06596
0.08320
0.13821
0.22399
0.27062
0.05818
0.14820
0.32857
0.17035
0.20664
0.13484
0.01927
0.03686
0.18258
0.03684
0.08187
0.27138
0.28682
0.07222
0.08023
0.01397
0.06861
0.08204
0.23738
