0.11572
0.09680
0.06778
0.28131
0.09888
0.14818
0.23821
0.17923
0.19900
0.09513
0.22428
0.13376
0.19606
0.11862
0.14491
0.21850
0.14680
0.15830
0.08576
0.15544
0.30712
0.14942
0.16828
0.05326
0.22819
0.17290
0.11622
0.25774
0.11886
0.19789
0.16847
0.26548
0.13550
0.10184
0.13127
0.09643
0.12795
0.12048
0.17115
0.22450
0.31473
0.29993
0.09124
0.14732
0.28196
0.26092
0.19474
0.27046
0.17884
0.21192
0.09899
0.15688
0.13852
0.30187
0.09753
0.24353
0.22703
0.17890
0.10279
0.11919
0.28116
0.29387
0.16126
0.17137
0.28809
0.31711
0.09049
0.19789
0.16159
0.07520
0.15259
0.32153
0.34828
0.24321
0.24105
0.17721
0.16349
0.06419
0.23010
0.12568
0.32684
0.19149
0.34117
0.28804
0.26532
0.36800
0.09578
0.13865
0.18397
0.25839
0.33568
0.22648
0.09127
0.27712
0.10666
0.19370
0.22778
0.22970
0.20444
0.17291
0.10376
0.19779
0.12861
0.11362
0.27957
0.24975
0.16949
0.17346
0.19097
0.29181
0.08238
0.29786
0.15323
0.24219
0.12756
0.21950
0.25917
0.09555
0.09931
0.20194
0.23057
0.07793
0.29726
0.04923
0.13566
0.17254
0.29147
0.28076
0.24106
0.25977
0.11575
0.13984
0.27264
0.36009
0.10267
0.16085
0.09448
0.29395
0.24166
0.09798
0.21846
0.08313
0.31797
0.25643
0.15518
0.27816
0.08500
0.35226
0.23191
0.08656
0.19711
0.27910
0.11326
0.32280
0.29897
0.33455
0.16806
0.19227
0.13570
0.22817
0.27101
0.26647
0.29467
0.30740
0.09220
0.13320
0.29223
0.30304
0.14060
0.25952
0.07913
0.26364
0.26503
0.06062
0.17316
0.25683
0.11444
0.08937
0.20848
0.29848
0.11640
0.10573
0.21721
0.17829
0.09007
0.20517
0.25549
0.22963
0.25464
0.25076
0.16961
0.10343
0.07926
0.12913
0.16742
0.25366
0.22358
0.14812
0.09904
0.27776
0.24896
0.07750
0.21967
0.15292
0.08678
0.25054
0.16219
0.23863
0.27257
0.16122
0.26000
0.23338
0.13298
0.26440
0.24024
0.24372
0.13663
0.29827
0.20500
0.35638
0.13932
0.24234
0.13155
0.08619
0.13206
0.07233
0.18102
0.21149
0.18151
0.09585
0.26058
0.17200
0.26068
0.15324
0.07015
0.26061
0.11259
0.04440
0.10995
0.27231
0.11001
0.29115
0.11618
0.10973
0.17631
0.22867
0.11477
0.06857
0.11491
0.10210
0.12110
0.20207
0.15412
0.28823
0.13193
0.14851
0.17204
0.10189
0.09930
0.12766
0.18769
0.17326
0.22923
0.19730
0.16364
0.27483
0.30364
0.09372
0.20129
0.07788
0.13801
0.13100
0.10674
0.05655
0.38011
0.20770
0.09817
0.20031
0.19743
0.11546
0.15780
0.35098
0.11360
0.11226
0.30954
0.12321
0.17810
0.17939
0.19828
0.21123
0.12618
0.09126
0.22497
0.24985
0.18139
0.10835
0.19607
0.18415
0.16913
0.16844
0.32224
0.29257
0.29009
0.16593
0.16084
0.27420
0.33629
0.31476
0.07085
0.27985
0.15341
0.29124
0.19605
0.12992
0.14077
0.13565
0.09287
0.25030
0.23068
0.09611
0.10267
0.08587
0.30953
0.18523
0.26476
0.20629
0.24957
0.25582
0.11250
0.05971
0.31120
0.28603
0.37124
0.23115
0.29805
0.24094
0.27019
0.30833
0.27487
0.27457
0.10345
0.12027
0.17772
0.23089
0.07964
0.11028
0.22374
0.15917
0.24330
0.17223
0.18169
0.14068
0.29187
0.22715
0.26082
0.22393
0.26913
0.17891
0.17355
0.34211
0.11553
0.25025
0.08223
0.10345
0.21750
0.03999
0.25464
0.34959
0.13092
0.07643
0.19443
0.25271
0.11164
0.09041
0.13347
0.06034
0.11418
0.11860
0.20343
0.12975
0.28978
0.20304
0.23434
0.11993
0.18261
0.29545
0.20276
0.30752
0.33572
0.17331
0.27007
0.30333
0.30246
0.33084
0.27374
0.24408
0.34205
0.22792
0.23529
0.25935
0.20274
0.31021
0.16600
0.35900
0.29279
0.24267
0.22669
0.22329
0.23165
0.33908
0.25898
0.24631
0.29602
0.32211
0.21600
0.25075
0.31486
0.25115
0.22061
0.25100
0.29574
0.31693
0.23421
0.20931
0.32701
0.26019
0.22434
0.29556
0.17718
0.28940
0.32391
0.28634
0.26984
0.31213
0.28376
0.20467
0.27674
0.33081
0.19423
0.27306
0.30587
0.28011
0.27876
0.26757
0.18391
0.30901
0.25739
0.28158
0.30799
0.26915
0.26815
0.18263
0.29525
0.35980
0.13834
0.27828
0.20711
0.20176
0.17281
0.35067
0.27055
0.31766
0.14213
0.35095
0.27047
0.26903
0.34184
0.32541
0.29389
0.29741
0.22163
0.27003
0.16834
0.34057
0.31219
0.20684
0.14437
0.29185
0.20828
0.23582
0.28593
0.23106
0.33882
0.33118
0.20611
0.32506
0.31154
0.16666
0.18498
0.30735
0.16744
0.17789
0.12666
0.29441
0.33223
0.27721
0.28668
0.22893
0.30449
0.19266
0.32054
0.27352
0.27493
0.19908
0.28031
0.27943
0.22905
0.14165
0.34878
0.29986
0.22285
0.31426
0.32601
0.23130
0.35658
0.32002
0.23077
0.28281
0.18856
0.28246
0.30175
0.25766
0.28124
0.24826
0.13919
0.29359
0.20804
0.26965
0.20644
0.27726
0.33262
0.27341
0.18195
0.22348
0.28024
0.19977
0.29468
0.18086
0.24989
0.23292
0.20804
0.22544
0.26691
0.33094
0.29565
0.26143
0.21080
0.33115
0.19473
0.23015
0.23332
0.29627
0.30498
0.15186
0.16638
0.25615
0.27029
0.21666
0.14648
0.20556
0.25222
0.21837
0.23325
0.24852
0.31819
0.15431
0.22377
0.28470
0.28442
0.16610
0.27181
0.24945
0.24840
0.35407
0.15847
0.28746
0.22146
0.35421
0.29124
0.24685
0.23777
0.31003
0.26569
0.19318
0.30940
0.25863
0.22435
0.28469
0.25657
0.32647
0.20924
0.27443
0.22777
0.34411
0.20275
0.26567
0.23091
0.26491
0.27236
0.23106
0.19638
0.25265
0.24528
0.29367
0.19329
0.28466
0.22376
0.24576
0.27640
0.27182
0.27908
0.13581
0.21488
0.31777
0.33321
0.28797
0.27503
0.27868
0.26886
0.21238
0.19466
0.30684
0.27067
0.29152
0.20766
0.17833
0.28729
0.31545
0.24922
0.27826
0.22795
0.32463
0.28779
0.16344
0.15586
0.29376
0.28787
0.31545
0.27750
0.25144
0.34340
0.31772
0.12498
0.20874
0.30030
0.26550
0.28806
0.30848
0.33452
0.21241
0.17923
0.18139
0.27932
0.31147
0.34407
0.29764
0.27950
0.27833
0.20710
0.24825
0.29824
0.26818
0.14717
0.33299
0.19816
0.23698
0.35224
0.30008
0.28217
0.22948
0.25091
0.29521
0.34052
0.33771
0.24906
0.26173
0.19743
0.27565
0.29099
0.11405
0.26318
0.17057
0.26421
0.29771
0.21345
0.26033
0.23887
0.26052
0.24516
0.23937
0.21150
0.33537
0.30161
0.24645
0.17700
0.28357
0.25626
0.20024
0.20415
0.30746
0.30011
0.32250
0.24436
0.22284
0.29131
0.21870
0.22807
0.28627
0.15975
0.30590
0.24159
0.34094
0.27690
0.28394
0.34068
0.24420
0.25485
0.30683
0.16718
0.23501
0.29270
0.20030
0.29926
0.30774
0.23729
0.33006
0.37886
0.28723
0.31466
0.25356
0.30796
0.27090
0.34856
0.23514
0.25050
0.31701
0.31681
0.29241
0.32490
0.38377
0.22313
0.25742
0.30199
0.23731
0.32898
0.32189
0.21830
0.26058
0.34756
0.22929
0.26063
0.30442
0.22975
0.21526
0.25246
0.23972
0.29972
0.29946
0.27883
0.30995
0.26090
0.31172
0.26994
0.31999
0.28713
0.26893
0.13161
0.31887
0.33076
0.36344
0.31673
0.29124
0.39906
0.36958
0.29243
0.16178
0.32426
0.37287
0.25868
0.18835
0.30407
0.31805
0.22384
0.24380
0.32882
0.24906
0.25703
0.26550
0.35100
0.31876
0.38829
0.26811
0.30194
0.28171
0.38317
0.27141
0.30972
0.32048
0.36209
0.25501
0.14826
0.30763
0.44067
0.20524
0.39797
0.41977
0.21591
0.31121
0.36769
0.32285
0.30665
0.25767
0.29624
0.20572
0.28646
0.32324
0.29914
0.30324
0.37604
0.27164
0.30883
0.23183
0.21426
0.28885
0.37800
0.22717
0.10538
0.33804
0.15985
0.17869
0.40830
0.11397
0.21502
0.18333
0.29495
0.21490
0.43771
0.17000
0.33110
0.37747
0.25123
0.22961
0.25839
0.25451
0.20370
0.36973
0.14716
0.36600
0.34484
0.24534
0.23672
0.26238
0.35249
0.29461
0.18400
0.34692
0.40671
0.31539
0.30970
0.36756
0.36809
0.20713
0.26529
0.28753
0.38435
0.17481
0.22463
0.19181
0.36143
0.28182
0.24498
0.27255
0.33934
0.35856
0.22408
0.31593
0.32576
0.29522
0.31735
0.25385
0.37003
0.32240
0.24522
0.30804
0.31811
0.34251
0.27969
0.31984
0.23394
0.31592
0.25334
0.26009
0.31871
0.28433
0.25301
0.30039
0.18109
0.31760
0.21918
0.06572
0.19063
0.21163
0.28277
0.28429
0.18713
0.25066
0.36057
0.20397
0.06257
0.22824
0.11454
0.30094
0.23706
0.19832
0.28046
0.06497
0.10664
0.20524
0.19550
0.06827
0.12219
0.24382
0.25963
0.13281
0.20777
0.22878
0.13782
0.29374
0.23405
0.07264
0.09710
0.18631
0.27393
0.18302
0.22522
0.22215
0.30239
0.10016
0.10279
0.08430
0.14660
0.26145
0.16358
0.18993
0.20362
0.32745
0.19937
0.31313
0.21498
0.07881
0.28815
0.06155
0.12485
0.24831
0.18166
0.23146
0.08670
0.14586
0.23223
0.18565
0.29328
0.26276
0.05889
0.07336
0.17300
0.21201
0.23117
0.17154
0.12746
0.30109
0.19648
0.11424
0.25691
0.24372
0.12018
0.20860
0.19116
0.05400
0.06891
0.27383
0.19047
0.20365
0.22916
0.22264
0.19937
0.29952
0.25775
0.21201
0.18357
0.22343
0.21985
0.06560
0.22331
0.12657
0.11186
0.23063
0.25601
0.30059
0.24387
0.08368
0.08193
0.18764
0.23370
0.22596
0.28295
0.10994
0.24611
0.31113
0.11711
0.20834
0.17936
0.09247
0.05347
0.16939
0.09386
0.10974
0.23874
0.28022
0.09915
0.11552
0.03631
0.10094
0.09519
0.20638
