0.08963
0.09839
0.03865
0.25201
0.08377
0.17612
0.23567
0.16191
0.16421
0.06942
0.20670
0.11913
0.18659
0.14285
0.13234
0.20345
0.12357
0.13658
0.06549
0.15623
0.28722
0.13127
0.11495
0.04608
0.22931
0.15905
0.17036
0.27386
0.12894
0.19136
0.11742
0.25164
0.14131
0.09308
0.11423
0.09158
0.12755
0.08802
0.12399
0.18008
0.30146
0.27611
0.06127
0.11864
0.26655
0.24721
0.18008
0.24251
0.18040
0.18643
0.09277
0.14133
0.13700
0.30177
0.09416
0.20746
0.20027
0.13809
0.13247
0.07478
0.27076
0.31109
0.14528
0.21920
0.30547
0.33898
0.06186
0.20693
0.10404
0.02730
0.11858
0.32683
0.33221
0.22373
0.24739
0.19242
0.11240
0.04238
0.16168
0.14406
0.32619
0.18506
0.34817
0.26921
0.28730
0.35261
0.10065
0.09064
0.11470
0.23828
0.32941
0.18634
0.07571
0.26251
0.08671
0.15775
0.22812
0.23226
0.19945
0.16307
0.09798
0.18502
0.15192
0.12222
0.25095
0.26384
0.14689
0.16155
0.20846
0.28200
0.08434
0.28248
0.10715
0.20992
0.13062
0.17931
0.28066
0.06756
0.06834
0.19001
0.20070
0.08126
0.30995
0.03497
0.12706
0.18592
0.26353
0.26614
0.20416
0.27305
0.10590
0.10160
0.32084
0.33999
0.10290
0.13660
0.05767
0.29417
0.26263
0.06060
0.19638
0.06582
0.31770
0.20739
0.16012
0.21056
0.08400
0.37544
0.16674
0.09165
0.14632
0.25595
0.11071
0.33263
0.31169
0.33573
0.14802
0.17715
0.13784
0.21570
0.30111
0.20743
0.27101
0.33105
0.10328
0.12151
0.29524
0.29798
0.07329
0.27972
0.04125
0.22545
0.23162
0.02818
0.10785
0.22415
0.04910
0.08548
0.17732
0.26269
0.08649
0.10344
0.21334
0.12128
0.10573
0.16936
0.22824
0.25130
0.24412
0.20295
0.15323
0.05384
0.04554
0.13186
0.16349
0.23354
0.18310
0.20611
0.10306
0.26258
0.22659
0.07213
0.17256
0.13353
0.05801
0.24678
0.12839
0.18366
0.24333
0.13379
0.21440
0.21140
0.13311
0.27747
0.25841
0.23682
0.13456
0.31216
0.21085
0.35342
0.10277
0.22848
0.12817
0.07158
0.09617
0.05554
0.21119
0.21820
0.13751
0.04910
0.23450
0.12064
0.23113
0.14654
0.05808
0.24869
0.10300
0.05690
0.10139
0.28778
0.09171
0.32295
0.06763
0.10641
0.16587
0.21482
0.11236
0.02789
0.08401
0.11272
0.12276
0.13972
0.11753
0.26387
0.12365
0.14756
0.18812
0.07093
0.08135
0.13251
0.20028
0.16073
0.18866
0.17110
0.12997
0.20645
0.28968
0.08734
0.13597
0.03145
0.12021
0.12603
0.08919
0.03822
0.36843
0.16762
0.07394
0.17419
0.16093
0.05721
0.19389
0.34825
0.10613
0.08293
0.29501
0.11646
0.21872
0.16713
0.15162
0.15337
0.10513
0.09634
0.18971
0.24756
0.19479
0.09943
0.19554
0.19553
0.18824
0.14691
0.31899
0.29825
0.28048
0.14284
0.13205
0.31071
0.33467
0.33585
0.03265
0.26322
0.12844
0.27687
0.15461
0.08701
0.17217
0.11262
0.10919
0.21485
0.25665
0.05587
0.07387
0.07730
0.24591
0.15056
0.24842
0.17137
0.25158
0.23461
0.11106
0.05073
0.24157
0.28348
0.37813
0.24940
0.31494
0.21992
0.23570
0.32631
0.30320
0.29554
0.06102
0.07923
0.10942
0.24235
0.04900
0.10553
0.21484
0.18225
0.21899
0.12688
0.16197
0.16708
0.29002
0.29677
0.26503
0.22346
0.27731
0.13970
0.15951
0.32455
0.06511
0.18254
0.06520
0.08978
0.24314
0.09744
0.24212
0.34001
0.08348
0.12242
0.16229
0.24679
0.10170
0.05262
0.05247
0.07690
0.08819
0.08613
0.20549
0.10109
0.25203
0.15447
0.17707
0.12655
0.15421
0.27600
0.23109
0.29911
0.35501
0.19102
0.25030
0.31838
0.32269
0.32061
0.26838
0.24196
0.34440
0.28560
0.23897
0.29020
0.20697
0.31372
0.19269
0.37137
0.30648
0.23995
0.28595
0.27031
0.27061
0.35624
0.31669
0.25985
0.30992
0.32165
0.25369
0.27909
0.32861
0.28578
0.23975
0.25004
0.30286
0.29792
0.26647
0.19211
0.34378
0.28684
0.24238
0.32182
0.18889
0.30044
0.34591
0.30092
0.29909
0.32621
0.30665
0.24891
0.29865
0.32446
0.23549
0.30066
0.31672
0.27508
0.30241
0.29357
0.20731
0.31065
0.28257
0.28184
0.30533
0.27286
0.27868
0.19690
0.28273
0.37740
0.13824
0.30512
0.24589
0.22186
0.19198
0.37591
0.30042
0.34043
0.16697
0.35052
0.27865
0.28343
0.38234
0.32200
0.30906
0.29815
0.23733
0.29270
0.16951
0.34679
0.30380
0.24977
0.15946
0.33888
0.20249
0.27507
0.30087
0.26207
0.34192
0.31150
0.20270
0.31567
0.32304
0.15602
0.19255
0.29780
0.17863
0.20219
0.13900
0.29120
0.35210
0.27583
0.29836
0.24351
0.30818
0.21564
0.32444
0.28438
0.29433
0.21642
0.28217
0.31026
0.22063
0.16884
0.35950
0.28693
0.22090
0.28981
0.31641
0.24828
0.36231
0.32333
0.23655
0.30118
0.19428
0.29477
0.30736
0.29474
0.25431
0.26629
0.16683
0.32731
0.23026
0.30084
0.21514
0.30531
0.34349
0.27012
0.19032
0.20612
0.30258
0.21764
0.30815
0.19057
0.23258
0.24283
0.23492
0.22442
0.31431
0.31732
0.32020
0.24468
0.23799
0.32307
0.23745
0.23989
0.23166
0.29388
0.29964
0.15730
0.20239
0.28751
0.30612
0.23218
0.16801
0.20855
0.27311
0.22422
0.22457
0.28750
0.33789
0.17625
0.24742
0.28658
0.28767
0.20545
0.27592
0.26278
0.26582
0.36624
0.18898
0.28480
0.25717
0.36856
0.30219
0.27519
0.27764
0.29606
0.28496
0.17904
0.31560
0.25493
0.25469
0.28960
0.29990
0.33998
0.24373
0.27763
0.22841
0.34459
0.25155
0.29151
0.22886
0.27497
0.27317
0.27457
0.20131
0.28270
0.25217
0.32349
0.21303
0.32745
0.24725
0.28503
0.28486
0.27182
0.28995
0.14348
0.23818
0.32717
0.32923
0.26748
0.31945
0.32375
0.27580
0.24486
0.24545
0.30338
0.29442
0.28279
0.23892
0.18138
0.28790
0.30444
0.25832
0.28642
0.25232
0.31741
0.30095
0.21494
0.19215
0.28571
0.27430
0.31536
0.26944
0.25499
0.35719
0.35940
0.15451
0.25015
0.31577
0.27735
0.29005
0.31944
0.33394
0.22413
0.19775
0.20723
0.28352
0.28979
0.35245
0.28980
0.28762
0.30487
0.22973
0.26903
0.28894
0.28044
0.17163
0.32487
0.21485
0.22947
0.32960
0.31892
0.29208
0.22758
0.25971
0.29892
0.35273
0.34062
0.26069
0.26156
0.20023
0.31098
0.29200
0.14528
0.29222
0.15587
0.24581
0.31384
0.22167
0.27816
0.25522
0.26095
0.21129
0.24463
0.23311
0.34242
0.29218
0.29008
0.21490
0.28938
0.26010
0.24129
0.21598
0.29947
0.31139
0.33249
0.23834
0.27816
0.29059
0.27113
0.26677
0.26883
0.17895
0.30327
0.26860
0.31974
0.26930
0.25898
0.31872
0.28997
0.29003
0.31841
0.21725
0.24129
0.31691
0.25216
0.30286
0.30057
0.30707
0.32639
0.38125
0.28867
0.31342
0.26210
0.29532
0.29276
0.35862
0.26283
0.27041
0.31664
0.30940
0.30430
0.34061
0.39050
0.24199
0.28195
0.32240
0.23285
0.31874
0.32888
0.23572
0.25660
0.32495
0.23127
0.28240
0.30403
0.27131
0.27321
0.25449
0.26632
0.25974
0.29162
0.31972
0.28786
0.28359
0.31481
0.27538
0.31828
0.29308
0.26454
0.14064
0.30522
0.33280
0.36359
0.33492
0.31244
0.40616
0.40884
0.29036
0.19033
0.33133
0.39835
0.25232
0.18358
0.32610
0.34065
0.23614
0.25087
0.31226
0.26409
0.28234
0.26869
0.33195
0.35312
0.39054
0.31886
0.30761
0.26956
0.39726
0.32688
0.30724
0.31872
0.35613
0.29105
0.17100
0.31372
0.44383
0.24414
0.39992
0.42495
0.20701
0.27994
0.36585
0.30084
0.31767
0.27429
0.30942
0.20154
0.28654
0.30338
0.27456
0.31058
0.37497
0.30006
0.29748
0.24267
0.15409
0.27977
0.40284
0.19602
0.10872
0.34867
0.14316
0.20663
0.40810
0.15312
0.22402
0.21320
0.28101
0.24673
0.45140
0.18375
0.34278
0.38855
0.24879
0.19649
0.27589
0.24699
0.18954
0.36570
0.18216
0.36956
0.33934
0.26155
0.23416
0.26513
0.33429
0.26016
0.20826
0.35301
0.43627
0.30836
0.30095
0.37374
0.36478
0.22704
0.27475
0.29344
0.37847
0.16171
0.23007
0.23632
0.36474
0.30441
0.24461
0.29409
0.32169
0.34512
0.23689
0.33051
0.33065
0.31082
0.30154
0.23998
0.36517
0.28312
0.27843
0.29893
0.31341
0.34735
0.24694
0.30951
0.24544
0.31131
0.26663
0.24069
0.31042
0.31209
0.23675
0.29979
0.19987
0.28139
0.24221
0.03989
0.09508
0.23103
0.26743
0.20813
0.20471
0.27378
0.31620
0.14337
0.04420
0.20279
0.04956
0.27711
0.22783
0.18557
0.27781
0.04281
0.10285
0.19506
0.13135
0.05793
0.08927
0.24338
0.20128
0.19479
0.21658
0.26774
0.11107
0.28275
0.21003
0.07412
0.03380
0.12946
0.30831
0.15384
0.25600
0.23091
0.24238
0.09067
0.05399
0.09445
0.09069
0.25972
0.11107
0.18497
0.21680
0.25776
0.16747
0.26227
0.20704
0.05158
0.27215
0.06257
0.11140
0.26745
0.18218
0.26627
0.06619
0.10091
0.19940
0.22979
0.28567
0.26939
0.05038
0.05171
0.18954
0.21084
0.19772
0.18074
0.12021
0.26813
0.14952
0.10068
0.22568
0.25178
0.08397
0.11316
0.14744
0.09780
0.05128
0.23068
0.12373
0.20764
0.23671
0.27372
0.20689
0.31043
0.18923
0.26688
0.19523
0.20988
0.19017
0.03257
0.22605
0.08016
0.07841
0.22144
0.23138
0.29310
0.24524
0.03631
0.04593
0.16517
0.23981
0.25280
0.29418
0.07258
0.17495
0.29144
0.09728
0.25634
0.06272
0.02736
0.04104
0.11361
0.07490
0.09350
0.24390
0.30216
0.11159
0.09971
0.02505
0.09208
0.08047
0.29599
