0.12172
0.09512
0.04229
0.23662
0.07475
0.13226
0.20733
0.14334
0.18819
0.05806
0.20461
0.13310
0.16241
0.13254
0.12773
0.23138
0.12423
0.12515
0.07339
0.14438
0.28683
0.11680
0.15187
0.06180
0.19070
0.13979
0.13210
0.26522
0.09413
0.17046
0.15338
0.25426
0.12936
0.11038
0.10348
0.09306
0.12316
0.08527
0.10916
0.17817
0.28863
0.29413
0.10101
0.12544
0.30065
0.23151
0.16748
0.25003
0.16016
0.17506
0.09593
0.11200
0.13892
0.27927
0.09626
0.24598
0.23181
0.12916
0.09656
0.10740
0.29061
0.30111
0.11088
0.21773
0.29026
0.28615
0.07263
0.19558
0.09182
0.04284
0.12264
0.31622
0.34053
0.22550
0.25597
0.16225
0.11174
0.03913
0.21717
0.14082
0.32060
0.16665
0.26071
0.26587
0.28232
0.35437
0.09157
0.08991
0.15459
0.24672
0.32781
0.18491
0.09158
0.27057
0.06375
0.19119
0.21743
0.22521
0.21971
0.17040
0.09564
0.18739
0.12039
0.10093
0.22589
0.28311
0.17026
0.16404
0.16227
0.25401
0.04373
0.25681
0.07842
0.23341
0.10224
0.18621
0.27847
0.05159
0.07870
0.15696
0.23312
0.07650
0.27670
0.03230
0.12881
0.15530
0.29821
0.27723
0.18737
0.26630
0.10864
0.14226
0.28100
0.33118
0.09882
0.16374
0.06137
0.30701
0.27232
0.04463
0.17596
0.04064
0.28391
0.18195
0.12943
0.24221
0.09822
0.33614
0.20037
0.08702
0.16602
0.21895
0.11271
0.29097
0.32683
0.30938
0.11846
0.13682
0.13757
0.20256
0.27736
0.26293
0.25934
0.31913
0.09666
0.13137
0.29203
0.30899
0.09056
0.27486
0.05935
0.23114
0.24071
0.05511
0.11963
0.21923
0.05357
0.06799
0.20944
0.27555
0.08239
0.10794
0.18026
0.13386
0.11460
0.18044
0.22233
0.21798
0.25200
0.19627
0.14384
0.07486
0.05384
0.15298
0.12914
0.26968
0.21211
0.19233
0.06956
0.30700
0.23818
0.07862
0.19499
0.14539
0.07064
0.25240
0.13038
0.19844
0.28140
0.11422
0.27405
0.21662
0.12068
0.23624
0.24466
0.26628
0.13352
0.26873
0.23347
0.32683
0.09620
0.20627
0.08228
0.07909
0.08848
0.04832
0.16903
0.20890
0.15567
0.06860
0.24938
0.12834
0.24181
0.13217
0.03702
0.27294
0.11590
0.04069
0.10499
0.29140
0.08371
0.29173
0.08059
0.10395
0.16227
0.20725
0.11473
0.07722
0.10845
0.09870
0.10442
0.11547
0.12527
0.27971
0.12393
0.14725
0.18202
0.10289
0.07600
0.13731
0.13287
0.16694
0.19881
0.16998
0.14880
0.21952
0.28596
0.09752
0.18495
0.05259
0.08964
0.11380
0.07306
0.03105
0.36508
0.16980
0.08784
0.20599
0.14523
0.07332
0.14997
0.34364
0.14452
0.08690
0.30161
0.12598
0.22335
0.18465
0.14165
0.14407
0.07979
0.08663
0.20075
0.21693
0.21747
0.09633
0.19526
0.16331
0.17397
0.14337
0.34308
0.24394
0.26580
0.14888
0.12419
0.28692
0.32733
0.33902
0.03980
0.28077
0.13473
0.29640
0.14493
0.10338
0.13498
0.11831
0.10116
0.19551
0.24177
0.08077
0.08736
0.07386
0.29403
0.17427
0.22292
0.18930
0.25518
0.27289
0.15208
0.05488
0.28542
0.26717
0.36685
0.25326
0.29824
0.19493
0.24710
0.28281
0.25979
0.30513
0.04763
0.08301
0.13499
0.24284
0.04831
0.06483
0.20977
0.13467
0.23259
0.11588
0.17631
0.12737
0.28616
0.25750
0.27179
0.21611
0.30094
0.12432
0.14540
0.32590
0.07895
0.20089
0.04300
0.09578
0.24562
0.05982
0.24752
0.33758
0.06064
0.07534
0.13441
0.25126
0.09878
0.07906
0.06534
0.07449
0.07601
0.08517
0.19121
0.08425
0.27579
0.16853
0.21436
0.08386
0.18622
0.29170
0.19223
0.24467
0.35389
0.16216
0.25934
0.31367
0.26689
0.28624
0.28335
0.24161
0.34716
0.25804
0.24995
0.23461
0.23221
0.26370
0.18612
0.35856
0.32744
0.25507
0.25435
0.25792
0.21771
0.34967
0.25479
0.22418
0.32077
0.32846
0.20833
0.22619
0.31280
0.27225
0.23080
0.26763
0.24863
0.31179
0.24779
0.21971
0.34464
0.23920
0.22042
0.30130
0.18813
0.31582
0.34912
0.28951
0.29684
0.28039
0.25680
0.23486
0.24513
0.31814
0.21657
0.26061
0.32074
0.23732
0.21002
0.29653
0.18641
0.28113
0.26126
0.27900
0.31906
0.27617
0.24190
0.20645
0.28676
0.35717
0.14531
0.27773
0.19989
0.18048
0.20841
0.36022
0.29410
0.32796
0.17482
0.35266
0.26655
0.28743
0.35281
0.31508
0.25616
0.29602
0.24507
0.27806
0.18204
0.33583
0.24313
0.22394
0.16723
0.32555
0.22308
0.26575
0.29846
0.25702
0.34790
0.32812
0.23132
0.30663
0.32056
0.16762
0.16229
0.27369
0.18801
0.18106
0.14110
0.28518
0.34140
0.26248
0.24338
0.24232
0.26088
0.21920
0.27542
0.24973
0.24031
0.18278
0.28093
0.25358
0.23327
0.18241
0.34952
0.28839
0.17243
0.28662
0.31618
0.26894
0.35403
0.31607
0.24239
0.25575
0.23668
0.28098
0.30945
0.25670
0.26418
0.23763
0.17051
0.28737
0.22908
0.26077
0.24197
0.25432
0.29817
0.27886
0.22098
0.25151
0.29276
0.21362
0.26854
0.19670
0.22227
0.20711
0.23101
0.20426
0.31555
0.31600
0.31510
0.23521
0.20555
0.31356
0.21297
0.19291
0.21849
0.29130
0.29566
0.17191
0.17195
0.26627
0.24211
0.21177
0.16195
0.19868
0.26495
0.19498
0.24034
0.24220
0.28334
0.16606
0.19898
0.28016
0.26468
0.18413
0.25642
0.26772
0.26516
0.36622
0.19385
0.28185
0.24091
0.36481
0.31355
0.22345
0.28393
0.26904
0.25945
0.20517
0.29829
0.27461
0.22012
0.28886
0.26137
0.33228
0.25550
0.28930
0.21275
0.34212
0.22845
0.25762
0.24080
0.23949
0.27655
0.25355
0.22077
0.20722
0.25466
0.31781
0.22107
0.31879
0.24861
0.24800
0.28178
0.29498
0.26743
0.15100
0.20361
0.32357
0.32620
0.23850
0.24301
0.27759
0.27066
0.22218
0.20203
0.31085
0.29669
0.22953
0.25855
0.21387
0.27274
0.30980
0.27023
0.22693
0.21513
0.32798
0.27842
0.18806
0.16438
0.28966
0.29557
0.25824
0.25067
0.21610
0.34820
0.34406
0.15718
0.23718
0.31681
0.25571
0.23900
0.30629
0.32670
0.23097
0.18873
0.19564
0.23919
0.24359
0.36183
0.28178
0.30164
0.25428
0.23936
0.26659
0.29279
0.27568
0.17513
0.32261
0.20141
0.23950
0.32735
0.29336
0.20794
0.25561
0.23902
0.28594
0.31389
0.34283
0.24555
0.28430
0.21318
0.30367
0.30020
0.13894
0.25859
0.19648
0.21670
0.25955
0.24154
0.25842
0.24972
0.23984
0.24780
0.22932
0.25062
0.34022
0.26586
0.22860
0.19305
0.29443
0.24800
0.23473
0.18036
0.32805
0.30367
0.32679
0.25633
0.24542
0.27926
0.26582
0.21602
0.27396
0.17578
0.29696
0.26016
0.33913
0.28146
0.29784
0.34784
0.28022
0.24231
0.26218
0.14709
0.23238
0.25307
0.23213
0.27900
0.29694
0.25386
0.28635
0.38143
0.31461
0.31165
0.27484
0.31163
0.29966
0.34801
0.23799
0.27746
0.32306
0.31796
0.26101
0.31391
0.38159
0.23695
0.24369
0.32233
0.22141
0.30843
0.33483
0.24140
0.24693
0.31950
0.22528
0.25137
0.31674
0.27208
0.23051
0.22838
0.22143
0.28367
0.28704
0.29171
0.28506
0.23399
0.28618
0.26461
0.25922
0.23884
0.27590
0.15750
0.31802
0.31756
0.35103
0.28711
0.31448
0.36916
0.38085
0.26797
0.19601
0.28001
0.37609
0.24444
0.21550
0.27297
0.34603
0.21006
0.20943
0.33176
0.26996
0.28858
0.21975
0.29453
0.34823
0.41185
0.29048
0.29176
0.24226
0.34649
0.30276
0.31582
0.28372
0.33210
0.24414
0.19163
0.32595
0.39471
0.22725
0.37583
0.38089
0.21283
0.25152
0.32214
0.30272
0.30403
0.24680
0.23660
0.20688
0.29276
0.29211
0.28458
0.31255
0.32750
0.25972
0.24014
0.24462
0.16435
0.23211
0.36266
0.21932
0.14486
0.33430
0.12516
0.22968
0.37308
0.17229
0.25557
0.22152
0.23549
0.23156
0.42293
0.20770
0.30086
0.35818
0.21907
0.23417
0.23793
0.24856
0.20768
0.32475
0.18731
0.37546
0.34071
0.20996
0.23384
0.21901
0.35466
0.24587
0.22046
0.35645
0.40858
0.30142
0.26588
0.32731
0.34197
0.18453
0.26790
0.29864
0.39076
0.21609
0.22990
0.22096
0.33284
0.25467
0.22396
0.26321
0.32355
0.34366
0.24722
0.29041
0.30051
0.30304
0.25907
0.23548
0.37339
0.26675
0.29257
0.26059
0.25768
0.31960
0.24369
0.29517
0.25017
0.30962
0.26964
0.25172
0.29064
0.27144
0.20856
0.24583
0.12065
0.30207
0.21943
0.02096
0.15590
0.18733
0.25197
0.29255
0.20682
0.24504
0.36095
0.18452
0.09036
0.17604
0.05440
0.31929
0.25743
0.19350
0.29291
0.08802
0.11008
0.21862
0.22466
0.07096
0.14181
0.18935
0.29565
0.19938
0.21321
0.29384
0.07060
0.30167
0.26919
0.02346
0.07998
0.13952
0.28966
0.17401
0.27357
0.18801
0.31952
0.05156
0.07632
0.12732
0.03901
0.30806
0.15221
0.12933
0.19920
0.28844
0.20687
0.29248
0.20823
0.03071
0.28546
0.12529
0.03694
0.26262
0.19059
0.25693
0.07988
0.07195
0.21679
0.20043
0.29418
0.26824
0.03851
0.07518
0.18221
0.20107
0.22822
0.18738
0.07802
0.26108
0.18897
0.08832
0.28629
0.29719
0.07143
0.17432
0.15936
0.06403
0.02967
0.24347
0.06568
0.19338
0.22494
0.25900
0.20577
0.28463
0.25082
0.24527
0.15083
0.19547
0.17688
0.08259
0.28662
0.12445
0.07148
0.17503
0.24952
0.28561
0.26806
0.09872
0.07588
0.14959
0.22973
0.25677
0.28958
0.05223
0.14242
0.34443
0.13033
0.26449
0.15107
0.09370
0.04550
0.14642
0.05319
0.07977
0.26146
0.29122
0.08004
0.06952
0.03839
0.15157
0.05624
0.24461
