0.08324
0.10711
0.05678
0.24550
0.06648
0.14302
0.22455
0.13426
0.18855
0.06953
0.20737
0.12811
0.14158
0.13796
0.12091
0.22004
0.13107
0.09528
0.06959
0.12806
0.29568
0.13112
0.14662
0.03823
0.23367
0.13977
0.11610
0.22504
0.07122
0.12546
0.11203
0.21335
0.15179
0.12082
0.03302
0.09171
0.11617
0.09360
0.09590
0.13237
0.28466
0.22666
0.07247
0.16523
0.28776
0.20323
0.13953
0.27474
0.15789
0.15855
0.09923
0.11260
0.13931
0.29487
0.08806
0.20144
0.21230
0.09221
0.15001
0.07912
0.25758
0.26603
0.12346
0.19579
0.30799
0.29770
0.06289
0.21397
0.08368
0.03214
0.12746
0.29172
0.29485
0.19851
0.26001
0.08616
0.10309
0.04583
0.22670
0.16806
0.30646
0.17427
0.28925
0.26270
0.22569
0.35150
0.10849
0.08569
0.11454
0.22109
0.32896
0.18422
0.05517
0.28655
0.07677
0.12603
0.15098
0.21122
0.19760
0.11438
0.09369
0.18404
0.12941
0.11990
0.22860
0.30744
0.13795
0.15124
0.14816
0.29124
0.02045
0.25468
0.05947
0.25679
0.09771
0.06998
0.26521
0.04147
0.06729
0.21140
0.23332
0.06107
0.27174
0.02306
0.08790
0.13076
0.29129
0.28605
0.13637
0.24399
0.08620
0.09160
0.28636
0.30957
0.11985
0.11185
0.05613
0.27943
0.24411
0.04898
0.14837
0.05011
0.28482
0.16108
0.11377
0.23488
0.07298
0.33633
0.17936
0.08283
0.17106
0.24516
0.12345
0.30878
0.32061
0.33467
0.06428
0.12079
0.14890
0.14696
0.17522
0.20246
0.28300
0.33064
0.11104
0.09119
0.22961
0.25037
0.05594
0.25412
0.06499
0.20438
0.23392
0.03071
0.07972
0.21606
0.04585
0.05351
0.18052
0.26018
0.07337
0.10863
0.22795
0.18957
0.08866
0.16350
0.21893
0.25891
0.26714
0.19297
0.10743
0.05218
0.03449
0.18325
0.13714
0.23376
0.18141
0.14564
0.08299
0.29668
0.23216
0.06589
0.17738
0.14415
0.05981
0.19834
0.05249
0.20952
0.26050
0.12552
0.23946
0.23305
0.06444
0.25392
0.25848
0.23488
0.12285
0.24573
0.25436
0.32038
0.10419
0.18651
0.11528
0.05481
0.09712
0.04205
0.15333
0.18884
0.10531
0.04340
0.24772
0.10601
0.22061
0.12113
0.03891
0.25213
0.11025
0.02144
0.11018
0.28214
0.05787
0.28178
0.08442
0.11425
0.14501
0.19646
0.09871
0.03870
0.10931
0.10490
0.11373
0.08990
0.08196
0.22061
0.13206
0.15816
0.17168
0.08042
0.05319
0.14075
0.20130
0.12411
0.18608
0.12603
0.12020
0.20185
0.26775
0.09485
0.16762
0.05480
0.09359
0.11773
0.08378
0.05011
0.37880
0.15553
0.06750
0.19471
0.12535
0.07880
0.11506
0.34056
0.11091
0.05841
0.32284
0.11909
0.17445
0.17704
0.20531
0.12076
0.07438
0.06271
0.17589
0.21786
0.18620
0.11132
0.16677
0.15552
0.18809
0.13159
0.34826
0.28150
0.24113
0.12955
0.06828
0.33853
0.31900
0.34098
0.02198
0.28755
0.13533
0.26481
0.13433
0.07500
0.15730
0.09634
0.12240
0.18530
0.23568
0.04685
0.08573
0.03205
0.27818
0.18477
0.27338
0.13748
0.21559
0.24267
0.09737
0.06294
0.22703
0.29319
0.34848
0.24833
0.26843
0.19057
0.25515
0.26203
0.28153
0.22342
0.08241
0.06741
0.10629
0.24144
0.03272
0.04238
0.17805
0.12704
0.21757
0.09408
0.15451
0.11144
0.27834
0.27801
0.24644
0.19986
0.33138
0.13521
0.15506
0.31568
0.04634
0.18330
0.07957
0.07219
0.23584
0.06940
0.22195
0.33839
0.04625
0.10585
0.11795
0.24597
0.10989
0.04639
0.05843
0.06421
0.04995
0.10320
0.18154
0.05643
0.27415
0.12748
0.15207
0.06755
0.19928
0.30867
0.20112
0.28555
0.36610
0.19256
0.29935
0.30493
0.29931
0.32137
0.29481
0.24705
0.36637
0.25959
0.24249
0.25403
0.22141
0.29627
0.20096
0.39854
0.34676
0.25639
0.27245
0.23904
0.24430
0.34329
0.30249
0.23162
0.30489
0.33872
0.23414
0.24967
0.33707
0.26743
0.24570
0.24678
0.28719
0.32190
0.25319
0.20842
0.34102
0.26028
0.23704
0.32109
0.21591
0.29854
0.36373
0.29159
0.31011
0.30917
0.30096
0.23579
0.28481
0.35704
0.21712
0.28985
0.32748
0.26560
0.27599
0.29810
0.20945
0.30185
0.26915
0.27726
0.33536
0.28635
0.27841
0.20925
0.30672
0.34698
0.16634
0.28834
0.21701
0.17419
0.22550
0.35306
0.28570
0.32827
0.17688
0.36331
0.26983
0.27992
0.37076
0.32006
0.28979
0.28223
0.24049
0.27966
0.18491
0.38885
0.29047
0.22734
0.18051
0.32854
0.20223
0.23759
0.29706
0.26296
0.35699
0.30986
0.20869
0.32012
0.29393
0.20223
0.18183
0.29674
0.17677
0.19527
0.14950
0.30534
0.35676
0.25794
0.26572
0.24836
0.31201
0.21808
0.30635
0.28833
0.29027
0.22364
0.29089
0.29296
0.21483
0.18233
0.34374
0.31680
0.19544
0.31623
0.33275
0.25622
0.35058
0.31259
0.23668
0.25272
0.19216
0.28599
0.29891
0.27780
0.27996
0.25012
0.17985
0.32073
0.22632
0.29171
0.21636
0.28551
0.32217
0.29406
0.19251
0.23818
0.29044
0.21134
0.29581
0.20882
0.26432
0.24910
0.22922
0.20615
0.29218
0.33486
0.33344
0.22868
0.21349
0.33216
0.22198
0.20707
0.24565
0.30046
0.32576
0.17679
0.19286
0.30025
0.27818
0.19163
0.16207
0.22772
0.25778
0.20453
0.25856
0.25282
0.31403
0.18933
0.23738
0.25695
0.28869
0.19800
0.29345
0.28154
0.27424
0.35977
0.18307
0.31768
0.23352
0.38720
0.31822
0.25410
0.26858
0.29401
0.27257
0.20359
0.30505
0.29952
0.25995
0.28380
0.26660
0.34561
0.25473
0.28667
0.25062
0.34902
0.23563
0.26133
0.23573
0.25840
0.26443
0.26989
0.21980
0.23513
0.26913
0.32412
0.23029
0.31878
0.23324
0.25939
0.30549
0.29480
0.32606
0.16320
0.19665
0.33243
0.34139
0.25607
0.28906
0.29654
0.26106
0.25036
0.21756
0.30592
0.28276
0.27199
0.25258
0.20914
0.30146
0.31497
0.23387
0.25701
0.20818
0.31726
0.27468
0.19927
0.20938
0.29843
0.30103
0.29699
0.27944
0.27443
0.34994
0.36214
0.14276
0.24193
0.32860
0.28262
0.26944
0.30690
0.34004
0.25294
0.20341
0.20155
0.27315
0.27490
0.36810
0.30075
0.28264
0.28624
0.23233
0.26769
0.29796
0.28683
0.19164
0.35458
0.23560
0.23130
0.35930
0.31052
0.25594
0.24103
0.24824
0.30471
0.34764
0.34781
0.27401
0.28308
0.21073
0.30193
0.34150
0.14482
0.25806
0.21176
0.24714
0.28393
0.22049
0.27317
0.23777
0.25166
0.23572
0.23586
0.25956
0.36040
0.28305
0.26718
0.20318
0.30502
0.24983
0.22289
0.18864
0.34534
0.28381
0.33573
0.28304
0.24224
0.28622
0.27079
0.22800
0.27357
0.20079
0.35667
0.26965
0.34439
0.29094
0.31092
0.35988
0.25813
0.26591
0.30031
0.21320
0.20478
0.29618
0.24204
0.30368
0.29996
0.28685
0.32592
0.39921
0.30361
0.32805
0.26575
0.28724
0.31465
0.36536
0.26010
0.26951
0.33223
0.34261
0.30197
0.34054
0.40960
0.23544
0.26100
0.33469
0.26204
0.32163
0.31873
0.27587
0.26448
0.36820
0.23853
0.27266
0.33369
0.28622
0.24081
0.24776
0.26944
0.28790
0.26836
0.31789
0.29246
0.24401
0.31049
0.27120
0.31201
0.28667
0.29766
0.15429
0.35269
0.32976
0.35044
0.32403
0.31940
0.40677
0.41181
0.26399
0.17141
0.29212
0.38032
0.29367
0.22845
0.29767
0.33605
0.24194
0.21694
0.33688
0.25138
0.27251
0.25664
0.34840
0.37734
0.43122
0.32927
0.29915
0.26468
0.40256
0.30999
0.31013
0.28925
0.34388
0.25387
0.19698
0.31596
0.47949
0.25340
0.42312
0.43268
0.21421
0.30099
0.36758
0.32720
0.29382
0.24221
0.27194
0.24766
0.30786
0.29416
0.31776
0.31652
0.40549
0.28622
0.29037
0.24707
0.20786
0.24590
0.40578
0.24811
0.14440
0.35276
0.19440
0.22400
0.40699
0.15597
0.28748
0.22579
0.27881
0.27256
0.46095
0.19742
0.33666
0.40789
0.26433
0.26506
0.24042
0.27057
0.24533
0.37340
0.18763
0.37883
0.36046
0.25505
0.26302
0.21872
0.35182
0.30984
0.22934
0.36681
0.44483
0.34657
0.29741
0.36861
0.38385
0.20413
0.26366
0.29658
0.41090
0.23273
0.25584
0.27681
0.36558
0.26876
0.27280
0.26340
0.32527
0.38403
0.24834
0.29648
0.33403
0.30651
0.27112
0.27684
0.38135
0.29044
0.28577
0.26800
0.30512
0.36223
0.29475
0.33005
0.25269
0.33505
0.27694
0.24140
0.30784
0.31557
0.21770
0.28322
0.20694
0.30951
0.21606
0.06752
0.14555
0.23713
0.25836
0.25003
0.21886
0.26810
0.35222
0.17631
0.10758
0.18259
0.03395
0.32360
0.27797
0.18241
0.27297
0.04086
0.10466
0.22315
0.23756
0.06796
0.10670
0.25575
0.29378
0.21018
0.21688
0.27377
0.04373
0.28074
0.18860
0.03780
0.03107
0.11867
0.28785
0.12653
0.17345
0.20647
0.28536
0.05178
0.05877
0.03446
0.03953
0.22325
0.06629
0.12144
0.17830
0.26594
0.12192
0.29276
0.22904
0.05439
0.26879
0.06142
0.04134
0.26375
0.20208
0.26858
0.07559
0.06188
0.19670
0.19829
0.30011
0.22504
0.02403
0.12957
0.19996
0.20651
0.14891
0.18748
0.10781
0.18366
0.18895
0.08041
0.23818
0.30955
0.09298
0.12373
0.12216
0.08109
0.04411
0.24033
0.13900
0.20962
0.25924
0.27560
0.20300
0.33398
0.20390
0.22836
0.20874
0.23813
0.16206
0.03038
0.29025
0.13295
0.12058
0.23007
0.22276
0.29638
0.28093
0.05433
0.05891
0.15275
0.17336
0.18291
0.30433
0.03968
0.16966
0.30868
0.13258
0.23815
0.09230
0.02901
0.01900
0.08865
0.03620
0.05840
0.27591
0.24692
0.06296
0.10405
0.05481
0.04388
0.07791
0.20075
