0.08532
0.10670
0.03703
0.23222
0.06366
0.13515
0.21703
0.13852
0.21200
0.05639
0.18869
0.11025
0.13011
0.13395
0.12892
0.20068
0.16466
0.08130
0.08258
0.13224
0.28588
0.11487
0.13393
0.04519
0.24779
0.12669
0.13124
0.26815
0.08506
0.13450
0.13951
0.24106
0.14812
0.10275
0.04809
0.09459
0.13332
0.08554
0.11821
0.14702
0.30854
0.22632
0.07748
0.13196
0.27737
0.20404
0.14362
0.22002
0.16349
0.16669
0.09649
0.11429
0.14132
0.30985
0.08782
0.21072
0.23160
0.09821
0.17425
0.07898
0.28939
0.31394
0.09841
0.21179
0.27861
0.30953
0.03562
0.21433
0.08466
0.03543
0.12059
0.29505
0.32538
0.21412
0.24048
0.11046
0.07930
0.03668
0.23663
0.17753
0.30903
0.16049
0.30152
0.25865
0.26001
0.38218
0.09694
0.07928
0.11504
0.23350
0.31985
0.19098
0.04190
0.25530
0.07537
0.13514
0.16630
0.21746
0.20659
0.12370
0.08892
0.15787
0.11705
0.12026
0.25839
0.30672
0.13864
0.15218
0.18784
0.25547
0.02552
0.26490
0.07044
0.26066
0.10330
0.11715
0.25809
0.04416
0.05390
0.18069
0.20952
0.07849
0.24536
0.02032
0.09231
0.12678
0.30277
0.30446
0.18289
0.23035
0.07949
0.09359
0.33341
0.33198
0.12330
0.12380
0.05369
0.25235
0.27417
0.04438
0.18135
0.05542
0.29284
0.16665
0.14043
0.25012
0.06543
0.33766
0.18323
0.08749
0.16166
0.24133
0.12882
0.30492
0.30712
0.32278
0.07427
0.13631
0.14514
0.19529
0.24373
0.22567
0.25200
0.32648
0.12258
0.10122
0.26570
0.29717
0.06138
0.26033
0.04239
0.21354
0.24445
0.02060
0.06745
0.20739
0.05057
0.05361
0.14189
0.25635
0.08111
0.10864
0.23042
0.13521
0.11349
0.14946
0.20744
0.25340
0.24345
0.20898
0.12171
0.05921
0.04558
0.17231
0.15380
0.26578
0.19264
0.16735
0.08751
0.29651
0.16943
0.06056
0.18648
0.14342
0.05741
0.23698
0.05622
0.17882
0.24973
0.14558
0.24523
0.23880
0.08086
0.25992
0.27909
0.22752
0.13042
0.27361
0.22769
0.32267
0.11196
0.19621
0.13103
0.05873
0.06617
0.03067
0.17877
0.19529
0.12163
0.06187
0.24369
0.11157
0.24222
0.12920
0.04048
0.26361
0.11522
0.02728
0.11324
0.28795
0.08043
0.26464
0.08789
0.11399
0.17252
0.20106
0.10151
0.05370
0.07799
0.10398
0.10391
0.09104
0.10251
0.25966
0.13829
0.14608
0.18395
0.10917
0.04238
0.13735
0.17256
0.13613
0.19136
0.14144
0.15744
0.21399
0.27198
0.09759
0.16572
0.06822
0.10653
0.12001
0.07015
0.02958
0.39005
0.15841
0.04464
0.22895
0.18036
0.08385
0.15330
0.33310
0.11527
0.06599
0.29223
0.11755
0.21208
0.17606
0.17430
0.13554
0.08756
0.04671
0.15357
0.21804
0.18729
0.11655
0.16830
0.15771
0.18159
0.13531
0.33256
0.28354
0.22890
0.12521
0.07350
0.29390
0.32238
0.34019
0.03078
0.26244
0.14861
0.30115
0.11986
0.07270
0.15776
0.12154
0.12250
0.19367
0.26752
0.06066
0.07511
0.07382
0.26457
0.20558
0.27551
0.13316
0.25435
0.24247
0.12283
0.04511
0.22558
0.31074
0.37421
0.25769
0.33832
0.23834
0.24001
0.28641
0.26448
0.25977
0.06554
0.05499
0.11698
0.24670
0.03846
0.03971
0.19544
0.12822
0.21091
0.10804
0.13572
0.10967
0.26775
0.28998
0.27197
0.17880
0.33108
0.12396
0.14054
0.31888
0.07253
0.15536
0.05583
0.09123
0.22890
0.07878
0.23875
0.34266
0.06947
0.09877
0.12632
0.26498
0.12486
0.04339
0.05000
0.06995
0.05025
0.10011
0.17709
0.04465
0.29495
0.14587
0.17011
0.09638
0.18161
0.29733
0.19869
0.24842
0.35467
0.15968
0.27827
0.30159
0.25550
0.27308
0.27765
0.21434
0.35626
0.22885
0.26175
0.24034
0.23635
0.25105
0.20372
0.37381
0.32105
0.23184
0.24194
0.25239
0.22179
0.34044
0.25335
0.20445
0.32190
0.34061
0.18231
0.21136
0.32176
0.28182
0.23766
0.25133
0.25198
0.31346
0.23445
0.18391
0.34863
0.24929
0.21524
0.30344
0.17985
0.31251
0.35236
0.30006
0.25801
0.27147
0.25718
0.25601
0.25577
0.32835
0.17657
0.23899
0.31933
0.21578
0.23337
0.29487
0.19393
0.26351
0.25613
0.28490
0.30342
0.28625
0.23140
0.20594
0.25925
0.35656
0.11974
0.29165
0.20695
0.16719
0.19745
0.35580
0.28881
0.32850
0.15715
0.34646
0.27150
0.29069
0.37661
0.31447
0.25935
0.28608
0.23121
0.28712
0.16001
0.35490
0.25248
0.18645
0.17483
0.32996
0.19608
0.26037
0.30308
0.24916
0.34925
0.31926
0.22444
0.33253
0.32741
0.14991
0.16170
0.25971
0.18249
0.20004
0.13653
0.26501
0.33629
0.23347
0.23585
0.24861
0.27139
0.22910
0.26930
0.24425
0.23947
0.20716
0.28806
0.26120
0.21204
0.16758
0.35134
0.29485
0.18366
0.25350
0.31292
0.24734
0.35360
0.31377
0.22912
0.26208
0.17119
0.29628
0.28801
0.26123
0.22464
0.21298
0.17309
0.28618
0.21279
0.25760
0.22234
0.23687
0.28703
0.28646
0.19155
0.22491
0.28579
0.20152
0.25411
0.20061
0.20742
0.22639
0.23008
0.19462
0.30393
0.32410
0.32101
0.20771
0.19765
0.31983
0.20532
0.20360
0.20319
0.30975
0.29344
0.17072
0.18146
0.27379
0.23379
0.18374
0.15049
0.22681
0.25620
0.19858
0.24087
0.23446
0.27856
0.17960
0.21426
0.27249
0.25341
0.20215
0.25370
0.23658
0.26830
0.35795
0.18179
0.26654
0.24226
0.36526
0.31236
0.22834
0.27882
0.25513
0.26140
0.18793
0.30688
0.26401
0.22702
0.29056
0.27195
0.34559
0.25958
0.28498
0.20020
0.33629
0.20288
0.25332
0.21749
0.23334
0.26717
0.25779
0.20987
0.23317
0.22804
0.31260
0.20818
0.32428
0.23819
0.24394
0.29737
0.28613
0.28890
0.14449
0.19341
0.32933
0.32990
0.22503
0.24011
0.26788
0.25234
0.20441
0.19705
0.30032
0.29410
0.23749
0.24018
0.16975
0.25937
0.31661
0.25456
0.21894
0.16119
0.33545
0.25936
0.17395
0.18546
0.27304
0.28721
0.26452
0.24719
0.23540
0.34790
0.35636
0.14608
0.24708
0.31860
0.24287
0.23645
0.30920
0.33427
0.25205
0.18584
0.15924
0.23819
0.24718
0.35980
0.26507
0.28017
0.24749
0.24778
0.26203
0.30834
0.27553
0.17916
0.32708
0.21147
0.23219
0.32175
0.30171
0.24907
0.23768
0.22760
0.29933
0.29036
0.34267
0.24196
0.27899
0.16414
0.26983
0.30228
0.13166
0.25005
0.18648
0.21630
0.25781
0.23370
0.25860
0.24960
0.23378
0.22066
0.22854
0.23596
0.34577
0.26090
0.23060
0.19140
0.29987
0.24398
0.23214
0.18003
0.30379
0.29291
0.34224
0.25143
0.24424
0.27750
0.27567
0.19999
0.26177
0.18087
0.31634
0.27365
0.33607
0.29004
0.29177
0.34818
0.27466
0.23493
0.25074
0.17244
0.20256
0.24384
0.20292
0.26940
0.31914
0.25241
0.28577
0.38117
0.29853
0.33725
0.26909
0.30803
0.28638
0.35805
0.22501
0.27587
0.32270
0.32341
0.25204
0.33374
0.39122
0.24834
0.24192
0.32693
0.20686
0.31089
0.32347
0.24813
0.24698
0.33874
0.22182
0.23177
0.31526
0.24746
0.22663
0.21526
0.21780
0.29019
0.29478
0.28718
0.28185
0.22379
0.26928
0.26865
0.25741
0.23598
0.24957
0.13437
0.32527
0.30588
0.36786
0.29549
0.29296
0.37445
0.38852
0.24914
0.18714
0.28992
0.40042
0.28407
0.15921
0.29606
0.33516
0.25326
0.21975
0.30764
0.23094
0.27567
0.22138
0.31671
0.35114
0.39604
0.28637
0.28071
0.26567
0.36971
0.31405
0.28593
0.26895
0.34111
0.25089
0.20049
0.33152
0.43723
0.23469
0.38179
0.38820
0.20319
0.28042
0.34102
0.31217
0.30117
0.23839
0.26721
0.21283
0.29083
0.25750
0.28496
0.30781
0.34721
0.24778
0.27116
0.22879
0.22124
0.24212
0.37288
0.22735
0.13112
0.35165
0.15957
0.21863
0.37100
0.16315
0.23407
0.23428
0.26114
0.25503
0.43471
0.20292
0.31090
0.37122
0.22670
0.26858
0.24474
0.24347
0.21983
0.33249
0.19093
0.33469
0.34140
0.24151
0.25923
0.22410
0.33141
0.26464
0.20168
0.34583
0.41811
0.30722
0.26347
0.33707
0.35059
0.20858
0.25929
0.27800
0.40004
0.21795
0.22327
0.25134
0.37036
0.26056
0.25647
0.25235
0.31800
0.35620
0.19990
0.26413
0.31810
0.29207
0.27135
0.24872
0.35508
0.25962
0.25777
0.25991
0.28927
0.33621
0.24891
0.27787
0.24142
0.31685
0.22667
0.22019
0.28932
0.27548
0.20518
0.27239
0.23018
0.31664
0.25516
0.02678
0.13706
0.20171
0.25090
0.25421
0.22545
0.25717
0.35522
0.24301
0.05727
0.18369
0.04473
0.30310
0.25234
0.17923
0.32335
0.08096
0.09856
0.21989
0.22140
0.06869
0.16337
0.22404
0.24677
0.17765
0.21756
0.30082
0.06858
0.30569
0.21342
0.03436
0.03655
0.12437
0.26731
0.12756
0.19242
0.19889
0.27056
0.07599
0.06547
0.04656
0.05892
0.27064
0.04126
0.14318
0.14374
0.27431
0.09017
0.31616
0.22123
0.02964
0.30324
0.06655
0.11083
0.27191
0.19925
0.27454
0.11727
0.10432
0.19997
0.20344
0.30151
0.23298
0.02772
0.04389
0.17590
0.21559
0.20487
0.19590
0.12907
0.23092
0.21550
0.07461
0.28775
0.29355
0.08786
0.15659
0.17374
0.07379
0.05805
0.27940
0.16558
0.20475
0.26257
0.30643
0.20390
0.34369
0.23878
0.24435
0.23394
0.19194
0.21431
0.02052
0.23559
0.13287
0.09186
0.22055
0.23825
0.24981
0.24261
0.03725
0.06206
0.10448
0.23871
0.26399
0.30868
0.04897
0.19330
0.29232
0.19512
0.23567
0.10800
0.02195
0.04643
0.13758
0.06384
0.08336
0.27836
0.28411
0.07950
0.09364
0.05897
0.05194
0.07553
0.29221
