0.10184
0.09951
0.04643
0.22694
0.05487
0.13475
0.21556
0.13556
0.20257
0.04883
0.18508
0.11771
0.11507
0.12041
0.14528
0.20511
0.12618
0.08211
0.07473
0.13163
0.29232
0.11556
0.13304
0.07480
0.25066
0.14005
0.10939
0.23079
0.08090
0.09958
0.13947
0.23382
0.15185
0.09616
0.06226
0.09433
0.13209
0.08195
0.10354
0.14234
0.31738
0.25582
0.07444
0.13948
0.27352
0.22748
0.14242
0.24951
0.16446
0.15940
0.09251
0.14196
0.15988
0.30061
0.09112
0.23851
0.19770
0.10657
0.15063
0.06680
0.28313
0.28397
0.14266
0.20855
0.30865
0.29931
0.04346
0.20547
0.07643
0.02655
0.12876
0.31074
0.32033
0.21535
0.24612
0.10817
0.08345
0.03535
0.21840
0.15999
0.29633
0.16549
0.28718
0.27640
0.21966
0.36938
0.09948
0.09937
0.10991
0.24824
0.32037
0.19107
0.05093
0.28242
0.06556
0.14278
0.16666
0.22619
0.20847
0.13493
0.09104
0.17070
0.11126
0.11564
0.24948
0.29875
0.14573
0.14995
0.17226
0.27462
0.03559
0.26826
0.06874
0.26727
0.10388
0.10901
0.26732
0.05010
0.06994
0.19518
0.22379
0.07046
0.23678
0.01914
0.08679
0.15007
0.29526
0.29881
0.17309
0.25289
0.07485
0.12361
0.30745
0.34142
0.10454
0.13502
0.03730
0.26450
0.26346
0.04233
0.15402
0.04117
0.26956
0.16018
0.11620
0.26649
0.08119
0.32863
0.19842
0.08562
0.18280
0.25391
0.11499
0.28989
0.31506
0.33244
0.10490
0.13600
0.14202
0.18838
0.22603
0.25475
0.28960
0.31607
0.09052
0.10758
0.25697
0.28589
0.06723
0.28372
0.05671
0.20403
0.23073
0.02761
0.07018
0.19726
0.05754
0.07337
0.15678
0.26391
0.09835
0.10767
0.22865
0.15814
0.10378
0.19881
0.19600
0.27023
0.25569
0.20158
0.12726
0.06786
0.03103
0.18696
0.13447
0.22183
0.20259
0.15287
0.08967
0.28649
0.19993
0.05678
0.16228
0.13046
0.05456
0.23530
0.06281
0.18584
0.27065
0.12762
0.23180
0.24090
0.08121
0.27020
0.26881
0.24022
0.12342
0.25820
0.23245
0.32011
0.10862
0.18654
0.12072
0.04153
0.11524
0.04943
0.16254
0.19258
0.12341
0.05191
0.23091
0.10456
0.22288
0.11795
0.04389
0.29019
0.11396
0.02942
0.10974
0.26781
0.06422
0.26909
0.09937
0.11452
0.15353
0.22098
0.10037
0.03901
0.09930
0.10692
0.11593
0.06698
0.10534
0.27325
0.15201
0.15044
0.19811
0.07104
0.05500
0.13183
0.17598
0.13873
0.17816
0.13414
0.14440
0.21784
0.27001
0.09714
0.18212
0.05160
0.12656
0.12073
0.08198
0.03424
0.38241
0.14737
0.04040
0.23870
0.14451
0.07464
0.14374
0.35371
0.11722
0.05409
0.31714
0.12902
0.21694
0.18471
0.18837
0.11218
0.07858
0.05802
0.16741
0.21268
0.19106
0.10213
0.17684
0.17219
0.16897
0.13760
0.35579
0.26323
0.25706
0.13347
0.06715
0.32688
0.31626
0.34427
0.03239
0.26618
0.14568
0.29291
0.12300
0.08241
0.14364
0.10724
0.09035
0.20005
0.23136
0.04479
0.08193
0.05002
0.27207
0.21292
0.26030
0.12911
0.22392
0.25063
0.12889
0.05482
0.20098
0.31610
0.38500
0.25874
0.31833
0.20583
0.24687
0.27652
0.25898
0.25690
0.06516
0.06369
0.11792
0.24339
0.03588
0.05095
0.17851
0.13196
0.21896
0.10413
0.14179
0.11531
0.24152
0.26276
0.25067
0.19512
0.31667
0.12675
0.14065
0.32472
0.05686
0.16414
0.06689
0.07850
0.23271
0.08591
0.22660
0.33758
0.10007
0.10242
0.13897
0.24399
0.10889
0.03603
0.05634
0.06901
0.05298
0.12020
0.17424
0.05540
0.29610
0.13925
0.15215
0.08965
0.19761
0.30289
0.18677
0.28411
0.37255
0.17591
0.30772
0.31405
0.30451
0.31768
0.28901
0.24838
0.36934
0.25940
0.26005
0.26081
0.23717
0.30038
0.20878
0.38519
0.33734
0.25995
0.26427
0.24512
0.24841
0.34258
0.30155
0.23116
0.30790
0.34887
0.22291
0.25765
0.33761
0.27795
0.24660
0.24698
0.28330
0.31359
0.25356
0.21696
0.35448
0.26329
0.23553
0.31799
0.21923
0.30731
0.36416
0.30465
0.30231
0.30983
0.29373
0.25732
0.27412
0.33985
0.20327
0.28081
0.32352
0.25064
0.28312
0.31322
0.21422
0.30546
0.25380
0.28293
0.31799
0.29916
0.26790
0.20659
0.28842
0.37347
0.17034
0.27994
0.21026
0.18689
0.22059
0.34895
0.29618
0.33885
0.16633
0.35722
0.27188
0.29763
0.37533
0.32198
0.28762
0.28903
0.22528
0.29138
0.18881
0.36963
0.29070
0.22015
0.17848
0.33925
0.21137
0.25448
0.30324
0.26717
0.35663
0.32057
0.22868
0.33555
0.31634
0.19136
0.18138
0.29113
0.17869
0.20140
0.12872
0.29525
0.34497
0.26877
0.26834
0.24960
0.29816
0.21591
0.30473
0.26731
0.28600
0.21153
0.28518
0.29303
0.20674
0.16747
0.34604
0.30179
0.19226
0.28585
0.31665
0.26274
0.35584
0.31127
0.25173
0.26149
0.19843
0.28967
0.30574
0.27094
0.26909
0.24637
0.18103
0.31966
0.23089
0.28361
0.23085
0.27469
0.32691
0.30232
0.18551
0.23348
0.29013
0.20034
0.29120
0.21231
0.24323
0.23617
0.24271
0.21081
0.30824
0.32969
0.33654
0.23030
0.21096
0.33095
0.21634
0.21100
0.22513
0.31350
0.32249
0.17281
0.19554
0.28713
0.27565
0.20698
0.16085
0.21135
0.26238
0.21173
0.26700
0.25355
0.31531
0.18829
0.23363
0.24468
0.28328
0.20866
0.29372
0.25446
0.27368
0.36093
0.19850
0.29646
0.24312
0.38012
0.31802
0.24843
0.27880
0.29404
0.27415
0.19850
0.30775
0.29041
0.25430
0.27970
0.26961
0.34933
0.26761
0.29806
0.23789
0.34756
0.22064
0.26338
0.23714
0.25555
0.27090
0.26972
0.23265
0.25164
0.24923
0.31685
0.22493
0.31797
0.24358
0.25467
0.30354
0.29106
0.31875
0.16081
0.20823
0.33107
0.32980
0.24883
0.27491
0.29908
0.25874
0.23812
0.21462
0.30163
0.29603
0.26764
0.25060
0.19159
0.28712
0.32018
0.25762
0.24498
0.22574
0.34030
0.28303
0.18998
0.19394
0.28716
0.30753
0.29602
0.27644
0.24984
0.36646
0.35815
0.15287
0.26330
0.33624
0.27350
0.27331
0.32258
0.33425
0.24373
0.19516
0.20965
0.27097
0.26429
0.36623
0.29313
0.29512
0.27938
0.24923
0.25887
0.30030
0.28518
0.18615
0.34397
0.22517
0.23045
0.34291
0.31491
0.25514
0.25637
0.23983
0.29930
0.34279
0.34667
0.27027
0.28263
0.20019
0.30593
0.33512
0.15069
0.26417
0.20835
0.24782
0.28265
0.23731
0.27454
0.24791
0.24362
0.23522
0.23516
0.26935
0.34612
0.26441
0.26103
0.20899
0.30644
0.24602
0.24295
0.19928
0.32885
0.28201
0.34817
0.27932
0.25661
0.28132
0.28320
0.22923
0.27460
0.20357
0.34090
0.28663
0.33738
0.29048
0.30443
0.34945
0.28007
0.25427
0.30029
0.18969
0.21519
0.28893
0.23192
0.29146
0.31045
0.28103
0.32057
0.39062
0.30139
0.34031
0.26385
0.31341
0.30801
0.37152
0.24690
0.27761
0.33274
0.32894
0.29616
0.33540
0.39936
0.24660
0.26267
0.35163
0.24434
0.32115
0.32439
0.27272
0.25611
0.35115
0.23696
0.26079
0.32617
0.26226
0.25801
0.24108
0.26884
0.29074
0.27891
0.31795
0.29034
0.24679
0.30893
0.27466
0.29864
0.28019
0.28335
0.16452
0.35292
0.32826
0.34519
0.32318
0.32287
0.41588
0.40468
0.27131
0.17358
0.30851
0.37458
0.28657
0.20019
0.30213
0.34038
0.25359
0.23305
0.33221
0.24330
0.29274
0.25689
0.35080
0.37082
0.41979
0.32452
0.31017
0.27404
0.40489
0.31967
0.29866
0.28348
0.37305
0.27479
0.20008
0.31651
0.47260
0.24556
0.41952
0.44083
0.23335
0.30344
0.36000
0.33353
0.28023
0.24554
0.28613
0.21785
0.28632
0.29597
0.32153
0.30866
0.39684
0.28601
0.28564
0.25343
0.21293
0.26243
0.39837
0.23956
0.13464
0.34834
0.18993
0.22613
0.43615
0.15438
0.26084
0.23063
0.26510
0.26508
0.46001
0.20171
0.34217
0.40733
0.24133
0.25181
0.25406
0.26545
0.26142
0.37616
0.18570
0.37804
0.36226
0.27687
0.27150
0.23115
0.35026
0.29462
0.22447
0.35009
0.42716
0.34637
0.29968
0.37527
0.38431
0.21597
0.27892
0.29800
0.39679
0.20916
0.25139
0.26655
0.36047
0.28770
0.27825
0.26270
0.34552
0.37547
0.26113
0.29965
0.34119
0.30187
0.28777
0.26774
0.39811
0.29607
0.29464
0.28943
0.30450
0.37142
0.29500
0.30816
0.24825
0.33792
0.26133
0.25032
0.31767
0.30553
0.21996
0.28037
0.19511
0.33778
0.22947
0.06178
0.13992
0.19907
0.24751
0.24958
0.20626
0.27409
0.37205
0.17375
0.11125
0.16875
0.04426
0.31832
0.25693
0.16325
0.31829
0.04418
0.13377
0.21180
0.21414
0.09473
0.11589
0.24251
0.27974
0.19762
0.21876
0.26529
0.03170
0.30929
0.22368
0.02915
0.03496
0.10220
0.28282
0.12389
0.17143
0.18035
0.31345
0.06831
0.07652
0.09593
0.06569
0.25763
0.05779
0.15997
0.13620
0.25521
0.13463
0.28482
0.22315
0.05617
0.28217
0.04146
0.06815
0.19939
0.20562
0.18432
0.05538
0.09468
0.20545
0.19891
0.28539
0.22808
0.03285
0.09722
0.21670
0.21698
0.18194
0.18215
0.09225
0.29228
0.18124
0.07760
0.25503
0.26506
0.10322
0.14438
0.14635
0.09201
0.04677
0.25524
0.13187
0.17955
0.24147
0.28793
0.20355
0.30785
0.21865
0.20617
0.22628
0.21426
0.23177
0.01177
0.25510
0.09189
0.08873
0.23652
0.24264
0.29428
0.22142
0.06223
0.06203
0.13795
0.20783
0.22643
0.27262
0.07403
0.15694
0.33369
0.13348
0.23403
0.11348
0.03725
0.01169
0.11033
0.02420
0.07884
0.26634
0.24483
0.06298
0.10122
0.05953
0.05517
0.06545
0.21124
