0.08347
0.09157
0.04500
0.21395
0.05119
0.12951
0.23844
0.12015
0.16784
0.05227
0.17282
0.16450
0.12924
0.11213
0.10966
0.22562
0.15052
0.12180
0.08596
0.13915
0.28530
0.08828
0.15820
0.03787
0.25050
0.10753
0.09708
0.25797
0.05147
0.10505
0.14984
0.27034
0.12471
0.11384
0.02709
0.11334
0.13244
0.03435
0.07687
0.10719
0.27643
0.21944
0.07900
0.10032
0.29796
0.20089
0.15860
0.26763
0.16231
0.10055
0.08829
0.11471
0.15334
0.29123
0.10106
0.23065
0.17690
0.09861
0.09571
0.04007
0.25811
0.27126
0.06804
0.21550
0.26791
0.33212
0.04081
0.15660
0.08278
0.02351
0.12226
0.34128
0.25860
0.15376
0.24346
0.05582
0.05918
0.01932
0.19526
0.17304
0.32134
0.13704
0.36094
0.24761
0.26932
0.33585
0.10667
0.04548
0.12353
0.23422
0.33344
0.17197
0.01240
0.28997
0.04713
0.10087
0.17293
0.21436
0.19115
0.12879
0.09201
0.12729
0.12677
0.13663
0.16096
0.28208
0.11894
0.15781
0.10451
0.28392
0.01371
0.22904
0.07813
0.23938
0.11043
0.14780
0.27100
0.05310
0.06095
0.14682
0.19370
0.04431
0.27828
0.00786
0.06771
0.11571
0.28787
0.27219
0.12754
0.26885
0.07056
0.08093
0.32435
0.35552
0.09833
0.09759
0.07475
0.28593
0.26913
0.02590
0.15638
0.01869
0.28868
0.10881
0.08390
0.29840
0.07789
0.32802
0.15179
0.09687
0.13613
0.26603
0.10382
0.31692
0.29402
0.33575
0.07524
0.16729
0.15048
0.18845
0.20625
0.26723
0.26759
0.30918
0.10469
0.07041
0.26925
0.27307
0.02946
0.24579
0.02721
0.22009
0.18975
0.02757
0.08974
0.19267
0.06737
0.06581
0.15656
0.27734
0.05948
0.10740
0.18658
0.12671
0.08794
0.14804
0.18285
0.23482
0.24541
0.17500
0.07540
0.05161
0.02641
0.11657
0.09198
0.24269
0.18376
0.14862
0.06509
0.27327
0.15376
0.10029
0.14890
0.15330
0.03840
0.19898
0.04439
0.16462
0.23200
0.07795
0.26694
0.18078
0.10597
0.26979
0.25662
0.23876
0.11751
0.19404
0.20243
0.32855
0.10774
0.12465
0.10943
0.04364
0.05049
0.03275
0.12717
0.13198
0.11328
0.03149
0.22129
0.05426
0.19082
0.10078
0.03850
0.25520
0.11672
0.03095
0.09729
0.26016
0.04445
0.28893
0.06957
0.11106
0.12132
0.20683
0.10838
0.04533
0.10741
0.11175
0.10533
0.08317
0.07353
0.22004
0.16284
0.14797
0.21956
0.05518
0.05057
0.13933
0.17954
0.14481
0.22400
0.14409
0.13521
0.23168
0.22848
0.09682
0.18001
0.05033
0.09817
0.11764
0.03870
0.03377
0.37121
0.13089
0.06495
0.21097
0.12179
0.05431
0.12607
0.33672
0.16120
0.04732
0.28343
0.12333
0.18172
0.13706
0.17801
0.10626
0.06692
0.05565
0.16482
0.16718
0.16390
0.09503
0.13821
0.12226
0.14894
0.09485
0.33382
0.21278
0.28987
0.11768
0.10325
0.27975
0.29207
0.30466
0.03280
0.24708
0.11560
0.27680
0.07664
0.07666
0.11016
0.11361
0.12384
0.14558
0.22574
0.04427
0.07306
0.09811
0.25120
0.12738
0.26276
0.12907
0.24080
0.20754
0.13716
0.06257
0.23817
0.23977
0.36660
0.24962
0.28159
0.21649
0.21665
0.28309
0.30064
0.24893
0.07238
0.04023
0.08371
0.23345
0.04865
0.04079
0.20127
0.06558
0.16204
0.06089
0.14531
0.07499
0.25541
0.22153
0.24532
0.18540
0.28557
0.11381
0.12934
0.29845
0.04583
0.20067
0.04450
0.06753
0.16884
0.03005
0.22845
0.31022
0.05140
0.07600
0.11269
0.23667
0.11863
0.04900
0.05554
0.05397
0.03507
0.06419
0.19970
0.04972
0.25566
0.18763
0.17693
0.09688
0.17152
0.28940
0.18944
0.25543
0.36019
0.15108
0.26529
0.29392
0.28173
0.30276
0.27751
0.24607
0.35298
0.23762
0.23262
0.24625
0.21676
0.28916
0.16164
0.36859
0.32897
0.26372
0.25224
0.22650
0.25339
0.32702
0.28594
0.23167
0.31030
0.34148
0.21609
0.23875
0.31703
0.26477
0.24041
0.25540
0.28580
0.31324
0.24494
0.21118
0.35941
0.23665
0.22932
0.30305
0.17922
0.30024
0.35007
0.28720
0.28582
0.29656
0.27345
0.23555
0.27574
0.31370
0.19419
0.29691
0.30746
0.23201
0.27614
0.26527
0.16289
0.29300
0.24597
0.28557
0.32063
0.30184
0.26384
0.19560
0.28231
0.34984
0.12121
0.27106
0.18435
0.17586
0.17484
0.34592
0.29082
0.31474
0.17344
0.34786
0.26522
0.25960
0.36677
0.30672
0.29067
0.27787
0.22685
0.26860
0.17765
0.35079
0.27992
0.22487
0.18427
0.31958
0.19176
0.25743
0.29668
0.24985
0.35156
0.33100
0.20136
0.32323
0.31146
0.16998
0.15588
0.25960
0.18238
0.19561
0.16806
0.28307
0.34148
0.26338
0.24542
0.24601
0.28858
0.19764
0.29073
0.24893
0.28395
0.18228
0.27968
0.27968
0.18282
0.17212
0.31609
0.28819
0.15488
0.27789
0.32080
0.25044
0.33038
0.31292
0.21222
0.26913
0.18142
0.28827
0.30143
0.27756
0.23161
0.23179
0.16284
0.29644
0.19526
0.26509
0.19745
0.25855
0.30280
0.29218
0.19768
0.22585
0.27347
0.19985
0.28882
0.19228
0.20320
0.22681
0.23586
0.20273
0.30277
0.33515
0.32210
0.21119
0.15690
0.32826
0.21530
0.19694
0.17713
0.30795
0.29061
0.17484
0.17348
0.27378
0.27282
0.18155
0.15144
0.21964
0.25711
0.20651
0.23844
0.24469
0.29907
0.18926
0.22102
0.28084
0.26812
0.19376
0.28439
0.24988
0.24949
0.36759
0.18353
0.27703
0.21625
0.35165
0.32612
0.22919
0.26179
0.27754
0.25068
0.19350
0.29002
0.26693
0.25990
0.29288
0.25042
0.34061
0.24728
0.28822
0.20704
0.33744
0.21228
0.28294
0.22107
0.23599
0.26675
0.25102
0.18535
0.23887
0.21202
0.30115
0.18562
0.31113
0.22476
0.25060
0.28534
0.29249
0.27298
0.14408
0.20278
0.32769
0.32191
0.24269
0.27076
0.29757
0.26851
0.21931
0.19896
0.30373
0.28818
0.25864
0.23207
0.19539
0.29547
0.31506
0.23837
0.27250
0.20617
0.33508
0.26453
0.18161
0.16730
0.28619
0.27839
0.30031
0.26744
0.22981
0.34213
0.35474
0.15701
0.24253
0.32006
0.26493
0.26418
0.29828
0.33256
0.24439
0.19000
0.16305
0.23346
0.27410
0.36514
0.26789
0.27373
0.26496
0.23075
0.25924
0.29766
0.27916
0.15968
0.33830
0.21570
0.19230
0.34163
0.28475
0.25023
0.21990
0.23712
0.29972
0.32430
0.33816
0.24541
0.26577
0.18858
0.29897
0.30691
0.12776
0.25223
0.19473
0.23380
0.27386
0.20923
0.25328
0.24288
0.25672
0.21271
0.21888
0.23708
0.34123
0.26144
0.25308
0.19012
0.30516
0.24281
0.24341
0.17270
0.31888
0.28290
0.30766
0.24067
0.21559
0.27536
0.24632
0.24868
0.26303
0.17059
0.31839
0.26449
0.33025
0.29432
0.30954
0.33820
0.27034
0.23938
0.27903
0.15584
0.18685
0.27998
0.19903
0.28602
0.31030
0.25550
0.31353
0.38678
0.30348
0.32385
0.26213
0.30961
0.28621
0.35104
0.22866
0.26806
0.32281
0.32487
0.28495
0.31988
0.38385
0.22097
0.23283
0.31023
0.20673
0.33134
0.30855
0.23926
0.23819
0.33606
0.23097
0.25278
0.31676
0.27611
0.24690
0.23108
0.25717
0.26307
0.29677
0.30619
0.28467
0.22183
0.28609
0.26984
0.29823
0.27503
0.27661
0.11383
0.29764
0.32049
0.35071
0.28931
0.28421
0.38619
0.37468
0.29072
0.18029
0.30643
0.36260
0.25275
0.15583
0.30175
0.32041
0.23913
0.25001
0.31308
0.25233
0.26473
0.23342
0.32426
0.32312
0.37356
0.27897
0.31177
0.26787
0.37002
0.28403
0.28883
0.27659
0.31567
0.27686
0.19580
0.32302
0.41552
0.22160
0.38041
0.39261
0.19196
0.30220
0.33889
0.32050
0.28128
0.27586
0.27881
0.19664
0.28408
0.28707
0.26270
0.30157
0.35065
0.28051
0.27235
0.22603
0.20787
0.24913
0.39632
0.20846
0.08354
0.33189
0.15613
0.20374
0.38639
0.14696
0.24600
0.18808
0.28524
0.20048
0.40523
0.17509
0.31904
0.36477
0.23482
0.23668
0.27503
0.23816
0.16288
0.33675
0.17788
0.36185
0.33679
0.26274
0.25185
0.23794
0.32279
0.27044
0.17692
0.33839
0.40195
0.29923
0.27021
0.36743
0.33686
0.21194
0.22196
0.28064
0.38295
0.19114
0.22540
0.25923
0.32468
0.26934
0.24912
0.27634
0.30899
0.34515
0.18838
0.29149
0.31470
0.28690
0.29031
0.23435
0.35864
0.30109
0.25166
0.27692
0.28720
0.31442
0.24581
0.29235
0.21941
0.30216
0.25242
0.24125
0.32395
0.26822
0.24156
0.28767
0.20382
0.33082
0.20552
0.03203
0.13621
0.16591
0.23062
0.28596
0.19385
0.22687
0.36414
0.19874
0.06245
0.20818
0.01593
0.29649
0.28109
0.13626
0.32478
0.03685
0.11668
0.15663
0.15334
0.07863
0.07719
0.22691
0.27034
0.21432
0.21628
0.29297
0.03535
0.27469
0.23292
0.06848
0.04103
0.09065
0.28795
0.14948
0.17077
0.18546
0.29970
0.04766
0.04366
0.07482
0.04532
0.25424
0.12090
0.09671
0.18611
0.24396
0.07276
0.23925
0.22955
0.01668
0.28446
0.05286
0.04960
0.29779
0.18582
0.18248
0.05023
0.07994
0.21232
0.21726
0.29678
0.22547
0.02586
0.05477
0.18035
0.20264
0.13839
0.18211
0.06967
0.26919
0.17798
0.15680
0.23510
0.30127
0.11695
0.08789
0.12479
0.01722
0.02666
0.24231
0.12282
0.19240
0.24062
0.25339
0.20413
0.32757
0.24508
0.23423
0.13823
0.24918
0.14226
0.01383
0.24960
0.07302
0.04468
0.18668
0.21968
0.28815
0.21297
0.03887
0.08273
0.13065
0.18356
0.16359
0.25979
0.08045
0.16779
0.32533
0.08138
0.22102
0.12090
0.02770
0.07395
0.13842
0.04804
0.06708
0.25139
0.32591
0.07690
0.05459
0.01439
0.04638
0.05424
0.27622
