0.15365
0.09895
0.09217
0.25763
0.10033
0.12983
0.22716
0.16663
0.16093
0.06566
0.19850
0.13091
0.17005
0.13518
0.12077
0.23175
0.15802
0.15572
0.10081
0.13721
0.31468
0.17107
0.15871
0.14683
0.21577
0.16626
0.16350
0.24494
0.08201
0.19163
0.14110
0.27066
0.15934
0.12614
0.09970
0.09872
0.15203
0.11123
0.14054
0.19904
0.26587
0.28533
0.11578
0.14917
0.27489
0.23618
0.18885
0.30317
0.21422
0.16243
0.09986
0.18041
0.19177
0.32102
0.09249
0.25523
0.26896
0.12548
0.17159
0.07510
0.28416
0.29774
0.16875
0.16948
0.29244
0.29865
0.05471
0.18941
0.12784
0.06167
0.14924
0.30605
0.31752
0.25108
0.24651
0.14150
0.15831
0.04763
0.21640
0.20702
0.31401
0.17868
0.33440
0.29029
0.24087
0.34313
0.09652
0.08244
0.13896
0.24132
0.34815
0.16746
0.11422
0.24987
0.06899
0.17065
0.24103
0.23714
0.18540
0.19663
0.09856
0.18964
0.12383
0.15607
0.24598
0.29188
0.15469
0.19420
0.22323
0.27046
0.06333
0.26073
0.09864
0.26710
0.12358
0.19981
0.26488
0.05121
0.07714
0.20547
0.21953
0.07316
0.29338
0.04750
0.11490
0.15927
0.32530
0.28578
0.20941
0.25258
0.12870
0.16605
0.28500
0.34029
0.11340
0.14734
0.07257
0.29555
0.27406
0.07054
0.21533
0.08519
0.31754
0.19434
0.19310
0.32456
0.12527
0.36159
0.18463
0.09985
0.18236
0.27664
0.12640
0.32401
0.32321
0.32339
0.13635
0.14219
0.18013
0.20515
0.28996
0.27552
0.27714
0.32221
0.10738
0.09147
0.31558
0.27304
0.12433
0.27752
0.08492
0.25687
0.29963
0.04823
0.11228
0.23101
0.09070
0.11993
0.18653
0.25930
0.08564
0.10900
0.24031
0.18639
0.09828
0.18455
0.23935
0.27278
0.24586
0.20374
0.16470
0.11714
0.08736
0.15702
0.15989
0.26816
0.21566
0.19185
0.06658
0.26032
0.24862
0.14216
0.18960
0.15238
0.08117
0.27681
0.16533
0.25497
0.26415
0.12886
0.26971
0.26290
0.13892
0.25379
0.25951
0.22117
0.14278
0.26219
0.24150
0.33780
0.10753
0.24482
0.12074
0.06355
0.07582
0.05235
0.23190
0.17149
0.16603
0.11323
0.22599
0.11364
0.28959
0.12706
0.08432
0.27238
0.11142
0.06456
0.14501
0.27734
0.08524
0.30847
0.09764
0.11716
0.18664
0.21666
0.10518
0.05451
0.13986
0.11214
0.12901
0.14309
0.09479
0.27799
0.13012
0.18035
0.19328
0.10103
0.06380
0.15232
0.18553
0.17982
0.22424
0.16668
0.14945
0.28530
0.29537
0.10669
0.18774
0.11728
0.10628
0.13796
0.08051
0.07560
0.35906
0.18234
0.08415
0.20599
0.15483
0.05120
0.18636
0.33326
0.14530
0.09131
0.30457
0.12117
0.19208
0.23682
0.21568
0.11624
0.10736
0.08622
0.24017
0.23212
0.17480
0.10711
0.25797
0.20264
0.19673
0.20051
0.32211
0.30688
0.27327
0.18774
0.11472
0.29845
0.32541
0.33483
0.03334
0.28985
0.15123
0.29544
0.20860
0.11115
0.14968
0.14734
0.11262
0.24517
0.23441
0.10657
0.09260
0.08558
0.31222
0.22006
0.23996
0.14231
0.25941
0.24218
0.16202
0.07374
0.27275
0.27188
0.37295
0.25603
0.31753
0.24894
0.26434
0.30837
0.25971
0.27024
0.12026
0.09695
0.19704
0.24039
0.09754
0.07433
0.20136
0.13341
0.25193
0.11429
0.16741
0.14628
0.23987
0.27957
0.23349
0.21563
0.30380
0.15880
0.15023
0.29547
0.08183
0.25149
0.09156
0.09405
0.23399
0.05943
0.27626
0.34313
0.10666
0.06775
0.16586
0.23003
0.13017
0.06481
0.11232
0.08058
0.08803
0.14857
0.21807
0.09004
0.28202
0.15736
0.18582
0.11090
0.21396
0.30292
0.17019
0.25456
0.36211
0.15152
0.27562
0.30392
0.28420
0.28339
0.27941
0.24897
0.35911
0.23946
0.25137
0.23876
0.23200
0.31450
0.20843
0.37465
0.33395
0.26052
0.21950
0.26292
0.24513
0.35034
0.28372
0.22952
0.31196
0.33757
0.20732
0.26567
0.32297
0.27862
0.24069
0.25007
0.28921
0.31788
0.24214
0.22825
0.35124
0.24188
0.20360
0.30456
0.18844
0.31134
0.36268
0.29475
0.27678
0.29981
0.27514
0.26184
0.29042
0.34241
0.18638
0.28435
0.33437
0.24384
0.30140
0.30686
0.18501
0.31424
0.26263
0.28770
0.31630
0.30102
0.24676
0.17558
0.29767
0.36402
0.14439
0.28907
0.19439
0.16847
0.19749
0.35903
0.31293
0.32433
0.16790
0.35539
0.27485
0.29315
0.36758
0.32034
0.28949
0.29059
0.25272
0.27669
0.19686
0.36717
0.30458
0.21547
0.17955
0.32164
0.21047
0.26682
0.29593
0.26469
0.35549
0.34067
0.22373
0.32595
0.31744
0.18286
0.14798
0.27981
0.19692
0.20703
0.13503
0.28612
0.35426
0.25886
0.25757
0.24543
0.27937
0.23458
0.30369
0.26630
0.28546
0.21226
0.28313
0.28181
0.20903
0.16400
0.35014
0.31067
0.18281
0.33931
0.32430
0.25640
0.35680
0.32588
0.25844
0.24988
0.24584
0.29225
0.30088
0.28527
0.28046
0.23066
0.16251
0.31058
0.23595
0.26230
0.24412
0.25219
0.32556
0.30033
0.22442
0.21539
0.28892
0.21741
0.27194
0.19459
0.24249
0.24126
0.23413
0.13047
0.30568
0.32952
0.32300
0.21268
0.21061
0.33613
0.17579
0.18854
0.18955
0.31404
0.28564
0.17058
0.18723
0.28096
0.27818
0.20168
0.16284
0.23599
0.26984
0.20517
0.24134
0.23115
0.30701
0.18852
0.26071
0.26748
0.26968
0.20991
0.26620
0.27187
0.25240
0.36989
0.19723
0.29223
0.23659
0.36496
0.32592
0.24639
0.27857
0.28401
0.26667
0.18723
0.30773
0.27802
0.24141
0.29118
0.26340
0.34010
0.24373
0.28764
0.23674
0.35344
0.20376
0.24868
0.22490
0.25023
0.27363
0.26931
0.22371
0.25351
0.25783
0.31069
0.20994
0.32568
0.24717
0.24775
0.30392
0.28725
0.31074
0.14936
0.19850
0.32667
0.33956
0.24419
0.25171
0.27578
0.27390
0.22144
0.21405
0.30382
0.28927
0.25507
0.25032
0.21407
0.29776
0.31552
0.26676
0.28131
0.21980
0.33489
0.27433
0.17758
0.21099
0.27960
0.30213
0.28564
0.24759
0.24610
0.35453
0.35438
0.15237
0.24483
0.32081
0.29864
0.26407
0.31581
0.34759
0.23346
0.19414
0.19517
0.25533
0.29310
0.36084
0.29804
0.30353
0.28420
0.23717
0.25985
0.29993
0.28311
0.16917
0.33740
0.20945
0.23687
0.34173
0.30716
0.25811
0.24548
0.22916
0.29793
0.33115
0.34620
0.23839
0.29292
0.20068
0.30197
0.31765
0.12555
0.23553
0.20203
0.20214
0.27013
0.23892
0.25739
0.23919
0.23764
0.23914
0.23296
0.23615
0.35091
0.28888
0.25689
0.19279
0.30164
0.24196
0.24996
0.19271
0.34794
0.30325
0.34066
0.25657
0.25115
0.29089
0.25932
0.24635
0.26503
0.16141
0.33111
0.27125
0.34603
0.28482
0.31014
0.34800
0.27053
0.23553
0.28240
0.18259
0.22819
0.30405
0.18896
0.27748
0.32186
0.26195
0.31413
0.38620
0.32123
0.32741
0.27761
0.31313
0.28382
0.35067
0.27472
0.28648
0.32854
0.33138
0.30306
0.33708
0.39499
0.24416
0.24404
0.34483
0.24428
0.31381
0.31908
0.24293
0.25292
0.34781
0.23486
0.25725
0.32107
0.26722
0.20799
0.23129
0.27026
0.30145
0.29313
0.30533
0.28785
0.22629
0.29783
0.26451
0.30498
0.26341
0.25504
0.15853
0.31584
0.34493
0.37629
0.29825
0.31072
0.38608
0.38343
0.27682
0.20023
0.32093
0.38532
0.26893
0.22593
0.31001
0.34202
0.26079
0.19788
0.34445
0.23967
0.28317
0.24808
0.34052
0.32873
0.38301
0.32438
0.33614
0.26200
0.38994
0.30093
0.29767
0.31564
0.33859
0.29078
0.19195
0.32324
0.43961
0.25846
0.39942
0.40723
0.23799
0.27902
0.36274
0.26113
0.27850
0.26226
0.29701
0.22159
0.28212
0.31122
0.27852
0.31756
0.36900
0.28291
0.30540
0.27066
0.18793
0.29224
0.36964
0.22305
0.15420
0.33774
0.12331
0.21943
0.39065
0.17489
0.27984
0.23332
0.26318
0.23187
0.42547
0.21210
0.33415
0.36654
0.23842
0.23321
0.25426
0.25590
0.24637
0.34717
0.19618
0.38226
0.35897
0.21641
0.21775
0.25299
0.35641
0.26040
0.23211
0.35065
0.41441
0.30211
0.27712
0.36017
0.37717
0.23862
0.27491
0.27581
0.39781
0.23521
0.25471
0.24522
0.36469
0.28989
0.24204
0.28726
0.31490
0.35871
0.23425
0.31023
0.32255
0.29331
0.29163
0.24595
0.37110
0.30346
0.30213
0.29610
0.32052
0.32739
0.25658
0.29138
0.25095
0.34263
0.27987
0.23961
0.30643
0.29582
0.23876
0.30062
0.18941
0.32174
0.20296
0.06067
0.12521
0.25261
0.26611
0.29856
0.19071
0.23119
0.37590
0.22551
0.08672
0.20089
0.07283
0.30734
0.25615
0.19335
0.25873
0.12979
0.21230
0.20542
0.23455
0.12919
0.07977
0.28161
0.28102
0.23520
0.21735
0.27488
0.08120
0.32300
0.22550
0.02784
0.04905
0.11540
0.28466
0.15422
0.25389
0.19642
0.28395
0.02651
0.06452
0.02789
0.10503
0.26885
0.08797
0.19223
0.23233
0.25252
0.16651
0.28454
0.21845
0.06596
0.32080
0.10134
0.10376
0.26812
0.19240
0.29591
0.07381
0.08598
0.22189
0.19863
0.28871
0.22952
0.10678
0.10798
0.17366
0.21828
0.19306
0.19530
0.09821
0.29626
0.14380
0.13284
0.28360
0.27047
0.07764
0.16104
0.16738
0.07257
0.09611
0.29361
0.08674
0.20705
0.25484
0.30229
0.20284
0.34515
0.20379
0.25457
0.18728
0.19516
0.20128
0.06405
0.24194
0.08632
0.07420
0.20057
0.24912
0.31842
0.24424
0.02946
0.14091
0.09163
0.21831
0.25089
0.27541
0.07702
0.28823
0.28670
0.13955
0.23188
0.09032
0.04518
0.05888
0.14495
0.06364
0.08042
0.22149
0.26108
0.15248
0.07138
0.02376
0.09490
0.10838
0.22478
