0.11606
0.11385
0.05937
0.20430
0.06844
0.12703
0.20203
0.13711
0.16871
0.06421
0.19318
0.12598
0.13993
0.13525
0.12364
0.24030
0.17507
0.13641
0.05647
0.15374
0.31038
0.14959
0.12859
0.07050
0.22628
0.16427
0.13501
0.23164
0.09788
0.17697
0.14966
0.20440
0.14133
0.10215
0.10242
0.09394
0.14938
0.07931
0.14277
0.17341
0.28239
0.24604
0.10261
0.13152
0.29021
0.20468
0.15515
0.26224
0.19203
0.13513
0.10723
0.14538
0.15203
0.29742
0.09994
0.21448
0.20532
0.11548
0.14254
0.10359
0.27759
0.27796
0.10568
0.24984
0.27788
0.31091
0.04885
0.17491
0.09675
0.04008
0.11758
0.34256
0.31113
0.20775
0.23222
0.12744
0.09586
0.06371
0.20721
0.16812
0.31109
0.16459
0.30908
0.27106
0.26782
0.37088
0.09281
0.06792
0.11100
0.25675
0.35098
0.17293
0.08456
0.24842
0.05414
0.13225
0.19380
0.22009
0.20038
0.17268
0.09669
0.17828
0.12470
0.11817
0.20327
0.29572
0.11284
0.21625
0.17682
0.26776
0.01895
0.24880
0.09507
0.20490
0.10217
0.15386
0.26746
0.07191
0.05948
0.20927
0.21312
0.10087
0.29022
0.01567
0.09957
0.13041
0.27756
0.26977
0.20779
0.25065
0.08872
0.08088
0.24840
0.32814
0.09243
0.09945
0.06628
0.28236
0.27066
0.03704
0.14481
0.03039
0.29225
0.21369
0.14870
0.23582
0.14861
0.33272
0.18884
0.09444
0.17801
0.24849
0.11593
0.32282
0.29883
0.33848
0.11813
0.15327
0.14577
0.21373
0.23804
0.16241
0.31039
0.31496
0.09009
0.13580
0.26685
0.21724
0.09971
0.22372
0.04729
0.22815
0.21073
0.04677
0.08700
0.19119
0.04986
0.09262
0.19274
0.29141
0.09238
0.11937
0.19776
0.18037
0.06864
0.15897
0.23077
0.24406
0.26461
0.17842
0.08715
0.05205
0.03482
0.14058
0.13827
0.23153
0.19588
0.19537
0.12325
0.26956
0.23360
0.14417
0.15637
0.16903
0.04021
0.24170
0.10268
0.22079
0.27623
0.10405
0.27802
0.23871
0.10847
0.26065
0.24458
0.22101
0.12533
0.24344
0.19877
0.31866
0.11609
0.19370
0.09380
0.07389
0.09657
0.06792
0.17974
0.19611
0.16241
0.06520
0.23109
0.08365
0.22198
0.11423
0.04988
0.20434
0.11647
0.05363
0.12015
0.25128
0.07295
0.29572
0.10670
0.12920
0.18273
0.22855
0.10521
0.03770
0.12502
0.12662
0.11248
0.12967
0.12507
0.23338
0.14626
0.17065
0.20180
0.13268
0.05914
0.13216
0.19898
0.15427
0.23066
0.18070
0.14206
0.24498
0.28363
0.10459
0.13030
0.06947
0.09559
0.14331
0.07897
0.05859
0.34534
0.13178
0.06381
0.20153
0.16093
0.05058
0.15504
0.34067
0.16348
0.10047
0.30567
0.11531
0.21495
0.17675
0.19408
0.14407
0.09275
0.07559
0.19378
0.21446
0.16019
0.10328
0.18742
0.17534
0.18979
0.15566
0.30530
0.31112
0.26474
0.17864
0.10219
0.29635
0.26041
0.29985
0.03739
0.29186
0.15985
0.25631
0.16889
0.07758
0.11031
0.12938
0.10102
0.22698
0.25323
0.09590
0.07029
0.10591
0.27394
0.15690
0.22114
0.12614
0.22379
0.27315
0.15488
0.07035
0.25811
0.29334
0.35895
0.20984
0.32452
0.19946
0.23282
0.30373
0.27780
0.25153
0.10646
0.08124
0.12287
0.22927
0.05309
0.04517
0.19417
0.10242
0.20902
0.11501
0.16101
0.10982
0.25534
0.27114
0.24184
0.22462
0.31795
0.13605
0.15132
0.33315
0.06397
0.22791
0.06080
0.07102
0.19534
0.07009
0.25012
0.33707
0.11342
0.06930
0.15595
0.27752
0.12000
0.04379
0.09013
0.08560
0.06330
0.06207
0.20946
0.08661
0.28904
0.12358
0.19172
0.07826
0.18763
0.29492
0.16974
0.26309
0.34776
0.18446
0.26340
0.31655
0.28800
0.31008
0.28752
0.23672
0.33515
0.27043
0.23768
0.24459
0.22851
0.25836
0.20471
0.33809
0.32812
0.27025
0.25986
0.26220
0.23140
0.36328
0.28860
0.21900
0.28878
0.29113
0.23857
0.25639
0.28257
0.27156
0.25306
0.24110
0.26184
0.30947
0.28178
0.20884
0.30912
0.27723
0.24354
0.31371
0.19365
0.29986
0.32384
0.27943
0.29698
0.29441
0.26905
0.23260
0.28926
0.28563
0.22202
0.29410
0.31634
0.25323
0.27265
0.30755
0.18991
0.28327
0.27438
0.27368
0.27433
0.26699
0.27784
0.19339
0.27971
0.35126
0.16796
0.26847
0.18196
0.23325
0.22563
0.38353
0.31230
0.30544
0.17253
0.33213
0.27202
0.28378
0.34708
0.29815
0.27383
0.27554
0.25602
0.28464
0.18938
0.31128
0.27085
0.22600
0.17214
0.33541
0.22614
0.27567
0.28980
0.27250
0.31869
0.32584
0.21283
0.31959
0.28694
0.17819
0.22418
0.26026
0.17231
0.21328
0.16542
0.30188
0.32648
0.25434
0.27288
0.24934
0.29454
0.23515
0.28064
0.28089
0.29330
0.21291
0.27409
0.29077
0.23717
0.17353
0.37810
0.28563
0.17594
0.30977
0.27894
0.22191
0.37174
0.28449
0.23555
0.30183
0.21081
0.28239
0.27494
0.26304
0.28105
0.21347
0.17338
0.33191
0.23122
0.29149
0.20444
0.27215
0.28248
0.25202
0.21375
0.23074
0.27105
0.23288
0.28359
0.20568
0.22022
0.23987
0.23361
0.23060
0.31391
0.30829
0.31006
0.24015
0.23147
0.29062
0.20421
0.21435
0.21931
0.26300
0.32262
0.17377
0.19958
0.28932
0.27063
0.23662
0.16820
0.23534
0.24581
0.22908
0.25771
0.30306
0.28393
0.18008
0.25062
0.25934
0.27397
0.19986
0.28154
0.28696
0.25976
0.36901
0.20838
0.31713
0.21715
0.34743
0.31014
0.25304
0.29103
0.28059
0.27390
0.18275
0.33413
0.27510
0.27663
0.26922
0.25731
0.32835
0.24780
0.27201
0.20531
0.32918
0.23560
0.30747
0.23538
0.25298
0.27806
0.27770
0.21365
0.20653
0.22639
0.31391
0.20541
0.31785
0.26045
0.25332
0.25595
0.27837
0.29132
0.15379
0.25412
0.32752
0.30173
0.24938
0.29038
0.29413
0.26346
0.25382
0.21458
0.28421
0.28388
0.25319
0.23692
0.22684
0.28146
0.29366
0.27370
0.27864
0.23695
0.27911
0.29167
0.23246
0.19901
0.28147
0.27458
0.26371
0.23836
0.25364
0.30421
0.33658
0.16252
0.23125
0.29782
0.26558
0.26880
0.29090
0.30274
0.25511
0.22621
0.20842
0.23731
0.25432
0.33736
0.28432
0.30688
0.26900
0.23209
0.23236
0.26049
0.27424
0.17755
0.31392
0.23206
0.24479
0.31871
0.30898
0.25939
0.23783
0.22834
0.28354
0.32501
0.34748
0.25052
0.24467
0.20821
0.31056
0.31196
0.14237
0.22228
0.21793
0.20547
0.25269
0.25305
0.25217
0.25095
0.24169
0.22658
0.22482
0.24249
0.29184
0.29224
0.26819
0.21699
0.27122
0.26212
0.21392
0.21742
0.31552
0.27754
0.34913
0.25614
0.22752
0.27231
0.25363
0.24504
0.26101
0.20670
0.33342
0.26465
0.28117
0.25340
0.26337
0.32683
0.27526
0.24601
0.28540
0.18213
0.22040
0.26179
0.22960
0.31670
0.28779
0.25567
0.30866
0.36086
0.28388
0.30724
0.28180
0.29145
0.30315
0.34619
0.23809
0.25543
0.31292
0.30117
0.25244
0.30886
0.37265
0.25293
0.23628
0.30440
0.21653
0.30924
0.34287
0.23361
0.24577
0.31664
0.21917
0.26427
0.29172
0.24923
0.26789
0.24876
0.23367
0.26406
0.28658
0.30312
0.30297
0.23817
0.26356
0.28613
0.29532
0.27486
0.26914
0.16210
0.29391
0.28660
0.36189
0.29717
0.30791
0.40954
0.39526
0.28199
0.20509
0.27946
0.38487
0.27170
0.20908
0.29852
0.34634
0.24425
0.23075
0.33272
0.25488
0.25041
0.25660
0.30703
0.36550
0.43991
0.28974
0.29973
0.24895
0.37213
0.25317
0.32689
0.31063
0.32746
0.27374
0.19462
0.29457
0.41272
0.24503
0.38216
0.40006
0.22749
0.29213
0.34554
0.30843
0.28471
0.23291
0.26651
0.21508
0.28034
0.31236
0.30175
0.28446
0.34339
0.26185
0.24489
0.24641
0.21251
0.22700
0.35796
0.22638
0.14043
0.34150
0.15851
0.21574
0.37410
0.15458
0.24335
0.21823
0.27390
0.22143
0.44246
0.19822
0.31994
0.36027
0.24342
0.24291
0.23989
0.25241
0.22287
0.33801
0.18510
0.35744
0.34289
0.22386
0.24336
0.23859
0.34610
0.29615
0.20745
0.33115
0.40921
0.32457
0.27206
0.34054
0.37295
0.23284
0.27350
0.28506
0.38328
0.19613
0.23272
0.25768
0.34965
0.24736
0.23525
0.23687
0.33194
0.36957
0.22688
0.27054
0.31905
0.31558
0.27135
0.23701
0.37434
0.28714
0.22760
0.28263
0.29415
0.33082
0.28259
0.29602
0.23808
0.33589
0.26501
0.20158
0.29402
0.28998
0.24640
0.28514
0.21090
0.30923
0.22834
0.02815
0.10096
0.14348
0.19808
0.24275
0.18635
0.28377
0.36284
0.20802
0.05441
0.16184
0.03145
0.30964
0.25800
0.22116
0.27032
0.09138
0.08621
0.19909
0.16593
0.11580
0.11172
0.21628
0.24282
0.21881
0.21094
0.21998
0.06579
0.30477
0.19510
0.04079
0.07076
0.08141
0.26848
0.11610
0.21441
0.22048
0.27077
0.03399
0.04869
0.08559
0.04183
0.30950
0.08801
0.10559
0.17766
0.28963
0.14436
0.27294
0.21808
0.08270
0.27372
0.06062
0.08442
0.24399
0.20033
0.26408
0.04618
0.04921
0.21444
0.19744
0.29147
0.23250
0.04322
0.10477
0.17842
0.19599
0.20339
0.19281
0.12270
0.18025
0.17086
0.15298
0.26821
0.29708
0.09220
0.15570
0.13064
0.06376
0.03980
0.19266
0.15780
0.21053
0.25139
0.28126
0.19749
0.33392
0.26024
0.24340
0.18118
0.22081
0.11917
0.04072
0.24377
0.07417
0.06059
0.20765
0.26247
0.22165
0.21707
0.12289
0.08633
0.09418
0.19553
0.18307
0.28539
0.08651
0.18419
0.30087
0.15123
0.25304
0.10054
0.02366
0.08212
0.11120
0.01852
0.09726
0.24814
0.31390
0.15732
0.08282
0.07338
0.09994
0.05588
0.28113
