0.10958
0.10508
0.06621
0.23241
0.07978
0.14247
0.18721
0.13958
0.20856
0.06385
0.18248
0.12207
0.16899
0.12906
0.14117
0.23470
0.16526
0.16916
0.09586
0.15746
0.29199
0.15275
0.18223
0.07930
0.24781
0.15443
0.11764
0.21275
0.11667
0.16833
0.12844
0.30336
0.13008
0.11544
0.10752
0.09463
0.14764
0.07161
0.10886
0.18374
0.29843
0.23596
0.14468
0.13364
0.30564
0.21881
0.15417
0.26786
0.19529
0.13832
0.10330
0.14590
0.11555
0.30673
0.09406
0.27618
0.23100
0.13622
0.15050
0.07770
0.28972
0.32481
0.16577
0.25705
0.29747
0.31761
0.07645
0.17255
0.10312
0.02987
0.13841
0.30960
0.32242
0.20019
0.24789
0.14205
0.11436
0.05362
0.22677
0.14485
0.32071
0.15107
0.33812
0.26842
0.29009
0.30008
0.08822
0.05705
0.14655
0.26002
0.33845
0.20007
0.05234
0.25858
0.08876
0.16943
0.19947
0.20159
0.19518
0.15297
0.09447
0.16549
0.12714
0.12407
0.18599
0.29620
0.13979
0.13954
0.19259
0.28527
0.01925
0.25446
0.10092
0.25421
0.12236
0.12202
0.29761
0.07694
0.06339
0.14606
0.26233
0.08170
0.29076
0.02163
0.09687
0.14045
0.33472
0.30143
0.16065
0.25718
0.10231
0.10982
0.30213
0.35115
0.09021
0.14019
0.07332
0.27981
0.29373
0.09126
0.18575
0.05002
0.28901
0.18988
0.14299
0.31105
0.08871
0.34586
0.19732
0.08691
0.16935
0.24795
0.11863
0.32139
0.30174
0.31892
0.12823
0.15881
0.14158
0.24232
0.26459
0.25953
0.28821
0.32477
0.09203
0.12957
0.29383
0.27204
0.06728
0.28016
0.05316
0.24473
0.23816
0.09517
0.09020
0.18721
0.07647
0.08667
0.22382
0.29355
0.08223
0.11918
0.22755
0.15739
0.14372
0.18110
0.21066
0.24956
0.25118
0.21247
0.12299
0.06746
0.10752
0.12939
0.15834
0.25554
0.17776
0.15568
0.11148
0.26327
0.24485
0.16093
0.17711
0.15953
0.08024
0.26668
0.09029
0.22068
0.25421
0.13400
0.25405
0.23101
0.11666
0.25898
0.28892
0.25891
0.12388
0.22216
0.19258
0.34888
0.12219
0.19647
0.17722
0.06749
0.11085
0.08120
0.20888
0.17142
0.14012
0.06108
0.25844
0.09263
0.21779
0.11324
0.04158
0.29473
0.12727
0.04919
0.10440
0.25935
0.07852
0.31223
0.10950
0.10830
0.13535
0.24684
0.10397
0.07491
0.12869
0.11535
0.11190
0.11270
0.12560
0.24887
0.16353
0.15879
0.22543
0.10314
0.04271
0.13571
0.22073
0.17160
0.23199
0.16258
0.20575
0.27707
0.28161
0.09746
0.17922
0.04043
0.09607
0.12595
0.06245
0.05187
0.35501
0.14481
0.08864
0.21295
0.14715
0.11167
0.11066
0.35733
0.13062
0.06983
0.30356
0.11062
0.21540
0.18913
0.20568
0.11918
0.08589
0.07802
0.21920
0.17882
0.18150
0.10768
0.19015
0.20585
0.20364
0.15177
0.31590
0.27519
0.28197
0.21275
0.09693
0.28292
0.30803
0.31928
0.04008
0.25037
0.10540
0.33112
0.15974
0.10278
0.14875
0.17544
0.09210
0.16161
0.22267
0.08079
0.11647
0.05944
0.30751
0.14592
0.23866
0.15842
0.23605
0.24499
0.18955
0.09294
0.24524
0.27705
0.35488
0.26099
0.30767
0.23602
0.24825
0.30644
0.29989
0.26163
0.08985
0.08405
0.15965
0.23702
0.08276
0.10878
0.22120
0.12239
0.19481
0.08759
0.17214
0.10452
0.27116
0.27001
0.26666
0.20037
0.29569
0.11746
0.15376
0.34055
0.10041
0.23967
0.05472
0.11916
0.21476
0.08445
0.25366
0.36485
0.06352
0.15658
0.13735
0.29304
0.09950
0.05233
0.06616
0.07568
0.07198
0.11402
0.17752
0.08236
0.28217
0.21426
0.20178
0.08134
0.18266
0.28901
0.21543
0.26299
0.36254
0.18030
0.29157
0.30146
0.29645
0.31980
0.29308
0.26926
0.35485
0.26369
0.21595
0.23586
0.23755
0.28265
0.18723
0.36696
0.33560
0.26442
0.26622
0.25051
0.24208
0.34438
0.29010
0.23347
0.31166
0.33551
0.24554
0.25244
0.31752
0.26670
0.24308
0.26305
0.28408
0.31662
0.25747
0.24783
0.35768
0.25984
0.21782
0.32439
0.20046
0.30681
0.35967
0.29580
0.32257
0.30266
0.28213
0.24556
0.28033
0.34872
0.22329
0.31149
0.33217
0.25489
0.25203
0.30295
0.21619
0.30616
0.25532
0.27997
0.31458
0.28982
0.26706
0.20743
0.31641
0.37033
0.15326
0.26721
0.21428
0.16765
0.21560
0.34710
0.30240
0.32104
0.18170
0.35496
0.26011
0.26680
0.37047
0.30715
0.29311
0.29220
0.24336
0.27960
0.19978
0.36545
0.27699
0.24389
0.18193
0.31510
0.21250
0.25813
0.28194
0.25895
0.35435
0.33187
0.22048
0.31560
0.28384
0.20226
0.17287
0.29000
0.19709
0.21594
0.18673
0.32134
0.35816
0.24522
0.24433
0.25083
0.29124
0.23169
0.29611
0.25025
0.27678
0.18569
0.28727
0.29445
0.22949
0.16771
0.33662
0.29335
0.17420
0.32890
0.32326
0.23955
0.34310
0.32217
0.23058
0.28296
0.22847
0.29777
0.31183
0.28957
0.28555
0.26370
0.17925
0.31732
0.24052
0.28487
0.24277
0.27346
0.30636
0.30165
0.21285
0.21428
0.29042
0.21326
0.28612
0.20072
0.25535
0.21719
0.23453
0.24334
0.30937
0.33509
0.33930
0.21503
0.21665
0.33254
0.21131
0.20563
0.21049
0.32356
0.32741
0.18179
0.20096
0.24045
0.27580
0.19629
0.15434
0.21426
0.26228
0.19910
0.25723
0.24142
0.29184
0.16628
0.23972
0.27840
0.28236
0.20501
0.27868
0.29325
0.26091
0.35914
0.21291
0.31663
0.23466
0.34999
0.32405
0.23249
0.27461
0.28999
0.26281
0.20213
0.28278
0.30794
0.26209
0.28405
0.26039
0.35916
0.25884
0.28398
0.23597
0.35549
0.22751
0.28844
0.22954
0.25368
0.27109
0.27408
0.22794
0.22986
0.27274
0.30879
0.22208
0.31806
0.24455
0.25239
0.29161
0.28963
0.32442
0.15783
0.20852
0.32141
0.33498
0.24745
0.27824
0.29636
0.26680
0.24559
0.22834
0.31166
0.29899
0.25038
0.25124
0.19011
0.30930
0.32248
0.25577
0.26574
0.27263
0.33635
0.29347
0.19821
0.21073
0.29230
0.29602
0.27860
0.25714
0.24893
0.35521
0.36603
0.17428
0.28096
0.31459
0.26702
0.27573
0.29638
0.34326
0.23831
0.21506
0.19375
0.25019
0.27497
0.36581
0.31850
0.28374
0.26952
0.23733
0.26798
0.28012
0.28523
0.19358
0.33895
0.25153
0.23679
0.35314
0.29317
0.25015
0.24097
0.27266
0.30494
0.34988
0.34231
0.25197
0.27989
0.21357
0.32067
0.32081
0.12911
0.26589
0.22004
0.24111
0.27057
0.24949
0.28119
0.23302
0.24772
0.25346
0.23674
0.27064
0.35487
0.28368
0.26112
0.18372
0.30264
0.24056
0.25142
0.20103
0.35787
0.30653
0.31796
0.29279
0.25000
0.29559
0.26667
0.23401
0.27016
0.16920
0.33840
0.27696
0.34466
0.28701
0.33240
0.35604
0.28744
0.25705
0.28946
0.13286
0.18675
0.28103
0.22975
0.31913
0.31806
0.29265
0.31923
0.39298
0.32235
0.33782
0.26662
0.32704
0.28683
0.35950
0.26645
0.26841
0.32060
0.32195
0.29416
0.32923
0.40353
0.22500
0.25813
0.32946
0.25996
0.32591
0.31044
0.25079
0.24039
0.36226
0.21742
0.27917
0.31411
0.29209
0.25174
0.25005
0.25614
0.26068
0.29101
0.31126
0.28711
0.27623
0.30053
0.25951
0.31096
0.27207
0.30362
0.14269
0.31122
0.34563
0.36709
0.33355
0.32178
0.41785
0.43973
0.28453
0.21474
0.30563
0.37426
0.29694
0.17956
0.30605
0.35493
0.25502
0.24230
0.34040
0.24151
0.29342
0.23060
0.34391
0.37290
0.43043
0.33751
0.30593
0.25079
0.38498
0.31218
0.32305
0.30775
0.35774
0.27707
0.19811
0.32979
0.46825
0.25814
0.44128
0.41442
0.20013
0.31102
0.37408
0.29965
0.29684
0.25852
0.26274
0.23113
0.30967
0.29478
0.32321
0.31972
0.37896
0.29254
0.28205
0.27784
0.23190
0.22688
0.41126
0.24098
0.16148
0.33198
0.18934
0.20854
0.43127
0.20198
0.31194
0.24946
0.24975
0.25147
0.44264
0.21813
0.34283
0.42182
0.25407
0.22684
0.26179
0.29648
0.20100
0.38372
0.20840
0.34685
0.35630
0.26225
0.27534
0.24384
0.36144
0.29935
0.23666
0.34187
0.42493
0.33572
0.29402
0.36887
0.37242
0.22221
0.28119
0.28727
0.36669
0.23461
0.26200
0.25272
0.37089
0.27883
0.26270
0.26401
0.36771
0.37483
0.22407
0.26978
0.34583
0.32311
0.29175
0.27721
0.39902
0.29206
0.26032
0.29258
0.32081
0.33697
0.27794
0.28913
0.24229
0.33777
0.25713
0.24273
0.32802
0.28780
0.19221
0.31199
0.21591
0.33995
0.20802
0.07102
0.16232
0.20955
0.21237
0.31430
0.23148
0.23985
0.37702
0.18127
0.10623
0.12926
0.03460
0.32716
0.25639
0.19498
0.31307
0.06518
0.09378
0.21044
0.28371
0.09718
0.13116
0.23813
0.26932
0.23397
0.21031
0.29282
0.03601
0.32017
0.26746
0.08552
0.12470
0.10294
0.29520
0.16096
0.25760
0.19775
0.30878
0.01984
0.07079
0.04307
0.07778
0.32458
0.13973
0.19333
0.19518
0.31515
0.16398
0.32086
0.21712
0.08738
0.29201
0.07224
0.04123
0.26304
0.20643
0.21214
0.08333
0.08048
0.18711
0.17675
0.30319
0.27244
0.08334
0.07384
0.21422
0.20260
0.21361
0.21246
0.11515
0.24138
0.22273
0.11107
0.27391
0.28731
0.08380
0.13501
0.19844
0.06453
0.04333
0.21108
0.17998
0.20096
0.28402
0.26000
0.18899
0.29541
0.21516
0.25211
0.20050
0.19689
0.20016
0.04506
0.27702
0.07375
0.04946
0.22151
0.23978
0.34205
0.22518
0.04700
0.06596
0.13243
0.21964
0.26096
0.31646
0.08277
0.21002
0.32962
0.11070
0.22976
0.14575
0.04293
0.08094
0.19286
0.02886
0.06774
0.29561
0.28546
0.08021
0.06004
0.04678
0.07251
0.07734
0.27502
