0.11091
0.10641
0.05230
0.25784
0.09700
0.15021
0.25673
0.16389
0.13949
0.08265
0.19833
0.14196
0.15224
0.12278
0.09045
0.23904
0.14472
0.11439
0.06399
0.19398
0.31131
0.12253
0.15293
0.07739
0.22158
0.16024
0.13623
0.26757
0.10167
0.16937
0.14958
0.24984
0.14552
0.11470
0.09552
0.10134
0.12358
0.05320
0.13229
0.15598
0.30796
0.26314
0.08960
0.14409
0.26428
0.21446
0.16504
0.22917
0.17188
0.15115
0.09993
0.15413
0.14076
0.27042
0.09486
0.22761
0.21455
0.13850
0.12671
0.07885
0.28308
0.27511
0.11677
0.21652
0.25825
0.30677
0.06606
0.17395
0.10399
0.04089
0.16115
0.30918
0.27076
0.20346
0.21962
0.11931
0.09249
0.03663
0.23919
0.17652
0.29508
0.15098
0.33095
0.26676
0.26762
0.36036
0.09742
0.04189
0.13857
0.24419
0.28098
0.17895
0.11307
0.27561
0.06879
0.14947
0.23382
0.19651
0.18506
0.15710
0.09999
0.17989
0.11123
0.13517
0.24403
0.29943
0.16424
0.18410
0.17587
0.28159
0.02314
0.28558
0.07610
0.21707
0.11494
0.15388
0.26965
0.08449
0.05593
0.19256
0.21182
0.09034
0.25980
0.02828
0.11324
0.13809
0.32714
0.26225
0.14909
0.25621
0.11712
0.10905
0.30974
0.31317
0.10715
0.15205
0.08161
0.29037
0.24296
0.07001
0.16652
0.03769
0.30264
0.15933
0.15706
0.29145
0.11110
0.34262
0.18341
0.09620
0.16400
0.22660
0.12755
0.29466
0.29669
0.30711
0.10597
0.17605
0.16693
0.17908
0.24824
0.21230
0.28485
0.29968
0.09503
0.09347
0.23862
0.25384
0.03561
0.25528
0.06196
0.21706
0.23388
0.05791
0.09430
0.19020
0.07420
0.05971
0.16043
0.26792
0.09585
0.11682
0.20729
0.16279
0.10646
0.13218
0.22200
0.27528
0.26510
0.19737
0.10841
0.05974
0.03234
0.12972
0.12815
0.22658
0.19247
0.17175
0.08248
0.29821
0.19933
0.10132
0.15996
0.16034
0.06067
0.21293
0.10819
0.20446
0.24482
0.10782
0.23706
0.22607
0.14235
0.25047
0.24325
0.26280
0.12752
0.30404
0.19160
0.31230
0.11870
0.19874
0.09771
0.07237
0.11577
0.08871
0.17557
0.19887
0.15541
0.06572
0.23760
0.09423
0.24380
0.11283
0.08088
0.27548
0.11481
0.04011
0.13153
0.25354
0.09973
0.29266
0.09918
0.12319
0.16066
0.18305
0.12507
0.03970
0.11259
0.09810
0.09420
0.11364
0.13142
0.22145
0.14577
0.18307
0.19955
0.05903
0.06780
0.13337
0.20151
0.16777
0.21652
0.20347
0.11969
0.24890
0.25597
0.10215
0.18744
0.04169
0.12498
0.13553
0.07357
0.02258
0.33339
0.16690
0.04662
0.18883
0.18855
0.08702
0.16441
0.32283
0.13490
0.11618
0.28656
0.11836
0.23118
0.17434
0.14535
0.16056
0.08811
0.09682
0.23913
0.22785
0.19449
0.10298
0.16619
0.16001
0.15933
0.16928
0.31109
0.24782
0.26952
0.13272
0.09675
0.29124
0.29600
0.31033
0.06031
0.23892
0.14396
0.25408
0.15349
0.09768
0.14602
0.12259
0.10459
0.19402
0.21026
0.07858
0.09745
0.08561
0.26480
0.14416
0.23901
0.14388
0.24092
0.21872
0.13922
0.08462
0.25364
0.28126
0.34458
0.24962
0.31306
0.22714
0.24223
0.30134
0.27752
0.26989
0.09256
0.08551
0.12512
0.24787
0.05093
0.12288
0.20321
0.12653
0.25617
0.13269
0.21068
0.13798
0.24869
0.25554
0.24808
0.19074
0.32221
0.11370
0.14637
0.29513
0.04592
0.18576
0.07171
0.09226
0.22063
0.06791
0.22624
0.32153
0.08002
0.10640
0.14957
0.25626
0.11641
0.05445
0.06810
0.08915
0.07765
0.08880
0.19879
0.09514
0.26426
0.12649
0.20387
0.08067
0.18313
0.29264
0.24051
0.29447
0.35792
0.18519
0.27893
0.30328
0.31152
0.32604
0.27099
0.25381
0.32354
0.26890
0.23408
0.24350
0.19796
0.29690
0.16058
0.36794
0.30704
0.23870
0.27555
0.25334
0.28621
0.35276
0.31025
0.23743
0.28728
0.31896
0.23655
0.24261
0.30543
0.26389
0.23238
0.25464
0.28682
0.30026
0.28855
0.21038
0.32228
0.26172
0.27885
0.31631
0.20366
0.30990
0.34792
0.27078
0.29456
0.30369
0.29778
0.22711
0.28964
0.34360
0.22480
0.30582
0.31104
0.29273
0.29497
0.30912
0.17163
0.31063
0.27157
0.27203
0.30503
0.29096
0.29330
0.16594
0.28804
0.35802
0.12117
0.28567
0.25557
0.21095
0.14114
0.36305
0.30854
0.32245
0.15683
0.32821
0.26325
0.28682
0.36849
0.27850
0.31566
0.30393
0.23364
0.28197
0.15427
0.34628
0.29882
0.24855
0.17045
0.31549
0.15054
0.26073
0.29353
0.25250
0.34185
0.31679
0.20889
0.31976
0.32329
0.14300
0.20858
0.30945
0.17809
0.17572
0.15268
0.30527
0.35392
0.25635
0.26716
0.23577
0.28843
0.21979
0.31335
0.27807
0.31933
0.20715
0.28929
0.29821
0.20628
0.16372
0.36734
0.28188
0.22424
0.30423
0.30006
0.25285
0.36638
0.28032
0.23290
0.28413
0.18386
0.28710
0.32082
0.27543
0.26861
0.25382
0.15872
0.33887
0.21361
0.28086
0.23171
0.28825
0.31524
0.28605
0.16233
0.23726
0.30151
0.20269
0.32720
0.17543
0.22615
0.21145
0.19225
0.22191
0.31547
0.29986
0.32436
0.24151
0.22318
0.31062
0.19104
0.23263
0.24232
0.28036
0.28131
0.15293
0.16746
0.24437
0.29165
0.23612
0.14357
0.18924
0.28410
0.26355
0.24459
0.28847
0.31369
0.13257
0.24733
0.26967
0.30859
0.18175
0.28849
0.26080
0.22827
0.37373
0.18604
0.28019
0.22049
0.36256
0.30635
0.28214
0.26491
0.29251
0.27282
0.18137
0.31465
0.26573
0.29564
0.26209
0.27919
0.32796
0.22524
0.28986
0.22901
0.32318
0.23036
0.31028
0.23064
0.29294
0.27610
0.26001
0.20346
0.25096
0.22961
0.31490
0.22480
0.31134
0.23079
0.26816
0.29125
0.26097
0.25324
0.13393
0.25188
0.31871
0.31092
0.25031
0.29608
0.32437
0.22734
0.24390
0.23079
0.29496
0.29074
0.27748
0.22012
0.15008
0.29822
0.29452
0.25469
0.29718
0.19198
0.33228
0.29948
0.24362
0.19021
0.27385
0.26434
0.29117
0.26864
0.26688
0.34650
0.35120
0.13561
0.23358
0.31275
0.28951
0.28478
0.29443
0.33582
0.22615
0.22514
0.13878
0.29986
0.29440
0.35109
0.26306
0.27277
0.28053
0.20832
0.24868
0.29010
0.27217
0.16102
0.32881
0.20831
0.19819
0.34138
0.29652
0.28282
0.21916
0.27115
0.26373
0.32925
0.32468
0.21778
0.25226
0.19444
0.29859
0.29776
0.10916
0.28051
0.19175
0.25379
0.27712
0.19674
0.30067
0.24028
0.25624
0.19721
0.25227
0.24493
0.33703
0.29587
0.26401
0.17694
0.27194
0.25259
0.24015
0.24909
0.27615
0.26132
0.35357
0.25033
0.26079
0.27091
0.26667
0.26283
0.29234
0.17137
0.31506
0.25362
0.32463
0.26768
0.25176
0.33733
0.29675
0.26119
0.28540
0.15054
0.17897
0.29843
0.25636
0.30938
0.30387
0.27777
0.31977
0.38052
0.30331
0.31103
0.26765
0.28177
0.30708
0.35498
0.27247
0.28202
0.32637
0.31415
0.27579
0.33399
0.37923
0.21230
0.27399
0.34627
0.23208
0.32472
0.32215
0.23256
0.25323
0.32044
0.23391
0.29292
0.29488
0.31050
0.25542
0.26349
0.26288
0.25882
0.28801
0.31220
0.31355
0.26461
0.27736
0.29331
0.30558
0.28445
0.26157
0.10645
0.33104
0.33024
0.37807
0.30347
0.29741
0.40146
0.38922
0.28485
0.20317
0.32528
0.38379
0.25716
0.21499
0.29260
0.32791
0.22485
0.23773
0.31865
0.26480
0.27094
0.23155
0.31500
0.33877
0.40410
0.30688
0.31417
0.24987
0.36923
0.31683
0.29061
0.27696
0.33269
0.27603
0.16342
0.34365
0.44990
0.24346
0.39914
0.40939
0.19358
0.28061
0.35192
0.32324
0.29028
0.26402
0.27695
0.22618
0.29540
0.30539
0.29028
0.30209
0.34173
0.29464
0.29863
0.23573
0.20205
0.27398
0.37821
0.26681
0.11433
0.32709
0.11891
0.17597
0.39855
0.16932
0.27435
0.21091
0.29140
0.23997
0.44749
0.18574
0.32108
0.36200
0.25960
0.25005
0.25837
0.25483
0.22588
0.34985
0.14069
0.36207
0.32290
0.26299
0.25078
0.23041
0.32904
0.29370
0.19448
0.34560
0.42547
0.31654
0.28896
0.35152
0.34394
0.23070
0.27407
0.27127
0.39221
0.20853
0.22543
0.25144
0.37182
0.27998
0.25123
0.28602
0.29283
0.35127
0.22303
0.28081
0.32944
0.30843
0.28924
0.22937
0.37998
0.29356
0.26118
0.26900
0.30884
0.33163
0.26206
0.29350
0.23246
0.34147
0.23709
0.25586
0.31348
0.31140
0.23607
0.31078
0.23461
0.28227
0.20437
0.03633
0.11104
0.17343
0.28123
0.30574
0.22480
0.24442
0.32511
0.17058
0.04692
0.15387
0.04467
0.26678
0.28145
0.16593
0.21694
0.07672
0.08069
0.23808
0.20342
0.09852
0.11647
0.23795
0.26729
0.20709
0.21347
0.25919
0.06310
0.31816
0.20692
0.05229
0.08328
0.18879
0.32124
0.15693
0.23964
0.20413
0.31131
0.05228
0.09450
0.08828
0.09885
0.28238
0.13441
0.14014
0.15497
0.25360
0.11746
0.28354
0.21202
0.08449
0.29553
0.06154
0.02963
0.25013
0.20493
0.26686
0.03693
0.07168
0.19751
0.20360
0.26698
0.23775
0.02947
0.07414
0.17222
0.20933
0.16047
0.20231
0.08743
0.28306
0.17412
0.16595
0.25601
0.27643
0.09089
0.09013
0.15781
0.05684
0.05688
0.24783
0.10959
0.21314
0.25467
0.30022
0.20381
0.32061
0.22433
0.22050
0.16875
0.23071
0.18170
0.04252
0.29486
0.09093
0.03491
0.23318
0.26425
0.27074
0.26179
0.05969
0.08690
0.14116
0.21459
0.24786
0.26338
0.08238
0.20910
0.32244
0.11152
0.27221
0.07119
0.07890
0.03897
0.13757
0.03539
0.11057
0.26731
0.28771
0.11581
0.10252
0.03770
0.07924
0.07295
0.22973
