0.10533
0.09350
0.08485
0.27782
0.11783
0.13988
0.24967
0.17033
0.19695
0.03829
0.17941
0.12002
0.18108
0.10554
0.14590
0.23516
0.12104
0.16977
0.07729
0.16014
0.30420
0.13502
0.18410
0.04254
0.22215
0.18227
0.13330
0.16964
0.13491
0.20284
0.19747
0.26176
0.15893
0.10278
0.09951
0.09598
0.13313
0.12787
0.16249
0.19899
0.26518
0.25799
0.14620
0.14967
0.29057
0.23078
0.18497
0.25997
0.22005
0.14455
0.11060
0.14575
0.11420
0.27804
0.09186
0.21123
0.20947
0.17111
0.11926
0.10558
0.24954
0.27153
0.15399
0.19637
0.29754
0.31059
0.09424
0.16619
0.12848
0.08485
0.15094
0.27618
0.23751
0.21000
0.25868
0.11879
0.07588
0.02774
0.17703
0.15642
0.29773
0.15262
0.34754
0.28284
0.25969
0.29459
0.10047
0.08011
0.17994
0.26108
0.33949
0.18357
0.08932
0.24426
0.10872
0.15714
0.19974
0.20513
0.21365
0.17856
0.09607
0.20943
0.11272
0.13925
0.20984
0.28092
0.18915
0.16802
0.12914
0.26386
0.03536
0.27650
0.11076
0.21083
0.11470
0.16381
0.27453
0.04474
0.03826
0.21846
0.25870
0.09577
0.30880
0.02979
0.09637
0.13851
0.28576
0.23317
0.18180
0.26171
0.13143
0.11227
0.29257
0.34336
0.11327
0.16071
0.10751
0.29810
0.25976
0.08196
0.16282
0.05583
0.30363
0.20424
0.14200
0.26888
0.09086
0.34548
0.18496
0.08957
0.14488
0.25896
0.10521
0.31997
0.29517
0.34591
0.15313
0.21784
0.12934
0.14513
0.25760
0.28149
0.29850
0.32373
0.09478
0.13964
0.27291
0.28937
0.06918
0.24645
0.10185
0.25909
0.21982
0.04766
0.11154
0.21970
0.09908
0.06983
0.21539
0.28562
0.10110
0.10726
0.17639
0.18322
0.09216
0.22094
0.24462
0.25097
0.26836
0.19534
0.13736
0.05823
0.09429
0.16593
0.16048
0.25827
0.16830
0.20230
0.11224
0.27713
0.25105
0.13764
0.23692
0.14484
0.07750
0.23208
0.09088
0.21443
0.25902
0.08191
0.25522
0.25945
0.13177
0.24960
0.25976
0.26676
0.12098
0.22240
0.21445
0.33371
0.13379
0.20137
0.13529
0.08727
0.12733
0.06388
0.20704
0.17575
0.14508
0.11155
0.21622
0.13128
0.23347
0.14217
0.04677
0.24840
0.12032
0.04464
0.09988
0.25238
0.10852
0.29107
0.12493
0.11216
0.16708
0.22036
0.10850
0.08546
0.13068
0.09954
0.10652
0.18906
0.14384
0.24045
0.14815
0.14665
0.20061
0.06360
0.05126
0.13266
0.24150
0.17607
0.26137
0.15334
0.13632
0.25062
0.27319
0.09757
0.19617
0.04885
0.07038
0.12895
0.07973
0.08123
0.33177
0.20470
0.10600
0.18550
0.17005
0.09242
0.10005
0.34981
0.12638
0.11102
0.31410
0.12398
0.17492
0.16499
0.18228
0.16543
0.10699
0.11176
0.24658
0.25000
0.15437
0.09687
0.18151
0.17564
0.17661
0.20410
0.34380
0.25505
0.27933
0.15869
0.12989
0.29817
0.32874
0.34491
0.04781
0.26623
0.11025
0.29877
0.20050
0.10761
0.13675
0.12578
0.09108
0.15747
0.21829
0.10296
0.11358
0.03842
0.25444
0.12157
0.26825
0.19006
0.21920
0.22610
0.18219
0.07861
0.28033
0.20504
0.29443
0.20812
0.31576
0.22750
0.25227
0.29112
0.24388
0.24149
0.09231
0.09485
0.15381
0.20838
0.08646
0.05880
0.20679
0.17526
0.23327
0.14543
0.21195
0.10017
0.25873
0.25586
0.19207
0.22908
0.26939
0.17054
0.13692
0.32635
0.06447
0.22572
0.08632
0.11853
0.18553
0.07229
0.27019
0.32522
0.08357
0.10300
0.13037
0.23299
0.10542
0.08039
0.08094
0.07086
0.07898
0.13477
0.21309
0.09809
0.24335
0.23512
0.17923
0.12414
0.22061
0.27887
0.19017
0.26877
0.31016
0.16549
0.27449
0.29359
0.28539
0.30630
0.24856
0.27761
0.34207
0.23665
0.24816
0.25172
0.22331
0.28677
0.18440
0.34027
0.29803
0.26270
0.25462
0.25473
0.22925
0.36036
0.28619
0.25078
0.31798
0.30551
0.24372
0.26906
0.29761
0.27510
0.24091
0.25172
0.28891
0.31762
0.23856
0.20831
0.29972
0.26882
0.25386
0.31662
0.19861
0.30985
0.30881
0.29059
0.28490
0.30533
0.29075
0.21347
0.27024
0.28768
0.20218
0.28268
0.30847
0.28089
0.29122
0.27474
0.16443
0.28451
0.25701
0.28081
0.29015
0.27309
0.26720
0.17897
0.27444
0.32501
0.13898
0.27716
0.21570
0.22990
0.19748
0.36785
0.30509
0.32004
0.18612
0.33485
0.26177
0.25458
0.36224
0.25980
0.29782
0.27832
0.25346
0.27352
0.19407
0.36210
0.29240
0.24862
0.16439
0.33213
0.19595
0.26168
0.27750
0.24119
0.32272
0.30085
0.19424
0.31102
0.30443
0.18011
0.13842
0.27811
0.18920
0.18748
0.16011
0.30409
0.32149
0.28577
0.27427
0.24533
0.29849
0.21325
0.29910
0.26568
0.29139
0.19039
0.28416
0.28613
0.19299
0.18479
0.35293
0.27589
0.22076
0.31647
0.30198
0.26933
0.34501
0.30338
0.20896
0.27418
0.20127
0.28281
0.30382
0.27647
0.27338
0.24833
0.15762
0.27692
0.20936
0.29037
0.19833
0.27578
0.31364
0.23884
0.20007
0.25183
0.27850
0.20491
0.30260
0.18960
0.24025
0.23849
0.23531
0.20631
0.31608
0.31100
0.29578
0.23828
0.22090
0.31445
0.22854
0.19914
0.21769
0.27751
0.31435
0.17793
0.17671
0.28723
0.27876
0.18516
0.14677
0.24207
0.27867
0.20916
0.25801
0.26564
0.30840
0.17984
0.24827
0.26089
0.27790
0.18345
0.27662
0.26117
0.26938
0.37865
0.19097
0.30194
0.20847
0.35782
0.27923
0.25807
0.26667
0.29292
0.25790
0.20227
0.31006
0.27770
0.27365
0.26649
0.29431
0.34120
0.23528
0.27727
0.24196
0.34015
0.25202
0.26281
0.23209
0.24132
0.27311
0.26755
0.23373
0.24237
0.22929
0.31300
0.18821
0.32024
0.22965
0.24955
0.28614
0.28711
0.26647
0.15207
0.18531
0.31240
0.33690
0.25679
0.27693
0.28820
0.26291
0.22521
0.22221
0.29656
0.28848
0.27721
0.25735
0.21355
0.28734
0.30727
0.25144
0.25474
0.23319
0.31514
0.26475
0.18219
0.21929
0.27197
0.27730
0.29484
0.26768
0.23656
0.32182
0.32759
0.14433
0.22818
0.28823
0.27925
0.26958
0.29592
0.30736
0.24232
0.22774
0.21312
0.26462
0.26745
0.32776
0.29961
0.29165
0.28028
0.21451
0.25562
0.25426
0.26976
0.18133
0.31078
0.22261
0.24458
0.32062
0.28014
0.25008
0.21805
0.23922
0.29422
0.32365
0.32060
0.25310
0.22810
0.20680
0.30687
0.28963
0.13079
0.26094
0.20553
0.24181
0.26865
0.24191
0.25237
0.24504
0.24556
0.19701
0.20585
0.24505
0.30388
0.29980
0.25352
0.20224
0.29987
0.24521
0.21326
0.22199
0.29361
0.27083
0.33280
0.27150
0.24584
0.27790
0.24073
0.22860
0.28651
0.18258
0.32900
0.25023
0.30557
0.27006
0.26665
0.34636
0.27836
0.25128
0.30401
0.16613
0.22470
0.28944
0.24890
0.29681
0.30469
0.29730
0.32227
0.34092
0.25841
0.32873
0.26708
0.27316
0.28966
0.33108
0.26069
0.28232
0.30183
0.30703
0.29970
0.31203
0.38094
0.24628
0.25064
0.32198
0.22538
0.32102
0.32823
0.22409
0.25315
0.32412
0.22970
0.29196
0.29557
0.27699
0.24175
0.25819
0.26835
0.26572
0.27970
0.30308
0.27957
0.26338
0.29958
0.27207
0.30609
0.28574
0.27953
0.13143
0.33962
0.33545
0.35234
0.32725
0.31909
0.39509
0.39331
0.26445
0.18546
0.30452
0.37551
0.29447
0.20627
0.30418
0.33829
0.25973
0.23855
0.33854
0.26438
0.27045
0.26430
0.32572
0.36856
0.43518
0.27562
0.26810
0.27292
0.37535
0.33227
0.30358
0.30937
0.34767
0.24004
0.20080
0.29398
0.44199
0.24180
0.39837
0.41162
0.22458
0.29505
0.36528
0.28172
0.28225
0.25954
0.25546
0.22209
0.28903
0.29064
0.31935
0.28882
0.37636
0.28940
0.26630
0.25147
0.20739
0.25017
0.38674
0.26940
0.14256
0.34451
0.18946
0.22285
0.39121
0.17945
0.24616
0.23608
0.29005
0.24761
0.44666
0.19485
0.31916
0.39485
0.26258
0.24288
0.25283
0.27028
0.23064
0.32739
0.17704
0.37864
0.36377
0.26061
0.24462
0.25571
0.34813
0.29388
0.20432
0.34783
0.41697
0.32551
0.30241
0.36681
0.36998
0.20589
0.28871
0.29354
0.38625
0.21927
0.23991
0.25121
0.38131
0.27217
0.25172
0.25786
0.30878
0.37873
0.25824
0.28057
0.35101
0.28481
0.27843
0.26487
0.38124
0.28411
0.27150
0.28582
0.30015
0.34328
0.27157
0.29662
0.23089
0.34471
0.26796
0.24383
0.31782
0.30012
0.23002
0.27049
0.24306
0.33587
0.21269
0.02573
0.15771
0.20943
0.12192
0.31402
0.19655
0.26703
0.29446
0.23663
0.03882
0.23887
0.04901
0.30137
0.23078
0.17955
0.27625
0.13432
0.13699
0.18658
0.24821
0.05737
0.11961
0.18735
0.25088
0.17325
0.20692
0.23977
0.09974
0.34125
0.20872
0.03348
0.12659
0.13858
0.31969
0.10795
0.23075
0.23524
0.29157
0.02748
0.07317
0.05047
0.08951
0.29776
0.18038
0.13243
0.14880
0.31710
0.17704
0.29136
0.21026
0.05232
0.26712
0.05585
0.04112
0.28777
0.17941
0.23400
0.06029
0.06420
0.19309
0.20258
0.27354
0.21256
0.06498
0.08010
0.16818
0.20084
0.21401
0.16433
0.06592
0.26206
0.17427
0.16304
0.25747
0.28422
0.10917
0.09008
0.20531
0.09086
0.05745
0.22114
0.14167
0.19975
0.25343
0.25126
0.20154
0.34355
0.26724
0.21687
0.17310
0.25185
0.18747
0.01369
0.28188
0.08382
0.04809
0.20658
0.25666
0.24219
0.24326
0.07323
0.08584
0.14227
0.22216
0.21672
0.28401
0.14352
0.26570
0.32903
0.07991
0.22627
0.14909
0.02155
0.06520
0.18259
0.06272
0.10135
0.24675
0.26059
0.07329
0.06207
0.06126
0.08726
0.07268
0.24441
