0.10405
0.10293
0.05180
0.25066
0.06448
0.11454
0.19498
0.12587
0.15223
0.06835
0.18367
0.12936
0.14075
0.12332
0.13256
0.22285
0.10671
0.12807
0.05860
0.13962
0.25823
0.14797
0.12558
0.05941
0.21900
0.14034
0.08294
0.23832
0.07077
0.16120
0.16997
0.25849
0.12814
0.10456
0.04459
0.09360
0.12050
0.09103
0.09109
0.17101
0.28107
0.27080
0.07210
0.14878
0.28333
0.17291
0.13216
0.24714
0.18732
0.10792
0.10258
0.11644
0.14560
0.28259
0.09236
0.22167
0.23964
0.10777
0.10811
0.07147
0.27639
0.28573
0.14431
0.20082
0.27681
0.31327
0.03245
0.16098
0.12176
0.02109
0.11746
0.28536
0.26226
0.18040
0.25299
0.09926
0.07726
0.03776
0.18534
0.14024
0.30537
0.18779
0.30033
0.25506
0.22220
0.35134
0.09810
0.04961
0.12108
0.24793
0.31273
0.16613
0.06053
0.26942
0.03133
0.11551
0.18707
0.22739
0.19180
0.13180
0.08929
0.15315
0.12849
0.14629
0.18976
0.29301
0.11560
0.15746
0.16075
0.28728
0.05815
0.24183
0.07357
0.25254
0.11424
0.14204
0.26311
0.04483
0.07773
0.20741
0.20315
0.07669
0.26545
0.02148
0.07679
0.13476
0.28489
0.28387
0.15960
0.26455
0.07596
0.11893
0.25909
0.32002
0.09586
0.11323
0.04708
0.27339
0.24029
0.04355
0.16346
0.02292
0.28794
0.16680
0.11786
0.26330
0.05891
0.34379
0.18412
0.08735
0.15231
0.25603
0.10683
0.31424
0.31712
0.32571
0.07635
0.12880
0.15540
0.19192
0.26429
0.23352
0.25314
0.32504
0.10086
0.14109
0.29151
0.25556
0.07876
0.28615
0.03786
0.22550
0.19863
0.02469
0.09266
0.20450
0.06561
0.07104
0.14499
0.27134
0.06256
0.11109
0.21499
0.13969
0.07817
0.10854
0.22873
0.24889
0.25292
0.17985
0.09483
0.07249
0.04721
0.15186
0.11327
0.21061
0.17129
0.16591
0.07455
0.27530
0.18721
0.05673
0.15560
0.13968
0.02915
0.20147
0.06218
0.18192
0.26002
0.09762
0.24469
0.23812
0.09962
0.26334
0.26365
0.25704
0.11779
0.26262
0.22119
0.32484
0.10683
0.15410
0.11756
0.04346
0.06647
0.03919
0.17102
0.15835
0.14146
0.05946
0.23574
0.08426
0.21729
0.09882
0.05371
0.25735
0.11244
0.03333
0.10763
0.26981
0.07414
0.27300
0.08717
0.11900
0.14716
0.19480
0.09545
0.04561
0.11300
0.11188
0.11700
0.09945
0.08727
0.22920
0.14151
0.15522
0.21536
0.05172
0.04857
0.14280
0.19224
0.14177
0.21362
0.15606
0.11529
0.22762
0.28279
0.09810
0.17667
0.04195
0.09295
0.11982
0.06812
0.04285
0.34421
0.13545
0.07002
0.20262
0.11198
0.07120
0.14973
0.31241
0.11999
0.05144
0.31270
0.11966
0.20553
0.17359
0.18527
0.12730
0.07576
0.07457
0.17138
0.20134
0.15865
0.10822
0.19394
0.16748
0.18952
0.10939
0.33114
0.27523
0.28431
0.13708
0.06422
0.30158
0.29745
0.29657
0.03296
0.25768
0.11123
0.29475
0.12688
0.05350
0.13167
0.11795
0.09524
0.16152
0.24969
0.04952
0.11631
0.05631
0.25746
0.15212
0.24672
0.10580
0.23174
0.22553
0.14864
0.06020
0.24219
0.27248
0.36429
0.24581
0.32933
0.22073
0.22815
0.28474
0.25580
0.21272
0.03296
0.06705
0.12009
0.23867
0.03964
0.08590
0.18160
0.10413
0.21530
0.07069
0.15427
0.12953
0.28331
0.24980
0.25023
0.14735
0.31011
0.10033
0.12025
0.30860
0.05618
0.21729
0.03889
0.11245
0.21318
0.03756
0.22022
0.31947
0.07246
0.07013
0.11235
0.25084
0.12852
0.04786
0.06046
0.05499
0.06523
0.10405
0.17985
0.07052
0.27969
0.15715
0.16780
0.08183
0.15728
0.28257
0.23871
0.25485
0.33919
0.20104
0.25994
0.31442
0.28326
0.30558
0.27076
0.25865
0.33298
0.27293
0.26224
0.26284
0.21956
0.27430
0.20367
0.34962
0.30757
0.24900
0.24403
0.26815
0.27000
0.36400
0.27278
0.23408
0.30801
0.32291
0.23755
0.24217
0.31651
0.29241
0.25608
0.26337
0.27698
0.30005
0.27392
0.21887
0.32813
0.26126
0.24134
0.32402
0.20288
0.32991
0.32139
0.29795
0.30065
0.27895
0.27258
0.26544
0.26864
0.31713
0.22497
0.27799
0.31085
0.28476
0.26983
0.31526
0.20577
0.29256
0.28319
0.26268
0.29986
0.27136
0.26284
0.20701
0.26615
0.35246
0.14142
0.28816
0.24229
0.22815
0.18534
0.37809
0.31367
0.32268
0.17452
0.34767
0.28683
0.28771
0.36330
0.31370
0.27612
0.30280
0.24680
0.29715
0.17893
0.34149
0.26121
0.22487
0.18462
0.34304
0.21508
0.28272
0.27786
0.27122
0.34660
0.31327
0.22459
0.31270
0.31732
0.16174
0.19488
0.29377
0.19961
0.19965
0.13224
0.28180
0.33331
0.27258
0.26182
0.25150
0.28882
0.22433
0.27374
0.27333
0.26921
0.20711
0.27476
0.26906
0.23654
0.18444
0.36591
0.27579
0.21389
0.27593
0.30643
0.24816
0.37367
0.29568
0.25216
0.27751
0.20932
0.29051
0.31633
0.28392
0.24443
0.22327
0.17843
0.32298
0.24029
0.27522
0.23311
0.25837
0.28125
0.26721
0.22308
0.20758
0.28715
0.22067
0.26998
0.20291
0.21908
0.22979
0.23191
0.23681
0.32671
0.30960
0.30977
0.23952
0.23219
0.31327
0.22338
0.24162
0.24808
0.27738
0.28829
0.16962
0.19372
0.29616
0.26319
0.23924
0.16782
0.23142
0.26371
0.23145
0.22235
0.28632
0.27691
0.16772
0.24659
0.25517
0.26289
0.21642
0.27510
0.25011
0.25415
0.38054
0.19899
0.26381
0.23758
0.35333
0.29836
0.25645
0.29349
0.26400
0.26395
0.19496
0.31167
0.26932
0.23991
0.27377
0.24897
0.32890
0.25907
0.27295
0.22674
0.31911
0.22575
0.29291
0.22190
0.24481
0.27938
0.26070
0.19718
0.23313
0.24204
0.31827
0.22894
0.31715
0.26035
0.26392
0.28604
0.27313
0.26460
0.14884
0.24734
0.32296
0.30371
0.24823
0.26467
0.30411
0.27456
0.23726
0.23279
0.28094
0.30947
0.25380
0.24837
0.17962
0.28064
0.28292
0.28208
0.25081
0.23024
0.33532
0.28712
0.22012
0.18675
0.27297
0.27970
0.28111
0.27043
0.24150
0.32209
0.34109
0.16550
0.25089
0.30343
0.24733
0.26883
0.31460
0.32148
0.23764
0.20197
0.14883
0.26106
0.26897
0.35937
0.26895
0.29523
0.27911
0.24414
0.26969
0.28700
0.26046
0.18766
0.31966
0.21069
0.23343
0.32082
0.31497
0.25292
0.25010
0.27929
0.27786
0.31527
0.33146
0.27600
0.25605
0.18509
0.28925
0.29683
0.14090
0.25872
0.17614
0.26064
0.26960
0.24355
0.27921
0.25601
0.24816
0.23527
0.26300
0.24894
0.32438
0.27835
0.25625
0.20741
0.28817
0.25901
0.25568
0.22975
0.30587
0.27844
0.34771
0.24782
0.23065
0.27422
0.28257
0.23033
0.26061
0.20383
0.29550
0.28429
0.32787
0.27405
0.26305
0.33629
0.28051
0.25866
0.27390
0.18784
0.22687
0.27255
0.24957
0.28938
0.29643
0.26979
0.30666
0.37345
0.29945
0.32630
0.27492
0.28747
0.27412
0.34398
0.26174
0.28026
0.32149
0.30959
0.27042
0.31870
0.38595
0.22429
0.26103
0.33532
0.22336
0.31003
0.33659
0.23442
0.25921
0.33119
0.23244
0.27067
0.31568
0.29055
0.27006
0.24792
0.25114
0.23411
0.27809
0.31092
0.27995
0.23871
0.29024
0.27628
0.28201
0.24664
0.25900
0.17297
0.32082
0.30893
0.33791
0.28965
0.31330
0.38764
0.38803
0.25079
0.20561
0.28789
0.39206
0.26616
0.19340
0.29695
0.34334
0.25281
0.23788
0.32257
0.25110
0.29016
0.25073
0.31785
0.36177
0.40658
0.30801
0.29106
0.24909
0.36355
0.29937
0.29743
0.29483
0.36640
0.26573
0.21339
0.31108
0.44003
0.23928
0.40681
0.38941
0.20315
0.29012
0.35873
0.31627
0.29909
0.24542
0.26374
0.20389
0.28112
0.30185
0.29446
0.30170
0.36061
0.27383
0.26065
0.25640
0.21090
0.23350
0.37807
0.23309
0.13255
0.32654
0.16465
0.19267
0.38845
0.17048
0.24418
0.24318
0.25901
0.24073
0.44053
0.20405
0.30874
0.36965
0.23387
0.25523
0.24327
0.22737
0.21415
0.33910
0.20597
0.35753
0.34076
0.25710
0.24836
0.22847
0.35082
0.28717
0.22472
0.32232
0.41166
0.31368
0.26952
0.35014
0.34171
0.19856
0.27839
0.29988
0.37550
0.20868
0.24525
0.25156
0.35898
0.25773
0.26093
0.25794
0.32672
0.36193
0.22665
0.27276
0.34090
0.31299
0.27255
0.24682
0.38122
0.25309
0.27685
0.26310
0.29322
0.34049
0.25396
0.30059
0.23984
0.32934
0.25282
0.25157
0.29712
0.30017
0.21484
0.27520
0.20235
0.32862
0.21050
0.02408
0.13905
0.18015
0.22175
0.25478
0.17175
0.24002
0.36020
0.25665
0.05825
0.14951
0.03262
0.29030
0.25349
0.20415
0.28234
0.06564
0.08527
0.19818
0.23676
0.06827
0.10659
0.19858
0.24584
0.16903
0.21355
0.26353
0.03994
0.30813
0.20923
0.04539
0.07160
0.08333
0.29789
0.10006
0.17262
0.22213
0.26704
0.07402
0.04515
0.07539
0.05247
0.26841
0.04340
0.12736
0.15069
0.33357
0.15283
0.28107
0.22365
0.05347
0.28364
0.05410
0.02951
0.21679
0.19719
0.30527
0.04587
0.05570
0.20475
0.20256
0.27593
0.23917
0.04407
0.02565
0.17434
0.21631
0.20002
0.14000
0.11089
0.24260
0.09386
0.11222
0.23156
0.29451
0.09919
0.11366
0.13440
0.05617
0.01550
0.25708
0.15747
0.21883
0.25556
0.29276
0.20044
0.34906
0.26649
0.22283
0.15553
0.19118
0.19277
0.04138
0.18889
0.06551
0.08220
0.21033
0.20664
0.26450
0.24171
0.07594
0.08564
0.10712
0.20422
0.21871
0.29362
0.05813
0.20802
0.31044
0.10830
0.22485
0.07658
0.01962
0.04198
0.15419
0.02014
0.04604
0.21980
0.22552
0.08709
0.13173
0.03712
0.05239
0.04721
0.24384
