0.11069
0.11019
0.03549
0.22552
0.09149
0.12292
0.24328
0.14407
0.17989
0.07462
0.14328
0.12247
0.13226
0.14099
0.13672
0.22638
0.12496
0.09494
0.05460
0.15871
0.28411
0.14434
0.14926
0.08443
0.24191
0.11631
0.11009
0.28073
0.06055
0.20671
0.09903
0.25544
0.19710
0.09928
0.10700
0.09023
0.15482
0.07788
0.11941
0.13596
0.29572
0.26770
0.09583
0.08404
0.28163
0.24094
0.15402
0.20660
0.14434
0.17980
0.10870
0.13146
0.14292
0.29001
0.09244
0.23365
0.21116
0.12343
0.08600
0.07882
0.27482
0.24504
0.10293
0.20230
0.27691
0.23082
0.04989
0.11689
0.08459
0.02562
0.13209
0.28971
0.28525
0.19114
0.26108
0.16924
0.07599
0.05344
0.21146
0.15640
0.28308
0.20255
0.27879
0.26330
0.25938
0.33572
0.09625
0.07427
0.11357
0.27343
0.31571
0.16997
0.06341
0.26251
0.04897
0.12366
0.18455
0.22738
0.21094
0.17743
0.09355
0.17323
0.12161
0.12424
0.20743
0.27716
0.13400
0.20861
0.22162
0.27791
0.04284
0.26503
0.10569
0.23909
0.12982
0.11677
0.25103
0.05230
0.06245
0.14741
0.20421
0.07558
0.27047
0.02659
0.10601
0.10491
0.23244
0.27808
0.13747
0.23554
0.07948
0.10890
0.27557
0.33197
0.10711
0.17230
0.08267
0.27544
0.25313
0.02186
0.19139
0.04079
0.27123
0.22047
0.12187
0.24237
0.08233
0.28360
0.16851
0.09341
0.18579
0.15949
0.11223
0.26231
0.30743
0.33004
0.10866
0.12799
0.15137
0.22790
0.27911
0.23826
0.23494
0.28768
0.09242
0.08941
0.25986
0.27117
0.05506
0.28326
0.03527
0.16334
0.25542
0.03744
0.10384
0.20823
0.05789
0.03751
0.17510
0.27970
0.06650
0.11074
0.22564
0.13966
0.05973
0.22314
0.23902
0.21866
0.20064
0.19142
0.12985
0.04892
0.05469
0.09621
0.17546
0.22419
0.20669
0.13374
0.08127
0.25377
0.25050
0.07015
0.13610
0.14293
0.05469
0.17301
0.10739
0.17691
0.22572
0.14143
0.25658
0.21955
0.07630
0.26347
0.25053
0.21584
0.12041
0.28059
0.23881
0.30213
0.08486
0.20657
0.06974
0.08053
0.08987
0.07195
0.18308
0.19102
0.12288
0.02831
0.26384
0.10191
0.19518
0.10431
0.04205
0.23661
0.11252
0.03998
0.11134
0.26941
0.08330
0.29396
0.06708
0.10813
0.16246
0.16368
0.11548
0.03426
0.08362
0.10940
0.09975
0.14118
0.10076
0.23867
0.13067
0.18055
0.17053
0.10019
0.02608
0.13612
0.16000
0.11566
0.21577
0.18777
0.14154
0.23642
0.28275
0.09728
0.21357
0.06176
0.13144
0.13149
0.05545
0.04002
0.37486
0.14652
0.06007
0.19365
0.14778
0.08716
0.15948
0.30394
0.11047
0.05585
0.29914
0.12427
0.20352
0.13859
0.13659
0.13926
0.08603
0.05369
0.22367
0.16575
0.10680
0.10187
0.15619
0.14537
0.20758
0.14767
0.30325
0.25583
0.22911
0.11608
0.08923
0.30955
0.33825
0.30828
0.03097
0.26417
0.10998
0.29501
0.15217
0.08534
0.16137
0.10596
0.09608
0.21396
0.25570
0.04159
0.08548
0.06827
0.25329
0.12069
0.17323
0.16715
0.24626
0.26788
0.14566
0.07168
0.22671
0.27990
0.37673
0.27217
0.31107
0.21194
0.23837
0.24404
0.28491
0.26432
0.05864
0.08331
0.10601
0.22055
0.05910
0.06218
0.15323
0.10277
0.23090
0.06678
0.16067
0.11099
0.27455
0.25540
0.25801
0.23151
0.31042
0.09931
0.15664
0.29984
0.06227
0.19510
0.04952
0.11118
0.17839
0.07575
0.22926
0.31624
0.07034
0.07258
0.17162
0.24781
0.10153
0.04414
0.05755
0.04187
0.06662
0.07477
0.13384
0.10055
0.27187
0.15594
0.21129
0.06497
0.20201
0.30223
0.19587
0.26227
0.36551
0.18835
0.28866
0.31287
0.27555
0.28686
0.27976
0.23112
0.35885
0.22901
0.26119
0.21838
0.24563
0.27473
0.20680
0.38763
0.33643
0.25026
0.23283
0.26131
0.21610
0.35828
0.26044
0.18454
0.30698
0.35309
0.19089
0.20314
0.31869
0.28562
0.26770
0.25775
0.25801
0.31635
0.25093
0.23362
0.36232
0.27049
0.21762
0.31914
0.19316
0.31979
0.35779
0.30123
0.28952
0.26854
0.24685
0.24199
0.25541
0.33913
0.18443
0.26193
0.32973
0.21275
0.25233
0.32134
0.20304
0.27254
0.26403
0.28832
0.32371
0.30138
0.25309
0.19137
0.30497
0.35983
0.14606
0.28358
0.21370
0.18083
0.22148
0.37166
0.33065
0.32407
0.17927
0.34399
0.27876
0.30496
0.37214
0.31595
0.26881
0.28600
0.24678
0.28950
0.19138
0.37135
0.27606
0.22187
0.16721
0.33672
0.21795
0.28473
0.30083
0.27774
0.35831
0.33666
0.22134
0.33515
0.32518
0.18996
0.17754
0.26313
0.20313
0.21006
0.15745
0.30421
0.33898
0.26043
0.23538
0.25326
0.27500
0.21689
0.25254
0.23613
0.26240
0.21505
0.29120
0.25454
0.22033
0.20300
0.34915
0.28475
0.18384
0.27683
0.33179
0.28548
0.35777
0.31134
0.24951
0.23830
0.19619
0.29385
0.31392
0.25634
0.26323
0.22703
0.18396
0.30466
0.24071
0.28772
0.23859
0.23661
0.27999
0.29541
0.22794
0.25243
0.30451
0.21105
0.28150
0.20263
0.23445
0.25195
0.24161
0.20485
0.31823
0.33770
0.33545
0.20198
0.21280
0.33007
0.22757
0.19280
0.20317
0.30361
0.31895
0.17972
0.19981
0.28775
0.23630
0.16985
0.16756
0.24528
0.26506
0.20101
0.27056
0.23167
0.27933
0.19804
0.25171
0.27196
0.26872
0.20304
0.28558
0.26184
0.27737
0.38106
0.20810
0.29668
0.24554
0.37580
0.31611
0.27369
0.27976
0.27191
0.27322
0.19497
0.31884
0.28888
0.24729
0.29290
0.28836
0.34733
0.26483
0.29568
0.24133
0.34393
0.23268
0.27735
0.23253
0.22555
0.29439
0.26930
0.20653
0.22944
0.24971
0.32244
0.20294
0.32126
0.25333
0.25184
0.30216
0.29232
0.30519
0.15790
0.21145
0.33294
0.32633
0.21006
0.25499
0.29084
0.28448
0.24628
0.21843
0.30033
0.29447
0.24861
0.27373
0.19018
0.29235
0.31129
0.28136
0.21580
0.21661
0.34222
0.26076
0.17123
0.22033
0.28990
0.29526
0.24844
0.25698
0.25420
0.36970
0.35014
0.15669
0.25489
0.32106
0.25647
0.25464
0.32046
0.34182
0.24720
0.20011
0.21963
0.24366
0.26384
0.37246
0.29775
0.31683
0.25860
0.24896
0.25801
0.29781
0.27993
0.18563
0.33170
0.21679
0.24929
0.34731
0.30803
0.25244
0.26327
0.23961
0.30552
0.30107
0.34184
0.25653
0.28065
0.22658
0.30319
0.31707
0.13853
0.24623
0.21541
0.18867
0.22989
0.24561
0.25581
0.24602
0.26144
0.24689
0.21415
0.24290
0.35185
0.26484
0.23907
0.21127
0.28686
0.25622
0.23102
0.19692
0.32841
0.27852
0.34090
0.25953
0.24470
0.26941
0.27910
0.22109
0.28019
0.17869
0.30349
0.26779
0.34371
0.28498
0.30039
0.35020
0.28772
0.23794
0.25757
0.20426
0.21370
0.25579
0.20579
0.27486
0.31130
0.29005
0.29245
0.39660
0.30450
0.33411
0.28591
0.30349
0.30170
0.36773
0.25700
0.27816
0.33457
0.32860
0.25245
0.32627
0.39030
0.24135
0.25398
0.32787
0.21831
0.31613
0.34600
0.25362
0.22845
0.35486
0.23624
0.26555
0.32683
0.26792
0.25114
0.22133
0.24563
0.29688
0.29496
0.29523
0.29702
0.21252
0.26933
0.29278
0.27401
0.24156
0.26037
0.15776
0.34509
0.31209
0.36070
0.28745
0.31151
0.36530
0.40445
0.25805
0.20751
0.27259
0.38801
0.30162
0.21633
0.29202
0.35224
0.28713
0.20439
0.33700
0.23049
0.29779
0.23413
0.31108
0.37970
0.43666
0.30452
0.28227
0.25228
0.36256
0.34689
0.32691
0.28000
0.36794
0.24412
0.20837
0.31639
0.45682
0.27253
0.40021
0.39852
0.21685
0.25735
0.31533
0.27661
0.30383
0.22570
0.24979
0.20396
0.30299
0.26746
0.26869
0.30916
0.36071
0.28237
0.26713
0.26602
0.21115
0.22403
0.37685
0.26660
0.16450
0.31586
0.17891
0.21605
0.39096
0.18894
0.27116
0.24348
0.23434
0.25478
0.42905
0.21540
0.29606
0.34750
0.24233
0.23290
0.22782
0.26856
0.20621
0.34538
0.20592
0.36115
0.35151
0.21076
0.25619
0.22375
0.35602
0.28686
0.21785
0.35129
0.41867
0.34641
0.29155
0.34289
0.35297
0.20747
0.28571
0.28910
0.39435
0.21528
0.23810
0.24242
0.38300
0.24123
0.24760
0.20249
0.34055
0.38517
0.24340
0.28529
0.34210
0.30495
0.27618
0.26205
0.40428
0.25807
0.28921
0.26913
0.27186
0.33972
0.27158
0.30086
0.23829
0.34246
0.26530
0.23608
0.29580
0.27223
0.18629
0.24209
0.21608
0.26273
0.21572
0.09485
0.12874
0.19573
0.25511
0.20296
0.19479
0.26540
0.30827
0.17307
0.13389
0.18341
0.02173
0.32323
0.26272
0.16850
0.31281
0.05983
0.15844
0.14648
0.20380
0.06792
0.12631
0.20126
0.29345
0.19476
0.22948
0.27423
0.04757
0.30309
0.22944
0.03218
0.04755
0.08932
0.31297
0.07902
0.23874
0.20025
0.30001
0.07885
0.08714
0.07940
0.08317
0.31121
0.07416
0.12157
0.22891
0.29599
0.11736
0.25778
0.22119
0.05940
0.27553
0.05514
0.08697
0.22020
0.19326
0.19885
0.07184
0.07672
0.20873
0.21999
0.27130
0.27251
0.02392
0.08339
0.18458
0.21059
0.16324
0.19917
0.14463
0.20428
0.16388
0.05070
0.29033
0.29156
0.06940
0.10423
0.16377
0.04875
0.02861
0.15022
0.14738
0.19517
0.23090
0.23233
0.19799
0.29570
0.27076
0.18293
0.19844
0.23885
0.19157
0.02573
0.23032
0.08705
0.09236
0.19292
0.24193
0.30309
0.21214
0.02764
0.03094
0.13808
0.20568
0.24379
0.25126
0.11892
0.19194
0.32618
0.12273
0.23777
0.13755
0.01398
0.03785
0.18913
0.05640
0.08845
0.28561
0.31467
0.06895
0.12128
0.06914
0.06666
0.05760
0.19304
