0.08882
0.10997
0.05731
0.22914
0.06430
0.13790
0.20357
0.14283
0.13482
0.05611
0.18228
0.14237
0.13168
0.13701
0.09006
0.21978
0.15261
0.11380
0.06830
0.18539
0.32059
0.13986
0.11610
0.07800
0.21498
0.14052
0.20505
0.24854
0.09792
0.14732
0.15230
0.26113
0.15344
0.09416
0.11589
0.12132
0.14742
0.08008
0.17712
0.16244
0.29541
0.27139
0.09225
0.10970
0.27472
0.20843
0.16133
0.24950
0.17447
0.16079
0.10513
0.12366
0.14942
0.28547
0.10098
0.24384
0.22751
0.13341
0.15055
0.09623
0.26075
0.29462
0.11320
0.21630
0.30386
0.31440
0.05466
0.15746
0.09934
0.04434
0.15877
0.33717
0.32008
0.20795
0.25199
0.16457
0.10934
0.04745
0.19776
0.15141
0.31288
0.15496
0.29501
0.28647
0.23303
0.34404
0.10807
0.13435
0.11272
0.24524
0.33345
0.15616
0.09861
0.25213
0.04357
0.16175
0.21810
0.23222
0.19633
0.15737
0.09907
0.16542
0.11336
0.12899
0.21559
0.29309
0.13302
0.18258
0.18661
0.28435
0.04895
0.26890
0.10303
0.24325
0.16005
0.14921
0.25209
0.07584
0.04404
0.14479
0.21787
0.09712
0.27104
0.01648
0.08754
0.15223
0.27034
0.26757
0.16146
0.26595
0.10712
0.07331
0.23394
0.32803
0.12365
0.14214
0.06100
0.28526
0.25357
0.04083
0.17193
0.06261
0.32428
0.24722
0.15279
0.18399
0.10576
0.33611
0.17396
0.08618
0.23489
0.22626
0.10469
0.30526
0.31187
0.32922
0.15920
0.14889
0.15755
0.20746
0.30638
0.30403
0.24974
0.32224
0.09363
0.11693
0.29958
0.28026
0.06563
0.28417
0.05893
0.20996
0.28602
0.03830
0.08055
0.21699
0.07262
0.10392
0.19510
0.27616
0.09760
0.11067
0.23777
0.14838
0.06477
0.17188
0.22018
0.24188
0.22669
0.19261
0.12247
0.07738
0.09103
0.12685
0.18072
0.22912
0.19234
0.17585
0.09387
0.29057
0.23406
0.13534
0.17508
0.16640
0.04334
0.22728
0.11960
0.21618
0.24899
0.14172
0.23169
0.23072
0.07296
0.27375
0.23336
0.24775
0.14373
0.22136
0.23410
0.32604
0.13499
0.19533
0.10931
0.08653
0.07047
0.05368
0.19283
0.26431
0.12161
0.08754
0.22990
0.10419
0.20336
0.09664
0.04892
0.23314
0.12684
0.07443
0.12398
0.24976
0.09383
0.31465
0.09698
0.12003
0.18300
0.21300
0.11762
0.05827
0.12445
0.10777
0.11879
0.12059
0.11730
0.28096
0.15801
0.17111
0.17757
0.10206
0.06928
0.14984
0.20834
0.13165
0.19320
0.17430
0.11988
0.27065
0.26043
0.09856
0.14816
0.07879
0.06628
0.12792
0.07445
0.03245
0.34570
0.12680
0.11020
0.19947
0.18902
0.06941
0.13735
0.30663
0.14320
0.04897
0.30983
0.14351
0.24093
0.19996
0.16543
0.21505
0.07297
0.08891
0.18151
0.19280
0.17680
0.10121
0.22123
0.14685
0.17577
0.15864
0.33646
0.24366
0.27471
0.18990
0.08020
0.28489
0.32117
0.34703
0.02145
0.27568
0.12641
0.31208
0.20431
0.10430
0.13694
0.09098
0.09624
0.22164
0.26601
0.06358
0.10667
0.07608
0.27835
0.16341
0.23628
0.16403
0.26032
0.24444
0.13093
0.07146
0.26148
0.28667
0.35856
0.21028
0.32589
0.21437
0.23716
0.29742
0.28037
0.26546
0.08068
0.10182
0.12786
0.23311
0.04177
0.10110
0.18412
0.12400
0.22028
0.10398
0.17274
0.11187
0.28308
0.27281
0.24748
0.22860
0.31771
0.13090
0.16034
0.32090
0.07446
0.17222
0.05279
0.08166
0.21136
0.05028
0.24432
0.35287
0.06465
0.05678
0.13306
0.24520
0.11584
0.04820
0.08291
0.06044
0.08898
0.08168
0.19705
0.09546
0.25982
0.13141
0.21462
0.08674
0.20384
0.29461
0.17127
0.23541
0.34556
0.13426
0.28564
0.29902
0.27340
0.26218
0.26610
0.24294
0.34598
0.21135
0.26088
0.22441
0.23477
0.27156
0.19851
0.36107
0.33812
0.24969
0.20042
0.24770
0.23926
0.33487
0.26500
0.20858
0.32464
0.32330
0.19867
0.21323
0.32597
0.27375
0.23345
0.25036
0.25010
0.31497
0.22563
0.22530
0.33874
0.23405
0.19465
0.31060
0.19700
0.29633
0.33772
0.27939
0.25918
0.26428
0.23539
0.23524
0.23995
0.32741
0.18063
0.24110
0.31945
0.22124
0.25218
0.29187
0.20047
0.27254
0.25713
0.27666
0.30787
0.29445
0.23202
0.19599
0.27027
0.35976
0.16762
0.27802
0.20505
0.17409
0.22686
0.34704
0.29917
0.32502
0.16323
0.35181
0.26888
0.26718
0.36810
0.31752
0.25411
0.27811
0.23715
0.27647
0.18668
0.35158
0.24311
0.17223
0.15821
0.30763
0.21283
0.26954
0.28821
0.25183
0.34436
0.32871
0.22427
0.33080
0.31502
0.19897
0.12592
0.25050
0.18463
0.18919
0.16191
0.30500
0.35623
0.23064
0.22308
0.24642
0.24999
0.22172
0.27148
0.25831
0.23451
0.19086
0.26981
0.25996
0.23283
0.16227
0.33462
0.28110
0.19091
0.27829
0.32143
0.26665
0.35448
0.31396
0.23979
0.21703
0.20231
0.29055
0.30546
0.22134
0.27262
0.23772
0.17354
0.27725
0.23205
0.23211
0.22625
0.23472
0.28219
0.27828
0.21490
0.23253
0.28083
0.21453
0.22992
0.20368
0.23376
0.22003
0.23776
0.18958
0.30467
0.32699
0.32184
0.18698
0.21165
0.33001
0.20223
0.17818
0.18528
0.29962
0.31728
0.18211
0.19418
0.29243
0.23812
0.17287
0.16461
0.23549
0.25726
0.14917
0.26741
0.24395
0.26972
0.19228
0.23753
0.27436
0.22912
0.20171
0.24189
0.25731
0.26904
0.35254
0.19687
0.30729
0.24281
0.37488
0.32092
0.21729
0.27495
0.24735
0.26680
0.19943
0.29202
0.27462
0.20640
0.28636
0.28033
0.33939
0.25773
0.28888
0.23563
0.34767
0.17803
0.21536
0.23910
0.23093
0.26328
0.26895
0.23376
0.23264
0.25754
0.31700
0.18998
0.32606
0.24714
0.22287
0.30173
0.28520
0.28844
0.15014
0.17360
0.32324
0.33031
0.21302
0.25592
0.25939
0.26079
0.19582
0.18174
0.29816
0.29463
0.23332
0.26127
0.21560
0.24923
0.31446
0.26319
0.23942
0.23077
0.32571
0.24226
0.16229
0.20965
0.28460
0.28941
0.26103
0.21988
0.26606
0.34938
0.35012
0.16392
0.26489
0.32077
0.27094
0.24335
0.31431
0.33653
0.24936
0.19854
0.21741
0.20369
0.24250
0.34212
0.31167
0.30206
0.25304
0.24399
0.26088
0.29131
0.27521
0.18329
0.32342
0.21637
0.23682
0.35067
0.29536
0.23739
0.24582
0.19250
0.30295
0.31069
0.34652
0.26166
0.27090
0.20671
0.29584
0.30343
0.15321
0.23416
0.22379
0.21055
0.27899
0.23597
0.22600
0.23996
0.21353
0.24056
0.20184
0.26547
0.34021
0.23089
0.24003
0.20565
0.29151
0.23126
0.22727
0.15977
0.32427
0.28868
0.31899
0.27295
0.22579
0.24079
0.25899
0.20339
0.27138
0.18396
0.31728
0.24958
0.34715
0.25537
0.29593
0.34723
0.26811
0.24261
0.26595
0.17534
0.20806
0.26591
0.22573
0.25414
0.31408
0.26049
0.30682
0.36698
0.31348
0.31579
0.26313
0.31022
0.29169
0.35111
0.24085
0.27957
0.31553
0.32227
0.27024
0.32368
0.38062
0.24823
0.20744
0.32368
0.23701
0.32015
0.31565
0.25176
0.24808
0.32368
0.23218
0.23163
0.29893
0.25770
0.19040
0.21803
0.24598
0.30036
0.29534
0.28286
0.27761
0.18381
0.27828
0.25040
0.27891
0.22414
0.27461
0.14811
0.32979
0.33284
0.34639
0.31763
0.32285
0.37646
0.37672
0.23502
0.21189
0.28393
0.39190
0.27667
0.23441
0.30290
0.33809
0.24777
0.20396
0.33908
0.24302
0.25660
0.21464
0.34768
0.36768
0.42110
0.29135
0.27193
0.26227
0.38555
0.29176
0.30380
0.26966
0.36278
0.26786
0.19873
0.31193
0.44828
0.23816
0.40772
0.39741
0.23131
0.29670
0.35548
0.29628
0.28977
0.20444
0.28465
0.21612
0.28182
0.23685
0.31046
0.30516
0.38623
0.26434
0.28728
0.26575
0.18984
0.22324
0.37392
0.25976
0.12833
0.31087
0.16886
0.18971
0.41006
0.16149
0.26645
0.23298
0.26293
0.25352
0.43057
0.21073
0.31867
0.39165
0.27330
0.21598
0.22893
0.26186
0.20982
0.34010
0.19630
0.36026
0.36321
0.22408
0.24865
0.21838
0.36423
0.26556
0.21842
0.35394
0.40106
0.32617
0.27096
0.35574
0.34689
0.19629
0.27678
0.29652
0.38474
0.21785
0.25102
0.25604
0.37907
0.23360
0.26411
0.26501
0.32683
0.35682
0.27565
0.28308
0.33883
0.29643
0.27625
0.23789
0.37376
0.27822
0.28920
0.27840
0.31316
0.35635
0.27152
0.31065
0.23983
0.32687
0.27820
0.23055
0.27210
0.27364
0.25747
0.27248
0.22515
0.32607
0.22183
0.10384
0.14662
0.17433
0.28412
0.30174
0.20861
0.26615
0.34733
0.16230
0.06169
0.20381
0.08027
0.30412
0.27068
0.19111
0.26589
0.06578
0.08951
0.17555
0.20254
0.05590
0.13632
0.27872
0.27134
0.13188
0.21003
0.22003
0.06325
0.26890
0.25588
0.12897
0.04363
0.11549
0.32205
0.09386
0.23677
0.23429
0.30524
0.03607
0.04090
0.13976
0.08328
0.24599
0.13438
0.13811
0.19167
0.29961
0.14239
0.26934
0.22041
0.07134
0.26654
0.07500
0.07718
0.24011
0.18438
0.20720
0.06377
0.06147
0.20799
0.20418
0.32893
0.27705
0.02721
0.03828
0.13552
0.20181
0.19332
0.17902
0.08851
0.21784
0.15859
0.09175
0.24261
0.25203
0.10886
0.13122
0.16265
0.06792
0.02494
0.24611
0.13022
0.19267
0.26381
0.26980
0.18454
0.31768
0.26291
0.22652
0.14956
0.21158
0.19265
0.02428
0.25025
0.10130
0.08493
0.20369
0.25422
0.26438
0.25412
0.08960
0.08753
0.13438
0.17235
0.25958
0.25677
0.08988
0.13985
0.28675
0.12026
0.22271
0.13875
0.06879
0.03969
0.11625
0.06107
0.09281
0.26305
0.28154
0.10663
0.05922
0.06247
0.12779
0.05119
0.28460
