0.07345
0.09845
0.02659
0.22496
0.08472
0.13686
0.22090
0.09780
0.16219
0.05699
0.18875
0.12936
0.09008
0.10983
0.11282
0.23546
0.18966
0.09809
0.04563
0.11757
0.29481
0.09965
0.11688
0.04186
0.23769
0.11374
0.10718
0.26201
0.06573
0.15270
0.11605
0.21101
0.12539
0.10547
0.06386
0.09652
0.11509
0.07274
0.12178
0.13214
0.32092
0.26362
0.08570
0.08989
0.28962
0.22329
0.14478
0.22461
0.15411
0.16076
0.10714
0.10786
0.14760
0.26069
0.09112
0.23694
0.23697
0.11269
0.07845
0.07300
0.27515
0.28947
0.08988
0.23684
0.26041
0.31013
0.06804
0.14387
0.07515
0.03694
0.12320
0.30488
0.30336
0.17375
0.25178
0.07523
0.06020
0.04172
0.23074
0.15926
0.27215
0.21962
0.33129
0.27416
0.25090
0.36129
0.09736
0.06073
0.10486
0.25094
0.31059
0.15563
0.03509
0.25626
0.04488
0.11864
0.18804
0.23324
0.20161
0.14015
0.09790
0.18115
0.10290
0.11461
0.15421
0.30090
0.11211
0.17826
0.14878
0.28971
0.00932
0.25604
0.09034
0.25290
0.10471
0.09673
0.23729
0.05668
0.06000
0.15160
0.18169
0.04674
0.25538
0.03038
0.08481
0.13209
0.31582
0.27464
0.14340
0.25123
0.05997
0.08688
0.28187
0.35916
0.10924
0.13559
0.03851
0.29447
0.26367
0.03727
0.14399
0.04628
0.30057
0.21653
0.13876
0.22698
0.08430
0.35013
0.16818
0.09336
0.19313
0.21448
0.10194
0.29668
0.30078
0.32856
0.11019
0.11928
0.12979
0.20056
0.26656
0.22308
0.26294
0.28731
0.09416
0.10828
0.28623
0.29319
0.05032
0.25688
0.03416
0.18529
0.26190
0.02609
0.10317
0.15421
0.06675
0.06648
0.17137
0.26473
0.05781
0.10908
0.21518
0.17586
0.05062
0.23768
0.14907
0.20264
0.23923
0.16362
0.11185
0.09873
0.07329
0.13710
0.13863
0.20789
0.15298
0.13260
0.10840
0.24543
0.19576
0.07567
0.14035
0.14892
0.03877
0.21430
0.08734
0.22189
0.22852
0.11379
0.24451
0.19048
0.07274
0.24847
0.27146
0.25456
0.11687
0.23368
0.19541
0.36107
0.09240
0.18280
0.05635
0.05429
0.05323
0.04823
0.15518
0.15826
0.14145
0.02312
0.29894
0.09625
0.21622
0.09617
0.03842
0.25220
0.11058
0.05368
0.11084
0.28509
0.05825
0.29627
0.05488
0.10995
0.16249
0.20200
0.10438
0.04041
0.09251
0.10259
0.09945
0.12072
0.08167
0.27108
0.14685
0.14747
0.19106
0.09283
0.04519
0.14488
0.17589
0.11966
0.19062
0.14854
0.16945
0.24725
0.26975
0.09132
0.18700
0.06804
0.09308
0.11455
0.05357
0.04599
0.34799
0.11007
0.03742
0.20056
0.11558
0.08610
0.11777
0.30050
0.12912
0.08680
0.29271
0.11439
0.14727
0.15421
0.15282
0.14433
0.07744
0.04664
0.17031
0.18380
0.12443
0.11237
0.17857
0.14208
0.17404
0.13340
0.28986
0.26739
0.28666
0.16754
0.07991
0.30712
0.30336
0.30524
0.08640
0.25328
0.12195
0.31734
0.13608
0.08412
0.11985
0.07837
0.11284
0.18061
0.25050
0.05447
0.05468
0.05674
0.21947
0.10689
0.19757
0.20110
0.22811
0.26102
0.10229
0.07189
0.20869
0.29192
0.37023
0.25196
0.31621
0.19568
0.24193
0.26576
0.25184
0.27487
0.07609
0.04577
0.12129
0.24755
0.03606
0.05548
0.16174
0.11108
0.13587
0.07853
0.13840
0.08072
0.29116
0.28727
0.24714
0.19944
0.32084
0.10072
0.15194
0.31695
0.07509
0.20584
0.05637
0.09314
0.14960
0.03881
0.23728
0.34261
0.08047
0.05094
0.13840
0.24558
0.10511
0.07112
0.05933
0.05660
0.03738
0.08351
0.15900
0.06262
0.29646
0.15177
0.15936
0.08996
0.15403
0.28634
0.19621
0.24670
0.35524
0.18727
0.29681
0.29964
0.26302
0.29070
0.28594
0.21995
0.35659
0.23849
0.25923
0.24919
0.21047
0.27428
0.16804
0.36720
0.33067
0.24228
0.24247
0.24223
0.22962
0.34137
0.27460
0.20944
0.32709
0.35234
0.21531
0.23242
0.31716
0.27608
0.25376
0.26277
0.26937
0.31298
0.24453
0.20575
0.36077
0.24269
0.22672
0.29907
0.17817
0.31013
0.35321
0.30068
0.29551
0.27581
0.26791
0.22972
0.27595
0.32194
0.19119
0.27529
0.31335
0.22492
0.27957
0.28781
0.18970
0.26489
0.24496
0.28192
0.30766
0.29484
0.25131
0.18921
0.27990
0.36425
0.13272
0.28377
0.20040
0.18621
0.15709
0.35229
0.29177
0.32669
0.16151
0.34871
0.26798
0.29299
0.36351
0.33128
0.28049
0.29042
0.22802
0.27543
0.15716
0.36749
0.28753
0.23101
0.16640
0.32656
0.18871
0.24138
0.29746
0.25244
0.35187
0.32235
0.21136
0.31561
0.32334
0.15002
0.17397
0.25268
0.17839
0.18209
0.13785
0.26400
0.33339
0.25928
0.25541
0.24219
0.28403
0.21461
0.29499
0.23478
0.27280
0.19224
0.28445
0.26361
0.20684
0.17172
0.34943
0.26912
0.17949
0.24596
0.31216
0.25575
0.35223
0.32307
0.24181
0.24860
0.17979
0.29901
0.30257
0.27755
0.21393
0.21217
0.15606
0.31206
0.22215
0.26572
0.20853
0.28406
0.29508
0.30008
0.20406
0.20635
0.28949
0.21690
0.26974
0.16689
0.20734
0.24057
0.19303
0.18395
0.30568
0.32414
0.33226
0.21158
0.19830
0.33052
0.18411
0.19693
0.21698
0.31520
0.27022
0.14435
0.17087
0.26785
0.26246
0.18039
0.13320
0.20814
0.26332
0.23595
0.23507
0.24623
0.29256
0.17304
0.23412
0.27380
0.26159
0.19440
0.26447
0.22306
0.23650
0.37133
0.17314
0.24535
0.22985
0.35729
0.30899
0.22378
0.26513
0.26983
0.27355
0.16832
0.31874
0.26024
0.25719
0.28256
0.28170
0.33581
0.22623
0.29606
0.19537
0.34247
0.21806
0.25942
0.22003
0.23926
0.27831
0.25377
0.16506
0.22316
0.22634
0.31087
0.20185
0.30899
0.22704
0.25248
0.29605
0.29342
0.27219
0.13649
0.20837
0.33590
0.32072
0.22344
0.26908
0.27023
0.27342
0.23442
0.18529
0.29883
0.29322
0.25739
0.25120
0.15400
0.27166
0.32050
0.25638
0.25721
0.19266
0.32388
0.27145
0.19197
0.19717
0.28073
0.29821
0.27578
0.24709
0.22997
0.34860
0.35439
0.13840
0.24174
0.32160
0.22753
0.24302
0.29948
0.33599
0.22243
0.19245
0.13462
0.24606
0.25216
0.36419
0.26775
0.28588
0.24445
0.23472
0.26205
0.30867
0.28797
0.16129
0.32924
0.21912
0.22710
0.33934
0.30324
0.21196
0.22927
0.23659
0.29230
0.29869
0.33335
0.23957
0.28270
0.17000
0.27724
0.33086
0.12082
0.25209
0.17633
0.23001
0.26703
0.21622
0.25836
0.25203
0.23878
0.21860
0.23716
0.21522
0.33872
0.26533
0.25398
0.18285
0.29819
0.25760
0.23279
0.19122
0.31256
0.27734
0.32849
0.23402
0.22879
0.26053
0.25254
0.23465
0.26350
0.15703
0.31408
0.25381
0.33298
0.28470
0.30962
0.33953
0.26378
0.24506
0.25288
0.16334
0.18434
0.27238
0.19171
0.26039
0.30475
0.27129
0.30210
0.38259
0.31045
0.34532
0.26318
0.32416
0.28896
0.35923
0.19935
0.26939
0.31713
0.31711
0.28482
0.32308
0.39145
0.22609
0.23978
0.32675
0.19112
0.32487
0.31688
0.25082
0.24760
0.34147
0.23303
0.26578
0.32033
0.27056
0.23638
0.23272
0.23047
0.28147
0.28454
0.28860
0.29604
0.23609
0.26490
0.26996
0.29242
0.26665
0.24235
0.13426
0.33635
0.30374
0.35991
0.26174
0.28691
0.36040
0.35996
0.27063
0.18860
0.27836
0.39516
0.27379
0.17018
0.25185
0.35458
0.25857
0.18564
0.33334
0.24262
0.28232
0.21934
0.29018
0.34890
0.38857
0.34157
0.27171
0.26143
0.36906
0.31041
0.25160
0.26525
0.35338
0.26415
0.18083
0.31630
0.40913
0.26973
0.35795
0.37654
0.20051
0.28310
0.33009
0.30931
0.31048
0.24056
0.26524
0.18311
0.28144
0.25654
0.30310
0.30426
0.34560
0.24339
0.24560
0.24132
0.20065
0.23047
0.34611
0.22024
0.12158
0.35001
0.21274
0.18032
0.37192
0.17809
0.22184
0.20711
0.28292
0.23990
0.43619
0.20535
0.28860
0.35182
0.22788
0.25554
0.24509
0.26875
0.22541
0.32691
0.18575
0.36551
0.35342
0.21520
0.21584
0.20168
0.34649
0.27341
0.22883
0.36908
0.42173
0.29552
0.26949
0.34803
0.34761
0.17863
0.28043
0.28420
0.40495
0.21230
0.23126
0.23073
0.35581
0.22186
0.23522
0.24960
0.31675
0.37555
0.23514
0.26880
0.29967
0.29923
0.25550
0.23760
0.36783
0.27774
0.30419
0.25437
0.27310
0.33960
0.26041
0.28306
0.24591
0.32725
0.26485
0.20276
0.30376
0.28751
0.23014
0.23937
0.18952
0.27291
0.21568
0.06214
0.11597
0.17320
0.21167
0.29770
0.20833
0.24086
0.35315
0.14789
0.07122
0.19904
0.08746
0.29191
0.28743
0.18634
0.31399
0.04699
0.11052
0.19220
0.16868
0.10803
0.12205
0.18459
0.29347
0.19376
0.22039
0.24689
0.06326
0.32387
0.23761
0.03899
0.03187
0.10412
0.28129
0.14040
0.25945
0.23187
0.31247
0.03226
0.05248
0.06940
0.03976
0.28262
0.15333
0.15077
0.14748
0.26225
0.13413
0.28709
0.23060
0.04236
0.25262
0.03799
0.10483
0.27559
0.19103
0.20056
0.11515
0.04287
0.20110
0.21559
0.29036
0.27834
0.02341
0.04021
0.12777
0.20524
0.10589
0.20285
0.14155
0.32348
0.19940
0.11586
0.21249
0.29782
0.06050
0.11392
0.13156
0.04672
0.04488
0.21106
0.11145
0.20672
0.23043
0.26546
0.21251
0.32527
0.22695
0.27387
0.18241
0.21742
0.20502
0.00980
0.26974
0.05819
0.05262
0.19913
0.21694
0.25194
0.23492
0.04059
0.02828
0.08414
0.22983
0.21659
0.30807
0.03332
0.16048
0.29407
0.13844
0.24109
0.11977
0.02692
0.07102
0.22081
0.02947
0.05815
0.26913
0.29391
0.11475
0.09418
0.01299
0.04008
0.05890
0.22064
