0.11232
0.10982
0.06848
0.22676
0.08205
0.16208
0.25477
0.15859
0.17213
0.06116
0.17747
0.15117
0.15481
0.12438
0.13754
0.22773
0.14020
0.14066
0.06428
0.12944
0.31322
0.09703
0.13228
0.04766
0.24074
0.12682
0.14466
0.29226
0.12274
0.19635
0.18992
0.23791
0.13412
0.09777
0.06922
0.09282
0.14810
0.06601
0.13051
0.14091
0.30886
0.26271
0.12931
0.15352
0.27058
0.26336
0.17924
0.20601
0.17722
0.11614
0.09600
0.14466
0.16796
0.24942
0.09953
0.21801
0.22053
0.11509
0.19436
0.10063
0.28066
0.27786
0.10834
0.22514
0.26186
0.29995
0.04875
0.17033
0.10923
0.04694
0.13968
0.28435
0.27912
0.20336
0.24383
0.14403
0.09104
0.04408
0.22501
0.15826
0.31722
0.18603
0.32327
0.27896
0.24294
0.35806
0.11630
0.06367
0.14016
0.25611
0.30545
0.16965
0.09260
0.29507
0.09330
0.14467
0.21641
0.18689
0.20459
0.14346
0.09173
0.17330
0.13697
0.10835
0.21189
0.29822
0.13939
0.14479
0.15181
0.27839
0.02936
0.24574
0.09887
0.20586
0.13590
0.17674
0.24512
0.05253
0.07807
0.18090
0.21322
0.07636
0.27605
0.02318
0.09526
0.13490
0.31245
0.28257
0.14595
0.25260
0.10183
0.07405
0.30209
0.31793
0.11882
0.10518
0.09256
0.28247
0.26466
0.08005
0.15384
0.04178
0.30111
0.18692
0.11503
0.24969
0.14193
0.34824
0.19155
0.09345
0.17091
0.24934
0.11235
0.31875
0.32228
0.32250
0.11877
0.20298
0.16450
0.22219
0.25899
0.23472
0.28813
0.29991
0.08562
0.09975
0.29219
0.30950
0.05984
0.24052
0.04624
0.21894
0.20532
0.03346
0.11083
0.21516
0.06540
0.05305
0.17840
0.26791
0.09390
0.10730
0.21752
0.12838
0.14174
0.16132
0.21478
0.27212
0.27035
0.20359
0.12308
0.05106
0.06120
0.16475
0.13398
0.23538
0.19851
0.12182
0.08006
0.28697
0.21916
0.06069
0.22393
0.14673
0.06589
0.21397
0.09294
0.17675
0.25125
0.09957
0.26322
0.23454
0.11304
0.23995
0.24248
0.26369
0.11634
0.26845
0.21569
0.32739
0.16492
0.20379
0.09272
0.07942
0.12909
0.03081
0.15347
0.20474
0.14997
0.13300
0.25689
0.10489
0.25974
0.09256
0.08537
0.23727
0.11508
0.06760
0.10554
0.24189
0.06413
0.30896
0.13686
0.12888
0.14925
0.22315
0.10516
0.05189
0.13359
0.10811
0.10389
0.10839
0.12753
0.26846
0.14101
0.16517
0.24433
0.13069
0.08762
0.13931
0.24323
0.14271
0.19687
0.16461
0.19054
0.25000
0.27802
0.09850
0.14850
0.07899
0.07589
0.12437
0.09807
0.06881
0.34837
0.20403
0.09629
0.25049
0.17039
0.09986
0.14820
0.31164
0.14203
0.07987
0.30389
0.12442
0.21203
0.17510
0.15246
0.18155
0.07861
0.09027
0.18898
0.24749
0.17406
0.09895
0.17906
0.13392
0.13659
0.14718
0.31046
0.27007
0.29263
0.12931
0.13769
0.28655
0.29486
0.33544
0.03123
0.28677
0.10632
0.24627
0.12468
0.09392
0.10428
0.10317
0.11818
0.16696
0.26590
0.10972
0.06047
0.07744
0.27501
0.20616
0.23634
0.18172
0.24648
0.22469
0.12042
0.08128
0.26599
0.25604
0.36012
0.23643
0.29091
0.23701
0.24625
0.29267
0.29224
0.27737
0.04654
0.11420
0.11018
0.23255
0.03738
0.02623
0.22169
0.12163
0.21207
0.11904
0.19190
0.10833
0.29475
0.27680
0.25660
0.20392
0.34224
0.11869
0.12546
0.30617
0.12787
0.21515
0.06546
0.06825
0.22892
0.08122
0.23241
0.30319
0.04498
0.11900
0.12566
0.25408
0.11997
0.07078
0.04077
0.05539
0.05645
0.09926
0.21677
0.09105
0.27947
0.18921
0.21382
0.11235
0.20301
0.29485
0.21467
0.27477
0.36036
0.18292
0.28235
0.30392
0.30550
0.32421
0.28653
0.24155
0.35457
0.25534
0.21749
0.26053
0.22138
0.30475
0.17007
0.37814
0.33885
0.25342
0.25772
0.23950
0.24960
0.32597
0.28712
0.22913
0.32861
0.34638
0.22268
0.26795
0.32355
0.26097
0.24838
0.24725
0.28925
0.32147
0.26914
0.21348
0.35328
0.26364
0.25454
0.32097
0.17838
0.30851
0.35798
0.30156
0.30273
0.31772
0.29041
0.25137
0.29328
0.34038
0.21200
0.28538
0.32844
0.25412
0.28029
0.29890
0.19333
0.30892
0.25024
0.28455
0.32545
0.30171
0.27166
0.17827
0.28953
0.36632
0.10811
0.28110
0.20868
0.18320
0.19142
0.34241
0.28248
0.34101
0.17171
0.35556
0.26512
0.26112
0.36766
0.32867
0.29495
0.28426
0.23443
0.27298
0.17545
0.35806
0.29637
0.25250
0.17792
0.31633
0.17596
0.24316
0.30101
0.26074
0.35661
0.32603
0.21498
0.32583
0.32367
0.15528
0.17446
0.28364
0.18919
0.18377
0.17092
0.30263
0.34794
0.26211
0.27573
0.24005
0.29574
0.21849
0.30598
0.27994
0.29570
0.20129
0.28474
0.28756
0.20180
0.16744
0.33678
0.29898
0.18798
0.29546
0.32428
0.26535
0.34873
0.31454
0.21332
0.29591
0.21151
0.29266
0.31081
0.27778
0.25071
0.23679
0.17743
0.31850
0.19888
0.29715
0.21401
0.28622
0.32116
0.29741
0.18456
0.21348
0.28250
0.17967
0.29665
0.17618
0.23061
0.21843
0.21837
0.23557
0.31453
0.32306
0.33405
0.25435
0.21062
0.32768
0.21886
0.21388
0.22789
0.31331
0.31418
0.16212
0.17149
0.27805
0.28471
0.21557
0.13764
0.23314
0.26674
0.20585
0.20236
0.26082
0.31506
0.17992
0.23533
0.28040
0.26329
0.18997
0.28819
0.25586
0.24475
0.36930
0.18212
0.29995
0.21391
0.36686
0.32120
0.24812
0.26217
0.29707
0.25592
0.19669
0.29694
0.26977
0.26261
0.29224
0.27566
0.34433
0.23371
0.29116
0.20642
0.34286
0.24772
0.30541
0.23738
0.26730
0.27877
0.25455
0.20242
0.24298
0.23927
0.30632
0.20923
0.31343
0.23650
0.27111
0.31305
0.29808
0.28579
0.14425
0.21576
0.33669
0.33980
0.26565
0.28676
0.31579
0.27185
0.24002
0.21250
0.31669
0.28681
0.27696
0.25143
0.18239
0.30372
0.31219
0.24389
0.25340
0.25093
0.33820
0.28293
0.20159
0.18445
0.29745
0.29454
0.29623
0.28010
0.23629
0.35045
0.35220
0.14720
0.23472
0.32780
0.26490
0.27988
0.29004
0.34662
0.24022
0.20265
0.17850
0.25965
0.27959
0.36449
0.29337
0.27085
0.29182
0.23479
0.26868
0.31093
0.28666
0.17288
0.33911
0.22284
0.22430
0.34896
0.29312
0.26846
0.26058
0.25836
0.30239
0.35032
0.35033
0.24576
0.29067
0.21032
0.31414
0.31331
0.12434
0.27193
0.20292
0.24675
0.27913
0.23662
0.27946
0.25125
0.26603
0.23243
0.22626
0.25671
0.34204
0.28046
0.27223
0.18562
0.29963
0.25044
0.23815
0.22368
0.33242
0.29279
0.32018
0.26879
0.23457
0.28584
0.26712
0.23598
0.26440
0.16519
0.30919
0.27199
0.34180
0.28786
0.30513
0.35310
0.27594
0.24811
0.29715
0.14363
0.21334
0.29957
0.22716
0.31032
0.31134
0.27410
0.34010
0.38612
0.32156
0.33210
0.26956
0.30765
0.27706
0.36478
0.26076
0.26981
0.32227
0.33044
0.29577
0.33062
0.38959
0.22100
0.25709
0.28825
0.21875
0.32588
0.32047
0.24299
0.23587
0.34628
0.22615
0.27529
0.31608
0.27014
0.26189
0.26253
0.25496
0.27308
0.28897
0.32360
0.28580
0.24959
0.29580
0.27457
0.30580
0.28066
0.28527
0.11188
0.33467
0.32206
0.35908
0.32334
0.26749
0.38356
0.36810
0.28132
0.17418
0.30433
0.37764
0.26625
0.19239
0.30691
0.32041
0.21389
0.24172
0.30753
0.24615
0.26788
0.22728
0.33190
0.35006
0.36979
0.28334
0.30343
0.28209
0.37858
0.27075
0.31092
0.29457
0.30830
0.29275
0.15040
0.30393
0.43104
0.23958
0.39700
0.39528
0.18147
0.27987
0.35230
0.29990
0.27127
0.25236
0.27996
0.21242
0.27391
0.29301
0.27848
0.29945
0.37749
0.26916
0.28346
0.22014
0.22184
0.27295
0.36923
0.19656
0.07884
0.31852
0.12757
0.18565
0.40438
0.14455
0.27957
0.20819
0.27122
0.22895
0.40590
0.16692
0.32207
0.38617
0.22273
0.15626
0.25704
0.25268
0.17115
0.34819
0.17465
0.33365
0.33368
0.25729
0.24194
0.24148
0.31147
0.27567
0.19548
0.34135
0.40691
0.29091
0.26982
0.35973
0.37072
0.21761
0.23368
0.27669
0.36068
0.21033
0.18978
0.25269
0.33312
0.27870
0.24116
0.27263
0.29350
0.35385
0.15888
0.28004
0.34140
0.27627
0.28732
0.25001
0.34987
0.26636
0.27278
0.26876
0.30865
0.33071
0.26840
0.28368
0.23474
0.30462
0.23559
0.25286
0.30500
0.27729
0.23634
0.28839
0.14493
0.33694
0.21413
0.05498
0.10930
0.26238
0.24304
0.30821
0.21017
0.25054
0.36166
0.19562
0.04480
0.22613
0.04331
0.27341
0.28066
0.17165
0.30999
0.04858
0.11712
0.18561
0.25898
0.10046
0.10496
0.25956
0.25955
0.19135
0.21223
0.30018
0.08470
0.32944
0.24173
0.12158
0.07375
0.12881
0.30231
0.20139
0.24915
0.21896
0.33493
0.06522
0.05302
0.07830
0.03537
0.26526
0.12891
0.15256
0.13167
0.33382
0.15537
0.25324
0.22847
0.06947
0.29482
0.05383
0.11057
0.27485
0.17742
0.25199
0.06218
0.07530
0.19649
0.20935
0.31138
0.22952
0.03985
0.04635
0.16479
0.21271
0.19922
0.19327
0.10783
0.23264
0.17289
0.08434
0.29527
0.27605
0.08129
0.14638
0.17235
0.06818
0.07294
0.27537
0.18741
0.20253
0.22079
0.28215
0.20112
0.35208
0.21064
0.28205
0.11319
0.21135
0.24650
0.03858
0.27186
0.12567
0.08227
0.18226
0.26165
0.27456
0.24846
0.07565
0.06195
0.10192
0.23835
0.20201
0.22580
0.05907
0.18758
0.34765
0.14847
0.20826
0.08543
0.02527
0.05766
0.14860
0.03973
0.06661
0.22168
0.26739
0.07490
0.10945
0.10721
0.05008
0.10093
0.28358
