0.11465
0.10014
0.05784
0.25610
0.06221
0.12153
0.21687
0.16739
0.15770
0.06466
0.17728
0.13538
0.11793
0.11285
0.14068
0.24404
0.13781
0.11576
0.08422
0.13258
0.28551
0.19066
0.13137
0.07964
0.20396
0.15315
0.16938
0.27024
0.07237
0.14731
0.14669
0.19893
0.13282
0.10453
0.16025
0.09309
0.10872
0.12665
0.10715
0.14388
0.30324
0.26864
0.07550
0.14467
0.30307
0.21010
0.15974
0.22990
0.17878
0.14399
0.09482
0.13466
0.14694
0.31156
0.08899
0.24513
0.17714
0.11666
0.10347
0.08394
0.29499
0.29362
0.15185
0.19533
0.29875
0.31167
0.02519
0.20463
0.08973
0.04047
0.15951
0.32290
0.30483
0.19859
0.23471
0.12369
0.11630
0.03072
0.19744
0.17211
0.30733
0.13114
0.33582
0.28489
0.22253
0.35301
0.09595
0.07155
0.11128
0.25398
0.31502
0.18964
0.05981
0.26697
0.05767
0.15011
0.23735
0.22800
0.17809
0.14151
0.09182
0.17912
0.11087
0.13333
0.24137
0.30613
0.13116
0.17580
0.12804
0.28569
0.02554
0.26383
0.06557
0.22911
0.11814
0.12816
0.27439
0.06208
0.06084
0.21907
0.23294
0.08111
0.28555
0.03619
0.08775
0.11020
0.31766
0.28547
0.15416
0.24875
0.08237
0.12720
0.26699
0.32188
0.09800
0.13733
0.09688
0.28470
0.28923
0.02206
0.13912
0.03137
0.30440
0.15728
0.14395
0.29171
0.10022
0.35245
0.18598
0.08526
0.17278
0.26150
0.10604
0.30498
0.30000
0.30519
0.09202
0.12354
0.15905
0.21835
0.24548
0.20515
0.27763
0.31799
0.08416
0.09319
0.23025
0.25563
0.06804
0.25961
0.02892
0.21864
0.21839
0.02977
0.07999
0.18527
0.05037
0.08947
0.15662
0.27053
0.06138
0.10656
0.15001
0.16442
0.06160
0.17404
0.21512
0.25815
0.24924
0.20919
0.13167
0.08512
0.03796
0.09455
0.12694
0.25907
0.16205
0.16434
0.09754
0.24578
0.19681
0.07382
0.18242
0.11985
0.03877
0.18910
0.09840
0.19017
0.27002
0.06157
0.22922
0.22796
0.10755
0.25152
0.26801
0.24056
0.12975
0.24660
0.21572
0.31993
0.09723
0.23246
0.14374
0.05225
0.08531
0.04861
0.15450
0.18550
0.14451
0.05421
0.26186
0.09085
0.24066
0.13252
0.05689
0.24523
0.11549
0.03118
0.10192
0.26557
0.06025
0.28367
0.12507
0.11183
0.15432
0.23552
0.11056
0.02427
0.09945
0.09787
0.10929
0.08322
0.11500
0.20270
0.12239
0.16357
0.20217
0.11516
0.02941
0.13071
0.19621
0.14224
0.21547
0.14944
0.13780
0.27437
0.27786
0.09195
0.14541
0.04305
0.09748
0.11745
0.05778
0.04403
0.36350
0.16396
0.06562
0.19089
0.18091
0.09093
0.10438
0.32030
0.15330
0.08389
0.32038
0.12301
0.18146
0.17422
0.19984
0.11484
0.10732
0.05467
0.18666
0.24195
0.15081
0.10871
0.18323
0.19730
0.18768
0.13404
0.33144
0.27287
0.26857
0.17493
0.11888
0.30634
0.28758
0.32795
0.01762
0.28847
0.15233
0.27783
0.13595
0.07838
0.14702
0.11467
0.10707
0.19664
0.24607
0.06515
0.06271
0.14584
0.24225
0.17480
0.21545
0.15246
0.19754
0.26815
0.09160
0.08155
0.23531
0.28515
0.36878
0.23056
0.34271
0.20621
0.26094
0.28135
0.27857
0.28237
0.08207
0.05761
0.11974
0.23472
0.05186
0.05319
0.19672
0.10866
0.23650
0.10718
0.17328
0.11638
0.26354
0.27956
0.24504
0.20847
0.29877
0.14147
0.13851
0.30697
0.04790
0.18579
0.07535
0.06286
0.21672
0.08027
0.24465
0.34167
0.06707
0.07806
0.15565
0.27675
0.10941
0.05999
0.09080
0.07104
0.06785
0.08183
0.21274
0.08838
0.29502
0.13545
0.14111
0.08860
0.20633
0.29146
0.17885
0.27224
0.34886
0.17426
0.29710
0.30573
0.27526
0.31892
0.26768
0.25133
0.33789
0.24542
0.22576
0.22379
0.21645
0.30747
0.21036
0.35658
0.33554
0.26602
0.22439
0.25535
0.25192
0.37302
0.31940
0.25642
0.31690
0.31299
0.26309
0.27720
0.30158
0.27220
0.25623
0.24165
0.29025
0.31908
0.23454
0.22104
0.33306
0.27327
0.20309
0.31154
0.19513
0.31309
0.34246
0.28343
0.28591
0.33144
0.29847
0.23059
0.25932
0.34119
0.24766
0.26382
0.32760
0.24764
0.27219
0.30135
0.17251
0.32980
0.27517
0.27934
0.29230
0.26837
0.28715
0.18742
0.26115
0.34506
0.14291
0.26193
0.19396
0.18377
0.19683
0.37653
0.31582
0.33816
0.16698
0.33828
0.27392
0.27568
0.37682
0.31741
0.32042
0.25948
0.25126
0.26942
0.19937
0.35973
0.31146
0.26238
0.17552
0.31303
0.21297
0.26391
0.27610
0.24719
0.33941
0.34118
0.19408
0.31729
0.34068
0.18376
0.16603
0.29081
0.21730
0.22160
0.15958
0.30686
0.34226
0.30088
0.29367
0.25093
0.31187
0.20408
0.29804
0.26260
0.29230
0.22170
0.26841
0.30783
0.23105
0.17394
0.35492
0.27978
0.23074
0.33693
0.30901
0.25958
0.36122
0.30764
0.22814
0.27548
0.23168
0.27725
0.29287
0.27573
0.27550
0.24040
0.16461
0.30534
0.24975
0.31946
0.20727
0.27754
0.32391
0.26009
0.21780
0.23910
0.28768
0.22925
0.25081
0.20285
0.20726
0.24831
0.24325
0.24107
0.30891
0.28379
0.30824
0.27750
0.20333
0.31163
0.22257
0.20110
0.19696
0.28297
0.31396
0.17823
0.19314
0.27624
0.30175
0.19331
0.16283
0.23299
0.25433
0.17273
0.25270
0.28997
0.32865
0.18141
0.25473
0.26935
0.30373
0.17249
0.29630
0.28976
0.24446
0.37604
0.20979
0.29783
0.22211
0.34515
0.31917
0.24880
0.27210
0.26896
0.26083
0.21016
0.32143
0.25786
0.27407
0.28969
0.26707
0.33214
0.23525
0.30429
0.25404
0.33455
0.25238
0.26118
0.23676
0.23764
0.25978
0.27997
0.24507
0.25196
0.24731
0.29525
0.21281
0.31637
0.24165
0.27105
0.30319
0.27094
0.27924
0.16413
0.23073
0.33114
0.33401
0.26589
0.27663
0.29228
0.25434
0.25370
0.20167
0.27966
0.28507
0.28698
0.25356
0.21496
0.31237
0.29673
0.26647
0.28929
0.23963
0.32836
0.29240
0.19413
0.22905
0.29606
0.28128
0.28156
0.25737
0.24323
0.34012
0.36816
0.15466
0.23752
0.31568
0.27392
0.27875
0.30486
0.32628
0.25303
0.21983
0.20687
0.24730
0.30716
0.34173
0.30547
0.30827
0.30364
0.22901
0.25122
0.31006
0.27735
0.17778
0.33134
0.19913
0.23551
0.31623
0.30133
0.24286
0.24551
0.25832
0.26354
0.35988
0.33758
0.26063
0.27137
0.21666
0.30572
0.29276
0.13791
0.25117
0.21236
0.23951
0.31427
0.24773
0.24362
0.25080
0.30184
0.23735
0.21434
0.23434
0.34183
0.28197
0.30185
0.20898
0.30447
0.24427
0.20534
0.21971
0.30570
0.29805
0.34672
0.26677
0.25519
0.31151
0.26975
0.23452
0.27655
0.20174
0.30862
0.25294
0.32696
0.29140
0.29400
0.32740
0.25340
0.25571
0.33022
0.18493
0.22109
0.29658
0.23639
0.28102
0.26783
0.30790
0.33357
0.37250
0.29842
0.31102
0.26895
0.30762
0.30630
0.36075
0.26033
0.27678
0.31101
0.32020
0.30935
0.33022
0.38393
0.24396
0.23576
0.31603
0.23374
0.30321
0.32359
0.23164
0.26445
0.32208
0.22860
0.28674
0.31296
0.27946
0.24473
0.26854
0.26114
0.28809
0.25071
0.33594
0.30080
0.25091
0.30348
0.25933
0.32266
0.30126
0.29130
0.15637
0.33165
0.32416
0.35047
0.30955
0.30441
0.39829
0.39968
0.27633
0.20638
0.32379
0.36353
0.28891
0.21807
0.31404
0.34018
0.23725
0.21234
0.32644
0.24893
0.28565
0.24186
0.33403
0.36089
0.43626
0.31988
0.29626
0.23690
0.39607
0.33101
0.28335
0.29287
0.36726
0.26599
0.19998
0.31820
0.46676
0.24366
0.42656
0.41341
0.22737
0.27960
0.35707
0.31691
0.28894
0.24655
0.25980
0.18550
0.28829
0.29805
0.30240
0.30786
0.37411
0.27341
0.27311
0.24481
0.20744
0.28281
0.37220
0.25052
0.13116
0.35697
0.17529
0.22793
0.41126
0.15793
0.24048
0.22704
0.25966
0.24596
0.45940
0.19263
0.34329
0.40398
0.27580
0.23397
0.26589
0.27829
0.23202
0.36958
0.20147
0.36987
0.35049
0.24792
0.22459
0.25402
0.34299
0.29072
0.19843
0.34851
0.42584
0.32886
0.31532
0.37338
0.37892
0.20893
0.29518
0.28537
0.40473
0.17903
0.22132
0.25883
0.34347
0.28058
0.25913
0.26278
0.31238
0.38418
0.24984
0.29391
0.32822
0.31728
0.29311
0.26487
0.38081
0.29330
0.26397
0.28389
0.30739
0.35210
0.27935
0.31200
0.25083
0.34081
0.26669
0.22778
0.29640
0.28661
0.25576
0.32580
0.20179
0.33142
0.21942
0.01188
0.19639
0.19145
0.25314
0.23855
0.22182
0.24304
0.32951
0.20657
0.05918
0.13581
0.04584
0.27287
0.24464
0.16177
0.29151
0.03310
0.12283
0.18868
0.16820
0.05309
0.08308
0.18699
0.25404
0.14601
0.21453
0.27615
0.06892
0.27716
0.25014
0.05707
0.06241
0.10476
0.27254
0.11798
0.13194
0.16989
0.31083
0.06794
0.02640
0.05681
0.08714
0.25705
0.08262
0.11448
0.16292
0.21780
0.13844
0.29272
0.22404
0.03050
0.27064
0.10578
0.02803
0.26071
0.18563
0.21064
0.04427
0.09846
0.20094
0.21088
0.24490
0.27956
0.02360
0.07414
0.17167
0.20115
0.13864
0.19915
0.10399
0.21675
0.14966
0.11009
0.23980
0.27576
0.07105
0.10470
0.12817
0.06114
0.05468
0.19005
0.07959
0.21092
0.21853
0.26376
0.20128
0.32813
0.22869
0.20999
0.25540
0.16276
0.15429
0.04102
0.23188
0.08797
0.07405
0.19182
0.23410
0.25255
0.24468
0.05991
0.03241
0.12631
0.19323
0.21293
0.30690
0.07672
0.19763
0.25354
0.13291
0.22028
0.08143
0.04520
0.04632
0.21096
0.05272
0.06699
0.24361
0.27777
0.09544
0.06693
0.03259
0.06183
0.06842
0.25813
