0.16683
0.09741
0.03599
0.23590
0.08818
0.13107
0.23910
0.13736
0.17804
0.06272
0.19410
0.12157
0.14147
0.12429
0.13819
0.22703
0.13198
0.09647
0.06483
0.13704
0.27751
0.12758
0.13976
0.08049
0.19778
0.14013
0.12429
0.26678
0.11317
0.16711
0.15657
0.29042
0.14008
0.10413
0.08365
0.09181
0.11421
0.07865
0.10319
0.17758
0.31175
0.24986
0.11196
0.14747
0.29533
0.21532
0.16288
0.26225
0.19443
0.14640
0.09340
0.15042
0.16069
0.32209
0.09993
0.25440
0.21368
0.10672
0.11108
0.12544
0.28531
0.25160
0.15708
0.22511
0.26045
0.29751
0.04596
0.19229
0.10570
0.06505
0.13753
0.30041
0.32044
0.18416
0.26239
0.10376
0.09517
0.04074
0.23277
0.16530
0.29888
0.21528
0.29792
0.27378
0.28099
0.37196
0.09125
0.08911
0.15165
0.25671
0.30735
0.15763
0.06207
0.25400
0.05557
0.15613
0.21107
0.21295
0.21745
0.16800
0.09224
0.17435
0.12638
0.14057
0.24186
0.30240
0.12420
0.18093
0.18348
0.28915
0.02648
0.25230
0.08513
0.24398
0.11808
0.14386
0.26894
0.06170
0.04945
0.16915
0.27328
0.08801
0.28449
0.03531
0.08789
0.15143
0.34261
0.27517
0.19866
0.24714
0.08706
0.14141
0.30447
0.32814
0.09788
0.15868
0.06904
0.29060
0.25973
0.07140
0.15906
0.04790
0.30801
0.18490
0.10512
0.27866
0.09377
0.35020
0.17772
0.09009
0.17605
0.22559
0.12027
0.31336
0.31232
0.32983
0.10723
0.16537
0.13942
0.22432
0.27290
0.29683
0.30114
0.33935
0.08893
0.12820
0.33633
0.28193
0.08364
0.25345
0.07627
0.23620
0.24271
0.02560
0.10587
0.23565
0.07231
0.11834
0.14949
0.25352
0.10882
0.10920
0.24295
0.15392
0.09480
0.21796
0.21355
0.24098
0.27711
0.17532
0.13574
0.06163
0.04719
0.11905
0.07489
0.23883
0.25282
0.13279
0.13799
0.28134
0.22491
0.11855
0.18769
0.16473
0.10369
0.23920
0.09102
0.17877
0.24662
0.13982
0.27796
0.23573
0.08347
0.26021
0.26566
0.23772
0.11345
0.27221
0.24007
0.31814
0.13194
0.20770
0.10189
0.06625
0.10519
0.06201
0.20048
0.19193
0.14733
0.05270
0.25021
0.06988
0.21019
0.10193
0.05929
0.26419
0.13156
0.05484
0.10468
0.27195
0.07210
0.28429
0.07889
0.11360
0.14872
0.21544
0.12279
0.04836
0.12060
0.10851
0.12443
0.10150
0.10659
0.23279
0.15941
0.14083
0.19148
0.06441
0.07466
0.13492
0.25984
0.15920
0.21341
0.17150
0.16438
0.27429
0.26033
0.09221
0.18755
0.10140
0.10466
0.11479
0.07008
0.04778
0.38364
0.17492
0.07586
0.22699
0.11909
0.06145
0.16003
0.32401
0.15037
0.07262
0.29600
0.11736
0.20404
0.16619
0.18566
0.12984
0.08863
0.08878
0.17589
0.22274
0.16811
0.09922
0.19345
0.18166
0.16526
0.15720
0.33387
0.26343
0.23372
0.11888
0.09373
0.28649
0.32894
0.30181
0.04271
0.26966
0.10215
0.32353
0.12597
0.07823
0.11373
0.09760
0.10785
0.20099
0.22209
0.08207
0.06879
0.07163
0.29089
0.16241
0.24557
0.17490
0.23034
0.25183
0.14846
0.06818
0.28934
0.31090
0.37333
0.25583
0.32606
0.24119
0.26077
0.28854
0.25963
0.25412
0.05383
0.09457
0.15370
0.21069
0.05214
0.07059
0.23571
0.13688
0.21939
0.11746
0.15972
0.09436
0.28216
0.27303
0.24116
0.19327
0.29488
0.14132
0.14453
0.29920
0.07282
0.23497
0.07300
0.06181
0.21431
0.09332
0.25120
0.33336
0.05668
0.06532
0.13069
0.26029
0.11042
0.06194
0.10909
0.08610
0.06425
0.07609
0.21743
0.06740
0.30529
0.15759
0.18044
0.12698
0.16385
0.27172
0.24050
0.27698
0.32360
0.18729
0.22992
0.30705
0.30384
0.32203
0.28465
0.25710
0.32107
0.27412
0.24704
0.25436
0.22240
0.28397
0.18742
0.35327
0.28248
0.26655
0.25912
0.25906
0.26173
0.36024
0.29555
0.24138
0.28348
0.31573
0.23164
0.25420
0.30385
0.27710
0.24281
0.26624
0.28928
0.28925
0.27515
0.22957
0.32269
0.26617
0.24724
0.33130
0.21213
0.30529
0.32481
0.30509
0.31322
0.29186
0.29045
0.24011
0.29370
0.31492
0.22673
0.31469
0.28836
0.25247
0.29281
0.33101
0.20834
0.30340
0.26935
0.26869
0.29165
0.27097
0.26607
0.17780
0.26459
0.34762
0.15409
0.28945
0.24004
0.21916
0.21631
0.36880
0.31449
0.28421
0.17058
0.32389
0.27698
0.28766
0.34308
0.26168
0.29512
0.29003
0.24297
0.29839
0.18833
0.33055
0.27871
0.24038
0.20653
0.34555
0.21430
0.26867
0.28110
0.27539
0.32942
0.26455
0.22808
0.29526
0.26034
0.17578
0.19700
0.30188
0.17525
0.19549
0.15595
0.28929
0.29607
0.28028
0.26258
0.24455
0.29291
0.20575
0.28589
0.28155
0.28914
0.23227
0.28212
0.27921
0.20364
0.17949
0.35280
0.29185
0.20896
0.29751
0.29903
0.26107
0.36047
0.27910
0.25182
0.29754
0.19717
0.27921
0.31689
0.29851
0.26063
0.24360
0.17783
0.31863
0.22022
0.29718
0.23157
0.28305
0.30517
0.26691
0.18592
0.24626
0.28561
0.20389
0.29538
0.19203
0.24809
0.22652
0.23627
0.22181
0.31570
0.30624
0.29980
0.23911
0.24863
0.29957
0.23828
0.24412
0.24489
0.27194
0.31329
0.16915
0.19023
0.29754
0.27542
0.23373
0.16775
0.22480
0.24298
0.26037
0.26128
0.24999
0.30691
0.17564
0.25889
0.25885
0.28551
0.21003
0.30090
0.27595
0.26170
0.37887
0.20136
0.29780
0.23362
0.33527
0.29956
0.27289
0.27282
0.28978
0.27063
0.20133
0.31182
0.27911
0.27760
0.26462
0.25229
0.31773
0.23318
0.26158
0.24416
0.32518
0.23453
0.30160
0.24105
0.26339
0.26372
0.27653
0.23127
0.25341
0.26265
0.31062
0.21467
0.30522
0.24280
0.26730
0.26640
0.24534
0.28944
0.15931
0.23949
0.30809
0.28785
0.27048
0.29148
0.32244
0.28250
0.25260
0.26470
0.29192
0.29392
0.26444
0.25417
0.18665
0.29115
0.27756
0.27057
0.26968
0.22811
0.30884
0.28876
0.21369
0.21208
0.27080
0.28313
0.29516
0.26985
0.25997
0.32917
0.31821
0.15562
0.24840
0.29103
0.28739
0.27489
0.30775
0.31749
0.24300
0.20687
0.18835
0.26491
0.27913
0.34407
0.29155
0.30002
0.28739
0.22669
0.26136
0.26843
0.24721
0.19110
0.30966
0.23100
0.25236
0.32540
0.30812
0.27366
0.23820
0.27942
0.27806
0.32563
0.32196
0.25865
0.25689
0.20194
0.30026
0.30845
0.13950
0.27560
0.18475
0.25513
0.28561
0.25252
0.29544
0.23591
0.27167
0.21981
0.25243
0.25589
0.30996
0.30293
0.25955
0.20910
0.25676
0.26154
0.25249
0.22579
0.30235
0.24997
0.34466
0.27447
0.27640
0.28420
0.28187
0.26358
0.26969
0.19554
0.31408
0.28618
0.32260
0.25764
0.27340
0.31958
0.26794
0.26578
0.29234
0.19363
0.21965
0.28444
0.23305
0.30730
0.29925
0.28575
0.30971
0.35934
0.26412
0.31004
0.26097
0.26802
0.29171
0.33878
0.26873
0.29322
0.29206
0.29937
0.28909
0.30662
0.36434
0.23304
0.24532
0.31881
0.24341
0.30515
0.32136
0.24913
0.24331
0.32104
0.24503
0.27600
0.27785
0.29107
0.25912
0.25052
0.25820
0.25263
0.27335
0.30730
0.29770
0.25308
0.28693
0.28085
0.29765
0.28332
0.27866
0.15289
0.30114
0.31569
0.34372
0.30699
0.29983
0.40188
0.40832
0.26266
0.17699
0.30653
0.39458
0.27524
0.19993
0.30329
0.33729
0.22640
0.25631
0.32169
0.23555
0.25942
0.25004
0.32704
0.34727
0.39311
0.30023
0.31384
0.27473
0.38399
0.28834
0.27884
0.31018
0.35615
0.29557
0.16422
0.30826
0.43344
0.22885
0.38906
0.41321
0.17723
0.29419
0.34577
0.32451
0.29301
0.24230
0.28954
0.23685
0.27726
0.30593
0.28489
0.27898
0.35323
0.28996
0.29125
0.23397
0.19100
0.25742
0.38830
0.21629
0.14063
0.33140
0.17831
0.17980
0.39194
0.14188
0.24150
0.20256
0.29667
0.24824
0.44373
0.19402
0.32799
0.37484
0.23564
0.22051
0.26604
0.24933
0.20889
0.34498
0.18700
0.36118
0.32918
0.26726
0.25837
0.24468
0.33167
0.28701
0.17989
0.32183
0.41741
0.31885
0.28443
0.36334
0.36781
0.21961
0.25742
0.27535
0.37752
0.16493
0.21482
0.23495
0.32608
0.27317
0.24396
0.26354
0.30831
0.36829
0.21821
0.29985
0.33474
0.30772
0.29327
0.26020
0.38147
0.28756
0.24169
0.26815
0.31235
0.33050
0.26765
0.31147
0.24192
0.33428
0.26447
0.25405
0.28643
0.29589
0.24927
0.27559
0.19918
0.32517
0.20794
0.10570
0.13230
0.14065
0.26453
0.31609
0.19661
0.26287
0.33484
0.16235
0.05497
0.21897
0.08787
0.34275
0.24537
0.15880
0.26512
0.03472
0.08628
0.21908
0.22759
0.09892
0.11611
0.21010
0.26277
0.20793
0.21709
0.29581
0.05613
0.30491
0.23019
0.05877
0.07937
0.05266
0.26457
0.18351
0.26901
0.20238
0.30049
0.06862
0.09078
0.02707
0.09757
0.22672
0.09765
0.20083
0.16015
0.31515
0.11084
0.26612
0.20710
0.08213
0.24808
0.11900
0.03878
0.25445
0.16598
0.18852
0.06308
0.03557
0.19690
0.19531
0.28858
0.25250
0.07528
0.07236
0.19749
0.20342
0.12106
0.24245
0.14278
0.28768
0.18490
0.16407
0.25719
0.26396
0.09281
0.18715
0.10932
0.11888
0.03944
0.23233
0.12560
0.17306
0.20796
0.25421
0.20619
0.32687
0.23518
0.24940
0.16281
0.22666
0.15223
0.04634
0.27956
0.06532
0.07184
0.21624
0.26203
0.30332
0.27105
0.09407
0.09612
0.12548
0.22434
0.23513
0.26033
0.10891
0.16647
0.29640
0.20467
0.22432
0.12627
0.04276
0.07899
0.15839
0.08444
0.12574
0.28342
0.28021
0.08664
0.11270
0.02105
0.09740
0.07743
0.23334
