0.09972
0.10774
0.06893
0.24424
0.07256
0.12887
0.16935
0.14685
0.18031
0.04553
0.19677
0.11592
0.14072
0.11668
0.03233
0.20850
0.11168
0.13126
0.07929
0.15999
0.28450
0.15965
0.12288
0.09063
0.15698
0.15806
0.13803
0.24440
0.10350
0.18839
0.11655
0.20120
0.16533
0.10299
0.11817
0.09680
0.13514
0.08491
0.13790
0.13427
0.30177
0.24207
0.11172
0.10374
0.29732
0.26343
0.14560
0.21778
0.16685
0.18652
0.09968
0.15257
0.17543
0.30127
0.09496
0.26277
0.22124
0.12072
0.11751
0.06517
0.28687
0.29000
0.11880
0.23012
0.27199
0.30064
0.04387
0.15844
0.13567
0.04634
0.11754
0.29830
0.34648
0.21672
0.25111
0.14521
0.10153
0.05510
0.21793
0.13482
0.27926
0.22382
0.29340
0.26793
0.25207
0.35401
0.09607
0.09522
0.12265
0.22805
0.28932
0.19786
0.07592
0.26860
0.06398
0.11940
0.20931
0.21143
0.19923
0.17175
0.09259
0.15844
0.16991
0.10813
0.20991
0.29031
0.16632
0.19849
0.18821
0.28895
0.03827
0.23292
0.08316
0.23525
0.13129
0.18279
0.27607
0.07743
0.07719
0.16184
0.21419
0.08945
0.27110
0.03304
0.09472
0.17572
0.32349
0.27702
0.21792
0.24103
0.07366
0.14761
0.28096
0.32282
0.10368
0.22294
0.06099
0.26794
0.24781
0.03450
0.15488
0.03921
0.25299
0.18967
0.14577
0.28380
0.08939
0.33484
0.16927
0.09450
0.22684
0.22649
0.11786
0.28996
0.27998
0.29109
0.11029
0.11075
0.14063
0.23860
0.30147
0.26257
0.24822
0.31826
0.08958
0.08383
0.32604
0.27919
0.07420
0.29154
0.06853
0.21036
0.24247
0.03240
0.08024
0.21894
0.04084
0.06985
0.14539
0.23797
0.09018
0.11029
0.23893
0.14583
0.09997
0.16099
0.21784
0.21869
0.24581
0.21140
0.13610
0.09203
0.07049
0.13151
0.16125
0.23213
0.20838
0.17620
0.09585
0.28822
0.22601
0.05004
0.15935
0.14978
0.05244
0.24226
0.14841
0.18102
0.25659
0.13804
0.19241
0.20434
0.08035
0.25794
0.26453
0.24961
0.11289
0.28665
0.18622
0.30458
0.08869
0.20438
0.12610
0.06468
0.06486
0.10261
0.20959
0.21791
0.15910
0.03706
0.28000
0.11795
0.26772
0.12461
0.06291
0.28871
0.11154
0.05468
0.09751
0.28165
0.08176
0.30763
0.09491
0.11003
0.19243
0.17441
0.11624
0.06567
0.09472
0.11335
0.12283
0.11887
0.08408
0.26335
0.11934
0.17291
0.17232
0.05550
0.05923
0.14191
0.13282
0.15308
0.19586
0.19056
0.16111
0.24694
0.23542
0.09490
0.15564
0.13551
0.14738
0.12817
0.07876
0.04531
0.35104
0.14493
0.07203
0.21236
0.16625
0.07895
0.16152
0.32759
0.12996
0.12373
0.26517
0.11422
0.20546
0.17205
0.19277
0.14819
0.09303
0.04187
0.18892
0.20387
0.15201
0.10549
0.22545
0.16552
0.17812
0.15945
0.30807
0.27340
0.21984
0.15657
0.13965
0.30344
0.32044
0.31000
0.04270
0.25828
0.13092
0.28569
0.13805
0.07914
0.15036
0.13381
0.10960
0.25465
0.24108
0.08417
0.08165
0.07605
0.27234
0.20894
0.22707
0.15448
0.23699
0.25269
0.14176
0.06855
0.21880
0.29708
0.32943
0.24924
0.29721
0.21824
0.23438
0.28992
0.28009
0.28629
0.05944
0.06761
0.12905
0.22097
0.05118
0.09705
0.20606
0.12466
0.20476
0.08530
0.17127
0.18441
0.28289
0.25554
0.26761
0.17681
0.29352
0.12741
0.16045
0.27899
0.07731
0.16249
0.05239
0.08724
0.23133
0.06345
0.21267
0.33154
0.07982
0.07214
0.15663
0.26561
0.09858
0.04057
0.04235
0.05128
0.07331
0.10107
0.17763
0.06910
0.25220
0.12812
0.20682
0.05601
0.19855
0.30633
0.20846
0.24689
0.37865
0.19145
0.31686
0.31166
0.27597
0.30855
0.27766
0.23668
0.37150
0.25549
0.25804
0.25125
0.23285
0.28679
0.20759
0.38900
0.33530
0.26688
0.23753
0.24528
0.23745
0.35911
0.27870
0.22082
0.31326
0.34723
0.21088
0.25409
0.33833
0.27351
0.22711
0.25057
0.27729
0.32405
0.22954
0.22178
0.37258
0.25968
0.22254
0.33027
0.20864
0.29099
0.38078
0.30801
0.29176
0.31005
0.28514
0.23743
0.30971
0.34417
0.20169
0.28096
0.32724
0.23363
0.26520
0.30283
0.20990
0.31276
0.27191
0.28710
0.31851
0.30909
0.25807
0.19757
0.29956
0.36246
0.16498
0.28392
0.19329
0.18865
0.21181
0.36457
0.30260
0.32251
0.18064
0.35395
0.28162
0.28629
0.38297
0.31645
0.28424
0.28857
0.24613
0.28460
0.17978
0.37488
0.28606
0.24829
0.19168
0.31872
0.21393
0.26757
0.28447
0.26355
0.35926
0.32999
0.21230
0.35300
0.32668
0.18173
0.21092
0.28259
0.20812
0.18859
0.16804
0.29499
0.35655
0.28223
0.26625
0.24974
0.28552
0.22362
0.30179
0.25220
0.27706
0.20682
0.28528
0.29237
0.24832
0.16715
0.34530
0.29926
0.19312
0.29274
0.31736
0.27207
0.35458
0.32855
0.24898
0.25662
0.20535
0.28917
0.30675
0.29550
0.26904
0.23788
0.18571
0.30200
0.23954
0.29379
0.24037
0.26108
0.31933
0.30555
0.21862
0.21773
0.28457
0.22290
0.28967
0.19231
0.24790
0.25896
0.23082
0.18842
0.29312
0.32827
0.33549
0.23513
0.19507
0.32822
0.21101
0.17654
0.20321
0.31887
0.31944
0.16722
0.20180
0.27481
0.27702
0.17779
0.18833
0.24290
0.26519
0.22431
0.26772
0.25763
0.30981
0.17421
0.23619
0.26372
0.27655
0.18763
0.28583
0.28417
0.26790
0.35772
0.22104
0.29923
0.24817
0.38396
0.32592
0.23552
0.26914
0.28260
0.27103
0.20065
0.30430
0.29797
0.25594
0.29381
0.29266
0.36158
0.24360
0.29464
0.24669
0.35702
0.22910
0.27230
0.23979
0.25413
0.26847
0.28256
0.23853
0.23992
0.27138
0.30409
0.22368
0.30672
0.25566
0.24918
0.31397
0.30459
0.32523
0.16752
0.21755
0.33342
0.34395
0.24427
0.28053
0.29896
0.24643
0.22890
0.20607
0.28746
0.28744
0.23244
0.25479
0.19958
0.29927
0.31082
0.26541
0.26759
0.23566
0.35017
0.28919
0.19397
0.21113
0.28590
0.28959
0.29549
0.27765
0.25347
0.37051
0.35814
0.16799
0.25451
0.32266
0.28080
0.25991
0.29984
0.34511
0.24571
0.22447
0.21037
0.24926
0.25475
0.37695
0.30803
0.30840
0.28297
0.24995
0.27343
0.31168
0.29034
0.19669
0.34247
0.23786
0.23902
0.36032
0.31497
0.21322
0.26550
0.25601
0.28342
0.32477
0.33245
0.26501
0.28285
0.22957
0.30913
0.34106
0.15288
0.26293
0.21597
0.22022
0.25721
0.25961
0.26912
0.24097
0.26385
0.23703
0.22230
0.26865
0.35203
0.25099
0.25074
0.21648
0.31373
0.23991
0.22430
0.17538
0.34080
0.27809
0.33527
0.27849
0.21766
0.28308
0.28191
0.23234
0.27295
0.19292
0.35510
0.27114
0.34224
0.29609
0.30112
0.35794
0.27748
0.26000
0.28560
0.19714
0.18213
0.27126
0.21526
0.29109
0.30647
0.28164
0.31315
0.39012
0.31764
0.35039
0.26753
0.30181
0.27989
0.37546
0.24282
0.27094
0.34033
0.32885
0.27164
0.33306
0.39898
0.25439
0.26265
0.36555
0.24251
0.32355
0.31813
0.26120
0.23863
0.36199
0.22217
0.27982
0.33371
0.27138
0.22943
0.24955
0.25491
0.27976
0.30863
0.31386
0.29415
0.24201
0.30605
0.27157
0.28079
0.27325
0.28486
0.14886
0.33815
0.31910
0.37210
0.31080
0.30087
0.39928
0.41049
0.29191
0.18692
0.30971
0.40195
0.28453
0.20902
0.29715
0.35036
0.26154
0.24125
0.32867
0.25737
0.26177
0.25036
0.31340
0.35654
0.41896
0.28937
0.31835
0.24216
0.38305
0.31119
0.31784
0.29708
0.33604
0.26071
0.19151
0.33756
0.42849
0.23817
0.40140
0.40834
0.23050
0.28025
0.36382
0.31255
0.29068
0.23378
0.27958
0.23628
0.28911
0.30481
0.28082
0.32336
0.37431
0.29410
0.26931
0.24935
0.18924
0.27548
0.39559
0.21613
0.15396
0.34821
0.17031
0.19879
0.39400
0.15678
0.26635
0.21300
0.26171
0.22730
0.43780
0.18104
0.32466
0.39260
0.23776
0.22508
0.25014
0.25830
0.20498
0.35679
0.18299
0.37180
0.35020
0.26395
0.25026
0.24069
0.34704
0.29127
0.21475
0.35932
0.44007
0.31605
0.29711
0.34676
0.36337
0.21644
0.27162
0.28280
0.38415
0.21163
0.24507
0.23752
0.34778
0.25979
0.23810
0.27731
0.30580
0.36693
0.25954
0.26749
0.34341
0.28854
0.26975
0.26012
0.39654
0.27528
0.29866
0.28124
0.25976
0.34493
0.26549
0.28541
0.23867
0.34584
0.27675
0.23427
0.30950
0.29452
0.23181
0.27712
0.18082
0.26117
0.20949
0.06640
0.16219
0.16104
0.21280
0.27141
0.22687
0.25654
0.33873
0.21978
0.08516
0.20499
0.04288
0.29896
0.26587
0.17496
0.25398
0.07940
0.12353
0.22085
0.16254
0.06318
0.17429
0.22671
0.26304
0.19528
0.21591
0.24192
0.09495
0.28037
0.26518
0.03317
0.08988
0.17807
0.28679
0.14025
0.24120
0.20077
0.26320
0.07464
0.01510
0.07254
0.12517
0.26136
0.07344
0.13685
0.11131
0.25316
0.13453
0.24042
0.21932
0.05238
0.22448
0.04810
0.10086
0.24681
0.15999
0.22996
0.08776
0.11779
0.22122
0.21223
0.29352
0.26984
0.01884
0.02672
0.18159
0.19497
0.14613
0.18544
0.11672
0.27384
0.20135
0.11662
0.28257
0.32944
0.12749
0.17765
0.13669
0.06720
0.09043
0.09991
0.14267
0.19716
0.24051
0.28182
0.19737
0.25862
0.23619
0.17476
0.19617
0.22247
0.20773
0.03121
0.24777
0.09765
0.06171
0.24413
0.23996
0.28187
0.22989
0.03165
0.06759
0.14702
0.23064
0.14030
0.16599
0.11499
0.20174
0.31455
0.10511
0.21210
0.11606
0.09875
0.05649
0.19774
0.06099
0.11300
0.27149
0.23913
0.06111
0.10644
0.04644
0.15622
0.05019
0.19624
