0.07890
0.09628
0.06064
0.24343
0.05909
0.12494
0.21611
0.13282
0.13673
0.05601
0.18817
0.13536
0.10818
0.11602
0.12301
0.22799
0.10902
0.07903
0.06645
0.12897
0.29894
0.11899
0.14136
0.03109
0.20444
0.11019
0.16550
0.24375
0.07580
0.14895
0.18450
0.23952
0.14875
0.10511
0.05035
0.09347
0.14757
0.10105
0.11479
0.14169
0.27440
0.25016
0.06762
0.09065
0.28579
0.21304
0.16061
0.16137
0.16096
0.15617
0.09816
0.11919
0.15658
0.22898
0.08654
0.23944
0.19978
0.12596
0.09055
0.08143
0.25465
0.27527
0.06824
0.22076
0.28318
0.31805
0.03160
0.14230
0.08917
0.04155
0.14403
0.31404
0.28129
0.17576
0.24602
0.08644
0.07723
0.04648
0.18871
0.15817
0.29054
0.17659
0.35614
0.26131
0.26470
0.35216
0.09094
0.09614
0.12137
0.24873
0.31767
0.11824
0.04589
0.22457
0.06697
0.14425
0.22241
0.21954
0.21550
0.17137
0.09269
0.19034
0.11759
0.11672
0.17106
0.32252
0.13377
0.16090
0.13592
0.29071
0.01981
0.26958
0.10912
0.27315
0.09667
0.15172
0.28764
0.05168
0.05533
0.18097
0.15765
0.09773
0.24869
0.02561
0.10260
0.13153
0.27801
0.26302
0.16537
0.26326
0.06656
0.09705
0.28302
0.34165
0.10051
0.10220
0.06667
0.27762
0.25970
0.03608
0.12684
0.05724
0.31247
0.20724
0.11493
0.28943
0.08750
0.35308
0.15891
0.09620
0.16656
0.21695
0.10126
0.30796
0.31378
0.34362
0.13546
0.15272
0.14749
0.13015
0.24469
0.22768
0.27491
0.32560
0.10416
0.11573
0.29418
0.26124
0.06638
0.24245
0.05004
0.22052
0.17203
0.03224
0.09950
0.21998
0.08040
0.06824
0.16098
0.26387
0.09238
0.10456
0.22569
0.12648
0.07098
0.18653
0.19862
0.23272
0.24557
0.15370
0.09431
0.04418
0.05907
0.14581
0.10662
0.19953
0.19682
0.17147
0.07081
0.25645
0.21241
0.10572
0.17170
0.16929
0.05091
0.18990
0.08717
0.21583
0.23371
0.07858
0.26936
0.20857
0.07979
0.24336
0.27101
0.23459
0.11780
0.21887
0.17758
0.35696
0.10197
0.18432
0.09323
0.04982
0.06085
0.04281
0.13634
0.13768
0.16909
0.08227
0.24988
0.10372
0.19835
0.10532
0.04242
0.22045
0.11284
0.04851
0.11177
0.27267
0.07988
0.29239
0.09948
0.11396
0.15093
0.21136
0.10725
0.05331
0.07642
0.10225
0.10400
0.09919
0.10402
0.25640
0.14869
0.15889
0.19312
0.09017
0.03740
0.14441
0.22905
0.11807
0.20538
0.13650
0.13656
0.24775
0.29217
0.09711
0.18718
0.07944
0.09769
0.12239
0.07588
0.03587
0.34899
0.17718
0.05407
0.20278
0.14253
0.07096
0.09163
0.33817
0.13081
0.03922
0.31187
0.11419
0.19497
0.13951
0.13351
0.13627
0.09481
0.06893
0.17241
0.21428
0.15772
0.10117
0.12205
0.12722
0.14253
0.11734
0.35242
0.23517
0.28714
0.13304
0.10774
0.31218
0.29515
0.31943
0.04129
0.26407
0.10621
0.26749
0.14122
0.11604
0.11403
0.09172
0.11636
0.16316
0.23582
0.06193
0.07618
0.07686
0.21906
0.11854
0.23730
0.21153
0.22986
0.23498
0.09613
0.05224
0.24600
0.25991
0.35118
0.22445
0.28546
0.18912
0.23573
0.28218
0.26673
0.25330
0.06454
0.04835
0.13663
0.23039
0.03211
0.05395
0.16540
0.12281
0.19722
0.09888
0.13567
0.11154
0.27958
0.25568
0.19611
0.20954
0.30915
0.15234
0.14061
0.32168
0.07770
0.17808
0.10970
0.09379
0.20766
0.04471
0.23096
0.35408
0.07021
0.08628
0.11268
0.20719
0.10396
0.05832
0.08518
0.06891
0.05076
0.08677
0.18442
0.07222
0.27413
0.12487
0.14352
0.10783
0.20264
0.28888
0.16592
0.20484
0.36041
0.13705
0.29138
0.29444
0.24632
0.27098
0.28697
0.17386
0.35050
0.23535
0.26621
0.23285
0.23807
0.23573
0.18518
0.37513
0.32663
0.25910
0.20299
0.26228
0.20566
0.34709
0.21331
0.16310
0.32201
0.33314
0.16088
0.19413
0.31148
0.27113
0.24867
0.25242
0.23378
0.31886
0.22767
0.23789
0.34854
0.21436
0.21944
0.28126
0.16088
0.31660
0.35678
0.27787
0.28640
0.24181
0.23877
0.23592
0.24566
0.33710
0.16446
0.23020
0.32426
0.18364
0.26539
0.29849
0.18012
0.23187
0.26614
0.28073
0.31549
0.29177
0.19944
0.19094
0.28286
0.34760
0.16636
0.27703
0.18351
0.17947
0.18973
0.36216
0.30433
0.33865
0.16557
0.34919
0.26864
0.29051
0.36682
0.31632
0.24613
0.29103
0.22955
0.28470
0.21675
0.35659
0.22693
0.23350
0.16809
0.31838
0.21575
0.27233
0.29221
0.25407
0.35681
0.32801
0.22602
0.32555
0.30347
0.18193
0.17237
0.23482
0.19177
0.15805
0.16647
0.28807
0.33357
0.21793
0.21158
0.25015
0.28741
0.23904
0.23468
0.20179
0.22505
0.19374
0.28413
0.21354
0.24146
0.17480
0.34594
0.29346
0.15210
0.27368
0.31800
0.25584
0.34832
0.32567
0.24182
0.24142
0.23520
0.30086
0.30784
0.25542
0.25644
0.21460
0.15449
0.30610
0.23613
0.24949
0.23453
0.22588
0.26524
0.28588
0.22762
0.21562
0.28507
0.22381
0.24116
0.21027
0.23126
0.21917
0.23736
0.13543
0.31185
0.31546
0.32358
0.18811
0.20117
0.33187
0.21514
0.18314
0.20132
0.29222
0.31067
0.16836
0.18916
0.28778
0.21398
0.20003
0.15254
0.23387
0.26891
0.19925
0.26772
0.24400
0.26162
0.19315
0.17794
0.27602
0.22465
0.20669
0.25020
0.23860
0.26824
0.36678
0.18726
0.29797
0.23140
0.36312
0.32576
0.19349
0.27352
0.22703
0.26595
0.18219
0.31712
0.27130
0.19885
0.29427
0.26658
0.34387
0.21516
0.29090
0.16840
0.34450
0.18956
0.25598
0.21984
0.19310
0.27475
0.26888
0.23743
0.19107
0.23308
0.30936
0.16792
0.30722
0.24025
0.22970
0.29448
0.29122
0.27482
0.14725
0.19534
0.33117
0.34441
0.19220
0.21639
0.25126
0.27190
0.19533
0.18176
0.29576
0.29043
0.20166
0.25846
0.21246
0.24647
0.32016
0.27442
0.24125
0.21965
0.33235
0.24826
0.16445
0.19313
0.29139
0.28412
0.21843
0.21054
0.23144
0.34736
0.35379
0.16656
0.25068
0.32229
0.20926
0.18850
0.30295
0.34573
0.24235
0.18693
0.18180
0.21361
0.19573
0.35778
0.29500
0.29815
0.21284
0.24523
0.26694
0.29980
0.28547
0.17423
0.33087
0.21377
0.23259
0.34115
0.30760
0.23464
0.24798
0.22088
0.29849
0.26755
0.34415
0.23599
0.28006
0.20836
0.23596
0.32128
0.13565
0.21739
0.20761
0.18051
0.22518
0.24539
0.22359
0.26451
0.23623
0.21586
0.20236
0.23806
0.33972
0.23432
0.19690
0.18604
0.30543
0.24623
0.23566
0.17654
0.33438
0.28738
0.32430
0.24462
0.19310
0.21211
0.25033
0.21567
0.27363
0.16767
0.32989
0.25281
0.33432
0.27478
0.30467
0.34115
0.28840
0.21159
0.22791
0.18163
0.18339
0.23331
0.19691
0.24211
0.31706
0.21192
0.26754
0.38048
0.32644
0.32319
0.27574
0.31469
0.30138
0.36057
0.19196
0.27014
0.32820
0.31904
0.23444
0.33458
0.39144
0.24582
0.22247
0.33024
0.21669
0.32192
0.32565
0.26145
0.23033
0.34517
0.23847
0.21183
0.30523
0.23793
0.19585
0.19313
0.20034
0.28658
0.28004
0.27114
0.29181
0.22671
0.22651
0.26502
0.25887
0.22006
0.26875
0.12459
0.32305
0.28922
0.34517
0.25905
0.29679
0.35394
0.36869
0.24897
0.22432
0.25009
0.39382
0.29501
0.21941
0.30305
0.35070
0.25839
0.18459
0.33592
0.21597
0.29369
0.22705
0.26718
0.38652
0.45248
0.30557
0.24085
0.23158
0.34601
0.30231
0.31981
0.28034
0.33926
0.25968
0.19327
0.32028
0.43735
0.26964
0.36938
0.36968
0.22440
0.23902
0.34410
0.29272
0.30754
0.24028
0.23111
0.20715
0.28986
0.26530
0.31182
0.30243
0.33550
0.23620
0.22905
0.25506
0.22508
0.18827
0.35405
0.25264
0.15847
0.34917
0.18783
0.20852
0.38638
0.17622
0.24099
0.23301
0.21591
0.24950
0.42150
0.21638
0.28816
0.39382
0.22454
0.22163
0.21276
0.26441
0.21708
0.31396
0.20665
0.37895
0.34738
0.18328
0.25890
0.17818
0.34522
0.28550
0.23456
0.35210
0.40708
0.33252
0.31283
0.35653
0.32298
0.14750
0.27881
0.29546
0.39628
0.21804
0.23349
0.25364
0.34849
0.22437
0.26679
0.21821
0.31968
0.36526
0.26748
0.25046
0.29725
0.29856
0.29780
0.25842
0.38465
0.20787
0.29478
0.25344
0.27140
0.34244
0.27111
0.28693
0.24346
0.32510
0.25410
0.20158
0.27473
0.26233
0.19109
0.22423
0.20172
0.33555
0.21517
0.03592
0.12061
0.15058
0.26502
0.23723
0.19913
0.22691
0.35198
0.17565
0.04988
0.18736
0.06383
0.25345
0.26258
0.21378
0.28608
0.05720
0.10829
0.18971
0.14798
0.06432
0.10471
0.24559
0.29501
0.19746
0.21540
0.30061
0.02927
0.31310
0.25179
0.03576
0.02470
0.13155
0.25019
0.17044
0.25179
0.21732
0.28352
0.02030
0.05276
0.05287
0.08760
0.23177
0.18571
0.11947
0.18312
0.25882
0.14033
0.27113
0.23556
0.01424
0.28527
0.05943
0.07052
0.23304
0.18768
0.25587
0.03559
0.04753
0.20413
0.21067
0.23275
0.25989
0.03801
0.03121
0.18493
0.20891
0.18803
0.23005
0.06236
0.24025
0.14545
0.11988
0.26448
0.31351
0.08387
0.09601
0.20983
0.04329
0.02919
0.20854
0.08222
0.17934
0.24335
0.27720
0.20950
0.32381
0.24284
0.23118
0.09455
0.22620
0.17478
0.02762
0.28852
0.07872
0.09169
0.19575
0.21190
0.31292
0.23379
0.04377
0.07269
0.08708
0.17072
0.28004
0.30725
0.11959
0.17654
0.28618
0.13509
0.21973
0.11836
0.05081
0.01837
0.17368
0.05458
0.06478
0.27409
0.28154
0.08666
0.09146
0.02693
0.10064
0.03748
0.28189
