0.08627
0.10484
0.05063
0.27655
0.09911
0.11676
0.22968
0.16504
0.12311
0.05693
0.20012
0.13137
0.13643
0.12372
0.10069
0.23785
0.12805
0.09793
0.07579
0.14334
0.30117
0.15838
0.12437
0.03282
0.19858
0.14457
0.13750
0.25555
0.08885
0.20554
0.15484
0.25882
0.15169
0.10229
0.04906
0.09658
0.12428
0.07733
0.09740
0.19842
0.28125
0.27913
0.06472
0.15000
0.28437
0.20037
0.17299
0.26865
0.17139
0.11762
0.09307
0.13396
0.14629
0.28840
0.08670
0.23889
0.21660
0.12765
0.14250
0.08942
0.21948
0.24450
0.16131
0.19989
0.28344
0.30873
0.03485
0.18404
0.09093
0.06666
0.13982
0.29148
0.33474
0.24016
0.21375
0.16401
0.09113
0.02742
0.21034
0.14941
0.30572
0.16250
0.28263
0.28653
0.26710
0.34804
0.09236
0.09709
0.13589
0.18590
0.31285
0.11070
0.08736
0.28129
0.04616
0.13833
0.23510
0.23597
0.18587
0.15496
0.09470
0.16542
0.12676
0.12311
0.20614
0.28731
0.14168
0.17978
0.18656
0.24162
0.02537
0.27721
0.05352
0.14420
0.10090
0.20908
0.27519
0.06005
0.06153
0.18839
0.18790
0.05518
0.27574
0.01967
0.09185
0.13387
0.30876
0.28427
0.17239
0.25546
0.10744
0.11348
0.21149
0.34833
0.09737
0.15942
0.06236
0.29428
0.27095
0.03997
0.18229
0.04141
0.31604
0.22640
0.16360
0.26931
0.07246
0.34750
0.20643
0.09021
0.19854
0.22298
0.10025
0.29232
0.30513
0.34285
0.10687
0.17933
0.13798
0.12358
0.29251
0.25734
0.27220
0.31234
0.09116
0.10292
0.28172
0.23693
0.08887
0.26890
0.06061
0.23590
0.23269
0.04163
0.11475
0.18409
0.05170
0.07198
0.18946
0.26877
0.08429
0.12003
0.12209
0.15310
0.08150
0.13057
0.21746
0.21938
0.24036
0.19449
0.11888
0.05525
0.05727
0.11955
0.12509
0.24350
0.17758
0.15996
0.08045
0.26097
0.26364
0.08050
0.19102
0.15286
0.06973
0.19044
0.11949
0.18848
0.23923
0.10255
0.25952
0.23451
0.09390
0.26109
0.24561
0.25985
0.12785
0.23531
0.20976
0.32111
0.10925
0.23780
0.09675
0.06304
0.09055
0.07211
0.17253
0.16339
0.16300
0.09042
0.23621
0.13375
0.25647
0.10984
0.04408
0.23647
0.10402
0.04682
0.10162
0.26476
0.07470
0.29118
0.09181
0.12806
0.18217
0.20605
0.10557
0.04256
0.12917
0.10367
0.11517
0.11829
0.11179
0.25248
0.14691
0.15774
0.20504
0.08094
0.06965
0.13392
0.23160
0.17699
0.20366
0.15134
0.13209
0.26367
0.26410
0.09497
0.18653
0.06464
0.06495
0.13549
0.06267
0.03881
0.37548
0.17012
0.06729
0.20641
0.11034
0.05610
0.13734
0.31627
0.13745
0.06142
0.28764
0.11334
0.16934
0.18578
0.17339
0.13581
0.07418
0.08337
0.23661
0.22934
0.16239
0.09923
0.20497
0.13663
0.15400
0.16338
0.33886
0.25595
0.25712
0.11165
0.09486
0.29462
0.33011
0.31668
0.03653
0.27492
0.13303
0.29772
0.19934
0.09755
0.12279
0.08191
0.09268
0.19302
0.24286
0.08633
0.06370
0.08636
0.27200
0.17114
0.22166
0.17522
0.22428
0.23659
0.10650
0.06363
0.23631
0.29748
0.34556
0.21233
0.31108
0.23200
0.25242
0.29886
0.26180
0.28177
0.05087
0.07109
0.14121
0.17487
0.09139
0.08192
0.22085
0.15877
0.22378
0.14189
0.20376
0.10561
0.25534
0.26324
0.26383
0.21690
0.25035
0.12982
0.17033
0.32238
0.03862
0.21223
0.04954
0.07335
0.22940
0.02958
0.24213
0.35708
0.07499
0.06310
0.14019
0.20580
0.12092
0.04932
0.09343
0.04155
0.09281
0.08132
0.19678
0.09530
0.28251
0.14062
0.13876
0.11922
0.21609
0.28028
0.18603
0.29226
0.35027
0.17908
0.27089
0.29345
0.30876
0.32980
0.25271
0.24793
0.32565
0.24890
0.24967
0.26889
0.20932
0.29411
0.17974
0.37127
0.29070
0.26521
0.29725
0.24734
0.28802
0.34753
0.30618
0.25184
0.29507
0.29483
0.24806
0.29351
0.30533
0.27600
0.22511
0.23523
0.30581
0.28944
0.27300
0.22287
0.30840
0.27988
0.27058
0.33469
0.19957
0.29099
0.33191
0.26590
0.27949
0.30740
0.29980
0.20560
0.29410
0.30883
0.21972
0.30805
0.30250
0.26554
0.30609
0.30147
0.18139
0.32700
0.26551
0.26027
0.29019
0.26702
0.29279
0.18807
0.26481
0.34578
0.13056
0.28879
0.21383
0.22145
0.20710
0.36447
0.29953
0.29547
0.16318
0.35084
0.26722
0.26236
0.37006
0.29093
0.30881
0.28459
0.23570
0.26020
0.18006
0.35925
0.29838
0.26409
0.16756
0.32031
0.20967
0.27770
0.28702
0.24136
0.31874
0.26629
0.20546
0.31622
0.31216
0.18200
0.19166
0.30826
0.16834
0.20957
0.14203
0.30848
0.31586
0.26676
0.29510
0.23973
0.30690
0.20553
0.29535
0.30667
0.28861
0.21798
0.27561
0.30128
0.20518
0.15820
0.35854
0.27126
0.23324
0.33216
0.32678
0.24579
0.35801
0.29473
0.21884
0.28724
0.18194
0.29607
0.30271
0.28185
0.27649
0.23834
0.18640
0.34104
0.22294
0.28482
0.19787
0.30350
0.30961
0.26123
0.19922
0.24105
0.27805
0.18947
0.29828
0.18760
0.21514
0.24996
0.22799
0.23874
0.28918
0.28550
0.30485
0.27419
0.24594
0.30535
0.20749
0.18034
0.22272
0.26175
0.29827
0.15256
0.18307
0.28445
0.26726
0.21141
0.16359
0.22888
0.26260
0.22728
0.25218
0.29209
0.32047
0.17589
0.26050
0.25278
0.30840
0.16808
0.28862
0.24409
0.26365
0.37913
0.19623
0.31027
0.22305
0.35899
0.29286
0.22306
0.26790
0.31233
0.26775
0.18382
0.32644
0.27643
0.28170
0.24820
0.28622
0.33572
0.22974
0.27701
0.22442
0.31662
0.23745
0.28876
0.23578
0.28495
0.27161
0.28638
0.23000
0.27077
0.23889
0.27418
0.21161
0.32426
0.21427
0.26785
0.28291
0.24869
0.26225
0.15822
0.25780
0.30252
0.30220
0.27012
0.32378
0.31692
0.24148
0.25285
0.22592
0.27723
0.29183
0.26403
0.26680
0.21359
0.28243
0.28882
0.26453
0.28582
0.24343
0.30966
0.31163
0.24084
0.22027
0.28560
0.26521
0.29863
0.28428
0.26688
0.35800
0.32257
0.16779
0.22630
0.30354
0.28461
0.30768
0.28700
0.33092
0.22581
0.22765
0.20529
0.27524
0.28768
0.34006
0.29075
0.29579
0.28093
0.22161
0.23424
0.25613
0.27478
0.17895
0.31289
0.24209
0.24517
0.33741
0.30447
0.26355
0.21215
0.29940
0.27582
0.35022
0.32760
0.26668
0.22265
0.20238
0.31728
0.29710
0.13945
0.30604
0.17813
0.26423
0.27593
0.21282
0.28635
0.20480
0.28036
0.20347
0.21033
0.23571
0.31165
0.28036
0.28752
0.21151
0.26060
0.24613
0.21934
0.24196
0.30206
0.27254
0.33243
0.27266
0.23655
0.30418
0.26406
0.27410
0.27678
0.18032
0.31714
0.25860
0.29808
0.26057
0.28390
0.31311
0.24864
0.29232
0.31966
0.20748
0.20946
0.30774
0.25431
0.29939
0.28738
0.28521
0.33904
0.37305
0.28409
0.30480
0.26774
0.25568
0.24714
0.33548
0.30626
0.26478
0.30131
0.30968
0.30133
0.31105
0.37334
0.23483
0.28946
0.32160
0.24048
0.30327
0.30432
0.24725
0.25346
0.32221
0.23229
0.26338
0.28483
0.30308
0.24264
0.24458
0.27053
0.28582
0.27224
0.33639
0.30581
0.25757
0.29829
0.28131
0.29991
0.29945
0.28045
0.13864
0.31064
0.33533
0.33783
0.31980
0.31392
0.41412
0.39824
0.28924
0.17864
0.29504
0.37247
0.28961
0.21183
0.30855
0.34330
0.23409
0.23208
0.34218
0.25142
0.25864
0.24822
0.34411
0.36155
0.42844
0.29677
0.30169
0.24801
0.39614
0.27379
0.29843
0.31464
0.35803
0.28124
0.19009
0.30361
0.45538
0.24918
0.40768
0.42986
0.23654
0.29575
0.37188
0.28596
0.28805
0.23996
0.27590
0.20606
0.27590
0.29852
0.30680
0.29906
0.38325
0.29545
0.27637
0.23339
0.19526
0.25586
0.39210
0.22282
0.13529
0.34927
0.15094
0.20831
0.40255
0.15870
0.24967
0.21651
0.25485
0.24445
0.44765
0.19397
0.33948
0.39291
0.25962
0.23409
0.24066
0.26049
0.23128
0.36052
0.16110
0.36164
0.35208
0.24984
0.23463
0.25746
0.34257
0.28606
0.21657
0.32415
0.42907
0.33706
0.29852
0.36117
0.37183
0.22396
0.25178
0.29294
0.39994
0.18386
0.24671
0.23562
0.35939
0.26486
0.26225
0.26750
0.31596
0.38539
0.25391
0.29322
0.32623
0.31752
0.29171
0.25655
0.39698
0.28288
0.27493
0.28278
0.30232
0.34201
0.26849
0.30774
0.24757
0.33750
0.27264
0.25054
0.30738
0.32317
0.25913
0.28266
0.15540
0.25123
0.21930
0.05007
0.16900
0.16222
0.22524
0.29314
0.21656
0.23484
0.35439
0.17050
0.04545
0.23001
0.08389
0.27580
0.31036
0.20551
0.27169
0.06365
0.11937
0.19849
0.13187
0.10991
0.09638
0.25472
0.26582
0.19396
0.20855
0.25306
0.10671
0.29090
0.20980
0.05336
0.07193
0.10714
0.27770
0.11882
0.27147
0.22916
0.29610
0.03238
0.08666
0.03348
0.11172
0.25010
0.10777
0.14955
0.10420
0.22115
0.14657
0.16891
0.21657
0.01433
0.24704
0.03376
0.02811
0.21274
0.19657
0.21766
0.04720
0.03555
0.20951
0.19473
0.28989
0.25104
0.00388
0.07538
0.20798
0.21264
0.19150
0.17524
0.06437
0.26334
0.14901
0.05904
0.23416
0.23606
0.12051
0.12208
0.20101
0.06007
0.05217
0.18618
0.08592
0.18521
0.25700
0.27505
0.19380
0.28751
0.21569
0.16283
0.19524
0.23121
0.13815
0.04728
0.26234
0.08881
0.05629
0.24043
0.24325
0.24781
0.24850
0.07261
0.08455
0.08458
0.17935
0.26746
0.29614
0.05079
0.18198
0.27649
0.09650
0.22061
0.10958
0.03562
0.05191
0.07783
0.05952
0.08032
0.26384
0.25565
0.11706
0.12257
0.04877
0.06677
0.05987
0.20187
