0.15449
0.09905
0.06699
0.24904
0.13180
0.14141
0.17008
0.17144
0.18428
0.07439
0.18849
0.15691
0.17893
0.10401
0.11804
0.21981
0.17036
0.15705
0.06539
0.12976
0.27606
0.14814
0.15049
0.08910
0.21149
0.16989
0.13507
0.24763
0.11340
0.18167
0.19924
0.27206
0.14647
0.11578
0.14539
0.09709
0.11590
0.11879
0.12684
0.19020
0.30915
0.27561
0.11484
0.14241
0.30195
0.21558
0.17963
0.25470
0.20394
0.16832
0.09900
0.16998
0.14991
0.30713
0.09921
0.25423
0.23260
0.13850
0.10770
0.11267
0.27018
0.28308
0.15998
0.21406
0.27940
0.27355
0.07904
0.13541
0.10327
0.06504
0.14234
0.32940
0.30058
0.23202
0.25766
0.16678
0.13920
0.04761
0.24911
0.14044
0.30059
0.22097
0.28325
0.28381
0.27415
0.33925
0.10873
0.08040
0.14257
0.25164
0.33325
0.18683
0.11699
0.27012
0.06517
0.15386
0.23290
0.21514
0.21198
0.17903
0.09944
0.19477
0.13966
0.14395
0.24442
0.26799
0.15126
0.17476
0.22059
0.29041
0.07569
0.27493
0.09618
0.25276
0.12654
0.18386
0.28580
0.08694
0.09615
0.19501
0.23448
0.08357
0.28197
0.03423
0.13086
0.21104
0.27073
0.28797
0.18974
0.26935
0.09983
0.12707
0.30848
0.34712
0.12016
0.18076
0.07151
0.30308
0.25136
0.06537
0.21214
0.08022
0.30148
0.19897
0.14631
0.23322
0.07135
0.33939
0.18478
0.10159
0.18703
0.24522
0.11998
0.31127
0.29099
0.34285
0.14168
0.13028
0.14402
0.26571
0.29422
0.25354
0.29427
0.31536
0.10002
0.14685
0.31076
0.26003
0.08211
0.28221
0.04192
0.24551
0.24878
0.04922
0.13920
0.18998
0.09587
0.12012
0.21484
0.28517
0.11284
0.10902
0.24882
0.14849
0.11885
0.20683
0.22547
0.23496
0.27861
0.24074
0.15047
0.07567
0.07173
0.18980
0.16423
0.24370
0.26270
0.17788
0.12932
0.26693
0.23789
0.07525
0.20034
0.15057
0.07908
0.23085
0.16682
0.17800
0.27239
0.15733
0.24691
0.21441
0.10243
0.25820
0.24525
0.23808
0.12620
0.31175
0.18508
0.31908
0.13629
0.21937
0.14938
0.11991
0.12654
0.07311
0.19781
0.28556
0.15932
0.08300
0.26763
0.13369
0.22980
0.14970
0.05021
0.24010
0.11058
0.05954
0.12691
0.28545
0.12788
0.30799
0.10654
0.11721
0.20743
0.23989
0.12827
0.08583
0.12085
0.12335
0.12153
0.13282
0.12160
0.26493
0.13755
0.18501
0.19156
0.09762
0.08427
0.14350
0.16137
0.17717
0.20605
0.21969
0.12336
0.26205
0.23946
0.09527
0.21201
0.10286
0.12190
0.12597
0.09633
0.05110
0.35937
0.15661
0.05710
0.17955
0.17364
0.09743
0.20042
0.31790
0.11361
0.11560
0.29767
0.12725
0.20666
0.21199
0.16923
0.17033
0.10288
0.07994
0.20027
0.24119
0.16729
0.10390
0.19094
0.22263
0.18906
0.17646
0.31546
0.27614
0.28339
0.20268
0.15181
0.28879
0.31630
0.26972
0.02927
0.27027
0.13031
0.29582
0.16860
0.11937
0.16863
0.17086
0.09405
0.28737
0.20261
0.09929
0.11241
0.08839
0.24239
0.19185
0.23084
0.23358
0.27008
0.26089
0.15836
0.03866
0.27415
0.30205
0.34262
0.22914
0.29604
0.22982
0.25827
0.29536
0.26151
0.29134
0.10953
0.10622
0.16887
0.20819
0.06903
0.09675
0.22314
0.18235
0.21285
0.12181
0.18098
0.15784
0.29451
0.21535
0.27808
0.20324
0.30662
0.13170
0.14847
0.32249
0.14469
0.19988
0.09563
0.12480
0.19776
0.08578
0.24374
0.32470
0.07323
0.10818
0.19807
0.27009
0.10926
0.07809
0.08269
0.09764
0.08425
0.08234
0.17924
0.11515
0.23215
0.20862
0.21440
0.09251
0.20723
0.30364
0.22051
0.27644
0.35563
0.16842
0.30321
0.30675
0.29599
0.29551
0.29229
0.23595
0.34649
0.26062
0.23567
0.25317
0.20186
0.28465
0.19019
0.36552
0.33463
0.27120
0.23798
0.25812
0.22749
0.34409
0.29459
0.21521
0.30945
0.34323
0.22874
0.22955
0.32965
0.26621
0.23856
0.25188
0.26144
0.30135
0.27602
0.20494
0.34780
0.25591
0.24551
0.30638
0.17154
0.29149
0.35324
0.29512
0.29995
0.26878
0.25995
0.24357
0.25874
0.32643
0.22038
0.28075
0.32331
0.21863
0.27117
0.29786
0.21319
0.27682
0.25760
0.28284
0.30886
0.29109
0.26029
0.20626
0.29531
0.37359
0.14374
0.28265
0.22821
0.16911
0.22585
0.34866
0.29638
0.32186
0.17069
0.35349
0.27384
0.28199
0.37523
0.30969
0.28677
0.28365
0.25239
0.28073
0.19908
0.36205
0.25471
0.24734
0.16703
0.31554
0.21060
0.26887
0.28432
0.26037
0.35369
0.30942
0.21497
0.33761
0.31674
0.14326
0.19583
0.28447
0.18585
0.17745
0.12926
0.30040
0.32904
0.24126
0.24474
0.24482
0.26663
0.21797
0.27492
0.24287
0.27552
0.21279
0.28075
0.25533
0.24248
0.18049
0.35072
0.29266
0.19336
0.31704
0.32766
0.23542
0.35225
0.30333
0.23679
0.26651
0.21977
0.29208
0.28992
0.27175
0.27270
0.25207
0.16929
0.30515
0.22864
0.28213
0.23812
0.28495
0.29756
0.28667
0.18947
0.24840
0.28728
0.22405
0.28510
0.18707
0.22526
0.25253
0.23010
0.21158
0.30978
0.31516
0.32794
0.23363
0.19396
0.32525
0.21502
0.20766
0.22818
0.30995
0.30310
0.16572
0.18027
0.29460
0.25585
0.20916
0.15612
0.21960
0.27504
0.23274
0.25551
0.26600
0.29325
0.17130
0.23185
0.28146
0.28011
0.19641
0.25474
0.28039
0.26507
0.36770
0.20152
0.28244
0.23986
0.37075
0.30980
0.26640
0.26815
0.26977
0.27360
0.20557
0.29593
0.29539
0.24414
0.28315
0.27722
0.34530
0.24792
0.27953
0.23893
0.32291
0.23749
0.27626
0.23532
0.23544
0.27865
0.27030
0.21955
0.25367
0.25110
0.29979
0.20148
0.28441
0.24507
0.25306
0.30184
0.28299
0.30543
0.14468
0.23564
0.33260
0.31938
0.24187
0.29437
0.28685
0.25903
0.23993
0.21323
0.30682
0.28568
0.26076
0.25241
0.22624
0.28188
0.30997
0.24869
0.22618
0.22731
0.33438
0.29754
0.20392
0.18398
0.28439
0.27549
0.26681
0.26509
0.25570
0.34424
0.34561
0.14660
0.22738
0.32902
0.24523
0.25324
0.28908
0.33800
0.24267
0.21772
0.19640
0.26837
0.23548
0.36999
0.29210
0.28262
0.26064
0.22984
0.25413
0.29025
0.28281
0.18486
0.33869
0.21601
0.24414
0.34081
0.30903
0.22406
0.24476
0.26326
0.29788
0.30207
0.34146
0.27419
0.27668
0.21245
0.29212
0.31237
0.12780
0.26017
0.18730
0.20703
0.24794
0.24448
0.27075
0.25557
0.22179
0.22829
0.24729
0.24342
0.33079
0.27899
0.24265
0.19566
0.30682
0.25812
0.22328
0.19839
0.33724
0.29255
0.32906
0.27481
0.23477
0.25782
0.26895
0.23905
0.27562
0.18802
0.31805
0.26616
0.34065
0.27699
0.31918
0.34408
0.29683
0.24768
0.27456
0.19522
0.16531
0.26806
0.24169
0.28129
0.31946
0.27169
0.31065
0.38878
0.29970
0.33392
0.28079
0.31477
0.29152
0.36990
0.22231
0.27292
0.33835
0.31441
0.27394
0.32610
0.39399
0.24608
0.26367
0.32288
0.23150
0.32041
0.32105
0.22766
0.23940
0.33762
0.23643
0.28781
0.32189
0.26143
0.26284
0.23828
0.24656
0.25200
0.29162
0.29161
0.29230
0.26914
0.27401
0.28035
0.28002
0.22353
0.28579
0.14508
0.31540
0.32105
0.37523
0.26658
0.30556
0.40738
0.41545
0.26678
0.19471
0.27335
0.39213
0.29760
0.18293
0.27592
0.34761
0.25119
0.24016
0.32748
0.23404
0.28986
0.24088
0.31741
0.35818
0.43283
0.29504
0.27984
0.23072
0.36338
0.28654
0.28942
0.26780
0.34725
0.27187
0.13899
0.31170
0.43234
0.23431
0.40085
0.40249
0.24557
0.26405
0.33089
0.29611
0.29351
0.24705
0.24580
0.21498
0.30103
0.27657
0.30749
0.31725
0.37801
0.27267
0.25683
0.22523
0.21923
0.23426
0.38068
0.23197
0.14896
0.32678
0.17468
0.16111
0.40013
0.14607
0.26392
0.21492
0.27126
0.23778
0.44341
0.21156
0.30669
0.38108
0.23875
0.15812
0.23915
0.27234
0.17383
0.35199
0.21148
0.35858
0.35135
0.26059
0.22846
0.20584
0.35052
0.27733
0.21078
0.32893
0.42641
0.32274
0.28322
0.34370
0.35625
0.18963
0.26667
0.28431
0.36917
0.21341
0.23122
0.22273
0.32237
0.26366
0.24669
0.26775
0.33461
0.36370
0.25254
0.25593
0.33384
0.30113
0.27126
0.26003
0.38018
0.25335
0.28196
0.27431
0.26808
0.33910
0.25173
0.29562
0.24625
0.34049
0.23675
0.20314
0.29645
0.30978
0.20819
0.26372
0.20766
0.26191
0.23981
0.12661
0.21325
0.17958
0.26724
0.29278
0.21709
0.24740
0.34078
0.20631
0.08212
0.23185
0.07262
0.29607
0.26262
0.19387
0.28607
0.07140
0.09467
0.19122
0.28366
0.10753
0.15071
0.21157
0.27772
0.15708
0.20760
0.27959
0.05592
0.35192
0.24147
0.09574
0.07705
0.12818
0.28403
0.09118
0.23975
0.21282
0.29127
0.04963
0.12962
0.11478
0.06096
0.26511
0.10614
0.19024
0.16281
0.27579
0.15573
0.30236
0.20709
0.05985
0.22786
0.12868
0.15152
0.13151
0.19870
0.15762
0.04236
0.05558
0.19975
0.20132
0.27738
0.26568
0.04340
0.07936
0.16881
0.20831
0.16832
0.21468
0.07723
0.26301
0.20824
0.12247
0.25138
0.28173
0.07556
0.14424
0.13939
0.10507
0.03596
0.13090
0.12358
0.19434
0.26269
0.30842
0.19412
0.31789
0.20544
0.17834
0.17590
0.24736
0.22691
0.04859
0.25919
0.13561
0.05564
0.21708
0.25262
0.29413
0.26931
0.09622
0.11689
0.18430
0.25436
0.21216
0.30130
0.11220
0.20944
0.32401
0.09066
0.24714
0.07812
0.01124
0.04591
0.14927
0.05902
0.14563
0.29766
0.28679
0.10657
0.11961
0.06988
0.14152
0.10874
0.17580
