0.16514
0.11293
0.06755
0.26822
0.14161
0.14430
0.19567
0.16310
0.22961
0.11243
0.22399
0.13793
0.19109
0.13422
0.13741
0.23169
0.13659
0.15526
0.13329
0.17813
0.25910
0.20576
0.19247
0.10088
0.21178
0.18499
0.13348
0.23234
0.12257
0.17904
0.14358
0.32305
0.19917
0.11655
0.15763
0.09336
0.13056
0.14986
0.17285
0.21929
0.27425
0.24787
0.18138
0.17985
0.27547
0.22317
0.15711
0.21249
0.22329
0.19459
0.11511
0.15339
0.13290
0.31635
0.10876
0.22541
0.27132
0.16219
0.16259
0.12397
0.27633
0.28604
0.18788
0.20023
0.26012
0.30946
0.08489
0.17851
0.16098
0.06117
0.11982
0.31163
0.34313
0.24025
0.26068
0.18481
0.15517
0.06324
0.20314
0.13954
0.27373
0.26144
0.30639
0.29108
0.27073
0.34892
0.09240
0.13393
0.20306
0.25684
0.32188
0.18964
0.11826
0.27777
0.09904
0.20363
0.19183
0.22182
0.20311
0.18295
0.12619
0.19174
0.16597
0.17336
0.24764
0.27191
0.20451
0.18532
0.23621
0.23862
0.04672
0.25477
0.15780
0.28231
0.19040
0.17982
0.29181
0.10877
0.10102
0.22439
0.27050
0.13580
0.28258
0.06049
0.14441
0.20176
0.30422
0.25199
0.22633
0.24108
0.14153
0.17041
0.29665
0.29980
0.08989
0.20420
0.17363
0.30383
0.22758
0.11819
0.19584
0.10417
0.29149
0.19725
0.18663
0.29210
0.13165
0.34578
0.19123
0.09313
0.20180
0.24969
0.11963
0.30171
0.30142
0.29585
0.20312
0.21776
0.15844
0.24296
0.29448
0.28022
0.26180
0.31492
0.09442
0.15536
0.31115
0.25745
0.15957
0.27048
0.12323
0.23419
0.24222
0.07070
0.12944
0.22315
0.12467
0.10783
0.22820
0.27717
0.11418
0.11097
0.25890
0.20330
0.13803
0.22033
0.22884
0.22981
0.26005
0.22555
0.19266
0.10425
0.10846
0.20110
0.18156
0.26863
0.23991
0.19203
0.12352
0.29531
0.24988
0.11013
0.22447
0.15737
0.09161
0.27440
0.16957
0.23311
0.25625
0.16332
0.21895
0.23144
0.15775
0.24029
0.25607
0.24391
0.14817
0.30051
0.18197
0.35432
0.14387
0.24289
0.13525
0.15584
0.13070
0.13285
0.23493
0.22190
0.20864
0.08148
0.24550
0.15739
0.23044
0.16842
0.09212
0.27296
0.12856
0.09577
0.10550
0.27630
0.08764
0.31637
0.13966
0.11835
0.16388
0.19090
0.10902
0.09675
0.15692
0.12356
0.11183
0.13717
0.14874
0.27525
0.13020
0.16787
0.18901
0.12960
0.09900
0.15501
0.18311
0.18136
0.21458
0.23098
0.17735
0.26942
0.24298
0.10783
0.24752
0.10513
0.14085
0.13080
0.10781
0.08693
0.37538
0.19065
0.09880
0.21906
0.16450
0.10612
0.12158
0.32849
0.13467
0.10510
0.30839
0.12508
0.23204
0.20257
0.18512
0.16745
0.13382
0.09755
0.22844
0.25521
0.16365
0.10761
0.23399
0.22424
0.22039
0.20508
0.30770
0.26024
0.26962
0.18243
0.18819
0.28017
0.31637
0.29862
0.08973
0.24756
0.14032
0.30171
0.17765
0.14429
0.17869
0.18719
0.12905
0.24572
0.23263
0.12663
0.19418
0.12458
0.29633
0.21650
0.24595
0.20516
0.21436
0.25252
0.20714
0.11214
0.28617
0.24619
0.36631
0.27275
0.33115
0.23393
0.26301
0.29389
0.24623
0.27433
0.10794
0.11226
0.17107
0.25489
0.11990
0.11648
0.21766
0.13769
0.22848
0.11390
0.19822
0.14335
0.27310
0.27313
0.24456
0.21857
0.27822
0.17010
0.16526
0.31402
0.10498
0.21089
0.11626
0.18185
0.22471
0.10034
0.22766
0.32433
0.13506
0.12508
0.17441
0.27433
0.12657
0.09510
0.11353
0.08061
0.13454
0.16186
0.17684
0.14238
0.25238
0.24610
0.22061
0.09395
0.19898
0.29816
0.21670
0.28346
0.35245
0.20184
0.30243
0.31380
0.28811
0.32147
0.28473
0.26139
0.34754
0.26715
0.24121
0.24315
0.24495
0.27228
0.20318
0.36258
0.35164
0.27617
0.26999
0.25126
0.22527
0.34521
0.28045
0.22495
0.30158
0.32941
0.23602
0.24442
0.33689
0.26812
0.25497
0.27127
0.28817
0.30634
0.26459
0.19999
0.34868
0.27557
0.24947
0.32575
0.20909
0.31228
0.35023
0.27721
0.32495
0.27238
0.28609
0.23285
0.25742
0.34699
0.22330
0.30124
0.31640
0.22908
0.27412
0.29621
0.18997
0.27440
0.26300
0.27286
0.31316
0.29598
0.28338
0.18337
0.27706
0.37739
0.15213
0.26692
0.24137
0.23142
0.21558
0.36066
0.32127
0.31833
0.17251
0.35738
0.26403
0.26986
0.36308
0.29812
0.30807
0.29673
0.24751
0.28234
0.20808
0.37047
0.28536
0.24126
0.15288
0.31970
0.21471
0.24196
0.29370
0.25985
0.35603
0.31828
0.21700
0.31463
0.29727
0.20270
0.20185
0.28525
0.19061
0.19415
0.17282
0.30650
0.35011
0.26235
0.25940
0.24731
0.30412
0.21341
0.27803
0.26694
0.27681
0.21444
0.29530
0.28616
0.21058
0.19431
0.35774
0.30256
0.21557
0.33750
0.32069
0.27879
0.35221
0.32137
0.24292
0.26578
0.21479
0.28986
0.31023
0.30266
0.29260
0.21857
0.16130
0.32252
0.24308
0.29214
0.24330
0.27222
0.27944
0.30062
0.20478
0.26066
0.28694
0.22642
0.30526
0.20253
0.26122
0.24267
0.23654
0.20980
0.30727
0.30875
0.33578
0.23901
0.22181
0.33150
0.22626
0.20141
0.25026
0.29653
0.31873
0.18243
0.18879
0.28315
0.25947
0.22656
0.16642
0.24023
0.27383
0.25218
0.27602
0.26439
0.30250
0.19651
0.25351
0.27434
0.26131
0.20103
0.29084
0.29135
0.24610
0.38148
0.19067
0.31003
0.23629
0.35584
0.32465
0.26452
0.27130
0.28354
0.27072
0.21556
0.31832
0.27328
0.27974
0.28377
0.25228
0.32480
0.22707
0.27673
0.24827
0.32933
0.23660
0.30449
0.23554
0.23802
0.28457
0.25638
0.23629
0.24487
0.25090
0.31701
0.21074
0.32140
0.24912
0.26309
0.28414
0.28707
0.29826
0.15411
0.22610
0.32417
0.32272
0.23166
0.30183
0.31064
0.27515
0.21808
0.21307
0.31337
0.29292
0.24606
0.24690
0.20715
0.27069
0.31961
0.26469
0.29741
0.23954
0.33003
0.31233
0.22259
0.20633
0.29617
0.30294
0.31170
0.26673
0.25997
0.34094
0.36660
0.15346
0.24333
0.32364
0.27990
0.29931
0.29824
0.34127
0.24282
0.19971
0.20605
0.26434
0.25754
0.36539
0.29448
0.30851
0.26085
0.22410
0.26228
0.30155
0.27432
0.17421
0.35365
0.20792
0.25108
0.35343
0.29987
0.25023
0.24863
0.27873
0.29102
0.33897
0.34191
0.22880
0.27399
0.20750
0.29786
0.31924
0.13057
0.27940
0.22320
0.26045
0.24926
0.25226
0.29408
0.25293
0.28062
0.21195
0.24444
0.24756
0.35364
0.30130
0.26586
0.20499
0.29546
0.26173
0.23386
0.23591
0.35277
0.27731
0.33674
0.27351
0.25609
0.29580
0.26362
0.24310
0.29888
0.17945
0.35049
0.26360
0.35315
0.28624
0.32093
0.34382
0.27998
0.25734
0.28765
0.18430
0.20023
0.25927
0.24215
0.31361
0.32113
0.31283
0.31817
0.38500
0.31065
0.31224
0.27497
0.32324
0.30322
0.37359
0.27316
0.28501
0.33115
0.31580
0.28130
0.32626
0.41438
0.22554
0.27636
0.31563
0.26639
0.31491
0.31973
0.25126
0.25240
0.34093
0.24614
0.29208
0.30912
0.29586
0.23896
0.23647
0.23934
0.26596
0.28554
0.29584
0.29700
0.24711
0.27502
0.30051
0.29401
0.26133
0.27900
0.14721
0.32445
0.30912
0.36586
0.30974
0.31504
0.41043
0.39005
0.24980
0.21669
0.30091
0.37694
0.28874
0.21414
0.29953
0.34595
0.26303
0.21701
0.32303
0.24919
0.29598
0.26986
0.32281
0.37225
0.45322
0.32086
0.30291
0.26871
0.39257
0.29589
0.31133
0.33601
0.36810
0.25658
0.19950
0.33035
0.46352
0.25273
0.41052
0.40746
0.22986
0.30675
0.36728
0.32682
0.30539
0.24993
0.25336
0.21805
0.30546
0.27643
0.27866
0.31063
0.36181
0.28730
0.26589
0.24007
0.21741
0.24487
0.39472
0.25009
0.12537
0.34868
0.18495
0.20235
0.38847
0.16017
0.28428
0.23887
0.26091
0.23992
0.44137
0.20025
0.33049
0.37249
0.25252
0.22759
0.23907
0.28093
0.21408
0.34409
0.18519
0.37335
0.36998
0.26127
0.25828
0.20850
0.34823
0.28002
0.20994
0.33570
0.42735
0.34110
0.31032
0.36484
0.37051
0.22421
0.29224
0.28172
0.38394
0.19732
0.23049
0.23227
0.36554
0.26266
0.25693
0.25506
0.33153
0.38935
0.23049
0.26922
0.33743
0.32154
0.28430
0.25387
0.41181
0.29928
0.27146
0.28196
0.32935
0.32452
0.27482
0.28183
0.25387
0.35381
0.27750
0.23747
0.33061
0.25826
0.25580
0.28357
0.20284
0.30300
0.19590
0.06959
0.17333
0.26708
0.21296
0.27180
0.16897
0.25289
0.34844
0.20252
0.16119
0.18069
0.09044
0.26456
0.20752
0.18968
0.25349
0.16370
0.15534
0.21163
0.23760
0.16474
0.20244
0.22677
0.28586
0.12923
0.20086
0.24358
0.14247
0.31230
0.20548
0.06098
0.11439
0.15634
0.26285
0.23230
0.26505
0.16346
0.31790
0.09904
0.12828
0.09315
0.17535
0.26869
0.17821
0.12905
0.13590
0.32883
0.10657
0.27530
0.23313
0.11003
0.27386
0.13129
0.11221
0.26618
0.16538
0.23958
0.05967
0.11037
0.24465
0.17717
0.29868
0.24038
0.07227
0.12542
0.16018
0.20287
0.22897
0.22226
0.11069
0.28870
0.15013
0.13383
0.24158
0.27248
0.19963
0.17005
0.24027
0.08604
0.07354
0.20324
0.15144
0.18617
0.23235
0.20911
0.19729
0.33979
0.18964
0.28158
0.23958
0.23195
0.19935
0.05658
0.21011
0.14780
0.16158
0.21419
0.22331
0.29012
0.19903
0.07552
0.08611
0.24059
0.24465
0.24179
0.29579
0.16656
0.26009
0.29499
0.12838
0.24682
0.19435
0.06505
0.11900
0.19117
0.10591
0.15248
0.23467
0.28042
0.12484
0.13684
0.05064
0.15499
0.10656
0.16082
