0.07736
0.09555
0.05901
0.23291
0.08163
0.15333
0.23076
0.14065
0.15839
0.06530
0.16913
0.14641
0.11821
0.12733
0.10209
0.22610
0.16343
0.13009
0.05887
0.14687
0.29223
0.11814
0.11978
0.04841
0.25309
0.13743
0.15278
0.24832
0.11311
0.19087
0.14677
0.23409
0.12046
0.10786
0.04841
0.09711
0.14514
0.08377
0.09398
0.14381
0.30962
0.23645
0.09814
0.14597
0.29207
0.22559
0.15632
0.26336
0.16955
0.14831
0.09017
0.13540
0.16729
0.26354
0.09251
0.23180
0.23423
0.11234
0.11786
0.08218
0.27204
0.27216
0.10369
0.21590
0.26441
0.30882
0.03584
0.15279
0.08911
0.07498
0.11577
0.29189
0.29768
0.21957
0.26583
0.10571
0.09685
0.04366
0.21669
0.15340
0.32104
0.17692
0.32282
0.27529
0.28116
0.36493
0.09526
0.08069
0.10868
0.24151
0.34936
0.13609
0.08113
0.25123
0.06855
0.13133
0.21547
0.22150
0.17066
0.13602
0.09408
0.19232
0.10713
0.11412
0.22685
0.30583
0.14834
0.18008
0.14481
0.27517
0.01060
0.25623
0.07271
0.22313
0.10480
0.16244
0.27263
0.04248
0.06487
0.17495
0.22444
0.05096
0.27371
0.01936
0.08472
0.13507
0.30914
0.28888
0.17383
0.25892
0.08328
0.10841
0.26899
0.32078
0.10446
0.15576
0.04157
0.28027
0.26481
0.05827
0.14186
0.05150
0.30040
0.18647
0.11156
0.25033
0.08161
0.32997
0.17691
0.09445
0.14071
0.25289
0.09540
0.31993
0.30046
0.33043
0.12212
0.13934
0.14843
0.20949
0.23483
0.26373
0.27485
0.33342
0.09245
0.11709
0.28562
0.28249
0.05022
0.26942
0.05045
0.25238
0.24089
0.02008
0.09339
0.22602
0.05993
0.04854
0.15773
0.27475
0.08028
0.10291
0.19120
0.12889
0.06458
0.14088
0.22674
0.26142
0.25720
0.15451
0.12400
0.05123
0.05966
0.14135
0.12378
0.23297
0.19884
0.16169
0.07701
0.30902
0.23129
0.07198
0.20941
0.13215
0.04341
0.22911
0.10664
0.17035
0.27062
0.08200
0.25182
0.23031
0.06965
0.26768
0.27749
0.23113
0.11298
0.23773
0.20777
0.33928
0.13878
0.19098
0.06970
0.06122
0.09761
0.05637
0.17206
0.18886
0.16124
0.08383
0.25159
0.08829
0.25775
0.11396
0.03405
0.25479
0.11261
0.03309
0.09519
0.27510
0.07645
0.29910
0.13148
0.11850
0.13244
0.22399
0.10887
0.05295
0.10970
0.09290
0.10583
0.09629
0.11087
0.27790
0.13933
0.14311
0.23353
0.07083
0.08349
0.12959
0.21351
0.15355
0.21952
0.11578
0.13727
0.27128
0.24213
0.09150
0.16287
0.05456
0.08666
0.12412
0.07010
0.02624
0.38381
0.16900
0.04978
0.21039
0.13102
0.05620
0.17693
0.33316
0.14503
0.06291
0.29923
0.11336
0.20347
0.18310
0.16292
0.16855
0.07737
0.09720
0.18205
0.21688
0.14557
0.09268
0.15384
0.14324
0.18685
0.11978
0.31217
0.28821
0.26096
0.15641
0.13138
0.30706
0.31920
0.34376
0.06019
0.26383
0.11035
0.28565
0.12851
0.11737
0.13093
0.09342
0.09289
0.16654
0.26981
0.11752
0.07633
0.07742
0.26338
0.19444
0.26197
0.16760
0.26709
0.23964
0.13305
0.05226
0.27788
0.26767
0.38065
0.20003
0.31327
0.23056
0.24582
0.28897
0.25272
0.30255
0.04994
0.09046
0.10717
0.21114
0.05744
0.03533
0.22128
0.11872
0.21659
0.11791
0.17758
0.09803
0.27990
0.27568
0.26085
0.21974
0.33756
0.12827
0.12297
0.32428
0.08949
0.20169
0.06767
0.06309
0.19050
0.06207
0.23437
0.32662
0.05676
0.08388
0.13163
0.25573
0.11972
0.04092
0.07416
0.06156
0.04906
0.12040
0.18911
0.07077
0.27851
0.16416
0.21515
0.09119
0.13239
0.30141
0.18390
0.26495
0.36241
0.18948
0.29823
0.29694
0.29386
0.31565
0.29516
0.24840
0.36590
0.25604
0.21378
0.25341
0.22977
0.29147
0.19626
0.38182
0.34880
0.19655
0.27087
0.24116
0.26349
0.32941
0.29013
0.24530
0.32551
0.33388
0.21614
0.27321
0.33469
0.26907
0.24810
0.23943
0.27813
0.31835
0.24890
0.22437
0.35862
0.24447
0.25443
0.31886
0.17026
0.30368
0.36415
0.29336
0.29110
0.30267
0.27823
0.25774
0.28290
0.35504
0.20436
0.28652
0.32558
0.25521
0.27658
0.28657
0.20658
0.31031
0.25726
0.28357
0.32587
0.30480
0.26645
0.16594
0.27470
0.36989
0.12295
0.26564
0.20094
0.19992
0.16579
0.34873
0.28885
0.32427
0.17356
0.36247
0.26346
0.27182
0.37854
0.31762
0.29352
0.28768
0.25177
0.27322
0.16383
0.36722
0.29940
0.24236
0.16830
0.32187
0.19792
0.25227
0.29845
0.25385
0.35755
0.33312
0.22103
0.32758
0.31887
0.17856
0.18297
0.27778
0.17601
0.15214
0.17018
0.28291
0.35333
0.27578
0.26273
0.24565
0.28873
0.22624
0.30266
0.25949
0.29514
0.16456
0.28785
0.28284
0.20330
0.17423
0.32931
0.32075
0.18438
0.28026
0.33215
0.23992
0.33758
0.32747
0.23086
0.27470
0.20498
0.28760
0.30170
0.28229
0.25996
0.23073
0.17308
0.31084
0.22092
0.28243
0.22107
0.28198
0.32985
0.30811
0.19002
0.20805
0.27993
0.20134
0.30289
0.17604
0.22631
0.21048
0.20418
0.20195
0.30500
0.32802
0.33398
0.24509
0.18594
0.33875
0.21965
0.18641
0.17965
0.32004
0.30266
0.16975
0.18821
0.28662
0.27915
0.20623
0.16064
0.17587
0.25760
0.23431
0.24371
0.26738
0.31511
0.13943
0.21181
0.26670
0.27895
0.19761
0.28989
0.25861
0.25599
0.35143
0.18214
0.28028
0.21908
0.37475
0.33019
0.25107
0.26577
0.31011
0.25975
0.16330
0.28244
0.27784
0.25026
0.30486
0.24636
0.35564
0.23737
0.30079
0.21298
0.35112
0.24546
0.29998
0.21376
0.26526
0.26971
0.26895
0.18420
0.24850
0.24290
0.30888
0.18902
0.30097
0.24662
0.26685
0.29931
0.30230
0.30480
0.13603
0.22421
0.34067
0.33705
0.25401
0.27248
0.29123
0.26080
0.23929
0.18274
0.31180
0.29775
0.25929
0.25052
0.15791
0.28593
0.32327
0.24890
0.27959
0.20474
0.34255
0.28600
0.20598
0.18013
0.28718
0.28980
0.29729
0.25948
0.23799
0.35084
0.35936
0.16315
0.26515
0.33539
0.25674
0.26496
0.30063
0.35001
0.24097
0.20126
0.14560
0.25019
0.26827
0.37260
0.29059
0.26483
0.27484
0.23081
0.26212
0.30257
0.29514
0.18306
0.34800
0.22002
0.23474
0.35343
0.29715
0.24958
0.21930
0.25971
0.29924
0.32800
0.35140
0.26476
0.28996
0.18062
0.28153
0.32220
0.12440
0.26682
0.16808
0.24148
0.27397
0.24315
0.26354
0.23520
0.28120
0.21113
0.22279
0.24952
0.35211
0.26918
0.25241
0.19699
0.31706
0.24740
0.24431
0.18645
0.34743
0.29525
0.31342
0.25824
0.23959
0.28789
0.26278
0.24395
0.26735
0.17010
0.31895
0.26935
0.34979
0.28795
0.31590
0.36178
0.26340
0.26209
0.30361
0.15909
0.19234
0.29804
0.20976
0.29596
0.31041
0.27070
0.32518
0.38878
0.33397
0.33507
0.25444
0.32509
0.29030
0.36877
0.23580
0.27084
0.33129
0.33223
0.31087
0.33854
0.40524
0.20802
0.25722
0.31108
0.22069
0.32966
0.32274
0.24285
0.26052
0.35643
0.22547
0.25560
0.32688
0.27503
0.23458
0.22958
0.26871
0.26582
0.27988
0.30730
0.29215
0.25303
0.30639
0.26566
0.30995
0.28330
0.26604
0.13145
0.31885
0.29609
0.36603
0.32750
0.29693
0.39697
0.40330
0.26148
0.19449
0.30832
0.38091
0.27859
0.21157
0.30178
0.33527
0.24506
0.23136
0.31272
0.24174
0.27329
0.24398
0.33082
0.34953
0.39407
0.31122
0.29659
0.27828
0.37845
0.30721
0.26457
0.30337
0.38028
0.28220
0.18250
0.32320
0.43128
0.25624
0.39871
0.40767
0.14454
0.30228
0.34463
0.32208
0.30252
0.24647
0.28942
0.22083
0.30461
0.29326
0.27422
0.31401
0.36771
0.30445
0.29190
0.25521
0.17279
0.26191
0.39593
0.22823
0.12471
0.32737
0.13793
0.21482
0.39232
0.15883
0.26513
0.23979
0.30593
0.25263
0.44949
0.18619
0.33725
0.38055
0.25217
0.23586
0.24721
0.25913
0.20767
0.34444
0.17766
0.37650
0.30278
0.24276
0.24442
0.23945
0.32275
0.26023
0.20372
0.36696
0.43035
0.31667
0.28461
0.36712
0.35524
0.22011
0.25012
0.28130
0.38571
0.19857
0.20748
0.24392
0.35259
0.27555
0.25223
0.28503
0.33460
0.33382
0.20402
0.30624
0.33646
0.30039
0.29997
0.24237
0.39021
0.29885
0.28723
0.29294
0.30048
0.31435
0.25328
0.28763
0.22784
0.32995
0.24041
0.22388
0.32217
0.28302
0.26405
0.29914
0.21063
0.30752
0.22297
0.03377
0.12488
0.18609
0.25249
0.30572
0.19759
0.31390
0.37600
0.22317
0.04421
0.20652
0.06547
0.31279
0.26319
0.18843
0.25771
0.06484
0.14621
0.16563
0.24689
0.06682
0.16603
0.22689
0.29870
0.22030
0.21885
0.27905
0.07097
0.29007
0.26120
0.04861
0.07891
0.08514
0.29927
0.17641
0.22961
0.22494
0.32828
0.07646
0.05384
0.10405
0.06913
0.30278
0.09191
0.19634
0.19284
0.28657
0.06986
0.29457
0.22546
0.08781
0.28336
0.05468
0.07893
0.30924
0.19669
0.26611
0.11412
0.06217
0.21262
0.20731
0.32638
0.26550
0.05813
0.06931
0.18245
0.21893
0.23147
0.21867
0.11214
0.22625
0.17905
0.14085
0.26340
0.30603
0.11061
0.12466
0.16294
0.08393
0.05573
0.23973
0.18951
0.21264
0.25536
0.30430
0.20911
0.31990
0.19196
0.28950
0.11018
0.20966
0.20479
0.03592
0.26802
0.13130
0.07337
0.23172
0.25601
0.29529
0.24043
0.04732
0.05075
0.11132
0.22969
0.28135
0.28972
0.06687
0.20708
0.26242
0.13413
0.23668
0.12917
0.03013
0.05458
0.12942
0.08477
0.14028
0.25881
0.28863
0.10090
0.11133
0.04005
0.12243
0.13145
0.29528
