0.10243
0.11516
0.05906
0.23901
0.08853
0.12945
0.23292
0.15951
0.22344
0.07159
0.17680
0.13762
0.17907
0.12551
0.10416
0.22031
0.14990
0.13598
0.06522
0.13645
0.28542
0.13914
0.15419
0.07698
0.23348
0.16654
0.12903
0.24229
0.10584
0.15740
0.13146
0.29425
0.14120
0.12733
0.05671
0.09641
0.12149
0.09555
0.15457
0.17940
0.32654
0.28182
0.11194
0.12245
0.29284
0.19426
0.16260
0.29683
0.19929
0.14258
0.10161
0.14687
0.15362
0.29363
0.09888
0.24558
0.24938
0.13608
0.17088
0.07853
0.26446
0.29761
0.14913
0.22408
0.29070
0.32541
0.06103
0.15757
0.09692
0.07663
0.13516
0.29535
0.27419
0.22473
0.26440
0.10628
0.11014
0.02490
0.22340
0.16274
0.32656
0.20876
0.34089
0.27538
0.30439
0.36160
0.10335
0.06652
0.14514
0.26299
0.32379
0.19345
0.05921
0.28950
0.06375
0.11446
0.20960
0.22554
0.19280
0.15332
0.09365
0.15781
0.11715
0.14034
0.18325
0.28289
0.14847
0.16555
0.18926
0.27284
0.03227
0.24924
0.09435
0.25745
0.10573
0.15747
0.29785
0.04816
0.07484
0.21843
0.24626
0.10037
0.27794
0.01340
0.11264
0.14894
0.32407
0.27898
0.20787
0.27201
0.09280
0.10822
0.30069
0.32687
0.10487
0.15420
0.05835
0.29431
0.25488
0.04913
0.18290
0.04042
0.31342
0.16842
0.13460
0.28337
0.07205
0.36146
0.17912
0.08959
0.16263
0.26903
0.11538
0.31127
0.29902
0.33826
0.12784
0.11644
0.15377
0.21516
0.22029
0.29379
0.25475
0.32563
0.10400
0.12172
0.29695
0.28934
0.10961
0.27779
0.04743
0.23926
0.23117
0.03999
0.10021
0.19994
0.06616
0.08467
0.19358
0.25353
0.07951
0.11084
0.20971
0.16721
0.06359
0.17168
0.23869
0.27355
0.26135
0.21282
0.12373
0.06186
0.05416
0.18898
0.14422
0.26197
0.18918
0.15734
0.07806
0.30817
0.22071
0.11959
0.20123
0.14358
0.05597
0.26234
0.07914
0.23380
0.26782
0.09486
0.24288
0.25391
0.07845
0.26641
0.29714
0.22041
0.11974
0.23469
0.25355
0.34177
0.10940
0.16358
0.14835
0.05467
0.05917
0.04115
0.20921
0.15835
0.15395
0.04552
0.25928
0.08947
0.25249
0.14229
0.04699
0.28757
0.11178
0.05136
0.11401
0.28356
0.07427
0.29079
0.12781
0.12176
0.16101
0.22775
0.09526
0.07170
0.17078
0.11387
0.11382
0.11013
0.09196
0.26503
0.13413
0.17580
0.19609
0.09389
0.05075
0.12641
0.18732
0.17776
0.22729
0.20267
0.14430
0.27950
0.28391
0.09422
0.19423
0.07318
0.12777
0.12401
0.05341
0.03334
0.35594
0.18632
0.07501
0.22078
0.14772
0.04141
0.16977
0.35092
0.14748
0.06902
0.29746
0.11848
0.21376
0.18697
0.23513
0.10487
0.09388
0.09674
0.24168
0.21262
0.21675
0.09581
0.17568
0.18887
0.22087
0.15328
0.32470
0.31196
0.26606
0.13654
0.11001
0.29890
0.30870
0.35539
0.04565
0.28531
0.14431
0.29561
0.13090
0.08515
0.15383
0.10904
0.11193
0.17506
0.25554
0.08066
0.14484
0.06336
0.28444
0.14972
0.23357
0.15377
0.22743
0.22874
0.19988
0.05551
0.20211
0.27594
0.37595
0.25938
0.31956
0.23508
0.24206
0.27758
0.28502
0.25113
0.05898
0.08364
0.16388
0.20854
0.07484
0.07251
0.21190
0.15408
0.22069
0.07031
0.20777
0.11750
0.28015
0.26542
0.27621
0.21093
0.31681
0.14638
0.15471
0.32266
0.05706
0.25532
0.06556
0.07291
0.21495
0.03911
0.25833
0.33425
0.05836
0.06948
0.13199
0.24870
0.11581
0.05569
0.07797
0.06341
0.06850
0.08533
0.22187
0.06899
0.27040
0.19745
0.20940
0.12583
0.17647
0.28917
0.19980
0.27154
0.35456
0.17728
0.28772
0.28696
0.28320
0.31215
0.26189
0.24558
0.33797
0.26198
0.23391
0.24212
0.21383
0.28293
0.16786
0.35468
0.31982
0.22862
0.24777
0.24832
0.25807
0.33394
0.26205
0.21760
0.31871
0.33552
0.23198
0.24629
0.31396
0.25546
0.24787
0.25850
0.27855
0.30777
0.24804
0.22491
0.33194
0.25443
0.22235
0.31987
0.16910
0.30245
0.34417
0.27587
0.30179
0.28371
0.27780
0.24888
0.28718
0.32648
0.21957
0.27519
0.32230
0.24600
0.26673
0.28756
0.20679
0.28462
0.25185
0.28419
0.30847
0.29319
0.25193
0.17504
0.28068
0.35626
0.12063
0.26857
0.19405
0.16815
0.13988
0.34655
0.28795
0.31183
0.18855
0.34804
0.25618
0.25539
0.36325
0.30993
0.28510
0.28401
0.23892
0.27117
0.15436
0.33555
0.27068
0.23779
0.19084
0.31952
0.17854
0.22646
0.29383
0.23963
0.34510
0.32320
0.20382
0.32127
0.30520
0.16206
0.18819
0.28198
0.20153
0.15115
0.16653
0.28782
0.33090
0.25852
0.25200
0.24985
0.28484
0.20315
0.27939
0.25265
0.26505
0.19167
0.28167
0.27179
0.20921
0.17205
0.32785
0.27140
0.18596
0.27586
0.31881
0.23730
0.33066
0.30921
0.21275
0.28387
0.17684
0.28201
0.29956
0.26891
0.24775
0.23353
0.17933
0.30323
0.21774
0.28551
0.21616
0.27002
0.30334
0.29368
0.18893
0.20803
0.27648
0.19527
0.28860
0.16726
0.22544
0.21750
0.19060
0.21268
0.30757
0.30619
0.32667
0.22948
0.19515
0.32302
0.19944
0.20735
0.19869
0.30782
0.29877
0.13823
0.19626
0.27210
0.25327
0.19459
0.15633
0.21640
0.26757
0.20840
0.22044
0.24197
0.29559
0.13752
0.22071
0.25525
0.25931
0.19772
0.25990
0.25079
0.24137
0.36703
0.18459
0.29040
0.21976
0.33958
0.31808
0.25054
0.26592
0.28634
0.24768
0.16670
0.27881
0.27069
0.24307
0.28346
0.26370
0.33183
0.24345
0.28576
0.21633
0.32805
0.23041
0.28458
0.22562
0.25295
0.27067
0.25955
0.22155
0.22971
0.23750
0.30547
0.20549
0.30829
0.23355
0.25091
0.29464
0.29761
0.29436
0.14839
0.21171
0.32242
0.32176
0.25404
0.26012
0.28295
0.25195
0.23439
0.21105
0.30014
0.28679
0.25199
0.22469
0.14310
0.27905
0.30903
0.23056
0.23908
0.22949
0.32837
0.28769
0.19889
0.19838
0.28011
0.30181
0.27557
0.26608
0.24582
0.33288
0.34281
0.15670
0.24543
0.31706
0.25404
0.26649
0.29181
0.33229
0.20054
0.20988
0.16436
0.25547
0.26313
0.35718
0.28700
0.26468
0.27210
0.23423
0.25355
0.29213
0.28004
0.18876
0.31998
0.22160
0.20693
0.33374
0.28368
0.23696
0.22379
0.24605
0.28854
0.32028
0.32937
0.24450
0.28275
0.19130
0.29920
0.30249
0.12819
0.25633
0.21084
0.22728
0.26349
0.22616
0.26558
0.23676
0.23318
0.20291
0.22991
0.24981
0.33280
0.26885
0.25242
0.20487
0.30256
0.24226
0.25567
0.18354
0.32830
0.28493
0.30523
0.26024
0.24330
0.26689
0.26289
0.23460
0.26190
0.17485
0.30762
0.25780
0.33001
0.27856
0.29088
0.34349
0.27038
0.24746
0.28480
0.17145
0.15711
0.27744
0.22323
0.30206
0.31190
0.26484
0.31490
0.36904
0.32423
0.33148
0.25093
0.30975
0.27322
0.34265
0.24400
0.26251
0.31081
0.31191
0.28144
0.31606
0.38171
0.19979
0.25126
0.27411
0.22782
0.32217
0.31467
0.21013
0.23362
0.32381
0.21832
0.26179
0.31720
0.27066
0.25168
0.22980
0.25760
0.27921
0.29086
0.30580
0.28354
0.25821
0.29694
0.26425
0.29816
0.25462
0.26378
0.13080
0.31685
0.32466
0.35155
0.31552
0.30739
0.40397
0.37259
0.29254
0.17992
0.31147
0.37460
0.28392
0.18086
0.30625
0.30676
0.24157
0.23746
0.30787
0.24024
0.28412
0.23529
0.34937
0.34632
0.39491
0.29920
0.31449
0.28006
0.38365
0.29824
0.27890
0.28809
0.31863
0.27257
0.18132
0.31343
0.45576
0.23808
0.39313
0.42480
0.14881
0.29466
0.35867
0.29338
0.29497
0.25303
0.29057
0.22545
0.27192
0.30328
0.25971
0.30600
0.38882
0.29698
0.28008
0.25296
0.22431
0.25835
0.37791
0.21750
0.13037
0.31382
0.12132
0.18850
0.40341
0.15203
0.24934
0.22809
0.28864
0.23621
0.42986
0.19469
0.32120
0.38168
0.24970
0.24305
0.26034
0.24546
0.21427
0.35630
0.18892
0.35369
0.31764
0.26448
0.25556
0.24023
0.31208
0.27536
0.19934
0.35362
0.41154
0.31647
0.29605
0.35551
0.35987
0.20350
0.27377
0.28361
0.35642
0.20776
0.21233
0.22819
0.33343
0.27579
0.25232
0.26565
0.29651
0.36090
0.16081
0.29077
0.33940
0.28192
0.30402
0.26499
0.35026
0.28628
0.22981
0.28247
0.30420
0.30597
0.27034
0.28930
0.23164
0.32067
0.23718
0.24703
0.32252
0.27927
0.21858
0.28097
0.22743
0.34285
0.20401
0.03865
0.17816
0.17981
0.22466
0.27885
0.24582
0.23319
0.34424
0.18454
0.07045
0.22082
0.02877
0.29892
0.28560
0.18601
0.27323
0.06777
0.14399
0.22056
0.23557
0.05519
0.11608
0.22439
0.30922
0.20258
0.21216
0.28437
0.07312
0.27249
0.15803
0.04251
0.04654
0.09940
0.20670
0.12227
0.22318
0.18218
0.28961
0.03768
0.04493
0.07914
0.04083
0.32829
0.07497
0.15494
0.16728
0.27486
0.17277
0.25417
0.19924
0.07577
0.26202
0.05039
0.06434
0.28714
0.18902
0.23021
0.05021
0.04892
0.22474
0.19873
0.33149
0.27938
0.05116
0.05126
0.18180
0.19788
0.15039
0.17692
0.07047
0.30137
0.21917
0.11052
0.26841
0.28849
0.05680
0.10003
0.21712
0.05946
0.06735
0.19714
0.17614
0.19185
0.22533
0.30220
0.19795
0.33995
0.21080
0.28811
0.20318
0.23579
0.18458
0.02397
0.26594
0.06042
0.12359
0.18809
0.24930
0.29326
0.27547
0.10616
0.07860
0.10259
0.25376
0.21735
0.32383
0.12518
0.23310
0.30742
0.08798
0.24163
0.08047
0.07042
0.05811
0.17800
0.05403
0.04576
0.26576
0.32231
0.12050
0.12376
0.02531
0.07851
0.08632
0.23061
