0.09391
0.10962
0.06680
0.23625
0.10797
0.14427
0.25180
0.14860
0.17573
0.09566
0.21923
0.14023
0.16850
0.11582
0.14248
0.23098
0.13974
0.10715
0.06749
0.13146
0.28936
0.12661
0.16129
0.04260
0.25957
0.16271
0.10568
0.26532
0.10438
0.19082
0.16738
0.24325
0.15012
0.10210
0.12678
0.09959
0.10872
0.10200
0.12508
0.16799
0.29147
0.25041
0.10601
0.15272
0.29190
0.21011
0.18897
0.23261
0.17908
0.16541
0.09461
0.15084
0.10726
0.28249
0.09111
0.22205
0.21883
0.15304
0.12737
0.13191
0.25954
0.28903
0.12585
0.17009
0.28471
0.35862
0.07599
0.17851
0.11283
0.05113
0.12294
0.33071
0.30560
0.18399
0.26385
0.14011
0.10563
0.06078
0.19241
0.13523
0.33798
0.16408
0.34289
0.25624
0.24331
0.35157
0.09187
0.07232
0.15958
0.25724
0.33726
0.14399
0.08915
0.21725
0.08836
0.19520
0.22003
0.22097
0.21243
0.15285
0.09562
0.18351
0.13035
0.12269
0.24955
0.29822
0.15203
0.14740
0.17895
0.28441
0.04591
0.26569
0.10214
0.24082
0.10947
0.16329
0.25892
0.04545
0.05655
0.18730
0.23006
0.11463
0.28084
0.02320
0.12723
0.16489
0.27806
0.23599
0.19275
0.22824
0.12114
0.12916
0.27803
0.33964
0.11288
0.15540
0.06657
0.29615
0.25459
0.08972
0.15213
0.04669
0.31022
0.20988
0.16081
0.18856
0.11886
0.36887
0.17669
0.08719
0.18558
0.23080
0.11171
0.29980
0.31537
0.32924
0.14670
0.16816
0.13553
0.24382
0.28932
0.25046
0.29667
0.34100
0.09753
0.13550
0.30313
0.27154
0.09052
0.24082
0.05295
0.24050
0.23683
0.05138
0.12914
0.25429
0.10114
0.08276
0.19025
0.25837
0.08753
0.11414
0.22338
0.15365
0.11869
0.20788
0.21451
0.27082
0.25585
0.19854
0.16494
0.08553
0.06991
0.12335
0.19002
0.26059
0.23868
0.22239
0.08260
0.25309
0.21609
0.07180
0.21451
0.14649
0.08006
0.23211
0.13424
0.21448
0.26577
0.09144
0.29160
0.20252
0.13688
0.26095
0.26269
0.24614
0.13226
0.29938
0.22350
0.32988
0.11320
0.24076
0.15737
0.07749
0.13802
0.04099
0.20280
0.22045
0.18799
0.05629
0.23978
0.14889
0.26055
0.13627
0.05103
0.28344
0.11505
0.06713
0.11219
0.25232
0.11432
0.28465
0.09780
0.13560
0.15404
0.21843
0.12191
0.06072
0.08694
0.10802
0.10187
0.15529
0.12983
0.26562
0.12280
0.15351
0.18993
0.08920
0.08569
0.12839
0.18911
0.15309
0.18776
0.19700
0.15582
0.25945
0.27705
0.08885
0.16165
0.07884
0.12789
0.12369
0.08111
0.07098
0.36901
0.21440
0.08385
0.19870
0.19607
0.05695
0.14777
0.35744
0.11620
0.09797
0.30055
0.11662
0.22424
0.18750
0.14406
0.19711
0.09835
0.08330
0.18640
0.20931
0.19197
0.09957
0.21555
0.17674
0.19397
0.17260
0.33996
0.27788
0.29273
0.13258
0.10805
0.32493
0.31177
0.33493
0.05220
0.28104
0.12955
0.29494
0.12949
0.10030
0.12046
0.10922
0.14159
0.23330
0.23179
0.08972
0.05846
0.07194
0.25715
0.21442
0.23378
0.17808
0.24075
0.24519
0.17591
0.06569
0.29988
0.26014
0.35524
0.25385
0.33015
0.22465
0.25279
0.29100
0.26279
0.27957
0.06441
0.09541
0.14014
0.22859
0.07263
0.07403
0.22028
0.13816
0.19412
0.12858
0.17209
0.14105
0.28256
0.25170
0.24930
0.20467
0.29639
0.15031
0.12434
0.31207
0.09303
0.22122
0.06131
0.12006
0.22110
0.09894
0.24262
0.34339
0.08227
0.11287
0.17126
0.26167
0.10050
0.06071
0.09750
0.07628
0.09608
0.11641
0.20113
0.12293
0.28565
0.16426
0.19182
0.09457
0.18780
0.29761
0.20731
0.29075
0.34247
0.19039
0.29309
0.30452
0.31137
0.32972
0.27194
0.28430
0.34242
0.25710
0.25016
0.25215
0.21734
0.31775
0.19144
0.36917
0.31812
0.26597
0.26095
0.24101
0.26850
0.35402
0.32599
0.23566
0.30812
0.32183
0.25405
0.26925
0.32195
0.25632
0.23632
0.25733
0.29108
0.29828
0.26324
0.22014
0.33118
0.21697
0.25123
0.31464
0.17439
0.31404
0.34462
0.29150
0.29991
0.30127
0.28357
0.22595
0.31051
0.32099
0.24541
0.30822
0.33000
0.27724
0.27041
0.31534
0.17157
0.29891
0.24703
0.27408
0.31345
0.29371
0.25517
0.20643
0.26798
0.34962
0.16294
0.29118
0.21523
0.22033
0.18655
0.36992
0.30910
0.33153
0.16024
0.34554
0.27531
0.26837
0.37357
0.31065
0.30133
0.29671
0.24960
0.27973
0.18493
0.35884
0.28992
0.24346
0.15958
0.32296
0.21850
0.26150
0.29414
0.25831
0.35153
0.31502
0.19214
0.32694
0.31986
0.17788
0.21123
0.31590
0.18087
0.21471
0.15925
0.28534
0.34250
0.28194
0.26341
0.24216
0.29254
0.21636
0.30082
0.26976
0.27766
0.22376
0.28512
0.29074
0.21662
0.18039
0.37122
0.27145
0.19348
0.32473
0.30781
0.25798
0.36072
0.30434
0.23175
0.31388
0.19659
0.29228
0.30808
0.27693
0.25971
0.22769
0.15721
0.30546
0.22079
0.27937
0.23345
0.28634
0.30100
0.28452
0.20576
0.24688
0.29471
0.20028
0.30109
0.20271
0.22359
0.24130
0.24505
0.24534
0.30907
0.32122
0.33042
0.22413
0.21822
0.31656
0.22910
0.20189
0.23770
0.29842
0.27069
0.17686
0.17893
0.29080
0.29092
0.22197
0.16658
0.26167
0.26474
0.22123
0.25813
0.24903
0.31440
0.18410
0.25709
0.27631
0.27302
0.18338
0.28954
0.26730
0.25855
0.38006
0.18558
0.29515
0.22565
0.36798
0.29741
0.25846
0.27199
0.25877
0.28237
0.20447
0.32094
0.26223
0.25451
0.29439
0.27011
0.34066
0.23743
0.29583
0.21873
0.32940
0.23286
0.29860
0.23257
0.23554
0.28788
0.25265
0.19863
0.23011
0.20439
0.31152
0.22036
0.30030
0.24320
0.28923
0.30392
0.29023
0.24801
0.15104
0.23561
0.32791
0.32343
0.25813
0.29988
0.29513
0.24846
0.26171
0.22715
0.29774
0.29301
0.28397
0.25316
0.21997
0.29877
0.31088
0.25363
0.26881
0.23790
0.33694
0.27484
0.21679
0.19127
0.27940
0.28828
0.28658
0.29061
0.25542
0.36755
0.34097
0.14263
0.23699
0.31882
0.27403
0.29678
0.31242
0.33196
0.24399
0.19831
0.22773
0.25780
0.28633
0.35384
0.26761
0.29664
0.30352
0.23141
0.27169
0.31586
0.27993
0.17874
0.33019
0.20579
0.25282
0.34250
0.31106
0.24925
0.22326
0.25846
0.29508
0.34427
0.33707
0.27832
0.28203
0.17943
0.33070
0.30317
0.14836
0.26013
0.20690
0.25104
0.28680
0.24923
0.26649
0.25694
0.26818
0.20431
0.24991
0.21980
0.33258
0.29180
0.26116
0.20683
0.27861
0.25799
0.21302
0.22353
0.31554
0.29579
0.34158
0.22554
0.25339
0.29470
0.25867
0.24613
0.28325
0.20174
0.31894
0.26486
0.31368
0.28670
0.30365
0.34486
0.29322
0.27047
0.28801
0.17339
0.18815
0.29534
0.21548
0.31725
0.30429
0.29328
0.33265
0.38113
0.30636
0.32584
0.26223
0.28887
0.30923
0.36000
0.27298
0.26439
0.31238
0.32296
0.28791
0.32322
0.37380
0.21305
0.28007
0.33212
0.21160
0.31480
0.34256
0.22577
0.24730
0.35599
0.24040
0.29212
0.30972
0.28717
0.24520
0.24046
0.27045
0.26126
0.28267
0.30556
0.30025
0.24988
0.29334
0.28870
0.31378
0.29234
0.24936
0.12928
0.32730
0.30517
0.35157
0.27331
0.32032
0.38377
0.39857
0.27899
0.19425
0.32014
0.36029
0.28704
0.22213
0.29350
0.34902
0.25632
0.24121
0.34495
0.24680
0.27496
0.25994
0.32577
0.36991
0.42929
0.30327
0.30178
0.26838
0.39471
0.29749
0.30450
0.30212
0.36913
0.29490
0.18053
0.32260
0.43981
0.27770
0.40173
0.37741
0.23790
0.29596
0.35674
0.28901
0.28579
0.24632
0.28110
0.20202
0.28801
0.32356
0.31447
0.28231
0.36240
0.27151
0.27195
0.24340
0.20435
0.26729
0.38866
0.25842
0.15025
0.35956
0.14098
0.21602
0.38007
0.16261
0.25165
0.23370
0.27280
0.25047
0.43307
0.20285
0.32130
0.38842
0.24628
0.23407
0.24355
0.27025
0.22958
0.34635
0.18600
0.37328
0.36795
0.24584
0.24861
0.25221
0.35437
0.27323
0.21717
0.32246
0.41636
0.31810
0.29561
0.36954
0.35008
0.21654
0.25258
0.29409
0.37595
0.19997
0.24373
0.23857
0.37023
0.26937
0.25533
0.25883
0.30546
0.36612
0.26257
0.27869
0.33132
0.30055
0.29928
0.23659
0.36668
0.27375
0.27783
0.28500
0.31919
0.34595
0.27381
0.28588
0.25725
0.35372
0.26156
0.22958
0.32454
0.27934
0.24163
0.27462
0.20809
0.28689
0.22493
0.08686
0.12891
0.22783
0.25009
0.28688
0.21944
0.29013
0.36179
0.14975
0.05183
0.22833
0.06249
0.28455
0.26276
0.19768
0.31998
0.07942
0.12703
0.20650
0.23791
0.12105
0.15499
0.26693
0.26913
0.22003
0.21302
0.28661
0.08583
0.31969
0.21574
0.03332
0.09444
0.16139
0.28478
0.19438
0.25658
0.20025
0.24846
0.09600
0.12847
0.09209
0.09818
0.29132
0.15322
0.14506
0.17754
0.27241
0.20103
0.24935
0.20865
0.09868
0.26532
0.09387
0.04821
0.21400
0.19192
0.22478
0.09498
0.10378
0.20084
0.19909
0.28177
0.25485
0.04410
0.04979
0.18159
0.19748
0.15244
0.22059
0.10844
0.27164
0.18233
0.09957
0.23434
0.27959
0.12445
0.11709
0.15643
0.11705
0.07298
0.22378
0.10234
0.19608
0.25809
0.22180
0.19303
0.36559
0.21372
0.23059
0.23412
0.21897
0.23447
0.06475
0.22683
0.07264
0.11766
0.21839
0.23507
0.24172
0.23487
0.07285
0.06553
0.22576
0.23991
0.19311
0.27801
0.12440
0.20355
0.30437
0.17392
0.22025
0.11030
0.02304
0.01797
0.15665
0.08818
0.11295
0.27651
0.26790
0.10062
0.10814
0.03431
0.05848
0.09078
0.22935
