0.11816
0.11482
0.05081
0.24705
0.05728
0.13518
0.17593
0.16987
0.12953
0.06528
0.16806
0.15342
0.12459
0.11877
0.14674
0.25327
0.11521
0.12636
0.06801
0.12952
0.28654
0.16070
0.12402
0.08719
0.19790
0.15764
0.13820
0.27816
0.09040
0.22266
0.18276
0.24462
0.15278
0.09781
0.07692
0.09335
0.12623
0.11521
0.10707
0.16966
0.31108
0.25486
0.10541
0.14169
0.27059
0.25172
0.18436
0.23318
0.18469
0.13288
0.09262
0.18012
0.14895
0.31207
0.08974
0.21427
0.24985
0.13272
0.11861
0.09303
0.29936
0.26226
0.13648
0.19744
0.28799
0.29817
0.05293
0.18092
0.10404
0.05065
0.12829
0.26202
0.34147
0.21471
0.25615
0.18006
0.11714
0.04389
0.24315
0.13340
0.30686
0.21608
0.30756
0.28282
0.28784
0.36103
0.08878
0.07693
0.13393
0.24294
0.30538
0.19156
0.10112
0.27929
0.07517
0.13010
0.22732
0.21427
0.20496
0.16047
0.09559
0.18667
0.14599
0.11214
0.24805
0.27707
0.16594
0.16740
0.21934
0.29043
0.03206
0.26303
0.06194
0.21491
0.12205
0.18121
0.28499
0.05606
0.07244
0.20267
0.24192
0.06710
0.26816
0.03121
0.11039
0.16193
0.33857
0.28703
0.20939
0.24587
0.08669
0.13033
0.32667
0.33825
0.10906
0.15766
0.08009
0.29648
0.20972
0.04854
0.17514
0.05094
0.28559
0.22292
0.15800
0.19785
0.07103
0.33992
0.19439
0.08788
0.23266
0.24851
0.10228
0.30381
0.30035
0.33303
0.13804
0.16755
0.14850
0.25671
0.31330
0.20474
0.28640
0.34795
0.08980
0.10261
0.28640
0.27601
0.07775
0.26403
0.04294
0.24070
0.25816
0.04445
0.10770
0.21396
0.08440
0.08344
0.19385
0.26208
0.12585
0.10394
0.22876
0.16436
0.09938
0.14338
0.21920
0.21660
0.26178
0.18438
0.13436
0.08011
0.05746
0.11535
0.11734
0.24951
0.22260
0.13958
0.11447
0.27903
0.21647
0.05504
0.19700
0.13934
0.03403
0.21863
0.15244
0.18057
0.26145
0.10957
0.25029
0.22599
0.12124
0.27518
0.26320
0.25409
0.12422
0.31789
0.17566
0.31786
0.10863
0.22129
0.09803
0.05988
0.07983
0.06615
0.16459
0.26183
0.12448
0.08592
0.22592
0.10959
0.21498
0.14364
0.04251
0.25807
0.11992
0.04678
0.10945
0.27091
0.07300
0.27680
0.10107
0.10315
0.19546
0.16956
0.11182
0.05534
0.09865
0.10371
0.12321
0.12534
0.11473
0.27813
0.13822
0.14794
0.20346
0.12389
0.09982
0.14443
0.20503
0.16012
0.19072
0.17475
0.13018
0.26640
0.24286
0.09341
0.12501
0.07711
0.11570
0.13153
0.07548
0.03685
0.39695
0.13181
0.08102
0.20601
0.16075
0.06318
0.16509
0.34004
0.11803
0.07029
0.28874
0.11959
0.17649
0.18140
0.16414
0.17356
0.08799
0.08856
0.17604
0.23662
0.14338
0.09834
0.20403
0.21624
0.17003
0.16649
0.31505
0.26989
0.25184
0.14120
0.11917
0.29979
0.31769
0.31771
0.04267
0.26752
0.13667
0.27567
0.15028
0.08984
0.13117
0.11220
0.09495
0.26388
0.22871
0.07679
0.07260
0.05347
0.27409
0.21295
0.22296
0.16630
0.23881
0.23514
0.15510
0.07382
0.30225
0.31343
0.32921
0.29020
0.29953
0.21505
0.25657
0.28736
0.27768
0.27907
0.07126
0.11420
0.11572
0.22954
0.05881
0.08058
0.23363
0.13641
0.17794
0.12692
0.17983
0.15886
0.27507
0.30174
0.27770
0.19701
0.25473
0.13304
0.16494
0.29930
0.11270
0.20010
0.05997
0.05476
0.16967
0.07553
0.21523
0.34636
0.09763
0.08221
0.15340
0.27845
0.12200
0.06326
0.07291
0.06500
0.10347
0.08355
0.22054
0.09041
0.27548
0.18085
0.21076
0.07340
0.17054
0.28386
0.25229
0.29209
0.33736
0.17698
0.24604
0.31995
0.32150
0.32588
0.27745
0.27928
0.31146
0.27280
0.23120
0.27154
0.20884
0.31715
0.18362
0.37097
0.28619
0.22138
0.26987
0.25303
0.27010
0.35879
0.30115
0.26834
0.28113
0.31104
0.24491
0.28917
0.30884
0.27509
0.25509
0.25702
0.31792
0.28796
0.28537
0.22540
0.30436
0.28959
0.26293
0.32949
0.19989
0.30430
0.31640
0.28665
0.31545
0.32615
0.29475
0.24061
0.29777
0.30145
0.25505
0.31154
0.30333
0.27218
0.30277
0.31811
0.19674
0.32868
0.26131
0.26631
0.29441
0.24656
0.28654
0.15049
0.26197
0.34068
0.13278
0.27163
0.25199
0.22790
0.15613
0.37269
0.30570
0.30012
0.17963
0.33064
0.26081
0.26566
0.34703
0.28214
0.31398
0.29760
0.25206
0.28613
0.19317
0.33460
0.31570
0.27062
0.16941
0.33331
0.20207
0.25379
0.27762
0.26549
0.33356
0.30599
0.21527
0.27395
0.30295
0.15815
0.20379
0.31397
0.17885
0.17322
0.17785
0.27745
0.32459
0.30003
0.29006
0.24119
0.31715
0.21314
0.32341
0.29545
0.29608
0.20585
0.28252
0.30405
0.18156
0.17848
0.34233
0.25850
0.23194
0.29993
0.29101
0.25540
0.36124
0.29395
0.23666
0.29358
0.20252
0.28419
0.31156
0.28383
0.26919
0.22651
0.17357
0.32175
0.23765
0.30949
0.22860
0.29846
0.32579
0.24412
0.18363
0.23487
0.29779
0.21079
0.30687
0.18803
0.24322
0.24598
0.20423
0.24836
0.31239
0.30949
0.28424
0.27117
0.24133
0.30594
0.20431
0.24692
0.24426
0.26676
0.30118
0.14733
0.17740
0.28639
0.29252
0.24162
0.17125
0.18972
0.26844
0.24181
0.25551
0.27216
0.32903
0.14939
0.27487
0.26160
0.30676
0.19575
0.30576
0.27733
0.25529
0.38538
0.19714
0.28561
0.21931
0.31117
0.28330
0.29650
0.26145
0.30629
0.26763
0.19056
0.30978
0.27550
0.28631
0.27270
0.22474
0.32863
0.23360
0.22860
0.23545
0.31509
0.26584
0.29239
0.23049
0.27433
0.28196
0.25781
0.17641
0.26979
0.24252
0.29800
0.22828
0.32435
0.23041
0.29274
0.27511
0.26400
0.28273
0.15513
0.25601
0.29754
0.30738
0.29385
0.31117
0.31273
0.25047
0.26710
0.25646
0.28758
0.28940
0.30538
0.24487
0.16980
0.31112
0.28174
0.25680
0.29838
0.18968
0.31420
0.30817
0.24571
0.20514
0.27249
0.28765
0.31181
0.28618
0.25050
0.31428
0.32423
0.14377
0.23735
0.28561
0.29354
0.31018
0.30708
0.31195
0.24197
0.20746
0.17289
0.28695
0.30232
0.34437
0.29907
0.29465
0.30768
0.22926
0.25706
0.24002
0.27242
0.18379
0.30829
0.24563
0.22077
0.31402
0.29610
0.28138
0.24554
0.28777
0.27294
0.36082
0.33032
0.24967
0.24810
0.19555
0.32437
0.28419
0.14517
0.29798
0.17816
0.27143
0.28672
0.23069
0.29064
0.22639
0.29000
0.20130
0.28118
0.25098
0.31468
0.28297
0.29117
0.20348
0.25318
0.26090
0.24234
0.23089
0.30136
0.27834
0.33874
0.25505
0.27429
0.30868
0.27963
0.26065
0.27979
0.19014
0.32509
0.27172
0.32589
0.26418
0.27030
0.33186
0.27596
0.28334
0.32379
0.18760
0.23568
0.31383
0.26585
0.32307
0.29915
0.29722
0.34039
0.37418
0.26215
0.31819
0.26388
0.27129
0.27999
0.32977
0.28586
0.27587
0.30616
0.30123
0.30715
0.30630
0.36101
0.18347
0.29360
0.30030
0.25104
0.31060
0.32291
0.23491
0.25847
0.32042
0.22007
0.29953
0.26377
0.29594
0.27379
0.28264
0.29508
0.25751
0.29928
0.33127
0.29409
0.27000
0.31642
0.29447
0.32150
0.30216
0.26578
0.13302
0.25776
0.33591
0.36338
0.31826
0.31520
0.40026
0.38171
0.28296
0.19938
0.30507
0.36279
0.28759
0.22447
0.31234
0.35430
0.23648
0.25013
0.32507
0.25208
0.26528
0.25431
0.35017
0.36632
0.41500
0.30631
0.31490
0.28160
0.38118
0.26632
0.28651
0.32359
0.35940
0.27107
0.16792
0.31348
0.45166
0.26122
0.41367
0.41693
0.20773
0.29300
0.35378
0.32763
0.29736
0.25184
0.27133
0.19453
0.29450
0.31839
0.30176
0.29254
0.38266
0.30780
0.28149
0.25688
0.24291
0.24780
0.39295
0.23484
0.13045
0.33976
0.16036
0.17371
0.40410
0.14524
0.28039
0.21194
0.26569
0.25480
0.42836
0.18462
0.32713
0.39178
0.25483
0.18405
0.26055
0.26696
0.21320
0.36885
0.19328
0.37002
0.34576
0.25828
0.23832
0.25055
0.35145
0.27952
0.19683
0.32645
0.41826
0.30738
0.29899
0.34900
0.35273
0.22014
0.25667
0.28747
0.39658
0.20328
0.24034
0.22334
0.38172
0.27569
0.26641
0.27664
0.33268
0.38440
0.25285
0.30515
0.33113
0.29819
0.27780
0.25427
0.37355
0.29967
0.23664
0.29946
0.30761
0.35061
0.27492
0.31140
0.23926
0.35213
0.26133
0.25578
0.31360
0.32606
0.23225
0.28478
0.24450
0.31461
0.21432
0.04412
0.09212
0.17921
0.21776
0.29478
0.20062
0.24162
0.29823
0.17883
0.05297
0.20744
0.07698
0.29200
0.25373
0.18726
0.29358
0.11095
0.11060
0.17448
0.27310
0.09967
0.17268
0.27023
0.25539
0.13835
0.21341
0.26205
0.10223
0.26279
0.23182
0.08230
0.06362
0.18688
0.24091
0.20495
0.23284
0.19566
0.25836
0.05604
0.08135
0.04580
0.07605
0.25068
0.10985
0.13505
0.16779
0.21609
0.18597
0.22911
0.20787
0.03237
0.26459
0.11058
0.09311
0.19958
0.19449
0.24705
0.09116
0.08449
0.17241
0.21252
0.28971
0.28197
0.03002
0.08368
0.16764
0.19574
0.14731
0.18635
0.10153
0.23913
0.13953
0.09292
0.24313
0.30631
0.13288
0.15189
0.15534
0.08905
0.06020
0.17789
0.10450
0.18291
0.25556
0.28758
0.19610
0.29717
0.24794
0.24318
0.19861
0.21500
0.21457
0.03298
0.27615
0.08855
0.06460
0.22553
0.21586
0.28513
0.26918
0.04998
0.07051
0.17806
0.26818
0.18935
0.29235
0.06147
0.20641
0.30409
0.18441
0.24650
0.08701
0.03391
0.04009
0.12762
0.07721
0.10700
0.24623
0.28320
0.10014
0.15920
0.05841
0.12588
0.10529
0.24557
