0.10086
0.10000
0.07517
0.27049
0.10250
0.15513
0.20151
0.13820
0.18701
0.08811
0.19554
0.12576
0.12852
0.12294
0.13060
0.24354
0.15383
0.11946
0.08595
0.14603
0.29964
0.18517
0.15730
0.05567
0.22427
0.15399
0.13024
0.26625
0.13486
0.22419
0.16054
0.21626
0.15775
0.11340
0.12326
0.10929
0.12360
0.09098
0.14306
0.17988
0.30457
0.28109
0.11345
0.15959
0.27484
0.24823
0.18741
0.22944
0.16461
0.18438
0.11403
0.14321
0.14481
0.28885
0.09007
0.26706
0.22055
0.12124
0.13762
0.09626
0.28748
0.27729
0.13961
0.20735
0.29838
0.33300
0.06394
0.18101
0.14162
0.10277
0.13735
0.30230
0.27360
0.22095
0.25245
0.16614
0.08840
0.04231
0.22578
0.15634
0.31589
0.18746
0.33644
0.26463
0.32198
0.37270
0.10366
0.08606
0.16507
0.24944
0.34803
0.17345
0.10153
0.24209
0.09169
0.15813
0.21726
0.21610
0.18111
0.15928
0.09434
0.18730
0.12067
0.10740
0.23135
0.27311
0.17294
0.18235
0.21816
0.28753
0.06279
0.23191
0.09922
0.23325
0.11937
0.20273
0.28408
0.07377
0.08833
0.17908
0.27159
0.09283
0.27241
0.04343
0.13058
0.17150
0.31986
0.23972
0.23602
0.26149
0.11737
0.18085
0.32007
0.34193
0.11206
0.17342
0.08770
0.28485
0.27520
0.05735
0.18298
0.07020
0.30651
0.20835
0.13523
0.20650
0.14463
0.37051
0.17983
0.08813
0.16152
0.24357
0.09881
0.31505
0.30108
0.34990
0.18075
0.19251
0.16959
0.20032
0.28418
0.25843
0.29776
0.33377
0.09659
0.10626
0.29959
0.30308
0.09279
0.27456
0.03949
0.22575
0.22515
0.05299
0.15060
0.21171
0.10216
0.11144
0.18652
0.30302
0.08467
0.10832
0.20916
0.18265
0.11617
0.17662
0.21653
0.28635
0.28027
0.15984
0.12244
0.06526
0.05021
0.14990
0.17022
0.25670
0.24157
0.18251
0.07647
0.27481
0.20449
0.08796
0.19581
0.15401
0.09307
0.24914
0.17005
0.19817
0.26185
0.13566
0.25949
0.23655
0.11721
0.24008
0.25971
0.24494
0.13123
0.28683
0.23681
0.33480
0.13570
0.22816
0.09166
0.11127
0.13567
0.04948
0.18257
0.23499
0.15674
0.06714
0.24423
0.14983
0.19714
0.11841
0.08822
0.27736
0.12688
0.08520
0.11641
0.26029
0.10610
0.30259
0.11733
0.11475
0.17921
0.23826
0.10574
0.05311
0.13570
0.10659
0.12917
0.17958
0.10164
0.26992
0.12313
0.17481
0.18815
0.05763
0.05804
0.14536
0.17592
0.18549
0.18968
0.21677
0.15921
0.24721
0.24716
0.10281
0.15918
0.08528
0.09395
0.12937
0.10173
0.06918
0.32521
0.21053
0.06582
0.15235
0.11771
0.09952
0.16991
0.32901
0.13239
0.13235
0.30140
0.11706
0.21684
0.15484
0.16667
0.15085
0.12156
0.09955
0.21244
0.22804
0.19328
0.10439
0.19344
0.15896
0.20593
0.16811
0.31045
0.28664
0.27048
0.15526
0.13938
0.31325
0.28089
0.33554
0.05803
0.27252
0.10354
0.28157
0.16680
0.11063
0.13767
0.12515
0.11106
0.23069
0.25882
0.05888
0.09788
0.12636
0.26815
0.20469
0.20634
0.19461
0.24204
0.25746
0.14758
0.07706
0.25568
0.28365
0.37579
0.26353
0.30428
0.22797
0.24720
0.29645
0.25744
0.25816
0.04904
0.10656
0.14352
0.22867
0.07664
0.07484
0.20925
0.14789
0.22473
0.17871
0.18613
0.11344
0.30215
0.26800
0.23189
0.21043
0.28150
0.14885
0.14385
0.32230
0.10921
0.21070
0.08744
0.14860
0.23802
0.04510
0.23366
0.34791
0.10255
0.09304
0.18187
0.25614
0.10519
0.05780
0.09209
0.11787
0.09459
0.09586
0.18995
0.10307
0.28396
0.17706
0.23951
0.10586
0.18595
0.28368
0.21131
0.27148
0.33257
0.19779
0.23886
0.31923
0.28752
0.29839
0.27621
0.27146
0.31248
0.26007
0.22464
0.25226
0.21580
0.28358
0.18887
0.35807
0.31709
0.27133
0.26132
0.26006
0.23623
0.35312
0.26804
0.22638
0.27540
0.30904
0.25377
0.23369
0.28784
0.27599
0.25310
0.25984
0.27545
0.30042
0.25201
0.25308
0.32736
0.24705
0.24345
0.31898
0.20177
0.30938
0.31444
0.29924
0.28129
0.27765
0.27467
0.25076
0.26768
0.31787
0.23840
0.28614
0.27831
0.25532
0.25922
0.30385
0.20617
0.27955
0.27086
0.25461
0.27837
0.29693
0.25104
0.16147
0.23555
0.32683
0.13163
0.27088
0.22463
0.22224
0.16891
0.35783
0.30807
0.27333
0.18051
0.33242
0.26757
0.28530
0.32734
0.28013
0.28191
0.29582
0.25483
0.28351
0.20061
0.32473
0.27882
0.26401
0.18644
0.33779
0.22488
0.23748
0.27143
0.25089
0.33156
0.29124
0.20888
0.28694
0.26515
0.19395
0.18207
0.29189
0.17430
0.19817
0.17932
0.30361
0.29704
0.26648
0.24702
0.24849
0.26739
0.20823
0.28568
0.26875
0.25193
0.22314
0.27157
0.27497
0.23112
0.19556
0.33712
0.27570
0.18108
0.29658
0.29686
0.23222
0.35266
0.28071
0.23715
0.27802
0.19400
0.27544
0.30429
0.29087
0.29067
0.25199
0.16674
0.29807
0.23720
0.28335
0.21443
0.26407
0.30017
0.27543
0.20722
0.24335
0.27762
0.20295
0.27524
0.20184
0.24163
0.25026
0.24221
0.22190
0.30341
0.29174
0.30181
0.21131
0.22944
0.30184
0.24076
0.23423
0.21936
0.27240
0.32308
0.17004
0.18325
0.28157
0.25044
0.21391
0.16109
0.24151
0.24982
0.23026
0.25093
0.24385
0.29313
0.19809
0.25245
0.23753
0.25789
0.17794
0.28572
0.26923
0.24253
0.38074
0.20181
0.30432
0.21511
0.32394
0.29545
0.23257
0.27227
0.26987
0.26199
0.20105
0.30441
0.29227
0.25751
0.26075
0.24441
0.30881
0.25404
0.24482
0.23897
0.30594
0.22390
0.28299
0.23480
0.25071
0.28075
0.26459
0.20669
0.23698
0.26106
0.32066
0.21437
0.32656
0.24132
0.25644
0.25298
0.26669
0.27395
0.15687
0.21291
0.30658
0.27667
0.24118
0.27617
0.30034
0.27417
0.23517
0.23426
0.28481
0.29519
0.26599
0.24962
0.19892
0.27432
0.28645
0.27435
0.25978
0.24397
0.29567
0.28174
0.20052
0.20311
0.27432
0.27650
0.28872
0.27400
0.24349
0.33280
0.32305
0.15514
0.25962
0.28461
0.25065
0.26809
0.28417
0.31174
0.24671
0.21440
0.20649
0.25947
0.27617
0.32941
0.29800
0.28211
0.26400
0.23624
0.28808
0.26028
0.24650
0.18369
0.32434
0.23669
0.26697
0.32522
0.29103
0.25822
0.24783
0.26036
0.27218
0.31359
0.31432
0.25995
0.26156
0.19932
0.31108
0.30632
0.13119
0.26185
0.19546
0.23027
0.25816
0.26528
0.28100
0.24966
0.25269
0.21733
0.24508
0.24287
0.30850
0.24842
0.25397
0.20077
0.25118
0.26125
0.24362
0.21599
0.33143
0.25103
0.30917
0.27300
0.23247
0.27760
0.26553
0.22902
0.26208
0.19372
0.29827
0.25555
0.32235
0.24109
0.29318
0.32646
0.25609
0.24774
0.28782
0.17580
0.21938
0.28146
0.20960
0.28222
0.27828
0.26962
0.32110
0.35578
0.30678
0.32167
0.28132
0.29545
0.28857
0.32349
0.24905
0.27659
0.28904
0.30329
0.27052
0.29140
0.35664
0.20270
0.24359
0.32063
0.25311
0.29986
0.32798
0.26417
0.25100
0.32317
0.23086
0.27451
0.26476
0.27107
0.24306
0.25961
0.23905
0.27589
0.27465
0.31083
0.27937
0.26162
0.28953
0.27631
0.29287
0.25671
0.29128
0.13003
0.27726
0.33504
0.34755
0.32714
0.33059
0.40709
0.40472
0.28002
0.18095
0.30632
0.37361
0.29519
0.22754
0.29212
0.35659
0.25019
0.24892
0.34665
0.24006
0.26859
0.23981
0.35290
0.37576
0.42326
0.27367
0.28827
0.26213
0.39088
0.25213
0.29858
0.29542
0.33506
0.26392
0.18811
0.32023
0.45613
0.26602
0.41768
0.41836
0.22431
0.29625
0.36582
0.31574
0.28700
0.24650
0.28571
0.24161
0.28522
0.30139
0.30462
0.28852
0.37925
0.25934
0.28247
0.26032
0.23084
0.24550
0.40540
0.22507
0.14821
0.34681
0.13095
0.18744
0.41555
0.17865
0.28101
0.21898
0.26750
0.24585
0.40326
0.21888
0.33337
0.39903
0.26608
0.23698
0.25809
0.24791
0.20710
0.37393
0.19004
0.36729
0.36035
0.27656
0.27549
0.23549
0.35802
0.31088
0.22351
0.32310
0.40273
0.34057
0.30541
0.37232
0.37730
0.22944
0.28019
0.28443
0.38111
0.22947
0.23407
0.25868
0.36354
0.28407
0.26938
0.26294
0.32735
0.37521
0.24864
0.29321
0.34281
0.31520
0.28845
0.26754
0.38675
0.28952
0.28786
0.29907
0.30207
0.35983
0.26999
0.31397
0.24005
0.35323
0.27935
0.24960
0.32309
0.29299
0.24388
0.28876
0.21326
0.32080
0.22475
0.05580
0.22172
0.24006
0.24770
0.26369
0.21195
0.26631
0.33683
0.19130
0.05638
0.17883
0.05066
0.30223
0.24792
0.15903
0.27931
0.06236
0.08945
0.20167
0.27566
0.09945
0.15007
0.19551
0.23856
0.19726
0.20992
0.25404
0.06300
0.32510
0.25790
0.02494
0.11770
0.13501
0.27298
0.18198
0.24446
0.20305
0.32781
0.04758
0.09342
0.05607
0.08392
0.29176
0.16690
0.20634
0.14608
0.31536
0.13247
0.27478
0.21818
0.07883
0.24500
0.08515
0.06792
0.29862
0.20060
0.19599
0.06106
0.11626
0.17502
0.20365
0.30712
0.20252
0.05205
0.07445
0.18662
0.18800
0.16415
0.09658
0.13813
0.27349
0.20153
0.18277
0.25253
0.27425
0.10323
0.16332
0.22001
0.10088
0.03099
0.23597
0.19244
0.18209
0.25975
0.28377
0.19413
0.32424
0.23596
0.21872
0.21921
0.21305
0.24014
0.05579
0.28701
0.10666
0.10036
0.21152
0.23986
0.30502
0.24913
0.02770
0.11525
0.06809
0.21453
0.17909
0.29658
0.12498
0.16763
0.29761
0.16955
0.24889
0.15776
0.04227
0.04652
0.19515
0.07902
0.07285
0.26054
0.26041
0.10745
0.09411
0.04617
0.15390
0.07428
0.27732
