0.11505
0.08695
0.05515
0.24530
0.05305
0.14219
0.22412
0.17167
0.17110
0.07730
0.21037
0.15450
0.16030
0.11493
0.06526
0.22980
0.13975
0.09681
0.07680
0.14655
0.30043
0.10831
0.13436
0.03214
0.22535
0.16118
0.11229
0.27374
0.08909
0.21030
0.07649
0.24287
0.13586
0.11777
0.07517
0.10305
0.12203
0.06223
0.09772
0.14658
0.29174
0.29016
0.10698
0.14701
0.30174
0.21163
0.17898
0.23765
0.18582
0.11095
0.10317
0.12252
0.15515
0.29681
0.09141
0.21885
0.22268
0.14108
0.14604
0.05398
0.28175
0.28904
0.12930
0.18825
0.24536
0.33054
0.04009
0.17083
0.12543
0.04864
0.14081
0.29991
0.31920
0.18161
0.28637
0.13257
0.08113
0.02243
0.24758
0.16289
0.30785
0.21637
0.33831
0.28713
0.29383
0.35331
0.09701
0.06866
0.12029
0.27199
0.31929
0.19721
0.08523
0.25963
0.05252
0.14271
0.18755
0.23482
0.21993
0.18887
0.09040
0.15610
0.10265
0.13988
0.22402
0.28450
0.12992
0.16293
0.18141
0.29488
0.02804
0.27482
0.09745
0.22431
0.10913
0.19450
0.26948
0.07162
0.06982
0.21037
0.24829
0.04875
0.27639
0.03765
0.09746
0.16706
0.32201
0.27947
0.16820
0.26001
0.07861
0.14456
0.32257
0.31971
0.10325
0.16179
0.05020
0.27879
0.25751
0.05585
0.19419
0.02005
0.29052
0.17259
0.15767
0.25284
0.09988
0.36829
0.19983
0.08552
0.13559
0.27876
0.10854
0.33182
0.34060
0.31512
0.12374
0.19475
0.15091
0.24369
0.29072
0.27427
0.29163
0.33311
0.10321
0.08767
0.31140
0.28480
0.08841
0.28691
0.04215
0.23762
0.23432
0.04347
0.10188
0.20867
0.06360
0.09326
0.13755
0.26298
0.08164
0.10320
0.22679
0.14356
0.11522
0.13194
0.23698
0.26348
0.25546
0.22902
0.10992
0.07055
0.03833
0.13183
0.11982
0.26192
0.19872
0.13747
0.09569
0.28505
0.24484
0.08427
0.16612
0.18040
0.03615
0.22963
0.08110
0.21494
0.26919
0.08526
0.25843
0.24748
0.12375
0.26424
0.29248
0.25251
0.13734
0.30361
0.22455
0.35495
0.10141
0.17440
0.13206
0.08593
0.06947
0.05318
0.17762
0.18842
0.15522
0.05128
0.24218
0.11087
0.26233
0.12872
0.05001
0.29419
0.13121
0.03997
0.11746
0.28714
0.09685
0.33324
0.09394
0.10972
0.15542
0.23063
0.09782
0.06516
0.11988
0.10018
0.11289
0.09576
0.11885
0.24949
0.14756
0.14093
0.21081
0.06780
0.04911
0.14639
0.19734
0.13237
0.20842
0.19827
0.15697
0.22960
0.26902
0.09479
0.21118
0.08618
0.12648
0.12345
0.05815
0.04213
0.35996
0.21889
0.06912
0.17574
0.15265
0.04410
0.17129
0.32526
0.13118
0.09326
0.32079
0.11432
0.23765
0.16165
0.15821
0.11783
0.07862
0.08511
0.20770
0.20137
0.15680
0.09662
0.21231
0.16429
0.20914
0.12484
0.31518
0.26601
0.26240
0.10427
0.10564
0.30264
0.28663
0.30906
0.02488
0.26493
0.14520
0.27143
0.11406
0.05936
0.17504
0.12187
0.11766
0.21297
0.25103
0.05849
0.06707
0.05477
0.27743
0.14474
0.22986
0.18997
0.26593
0.22647
0.15557
0.07446
0.20289
0.22863
0.36782
0.27816
0.34603
0.23294
0.24716
0.30276
0.27105
0.28114
0.07537
0.07913
0.09110
0.23879
0.06169
0.08816
0.21310
0.12999
0.22268
0.11017
0.18056
0.13695
0.24603
0.30370
0.25905
0.19740
0.28685
0.13620
0.15659
0.32961
0.07722
0.22601
0.03894
0.06283
0.22083
0.05104
0.21203
0.33819
0.05969
0.06961
0.15430
0.24456
0.11355
0.07504
0.05318
0.03871
0.09950
0.08342
0.20184
0.03802
0.28997
0.15519
0.23049
0.08227
0.18352
0.29826
0.19183
0.24287
0.34791
0.16663
0.26720
0.30900
0.26532
0.29342
0.28364
0.24491
0.34848
0.22496
0.25656
0.23150
0.21394
0.27341
0.19922
0.36755
0.32961
0.25086
0.23301
0.24882
0.25233
0.34297
0.25888
0.20502
0.31189
0.33722
0.19520
0.23246
0.32091
0.27502
0.25312
0.24763
0.26121
0.31605
0.22561
0.24807
0.34785
0.23217
0.21221
0.29940
0.16434
0.29692
0.34101
0.29220
0.28813
0.27586
0.25247
0.23955
0.27162
0.33710
0.21067
0.27287
0.31844
0.23437
0.28504
0.30016
0.19383
0.27677
0.25522
0.27522
0.30872
0.29236
0.24452
0.19247
0.28634
0.35547
0.13670
0.27377
0.20599
0.18217
0.15271
0.34206
0.31101
0.31438
0.16973
0.35227
0.26154
0.27623
0.36715
0.31197
0.27634
0.28335
0.24702
0.27317
0.19426
0.34118
0.27266
0.24048
0.16749
0.32052
0.21881
0.25637
0.28034
0.25189
0.34616
0.31977
0.21203
0.31060
0.30210
0.18275
0.15249
0.26531
0.18425
0.20508
0.16212
0.28453
0.33654
0.24344
0.23351
0.24925
0.28380
0.21729
0.27655
0.23819
0.25297
0.19898
0.27722
0.26069
0.23090
0.16197
0.33057
0.29345
0.16145
0.28842
0.31910
0.24815
0.32778
0.31125
0.22701
0.26769
0.18811
0.29792
0.29910
0.26490
0.27127
0.22044
0.17414
0.28542
0.22111
0.26291
0.22566
0.24653
0.28201
0.29053
0.20707
0.21448
0.27723
0.19983
0.27103
0.20515
0.23072
0.22811
0.22115
0.19554
0.29800
0.32867
0.31979
0.19982
0.21327
0.32306
0.21226
0.18434
0.19246
0.29534
0.30463
0.17505
0.18553
0.29744
0.25760
0.19174
0.17070
0.21638
0.26033
0.20416
0.24611
0.24489
0.28460
0.17753
0.21721
0.27485
0.24943
0.19764
0.26910
0.27171
0.25513
0.36155
0.20328
0.28069
0.21194
0.35255
0.31286
0.22743
0.26901
0.26908
0.26358
0.20195
0.28295
0.27616
0.23661
0.29152
0.23939
0.34596
0.25931
0.27791
0.21880
0.34267
0.20342
0.26289
0.22919
0.23781
0.27506
0.25791
0.20704
0.21704
0.24896
0.29795
0.22412
0.30462
0.23233
0.24001
0.29505
0.28444
0.27387
0.15829
0.20754
0.32251
0.32550
0.23224
0.25917
0.28587
0.26541
0.21627
0.19074
0.28876
0.27820
0.25181
0.25663
0.18380
0.26890
0.30596
0.26307
0.23882
0.26223
0.33336
0.26571
0.19038
0.19506
0.28251
0.29108
0.26128
0.24381
0.25066
0.34020
0.34344
0.15757
0.26089
0.30958
0.25658
0.24830
0.29360
0.33066
0.22299
0.19016
0.16737
0.24799
0.24676
0.34943
0.29244
0.28807
0.25957
0.23997
0.26151
0.28733
0.26937
0.17509
0.32042
0.20500
0.22590
0.33279
0.29486
0.23401
0.26355
0.24602
0.30530
0.30636
0.34222
0.24629
0.27905
0.19371
0.29706
0.31197
0.15419
0.24254
0.18089
0.21319
0.25297
0.25566
0.25649
0.23791
0.24014
0.23289
0.20802
0.24420
0.34403
0.26255
0.24615
0.20764
0.28847
0.24666
0.24024
0.19309
0.32696
0.28335
0.31939
0.25527
0.21823
0.27122
0.27390
0.19941
0.25518
0.19344
0.29914
0.27348
0.33114
0.27985
0.30205
0.35030
0.27301
0.23688
0.26312
0.15726
0.21538
0.25349
0.19939
0.28399
0.31090
0.25542
0.30272
0.37583
0.30640
0.33110
0.27280
0.31747
0.27654
0.34106
0.23182
0.27335
0.31873
0.32635
0.27422
0.32826
0.38667
0.21325
0.23766
0.32125
0.22619
0.32620
0.30548
0.23354
0.25027
0.34410
0.21840
0.25876
0.30772
0.25557
0.22964
0.22078
0.23407
0.28965
0.28939
0.28964
0.27683
0.22684
0.27450
0.26763
0.28705
0.25377
0.26300
0.16730
0.31858
0.30906
0.35737
0.28599
0.30629
0.40556
0.39231
0.26399
0.21067
0.27899
0.38851
0.28887
0.23536
0.27563
0.35813
0.25629
0.22039
0.34065
0.22781
0.26865
0.22363
0.31401
0.37059
0.42116
0.26546
0.26967
0.24753
0.37356
0.29022
0.31184
0.27316
0.32305
0.24220
0.17713
0.31770
0.43197
0.26066
0.38491
0.41681
0.21596
0.27068
0.35314
0.31211
0.29625
0.23990
0.24617
0.22195
0.28342
0.30170
0.30322
0.29016
0.36383
0.25037
0.25481
0.24291
0.22309
0.23460
0.37655
0.21468
0.16832
0.34522
0.15706
0.16601
0.37606
0.16748
0.27818
0.22179
0.25833
0.24921
0.41719
0.21622
0.30916
0.38413
0.23567
0.23865
0.24011
0.26640
0.21751
0.34572
0.20614
0.36284
0.34549
0.24506
0.25606
0.21463
0.34136
0.28157
0.22273
0.33854
0.40276
0.33515
0.28504
0.33668
0.34920
0.20233
0.25197
0.27604
0.39762
0.20597
0.22466
0.25588
0.34696
0.26101
0.26237
0.25252
0.31220
0.37411
0.24740
0.26508
0.32769
0.28598
0.27727
0.26564
0.37864
0.25775
0.28318
0.28067
0.27076
0.32728
0.28356
0.29032
0.24154
0.31772
0.24423
0.23411
0.29596
0.28050
0.19749
0.26984
0.20366
0.28181
0.15532
0.02031
0.13225
0.23576
0.22141
0.27801
0.21709
0.24195
0.35570
0.20770
0.04769
0.18627
0.06133
0.25804
0.27036
0.16071
0.26044
0.07541
0.08838
0.18340
0.26075
0.07448
0.12199
0.18691
0.28809
0.24001
0.21462
0.29768
0.05751
0.30392
0.24597
0.04939
0.03502
0.13381
0.24201
0.10717
0.25811
0.20733
0.27979
0.03968
0.08123
0.07344
0.10368
0.30228
0.10375
0.12365
0.18226
0.27145
0.16690
0.22561
0.21117
0.06866
0.28352
0.09180
0.07686
0.24369
0.19368
0.21280
0.05745
0.05737
0.19225
0.19483
0.27918
0.27024
0.03842
0.10227
0.16438
0.20985
0.16770
0.15377
0.15531
0.24694
0.23733
0.11999
0.24717
0.31471
0.05225
0.18306
0.15614
0.06474
0.05106
0.18600
0.13185
0.19633
0.25953
0.28101
0.20844
0.30014
0.23372
0.20415
0.15881
0.22375
0.23542
0.02955
0.24877
0.11334
0.06262
0.18889
0.24502
0.30732
0.25690
0.11005
0.08706
0.09589
0.24129
0.14917
0.22484
0.08912
0.21906
0.27147
0.17980
0.25025
0.08960
0.08201
0.07805
0.17240
0.03691
0.08350
0.25812
0.30649
0.09345
0.09698
0.02966
0.09010
0.09894
0.15606
