0.12138
0.10196
0.06733
0.24162
0.06364
0.13856
0.19981
0.17265
0.17546
0.05877
0.20754
0.12058
0.15558
0.11520
0.14515
0.22918
0.12381
0.10784
0.05709
0.14561
0.30716
0.16203
0.13159
0.09891
0.18019
0.14980
0.16508
0.26995
0.07399
0.20464
0.17692
0.30554
0.15222
0.10105
0.10168
0.09376
0.09866
0.07750
0.10551
0.14923
0.30699
0.26939
0.08903
0.10615
0.25307
0.23111
0.13990
0.21437
0.15590
0.13724
0.09427
0.12929
0.13449
0.31131
0.09002
0.24624
0.25024
0.11697
0.09761
0.08151
0.28271
0.29755
0.10868
0.22106
0.31837
0.29432
0.03458
0.19478
0.09178
0.07197
0.12271
0.27759
0.34081
0.21550
0.24294
0.13748
0.11806
0.04259
0.20228
0.14704
0.31273
0.23165
0.31340
0.27649
0.28799
0.36121
0.10100
0.13376
0.13569
0.28768
0.32983
0.15454
0.09271
0.26730
0.06428
0.15290
0.22372
0.22362
0.19093
0.14144
0.08843
0.17754
0.11622
0.11847
0.21329
0.28860
0.12099
0.16620
0.16746
0.26964
0.03817
0.26505
0.10534
0.24253
0.10733
0.16167
0.27497
0.06584
0.06098
0.17959
0.22566
0.06563
0.27171
0.01844
0.12300
0.17461
0.30263
0.27041
0.17786
0.26553
0.09229
0.12227
0.29714
0.33563
0.10106
0.15143
0.07055
0.28386
0.24137
0.07627
0.19624
0.05419
0.29953
0.21684
0.11471
0.24640
0.09462
0.34933
0.17982
0.08731
0.18240
0.22329
0.10433
0.30326
0.32707
0.34149
0.13921
0.14147
0.13243
0.18138
0.29155
0.29101
0.24494
0.32424
0.08953
0.11166
0.30111
0.28432
0.08996
0.27478
0.04235
0.21898
0.24571
0.03013
0.14587
0.21188
0.07050
0.10859
0.12987
0.25470
0.09326
0.11594
0.20507
0.15182
0.07189
0.13992
0.21440
0.24458
0.23354
0.21767
0.12537
0.04634
0.08488
0.15293
0.14039
0.24066
0.20477
0.16655
0.10885
0.30944
0.24310
0.06373
0.19491
0.14459
0.06515
0.23795
0.11776
0.18460
0.25436
0.14361
0.25195
0.23588
0.08497
0.25534
0.24068
0.26038
0.12984
0.26215
0.20247
0.32289
0.11042
0.18982
0.12229
0.07042
0.13332
0.05589
0.16229
0.19526
0.16564
0.06907
0.25936
0.12791
0.21314
0.14100
0.03093
0.28371
0.11117
0.06373
0.10001
0.29596
0.08605
0.29742
0.09465
0.11079
0.16017
0.21665
0.11475
0.05682
0.11036
0.10211
0.11541
0.12015
0.11471
0.26904
0.12666
0.18201
0.19757
0.10376
0.05325
0.14051
0.18706
0.14647
0.20674
0.15897
0.14261
0.25569
0.24456
0.09567
0.18304
0.05509
0.14264
0.12706
0.09335
0.02277
0.35544
0.15784
0.11607
0.21214
0.14367
0.10589
0.15925
0.34067
0.14548
0.05018
0.31791
0.12403
0.19418
0.19403
0.16551
0.15425
0.07040
0.06524
0.18191
0.23384
0.16437
0.09695
0.18189
0.19110
0.16495
0.15058
0.33291
0.24633
0.25709
0.18113
0.12310
0.30316
0.32967
0.31322
0.03092
0.26932
0.12583
0.29594
0.17363
0.10816
0.12476
0.11697
0.08749
0.20810
0.25123
0.06528
0.08914
0.06011
0.29009
0.17684
0.22279
0.20461
0.23791
0.25297
0.16978
0.06187
0.29280
0.27911
0.36948
0.27999
0.33883
0.20853
0.24065
0.29757
0.27136
0.29990
0.06858
0.08527
0.14122
0.23942
0.07332
0.12816
0.18196
0.15893
0.17541
0.12318
0.16951
0.12213
0.27812
0.27649
0.26208
0.21791
0.31981
0.11949
0.16869
0.32364
0.06818
0.17764
0.06224
0.07901
0.23741
0.05048
0.23515
0.37271
0.07738
0.09962
0.16066
0.23759
0.10513
0.04619
0.06696
0.07607
0.08057
0.06058
0.17156
0.07524
0.28459
0.19167
0.19664
0.09103
0.17724
0.29645
0.19168
0.25708
0.35311
0.15391
0.29082
0.30638
0.27485
0.30260
0.28360
0.22600
0.35010
0.23720
0.24470
0.25395
0.21992
0.27809
0.18716
0.38000
0.31413
0.26362
0.23709
0.24672
0.24734
0.33656
0.27249
0.22648
0.31312
0.34229
0.21658
0.23343
0.32483
0.27856
0.22932
0.25934
0.27515
0.30003
0.22621
0.23850
0.34001
0.24051
0.21598
0.29575
0.18597
0.30825
0.35171
0.30053
0.27405
0.29396
0.28038
0.24372
0.27239
0.33501
0.18802
0.27140
0.31679
0.24531
0.27721
0.28431
0.19663
0.28079
0.26812
0.28633
0.31215
0.29778
0.24541
0.19104
0.27978
0.36166
0.15234
0.29426
0.20662
0.17283
0.21621
0.36459
0.29263
0.32909
0.16005
0.34980
0.27275
0.28522
0.36132
0.30988
0.27076
0.30276
0.23001
0.27863
0.17267
0.36225
0.26808
0.22625
0.16270
0.32018
0.21207
0.27890
0.29831
0.26332
0.35309
0.32367
0.23348
0.33406
0.32906
0.18686
0.18170
0.26458
0.18409
0.19457
0.13913
0.28632
0.33910
0.24425
0.24779
0.24467
0.27209
0.21750
0.30917
0.26640
0.27917
0.18139
0.28386
0.28193
0.24328
0.16211
0.34583
0.29588
0.19019
0.28157
0.31946
0.26494
0.36507
0.31051
0.24744
0.27040
0.22799
0.29007
0.30826
0.26184
0.25873
0.21660
0.15996
0.29975
0.24376
0.27035
0.23883
0.26203
0.30866
0.29882
0.20941
0.21998
0.28649
0.22251
0.27162
0.19602
0.21782
0.20985
0.20821
0.21359
0.29968
0.32534
0.32628
0.21700
0.18184
0.32477
0.19671
0.20933
0.21427
0.31523
0.30239
0.15215
0.18678
0.27042
0.27296
0.18720
0.15775
0.20856
0.25557
0.20539
0.24834
0.25130
0.30661
0.17556
0.22417
0.27640
0.26899
0.20180
0.26376
0.24040
0.25215
0.38235
0.18528
0.26710
0.24904
0.36264
0.30796
0.24414
0.28039
0.25734
0.27449
0.18267
0.31279
0.28879
0.23817
0.28715
0.28046
0.34085
0.24408
0.28950
0.20745
0.34194
0.21942
0.26079
0.22865
0.24252
0.28068
0.25146
0.22400
0.24463
0.23011
0.31738
0.21625
0.30756
0.23617
0.25440
0.30114
0.28984
0.32197
0.13542
0.20775
0.32934
0.31385
0.23619
0.26813
0.29096
0.27684
0.22512
0.21575
0.30180
0.28880
0.27012
0.26048
0.19769
0.26964
0.30751
0.26249
0.25123
0.22837
0.33575
0.25989
0.18426
0.19311
0.28025
0.28670
0.27474
0.24752
0.22643
0.36269
0.33890
0.15538
0.25198
0.31542
0.24969
0.25558
0.30953
0.33240
0.22551
0.18198
0.19184
0.25527
0.25843
0.35974
0.28211
0.29884
0.26832
0.22650
0.26316
0.29820
0.28204
0.16874
0.33713
0.20034
0.24508
0.34310
0.30603
0.25092
0.25589
0.23433
0.28920
0.31033
0.34054
0.22944
0.27806
0.20353
0.27466
0.31327
0.12462
0.23998
0.17308
0.22384
0.27883
0.22904
0.25329
0.25385
0.23847
0.24172
0.22375
0.22667
0.33874
0.26058
0.25795
0.18715
0.29441
0.24130
0.23835
0.19096
0.32184
0.30151
0.33231
0.25329
0.23321
0.26300
0.27111
0.24065
0.27439
0.17741
0.32751
0.27048
0.32790
0.28364
0.30917
0.33784
0.26252
0.22921
0.29131
0.17698
0.18613
0.29186
0.21704
0.28340
0.31417
0.26652
0.30094
0.38632
0.30777
0.33516
0.26836
0.29836
0.27830
0.35856
0.23951
0.27119
0.33706
0.31986
0.26896
0.32759
0.37713
0.24942
0.24764
0.34787
0.21746
0.31854
0.30856
0.25882
0.24938
0.34368
0.24042
0.25193
0.31690
0.25434
0.22872
0.23752
0.25299
0.30161
0.29576
0.29195
0.29351
0.23273
0.28144
0.27046
0.28585
0.26681
0.26007
0.12742
0.33606
0.31482
0.36454
0.29489
0.30683
0.37656
0.37125
0.26074
0.22026
0.29095
0.38684
0.27225
0.20867
0.28708
0.33635
0.25910
0.21436
0.32115
0.22482
0.28660
0.23041
0.31469
0.35231
0.39983
0.32360
0.29545
0.23744
0.37619
0.30545
0.32033
0.26401
0.34206
0.26673
0.17197
0.33083
0.43269
0.25394
0.37217
0.39936
0.20667
0.26065
0.33242
0.30662
0.30392
0.24919
0.25465
0.19993
0.30274
0.28454
0.31217
0.31243
0.36083
0.27004
0.27600
0.25965
0.17937
0.25579
0.38064
0.24328
0.13008
0.33203
0.17484
0.18966
0.39089
0.14811
0.25872
0.24011
0.26590
0.24482
0.43594
0.20310
0.32832
0.35776
0.21711
0.25799
0.23862
0.25698
0.22985
0.35230
0.17830
0.36707
0.34397
0.23190
0.22658
0.23056
0.33610
0.26544
0.24341
0.34542
0.41907
0.31919
0.25666
0.32490
0.35093
0.21043
0.26378
0.27683
0.39521
0.22367
0.22373
0.24055
0.35498
0.26725
0.24695
0.25914
0.32945
0.35841
0.23294
0.28894
0.32982
0.29874
0.28519
0.25873
0.38043
0.28713
0.28127
0.27771
0.26210
0.32033
0.27483
0.27115
0.24368
0.32894
0.26751
0.23339
0.32355
0.27739
0.22192
0.26451
0.18828
0.33033
0.20978
0.04295
0.22251
0.24363
0.25986
0.29268
0.21618
0.26720
0.32280
0.17158
0.03909
0.16914
0.07069
0.32603
0.23670
0.19371
0.26087
0.08219
0.11668
0.21401
0.23793
0.09286
0.08765
0.21965
0.28309
0.22649
0.21410
0.30260
0.13892
0.30267
0.24608
0.03007
0.05567
0.13544
0.31511
0.10205
0.24903
0.17376
0.31231
0.09749
0.07718
0.10080
0.07642
0.29685
0.13852
0.14132
0.21898
0.26727
0.12856
0.30584
0.22217
0.06245
0.28240
0.07932
0.02247
0.20952
0.16926
0.22207
0.11833
0.10624
0.20687
0.21224
0.27832
0.25212
0.02318
0.05244
0.21577
0.21297
0.17875
0.19458
0.10033
0.28996
0.18409
0.05742
0.21093
0.31504
0.08409
0.17313
0.14977
0.03956
0.04102
0.22754
0.17883
0.19730
0.24622
0.29076
0.20727
0.34659
0.22280
0.29173
0.20729
0.19297
0.19750
0.04619
0.20777
0.06998
0.03020
0.21429
0.22046
0.32361
0.25181
0.02683
0.06620
0.17541
0.23665
0.22937
0.28667
0.10350
0.19204
0.29751
0.12523
0.23658
0.08734
0.09186
0.02220
0.11050
0.08878
0.09709
0.29114
0.29730
0.12452
0.10788
0.03128
0.08579
0.10264
0.28003
