0.07868
0.09800
0.05224
0.23888
0.07470
0.15127
0.22590
0.13708
0.17534
0.06801
0.19543
0.16452
0.14459
0.10514
0.10226
0.23227
0.12595
0.10553
0.07781
0.13877
0.27518
0.11060
0.11878
0.04639
0.25130
0.13452
0.15352
0.21721
0.09188
0.17640
0.18861
0.21004
0.13841
0.10027
0.05877
0.09861
0.12581
0.05233
0.12914
0.13627
0.25380
0.25043
0.10045
0.13945
0.27743
0.20733
0.17287
0.22449
0.16682
0.15706
0.08958
0.13369
0.12585
0.25663
0.09707
0.24926
0.20581
0.11780
0.15685
0.06376
0.23937
0.30521
0.10554
0.19961
0.25675
0.30783
0.05801
0.16573
0.06627
0.05731
0.13375
0.30877
0.27761
0.19168
0.27744
0.09356
0.11341
0.05558
0.21577
0.14501
0.30600
0.13236
0.32498
0.26867
0.27226
0.32622
0.09545
0.08674
0.12159
0.22175
0.32972
0.17234
0.08032
0.24507
0.08352
0.14898
0.18801
0.21119
0.19006
0.18056
0.09492
0.18379
0.10847
0.10263
0.22162
0.29706
0.12384
0.17159
0.17086
0.27804
0.02198
0.27979
0.09508
0.19898
0.10181
0.19805
0.27688
0.05905
0.06011
0.17523
0.18321
0.05647
0.26665
0.01479
0.09129
0.12953
0.28027
0.27706
0.13978
0.25654
0.08785
0.11724
0.29663
0.31311
0.10422
0.10393
0.08694
0.28031
0.27822
0.06976
0.20181
0.07022
0.30788
0.17859
0.11360
0.21775
0.07804
0.35175
0.14357
0.09702
0.12814
0.24318
0.10803
0.33443
0.31357
0.33342
0.08274
0.15634
0.12855
0.16709
0.21316
0.21856
0.31651
0.31012
0.08507
0.07622
0.30058
0.28573
0.05156
0.22813
0.06674
0.24952
0.25058
0.02293
0.07985
0.20250
0.04993
0.04019
0.13880
0.25517
0.10073
0.10982
0.23139
0.15131
0.07521
0.12082
0.20255
0.23623
0.26765
0.17830
0.08970
0.06573
0.02206
0.14498
0.10928
0.21853
0.20085
0.12561
0.10619
0.28994
0.23851
0.09439
0.23107
0.12349
0.06319
0.24734
0.11391
0.18583
0.25154
0.09200
0.21892
0.22939
0.09527
0.23638
0.27627
0.25152
0.11741
0.24201
0.19341
0.33607
0.11890
0.21148
0.12916
0.06298
0.05839
0.04092
0.16531
0.16970
0.12973
0.07417
0.28809
0.09918
0.20180
0.12856
0.09582
0.28985
0.12188
0.04969
0.11244
0.28552
0.06018
0.26670
0.11148
0.11280
0.15448
0.22952
0.11109
0.05587
0.09811
0.10142
0.11331
0.13254
0.12861
0.24243
0.13693
0.15495
0.19425
0.04832
0.05604
0.14414
0.23920
0.13604
0.22073
0.18910
0.18305
0.21016
0.30054
0.09320
0.14655
0.05487
0.08582
0.12165
0.07226
0.04267
0.33325
0.17279
0.08060
0.22129
0.16312
0.06222
0.19287
0.34868
0.12355
0.07003
0.32334
0.12023
0.24712
0.17136
0.17235
0.13644
0.08640
0.07978
0.19736
0.22189
0.14543
0.09476
0.22157
0.12230
0.17447
0.13352
0.31271
0.26527
0.28081
0.15297
0.12581
0.31716
0.29045
0.33240
0.03725
0.28210
0.11634
0.21584
0.11314
0.10120
0.11854
0.10797
0.09139
0.16462
0.24721
0.09373
0.06994
0.08571
0.27900
0.13120
0.23430
0.17267
0.24875
0.20748
0.13153
0.05131
0.23517
0.22892
0.37071
0.20584
0.30531
0.21952
0.24461
0.29224
0.28115
0.27237
0.07475
0.06369
0.13625
0.21899
0.07625
0.03777
0.21283
0.14017
0.23598
0.09981
0.17259
0.11656
0.27958
0.29172
0.24111
0.21005
0.32126
0.12101
0.12512
0.31257
0.06120
0.17680
0.06974
0.05819
0.21781
0.06146
0.24292
0.31953
0.05505
0.10264
0.13733
0.23150
0.10821
0.03463
0.05665
0.05559
0.05543
0.06617
0.20857
0.06802
0.29169
0.15552
0.16222
0.05781
0.21017
0.30505
0.18831
0.21883
0.36239
0.18087
0.29841
0.28647
0.24817
0.25940
0.29259
0.19816
0.35926
0.18886
0.25291
0.19681
0.22906
0.24334
0.17034
0.38405
0.33473
0.27590
0.21071
0.23513
0.17778
0.32730
0.23890
0.17592
0.32502
0.35067
0.18381
0.19859
0.32732
0.25346
0.23847
0.25314
0.22078
0.31747
0.20703
0.21471
0.36124
0.18933
0.17969
0.28194
0.17072
0.29516
0.35397
0.27682
0.26606
0.24872
0.24082
0.23390
0.24888
0.34917
0.17878
0.25376
0.33382
0.23289
0.21337
0.28573
0.17424
0.23710
0.25057
0.29484
0.32869
0.30907
0.21557
0.17602
0.29875
0.37161
0.15794
0.28009
0.19383
0.18826
0.17696
0.34459
0.29517
0.33942
0.15503
0.36165
0.26933
0.30483
0.37742
0.31937
0.24650
0.28074
0.23177
0.27132
0.18670
0.36393
0.27033
0.20430
0.15459
0.29463
0.19023
0.26543
0.30010
0.25255
0.36348
0.32954
0.20969
0.33790
0.32893
0.17448
0.17476
0.22804
0.17006
0.18689
0.15167
0.29439
0.35539
0.22179
0.20536
0.23657
0.24063
0.23152
0.28811
0.20213
0.24265
0.21317
0.28363
0.23683
0.19793
0.15666
0.34118
0.29599
0.15577
0.25845
0.33187
0.25501
0.33636
0.32959
0.21984
0.24162
0.18885
0.29673
0.30692
0.24124
0.23564
0.18840
0.14355
0.26727
0.20417
0.24103
0.22458
0.25735
0.28407
0.30023
0.20582
0.22803
0.29088
0.21020
0.24925
0.20055
0.20515
0.23158
0.22888
0.17410
0.28574
0.33739
0.32384
0.14521
0.14995
0.35119
0.21412
0.17970
0.19589
0.30587
0.29560
0.16265
0.18162
0.27786
0.23451
0.14649
0.14938
0.22935
0.27431
0.20080
0.24242
0.20688
0.26065
0.17933
0.20838
0.28495
0.24431
0.18556
0.23355
0.24710
0.24659
0.35247
0.17562
0.27471
0.19583
0.36714
0.32660
0.20276
0.26041
0.25572
0.27496
0.19412
0.31117
0.26063
0.21366
0.29965
0.27554
0.35089
0.21106
0.30529
0.22170
0.35899
0.20639
0.25389
0.21363
0.22718
0.28334
0.25444
0.20917
0.19046
0.23220
0.29783
0.20056
0.30507
0.22642
0.20144
0.31088
0.30011
0.26416
0.13435
0.18069
0.34105
0.34372
0.19950
0.22932
0.24375
0.23913
0.19192
0.16259
0.31133
0.28474
0.21043
0.26200
0.18865
0.25513
0.32148
0.25676
0.18504
0.21386
0.34662
0.23461
0.15818
0.18741
0.29577
0.28685
0.23983
0.23331
0.23403
0.35812
0.36287
0.14742
0.23570
0.33574
0.21643
0.22273
0.28802
0.35789
0.22556
0.18156
0.16054
0.21239
0.23813
0.36933
0.27903
0.28059
0.24480
0.22127
0.24348
0.32324
0.29007
0.16183
0.34100
0.20274
0.24168
0.35284
0.29811
0.19607
0.23897
0.22671
0.31083
0.28384
0.35840
0.23987
0.29103
0.20112
0.23583
0.31866
0.12617
0.20318
0.21032
0.18774
0.20492
0.22626
0.24260
0.25551
0.19604
0.22102
0.18847
0.23520
0.35741
0.23322
0.20872
0.19874
0.31796
0.25570
0.19549
0.17766
0.32444
0.30830
0.31210
0.25094
0.18435
0.23967
0.24871
0.19782
0.28467
0.16718
0.30825
0.25308
0.34187
0.28858
0.30205
0.35232
0.26237
0.20213
0.24288
0.17873
0.15586
0.25067
0.18744
0.25837
0.32239
0.24485
0.25617
0.38941
0.32123
0.33574
0.26298
0.31617
0.29684
0.36511
0.19370
0.25487
0.33573
0.33640
0.24634
0.34001
0.38335
0.24852
0.23171
0.30438
0.19883
0.32850
0.31081
0.21659
0.23446
0.34085
0.24795
0.23062
0.33070
0.25684
0.20521
0.20436
0.21403
0.27851
0.30662
0.24837
0.29106
0.23606
0.24297
0.27512
0.26670
0.22710
0.26137
0.10028
0.33030
0.31045
0.36472
0.24873
0.28303
0.39380
0.37830
0.24424
0.21678
0.24338
0.40045
0.27676
0.18741
0.27073
0.34612
0.23700
0.19125
0.33941
0.21789
0.29396
0.21221
0.28006
0.35483
0.43585
0.31976
0.28772
0.22208
0.34318
0.31338
0.28799
0.26738
0.36636
0.21849
0.17804
0.33067
0.43086
0.23731
0.38771
0.39418
0.22563
0.29024
0.30432
0.29812
0.30975
0.23233
0.23198
0.20842
0.29252
0.27951
0.29262
0.31918
0.35570
0.26044
0.25632
0.23287
0.22976
0.22824
0.36501
0.22473
0.15336
0.35180
0.14305
0.19680
0.39082
0.16283
0.25888
0.21849
0.26023
0.21931
0.43876
0.20527
0.28995
0.33850
0.22533
0.23992
0.20102
0.24691
0.20248
0.33103
0.18861
0.33362
0.34457
0.22065
0.23518
0.19607
0.31810
0.28192
0.22354
0.36969
0.43396
0.30738
0.26609
0.31519
0.36221
0.19889
0.26728
0.29381
0.38152
0.21150
0.19953
0.23942
0.34864
0.27112
0.24315
0.24740
0.33984
0.36547
0.18209
0.26706
0.29991
0.30135
0.24906
0.24611
0.34357
0.24112
0.31207
0.24913
0.29377
0.32894
0.25978
0.28220
0.24903
0.33078
0.24489
0.22551
0.29773
0.27481
0.18147
0.25131
0.23319
0.27023
0.21304
0.07940
0.09969
0.16647
0.19044
0.25805
0.23266
0.23502
0.35721
0.19774
0.02721
0.14481
0.06873
0.27042
0.26145
0.16914
0.31071
0.03850
0.16298
0.21555
0.24835
0.07626
0.11686
0.24536
0.31579
0.21114
0.21553
0.29985
0.06428
0.32404
0.21259
0.05509
0.09364
0.09894
0.29967
0.09592
0.28203
0.17972
0.31918
0.00675
0.07138
0.04481
0.08218
0.29021
0.09967
0.11996
0.17037
0.28368
0.16239
0.28987
0.22991
0.03946
0.26925
0.06419
0.04395
0.29832
0.19415
0.26566
0.07457
0.03972
0.21300
0.18184
0.26304
0.26522
0.03370
0.05895
0.19229
0.19514
0.17653
0.16652
0.08334
0.19769
0.17323
0.08953
0.25824
0.30569
0.10511
0.20383
0.11554
0.06258
0.03670
0.17462
0.14399
0.18665
0.28531
0.24660
0.19452
0.31794
0.19852
0.25418
0.14118
0.24395
0.14751
0.05665
0.24617
0.11399
0.06274
0.24824
0.24315
0.31058
0.25602
0.06149
0.09537
0.11455
0.19390
0.14520
0.29121
0.07789
0.16863
0.32882
0.12888
0.23786
0.10369
0.04699
0.03456
0.14980
0.05225
0.07791
0.28069
0.28567
0.12125
0.06702
0.02137
0.05928
0.09452
0.30442
