0.09963
0.11038
0.04841
0.25334
0.08826
0.13441
0.25826
0.13913
0.19920
0.04842
0.18021
0.13115
0.16007
0.11117
0.10250
0.20502
0.14948
0.12839
0.05759
0.16418
0.29821
0.08938
0.12969
0.06848
0.24895
0.13988
0.08541
0.22264
0.04776
0.14307
0.11769
0.26378
0.12662
0.10511
0.06243
0.10388
0.12192
0.04713
0.09216
0.10461
0.30846
0.25056
0.06030
0.09542
0.28296
0.20051
0.12504
0.24166
0.18235
0.15352
0.09456
0.13213
0.10567
0.27188
0.08884
0.22843
0.22167
0.09224
0.15754
0.05097
0.24355
0.29137
0.10713
0.23613
0.31294
0.29979
0.03014
0.11358
0.08404
0.05626
0.13024
0.31813
0.24695
0.15795
0.23189
0.11510
0.07035
0.03294
0.18801
0.16773
0.30999
0.14650
0.31799
0.27801
0.26099
0.35755
0.09999
0.04353
0.09770
0.24093
0.32085
0.17210
0.03916
0.23874
0.04483
0.15009
0.19798
0.21584
0.18288
0.16532
0.09655
0.16460
0.10747
0.10999
0.17308
0.29670
0.12823
0.13816
0.13560
0.28093
0.02580
0.27566
0.06017
0.24247
0.10661
0.13145
0.25876
0.04172
0.08027
0.10613
0.21832
0.10864
0.28694
0.01239
0.09277
0.13220
0.29554
0.28182
0.15557
0.25293
0.06903
0.10692
0.30426
0.31745
0.09931
0.15608
0.03461
0.28874
0.27136
0.04219
0.19294
0.02489
0.26120
0.13768
0.11512
0.28797
0.08716
0.33367
0.16664
0.09422
0.15045
0.25457
0.10779
0.29590
0.27722
0.31674
0.13221
0.11882
0.12437
0.22713
0.25835
0.26215
0.21851
0.31843
0.09520
0.11118
0.28021
0.27951
0.05446
0.23450
0.02231
0.21355
0.21473
0.01709
0.07751
0.20687
0.06698
0.05545
0.13635
0.28037
0.09402
0.10859
0.15375
0.13952
0.05601
0.16080
0.19365
0.25608
0.25492
0.22319
0.10973
0.08349
0.06014
0.15837
0.13642
0.22576
0.18536
0.20997
0.08377
0.26829
0.18716
0.06074
0.14087
0.14451
0.05346
0.25332
0.09863
0.16146
0.24969
0.08760
0.26526
0.23705
0.08451
0.25563
0.24967
0.24823
0.11562
0.26700
0.19809
0.33992
0.08629
0.23192
0.07370
0.05524
0.05522
0.03868
0.13666
0.16288
0.12068
0.07282
0.22552
0.09330
0.25697
0.09921
0.02114
0.27240
0.10802
0.04030
0.10273
0.30369
0.05924
0.29223
0.08719
0.10675
0.11715
0.20183
0.11261
0.05503
0.08130
0.09697
0.10301
0.08216
0.11478
0.25645
0.14891
0.14533
0.22877
0.05274
0.02855
0.12611
0.16749
0.15018
0.23346
0.13886
0.17056
0.27289
0.28674
0.09886
0.19455
0.04588
0.11511
0.11621
0.04123
0.04491
0.37503
0.14740
0.02987
0.15817
0.16217
0.06724
0.18749
0.34886
0.11740
0.05051
0.27187
0.12752
0.18131
0.15854
0.20471
0.10494
0.09300
0.03379
0.19643
0.17782
0.16694
0.09374
0.10442
0.15837
0.21944
0.15504
0.32528
0.28862
0.27275
0.13164
0.06537
0.27863
0.30405
0.34856
0.01174
0.25554
0.12724
0.30423
0.14273
0.07590
0.16849
0.11977
0.10203
0.17067
0.17866
0.04622
0.07862
0.05624
0.27590
0.15731
0.25683
0.13871
0.22535
0.21240
0.10970
0.05705
0.20680
0.28649
0.36279
0.21158
0.30676
0.22475
0.22224
0.28506
0.25999
0.25746
0.09254
0.04142
0.10769
0.23937
0.04555
0.05008
0.17239
0.08489
0.20569
0.08360
0.15177
0.09062
0.27389
0.26680
0.24160
0.18345
0.32988
0.09767
0.15614
0.33160
0.04652
0.24877
0.02466
0.09719
0.20310
0.06955
0.25059
0.34459
0.08137
0.09352
0.11071
0.23894
0.09314
0.02688
0.08762
0.04459
0.04191
0.07470
0.15604
0.04356
0.27190
0.15256
0.20017
0.04964
0.22090
0.30130
0.18512
0.22464
0.35632
0.16715
0.29045
0.30792
0.27667
0.29828
0.27714
0.24033
0.35225
0.20821
0.25053
0.23051
0.24465
0.26424
0.18914
0.36200
0.32530
0.23122
0.24005
0.24189
0.22353
0.33967
0.28159
0.22602
0.32118
0.33601
0.19774
0.23099
0.31676
0.27501
0.26653
0.26950
0.26329
0.31771
0.22907
0.22585
0.35466
0.22139
0.21178
0.31314
0.18533
0.31758
0.35730
0.29753
0.27957
0.29779
0.27355
0.24455
0.26819
0.33524
0.17879
0.27719
0.32333
0.23087
0.27033
0.31866
0.16995
0.28532
0.27478
0.29003
0.30977
0.30442
0.23174
0.19470
0.29794
0.35979
0.15588
0.28066
0.19608
0.18249
0.21760
0.36079
0.31998
0.32137
0.15680
0.35140
0.26712
0.27658
0.36709
0.31074
0.27946
0.28561
0.24221
0.29155
0.18775
0.35585
0.27694
0.21622
0.15137
0.33060
0.20454
0.26733
0.29903
0.27017
0.34998
0.32398
0.24260
0.32288
0.31451
0.19031
0.14179
0.27670
0.19751
0.19470
0.17198
0.28091
0.35511
0.24622
0.23839
0.24122
0.27718
0.24483
0.29702
0.26036
0.26339
0.18896
0.28873
0.27380
0.20713
0.17194
0.34845
0.29048
0.18109
0.27362
0.32310
0.27719
0.33842
0.31223
0.25361
0.26090
0.23142
0.30379
0.30898
0.25853
0.25470
0.18593
0.15302
0.28614
0.24134
0.25101
0.23698
0.26462
0.31033
0.29506
0.20754
0.22642
0.29264
0.22528
0.27527
0.21408
0.22364
0.20242
0.22171
0.18722
0.31693
0.33297
0.32975
0.19442
0.19162
0.32993
0.16772
0.18187
0.17713
0.30050
0.30203
0.17168
0.18303
0.27778
0.25753
0.17898
0.15313
0.20370
0.27097
0.20538
0.24432
0.20910
0.29226
0.17455
0.22360
0.28285
0.27280
0.21487
0.25438
0.25318
0.24241
0.36395
0.18615
0.27160
0.24368
0.35415
0.31440
0.24466
0.28124
0.27282
0.27060
0.18846
0.29910
0.26822
0.22817
0.29515
0.26423
0.35107
0.24989
0.28924
0.22869
0.34911
0.20086
0.27126
0.22753
0.23046
0.28139
0.24404
0.23600
0.21574
0.25405
0.32011
0.19537
0.31025
0.24432
0.24713
0.29721
0.29024
0.29756
0.13042
0.19320
0.32265
0.32713
0.23071
0.26307
0.27864
0.27029
0.20108
0.19769
0.30538
0.29043
0.23489
0.21827
0.19645
0.26851
0.32038
0.27647
0.26241
0.23883
0.33931
0.25983
0.18454
0.16450
0.28451
0.30446
0.26654
0.24166
0.24621
0.34714
0.35241
0.15681
0.21950
0.32960
0.27342
0.25385
0.30276
0.33462
0.21962
0.18316
0.17982
0.23159
0.25422
0.36442
0.28624
0.30143
0.25918
0.24021
0.26991
0.29814
0.28126
0.15677
0.33269
0.20666
0.20067
0.34699
0.30270
0.24189
0.25626
0.22174
0.31203
0.33761
0.34724
0.23797
0.28913
0.20847
0.28943
0.31838
0.12304
0.24307
0.20160
0.22166
0.27803
0.22455
0.24773
0.24792
0.23826
0.23038
0.21789
0.22120
0.34600
0.24166
0.23713
0.19209
0.29394
0.25232
0.25017
0.18114
0.33654
0.29251
0.33391
0.23713
0.23062
0.28661
0.28185
0.21199
0.27385
0.15739
0.31245
0.28367
0.33723
0.28678
0.30493
0.35253
0.27739
0.22790
0.27899
0.14675
0.19258
0.27578
0.19286
0.28349
0.31274
0.24967
0.30159
0.38360
0.31763
0.32619
0.27325
0.30904
0.29895
0.35692
0.24476
0.28875
0.33264
0.32447
0.28462
0.32876
0.38704
0.22069
0.23860
0.33222
0.20268
0.32156
0.32874
0.25341
0.24119
0.34425
0.23542
0.24071
0.31645
0.26962
0.22078
0.21790
0.21835
0.29534
0.29672
0.29033
0.29062
0.19950
0.28852
0.27455
0.27449
0.26757
0.26392
0.13583
0.32215
0.31523
0.36075
0.28532
0.33202
0.38535
0.38433
0.23393
0.18506
0.27553
0.39294
0.28740
0.20354
0.27190
0.35568
0.23067
0.21574
0.32980
0.21197
0.28600
0.19585
0.31365
0.36684
0.41284
0.29068
0.26518
0.23040
0.36711
0.31567
0.29947
0.24118
0.33493
0.26413
0.17776
0.33294
0.43957
0.27131
0.38956
0.39624
0.22805
0.24986
0.32571
0.30627
0.28327
0.22696
0.24240
0.17482
0.30140
0.24636
0.29365
0.30055
0.34721
0.25468
0.26665
0.25536
0.17722
0.21197
0.37494
0.25559
0.15967
0.32364
0.17288
0.13541
0.38266
0.16798
0.27043
0.20446
0.24847
0.23150
0.42703
0.21110
0.31739
0.37490
0.21231
0.22921
0.24385
0.26057
0.21694
0.34208
0.21217
0.36282
0.35063
0.21336
0.25119
0.18170
0.33839
0.25248
0.24142
0.35717
0.41040
0.30015
0.25624
0.35670
0.35020
0.19373
0.29437
0.27856
0.39835
0.22317
0.20581
0.22398
0.36214
0.24249
0.25858
0.23596
0.28946
0.36025
0.26216
0.25013
0.29737
0.30323
0.26207
0.23573
0.36887
0.25310
0.27793
0.24182
0.28573
0.33671
0.25031
0.27636
0.24753
0.33405
0.26835
0.19437
0.28365
0.27539
0.21010
0.27250
0.13273
0.32699
0.21426
0.03573
0.18377
0.22367
0.18209
0.27205
0.15729
0.26720
0.33762
0.22740
0.03558
0.13636
0.02375
0.31729
0.26056
0.14840
0.30047
0.03170
0.14624
0.21845
0.16280
0.06219
0.10632
0.22533
0.27629
0.21877
0.20824
0.26798
0.03369
0.30478
0.21288
0.01905
0.08544
0.16324
0.28693
0.09740
0.17779
0.20330
0.30311
0.07899
0.02898
0.08577
0.08536
0.25122
0.12441
0.07603
0.19920
0.29551
0.15041
0.27537
0.21159
0.06492
0.25620
0.08440
0.06297
0.28945
0.19178
0.30832
0.07680
0.08576
0.20525
0.20748
0.29492
0.26151
0.01052
0.09064
0.19703
0.20451
0.19708
0.16549
0.06453
0.24989
0.21409
0.09767
0.24677
0.32697
0.04562
0.14106
0.20159
0.04179
0.06593
0.24960
0.18832
0.18707
0.24927
0.28605
0.20828
0.33028
0.27200
0.26042
0.19292
0.19254
0.19547
0.01647
0.27606
0.12028
0.06429
0.16850
0.23451
0.28438
0.24429
0.05065
0.07354
0.17515
0.21006
0.24630
0.26872
0.09781
0.14814
0.31529
0.14293
0.21226
0.09451
0.03704
0.04726
0.17057
0.05221
0.07634
0.25969
0.27603
0.07655
0.11064
0.01395
0.04935
0.06888
0.26808
