0.13163
0.10870
0.09817
0.24883
0.12516
0.14038
0.23806
0.18152
0.20398
0.08459
0.20411
0.14714
0.17908
0.11838
0.14474
0.22426
0.15957
0.13510
0.12347
0.16752
0.28804
0.19203
0.17666
0.04548
0.23625
0.16888
0.19070
0.27729
0.12703
0.16455
0.19912
0.30247
0.19220
0.10242
0.14635
0.10113
0.13052
0.12906
0.14978
0.18205
0.32561
0.26243
0.10986
0.16490
0.27020
0.25731
0.18231
0.25253
0.19543
0.19799
0.09938
0.18753
0.13427
0.29786
0.09425
0.25912
0.27148
0.11997
0.15306
0.09893
0.27935
0.27611
0.14267
0.21801
0.27279
0.30530
0.06018
0.20716
0.14075
0.05845
0.12496
0.30315
0.31001
0.20492
0.24849
0.19244
0.10103
0.05621
0.22146
0.13992
0.30324
0.23662
0.30955
0.25078
0.28088
0.35001
0.09902
0.08011
0.18097
0.22402
0.32434
0.20948
0.10866
0.25238
0.14521
0.17596
0.20029
0.21715
0.19051
0.16991
0.09662
0.19604
0.16046
0.11069
0.23657
0.29553
0.20739
0.16655
0.20047
0.29287
0.05227
0.23988
0.09836
0.26166
0.13357
0.18358
0.25463
0.07176
0.07966
0.22449
0.24506
0.09237
0.26874
0.05074
0.13735
0.12282
0.29704
0.27192
0.19201
0.24808
0.12845
0.17200
0.30262
0.32323
0.11108
0.18253
0.15027
0.29178
0.24658
0.10049
0.19229
0.04818
0.29995
0.20337
0.15813
0.28593
0.12657
0.33655
0.19343
0.08548
0.15308
0.26889
0.10319
0.29546
0.30508
0.30975
0.14122
0.17018
0.12089
0.21752
0.27814
0.29731
0.26837
0.32435
0.09383
0.14498
0.30982
0.26903
0.10803
0.24844
0.09285
0.25388
0.23774
0.05938
0.10082
0.22767
0.08922
0.11078
0.19385
0.26583
0.10026
0.10092
0.26477
0.19026
0.10202
0.23665
0.22735
0.25318
0.25506
0.21937
0.14720
0.09829
0.09410
0.19805
0.16299
0.25510
0.18617
0.17814
0.14833
0.29208
0.20957
0.09197
0.23907
0.11941
0.10082
0.26966
0.15199
0.21323
0.25496
0.14259
0.21894
0.24399
0.11674
0.24545
0.28622
0.28651
0.14506
0.28218
0.23449
0.33068
0.13490
0.24976
0.14940
0.10639
0.14636
0.11107
0.21832
0.23672
0.18905
0.13450
0.28099
0.13834
0.24941
0.14760
0.06687
0.26589
0.12032
0.05084
0.11062
0.26921
0.09492
0.29789
0.15844
0.10907
0.19604
0.20647
0.11440
0.07216
0.14383
0.11269
0.13014
0.14416
0.15527
0.27778
0.13413
0.16755
0.20672
0.17148
0.08012
0.15221
0.15598
0.17810
0.21998
0.19893
0.22174
0.27251
0.27933
0.09561
0.19401
0.06644
0.14032
0.12531
0.11303
0.07547
0.36593
0.19500
0.09935
0.23443
0.16956
0.09426
0.09727
0.32492
0.14026
0.09828
0.30208
0.12257
0.20840
0.20464
0.21489
0.17994
0.12386
0.07772
0.20306
0.25415
0.16497
0.09932
0.17533
0.17954
0.21167
0.21231
0.32652
0.28040
0.26420
0.20051
0.20403
0.29791
0.30807
0.33949
0.04231
0.24862
0.11494
0.29044
0.15644
0.10911
0.16664
0.15212
0.14472
0.18705
0.22877
0.10429
0.08293
0.10570
0.25891
0.25745
0.27742
0.21193
0.22069
0.24473
0.18663
0.10321
0.27164
0.29943
0.36461
0.29027
0.30659
0.24576
0.26121
0.27844
0.26689
0.28284
0.10463
0.11453
0.15159
0.21340
0.09718
0.08964
0.23260
0.18653
0.23130
0.15494
0.17440
0.12914
0.28072
0.25197
0.25433
0.20931
0.29914
0.16574
0.15458
0.30707
0.06854
0.19658
0.09753
0.11495
0.17966
0.11263
0.25426
0.33422
0.08141
0.13325
0.17142
0.26075
0.13273
0.09710
0.08014
0.11553
0.10174
0.11961
0.20782
0.09603
0.28377
0.17033
0.18945
0.14192
0.15999
0.25413
0.25305
0.30818
0.31623
0.20484
0.22843
0.32069
0.31714
0.32865
0.25997
0.28269
0.31412
0.27931
0.23808
0.26867
0.21726
0.31226
0.20567
0.34698
0.27008
0.22637
0.28028
0.27112
0.27643
0.36355
0.30607
0.27083
0.26398
0.30094
0.26325
0.28423
0.28971
0.29182
0.24786
0.25811
0.31286
0.27491
0.28732
0.22618
0.31756
0.28832
0.28394
0.34412
0.23129
0.30112
0.31163
0.31301
0.31946
0.31378
0.29808
0.25519
0.29972
0.29797
0.25783
0.32024
0.26215
0.27856
0.29385
0.32005
0.21658
0.32115
0.25677
0.24558
0.27494
0.24023
0.29541
0.18669
0.22393
0.33694
0.13660
0.26940
0.25091
0.24413
0.17208
0.37699
0.31853
0.27894
0.18340
0.31606
0.27847
0.26966
0.33249
0.25006
0.30798
0.28786
0.24654
0.29703
0.17797
0.33246
0.30732
0.27308
0.17266
0.34418
0.21076
0.25907
0.26062
0.26725
0.30880
0.26388
0.21921
0.27866
0.28299
0.16316
0.20185
0.31243
0.17976
0.19122
0.17885
0.29544
0.29794
0.29034
0.28902
0.24207
0.31249
0.20991
0.30683
0.29359
0.29834
0.21189
0.25992
0.30590
0.20754
0.19610
0.34623
0.27214
0.25127
0.31311
0.26018
0.26064
0.36616
0.26299
0.23972
0.30337
0.18992
0.25503
0.29614
0.30498
0.27484
0.25333
0.17582
0.33657
0.24005
0.31610
0.23277
0.28784
0.31365
0.25564
0.19091
0.20856
0.28340
0.19425
0.30949
0.19169
0.24982
0.25443
0.22654
0.26009
0.31290
0.28023
0.29470
0.26553
0.25101
0.28410
0.25958
0.26434
0.26717
0.24371
0.29907
0.16028
0.19466
0.30333
0.29328
0.25999
0.16991
0.23358
0.24160
0.27387
0.23882
0.28715
0.32595
0.17386
0.28485
0.23887
0.29945
0.19996
0.30819
0.28281
0.26146
0.37972
0.20539
0.29520
0.23530
0.32491
0.27366
0.28758
0.28688
0.30410
0.25468
0.20013
0.30346
0.27406
0.29453
0.24083
0.25965
0.29664
0.24551
0.24033
0.24619
0.29612
0.26123
0.31185
0.23464
0.28902
0.26771
0.25030
0.18855
0.26252
0.26083
0.31486
0.22041
0.30557
0.24212
0.29066
0.24821
0.23116
0.25802
0.16991
0.27388
0.28395
0.28150
0.28694
0.31521
0.32187
0.27175
0.28027
0.26448
0.27759
0.29825
0.28288
0.27347
0.14653
0.31614
0.27885
0.27155
0.28912
0.18173
0.29178
0.30634
0.22999
0.23630
0.25495
0.25767
0.31149
0.30009
0.26195
0.31353
0.31202
0.16858
0.24961
0.25905
0.29293
0.30528
0.31677
0.29621
0.24512
0.20451
0.18032
0.29252
0.29500
0.32358
0.28867
0.29606
0.30049
0.24527
0.26316
0.25401
0.23415
0.17917
0.28297
0.22170
0.23333
0.29661
0.30477
0.27232
0.24893
0.29459
0.25005
0.34236
0.30351
0.27281
0.23652
0.18709
0.33396
0.26275
0.15817
0.30372
0.18629
0.27701
0.28995
0.23347
0.29963
0.22565
0.28258
0.21350
0.27479
0.25331
0.29770
0.32204
0.29132
0.22518
0.25324
0.26033
0.25782
0.23589
0.27551
0.23023
0.34852
0.26424
0.29307
0.31135
0.28853
0.27589
0.25731
0.20798
0.29983
0.29771
0.29925
0.22668
0.23541
0.30252
0.25873
0.29014
0.31033
0.21387
0.23075
0.30609
0.26972
0.32338
0.26164
0.31952
0.33368
0.34682
0.25738
0.27271
0.27243
0.25891
0.28688
0.32217
0.28337
0.27606
0.29150
0.28094
0.30342
0.28895
0.35552
0.21457
0.28293
0.30724
0.24818
0.28699
0.33159
0.24455
0.26623
0.30546
0.24346
0.30751
0.27221
0.30409
0.29847
0.28672
0.27463
0.25231
0.25805
0.33947
0.27138
0.26905
0.31484
0.29912
0.32220
0.29770
0.27714
0.16472
0.28666
0.33748
0.34353
0.33089
0.30486
0.40656
0.41150
0.28837
0.17685
0.32795
0.37529
0.27599
0.18241
0.32612
0.32247
0.24326
0.27748
0.30655
0.25385
0.25674
0.27458
0.33828
0.34118
0.37199
0.28937
0.32215
0.28692
0.39905
0.27224
0.26690
0.31926
0.35121
0.29441
0.19901
0.31410
0.44096
0.22980
0.41033
0.42194
0.17126
0.31292
0.36816
0.32971
0.26453
0.26989
0.29813
0.24903
0.27072
0.32419
0.26578
0.28047
0.37403
0.30506
0.30558
0.23925
0.24947
0.28292
0.39739
0.22349
0.11241
0.34982
0.14633
0.16534
0.40751
0.15533
0.23315
0.24161
0.29850
0.25006
0.44346
0.17054
0.34125
0.39167
0.25066
0.21599
0.28229
0.22448
0.19489
0.37111
0.17645
0.35587
0.32722
0.29137
0.24708
0.26554
0.33074
0.28657
0.20589
0.31639
0.42996
0.31333
0.29245
0.37147
0.37855
0.24894
0.26716
0.29268
0.37196
0.17444
0.22198
0.24147
0.34381
0.29940
0.24696
0.28063
0.30714
0.35208
0.21201
0.31477
0.34269
0.28660
0.30888
0.25922
0.38065
0.31296
0.23154
0.29710
0.32593
0.32348
0.27095
0.31249
0.23814
0.35030
0.22777
0.27369
0.33390
0.30482
0.26179
0.31018
0.22153
0.34371
0.20972
0.01718
0.12251
0.25024
0.20832
0.28069
0.19916
0.29267
0.33259
0.22614
0.11005
0.20019
0.05675
0.31440
0.28338
0.17989
0.30538
0.09361
0.16698
0.16554
0.24540
0.07491
0.15653
0.17280
0.31996
0.22915
0.21129
0.29464
0.10835
0.32393
0.21920
0.05190
0.11407
0.11769
0.26488
0.21091
0.26130
0.20711
0.32583
0.10541
0.10456
0.09370
0.08100
0.26212
0.15026
0.16298
0.21479
0.30146
0.16417
0.28731
0.21119
0.06771
0.29234
0.09336
0.12088
0.32172
0.19417
0.29311
0.11442
0.09511
0.22269
0.19960
0.29419
0.27635
0.06282
0.07103
0.17654
0.21288
0.20580
0.19260
0.16050
0.28700
0.21472
0.09144
0.26899
0.29022
0.15983
0.16673
0.17733
0.10980
0.06358
0.23976
0.21747
0.20545
0.29214
0.27323
0.19752
0.33240
0.27764
0.21451
0.15168
0.20086
0.24743
0.03338
0.26706
0.08992
0.04866
0.19329
0.24464
0.29706
0.26543
0.05706
0.08789
0.19204
0.26197
0.28527
0.33136
0.09499
0.25632
0.33547
0.17976
0.23726
0.16518
0.04345
0.04337
0.18713
0.11489
0.09962
0.26210
0.29748
0.16075
0.19545
0.06953
0.11637
0.14535
0.27650
