0.14569
0.10870
0.06405
0.25514
0.06636
0.12114
0.19589
0.14201
0.19134
0.04976
0.19818
0.11175
0.14982
0.13589
0.03970
0.18613
0.13626
0.12878
0.05880
0.15917
0.29276
0.14058
0.12688
0.09762
0.18258
0.16972
0.12695
0.27861
0.07831
0.21939
0.16373
0.24234
0.16804
0.09376
0.13081
0.09186
0.12026
0.09910
0.13884
0.16217
0.31047
0.27956
0.09337
0.12232
0.30471
0.26825
0.16212
0.24858
0.15893
0.18907
0.10185
0.15072
0.15387
0.30189
0.09563
0.22978
0.24220
0.11924
0.13670
0.06332
0.27264
0.29163
0.14430
0.20824
0.29046
0.28351
0.04779
0.16270
0.13691
0.04440
0.12799
0.30487
0.35588
0.21459
0.24882
0.16392
0.12566
0.04326
0.23832
0.13515
0.31145
0.23742
0.25981
0.27859
0.31675
0.35952
0.10176
0.10475
0.11162
0.25189
0.31244
0.21809
0.07724
0.28257
0.05581
0.12830
0.22649
0.23117
0.21488
0.20327
0.09261
0.14240
0.14639
0.11142
0.21367
0.26915
0.12793
0.20349
0.22470
0.28603
0.03896
0.24456
0.06239
0.24622
0.13759
0.20990
0.26914
0.06957
0.07540
0.15494
0.23524
0.07312
0.26890
0.03500
0.12109
0.18254
0.32246
0.27874
0.24647
0.21625
0.07999
0.15112
0.33175
0.33618
0.10705
0.24638
0.07867
0.27317
0.26432
0.02555
0.16911
0.03477
0.27533
0.16004
0.14931
0.26372
0.09280
0.29740
0.17149
0.08777
0.22385
0.21731
0.11206
0.31761
0.30033
0.31682
0.13126
0.13356
0.13353
0.26861
0.29003
0.29465
0.29123
0.29187
0.08899
0.09338
0.34206
0.27470
0.06647
0.30865
0.06474
0.19872
0.27850
0.04076
0.12949
0.21182
0.04484
0.09617
0.13543
0.25643
0.08044
0.10606
0.23710
0.13937
0.09968
0.18175
0.20657
0.19505
0.24288
0.24658
0.16015
0.08939
0.05945
0.15542
0.14692
0.25678
0.24215
0.14737
0.07998
0.27491
0.22282
0.05767
0.15324
0.14338
0.07761
0.27306
0.16956
0.20283
0.26816
0.16257
0.23783
0.22528
0.08512
0.27704
0.25679
0.24520
0.12709
0.30603
0.19996
0.29834
0.08037
0.23093
0.10795
0.06891
0.08067
0.08328
0.22196
0.24006
0.16925
0.05524
0.27206
0.12657
0.26675
0.13643
0.07662
0.30696
0.10796
0.05718
0.10431
0.26825
0.10849
0.30813
0.08083
0.11280
0.20851
0.18751
0.12247
0.07194
0.09207
0.12332
0.13110
0.08952
0.11089
0.26399
0.13603
0.16779
0.16820
0.07895
0.06623
0.15140
0.15938
0.15659
0.19454
0.20035
0.17970
0.23031
0.23438
0.08908
0.18918
0.10624
0.16806
0.12674
0.08388
0.04329
0.38539
0.13960
0.06415
0.19613
0.12418
0.08720
0.21218
0.33428
0.13104
0.12462
0.27334
0.11371
0.21807
0.18399
0.15950
0.16103
0.08430
0.05346
0.19766
0.20809
0.13170
0.10576
0.24200
0.16244
0.19106
0.14116
0.32813
0.28530
0.25295
0.15956
0.16775
0.30335
0.33769
0.29860
0.05791
0.24543
0.14342
0.30301
0.13796
0.09453
0.14706
0.12025
0.09883
0.27246
0.24438
0.07544
0.05955
0.09325
0.28518
0.21730
0.20163
0.17574
0.24541
0.26168
0.20593
0.06258
0.25243
0.30552
0.34213
0.28102
0.31836
0.21096
0.23075
0.30058
0.28194
0.27093
0.07379
0.06046
0.13252
0.23369
0.04483
0.10505
0.19188
0.12433
0.22486
0.10490
0.17615
0.18931
0.28954
0.26576
0.29354
0.17114
0.30922
0.10290
0.16723
0.29720
0.10067
0.18368
0.05691
0.07239
0.23210
0.05921
0.20697
0.32953
0.10039
0.05823
0.16642
0.27557
0.09925
0.04891
0.04556
0.04671
0.07442
0.08724
0.16327
0.07821
0.26445
0.17661
0.22740
0.04398
0.19076
0.29347
0.19914
0.23742
0.35636
0.16316
0.29535
0.31294
0.25835
0.29117
0.27977
0.22397
0.35521
0.23284
0.26064
0.23985
0.23954
0.26029
0.20092
0.37388
0.33590
0.27598
0.22939
0.25341
0.22285
0.34775
0.25199
0.22249
0.32192
0.33790
0.20596
0.23881
0.32110
0.27823
0.23176
0.25388
0.26183
0.32020
0.23519
0.20545
0.34724
0.25456
0.21553
0.30830
0.18794
0.30767
0.36052
0.29580
0.27229
0.28554
0.27152
0.24947
0.26115
0.33160
0.18508
0.26749
0.33312
0.22278
0.25547
0.30085
0.19753
0.28343
0.27385
0.28976
0.31608
0.29631
0.25101
0.19794
0.28861
0.36766
0.13358
0.28915
0.19002
0.19791
0.20814
0.35642
0.29943
0.32984
0.16745
0.35640
0.27832
0.29105
0.37071
0.31628
0.26730
0.29457
0.24129
0.28685
0.17722
0.36063
0.27538
0.20784
0.17231
0.31699
0.20825
0.27987
0.29978
0.26424
0.35734
0.32842
0.22954
0.33265
0.32643
0.16458
0.17204
0.27967
0.18704
0.19491
0.13993
0.29199
0.35306
0.24955
0.25287
0.24501
0.28273
0.22355
0.28090
0.22957
0.25472
0.18526
0.28421
0.27947
0.24310
0.17287
0.33906
0.28568
0.19000
0.26459
0.31915
0.26414
0.35794
0.31409
0.24222
0.24236
0.21700
0.29802
0.31422
0.27175
0.26548
0.24509
0.17412
0.30058
0.24063
0.27145
0.25014
0.25673
0.30295
0.29344
0.21863
0.20578
0.28326
0.21271
0.26025
0.19284
0.22079
0.23454
0.23563
0.17700
0.30510
0.32373
0.33057
0.21982
0.19113
0.33355
0.17953
0.18377
0.18836
0.30795
0.30305
0.17997
0.18572
0.26373
0.25771
0.18084
0.16215
0.23331
0.26559
0.21931
0.25803
0.24834
0.29629
0.18020
0.20991
0.27336
0.26147
0.20656
0.27954
0.24615
0.27037
0.35788
0.19012
0.26563
0.25743
0.37514
0.32370
0.21489
0.27255
0.26403
0.27369
0.20466
0.31475
0.26975
0.23515
0.28848
0.28642
0.34493
0.24882
0.30423
0.21123
0.33430
0.20675
0.26196
0.23385
0.24006
0.28010
0.26174
0.23500
0.24742
0.24770
0.31577
0.21027
0.31520
0.26281
0.24547
0.29746
0.29562
0.29842
0.13834
0.20624
0.33561
0.33585
0.23931
0.25463
0.28761
0.26072
0.19848
0.19588
0.30594
0.29608
0.23593
0.24304
0.21913
0.27120
0.31435
0.27707
0.22932
0.23558
0.33765
0.26534
0.18212
0.20207
0.28667
0.29606
0.28350
0.24429
0.24027
0.34754
0.35793
0.15309
0.26299
0.32029
0.25945
0.24213
0.30983
0.34783
0.24640
0.19604
0.19722
0.23343
0.26489
0.36257
0.29805
0.30197
0.26121
0.25711
0.27984
0.31430
0.28665
0.17398
0.33998
0.21885
0.22997
0.34697
0.30341
0.22432
0.27266
0.23344
0.28444
0.31026
0.34402
0.24495
0.28744
0.22904
0.26636
0.31800
0.13779
0.26580
0.23737
0.23347
0.25439
0.24254
0.26233
0.24039
0.24957
0.24648
0.21483
0.24230
0.35275
0.26156
0.24043
0.18925
0.30686
0.24919
0.24263
0.17082
0.31824
0.28913
0.33231
0.26470
0.20099
0.27098
0.28415
0.22638
0.27075
0.18567
0.34211
0.27721
0.34382
0.28183
0.28708
0.35376
0.26465
0.22770
0.28103
0.17757
0.21603
0.26668
0.20311
0.26715
0.31872
0.27015
0.29479
0.38452
0.31989
0.32617
0.27302
0.31686
0.28259
0.37053
0.22503
0.27569
0.33497
0.32049
0.26348
0.32752
0.39001
0.25277
0.25860
0.34179
0.23011
0.31966
0.32570
0.25584
0.24058
0.34333
0.23042
0.25367
0.32095
0.24148
0.21835
0.22588
0.24009
0.28209
0.29729
0.28742
0.28692
0.23111
0.28732
0.26452
0.26969
0.25451
0.25689
0.14587
0.34376
0.30231
0.35274
0.28762
0.28977
0.34856
0.36757
0.27388
0.19336
0.28947
0.38866
0.27341
0.18871
0.30021
0.34579
0.25202
0.22095
0.32795
0.24778
0.27689
0.23004
0.31964
0.34458
0.39803
0.32612
0.29182
0.27859
0.37068
0.29517
0.27943
0.26792
0.36907
0.27776
0.18964
0.31217
0.43193
0.24463
0.38486
0.37257
0.22921
0.26470
0.34371
0.29841
0.29913
0.22645
0.28705
0.20990
0.27897
0.27467
0.32177
0.30776
0.35244
0.26876
0.27644
0.26564
0.19752
0.26791
0.37265
0.22992
0.13721
0.35516
0.19757
0.20206
0.38527
0.16344
0.26499
0.22114
0.27902
0.24582
0.44982
0.18952
0.31913
0.37349
0.22691
0.21789
0.24385
0.25210
0.23662
0.34718
0.18718
0.38538
0.36038
0.22527
0.25372
0.20452
0.35582
0.26096
0.23307
0.35851
0.41729
0.31239
0.27363
0.34851
0.34437
0.19282
0.26345
0.28633
0.39368
0.21188
0.26332
0.23932
0.35857
0.26248
0.25229
0.25237
0.34248
0.37386
0.26524
0.27207
0.32427
0.29267
0.30010
0.24948
0.38682
0.29296
0.27980
0.28696
0.28418
0.34544
0.26090
0.29069
0.24588
0.33659
0.26755
0.23684
0.31070
0.28748
0.20111
0.26554
0.20312
0.34543
0.21382
0.07885
0.13517
0.18996
0.23222
0.30140
0.22266
0.24857
0.33506
0.14797
0.09005
0.23043
0.04989
0.29206
0.24201
0.17306
0.29117
0.08279
0.12098
0.20527
0.15735
0.10247
0.19591
0.25546
0.28518
0.18407
0.21813
0.24781
0.11781
0.31350
0.27258
0.04631
0.07202
0.16281
0.31288
0.14818
0.27520
0.15246
0.31285
0.05139
0.01614
0.13027
0.10914
0.30121
0.08422
0.14476
0.11287
0.23342
0.14065
0.28221
0.22177
0.08579
0.19979
0.06992
0.07378
0.21008
0.18955
0.21181
0.09136
0.08718
0.18015
0.20395
0.27239
0.25880
0.01965
0.02682
0.20245
0.21086
0.14558
0.16569
0.11817
0.29207
0.18087
0.13085
0.28875
0.31103
0.08511
0.20441
0.13127
0.08486
0.05461
0.13677
0.07869
0.19962
0.25609
0.29958
0.19598
0.33405
0.25603
0.24540
0.24868
0.24387
0.23067
0.06560
0.23734
0.10357
0.08070
0.23046
0.22650
0.24456
0.25314
0.06432
0.08790
0.14746
0.26103
0.17057
0.19011
0.10166
0.25156
0.29407
0.11241
0.19606
0.09160
0.08187
0.07773
0.19455
0.04480
0.11549
0.27575
0.27583
0.05495
0.11747
0.03333
0.15127
0.07096
0.25544
