0.13265
0.11908
0.08373
0.26265
0.08536
0.12447
0.18509
0.14309
0.19972
0.04753
0.22084
0.10925
0.15894
0.14221
0.07475
0.19707
0.14974
0.12470
0.06909
0.15071
0.28296
0.17415
0.13644
0.07149
0.16150
0.18121
0.15342
0.27464
0.08307
0.20470
0.14353
0.24962
0.17503
0.09213
0.15988
0.09899
0.15446
0.10036
0.16487
0.15803
0.30589
0.26871
0.09876
0.12702
0.28767
0.26256
0.16198
0.24291
0.16809
0.18857
0.10941
0.15279
0.15436
0.30176
0.09807
0.23980
0.25273
0.12879
0.13873
0.05653
0.28616
0.28271
0.13551
0.20489
0.28128
0.27723
0.04905
0.17435
0.13201
0.05292
0.14693
0.28394
0.35537
0.21643
0.25861
0.18671
0.12982
0.04873
0.23217
0.18041
0.26821
0.26788
0.28297
0.25863
0.25424
0.34753
0.10790
0.12506
0.12758
0.26867
0.30507
0.22226
0.09697
0.28490
0.06449
0.14477
0.23429
0.24547
0.20024
0.21201
0.09433
0.15673
0.15038
0.10827
0.22893
0.28466
0.12829
0.20759
0.22338
0.26822
0.05964
0.22724
0.06794
0.24686
0.13674
0.21978
0.26242
0.07116
0.09264
0.15488
0.22956
0.09354
0.25672
0.04340
0.10814
0.21375
0.30545
0.29169
0.23745
0.22385
0.11143
0.16502
0.30773
0.32157
0.11946
0.23610
0.08894
0.27163
0.24469
0.06361
0.18511
0.04594
0.25451
0.17773
0.16860
0.29294
0.09103
0.31986
0.17481
0.09410
0.21527
0.22561
0.12916
0.30036
0.28800
0.32501
0.14175
0.13490
0.16383
0.26267
0.28897
0.30356
0.28257
0.28624
0.08393
0.09578
0.32999
0.22012
0.08260
0.27535
0.09713
0.19216
0.27946
0.05002
0.11591
0.21411
0.06546
0.12005
0.17352
0.26878
0.10413
0.11258
0.24275
0.15173
0.11187
0.16160
0.21377
0.22863
0.24339
0.25507
0.16272
0.10167
0.08443
0.15676
0.17897
0.23355
0.23860
0.19315
0.09916
0.28280
0.22454
0.05171
0.16441
0.14728
0.10430
0.27126
0.17254
0.22369
0.25809
0.16292
0.22540
0.23522
0.10115
0.28637
0.26239
0.24271
0.13404
0.30031
0.20106
0.29398
0.09788
0.21411
0.14887
0.08932
0.09000
0.09710
0.20616
0.26067
0.16830
0.03588
0.26992
0.14101
0.25813
0.13764
0.09057
0.30972
0.11942
0.06616
0.10674
0.25898
0.10650
0.31429
0.10055
0.10661
0.19488
0.16568
0.12922
0.08112
0.09830
0.12504
0.13455
0.10903
0.11159
0.26540
0.13398
0.18486
0.18576
0.08210
0.08234
0.14847
0.15864
0.16234
0.19896
0.18951
0.17894
0.24704
0.22310
0.09532
0.19742
0.11700
0.17156
0.13699
0.08579
0.06079
0.36441
0.15308
0.06724
0.19046
0.15406
0.09471
0.20006
0.31324
0.12707
0.12487
0.27326
0.11513
0.20191
0.20545
0.19633
0.16797
0.09633
0.06786
0.21279
0.21000
0.15464
0.11994
0.19861
0.19703
0.19070
0.15572
0.29921
0.26464
0.23747
0.19193
0.17887
0.28385
0.33974
0.30545
0.06712
0.23872
0.14453
0.31489
0.15882
0.10946
0.15851
0.15995
0.10660
0.26031
0.26448
0.09756
0.05902
0.08620
0.27599
0.24679
0.20886
0.18449
0.25378
0.26789
0.18828
0.07098
0.24179
0.28906
0.33031
0.29061
0.32438
0.21448
0.24051
0.29683
0.28119
0.25289
0.07269
0.06670
0.15583
0.22410
0.05609
0.12125
0.19955
0.16045
0.22572
0.08779
0.18475
0.22127
0.27130
0.26894
0.28787
0.18445
0.30299
0.12131
0.16340
0.29066
0.11061
0.17549
0.08416
0.11620
0.23749
0.08870
0.22333
0.32991
0.10009
0.08360
0.16464
0.25241
0.11761
0.06286
0.03261
0.08040
0.10112
0.12408
0.17535
0.11322
0.27726
0.16735
0.22423
0.05956
0.21108
0.30979
0.18230
0.21973
0.36172
0.18328
0.30134
0.30382
0.25504
0.29361
0.27468
0.19341
0.35483
0.21113
0.24582
0.21991
0.23060
0.25384
0.20076
0.37187
0.33412
0.27694
0.22676
0.25184
0.19976
0.34339
0.23531
0.19949
0.31203
0.33640
0.20452
0.21946
0.33058
0.27011
0.24146
0.25581
0.26277
0.31750
0.22563
0.20810
0.35410
0.23650
0.19634
0.28611
0.17771
0.30178
0.36145
0.29705
0.27118
0.27199
0.26538
0.23327
0.26965
0.33055
0.17619
0.27023
0.32878
0.23353
0.23502
0.29585
0.20813
0.25920
0.27086
0.28131
0.31863
0.30043
0.25001
0.19265
0.29575
0.35753
0.13550
0.27974
0.18866
0.17401
0.20584
0.35518
0.29669
0.32199
0.17077
0.34995
0.27375
0.29331
0.36717
0.31247
0.27295
0.28135
0.24144
0.27467
0.18416
0.36827
0.24945
0.21170
0.18784
0.30911
0.21747
0.27670
0.28695
0.26356
0.35658
0.33250
0.22871
0.33571
0.31518
0.17738
0.19702
0.25489
0.21278
0.16695
0.15455
0.28256
0.34763
0.22753
0.24514
0.24785
0.26975
0.22124
0.27364
0.21610
0.24890
0.20663
0.28594
0.26560
0.23866
0.17659
0.33438
0.30076
0.17397
0.26893
0.31992
0.25181
0.34739
0.30564
0.24074
0.23095
0.22659
0.29615
0.30866
0.27391
0.28094
0.25168
0.17661
0.29692
0.24483
0.26893
0.23941
0.25716
0.28817
0.30327
0.21814
0.20745
0.27341
0.22198
0.26822
0.20207
0.21810
0.24523
0.23063
0.17254
0.29254
0.32338
0.32492
0.18278
0.15300
0.32192
0.19115
0.16196
0.19134
0.31176
0.31565
0.17325
0.18776
0.25184
0.24147
0.14850
0.17213
0.24105
0.26001
0.20942
0.26637
0.24164
0.28490
0.17658
0.20918
0.26767
0.24286
0.20049
0.26950
0.26549
0.27028
0.35563
0.20875
0.29248
0.25079
0.36391
0.32076
0.22048
0.27368
0.26437
0.26172
0.20691
0.31203
0.29347
0.23448
0.28883
0.26547
0.35404
0.24610
0.29175
0.22255
0.34566
0.20406
0.25180
0.23764
0.23844
0.27105
0.26791
0.24213
0.22549
0.25172
0.29352
0.20602
0.31112
0.25746
0.23444
0.30875
0.29528
0.30990
0.14820
0.18830
0.32738
0.33208
0.20961
0.26664
0.27335
0.25038
0.20753
0.17186
0.29656
0.28777
0.23859
0.25236
0.19989
0.26222
0.31345
0.27139
0.24619
0.25219
0.34157
0.26226
0.17421
0.19414
0.28592
0.29538
0.27702
0.26285
0.24719
0.34233
0.35387
0.15845
0.25545
0.31517
0.24898
0.24138
0.29796
0.34150
0.26482
0.21568
0.21046
0.23090
0.23660
0.36610
0.31458
0.30629
0.25009
0.25005
0.26551
0.30993
0.28261
0.18609
0.33964
0.22606
0.23085
0.34738
0.30172
0.22062
0.26629
0.22689
0.29649
0.30752
0.34158
0.25780
0.29071
0.21569
0.27751
0.31781
0.13594
0.25033
0.21542
0.20495
0.23088
0.24043
0.25535
0.24224
0.22554
0.25372
0.19067
0.26076
0.34854
0.24200
0.23882
0.19916
0.30632
0.24937
0.22965
0.16456
0.32677
0.29167
0.33015
0.27301
0.20795
0.25926
0.27342
0.21008
0.26505
0.19267
0.34035
0.27326
0.34597
0.28280
0.29700
0.35156
0.25427
0.23788
0.26185
0.17455
0.17906
0.25710
0.18599
0.26924
0.31152
0.25423
0.27572
0.37977
0.31828
0.33663
0.27359
0.31113
0.28433
0.36766
0.20765
0.26722
0.33877
0.32750
0.25297
0.32726
0.38568
0.25799
0.24091
0.34111
0.22272
0.31941
0.32859
0.26216
0.22363
0.34763
0.23247
0.26461
0.31326
0.23321
0.19932
0.22662
0.21449
0.27231
0.29724
0.28011
0.28197
0.22223
0.26868
0.26781
0.25779
0.24425
0.28429
0.14977
0.33082
0.32044
0.35611
0.26961
0.29626
0.37815
0.39852
0.25603
0.20450
0.28177
0.38512
0.28324
0.21971
0.27633
0.34448
0.26149
0.21770
0.33730
0.25315
0.28579
0.21724
0.31319
0.36662
0.44158
0.30458
0.28281
0.25795
0.38257
0.30806
0.28344
0.27326
0.34678
0.22689
0.21080
0.32300
0.44244
0.23786
0.39945
0.39556
0.24456
0.26959
0.33934
0.29876
0.30379
0.25519
0.24810
0.22896
0.28755
0.26737
0.30636
0.32581
0.36403
0.24219
0.25583
0.27111
0.20824
0.24250
0.36255
0.24182
0.15813
0.34656
0.18071
0.20691
0.39947
0.16693
0.27752
0.22627
0.23949
0.24593
0.42914
0.19222
0.29502
0.37927
0.22421
0.22446
0.22904
0.25941
0.24422
0.33638
0.19584
0.38227
0.35698
0.23565
0.24709
0.18731
0.36671
0.27946
0.23003
0.35862
0.42356
0.31968
0.29018
0.32955
0.36255
0.17483
0.28059
0.28214
0.38851
0.21777
0.24798
0.23972
0.33349
0.25556
0.25289
0.23080
0.34557
0.37871
0.25242
0.25829
0.32790
0.28735
0.26968
0.27540
0.37915
0.26536
0.29791
0.25090
0.27889
0.35056
0.26390
0.28572
0.25007
0.34256
0.27161
0.23758
0.29347
0.27280
0.19963
0.23850
0.19504
0.30740
0.20756
0.10353
0.08979
0.15178
0.24109
0.29150
0.22316
0.27037
0.35445
0.15000
0.10832
0.18672
0.05443
0.28405
0.26642
0.18744
0.27331
0.12270
0.12369
0.19111
0.25250
0.09068
0.17193
0.21860
0.29527
0.16942
0.21233
0.29639
0.11802
0.30644
0.24958
0.06478
0.08004
0.19418
0.27636
0.12562
0.25841
0.19002
0.29500
0.07978
0.02572
0.06753
0.15466
0.27297
0.11557
0.22000
0.09235
0.23146
0.15777
0.25117
0.21520
0.09335
0.23524
0.09918
0.10733
0.20784
0.18382
0.12918
0.09070
0.07524
0.19070
0.20860
0.26175
0.22845
0.01457
0.03874
0.16883
0.21231
0.14858
0.14864
0.15319
0.28978
0.19695
0.12132
0.28083
0.30957
0.08840
0.19601
0.16099
0.04677
0.07014
0.17387
0.08312
0.20666
0.22472
0.29165
0.19602
0.28313
0.20784
0.18098
0.19834
0.26132
0.24199
0.06016
0.23894
0.08245
0.06354
0.24091
0.23258
0.31179
0.26952
0.07342
0.07265
0.17664
0.26015
0.13290
0.17082
0.12888
0.21252
0.31835
0.08053
0.21583
0.13273
0.10859
0.05998
0.20858
0.05998
0.17181
0.27873
0.24469
0.07556
0.12084
0.05169
0.16170
0.06404
0.20136
