0.11887
0.11595
0.07271
0.24707
0.09029
0.14728
0.26948
0.16161
0.16719
0.05201
0.20583
0.13358
0.18266
0.11852
0.15869
0.22145
0.14117
0.11166
0.09285
0.14752
0.28745
0.19311
0.14556
0.08655
0.25509
0.20587
0.16362
0.24246
0.06443
0.21004
0.14079
0.23926
0.14477
0.11000
0.11004
0.10266
0.12857
0.11870
0.14088
0.19983
0.31042
0.26481
0.09118
0.13346
0.27333
0.25194
0.20694
0.25715
0.17911
0.13977
0.10289
0.13364
0.16714
0.28261
0.09640
0.20396
0.24269
0.11836
0.19834
0.07451
0.25620
0.26473
0.16753
0.20815
0.27791
0.31745
0.04356
0.20286
0.09253
0.06465
0.12329
0.30460
0.30421
0.21877
0.26121
0.15088
0.10122
0.04667
0.20886
0.17117
0.31369
0.21416
0.32585
0.28390
0.28365
0.33280
0.10386
0.07268
0.09915
0.21991
0.34864
0.17626
0.07793
0.26478
0.05924
0.15287
0.25497
0.23251
0.18481
0.21225
0.09312
0.19454
0.11147
0.13034
0.22279
0.29817
0.13929
0.18212
0.18509
0.28306
0.03678
0.27825
0.07617
0.20675
0.10486
0.17982
0.25469
0.07640
0.06067
0.20518
0.21562
0.06770
0.26663
0.01767
0.13634
0.11346
0.32735
0.27745
0.20627
0.25409
0.11489
0.12120
0.28836
0.34586
0.11594
0.14988
0.06974
0.28550
0.26221
0.05027
0.17095
0.05255
0.32832
0.21045
0.18281
0.22777
0.10403
0.34201
0.19071
0.08888
0.18516
0.24648
0.11871
0.31951
0.30546
0.32703
0.12919
0.14991
0.15467
0.18719
0.27919
0.20386
0.27882
0.29500
0.09936
0.13102
0.28176
0.29427
0.12322
0.28533
0.03970
0.24632
0.23130
0.02986
0.09188
0.22822
0.05744
0.08387
0.16762
0.28572
0.11637
0.10352
0.20116
0.19188
0.07025
0.18038
0.23684
0.22050
0.25052
0.20039
0.14262
0.08952
0.06483
0.16872
0.14218
0.25017
0.20203
0.18882
0.11851
0.30035
0.20193
0.17455
0.20124
0.17787
0.05325
0.24564
0.08478
0.21642
0.26442
0.17418
0.27078
0.24584
0.10993
0.24789
0.24873
0.26578
0.12538
0.26160
0.21418
0.33501
0.12298
0.23276
0.13482
0.08171
0.07672
0.05829
0.17394
0.18935
0.13959
0.06372
0.23343
0.11293
0.26576
0.14899
0.04035
0.26241
0.12232
0.03280
0.11762
0.22683
0.10869
0.29253
0.10797
0.10935
0.19177
0.22686
0.10132
0.05445
0.11454
0.10761
0.12027
0.17327
0.09856
0.29851
0.13531
0.17659
0.20674
0.11384
0.05008
0.13556
0.19328
0.16626
0.20930
0.14549
0.14475
0.25548
0.28997
0.08728
0.17720
0.07784
0.11025
0.12581
0.08621
0.05317
0.37425
0.21518
0.08424
0.17654
0.17056
0.05969
0.14910
0.37430
0.12841
0.08636
0.29097
0.12130
0.22665
0.19612
0.15990
0.11044
0.11934
0.06460
0.21071
0.25819
0.15085
0.09537
0.22576
0.20610
0.22722
0.15856
0.33174
0.28628
0.25354
0.16580
0.12931
0.30190
0.28140
0.33566
0.04658
0.28519
0.13890
0.22499
0.18559
0.09414
0.12170
0.11491
0.12950
0.22532
0.25985
0.10222
0.09718
0.10071
0.27485
0.23727
0.22481
0.18751
0.24397
0.23043
0.12037
0.11428
0.22567
0.29288
0.35749
0.25211
0.33867
0.23366
0.26665
0.32796
0.27693
0.27299
0.10384
0.07673
0.15296
0.24144
0.08640
0.08617
0.23524
0.15122
0.20243
0.10858
0.15738
0.15462
0.29607
0.30280
0.25212
0.24595
0.31297
0.13820
0.14933
0.31183
0.04757
0.20852
0.06367
0.06974
0.22610
0.08161
0.24757
0.34075
0.07657
0.11067
0.17508
0.25688
0.10693
0.07513
0.12269
0.08511
0.08373
0.10010
0.18569
0.07420
0.27499
0.15902
0.20130
0.08541
0.16416
0.30365
0.21574
0.28677
0.33679
0.16911
0.26570
0.32179
0.29638
0.30696
0.28525
0.26827
0.34630
0.24183
0.23515
0.25682
0.21332
0.29545
0.21125
0.34490
0.32156
0.22996
0.24687
0.27334
0.24453
0.36145
0.26910
0.24731
0.29159
0.32724
0.23073
0.27425
0.30212
0.28605
0.24754
0.25230
0.28420
0.30197
0.27644
0.23454
0.33254
0.24707
0.23821
0.32431
0.19987
0.31475
0.33964
0.27979
0.28880
0.29325
0.29385
0.24460
0.28952
0.31837
0.24461
0.28845
0.30887
0.22773
0.28413
0.31740
0.21463
0.29349
0.26463
0.26843
0.31674
0.28349
0.26058
0.20740
0.27171
0.34763
0.13798
0.27798
0.23367
0.19161
0.20131
0.36561
0.31263
0.30527
0.18751
0.35331
0.26935
0.28840
0.35091
0.31575
0.30348
0.29293
0.23842
0.29114
0.20280
0.34550
0.30721
0.23865
0.15865
0.33860
0.21634
0.26507
0.29305
0.27693
0.34335
0.30729
0.22581
0.31084
0.28119
0.19164
0.18531
0.29332
0.19415
0.20361
0.16551
0.28010
0.32594
0.28384
0.26025
0.24738
0.29409
0.22172
0.30103
0.27006
0.26283
0.21649
0.27624
0.28416
0.21853
0.18408
0.35215
0.30351
0.22635
0.31376
0.32246
0.24577
0.35523
0.31718
0.24922
0.28165
0.24584
0.28008
0.32291
0.28819
0.26651
0.24329
0.17473
0.31178
0.21688
0.29657
0.23585
0.29310
0.32107
0.29231
0.21921
0.22913
0.29280
0.22329
0.30588
0.20447
0.25671
0.24830
0.24911
0.21933
0.31715
0.32181
0.32191
0.25068
0.23232
0.32243
0.24435
0.21303
0.22036
0.29285
0.31205
0.18902
0.20434
0.28317
0.26995
0.21134
0.18434
0.23122
0.24886
0.22036
0.26622
0.23945
0.31597
0.18874
0.23360
0.27840
0.26835
0.21339
0.26813
0.28491
0.27115
0.36984
0.21481
0.29875
0.24927
0.35129
0.30885
0.28525
0.28907
0.28361
0.26783
0.20944
0.31165
0.27081
0.25567
0.28677
0.26261
0.33513
0.26305
0.26563
0.23547
0.35564
0.23642
0.28931
0.23182
0.27434
0.28425
0.26898
0.21085
0.27176
0.25875
0.31741
0.20680
0.30705
0.25372
0.28123
0.27810
0.29014
0.26167
0.15956
0.22333
0.31800
0.33660
0.27721
0.29410
0.31026
0.27280
0.20488
0.22563
0.30793
0.30263
0.28283
0.25731
0.19776
0.26845
0.30210
0.27969
0.26791
0.22673
0.31751
0.29814
0.21590
0.19681
0.28071
0.29593
0.30221
0.28133
0.23037
0.32811
0.33903
0.16542
0.25125
0.30212
0.24884
0.29055
0.30356
0.32897
0.26280
0.20439
0.23642
0.28307
0.27987
0.35391
0.28464
0.31240
0.28272
0.24479
0.26894
0.28034
0.27445
0.18694
0.33052
0.22326
0.24426
0.34632
0.29756
0.27541
0.24745
0.25964
0.30596
0.34106
0.33269
0.25579
0.26955
0.21200
0.30043
0.31080
0.15424
0.28103
0.22956
0.24628
0.28739
0.23421
0.27807
0.23820
0.26390
0.23271
0.23691
0.24642
0.32387
0.28992
0.27222
0.21724
0.28392
0.26366
0.24646
0.21547
0.34585
0.27742
0.33874
0.25474
0.25994
0.28746
0.28177
0.24183
0.27418
0.19402
0.31477
0.28289
0.33992
0.26563
0.28639
0.34481
0.26885
0.26715
0.30080
0.17319
0.20709
0.31459
0.21477
0.29751
0.29613
0.28856
0.30888
0.37147
0.30761
0.31715
0.26603
0.29520
0.29628
0.35639
0.26587
0.28643
0.32501
0.31830
0.30333
0.30832
0.38772
0.22596
0.27447
0.33487
0.24709
0.31818
0.33088
0.24130
0.25618
0.34649
0.24322
0.26649
0.28955
0.25559
0.25364
0.25142
0.22288
0.28467
0.28325
0.29662
0.29472
0.25247
0.30808
0.27747
0.29979
0.27353
0.27872
0.15942
0.32240
0.34322
0.34828
0.30726
0.32142
0.39372
0.39454
0.30709
0.20029
0.31506
0.38152
0.27207
0.22988
0.27010
0.34943
0.27037
0.25098
0.31931
0.26321
0.27575
0.24079
0.31072
0.34490
0.39758
0.27959
0.32900
0.29166
0.37919
0.31569
0.33075
0.28070
0.33507
0.28577
0.17091
0.32109
0.44985
0.25095
0.41580
0.39296
0.21441
0.28671
0.34598
0.33330
0.29064
0.25834
0.28548
0.22548
0.30006
0.30958
0.28167
0.29962
0.38167
0.27934
0.29543
0.25587
0.19955
0.26069
0.39677
0.20828
0.13512
0.33611
0.17025
0.18206
0.41038
0.16898
0.23093
0.23533
0.29160
0.24181
0.42415
0.19855
0.33767
0.38831
0.25566
0.23886
0.27313
0.24389
0.20533
0.36776
0.20398
0.37661
0.36476
0.25569
0.23931
0.26108
0.33987
0.26691
0.20779
0.34553
0.40905
0.31348
0.28420
0.33577
0.36091
0.24193
0.28613
0.28842
0.38946
0.21538
0.24480
0.22657
0.35947
0.28988
0.24887
0.29559
0.30546
0.34922
0.24022
0.26711
0.33135
0.28842
0.27704
0.23383
0.37009
0.28323
0.25694
0.30979
0.29116
0.34405
0.26243
0.31591
0.25298
0.34056
0.25876
0.26437
0.31318
0.29319
0.23140
0.28109
0.20751
0.33894
0.22939
0.04098
0.17512
0.12896
0.25104
0.31232
0.20666
0.25350
0.36851
0.24015
0.07273
0.22558
0.08343
0.26396
0.28220
0.18022
0.26800
0.12484
0.09340
0.16947
0.26453
0.09255
0.10003
0.19941
0.25634
0.23612
0.21440
0.27921
0.07951
0.31660
0.23202
0.04358
0.04625
0.17263
0.31256
0.17150
0.21142
0.20819
0.27630
0.07860
0.05261
0.09971
0.07692
0.27096
0.15627
0.09451
0.16876
0.25322
0.21410
0.27678
0.22875
0.02176
0.27156
0.02572
0.09599
0.31916
0.18920
0.23993
0.05862
0.09382
0.21814
0.20466
0.27215
0.21839
0.02843
0.11497
0.18354
0.18158
0.13097
0.25724
0.08646
0.25138
0.13697
0.08919
0.26318
0.27149
0.07026
0.14780
0.11239
0.08289
0.05128
0.16957
0.16219
0.20088
0.23717
0.27886
0.20456
0.34660
0.23112
0.20361
0.17119
0.21066
0.16836
0.02665
0.25557
0.10686
0.06319
0.20033
0.26145
0.27984
0.22532
0.06300
0.11170
0.12881
0.22512
0.22315
0.30487
0.06433
0.28422
0.33380
0.14378
0.20943
0.11141
0.04173
0.11635
0.15777
0.03690
0.07147
0.25451
0.29987
0.05920
0.06996
0.06478
0.11763
0.09630
0.31467
