0.08129
0.09762
0.05132
0.22803
0.05276
0.12344
0.19731
0.14751
0.16022
0.05429
0.18875
0.12182
0.10614
0.11941
0.12947
0.22972
0.11814
0.11130
0.07083
0.13157
0.29129
0.12742
0.16273
0.06957
0.22185
0.12806
0.10739
0.22689
0.08042
0.16406
0.11464
0.24993
0.14824
0.10898
0.08952
0.09787
0.12819
0.04218
0.12803
0.17433
0.29945
0.24935
0.06809
0.11498
0.27471
0.19331
0.18936
0.22079
0.17185
0.13180
0.10629
0.10433
0.14079
0.31716
0.10293
0.23934
0.24707
0.11780
0.09362
0.07702
0.26049
0.26285
0.13436
0.20724
0.27356
0.29411
0.05929
0.19693
0.10543
0.04797
0.14752
0.31282
0.33753
0.21636
0.22736
0.09322
0.03786
0.05955
0.21906
0.15820
0.26673
0.13630
0.30785
0.28056
0.27709
0.35890
0.09782
0.09901
0.14246
0.26867
0.32118
0.17548
0.04772
0.28112
0.04163
0.16093
0.20025
0.22461
0.20243
0.17957
0.09095
0.18937
0.11829
0.11174
0.22547
0.29286
0.14678
0.15334
0.17409
0.29000
0.02021
0.24206
0.07928
0.23707
0.11556
0.15847
0.29220
0.05074
0.05890
0.18799
0.22125
0.06120
0.24574
0.00963
0.08207
0.12871
0.30981
0.24527
0.14066
0.26379
0.09023
0.12963
0.30607
0.35006
0.10221
0.13816
0.05153
0.28872
0.27124
0.03449
0.16699
0.03954
0.30344
0.16741
0.11456
0.27967
0.07406
0.32841
0.15658
0.08783
0.21306
0.22185
0.10089
0.29461
0.29996
0.31838
0.08288
0.15609
0.16605
0.16643
0.28010
0.28263
0.27118
0.28919
0.09540
0.10514
0.29538
0.28851
0.06502
0.28557
0.04978
0.24218
0.26362
0.03075
0.09958
0.22218
0.06497
0.08798
0.17231
0.26019
0.10713
0.10802
0.21430
0.15065
0.09083
0.23814
0.20631
0.23926
0.24818
0.17787
0.12117
0.05374
0.05506
0.15180
0.09933
0.23078
0.15946
0.13906
0.07942
0.25105
0.22090
0.07320
0.16375
0.17774
0.05882
0.21181
0.11882
0.19469
0.24197
0.07712
0.23993
0.21777
0.09506
0.23729
0.26689
0.23064
0.13220
0.28252
0.17894
0.34038
0.08633
0.20341
0.07005
0.03119
0.07673
0.04415
0.17461
0.16739
0.12098
0.06744
0.27385
0.08750
0.20397
0.09166
0.04776
0.29092
0.11708
0.05545
0.10461
0.31281
0.06691
0.28660
0.10384
0.11100
0.15378
0.22189
0.10747
0.04935
0.10948
0.11866
0.11512
0.11187
0.12813
0.25421
0.15538
0.13730
0.18158
0.13254
0.04742
0.12643
0.20240
0.16077
0.18832
0.15011
0.13400
0.26847
0.28580
0.09747
0.19499
0.09694
0.07758
0.11897
0.08144
0.03537
0.39127
0.18035
0.06089
0.17800
0.11152
0.07086
0.15013
0.32481
0.12305
0.04927
0.28619
0.13391
0.12983
0.18758
0.14251
0.13393
0.08047
0.06557
0.17111
0.21260
0.16702
0.10392
0.18435
0.15721
0.16412
0.14787
0.34034
0.27014
0.27999
0.12598
0.13865
0.28007
0.30613
0.27338
0.02658
0.25894
0.12344
0.30910
0.12917
0.07722
0.11397
0.07423
0.11331
0.18719
0.22787
0.05392
0.06842
0.07950
0.28260
0.17501
0.22680
0.13971
0.21665
0.24154
0.09151
0.05377
0.22497
0.28542
0.36966
0.26411
0.30590
0.24298
0.24635
0.28343
0.28834
0.22297
0.06080
0.07143
0.12282
0.22274
0.03294
0.05285
0.19379
0.09238
0.18322
0.09799
0.16629
0.09272
0.25262
0.25570
0.24569
0.22577
0.30776
0.13835
0.16341
0.30074
0.06886
0.23213
0.04518
0.06444
0.16898
0.07842
0.23683
0.37373
0.08395
0.06089
0.13254
0.25280
0.11308
0.06051
0.10876
0.04047
0.08761
0.09299
0.20501
0.08852
0.26525
0.16450
0.18176
0.08676
0.15681
0.25364
0.23541
0.28690
0.30504
0.20698
0.21919
0.33893
0.30800
0.30800
0.27666
0.26063
0.29638
0.28850
0.25517
0.28426
0.21245
0.31339
0.19724
0.34356
0.26363
0.22946
0.25510
0.24203
0.27565
0.35211
0.30560
0.27388
0.23368
0.29814
0.23684
0.26521
0.31635
0.27895
0.23710
0.26628
0.30242
0.25605
0.27587
0.20539
0.30147
0.29786
0.27240
0.35296
0.22010
0.27945
0.29831
0.28250
0.32283
0.31389
0.30151
0.22418
0.29374
0.28896
0.24398
0.30965
0.26162
0.27063
0.28980
0.31390
0.21965
0.30305
0.24282
0.24459
0.26936
0.25108
0.28268
0.16941
0.22856
0.33926
0.12114
0.27107
0.25068
0.19676
0.17404
0.36929
0.29925
0.29338
0.16883
0.29284
0.26120
0.26226
0.33651
0.25858
0.30667
0.29966
0.23751
0.28397
0.17127
0.32562
0.29764
0.26413
0.16149
0.33793
0.18840
0.23685
0.26258
0.27598
0.29569
0.25093
0.21031
0.28340
0.25925
0.16871
0.20891
0.28964
0.16785
0.15443
0.15446
0.30075
0.30857
0.30926
0.28207
0.24170
0.30808
0.17622
0.29979
0.28055
0.30354
0.21872
0.26772
0.28770
0.19280
0.17972
0.35316
0.28699
0.22744
0.31908
0.26979
0.23600
0.36559
0.25083
0.21515
0.29830
0.17507
0.28009
0.31052
0.31111
0.26912
0.24638
0.18301
0.33647
0.21043
0.30653
0.19930
0.27933
0.32193
0.25293
0.17698
0.21782
0.27856
0.21370
0.29270
0.18406
0.25862
0.22382
0.21601
0.24910
0.31782
0.27731
0.29767
0.25971
0.22162
0.26301
0.20338
0.24234
0.24881
0.25879
0.31729
0.15026
0.19104
0.28771
0.29250
0.25745
0.15029
0.21370
0.24070
0.25828
0.24459
0.27654
0.31137
0.15559
0.28378
0.23738
0.28941
0.16997
0.32303
0.28591
0.25312
0.37960
0.19873
0.30183
0.21357
0.32700
0.24990
0.30270
0.28094
0.30275
0.26355
0.19409
0.30040
0.28134
0.27778
0.23973
0.26877
0.28864
0.22616
0.24190
0.24193
0.29680
0.24850
0.29588
0.23150
0.29626
0.27718
0.27299
0.19506
0.28257
0.26412
0.30194
0.21186
0.31070
0.20983
0.27256
0.24046
0.21137
0.27041
0.15519
0.25742
0.27822
0.25364
0.28353
0.29182
0.32526
0.27275
0.28775
0.26287
0.27772
0.27206
0.28800
0.23217
0.16774
0.30021
0.27183
0.25217
0.29127
0.19427
0.29300
0.30906
0.22571
0.21743
0.25779
0.27706
0.31152
0.30071
0.26598
0.31040
0.29204
0.15000
0.23213
0.26397
0.29284
0.28237
0.28320
0.28487
0.22063
0.20983
0.18104
0.26293
0.28163
0.31305
0.30237
0.29327
0.28565
0.21530
0.26963
0.26511
0.22739
0.19042
0.29962
0.23223
0.21936
0.29313
0.31999
0.28567
0.23461
0.28556
0.24651
0.33721
0.29675
0.26924
0.23582
0.18339
0.31637
0.26471
0.13001
0.30102
0.17826
0.28643
0.29564
0.21696
0.30123
0.22413
0.27881
0.22077
0.26670
0.26426
0.28635
0.30642
0.27090
0.20456
0.22887
0.25604
0.23846
0.23743
0.26712
0.23268
0.32291
0.25938
0.27574
0.28606
0.27666
0.26104
0.25891
0.18849
0.30676
0.27999
0.30880
0.21212
0.22401
0.30236
0.26426
0.27029
0.29464
0.20805
0.23956
0.29894
0.26069
0.31716
0.26188
0.29803
0.32394
0.33824
0.24831
0.29893
0.25868
0.25606
0.26661
0.31531
0.27699
0.29653
0.28418
0.27849
0.30652
0.28546
0.35957
0.21552
0.25847
0.32419
0.24478
0.26393
0.31339
0.23816
0.26540
0.28852
0.23264
0.29512
0.25797
0.31110
0.27139
0.26958
0.29427
0.23892
0.26808
0.32912
0.29809
0.26145
0.29045
0.27673
0.32245
0.28519
0.27952
0.15321
0.29667
0.33723
0.34050
0.32307
0.30633
0.39933
0.40712
0.28360
0.15952
0.30716
0.36365
0.28938
0.22073
0.30716
0.34082
0.23691
0.24849
0.33442
0.25476
0.24472
0.26857
0.34638
0.34899
0.40428
0.32448
0.31333
0.27795
0.37921
0.29505
0.31628
0.29500
0.36571
0.27924
0.18417
0.30022
0.45551
0.24976
0.41697
0.40743
0.19066
0.32296
0.35858
0.32628
0.27614
0.26986
0.28798
0.21386
0.30479
0.30202
0.29813
0.28051
0.38155
0.28940
0.27966
0.23227
0.22320
0.26191
0.38680
0.22614
0.10456
0.33899
0.15973
0.19645
0.41731
0.16005
0.24559
0.20173
0.28118
0.26129
0.43136
0.18754
0.33135
0.39188
0.24988
0.24459
0.26622
0.26304
0.22921
0.35853
0.15815
0.37887
0.34774
0.25928
0.25874
0.24306
0.34993
0.30230
0.19447
0.35444
0.42526
0.32936
0.28976
0.37321
0.38254
0.23125
0.22815
0.28742
0.39412
0.17667
0.24476
0.21528
0.36022
0.27986
0.24875
0.26463
0.32807
0.36128
0.23873
0.30049
0.34675
0.30583
0.28004
0.26778
0.39204
0.29767
0.25295
0.30032
0.29267
0.34857
0.28098
0.30975
0.23858
0.34246
0.27847
0.24500
0.32402
0.30169
0.25829
0.28692
0.23240
0.29547
0.22195
0.07760
0.10152
0.11432
0.27297
0.30070
0.19868
0.25999
0.32720
0.13076
0.05641
0.22781
0.10230
0.30992
0.29417
0.18329
0.22843
0.03723
0.10910
0.22400
0.14571
0.16003
0.10771
0.19467
0.25454
0.23560
0.21466
0.25378
0.07271
0.31757
0.22179
0.07204
0.05320
0.13532
0.26478
0.13678
0.23008
0.19107
0.32089
0.08897
0.07743
0.04705
0.10929
0.29439
0.14336
0.16715
0.16316
0.25810
0.14062
0.28544
0.22642
0.05525
0.29540
0.05009
0.01761
0.18363
0.19674
0.27299
0.05412
0.07289
0.21122
0.20150
0.30082
0.22144
0.03076
0.06695
0.17809
0.20606
0.18537
0.17297
0.13759
0.28624
0.17598
0.08942
0.28007
0.29105
0.05584
0.12887
0.14238
0.05379
0.04283
0.18164
0.06431
0.19158
0.22232
0.29881
0.20505
0.28728
0.21408
0.23771
0.23576
0.21751
0.17203
0.04068
0.24644
0.11298
0.03539
0.23544
0.22655
0.26788
0.27531
0.15663
0.03189
0.10386
0.23813
0.21506
0.27093
0.07444
0.18036
0.28195
0.15966
0.23957
0.10160
0.04044
0.07675
0.17899
0.05606
0.07839
0.24589
0.31594
0.06037
0.07424
0.02723
0.08673
0.07053
0.20864
