0.11784
0.09758
0.04991
0.26945
0.09777
0.15188
0.21876
0.18107
0.18302
0.06888
0.17396
0.15978
0.16687
0.11137
0.11442
0.22463
0.10173
0.13505
0.06662
0.15573
0.27124
0.14665
0.15379
0.05543
0.21406
0.19674
0.16478
0.27654
0.09011
0.16840
0.19688
0.27054
0.13957
0.10353
0.10654
0.09760
0.11174
0.10203
0.08822
0.17622
0.29205
0.26537
0.07056
0.14985
0.29459
0.23727
0.18016
0.19816
0.18200
0.13098
0.09888
0.13459
0.12353
0.30040
0.09412
0.23649
0.22911
0.14337
0.13151
0.10908
0.28821
0.27450
0.12540
0.24335
0.29097
0.28969
0.03582
0.20574
0.11337
0.02396
0.13580
0.30368
0.29990
0.21478
0.28720
0.15142
0.07506
0.03725
0.22054
0.17249
0.30558
0.24105
0.30436
0.26958
0.29726
0.35719
0.09689
0.10582
0.10244
0.27595
0.31616
0.19452
0.06915
0.27911
0.08556
0.14447
0.21957
0.22327
0.18970
0.20354
0.09465
0.14472
0.11244
0.13934
0.20178
0.29038
0.16229
0.14252
0.19215
0.27665
0.03751
0.25096
0.07027
0.24519
0.12678
0.17643
0.27076
0.06176
0.06881
0.21252
0.22597
0.07164
0.27853
0.03192
0.10421
0.13519
0.33490
0.29422
0.13126
0.24795
0.11451
0.15603
0.32943
0.34023
0.09831
0.14036
0.07339
0.28401
0.24322
0.03236
0.17242
0.02291
0.31051
0.15481
0.14577
0.29150
0.10753
0.36680
0.18611
0.08630
0.16093
0.26418
0.10978
0.32229
0.32403
0.32692
0.11166
0.14592
0.17549
0.23256
0.28263
0.28710
0.30990
0.33564
0.09450
0.14415
0.29450
0.29546
0.08568
0.29311
0.04678
0.23183
0.25097
0.05128
0.16494
0.20836
0.06407
0.11431
0.12915
0.26733
0.06568
0.10935
0.21746
0.18283
0.10378
0.17764
0.23501
0.24684
0.22703
0.24034
0.11700
0.07801
0.05519
0.17411
0.12710
0.26330
0.19395
0.15208
0.08079
0.23316
0.19406
0.05129
0.16547
0.14871
0.04942
0.24282
0.08894
0.18160
0.26047
0.08356
0.25726
0.25032
0.10900
0.24619
0.26570
0.25332
0.13507
0.29507
0.23677
0.36245
0.12820
0.20669
0.10421
0.08300
0.08234
0.05781
0.18822
0.18012
0.16204
0.10184
0.28632
0.08691
0.24824
0.14247
0.07547
0.28243
0.12290
0.03493
0.10967
0.28106
0.09783
0.30869
0.11611
0.11637
0.15599
0.21969
0.13559
0.06594
0.12738
0.11274
0.11938
0.12137
0.10727
0.24144
0.14908
0.15812
0.22115
0.05705
0.05104
0.13077
0.17852
0.13947
0.20407
0.18063
0.15301
0.27962
0.27097
0.09402
0.17282
0.03820
0.12183
0.13074
0.09956
0.08633
0.37544
0.19160
0.07856
0.16581
0.17346
0.05022
0.16522
0.32576
0.15266
0.06759
0.28615
0.12247
0.20055
0.18308
0.14124
0.12190
0.11655
0.11647
0.19354
0.23405
0.14251
0.10545
0.18221
0.18774
0.17180
0.15673
0.31224
0.26030
0.24100
0.17442
0.10270
0.28316
0.26531
0.33751
0.03523
0.29699
0.12554
0.25145
0.15808
0.05788
0.17672
0.13794
0.09708
0.18007
0.23995
0.06800
0.08659
0.17119
0.29794
0.13394
0.24123
0.14443
0.24836
0.21424
0.18768
0.06128
0.19603
0.30848
0.36914
0.26784
0.31806
0.21210
0.26210
0.28848
0.26898
0.25841
0.04713
0.06466
0.13701
0.23066
0.04817
0.06351
0.21663
0.16276
0.25153
0.12333
0.21059
0.12505
0.23749
0.27852
0.27329
0.19266
0.30026
0.12650
0.11848
0.31986
0.06285
0.22928
0.09937
0.06276
0.19052
0.06293
0.22194
0.33439
0.06141
0.08643
0.14792
0.24351
0.11243
0.05378
0.06862
0.10135
0.08493
0.07443
0.23558
0.08433
0.30437
0.15465
0.20957
0.12157
0.15859
0.26652
0.22824
0.29497
0.32174
0.14158
0.23659
0.30584
0.29646
0.32249
0.26601
0.27700
0.30027
0.27104
0.21885
0.26988
0.19506
0.29634
0.19712
0.35727
0.28489
0.24980
0.28291
0.24956
0.28042
0.34886
0.28284
0.24044
0.27500
0.31065
0.24119
0.26427
0.29274
0.27826
0.23103
0.25639
0.30436
0.28332
0.27757
0.20831
0.32629
0.25471
0.25666
0.30666
0.20026
0.31223
0.30740
0.28626
0.28552
0.28962
0.27757
0.25451
0.28619
0.29697
0.25285
0.29392
0.27833
0.26328
0.28404
0.28705
0.19876
0.28354
0.25963
0.26925
0.28260
0.25354
0.28982
0.19324
0.21778
0.33370
0.13349
0.27727
0.22753
0.19837
0.19159
0.36961
0.28923
0.26467
0.16433
0.31286
0.26735
0.28320
0.32931
0.27730
0.29996
0.27787
0.24606
0.27498
0.16390
0.31381
0.29336
0.24602
0.18586
0.32097
0.20991
0.27251
0.26933
0.22615
0.32999
0.27917
0.20242
0.28800
0.29046
0.14612
0.19179
0.30579
0.18134
0.19657
0.16647
0.26930
0.29845
0.27085
0.26028
0.24432
0.30973
0.20636
0.30448
0.25704
0.26498
0.20883
0.25937
0.29360
0.21584
0.14906
0.34785
0.24931
0.21332
0.27011
0.27809
0.22530
0.35354
0.27529
0.22251
0.29669
0.21144
0.25734
0.30126
0.27767
0.25581
0.22196
0.16173
0.29229
0.22919
0.28909
0.22307
0.28013
0.29574
0.25732
0.19572
0.20675
0.26343
0.19957
0.31092
0.19116
0.20655
0.25519
0.21892
0.22462
0.30208
0.28685
0.30143
0.26230
0.22962
0.29175
0.21804
0.23194
0.24588
0.27008
0.28190
0.14841
0.17994
0.28148
0.28054
0.23129
0.15993
0.24464
0.25270
0.24114
0.23893
0.27253
0.31411
0.17149
0.24897
0.24373
0.28727
0.19229
0.28529
0.26082
0.24087
0.37855
0.18723
0.28083
0.22187
0.31206
0.28495
0.27275
0.27960
0.27411
0.24831
0.18652
0.30230
0.26275
0.27534
0.23874
0.23908
0.29639
0.22963
0.27158
0.20897
0.29487
0.24652
0.28910
0.22475
0.27429
0.27254
0.25545
0.19572
0.26005
0.24076
0.30647
0.19050
0.30512
0.25304
0.28688
0.26392
0.26391
0.25201
0.14143
0.24939
0.29996
0.28568
0.26577
0.28101
0.30055
0.25747
0.24391
0.22806
0.28758
0.29670
0.28048
0.25663
0.17840
0.26184
0.28226
0.24956
0.26607
0.22229
0.29899
0.26330
0.22079
0.18796
0.25886
0.26296
0.31301
0.26659
0.24312
0.32143
0.30972
0.14571
0.25138
0.27403
0.26419
0.28503
0.30940
0.30466
0.22480
0.20679
0.15748
0.27843
0.28776
0.32565
0.27894
0.28186
0.28546
0.23357
0.24715
0.28499
0.25323
0.17943
0.29584
0.22927
0.22576
0.30320
0.28669
0.26358
0.23656
0.24407
0.26649
0.31795
0.31450
0.26107
0.25119
0.19506
0.29453
0.26844
0.11816
0.27572
0.20824
0.23943
0.28709
0.22648
0.27935
0.24300
0.24943
0.21422
0.26187
0.23496
0.30160
0.27330
0.27358
0.19792
0.28652
0.25466
0.24230
0.18204
0.28103
0.25500
0.33213
0.24506
0.25893
0.28053
0.25954
0.25241
0.24396
0.20166
0.28928
0.27204
0.29108
0.27192
0.25143
0.30476
0.23237
0.27440
0.29898
0.19182
0.20820
0.29461
0.22959
0.30188
0.26793
0.28621
0.31372
0.36109
0.26216
0.30534
0.25841
0.26373
0.27549
0.31138
0.26094
0.26644
0.30270
0.28493
0.29675
0.28059
0.33926
0.21780
0.27675
0.29227
0.23990
0.28529
0.31804
0.24692
0.24627
0.28820
0.22748
0.27652
0.28538
0.28825
0.26399
0.25615
0.26891
0.24508
0.28264
0.30073
0.27525
0.26044
0.29156
0.27369
0.30611
0.28309
0.25115
0.13988
0.29447
0.31397
0.33258
0.29145
0.28976
0.36729
0.37826
0.29667
0.20896
0.30316
0.35080
0.26304
0.20122
0.30078
0.34099
0.26035
0.26239
0.31063
0.25812
0.27283
0.25500
0.33069
0.33544
0.40191
0.28808
0.30754
0.25531
0.35592
0.27588
0.28746
0.31867
0.34650
0.28197
0.20068
0.31586
0.41591
0.26896
0.36386
0.37278
0.19781
0.27767
0.34799
0.32554
0.27530
0.26535
0.27308
0.22522
0.26889
0.30802
0.30012
0.28327
0.35896
0.29169
0.28931
0.27867
0.22197
0.26651
0.37602
0.22957
0.13354
0.34902
0.13582
0.22038
0.36327
0.16712
0.23530
0.22375
0.27623
0.21826
0.42196
0.20466
0.32186
0.36351
0.23788
0.23693
0.27823
0.24361
0.22231
0.34421
0.17895
0.37250
0.34355
0.26351
0.24165
0.24745
0.34599
0.27763
0.20222
0.31366
0.39776
0.30464
0.29606
0.35087
0.34074
0.22117
0.26262
0.28787
0.37934
0.16976
0.23055
0.22289
0.34085
0.29106
0.25032
0.26886
0.32076
0.34336
0.22568
0.29566
0.30902
0.27710
0.29887
0.24491
0.35868
0.28179
0.22900
0.29424
0.28396
0.32170
0.25237
0.28487
0.24186
0.33268
0.26455
0.26109
0.32665
0.29744
0.24193
0.28457
0.23818
0.31387
0.20775
0.07776
0.16199
0.21711
0.20991
0.27534
0.22090
0.25729
0.36297
0.18718
0.08257
0.26021
0.04660
0.29641
0.24870
0.16839
0.28578
0.10072
0.14564
0.16877
0.13724
0.08344
0.08892
0.21294
0.28212
0.21892
0.21389
0.24417
0.07270
0.31132
0.25038
0.04705
0.06156
0.15628
0.29140
0.11445
0.26792
0.21372
0.29214
0.09482
0.07105
0.15366
0.08031
0.30410
0.13681
0.10010
0.17562
0.24712
0.12881
0.28283
0.21171
0.10560
0.23631
0.07333
0.07876
0.27419
0.19319
0.29899
0.07830
0.06372
0.21090
0.21008
0.27769
0.25491
0.01864
0.05394
0.14869
0.20782
0.15319
0.20083
0.10327
0.26899
0.22617
0.11479
0.21592
0.25980
0.07857
0.14500
0.17539
0.13565
0.06542
0.22219
0.09634
0.19583
0.26323
0.24557
0.20632
0.32347
0.21667
0.27249
0.19106
0.21352
0.22575
0.03526
0.26177
0.10209
0.11162
0.23426
0.23054
0.26449
0.29613
0.10512
0.08857
0.13817
0.19699
0.21437
0.25553
0.10133
0.20042
0.31316
0.12968
0.23972
0.10589
0.02517
0.06684
0.16896
0.07168
0.09753
0.28195
0.26601
0.09099
0.12190
0.02767
0.04449
0.04924
0.22921
