0.15202
0.12354
0.14174
0.25560
0.12384
0.17687
0.21895
0.19266
0.19871
0.10631
0.22712
0.14414
0.20161
0.14368
0.17876
0.25172
0.17445
0.18724
0.10920
0.17829
0.27765
0.22449
0.20160
0.06639
0.23842
0.21347
0.20939
0.28328
0.14491
0.21734
0.22151
0.22544
0.17756
0.11536
0.14240
0.10333
0.15840
0.13424
0.20121
0.17166
0.30556
0.27187
0.12177
0.20478
0.29241
0.20608
0.20691
0.25794
0.24871
0.18726
0.10426
0.17966
0.15200
0.30550
0.10518
0.24978
0.24704
0.14425
0.19091
0.13245
0.25974
0.29046
0.16555
0.23731
0.29754
0.28575
0.11351
0.18691
0.14260
0.11204
0.15326
0.30004
0.28450
0.22211
0.26518
0.18436
0.14807
0.11341
0.24326
0.18376
0.31385
0.26243
0.33505
0.26188
0.26379
0.37412
0.11131
0.08417
0.17257
0.25881
0.34937
0.19342
0.12260
0.24822
0.16678
0.24280
0.24273
0.23156
0.21594
0.18352
0.10741
0.19239
0.14835
0.13226
0.24448
0.30720
0.21273
0.18746
0.19653
0.29350
0.07824
0.26426
0.16363
0.26837
0.13834
0.18972
0.28544
0.07158
0.09996
0.22065
0.23754
0.14950
0.29505
0.05298
0.14499
0.18112
0.27622
0.28395
0.23448
0.26070
0.10528
0.14107
0.26134
0.32539
0.15964
0.15834
0.16981
0.30024
0.27405
0.12172
0.19423
0.06872
0.31207
0.24873
0.21779
0.23836
0.12184
0.36841
0.20407
0.09339
0.20749
0.32097
0.11130
0.32845
0.33378
0.32842
0.13683
0.16895
0.14512
0.26223
0.30935
0.25049
0.26133
0.32783
0.10279
0.14148
0.28218
0.28336
0.14670
0.26411
0.06148
0.27249
0.25756
0.05639
0.10467
0.22537
0.07817
0.13030
0.22792
0.25932
0.12911
0.11923
0.24927
0.16829
0.15435
0.21139
0.25098
0.26940
0.25819
0.18015
0.17537
0.10249
0.11271
0.17762
0.15267
0.24932
0.26276
0.24367
0.11960
0.29010
0.25137
0.09380
0.24317
0.17201
0.09580
0.20059
0.13084
0.22436
0.25057
0.15896
0.27830
0.23827
0.16882
0.25192
0.26501
0.25144
0.14650
0.26097
0.24773
0.34129
0.14199
0.23318
0.14046
0.11268
0.09571
0.09137
0.20769
0.24796
0.16982
0.07559
0.28606
0.16031
0.27345
0.18525
0.10982
0.26852
0.13779
0.09245
0.12154
0.25823
0.09621
0.28481
0.19621
0.12796
0.20921
0.23665
0.12357
0.06721
0.16710
0.12487
0.16087
0.20015
0.14771
0.27243
0.14577
0.19247
0.23024
0.12324
0.09944
0.13705
0.18609
0.19337
0.19549
0.22429
0.18295
0.26016
0.26200
0.10673
0.21264
0.08919
0.17538
0.13035
0.11470
0.07137
0.36443
0.17859
0.08584
0.22779
0.21420
0.09387
0.17903
0.34801
0.15769
0.17552
0.28611
0.11482
0.21790
0.18630
0.21135
0.25174
0.13065
0.09835
0.18171
0.26099
0.19922
0.10664
0.20847
0.20250
0.21518
0.19471
0.32833
0.30901
0.27519
0.17570
0.16563
0.30549
0.25236
0.31343
0.05215
0.26971
0.15748
0.28453
0.16136
0.08894
0.13899
0.19408
0.12982
0.29491
0.27249
0.15803
0.12637
0.10944
0.26435
0.24575
0.28683
0.21480
0.26455
0.23722
0.19248
0.08381
0.29758
0.27774
0.36669
0.23517
0.28831
0.22525
0.26025
0.31006
0.30306
0.28231
0.17587
0.09670
0.18534
0.22989
0.08146
0.12015
0.23568
0.14168
0.24083
0.16537
0.19952
0.20630
0.29581
0.26735
0.24869
0.21575
0.30725
0.20134
0.16406
0.29707
0.10602
0.18223
0.10931
0.10195
0.20324
0.16262
0.25869
0.33740
0.11086
0.11308
0.19575
0.25776
0.11778
0.06163
0.06656
0.12276
0.12425
0.14973
0.22996
0.08073
0.28385
0.16432
0.18631
0.12664
0.20511
0.29738
0.22912
0.26605
0.33773
0.19041
0.29425
0.30277
0.31312
0.33779
0.27439
0.24915
0.33779
0.26310
0.22748
0.24415
0.21832
0.31558
0.20014
0.38092
0.32564
0.26637
0.26984
0.25253
0.26552
0.35390
0.27767
0.24826
0.29352
0.31881
0.27321
0.26856
0.31276
0.27071
0.22517
0.25519
0.31997
0.29289
0.24389
0.23340
0.33157
0.23840
0.23141
0.32602
0.17509
0.26961
0.34020
0.28691
0.29315
0.30261
0.30569
0.22197
0.29521
0.33554
0.22017
0.29308
0.31677
0.26081
0.28311
0.30355
0.22402
0.30669
0.26617
0.27743
0.27906
0.28707
0.26922
0.19504
0.28242
0.36102
0.14925
0.27987
0.21474
0.21610
0.21284
0.35988
0.29433
0.33477
0.17269
0.33754
0.26789
0.27288
0.35477
0.29537
0.29168
0.27608
0.25316
0.28996
0.19237
0.34914
0.29519
0.26586
0.17543
0.30513
0.20652
0.24469
0.26707
0.25029
0.34147
0.32118
0.21663
0.32924
0.29211
0.19305
0.21190
0.29746
0.17909
0.19274
0.14844
0.30816
0.31538
0.28167
0.26619
0.24771
0.28909
0.19818
0.30547
0.29101
0.27557
0.20949
0.28788
0.29477
0.22385
0.17312
0.35600
0.27998
0.20511
0.33176
0.29647
0.24636
0.34307
0.30002
0.23291
0.31521
0.20176
0.28811
0.30744
0.28294
0.29249
0.24109
0.17824
0.31508
0.23982
0.30612
0.22467
0.28448
0.31640
0.28267
0.20126
0.23297
0.27825
0.20816
0.29522
0.20284
0.25455
0.24086
0.23182
0.23077
0.29145
0.31213
0.32521
0.23615
0.18251
0.31680
0.22299
0.20247
0.21605
0.29579
0.32343
0.16710
0.19322
0.26713
0.28480
0.20688
0.17208
0.23479
0.26171
0.26526
0.23512
0.27625
0.32415
0.18307
0.24841
0.27416
0.29332
0.19571
0.29147
0.28873
0.26696
0.35979
0.20531
0.32446
0.21373
0.34578
0.30310
0.28907
0.27142
0.28843
0.26391
0.21770
0.31020
0.30700
0.27659
0.26236
0.27035
0.33687
0.25393
0.29206
0.23651
0.33666
0.24459
0.29651
0.22780
0.27739
0.26986
0.27507
0.22998
0.23691
0.27757
0.28086
0.22762
0.30904
0.23098
0.25033
0.28231
0.26266
0.29553
0.17643
0.22432
0.31169
0.30243
0.27818
0.29669
0.31744
0.26030
0.23872
0.22564
0.28114
0.27440
0.29972
0.25558
0.20398
0.29895
0.30634
0.22669
0.26509
0.25233
0.33957
0.28584
0.22783
0.20797
0.28055
0.28551
0.29752
0.26846
0.27216
0.33913
0.35184
0.16019
0.24086
0.30212
0.28399
0.28750
0.29584
0.32678
0.22665
0.22898
0.19371
0.25096
0.28112
0.34035
0.31553
0.28387
0.29383
0.22449
0.25772
0.28771
0.26954
0.19689
0.32008
0.24215
0.23566
0.32743
0.29432
0.25001
0.22753
0.26742
0.26849
0.33699
0.31819
0.26798
0.26460
0.20566
0.30573
0.31770
0.14657
0.26695
0.19319
0.25697
0.27201
0.21922
0.29454
0.24024
0.25771
0.23067
0.26112
0.25567
0.32559
0.26659
0.28021
0.20936
0.28422
0.24774
0.23888
0.21461
0.33076
0.28184
0.32719
0.28391
0.26161
0.27156
0.27287
0.23662
0.27091
0.19829
0.32383
0.28348
0.32248
0.27826
0.30117
0.34052
0.25644
0.23773
0.30159
0.16950
0.19202
0.30068
0.22545
0.30675
0.28939
0.27658
0.33088
0.37263
0.29769
0.30718
0.24835
0.31822
0.29033
0.34052
0.25633
0.27353
0.31919
0.31256
0.30067
0.32568
0.38576
0.24455
0.28544
0.34655
0.25704
0.31416
0.31168
0.24725
0.26460
0.34191
0.22263
0.30191
0.30514
0.30286
0.25872
0.23988
0.26591
0.26604
0.29807
0.30713
0.28677
0.27711
0.29893
0.27714
0.29456
0.27276
0.30099
0.16022
0.32627
0.32573
0.35255
0.33280
0.32029
0.40124
0.41804
0.28238
0.20692
0.30155
0.37858
0.28788
0.23875
0.31997
0.33797
0.26308
0.25631
0.34309
0.25175
0.27062
0.23355
0.33894
0.36762
0.41269
0.28536
0.32244
0.29036
0.39781
0.30998
0.31673
0.31179
0.38046
0.27668
0.20333
0.30954
0.47742
0.23321
0.43116
0.41768
0.22495
0.31521
0.37295
0.29621
0.29146
0.24619
0.29809
0.21129
0.30457
0.31766
0.30399
0.30696
0.38760
0.31311
0.29114
0.27778
0.22222
0.26908
0.39546
0.20320
0.11229
0.35140
0.14392
0.18733
0.42736
0.18648
0.26255
0.23301
0.27586
0.24988
0.44607
0.19419
0.32077
0.41206
0.24026
0.24896
0.27125
0.27678
0.17513
0.38550
0.21026
0.38525
0.35962
0.27764
0.25091
0.23241
0.35225
0.28529
0.22925
0.29410
0.40329
0.32972
0.30835
0.38236
0.36439
0.19785
0.26292
0.28988
0.39211
0.22316
0.23759
0.24875
0.34533
0.28237
0.26120
0.25565
0.35157
0.37712
0.25876
0.29986
0.33400
0.29975
0.31090
0.27268
0.39125
0.31822
0.25822
0.29263
0.31389
0.33735
0.28448
0.30975
0.24799
0.34881
0.27560
0.27282
0.33617
0.30870
0.24315
0.29183
0.22176
0.25919
0.20855
0.10835
0.20674
0.20747
0.26518
0.29618
0.24037
0.24639
0.36506
0.24229
0.08976
0.18636
0.08582
0.25721
0.26465
0.18257
0.28647
0.10544
0.22606
0.18167
0.20792
0.11444
0.16132
0.20820
0.27925
0.21312
0.21280
0.26973
0.14019
0.33989
0.23774
0.09491
0.14566
0.13720
0.29600
0.18040
0.23515
0.19783
0.23825
0.14105
0.10853
0.09519
0.07296
0.27085
0.15398
0.19790
0.23490
0.26384
0.18204
0.28583
0.20878
0.10211
0.26077
0.06221
0.09053
0.24352
0.18689
0.21953
0.12162
0.13357
0.19165
0.18181
0.28561
0.24543
0.10779
0.06632
0.15387
0.21805
0.22216
0.24957
0.05122
0.25620
0.12358
0.16253
0.24748
0.29637
0.15509
0.10486
0.21583
0.07492
0.09908
0.17944
0.21777
0.17624
0.25545
0.27863
0.19388
0.29513
0.23633
0.26769
0.20839
0.21882
0.18241
0.06608
0.25418
0.16500
0.15130
0.21343
0.22604
0.31780
0.24316
0.15138
0.09286
0.23035
0.22389
0.25023
0.26172
0.11886
0.25145
0.24113
0.15028
0.25330
0.16402
0.10097
0.10315
0.19006
0.15027
0.11295
0.28278
0.28673
0.13503
0.10111
0.06876
0.08284
0.17621
0.21866
