0.07552
0.11467
0.03023
0.23481
0.06874
0.13891
0.18057
0.14436
0.18119
0.03910
0.17143
0.12382
0.16492
0.12027
0.09350
0.21970
0.15165
0.10102
0.06074
0.13871
0.28915
0.09700
0.16530
0.02459
0.20753
0.12800
0.11349
0.20335
0.09962
0.09936
0.15031
0.26776
0.13992
0.10417
0.07093
0.09565
0.12110
0.07926
0.09585
0.12454
0.29337
0.23893
0.10046
0.11722
0.26800
0.24440
0.12955
0.19645
0.17491
0.13339
0.09201
0.10187
0.13755
0.26950
0.09372
0.19528
0.17540
0.09799
0.06743
0.09242
0.26486
0.30569
0.09395
0.19186
0.26996
0.30243
0.03927
0.21137
0.07240
0.02074
0.11697
0.29034
0.24047
0.18566
0.21752
0.07513
0.04558
0.04335
0.21297
0.15339
0.30312
0.17900
0.31008
0.26680
0.26172
0.31303
0.09942
0.04338
0.12318
0.27192
0.30806
0.15605
0.04204
0.24629
0.04238
0.14856
0.21016
0.21287
0.22099
0.16099
0.09250
0.16924
0.10081
0.11289
0.18042
0.28833
0.15236
0.14354
0.11657
0.28806
0.01835
0.19226
0.06598
0.24351
0.11686
0.12441
0.28115
0.07969
0.05720
0.16962
0.23884
0.05431
0.24530
0.02801
0.07682
0.10694
0.30056
0.26148
0.11238
0.24349
0.07333
0.10405
0.30967
0.35259
0.10360
0.12151
0.03056
0.28027
0.27029
0.04437
0.16300
0.03468
0.28365
0.17154
0.11293
0.27525
0.04997
0.32925
0.13988
0.08526
0.15447
0.21826
0.10125
0.28507
0.31100
0.33566
0.10349
0.13246
0.14729
0.18545
0.21326
0.25912
0.30357
0.32063
0.08947
0.08890
0.22936
0.23353
0.05261
0.23957
0.02729
0.19481
0.25346
0.03370
0.11312
0.17732
0.06044
0.05805
0.19362
0.26716
0.05656
0.09920
0.21145
0.13016
0.11196
0.22299
0.22379
0.25184
0.25488
0.15289
0.09671
0.04992
0.01932
0.11636
0.08839
0.25869
0.14570
0.17591
0.06904
0.28536
0.21906
0.05970
0.12940
0.15557
0.01942
0.20601
0.06744
0.18816
0.22824
0.07300
0.26025
0.23871
0.09783
0.25115
0.24320
0.26065
0.11784
0.22276
0.20793
0.33192
0.05903
0.17281
0.10168
0.03621
0.09722
0.03880
0.14692
0.16704
0.12990
0.02879
0.23582
0.06806
0.20252
0.10497
0.06709
0.26623
0.10503
0.02509
0.10387
0.24954
0.06098
0.30064
0.07772
0.10121
0.15309
0.21169
0.11986
0.03425
0.06509
0.10616
0.09775
0.10086
0.07654
0.19040
0.14786
0.15492
0.21132
0.05648
0.05412
0.11382
0.21969
0.15928
0.19811
0.18220
0.13012
0.26653
0.28339
0.10119
0.13385
0.02309
0.04023
0.11624
0.05658
0.02806
0.36611
0.15865
0.06002
0.23961
0.16990
0.08005
0.09614
0.33695
0.12997
0.06879
0.28083
0.11665
0.15746
0.12541
0.20001
0.08945
0.09462
0.04950
0.21980
0.15916
0.13277
0.09787
0.13081
0.15273
0.17294
0.12196
0.31148
0.24520
0.27871
0.11803
0.11089
0.31612
0.26367
0.30504
0.02536
0.29585
0.10398
0.31159
0.10157
0.07051
0.17036
0.09154
0.09594
0.14841
0.23741
0.04995
0.09271
0.05909
0.23967
0.10125
0.19941
0.11775
0.19781
0.23248
0.10897
0.05027
0.22021
0.29062
0.36584
0.27855
0.30251
0.22302
0.23588
0.28808
0.29497
0.22578
0.05935
0.03564
0.14782
0.22372
0.04054
0.06916
0.18620
0.09859
0.20437
0.09205
0.18331
0.07975
0.29191
0.21624
0.23379
0.16145
0.28389
0.13469
0.15441
0.31938
0.02685
0.20952
0.03900
0.09984
0.17740
0.05694
0.20695
0.31239
0.04621
0.08464
0.10877
0.28510
0.09949
0.03295
0.06585
0.06996
0.05695
0.06290
0.15516
0.07645
0.26509
0.13069
0.21603
0.07318
0.17157
0.28574
0.22522
0.29435
0.33613
0.18445
0.26185
0.31828
0.28634
0.34830
0.28459
0.27053
0.33874
0.28068
0.22583
0.28214
0.19307
0.30428
0.18324
0.36605
0.27543
0.25587
0.25820
0.25347
0.29150
0.33090
0.30251
0.25175
0.25099
0.33746
0.25453
0.29365
0.31563
0.26762
0.24549
0.24877
0.31826
0.29243
0.27735
0.22884
0.33027
0.27603
0.27734
0.34254
0.20135
0.32387
0.34002
0.29123
0.30931
0.31255
0.30733
0.23326
0.31171
0.31556
0.24179
0.30458
0.29026
0.29033
0.30645
0.29219
0.17556
0.31756
0.24530
0.28064
0.29804
0.29763
0.29143
0.16146
0.28021
0.34013
0.12070
0.27249
0.24297
0.22182
0.18059
0.37328
0.31407
0.31781
0.16830
0.31741
0.25773
0.25785
0.33684
0.27167
0.32724
0.27861
0.24412
0.27302
0.17054
0.34337
0.30890
0.25141
0.18380
0.32965
0.18268
0.24374
0.27049
0.23668
0.31387
0.27838
0.17356
0.30756
0.29493
0.17192
0.19120
0.29205
0.16879
0.15746
0.16209
0.29679
0.31848
0.28714
0.28897
0.24268
0.31263
0.21030
0.31399
0.29658
0.30314
0.21833
0.29842
0.31102
0.18552
0.15123
0.36587
0.27920
0.23396
0.32258
0.30700
0.24406
0.37864
0.25043
0.22345
0.30709
0.19619
0.28215
0.29928
0.31246
0.28978
0.24987
0.16419
0.33133
0.19378
0.29894
0.20285
0.29133
0.32323
0.29226
0.17775
0.21418
0.29423
0.19253
0.29580
0.16633
0.26107
0.23419
0.18743
0.23791
0.31240
0.31051
0.31420
0.27718
0.22504
0.29493
0.17988
0.24495
0.20028
0.26243
0.30176
0.13691
0.18505
0.25502
0.29482
0.22493
0.14284
0.17002
0.25522
0.22941
0.22967
0.27618
0.33611
0.14847
0.27978
0.27623
0.29124
0.15398
0.31897
0.28169
0.24079
0.37515
0.17773
0.31941
0.20771
0.33573
0.29060
0.29465
0.27586
0.29903
0.27957
0.16302
0.31500
0.26751
0.29340
0.26028
0.30347
0.32071
0.23497
0.28207
0.24945
0.32515
0.24406
0.29074
0.21313
0.29098
0.30355
0.26438
0.22595
0.26599
0.21740
0.31616
0.18970
0.33602
0.21728
0.28842
0.27939
0.25728
0.29305
0.14629
0.26893
0.32076
0.31219
0.27103
0.31276
0.34107
0.23424
0.26859
0.24528
0.27218
0.27797
0.27266
0.20879
0.15141
0.28690
0.28639
0.25076
0.29110
0.23904
0.32288
0.32136
0.22260
0.19221
0.27288
0.28949
0.31622
0.29190
0.26107
0.33375
0.33145
0.13443
0.22418
0.26617
0.29655
0.29588
0.29204
0.32678
0.23882
0.21763
0.19341
0.29536
0.29818
0.35628
0.26011
0.28852
0.29948
0.21932
0.24375
0.28315
0.27909
0.17571
0.31068
0.24058
0.21358
0.33346
0.31413
0.27292
0.21896
0.29154
0.28467
0.34532
0.31284
0.22087
0.24874
0.18937
0.30836
0.32038
0.10034
0.29797
0.16246
0.25792
0.29852
0.20385
0.30442
0.22780
0.26969
0.21601
0.26523
0.22128
0.32042
0.31159
0.29432
0.16544
0.26935
0.24631
0.23109
0.21903
0.29814
0.24731
0.34287
0.28611
0.28212
0.31314
0.24604
0.26545
0.28532
0.17131
0.34265
0.24914
0.31929
0.26518
0.28677
0.33409
0.28840
0.28956
0.31496
0.16043
0.23461
0.30839
0.25364
0.32351
0.31183
0.31802
0.32874
0.37763
0.28858
0.29840
0.26426
0.29716
0.30524
0.35016
0.28689
0.27210
0.31956
0.31072
0.31028
0.34192
0.36551
0.17549
0.27056
0.29805
0.23427
0.29529
0.33380
0.24759
0.25165
0.33163
0.23615
0.28516
0.28066
0.28666
0.25381
0.27117
0.27446
0.27519
0.28172
0.34208
0.30884
0.27114
0.28868
0.28305
0.31779
0.30000
0.29116
0.11160
0.31407
0.34027
0.34422
0.34526
0.30227
0.41038
0.38045
0.29762
0.16584
0.32750
0.36705
0.30058
0.21108
0.30545
0.34091
0.23627
0.26346
0.33238
0.26850
0.25902
0.24226
0.35761
0.35750
0.41440
0.30525
0.30689
0.23063
0.40259
0.29433
0.30269
0.30905
0.31399
0.26475
0.20779
0.32422
0.45555
0.24149
0.40483
0.43384
0.20158
0.32071
0.38189
0.32366
0.30484
0.28626
0.26958
0.24135
0.30204
0.28897
0.28353
0.29517
0.38768
0.30165
0.29267
0.25304
0.22935
0.23441
0.39570
0.23777
0.11689
0.33322
0.16940
0.20110
0.39826
0.17242
0.26348
0.20880
0.25075
0.22023
0.43295
0.17694
0.35060
0.40782
0.26424
0.25709
0.23556
0.27537
0.22163
0.36290
0.16202
0.36193
0.35990
0.21838
0.27479
0.26829
0.33832
0.28390
0.20177
0.32043
0.42362
0.32526
0.27103
0.32881
0.36081
0.23296
0.25204
0.28552
0.39249
0.21372
0.23018
0.24808
0.37615
0.27671
0.26461
0.28614
0.33486
0.36172
0.23642
0.29823
0.32028
0.31402
0.27893
0.27368
0.39636
0.31286
0.23857
0.30748
0.30969
0.35861
0.26381
0.30623
0.24025
0.33992
0.25580
0.23932
0.31195
0.30778
0.25803
0.29768
0.14918
0.27756
0.23354
0.03664
0.07752
0.18892
0.23566
0.28147
0.19517
0.24162
0.28564
0.15964
0.06574
0.16304
0.02546
0.27722
0.22891
0.17516
0.30029
0.06096
0.14659
0.20609
0.17624
0.05899
0.10470
0.19278
0.27214
0.19703
0.21079
0.19757
0.02677
0.30489
0.18819
0.03415
0.07952
0.10273
0.28810
0.10887
0.22581
0.20390
0.31297
0.03781
0.02775
0.04635
0.04588
0.24689
0.15380
0.11631
0.23563
0.28778
0.09861
0.25781
0.21681
0.02249
0.26660
0.11270
0.03600
0.23631
0.19450
0.19083
0.07621
0.04945
0.21029
0.20207
0.25128
0.26750
0.02044
0.05319
0.16381
0.21299
0.21877
0.19791
0.12276
0.27158
0.13742
0.12265
0.27239
0.24416
0.08824
0.18145
0.14180
0.03838
0.04892
0.19825
0.11459
0.16977
0.25909
0.29902
0.19629
0.33369
0.27018
0.20882
0.18721
0.21002
0.18051
0.01778
0.27215
0.07298
0.03787
0.19663
0.26005
0.29998
0.27192
0.05419
0.05400
0.16737
0.14175
0.20049
0.24295
0.07600
0.22140
0.29766
0.09323
0.26202
0.09524
0.03090
0.02526
0.14822
0.02823
0.04930
0.25582
0.26464
0.11774
0.09014
0.01819
0.08565
0.06891
0.25190
