0.09420
0.09453
0.14172
0.24076
0.13119
0.15113
0.22327
0.16766
0.20541
0.08182
0.21658
0.14710
0.16097
0.13033
0.15272
0.24860
0.17007
0.15378
0.08731
0.13442
0.26687
0.12809
0.18580
0.07381
0.22745
0.18204
0.17513
0.25045
0.12939
0.16997
0.19313
0.26704
0.13555
0.10543
0.09694
0.10139
0.10396
0.10076
0.18980
0.17128
0.27895
0.25989
0.14485
0.19337
0.29775
0.25333
0.18257
0.26785
0.22940
0.13438
0.09883
0.13544
0.12265
0.29872
0.09334
0.27041
0.21199
0.14886
0.14831
0.14702
0.27634
0.30276
0.11846
0.21248
0.28634
0.31520
0.10725
0.17234
0.13556
0.08574
0.13711
0.31431
0.27430
0.18894
0.25364
0.12699
0.12616
0.06495
0.23695
0.14965
0.32175
0.19461
0.34000
0.27319
0.24634
0.34896
0.09963
0.07289
0.17282
0.27240
0.34066
0.15616
0.07733
0.26982
0.10458
0.17988
0.23239
0.23256
0.20858
0.18999
0.08990
0.19970
0.11148
0.11466
0.22629
0.29897
0.17704
0.16349
0.14833
0.31349
0.04335
0.27725
0.08489
0.26783
0.11308
0.22443
0.28115
0.06558
0.07926
0.20194
0.28074
0.14494
0.27919
0.04955
0.12872
0.15240
0.32311
0.27365
0.17964
0.25462
0.11304
0.11522
0.32662
0.32368
0.09941
0.17045
0.09401
0.26517
0.27155
0.07078
0.18946
0.04198
0.30779
0.19712
0.14889
0.25628
0.10119
0.34631
0.20376
0.09310
0.16284
0.27629
0.11402
0.30506
0.26906
0.33590
0.13841
0.16196
0.14813
0.19771
0.27160
0.29101
0.26551
0.34688
0.08838
0.15170
0.29341
0.26708
0.09611
0.28501
0.08200
0.28904
0.22112
0.05831
0.12165
0.25141
0.11122
0.08847
0.23380
0.28208
0.10480
0.11339
0.19208
0.16260
0.10616
0.17340
0.26324
0.27440
0.25865
0.18133
0.16103
0.11251
0.07853
0.16482
0.15943
0.26746
0.20250
0.16614
0.11232
0.25061
0.23427
0.13352
0.18204
0.20833
0.09158
0.22820
0.11395
0.25195
0.25492
0.11078
0.24356
0.24962
0.12086
0.26979
0.23369
0.24885
0.12824
0.24392
0.25999
0.34564
0.10728
0.16020
0.11377
0.10534
0.10044
0.08190
0.19523
0.17362
0.17221
0.09788
0.25744
0.11608
0.29296
0.16840
0.10043
0.28406
0.11017
0.06387
0.09386
0.25976
0.08767
0.28006
0.09934
0.11112
0.14321
0.21730
0.10775
0.08478
0.16781
0.11537
0.10217
0.14835
0.14266
0.25964
0.13759
0.16869
0.21437
0.06202
0.11459
0.13342
0.24000
0.18841
0.21155
0.20152
0.14361
0.26307
0.26425
0.10312
0.19258
0.10170
0.09155
0.12254
0.09875
0.05434
0.35725
0.21963
0.08210
0.18349
0.16200
0.08795
0.17379
0.34342
0.14994
0.13636
0.31260
0.11189
0.21977
0.20590
0.22089
0.11523
0.14745
0.08524
0.21433
0.20076
0.17866
0.10120
0.22249
0.12795
0.18855
0.18200
0.32353
0.31908
0.28192
0.13676
0.12920
0.28625
0.31803
0.31968
0.05564
0.25271
0.11579
0.29507
0.15526
0.12292
0.15634
0.11917
0.11199
0.20212
0.23438
0.10986
0.13771
0.08389
0.24630
0.15070
0.29522
0.20194
0.25204
0.22404
0.16991
0.05406
0.25484
0.21170
0.35167
0.27124
0.31879
0.23863
0.22824
0.28926
0.25669
0.23876
0.09644
0.08181
0.15699
0.21013
0.08532
0.07378
0.24875
0.14793
0.23643
0.14646
0.20982
0.15960
0.28566
0.26282
0.23505
0.20349
0.26859
0.18264
0.12478
0.34367
0.10336
0.24436
0.07067
0.11059
0.19359
0.12586
0.24762
0.35413
0.10856
0.09282
0.16722
0.25997
0.12522
0.07783
0.11469
0.08326
0.09715
0.11163
0.22093
0.11027
0.22779
0.19334
0.21843
0.11051
0.21117
0.29911
0.23976
0.27270
0.32054
0.16299
0.25565
0.31115
0.30499
0.31555
0.28077
0.24205
0.32832
0.27491
0.24708
0.26578
0.22256
0.27681
0.19352
0.37280
0.30288
0.23922
0.26618
0.24512
0.27420
0.35044
0.27657
0.22989
0.29867
0.33175
0.25796
0.26416
0.31819
0.28015
0.25250
0.24522
0.30739
0.29135
0.26604
0.21624
0.34143
0.27115
0.23384
0.32474
0.20800
0.31846
0.34362
0.25103
0.29916
0.29734
0.30280
0.22208
0.29298
0.33026
0.19717
0.27895
0.31472
0.27542
0.28315
0.29276
0.18226
0.30789
0.26585
0.28513
0.29832
0.28642
0.26543
0.18479
0.24911
0.37610
0.13507
0.27617
0.23371
0.19155
0.14357
0.37295
0.30660
0.28834
0.16238
0.33853
0.26733
0.25236
0.37085
0.30949
0.30705
0.29959
0.23394
0.26777
0.18602
0.33196
0.28124
0.22946
0.15633
0.32052
0.19193
0.25499
0.29269
0.25401
0.33212
0.30405
0.20918
0.32105
0.31264
0.18928
0.18851
0.28597
0.16838
0.18698
0.14697
0.30365
0.30708
0.27791
0.25686
0.24439
0.29364
0.23834
0.29243
0.29114
0.30023
0.22114
0.28758
0.30831
0.21161
0.17740
0.36934
0.27726
0.21940
0.32211
0.28933
0.24023
0.35192
0.30142
0.23371
0.27915
0.19588
0.28328
0.30517
0.27966
0.25925
0.24667
0.16231
0.30421
0.20931
0.30004
0.21006
0.28144
0.31670
0.28764
0.19236
0.21589
0.29407
0.20815
0.29635
0.18134
0.23131
0.22931
0.21549
0.19634
0.31208
0.31913
0.30296
0.24163
0.22775
0.30656
0.21736
0.23650
0.24062
0.27079
0.29576
0.15561
0.19805
0.28069
0.28511
0.20397
0.16102
0.19714
0.27088
0.21371
0.22848
0.27002
0.30332
0.16616
0.24986
0.26762
0.28580
0.18286
0.28367
0.26068
0.25310
0.38803
0.16930
0.29977
0.22813
0.35611
0.29867
0.25628
0.26893
0.27964
0.26457
0.17722
0.32527
0.28363
0.26649
0.26980
0.24066
0.29812
0.23518
0.30388
0.23112
0.32861
0.25220
0.28915
0.21892
0.25033
0.28754
0.25859
0.19599
0.26219
0.22130
0.33029
0.20186
0.32052
0.24217
0.24422
0.28802
0.26276
0.23558
0.14554
0.25101
0.31848
0.33313
0.26563
0.30811
0.29030
0.26333
0.22938
0.19062
0.26703
0.28772
0.28365
0.20938
0.19653
0.26567
0.31704
0.25196
0.27720
0.21983
0.31867
0.28756
0.21042
0.22017
0.29509
0.31172
0.30410
0.24293
0.21451
0.33188
0.31591
0.14173
0.23999
0.29912
0.27581
0.27747
0.29722
0.33584
0.21954
0.20658
0.18149
0.26998
0.28477
0.33810
0.25986
0.29231
0.28480
0.22139
0.24801
0.31422
0.28279
0.16660
0.31434
0.21904
0.23360
0.33779
0.30740
0.26223
0.19757
0.27477
0.28416
0.32772
0.32148
0.25044
0.25042
0.19852
0.28131
0.30691
0.11253
0.26664
0.19282
0.24174
0.28781
0.21702
0.27558
0.25176
0.24743
0.21116
0.26182
0.23633
0.31642
0.29060
0.28785
0.20763
0.29064
0.25452
0.23752
0.24775
0.31810
0.27935
0.33363
0.26029
0.24483
0.28210
0.23860
0.26059
0.27655
0.17935
0.31421
0.25055
0.31261
0.25465
0.29568
0.33211
0.27890
0.25248
0.29731
0.19315
0.21129
0.28621
0.23174
0.31383
0.30255
0.29729
0.33273
0.37101
0.30682
0.32188
0.25882
0.30622
0.30390
0.35208
0.26436
0.24258
0.32294
0.31574
0.29627
0.33741
0.38746
0.21863
0.28162
0.28676
0.23465
0.31308
0.33727
0.23805
0.25759
0.33289
0.22149
0.30207
0.30092
0.30330
0.22490
0.26709
0.27248
0.28964
0.28416
0.32680
0.29653
0.27152
0.30293
0.27097
0.31781
0.28628
0.26959
0.13583
0.29254
0.32454
0.34784
0.31904
0.28953
0.38139
0.40580
0.25230
0.21113
0.29017
0.35599
0.28593
0.24753
0.32582
0.33452
0.24714
0.25144
0.32046
0.23097
0.24823
0.26687
0.32256
0.36256
0.40474
0.30322
0.31871
0.26902
0.37143
0.28057
0.29633
0.32258
0.34000
0.29487
0.19889
0.32080
0.43871
0.23106
0.38218
0.40276
0.20508
0.29036
0.35607
0.29266
0.29957
0.25999
0.28306
0.20658
0.27676
0.30590
0.31460
0.27007
0.37674
0.29144
0.29243
0.23912
0.19545
0.27261
0.39243
0.19839
0.13727
0.33882
0.17914
0.18731
0.41007
0.17723
0.23742
0.22778
0.30750
0.20822
0.42990
0.18954
0.33809
0.37740
0.26632
0.28153
0.26233
0.27095
0.20268
0.35297
0.15999
0.36266
0.34738
0.23679
0.25487
0.24060
0.36293
0.27991
0.20185
0.33858
0.41067
0.30970
0.27859
0.36485
0.37448
0.20537
0.24536
0.29267
0.39059
0.18208
0.24430
0.24009
0.33539
0.29989
0.24330
0.27265
0.31764
0.34294
0.25372
0.31479
0.34710
0.29512
0.30287
0.24977
0.35819
0.31117
0.28739
0.30281
0.30843
0.34274
0.27626
0.29456
0.24175
0.32869
0.22781
0.22624
0.32579
0.28548
0.25251
0.27326
0.23294
0.33070
0.22964
0.07720
0.22552
0.24491
0.13822
0.25920
0.20672
0.28882
0.31755
0.25286
0.09205
0.22674
0.04189
0.27379
0.29041
0.17092
0.28590
0.09790
0.15238
0.20777
0.17239
0.10706
0.13178
0.23557
0.25595
0.18823
0.20768
0.24955
0.07152
0.25313
0.18826
0.09306
0.08490
0.12416
0.28607
0.17371
0.25687
0.20187
0.26903
0.08001
0.10176
0.06154
0.11817
0.28369
0.13687
0.16063
0.18838
0.27889
0.14592
0.30323
0.20649
0.06009
0.31586
0.06307
0.05929
0.22807
0.20272
0.25512
0.18756
0.11665
0.19623
0.20105
0.28797
0.25909
0.04564
0.05840
0.18835
0.19511
0.19277
0.21946
0.10644
0.25593
0.19082
0.15538
0.29805
0.28084
0.11322
0.12900
0.20400
0.07300
0.03652
0.23876
0.12873
0.19025
0.30040
0.26869
0.19843
0.31302
0.25015
0.28318
0.12354
0.20025
0.18416
0.02434
0.25577
0.07144
0.10883
0.21386
0.21084
0.24326
0.26398
0.05918
0.11398
0.11118
0.19459
0.21815
0.30682
0.13841
0.27386
0.28635
0.15967
0.24826
0.09620
0.05402
0.05498
0.18582
0.07164
0.08183
0.24787
0.28716
0.16032
0.10763
0.03991
0.08511
0.12050
0.26484
