0.12031
0.09384
0.05524
0.22039
0.08323
0.14381
0.22210
0.17858
0.15409
0.08814
0.22716
0.16131
0.14841
0.11500
0.10192
0.23244
0.17360
0.14619
0.07318
0.11674
0.28577
0.16394
0.15441
0.11316
0.21776
0.15979
0.15813
0.27968
0.08665
0.17510
0.18653
0.19071
0.14114
0.11507
0.12265
0.11109
0.15209
0.09468
0.11698
0.17061
0.29663
0.27874
0.10303
0.13802
0.29325
0.23951
0.17801
0.24888
0.19781
0.15545
0.10042
0.14833
0.15293
0.30879
0.09920
0.23966
0.16924
0.13658
0.13645
0.13933
0.28865
0.30523
0.14216
0.20465
0.29015
0.31632
0.07833
0.20576
0.10338
0.06401
0.11354
0.30668
0.31696
0.20987
0.25500
0.14557
0.10284
0.04337
0.20608
0.15717
0.30875
0.21473
0.33657
0.26312
0.27471
0.34838
0.10311
0.06266
0.09633
0.27673
0.32881
0.17190
0.06187
0.25655
0.08821
0.14646
0.22685
0.22203
0.21012
0.16978
0.09551
0.21863
0.10944
0.12192
0.24136
0.30473
0.13920
0.17705
0.17756
0.29643
0.05054
0.27777
0.07878
0.21919
0.10814
0.22205
0.27235
0.08462
0.07837
0.21226
0.23015
0.11021
0.27076
0.01313
0.11368
0.13350
0.33422
0.24414
0.18821
0.23542
0.11907
0.15409
0.27092
0.32457
0.10262
0.13465
0.09583
0.28828
0.25330
0.04087
0.20488
0.04571
0.31057
0.17570
0.13889
0.22248
0.10797
0.36174
0.17488
0.08940
0.17050
0.22253
0.11430
0.29113
0.30127
0.34088
0.12153
0.17038
0.14610
0.24793
0.27742
0.26684
0.30039
0.31625
0.08965
0.15057
0.29363
0.29819
0.07331
0.25741
0.05061
0.24129
0.20694
0.03824
0.11368
0.22255
0.09291
0.05756
0.18208
0.28175
0.10934
0.10489
0.22349
0.17771
0.08016
0.19894
0.20578
0.26909
0.24578
0.20322
0.14236
0.07984
0.04154
0.17113
0.14230
0.23941
0.25858
0.22129
0.10463
0.28731
0.21886
0.11686
0.22061
0.17536
0.05595
0.25094
0.10281
0.21191
0.24567
0.09256
0.25573
0.24189
0.10380
0.25259
0.28344
0.26847
0.12611
0.29286
0.21072
0.32209
0.14076
0.21416
0.13849
0.10375
0.08969
0.05575
0.18146
0.19891
0.15559
0.04369
0.29385
0.09715
0.22263
0.13080
0.04054
0.26639
0.11874
0.03959
0.11151
0.26980
0.11038
0.27993
0.13440
0.10623
0.14400
0.22861
0.11885
0.05269
0.14461
0.12439
0.10727
0.13633
0.12878
0.23693
0.13140
0.16666
0.19908
0.12289
0.06748
0.13139
0.20802
0.17763
0.18964
0.22711
0.17996
0.27737
0.30017
0.09620
0.17353
0.04142
0.13277
0.11965
0.10240
0.04061
0.38181
0.18704
0.09387
0.22093
0.14692
0.07647
0.21246
0.33240
0.11739
0.12658
0.29847
0.12016
0.22617
0.16787
0.18453
0.14309
0.14586
0.07869
0.20696
0.25154
0.14230
0.09652
0.21076
0.17331
0.20318
0.16166
0.31807
0.30301
0.28235
0.13494
0.13091
0.31118
0.28539
0.32269
0.03933
0.27030
0.13769
0.20114
0.17855
0.09672
0.12967
0.14287
0.10545
0.21967
0.24969
0.07959
0.09197
0.06911
0.24585
0.17037
0.17944
0.20923
0.24070
0.27146
0.13297
0.09995
0.26708
0.28837
0.35881
0.25022
0.32617
0.25152
0.26056
0.29537
0.28849
0.28125
0.09709
0.05743
0.17083
0.22820
0.08007
0.06675
0.21937
0.13329
0.25532
0.15706
0.19904
0.14970
0.24899
0.25789
0.27078
0.21707
0.29831
0.18964
0.15382
0.34131
0.04286
0.23362
0.10214
0.09130
0.21597
0.07310
0.25107
0.32057
0.07400
0.12179
0.16739
0.25688
0.12012
0.05974
0.08390
0.04574
0.08525
0.10404
0.21957
0.05896
0.28538
0.17768
0.21808
0.09523
0.19857
0.30044
0.18489
0.29133
0.36454
0.17424
0.28059
0.30724
0.28196
0.32034
0.28341
0.22562
0.34791
0.27590
0.24364
0.23157
0.23574
0.25580
0.17512
0.37284
0.33585
0.27871
0.26483
0.24430
0.27238
0.34353
0.25755
0.22591
0.31877
0.34605
0.24439
0.22735
0.32986
0.26477
0.24153
0.25950
0.27679
0.32133
0.26557
0.23486
0.34850
0.23018
0.22430
0.30458
0.20870
0.30606
0.35951
0.29293
0.28043
0.27626
0.26083
0.23084
0.26671
0.33536
0.19654
0.27653
0.32634
0.27054
0.25937
0.31613
0.18244
0.26954
0.27913
0.27453
0.32130
0.30295
0.24042
0.19731
0.28365
0.36638
0.15942
0.25682
0.21061
0.16154
0.22493
0.35467
0.30214
0.31719
0.16389
0.36640
0.25491
0.25692
0.36771
0.32560
0.27286
0.27665
0.23544
0.27021
0.20268
0.35148
0.25375
0.21252
0.15362
0.32121
0.18634
0.23520
0.29177
0.27723
0.35860
0.33710
0.21770
0.31791
0.28639
0.15357
0.17864
0.28963
0.19336
0.19242
0.18693
0.30375
0.33070
0.25630
0.26100
0.24046
0.27237
0.22231
0.26049
0.25141
0.26694
0.19371
0.28951
0.25624
0.23366
0.19245
0.34547
0.30271
0.16455
0.31203
0.32594
0.24913
0.34758
0.32519
0.22895
0.28037
0.22972
0.29403
0.30073
0.27570
0.27384
0.22848
0.16231
0.31399
0.21028
0.27793
0.22571
0.24659
0.27432
0.29281
0.20805
0.24513
0.29016
0.23012
0.29701
0.17687
0.23862
0.21241
0.23417
0.21951
0.30971
0.33574
0.32241
0.23506
0.16921
0.33384
0.22340
0.19521
0.21124
0.31220
0.29528
0.17251
0.18073
0.27249
0.24945
0.23038
0.15876
0.23552
0.26913
0.18403
0.25634
0.24619
0.28841
0.18174
0.22092
0.27552
0.27168
0.20900
0.27160
0.27991
0.26980
0.37382
0.20024
0.29929
0.22246
0.36266
0.32833
0.24190
0.27516
0.25813
0.27378
0.20810
0.30765
0.26921
0.24061
0.30290
0.24637
0.34223
0.24613
0.28648
0.21925
0.34658
0.23779
0.29300
0.23039
0.25847
0.28944
0.25699
0.22224
0.22448
0.23118
0.31760
0.21888
0.30170
0.24331
0.23354
0.28777
0.29900
0.29091
0.15135
0.22422
0.33517
0.33731
0.23225
0.25637
0.28021
0.26268
0.19829
0.21102
0.31348
0.27245
0.26895
0.24991
0.22622
0.28673
0.31407
0.25550
0.22626
0.23310
0.33042
0.29327
0.18138
0.15138
0.29437
0.29061
0.26200
0.24693
0.23186
0.35245
0.36877
0.14853
0.21716
0.32197
0.26710
0.27375
0.28736
0.35027
0.21580
0.20527
0.21193
0.26945
0.23766
0.36569
0.28269
0.29355
0.24983
0.23447
0.25686
0.29989
0.28250
0.17195
0.34495
0.22012
0.25195
0.34347
0.30358
0.24320
0.24123
0.26603
0.31044
0.30732
0.34517
0.24135
0.26797
0.20778
0.28950
0.32055
0.13625
0.25087
0.20065
0.21458
0.25602
0.23708
0.25217
0.24457
0.22675
0.21836
0.22253
0.24837
0.34448
0.28884
0.24015
0.19531
0.30116
0.25675
0.22950
0.16816
0.34669
0.29972
0.31310
0.25433
0.23739
0.22960
0.25037
0.20049
0.28201
0.17922
0.33217
0.25872
0.34348
0.26583
0.31089
0.35394
0.27210
0.23153
0.30215
0.16799
0.17516
0.26864
0.23405
0.30843
0.31758
0.25355
0.30410
0.38485
0.31593
0.33546
0.26780
0.31964
0.28774
0.36317
0.22547
0.27409
0.32055
0.33221
0.26941
0.33115
0.40271
0.21739
0.24547
0.34878
0.23902
0.34148
0.33523
0.26189
0.24729
0.34726
0.23710
0.26329
0.32289
0.27315
0.24806
0.23798
0.22759
0.27703
0.28475
0.30367
0.28856
0.27162
0.25841
0.27878
0.26146
0.26477
0.27439
0.14491
0.30495
0.32006
0.36476
0.30240
0.32045
0.38728
0.39872
0.26815
0.18630
0.28281
0.37302
0.28861
0.20197
0.28421
0.34789
0.23704
0.23591
0.32248
0.21472
0.29160
0.23728
0.30467
0.36234
0.44310
0.27716
0.25738
0.23637
0.36720
0.28132
0.29863
0.25816
0.33320
0.24082
0.16281
0.31806
0.45190
0.26385
0.39411
0.40293
0.19817
0.25770
0.34916
0.31867
0.31053
0.24806
0.24799
0.21688
0.29076
0.30765
0.29605
0.29951
0.35034
0.24264
0.26553
0.24989
0.16280
0.21226
0.37275
0.23535
0.13234
0.34190
0.16459
0.18379
0.40179
0.18505
0.26283
0.21596
0.27114
0.24380
0.42037
0.18775
0.28194
0.38214
0.24391
0.19402
0.25518
0.26388
0.19782
0.34524
0.18415
0.37999
0.35379
0.20208
0.25243
0.21511
0.34956
0.27365
0.21112
0.35748
0.40744
0.33745
0.28844
0.31083
0.35320
0.18491
0.27491
0.28124
0.38436
0.17466
0.22364
0.22162
0.35984
0.25332
0.25389
0.24706
0.32836
0.39078
0.23302
0.28592
0.29023
0.29076
0.24723
0.25174
0.38038
0.25170
0.29948
0.25272
0.26855
0.36504
0.26169
0.29775
0.24161
0.32564
0.25189
0.21037
0.29952
0.27221
0.24329
0.26580
0.19989
0.30071
0.21123
0.04908
0.17504
0.18164
0.20348
0.27412
0.20162
0.22575
0.32663
0.19700
0.05168
0.22145
0.03339
0.29957
0.26503
0.16954
0.29169
0.06880
0.10815
0.20086
0.26168
0.10777
0.17574
0.20959
0.27740
0.22168
0.21056
0.27596
0.07940
0.26230
0.24712
0.06175
0.11130
0.14100
0.32325
0.16233
0.24956
0.23492
0.24169
0.05177
0.07166
0.07225
0.08511
0.27612
0.11590
0.14973
0.23440
0.30305
0.13706
0.28591
0.20157
0.08350
0.24833
0.09606
0.09385
0.25112
0.16258
0.29363
0.04973
0.08301
0.19622
0.20795
0.30803
0.24958
0.06390
0.07212
0.14430
0.20214
0.16102
0.21101
0.11485
0.27429
0.14624
0.13406
0.25450
0.29088
0.07208
0.19983
0.18946
0.10133
0.08039
0.19827
0.14392
0.20128
0.24598
0.29646
0.20164
0.33270
0.25898
0.25442
0.15921
0.21128
0.17483
0.03446
0.21091
0.15463
0.06316
0.19558
0.25169
0.25981
0.25252
0.06895
0.07606
0.15879
0.20878
0.19351
0.29677
0.05896
0.27362
0.31748
0.18436
0.23383
0.10403
0.03787
0.05019
0.19714
0.04379
0.11657
0.27399
0.30366
0.11885
0.08766
0.04403
0.06974
0.07535
0.26835
