0.20379
0.11603
0.12832
0.28837
0.14506
0.15963
0.24892
0.19585
0.23083
0.09390
0.25632
0.14004
0.22886
0.12680
0.17855
0.23029
0.18455
0.18879
0.12566
0.16575
0.27781
0.17623
0.20323
0.08001
0.26971
0.22082
0.17213
0.27455
0.15589
0.19554
0.18151
0.29306
0.20162
0.10701
0.14666
0.09554
0.14501
0.14663
0.17110
0.19761
0.29896
0.30196
0.12139
0.17812
0.30682
0.24207
0.18440
0.29113
0.23967
0.20382
0.10974
0.18609
0.13827
0.29894
0.10155
0.28356
0.25721
0.17441
0.17594
0.12420
0.27203
0.27582
0.17286
0.17137
0.28165
0.32665
0.13696
0.16279
0.17943
0.07337
0.14475
0.31453
0.34982
0.23282
0.27478
0.16390
0.14849
0.05389
0.23482
0.20697
0.32006
0.18568
0.31766
0.26528
0.30352
0.36279
0.11251
0.12435
0.18037
0.25968
0.34111
0.21204
0.09334
0.26082
0.14371
0.20884
0.22209
0.22049
0.19066
0.17535
0.10933
0.22656
0.12528
0.13255
0.22512
0.28687
0.19712
0.17236
0.17805
0.28752
0.04670
0.24225
0.15874
0.29871
0.13309
0.19931
0.28084
0.10390
0.10647
0.23526
0.24346
0.11933
0.29381
0.06687
0.15983
0.17273
0.30815
0.27811
0.16870
0.26487
0.14733
0.17787
0.30503
0.32791
0.11055
0.18652
0.13142
0.30410
0.25814
0.07687
0.20150
0.06687
0.30207
0.20369
0.22952
0.29748
0.09915
0.36513
0.21036
0.11263
0.18811
0.27327
0.13621
0.30749
0.29875
0.34284
0.16843
0.19652
0.16418
0.18051
0.29184
0.28511
0.28671
0.31482
0.09597
0.22888
0.32110
0.28119
0.16982
0.28949
0.08374
0.28536
0.23151
0.06033
0.09904
0.23679
0.10341
0.10729
0.18451
0.29735
0.11959
0.10874
0.26302
0.22062
0.13458
0.21925
0.26276
0.28186
0.26280
0.26369
0.17151
0.11246
0.10216
0.18331
0.20362
0.26646
0.22655
0.23882
0.14920
0.27675
0.19769
0.11897
0.22729
0.12829
0.06382
0.23519
0.14772
0.25819
0.27411
0.11921
0.28361
0.25697
0.16781
0.25123
0.26896
0.23211
0.15613
0.26866
0.24262
0.34552
0.14717
0.22507
0.15628
0.14510
0.15687
0.10187
0.21710
0.23438
0.22787
0.10234
0.27664
0.14945
0.28355
0.19480
0.07046
0.28793
0.11511
0.09282
0.12121
0.29093
0.12659
0.27197
0.17136
0.11538
0.14679
0.21895
0.12055
0.08316
0.16181
0.13566
0.13756
0.22660
0.17841
0.27494
0.12622
0.17289
0.21666
0.13926
0.12757
0.14388
0.17689
0.21720
0.22636
0.21125
0.18019
0.27284
0.29263
0.09660
0.23257
0.09799
0.14387
0.13655
0.12967
0.09006
0.38416
0.24416
0.14564
0.22661
0.17868
0.09378
0.18009
0.34685
0.15275
0.15856
0.30256
0.10693
0.22328
0.24291
0.24657
0.19097
0.13791
0.15055
0.24122
0.24428
0.23012
0.11752
0.22053
0.21627
0.22251
0.23836
0.33814
0.30207
0.29542
0.17189
0.18205
0.30497
0.31687
0.33686
0.07352
0.26439
0.10846
0.29517
0.18987
0.09783
0.15091
0.20039
0.14136
0.26022
0.27665
0.14428
0.16468
0.08041
0.28309
0.22049
0.28673
0.21740
0.25877
0.22672
0.17720
0.10107
0.25987
0.28960
0.37736
0.27629
0.32153
0.24231
0.27187
0.31008
0.27671
0.24413
0.11374
0.11471
0.17295
0.24150
0.10489
0.10395
0.24888
0.18800
0.22815
0.17877
0.23112
0.17683
0.30811
0.26702
0.26734
0.23242
0.27951
0.20238
0.15968
0.31107
0.15598
0.21803
0.07979
0.15834
0.23017
0.06656
0.24815
0.33647
0.09348
0.11219
0.19291
0.25223
0.13114
0.09813
0.06131
0.09297
0.11275
0.13614
0.20782
0.10235
0.26634
0.25892
0.20839
0.11573
0.17795
0.29431
0.22341
0.26700
0.36638
0.17910
0.28705
0.31148
0.32592
0.31464
0.29410
0.24555
0.36555
0.27271
0.25097
0.24688
0.24224
0.29736
0.18876
0.37866
0.32642
0.26948
0.27052
0.24753
0.25941
0.35517
0.28924
0.22117
0.31564
0.33838
0.25538
0.24693
0.32584
0.27193
0.26527
0.27948
0.30179
0.30893
0.26544
0.22392
0.36347
0.28006
0.23143
0.33508
0.20861
0.29053
0.35594
0.29104
0.33116
0.30193
0.29585
0.24099
0.30248
0.34039
0.22178
0.31691
0.32818
0.24101
0.27640
0.32304
0.21064
0.29320
0.28076
0.28567
0.30448
0.27830
0.25203
0.17342
0.29049
0.38228
0.15670
0.27397
0.23117
0.21490
0.21981
0.36052
0.30931
0.32115
0.18077
0.34396
0.27015
0.26327
0.36896
0.30463
0.29049
0.29453
0.25796
0.29467
0.20442
0.37208
0.28559
0.23911
0.15626
0.32414
0.21797
0.24840
0.28495
0.27779
0.34978
0.32279
0.22148
0.32804
0.29383
0.18047
0.17066
0.29630
0.17395
0.20208
0.16823
0.29602
0.34410
0.28012
0.26842
0.24398
0.29968
0.21522
0.27985
0.28400
0.28643
0.20083
0.28933
0.29954
0.21815
0.19014
0.36265
0.28877
0.22737
0.33606
0.31520
0.25908
0.36030
0.30264
0.23573
0.28346
0.22444
0.30290
0.31782
0.28779
0.26094
0.23924
0.17097
0.31847
0.23478
0.30998
0.25635
0.29913
0.31356
0.28499
0.21206
0.23564
0.29680
0.21268
0.29743
0.20681
0.27193
0.23826
0.23072
0.20523
0.30824
0.31801
0.32959
0.23129
0.24059
0.32578
0.23144
0.23247
0.22555
0.30011
0.32592
0.17571
0.19713
0.28633
0.28013
0.21529
0.16693
0.22498
0.27521
0.20164
0.25043
0.27121
0.31755
0.16998
0.26331
0.27274
0.28572
0.20894
0.29121
0.28809
0.25284
0.39231
0.20131
0.32350
0.24077
0.34335
0.31609
0.26570
0.27806
0.28643
0.28126
0.19862
0.30818
0.28751
0.26696
0.28511
0.27279
0.35139
0.21820
0.26785
0.24120
0.35585
0.26102
0.27130
0.22964
0.26278
0.27410
0.25843
0.23048
0.22320
0.27346
0.31918
0.22774
0.31531
0.23298
0.26725
0.30634
0.27869
0.32287
0.15299
0.24013
0.32715
0.32002
0.27193
0.31366
0.32063
0.27047
0.24636
0.24168
0.28806
0.27454
0.27060
0.22906
0.17615
0.30053
0.32017
0.26135
0.22868
0.22845
0.33966
0.28300
0.20994
0.20194
0.27993
0.29261
0.28745
0.26419
0.26945
0.35417
0.34817
0.16337
0.22855
0.31338
0.27309
0.29942
0.30582
0.33182
0.22599
0.19598
0.18848
0.25281
0.26388
0.36489
0.29629
0.29697
0.27848
0.22916
0.27312
0.30139
0.26731
0.18743
0.33404
0.22584
0.24384
0.33797
0.31122
0.24416
0.23676
0.27375
0.30437
0.33329
0.33554
0.24641
0.27694
0.20394
0.30538
0.30670
0.14577
0.26329
0.20370
0.25073
0.28084
0.26343
0.29269
0.24065
0.25916
0.23649
0.26473
0.24590
0.34141
0.29893
0.26459
0.19735
0.28578
0.25972
0.25061
0.21784
0.32524
0.28871
0.34164
0.27040
0.27153
0.29109
0.27516
0.25252
0.28214
0.18300
0.34303
0.29407
0.33138
0.28526
0.30403
0.35144
0.28342
0.25557
0.29264
0.20283
0.23687
0.29497
0.23094
0.31260
0.31924
0.29401
0.33700
0.38182
0.30966
0.33276
0.28002
0.30595
0.30114
0.36516
0.28040
0.28867
0.32941
0.32991
0.29513
0.32568
0.39939
0.22375
0.26001
0.35377
0.25355
0.32338
0.32824
0.23249
0.26085
0.35660
0.23383
0.31222
0.29868
0.29884
0.21626
0.25798
0.25835
0.26936
0.30037
0.31778
0.28917
0.27108
0.30474
0.28269
0.31717
0.27654
0.27273
0.18069
0.29436
0.30765
0.37725
0.30220
0.33471
0.40698
0.41952
0.26947
0.20353
0.30982
0.40561
0.30007
0.24404
0.30029
0.35785
0.25034
0.23175
0.34127
0.25645
0.29166
0.26000
0.31834
0.37035
0.42876
0.33919
0.31566
0.28112
0.39869
0.31919
0.28533
0.29981
0.37967
0.26397
0.18958
0.34046
0.46128
0.25553
0.41864
0.41470
0.20724
0.29192
0.35640
0.31381
0.30881
0.23819
0.29705
0.24789
0.30936
0.30712
0.32062
0.32036
0.36885
0.28643
0.28936
0.28337
0.20542
0.24130
0.41789
0.26855
0.13944
0.34555
0.20739
0.17967
0.43191
0.16233
0.25585
0.24569
0.29802
0.25376
0.43157
0.20517
0.33957
0.39166
0.25027
0.23899
0.25223
0.27852
0.21409
0.37712
0.19053
0.36588
0.34249
0.26570
0.26156
0.23278
0.33918
0.28662
0.24441
0.34557
0.44110
0.32746
0.30299
0.37511
0.38728
0.21766
0.28944
0.27967
0.38124
0.21750
0.24058
0.24013
0.34276
0.28905
0.24730
0.24683
0.35217
0.36577
0.26237
0.29790
0.34792
0.31879
0.28831
0.26360
0.41318
0.30417
0.28257
0.29341
0.26956
0.33386
0.28898
0.29319
0.23476
0.34118
0.27774
0.25841
0.32005
0.29542
0.23576
0.27570
0.22054
0.31154
0.22913
0.08244
0.10706
0.24494
0.25366
0.25349
0.23842
0.22258
0.33987
0.27344
0.22305
0.24110
0.05906
0.30931
0.27507
0.17944
0.30296
0.11142
0.19099
0.20117
0.21493
0.08366
0.23298
0.20627
0.27794
0.23141
0.19763
0.29995
0.08036
0.27900
0.20366
0.07263
0.13847
0.14239
0.29923
0.14818
0.23439
0.20368
0.31064
0.14489
0.08724
0.13508
0.15281
0.28501
0.20849
0.18571
0.21325
0.30053
0.14852
0.29701
0.24705
0.10904
0.26368
0.11382
0.16314
0.30352
0.21851
0.27881
0.14123
0.11276
0.23526
0.20267
0.29367
0.24475
0.08590
0.15100
0.20930
0.19789
0.20070
0.23075
0.19620
0.29858
0.18270
0.13941
0.23112
0.26438
0.17300
0.15763
0.21929
0.13882
0.10608
0.24444
0.20878
0.18882
0.27629
0.27484
0.20190
0.30968
0.26372
0.25680
0.21390
0.23281
0.20176
0.06832
0.22762
0.16902
0.11962
0.19923
0.22333
0.28320
0.29451
0.18325
0.07846
0.19756
0.26729
0.25895
0.26036
0.10027
0.27357
0.30558
0.13649
0.25448
0.15738
0.05698
0.12481
0.15548
0.14616
0.12363
0.27440
0.29860
0.14583
0.12128
0.05509
0.07695
0.17278
0.21937
