0.13982
0.10859
0.07879
0.26284
0.06187
0.12445
0.17198
0.15210
0.15310
0.09124
0.19864
0.13679
0.16564
0.12710
0.07773
0.22381
0.11762
0.12539
0.08783
0.14334
0.31826
0.12177
0.15125
0.12127
0.21725
0.14882
0.13254
0.25665
0.07491
0.20293
0.13876
0.29752
0.14014
0.12527
0.13797
0.10033
0.12666
0.06446
0.14373
0.15664
0.30050
0.26674
0.11064
0.09748
0.27971
0.23893
0.17458
0.25470
0.19102
0.17011
0.12684
0.18181
0.13839
0.31830
0.10595
0.23311
0.26574
0.13173
0.17833
0.11922
0.26943
0.29816
0.12894
0.27885
0.26192
0.33288
0.08237
0.19655
0.14918
0.06746
0.16435
0.31740
0.32893
0.24291
0.24840
0.12682
0.08902
0.02270
0.20371
0.17702
0.32743
0.24234
0.32063
0.27249
0.28640
0.36200
0.10650
0.08666
0.11661
0.28493
0.31574
0.14192
0.05428
0.24464
0.05316
0.11619
0.23672
0.20894
0.20748
0.17709
0.09330
0.15731
0.11986
0.15468
0.22133
0.31769
0.12022
0.23999
0.22701
0.27730
0.02579
0.20547
0.07975
0.25857
0.17484
0.27720
0.27697
0.06470
0.09647
0.14938
0.26532
0.09360
0.29187
0.03174
0.10102
0.12369
0.30940
0.28964
0.16931
0.25408
0.06690
0.16144
0.30120
0.33013
0.14119
0.17948
0.05176
0.27376
0.25032
0.04572
0.17091
0.03397
0.30207
0.17139
0.16117
0.30619
0.13377
0.32808
0.17101
0.09471
0.15840
0.26417
0.15129
0.31334
0.30823
0.30175
0.12938
0.15704
0.14560
0.20319
0.25810
0.27746
0.22796
0.33819
0.10193
0.11064
0.31125
0.27122
0.08290
0.25134
0.07007
0.21310
0.24468
0.04243
0.12334
0.19036
0.04656
0.09311
0.17264
0.25951
0.06792
0.11264
0.23269
0.20377
0.08545
0.20097
0.22044
0.26075
0.23627
0.19621
0.10660
0.10422
0.03785
0.15310
0.15048
0.22586
0.25547
0.14796
0.10905
0.24709
0.23748
0.12017
0.15822
0.15959
0.04872
0.22112
0.10244
0.23521
0.24139
0.10500
0.25036
0.25523
0.12847
0.23121
0.26837
0.23871
0.13865
0.29383
0.26926
0.32110
0.08887
0.19984
0.13691
0.07223
0.10567
0.10675
0.20698
0.16251
0.17707
0.06863
0.23137
0.11906
0.23277
0.09503
0.06793
0.28964
0.13952
0.05810
0.15393
0.26611
0.13195
0.32036
0.11460
0.11830
0.18177
0.20374
0.12399
0.03353
0.16600
0.12352
0.12537
0.13128
0.10542
0.28189
0.15644
0.15379
0.19342
0.07967
0.05277
0.13940
0.15790
0.18759
0.23050
0.22264
0.10645
0.29733
0.26202
0.11102
0.14723
0.05491
0.11940
0.11775
0.04799
0.04199
0.34870
0.14612
0.05607
0.22434
0.17911
0.06663
0.16410
0.32604
0.13005
0.04223
0.30483
0.12841
0.23381
0.17973
0.16217
0.15922
0.09790
0.11970
0.25464
0.20117
0.13517
0.14422
0.22028
0.17062
0.20923
0.14958
0.33637
0.28482
0.27498
0.14105
0.14133
0.27450
0.29846
0.34012
0.04085
0.22943
0.15283
0.29255
0.16823
0.09139
0.15649
0.14064
0.12036
0.19292
0.24026
0.07629
0.11045
0.05282
0.26302
0.15856
0.26885
0.13820
0.22991
0.25984
0.12445
0.10395
0.27306
0.28960
0.32159
0.24996
0.30727
0.20353
0.24900
0.29147
0.29037
0.23688
0.08459
0.09535
0.15980
0.24614
0.05649
0.09325
0.20705
0.14263
0.19641
0.08040
0.16592
0.12282
0.27742
0.26667
0.23907
0.18663
0.29688
0.12567
0.15820
0.29184
0.06788
0.24247
0.07546
0.10062
0.22665
0.05590
0.24470
0.32830
0.08431
0.04916
0.14147
0.25735
0.12816
0.05585
0.08807
0.06527
0.06794
0.08109
0.17822
0.04950
0.26987
0.18599
0.23676
0.08593
0.21103
0.30179
0.22155
0.27461
0.36052
0.13595
0.29128
0.32116
0.31748
0.32007
0.29403
0.25809
0.36151
0.26258
0.26023
0.26764
0.24214
0.31110
0.20819
0.37976
0.33166
0.25053
0.26397
0.26798
0.26522
0.34520
0.31287
0.25114
0.32296
0.34411
0.22329
0.26698
0.32621
0.28711
0.25898
0.26382
0.30101
0.31232
0.26441
0.21359
0.35853
0.27962
0.24555
0.33742
0.22981
0.31354
0.35533
0.30126
0.29752
0.31921
0.28772
0.27074
0.27655
0.35135
0.21691
0.30224
0.32712
0.24390
0.28766
0.30797
0.20074
0.30998
0.26864
0.29037
0.31536
0.30169
0.27564
0.20161
0.28124
0.37480
0.14523
0.28339
0.22665
0.20171
0.19522
0.35740
0.30228
0.34051
0.18280
0.35504
0.26564
0.27212
0.37556
0.31858
0.29468
0.29766
0.24587
0.29013
0.17396
0.36286
0.30327
0.23523
0.16487
0.33001
0.20135
0.26320
0.29848
0.27534
0.35841
0.33499
0.23744
0.32949
0.32673
0.16460
0.15190
0.28934
0.18276
0.21715
0.15655
0.30150
0.34919
0.27726
0.27298
0.24887
0.30259
0.22181
0.31149
0.28504
0.29563
0.16905
0.27844
0.29800
0.22348
0.17791
0.33294
0.29446
0.21583
0.28826
0.31753
0.27984
0.35527
0.32421
0.24687
0.28751
0.22157
0.29935
0.30335
0.28732
0.26047
0.24215
0.19508
0.33263
0.24933
0.30017
0.23542
0.26931
0.32560
0.28753
0.20021
0.22351
0.29085
0.18695
0.29037
0.20160
0.23892
0.22365
0.23510
0.20894
0.30310
0.33118
0.32307
0.25616
0.21608
0.32878
0.22540
0.22943
0.21218
0.31043
0.30837
0.17284
0.19580
0.26841
0.28807
0.21787
0.17061
0.23006
0.25990
0.21464
0.23488
0.25952
0.32679
0.19853
0.25280
0.27576
0.27619
0.22066
0.29422
0.27054
0.26120
0.36532
0.20172
0.29980
0.24881
0.37076
0.32501
0.26279
0.28008
0.29790
0.26596
0.21753
0.29691
0.29002
0.27368
0.29204
0.27356
0.34506
0.27342
0.29971
0.22843
0.35612
0.22654
0.28923
0.22756
0.27311
0.27688
0.25892
0.21130
0.25683
0.25268
0.31823
0.20484
0.33228
0.26116
0.28153
0.30458
0.28190
0.28891
0.15456
0.22607
0.33277
0.32926
0.25820
0.28117
0.29801
0.27800
0.25864
0.22583
0.30662
0.30608
0.28504
0.25976
0.17060
0.30486
0.31728
0.27510
0.27755
0.21225
0.34345
0.27742
0.19896
0.20961
0.27055
0.29537
0.29403
0.27941
0.23763
0.35443
0.36697
0.15758
0.26170
0.32355
0.28518
0.28663
0.32780
0.34978
0.22579
0.20000
0.19129
0.26050
0.30012
0.37105
0.29430
0.28769
0.29596
0.24921
0.26522
0.30943
0.28173
0.18698
0.33236
0.23301
0.25452
0.34561
0.29755
0.28141
0.26432
0.25162
0.30046
0.34655
0.34842
0.26184
0.28734
0.21360
0.33131
0.31385
0.13183
0.27560
0.20869
0.25462
0.28651
0.22674
0.27361
0.24094
0.27915
0.24099
0.23534
0.25925
0.35294
0.29251
0.28394
0.19806
0.30292
0.23978
0.26475
0.22189
0.31884
0.28687
0.32400
0.25943
0.26092
0.28221
0.28850
0.24829
0.27273
0.20207
0.32856
0.28352
0.33776
0.29918
0.29758
0.34959
0.26492
0.25936
0.31115
0.15298
0.21106
0.29150
0.22998
0.30520
0.31341
0.30079
0.33890
0.38913
0.31875
0.32631
0.26939
0.31440
0.27681
0.36830
0.25050
0.28717
0.33220
0.33319
0.30577
0.33943
0.39600
0.25645
0.26210
0.32453
0.23526
0.31566
0.31521
0.25362
0.26568
0.33954
0.23171
0.27354
0.32286
0.28560
0.24399
0.25952
0.27819
0.28529
0.29462
0.32429
0.28170
0.23549
0.30706
0.26587
0.31054
0.28563
0.26764
0.15886
0.34040
0.32902
0.36282
0.32627
0.30088
0.39571
0.39745
0.28204
0.19254
0.31742
0.39466
0.28198
0.20773
0.32109
0.32554
0.24773
0.24837
0.32198
0.26765
0.26301
0.25051
0.33792
0.34688
0.38276
0.31053
0.31930
0.29760
0.40346
0.28561
0.31844
0.30284
0.36412
0.29240
0.21762
0.33082
0.45953
0.25448
0.41279
0.41629
0.20945
0.30001
0.36834
0.31127
0.29235
0.25757
0.30621
0.23521
0.27472
0.29708
0.29417
0.31235
0.37949
0.30379
0.30157
0.25609
0.20675
0.27512
0.40235
0.21908
0.10934
0.33248
0.16936
0.20370
0.42021
0.17057
0.22807
0.22450
0.30412
0.24905
0.45487
0.19198
0.35884
0.40392
0.25514
0.25300
0.27369
0.23004
0.23228
0.36625
0.18071
0.37161
0.34105
0.27300
0.26002
0.24008
0.34404
0.28478
0.21568
0.34613
0.43971
0.31337
0.27735
0.37851
0.37394
0.22919
0.27545
0.28980
0.38510
0.19758
0.23532
0.23395
0.35404
0.29410
0.25812
0.27660
0.34335
0.35164
0.21901
0.31915
0.34789
0.28470
0.30354
0.26065
0.37937
0.31176
0.27707
0.30637
0.31665
0.33782
0.28214
0.32550
0.23772
0.32184
0.27010
0.24671
0.33222
0.29102
0.25314
0.29548
0.17264
0.34390
0.22447
0.04750
0.20263
0.25707
0.24905
0.30129
0.19444
0.28295
0.34681
0.18516
0.02114
0.21158
0.05162
0.28364
0.28514
0.19051
0.27323
0.11055
0.04579
0.19332
0.22717
0.07535
0.12902
0.21607
0.28649
0.21693
0.20981
0.28989
0.03483
0.32102
0.24895
0.02446
0.04969
0.13916
0.31186
0.16280
0.21758
0.20918
0.30451
0.02718
0.06828
0.08081
0.04382
0.27036
0.14265
0.16469
0.18440
0.31572
0.14129
0.34172
0.22226
0.03843
0.30717
0.07496
0.03826
0.31788
0.20548
0.20158
0.06082
0.08204
0.21914
0.19541
0.27512
0.26530
0.03849
0.14946
0.16984
0.21181
0.13377
0.18109
0.09764
0.27008
0.23101
0.10743
0.25413
0.27850
0.07473
0.17632
0.13485
0.09008
0.01640
0.24264
0.13799
0.19757
0.25884
0.28829
0.20209
0.36073
0.16921
0.23337
0.24012
0.24016
0.18921
0.02607
0.26876
0.06706
0.06879
0.19549
0.22379
0.31244
0.23374
0.06521
0.06955
0.13493
0.21147
0.25128
0.20058
0.07359
0.23495
0.35952
0.09636
0.21141
0.13174
0.04678
0.06404
0.25582
0.10146
0.05772
0.24377
0.27974
0.05634
0.12269
0.02909
0.17490
0.10238
0.30086
