0.09333
0.11201
0.04502
0.23561
0.07419
0.14242
0.24897
0.12820
0.18471
0.08503
0.18655
0.15410
0.16998
0.10570
0.11836
0.24224
0.11391
0.13226
0.08827
0.13629
0.29159
0.12935
0.14791
0.03876
0.26101
0.11413
0.12168
0.23976
0.10686
0.17228
0.18850
0.25626
0.12295
0.10062
0.10170
0.10094
0.13664
0.05048
0.14705
0.12618
0.30181
0.28158
0.12421
0.12210
0.27915
0.22361
0.15933
0.25449
0.19155
0.17129
0.09418
0.13364
0.14692
0.27978
0.09275
0.23793
0.21618
0.10216
0.18534
0.05518
0.29810
0.31444
0.10591
0.23211
0.24043
0.33266
0.04509
0.12555
0.08435
0.05183
0.12923
0.34102
0.28209
0.16906
0.25674
0.09254
0.06693
0.06551
0.22936
0.14743
0.33655
0.16872
0.34073
0.25689
0.23582
0.36122
0.09781
0.06739
0.12014
0.27898
0.34384
0.18029
0.07578
0.27688
0.07399
0.16951
0.21479
0.20931
0.20028
0.12430
0.09682
0.19248
0.12354
0.11634
0.20034
0.30752
0.12413
0.14629
0.13523
0.29824
0.05622
0.27137
0.08147
0.24674
0.12260
0.15994
0.29253
0.06747
0.06967
0.16609
0.22758
0.06983
0.29384
0.02838
0.09940
0.14540
0.28692
0.28647
0.17212
0.24938
0.07742
0.07214
0.29794
0.33964
0.10356
0.09546
0.08912
0.27199
0.28682
0.07712
0.16471
0.03350
0.31114
0.18025
0.11004
0.24103
0.09740
0.33952
0.16594
0.10010
0.15619
0.26498
0.10379
0.31784
0.32723
0.34549
0.11354
0.18194
0.14307
0.18343
0.26407
0.28033
0.28411
0.34358
0.09253
0.09788
0.30585
0.24612
0.04673
0.24177
0.03869
0.24916
0.23282
0.04242
0.07366
0.20064
0.06239
0.05427
0.13667
0.25264
0.06082
0.11170
0.22801
0.16402
0.12799
0.17225
0.22562
0.24317
0.25606
0.18510
0.11302
0.08721
0.03840
0.12435
0.13711
0.23014
0.17348
0.11499
0.08173
0.28004
0.22592
0.08539
0.21548
0.15855
0.04885
0.25446
0.09188
0.18382
0.24038
0.11100
0.22472
0.22829
0.09957
0.24896
0.26702
0.24272
0.11499
0.24074
0.26036
0.33578
0.16523
0.16893
0.10072
0.06683
0.07115
0.03001
0.17313
0.18131
0.13759
0.09188
0.27803
0.12566
0.25193
0.13563
0.03726
0.27450
0.12592
0.02892
0.11930
0.27805
0.06005
0.29828
0.11565
0.14347
0.13209
0.21819
0.11099
0.06270
0.13226
0.10262
0.10756
0.08715
0.10769
0.24795
0.16438
0.15639
0.19240
0.10438
0.06036
0.14257
0.23959
0.13319
0.24461
0.16921
0.14116
0.20090
0.29643
0.09010
0.19853
0.06954
0.09494
0.12620
0.07272
0.05019
0.36887
0.17082
0.05882
0.20505
0.14973
0.07422
0.17598
0.33616
0.14475
0.08478
0.29347
0.11806
0.19841
0.17141
0.16947
0.17535
0.07358
0.09912
0.15188
0.21018
0.15139
0.09027
0.17332
0.12640
0.12879
0.14710
0.34949
0.28614
0.29525
0.14525
0.14350
0.28686
0.32807
0.33190
0.04003
0.26327
0.09728
0.23877
0.09629
0.08365
0.11904
0.11887
0.09862
0.16138
0.22634
0.09043
0.08376
0.05114
0.28754
0.19556
0.27375
0.20592
0.24592
0.20153
0.13204
0.07117
0.28902
0.27143
0.36174
0.25539
0.31336
0.22697
0.23003
0.28333
0.29015
0.29082
0.06311
0.09081
0.12918
0.22615
0.05187
0.06702
0.22030
0.08879
0.19885
0.09861
0.17862
0.09689
0.28184
0.26753
0.27642
0.20729
0.32707
0.12953
0.10437
0.30652
0.09993
0.19134
0.05603
0.03922
0.19321
0.07718
0.26077
0.30959
0.04514
0.09688
0.12470
0.29048
0.11977
0.02424
0.07428
0.06853
0.05682
0.10383
0.20700
0.06845
0.27295
0.17859
0.20949
0.09789
0.13391
0.27136
0.20419
0.25250
0.34045
0.13845
0.23849
0.29555
0.29791
0.30553
0.27651
0.26116
0.34553
0.24596
0.21822
0.26838
0.21838
0.29550
0.16293
0.36496
0.30283
0.24083
0.25312
0.23221
0.24310
0.32949
0.30128
0.23230
0.31554
0.33368
0.20309
0.25360
0.30051
0.26055
0.23425
0.25023
0.27394
0.30797
0.24162
0.19161
0.34159
0.26196
0.23900
0.29774
0.21617
0.29908
0.34078
0.29544
0.28552
0.31211
0.26779
0.25049
0.29045
0.32824
0.20681
0.28616
0.30097
0.23089
0.27969
0.27582
0.18001
0.30674
0.24610
0.27364
0.30775
0.28237
0.28040
0.16116
0.26152
0.34903
0.10859
0.27946
0.19873
0.18782
0.16950
0.34743
0.28317
0.31850
0.15029
0.33640
0.26721
0.27315
0.35887
0.31124
0.28280
0.28035
0.22458
0.27550
0.17737
0.34550
0.30195
0.23972
0.14651
0.32147
0.18401
0.25175
0.29488
0.23860
0.33560
0.31615
0.21007
0.28310
0.29864
0.13621
0.15717
0.26699
0.16229
0.16364
0.15227
0.25478
0.31905
0.24850
0.26564
0.23159
0.30179
0.20877
0.32262
0.25473
0.29107
0.17211
0.27096
0.29524
0.20479
0.16411
0.33238
0.28863
0.18270
0.26839
0.30505
0.25825
0.34665
0.30093
0.22051
0.27023
0.18478
0.29120
0.29696
0.25972
0.22062
0.21819
0.14414
0.30363
0.18795
0.28509
0.20571
0.28525
0.32443
0.29068
0.16631
0.22719
0.27156
0.18211
0.28208
0.16830
0.20633
0.20473
0.21856
0.22463
0.29965
0.32230
0.31545
0.24630
0.22981
0.31068
0.18706
0.22035
0.20449
0.29329
0.27420
0.15422
0.17111
0.24817
0.30080
0.21570
0.12892
0.22242
0.24937
0.21926
0.20930
0.26927
0.31719
0.16621
0.24113
0.27276
0.28808
0.18236
0.26986
0.22802
0.21021
0.35903
0.16130
0.25799
0.22651
0.34540
0.30180
0.23672
0.27296
0.29357
0.24676
0.18036
0.29504
0.25418
0.27636
0.27895
0.26441
0.33393
0.22544
0.27518
0.18661
0.32680
0.22155
0.27783
0.22935
0.23848
0.26443
0.23527
0.17110
0.26453
0.21401
0.30313
0.18346
0.30951
0.21661
0.27358
0.28407
0.28156
0.25888
0.12236
0.21358
0.31882
0.31325
0.25487
0.28835
0.28831
0.25487
0.24199
0.23279
0.29643
0.28885
0.27107
0.23910
0.16744
0.28716
0.30423
0.23935
0.26941
0.20406
0.31937
0.27171
0.20284
0.15534
0.27653
0.28202
0.30318
0.26613
0.22781
0.33200
0.32933
0.13157
0.23909
0.30370
0.28159
0.25106
0.29616
0.32867
0.24138
0.16660
0.18273
0.23634
0.27702
0.35574
0.25731
0.25715
0.28658
0.22468
0.27507
0.29217
0.27444
0.15199
0.31468
0.19842
0.23122
0.32477
0.29371
0.26901
0.23473
0.24555
0.28785
0.33418
0.33430
0.23177
0.26569
0.18752
0.31695
0.29691
0.11206
0.24542
0.15955
0.23936
0.28222
0.22062
0.25301
0.23765
0.27177
0.20882
0.21558
0.22768
0.32584
0.26289
0.27564
0.16726
0.28821
0.24044
0.24058
0.18565
0.31088
0.28427
0.31419
0.22772
0.23737
0.29099
0.25914
0.25515
0.25332
0.16392
0.29430
0.26189
0.31831
0.27954
0.29772
0.33306
0.25263
0.25300
0.29114
0.14232
0.19249
0.27375
0.20075
0.28551
0.29845
0.27724
0.33469
0.37332
0.30000
0.31477
0.26401
0.29002
0.26618
0.34298
0.26181
0.24855
0.30452
0.31009
0.30112
0.29911
0.37806
0.22671
0.25154
0.31254
0.20241
0.31822
0.30917
0.23774
0.26604
0.32916
0.22509
0.26245
0.30281
0.25649
0.23806
0.25335
0.26840
0.22886
0.28255
0.30415
0.27926
0.23701
0.29965
0.26497
0.31349
0.28130
0.24677
0.09057
0.28831
0.33862
0.33197
0.29980
0.29412
0.36743
0.37825
0.30054
0.14597
0.31127
0.36109
0.27824
0.17176
0.31716
0.33571
0.25815
0.26096
0.32584
0.27522
0.26317
0.23806
0.34285
0.33457
0.35205
0.28594
0.31640
0.30501
0.35689
0.25291
0.28574
0.28765
0.30633
0.29428
0.16641
0.32036
0.42683
0.26883
0.38522
0.38682
0.18772
0.31022
0.34744
0.33512
0.28897
0.26950
0.30434
0.18928
0.27775
0.29900
0.25384
0.29466
0.35484
0.29188
0.29295
0.23368
0.21148
0.27174
0.36902
0.21281
0.08996
0.35185
0.19686
0.22069
0.39883
0.14932
0.20984
0.20366
0.29577
0.23983
0.41900
0.18809
0.34433
0.38513
0.24844
0.16600
0.28490
0.22375
0.18436
0.36413
0.16462
0.38215
0.35515
0.28934
0.25588
0.25033
0.33541
0.25431
0.19284
0.33066
0.41026
0.28802
0.28525
0.34983
0.34356
0.23912
0.25303
0.29198
0.39506
0.16317
0.20291
0.24775
0.32034
0.28921
0.24482
0.27257
0.28469
0.31946
0.17968
0.31030
0.29953
0.29766
0.30023
0.25554
0.35160
0.30422
0.23990
0.30019
0.31122
0.31485
0.26815
0.30901
0.23385
0.31480
0.22665
0.26953
0.32845
0.25707
0.24351
0.30364
0.18391
0.34900
0.22870
0.07740
0.16968
0.23383
0.24368
0.30162
0.18712
0.22213
0.32735
0.26833
0.06211
0.12465
0.03699
0.30882
0.24702
0.17654
0.29344
0.05669
0.16801
0.15471
0.20264
0.05505
0.07816
0.27052
0.24288
0.22663
0.21513
0.29291
0.04540
0.33807
0.23253
0.09013
0.04540
0.16831
0.31560
0.10994
0.29473
0.21422
0.30227
0.06581
0.06330
0.06437
0.06265
0.28775
0.12232
0.10433
0.20234
0.34069
0.15389
0.30493
0.23630
0.06502
0.30865
0.05749
0.12924
0.32114
0.18976
0.24741
0.12996
0.05203
0.21537
0.20701
0.29355
0.27471
0.06431
0.05262
0.19701
0.22392
0.24588
0.23159
0.10720
0.27402
0.15620
0.10093
0.25698
0.30910
0.08299
0.10890
0.16150
0.07830
0.03534
0.20323
0.14147
0.17990
0.22681
0.28174
0.19442
0.35366
0.25101
0.24637
0.09638
0.21950
0.22702
0.00335
0.22628
0.15528
0.06133
0.22309
0.24837
0.31864
0.25889
0.01517
0.08830
0.12936
0.23617
0.21184
0.29548
0.08384
0.22804
0.33237
0.10243
0.23753
0.09921
0.01661
0.08318
0.15913
0.03991
0.07301
0.26104
0.28444
0.09233
0.13403
0.04605
0.03656
0.07626
0.30692
