0.12314
0.09310
0.06661
0.24811
0.09399
0.14505
0.23091
0.15647
0.16790
0.07541
0.16684
0.12727
0.15498
0.11209
0.12510
0.23703
0.13345
0.11390
0.09256
0.13229
0.29027
0.09877
0.15477
0.07586
0.17854
0.14456
0.14974
0.27311
0.10383
0.17948
0.16351
0.27039
0.14545
0.10869
0.09912
0.10892
0.13403
0.09770
0.11242
0.14606
0.32149
0.27829
0.08317
0.14307
0.26762
0.23409
0.14804
0.23539
0.18768
0.14799
0.08969
0.13453
0.14522
0.31209
0.08937
0.25692
0.17201
0.10933
0.10342
0.09450
0.26364
0.27024
0.11606
0.21453
0.26574
0.29202
0.04825
0.20771
0.12583
0.02372
0.12490
0.25815
0.33479
0.20462
0.26417
0.12444
0.08442
0.03709
0.23502
0.16610
0.28938
0.16240
0.28723
0.26758
0.26745
0.35729
0.09589
0.08404
0.14806
0.25692
0.30887
0.17199
0.08339
0.28100
0.05355
0.14640
0.21178
0.24475
0.19489
0.15682
0.09280
0.14976
0.14241
0.11519
0.22213
0.28972
0.14194
0.16797
0.21225
0.27839
0.04544
0.26123
0.08241
0.22788
0.14082
0.15026
0.28123
0.06926
0.08104
0.15120
0.25988
0.08506
0.21916
0.03182
0.09032
0.16655
0.29948
0.28352
0.16012
0.24685
0.10297
0.11154
0.33702
0.34546
0.11827
0.13189
0.07025
0.29131
0.25882
0.05600
0.16010
0.04532
0.27124
0.19628
0.14485
0.26475
0.08964
0.35430
0.19858
0.08469
0.19204
0.24223
0.11403
0.29294
0.30874
0.33017
0.11381
0.14479
0.15066
0.22425
0.24554
0.29088
0.24568
0.33053
0.10794
0.10001
0.32407
0.31126
0.10298
0.28310
0.07414
0.23365
0.24647
0.05086
0.08780
0.21276
0.06164
0.05453
0.16186
0.23805
0.09774
0.10852
0.23015
0.14535
0.08803
0.19516
0.26244
0.26259
0.26529
0.20529
0.11695
0.05289
0.04921
0.14544
0.10543
0.24173
0.19612
0.14001
0.08792
0.28637
0.23389
0.05773
0.17821
0.14640
0.06466
0.21532
0.12796
0.18199
0.27422
0.09759
0.25306
0.24369
0.12428
0.26632
0.29214
0.25322
0.12093
0.24897
0.21307
0.32856
0.11399
0.20911
0.13172
0.05397
0.11057
0.05816
0.17426
0.18497
0.15782
0.12190
0.25025
0.11540
0.22171
0.13472
0.05166
0.29277
0.10885
0.05124
0.10881
0.27035
0.07746
0.30249
0.09624
0.11440
0.18830
0.20651
0.11298
0.07032
0.10771
0.09735
0.14989
0.11407
0.10929
0.27606
0.13606
0.15081
0.21359
0.09417
0.06739
0.14994
0.18497
0.15591
0.20680
0.18139
0.13597
0.26750
0.30194
0.09069
0.14472
0.07013
0.11844
0.13630
0.06346
0.04135
0.37565
0.17790
0.05644
0.20957
0.13751
0.07267
0.11709
0.31817
0.12032
0.10073
0.31022
0.12047
0.20601
0.18590
0.17467
0.15735
0.08379
0.05582
0.16131
0.21351
0.16666
0.10352
0.19697
0.20513
0.16391
0.17662
0.32571
0.26666
0.22936
0.13581
0.08976
0.31096
0.32523
0.29349
0.04057
0.27529
0.11567
0.30969
0.14459
0.09862
0.16548
0.10219
0.10422
0.20741
0.22031
0.05510
0.08435
0.12858
0.28042
0.17694
0.23770
0.17541
0.24485
0.23916
0.12699
0.04328
0.28310
0.27341
0.34430
0.27321
0.31219
0.24214
0.25836
0.28522
0.25306
0.26068
0.04546
0.11486
0.14788
0.23620
0.04315
0.09023
0.22776
0.16248
0.22254
0.12147
0.16742
0.12263
0.26379
0.27964
0.24645
0.18398
0.29760
0.14586
0.13838
0.31109
0.06754
0.18030
0.05448
0.08635
0.19201
0.05885
0.23517
0.34950
0.06728
0.07969
0.13796
0.25444
0.09938
0.06173
0.06637
0.05681
0.07067
0.09643
0.20757
0.08545
0.29973
0.18854
0.18223
0.11643
0.18876
0.30390
0.23377
0.29422
0.35762
0.20695
0.28098
0.30708
0.31810
0.30822
0.28966
0.25721
0.35069
0.30206
0.23217
0.26018
0.20787
0.30808
0.19807
0.37481
0.32129
0.25486
0.28731
0.23063
0.27747
0.34129
0.31506
0.23786
0.28038
0.32180
0.24657
0.27440
0.29844
0.24922
0.22980
0.24502
0.30337
0.30221
0.29410
0.20962
0.34124
0.26907
0.27501
0.33880
0.19991
0.28526
0.34252
0.28977
0.33000
0.30641
0.29551
0.21541
0.29415
0.33441
0.24993
0.30819
0.31584
0.26033
0.29207
0.30324
0.20622
0.30093
0.23163
0.25473
0.30853
0.28437
0.27128
0.17184
0.30069
0.35736
0.15242
0.25994
0.21732
0.18792
0.21159
0.35588
0.29048
0.28671
0.17996
0.33783
0.26735
0.24372
0.36696
0.28634
0.29874
0.27221
0.23777
0.27291
0.19254
0.36458
0.30227
0.23946
0.16436
0.30800
0.18710
0.23477
0.27960
0.25000
0.35109
0.31146
0.18497
0.31073
0.27899
0.17779
0.19549
0.30531
0.16330
0.16361
0.17370
0.30166
0.34625
0.28288
0.26951
0.23642
0.31220
0.17409
0.30380
0.27897
0.29880
0.21414
0.28988
0.29552
0.20047
0.17052
0.34733
0.29841
0.21100
0.31546
0.31263
0.25296
0.33721
0.30824
0.21510
0.31018
0.19763
0.28274
0.29192
0.29419
0.27490
0.24662
0.17817
0.34415
0.22446
0.31891
0.20851
0.29931
0.31403
0.27761
0.18110
0.23613
0.28749
0.19451
0.32034
0.19477
0.25291
0.23295
0.23187
0.24929
0.29408
0.30226
0.32755
0.26856
0.19919
0.32268
0.22612
0.23111
0.24151
0.29940
0.32286
0.15507
0.18632
0.28851
0.29176
0.24473
0.16836
0.20987
0.25901
0.23422
0.24070
0.25499
0.30810
0.16551
0.26437
0.26822
0.27135
0.16724
0.30868
0.28209
0.24522
0.36419
0.19018
0.30118
0.21091
0.36163
0.31216
0.28474
0.25152
0.30318
0.26435
0.19237
0.28159
0.29595
0.29601
0.26197
0.25362
0.33347
0.23193
0.26601
0.24318
0.33134
0.26145
0.32129
0.23948
0.25451
0.28139
0.26274
0.19879
0.26678
0.27197
0.28646
0.21852
0.30260
0.22664
0.27721
0.29394
0.27911
0.30468
0.15718
0.25569
0.31167
0.32192
0.27328
0.30489
0.33041
0.25220
0.27846
0.24462
0.30017
0.26726
0.28964
0.24861
0.16706
0.31272
0.30891
0.22728
0.28934
0.22541
0.31795
0.28604
0.23841
0.20397
0.28705
0.30488
0.28727
0.28022
0.27120
0.34173
0.35549
0.15011
0.25958
0.31295
0.28165
0.28923
0.28132
0.33045
0.23262
0.22223
0.19484
0.26015
0.28842
0.36024
0.30974
0.27000
0.29947
0.20398
0.23285
0.28269
0.27574
0.18136
0.31231
0.24885
0.25339
0.34965
0.29744
0.29599
0.21996
0.28454
0.28209
0.34104
0.34658
0.26173
0.26911
0.20442
0.31413
0.31757
0.12573
0.26329
0.20196
0.25217
0.28546
0.23126
0.29698
0.22282
0.25624
0.20860
0.27511
0.26433
0.33948
0.32146
0.28060
0.20693
0.29216
0.25544
0.22122
0.22582
0.32318
0.28063
0.32636
0.27042
0.26640
0.29525
0.24676
0.27754
0.26261
0.19864
0.32460
0.26042
0.32270
0.26614
0.31185
0.34869
0.27185
0.27847
0.31503
0.19571
0.19157
0.30059
0.24043
0.31958
0.31663
0.29360
0.33104
0.37183
0.31509
0.31085
0.24959
0.30835
0.29161
0.34785
0.27965
0.27078
0.32743
0.31481
0.30702
0.32186
0.38542
0.22448
0.24736
0.31060
0.24834
0.31223
0.31953
0.22637
0.26181
0.32405
0.22597
0.28997
0.31898
0.30880
0.26187
0.24767
0.28826
0.26672
0.27668
0.31000
0.29613
0.29228
0.30858
0.28135
0.31783
0.28930
0.28956
0.13815
0.29693
0.33490
0.36151
0.31948
0.31070
0.41985
0.40713
0.28885
0.18288
0.31868
0.38127
0.29787
0.22117
0.31108
0.33792
0.24541
0.22219
0.33536
0.25854
0.29134
0.26190
0.35513
0.35765
0.41023
0.32113
0.31223
0.27053
0.40105
0.29613
0.31949
0.30963
0.34176
0.27509
0.20171
0.31998
0.47881
0.25146
0.42796
0.41525
0.21533
0.31281
0.36871
0.33485
0.30361
0.26455
0.28849
0.23937
0.29913
0.30015
0.31034
0.30379
0.39894
0.30195
0.29407
0.26476
0.22753
0.25402
0.40330
0.21649
0.14163
0.34979
0.17146
0.22806
0.41849
0.14505
0.26087
0.22328
0.28270
0.26154
0.43164
0.18526
0.34120
0.40167
0.25921
0.24999
0.25147
0.28571
0.21653
0.36610
0.17266
0.37663
0.35251
0.23068
0.25995
0.24514
0.36131
0.28275
0.20587
0.34830
0.40625
0.34042
0.29787
0.36968
0.37566
0.22802
0.24391
0.28432
0.40234
0.22072
0.24763
0.25644
0.37828
0.28527
0.27458
0.27590
0.34667
0.36993
0.26240
0.29947
0.34689
0.29117
0.29139
0.25413
0.39153
0.30459
0.29966
0.30099
0.30401
0.35263
0.27424
0.32171
0.24904
0.31720
0.27303
0.25514
0.31917
0.31424
0.24424
0.28579
0.18585
0.27148
0.23751
0.03594
0.10782
0.18290
0.22943
0.26562
0.19461
0.26491
0.33698
0.18580
0.11298
0.19445
0.02738
0.31928
0.28598
0.15975
0.28493
0.04520
0.12583
0.20476
0.22526
0.05563
0.10420
0.23590
0.26848
0.24153
0.20910
0.29057
0.07074
0.31105
0.24028
0.05075
0.07167
0.12835
0.27573
0.10238
0.20374
0.22590
0.28983
0.04832
0.07093
0.10150
0.06694
0.30136
0.11330
0.14673
0.14004
0.27424
0.11472
0.26650
0.22941
0.04702
0.26763
0.07223
0.07228
0.22283
0.19099
0.21394
0.10085
0.09567
0.18866
0.19341
0.29867
0.27736
0.08118
0.03451
0.20271
0.21702
0.17745
0.25330
0.15887
0.29602
0.20431
0.13163
0.26068
0.30647
0.13876
0.13710
0.15849
0.10686
0.03845
0.18773
0.16931
0.19844
0.26628
0.27997
0.20759
0.32713
0.23450
0.21109
0.18585
0.21995
0.21042
0.04118
0.26521
0.11991
0.05275
0.25031
0.26849
0.29281
0.26524
0.09856
0.10032
0.15686
0.18938
0.21437
0.27766
0.07288
0.18377
0.29864
0.14734
0.24373
0.08780
0.05683
0.05099
0.18916
0.06813
0.08966
0.29203
0.28292
0.09611
0.16579
0.02650
0.06785
0.10628
0.23520
