0.14851
0.10250
0.06704
0.25890
0.12063
0.14295
0.23798
0.15175
0.16233
0.05170
0.21082
0.13851
0.16379
0.11360
0.14466
0.23902
0.16116
0.14685
0.11851
0.16857
0.31226
0.16136
0.17070
0.09060
0.21157
0.16288
0.14945
0.26851
0.09351
0.19159
0.18034
0.27350
0.13809
0.10812
0.10997
0.09125
0.14176
0.09406
0.13075
0.18722
0.28693
0.29520
0.09390
0.15856
0.29671
0.24716
0.17104
0.25486
0.20022
0.16254
0.09144
0.15169
0.15932
0.29600
0.08700
0.24461
0.24252
0.14101
0.11948
0.08730
0.29084
0.29359
0.11865
0.20444
0.31056
0.33026
0.03354
0.17555
0.12063
0.03619
0.14330
0.31084
0.34021
0.19561
0.25690
0.13385
0.11659
0.03991
0.20197
0.16851
0.31179
0.21101
0.32305
0.28127
0.28313
0.33553
0.11712
0.10062
0.15412
0.24540
0.30328
0.15189
0.08284
0.27701
0.06517
0.15321
0.23451
0.21284
0.20093
0.17970
0.09605
0.18992
0.14817
0.11304
0.25058
0.28420
0.19441
0.17437
0.20779
0.27805
0.06020
0.26782
0.06968
0.22229
0.12088
0.16058
0.28214
0.05261
0.09281
0.16893
0.20952
0.08323
0.28002
0.02946
0.09363
0.14745
0.34107
0.26053
0.20419
0.26838
0.10544
0.11481
0.29549
0.34517
0.11521
0.13576
0.07454
0.30080
0.23492
0.10307
0.14442
0.02930
0.30547
0.20236
0.14450
0.25157
0.09665
0.36169
0.21210
0.08851
0.16727
0.28309
0.11927
0.31541
0.31371
0.33434
0.12191
0.14330
0.14446
0.19039
0.29672
0.28952
0.25429
0.35322
0.09457
0.12603
0.30246
0.30147
0.08838
0.26970
0.04940
0.23138
0.24417
0.06975
0.13009
0.22994
0.11246
0.06983
0.17997
0.25059
0.07778
0.10682
0.22629
0.16483
0.09864
0.17942
0.23819
0.27656
0.26586
0.19316
0.14467
0.07387
0.05122
0.12952
0.13827
0.25612
0.20913
0.17397
0.10740
0.28076
0.24251
0.11716
0.19411
0.16845
0.05588
0.24292
0.12814
0.18667
0.25174
0.08661
0.28418
0.22742
0.10310
0.26578
0.25929
0.25973
0.12943
0.23370
0.22910
0.34107
0.08386
0.22510
0.13975
0.06085
0.06611
0.05834
0.20423
0.21155
0.14894
0.06976
0.27686
0.12873
0.21557
0.15805
0.07366
0.27117
0.10956
0.06576
0.10945
0.27043
0.09225
0.28118
0.11509
0.11455
0.18029
0.22111
0.11634
0.04476
0.12709
0.10376
0.13466
0.16356
0.13067
0.27597
0.15831
0.14425
0.19192
0.14982
0.07429
0.14070
0.22647
0.16370
0.20504
0.20381
0.16842
0.25399
0.27212
0.08793
0.19491
0.07936
0.09689
0.12628
0.07227
0.02999
0.35161
0.18752
0.09268
0.20420
0.11871
0.06974
0.13545
0.32566
0.13051
0.07547
0.32013
0.12143
0.20284
0.21843
0.18715
0.13954
0.10455
0.10869
0.17977
0.22509
0.21296
0.10888
0.22355
0.18400
0.19815
0.17122
0.32183
0.29067
0.28217
0.14224
0.13044
0.30592
0.29316
0.33670
0.04516
0.26849
0.14247
0.27305
0.14079
0.07821
0.12634
0.11723
0.09987
0.20963
0.24750
0.07799
0.09384
0.09980
0.27365
0.18651
0.23758
0.18571
0.23243
0.23886
0.14378
0.04237
0.27764
0.25711
0.34401
0.27889
0.33978
0.20088
0.28280
0.28612
0.28891
0.27141
0.04407
0.09956
0.14440
0.24963
0.07572
0.08795
0.21975
0.12622
0.21160
0.13351
0.16738
0.12097
0.29427
0.29031
0.24282
0.21967
0.26991
0.13773
0.18075
0.31935
0.05248
0.19944
0.06225
0.07856
0.24058
0.06625
0.24660
0.32286
0.07276
0.10553
0.16244
0.23643
0.09675
0.05299
0.07457
0.08086
0.09780
0.11223
0.21215
0.11590
0.27665
0.15176
0.15576
0.10098
0.19101
0.29004
0.21684
0.28921
0.33496
0.16120
0.27107
0.30048
0.30353
0.34308
0.28131
0.27587
0.34229
0.24117
0.23663
0.25778
0.21570
0.32052
0.18719
0.35742
0.30268
0.24760
0.27340
0.23622
0.27955
0.34620
0.31693
0.27814
0.29102
0.32362
0.20220
0.26817
0.30679
0.25423
0.22499
0.25473
0.31041
0.29985
0.24613
0.22189
0.34043
0.27149
0.25714
0.32554
0.19236
0.29305
0.34252
0.27163
0.29812
0.33625
0.29238
0.22499
0.28725
0.31157
0.21986
0.32155
0.30650
0.26812
0.27195
0.30922
0.16597
0.33096
0.26230
0.27279
0.29136
0.28152
0.29793
0.16216
0.28835
0.35608
0.13032
0.27496
0.20741
0.23870
0.20758
0.36716
0.28763
0.31618
0.14841
0.32765
0.26157
0.27017
0.36168
0.28890
0.32309
0.27616
0.24926
0.27309
0.18775
0.34142
0.29527
0.23640
0.17233
0.31066
0.19571
0.24562
0.28052
0.26861
0.33607
0.31992
0.19438
0.31443
0.33319
0.17273
0.18602
0.29541
0.18392
0.21095
0.14154
0.29765
0.33729
0.27885
0.28510
0.24435
0.31239
0.21129
0.30598
0.30291
0.31879
0.20745
0.27887
0.30211
0.19188
0.15185
0.35921
0.24553
0.20311
0.33853
0.28967
0.25699
0.34305
0.29730
0.23662
0.27087
0.19757
0.28041
0.30060
0.29635
0.26878
0.24244
0.15387
0.32545
0.21485
0.29956
0.21882
0.28540
0.33156
0.26745
0.15658
0.24776
0.29069
0.20491
0.29503
0.19644
0.24218
0.22957
0.22710
0.23210
0.31532
0.29100
0.29993
0.24761
0.22081
0.30818
0.21170
0.20166
0.23033
0.26807
0.31008
0.15856
0.17019
0.27622
0.28722
0.21532
0.15611
0.20047
0.25161
0.23388
0.25024
0.26645
0.32234
0.17687
0.25322
0.25197
0.31177
0.18879
0.33114
0.27886
0.24389
0.36182
0.17583
0.31673
0.22090
0.35676
0.30308
0.25656
0.26005
0.29811
0.26318
0.19645
0.30134
0.26805
0.30005
0.27836
0.27392
0.33161
0.21723
0.29342
0.24291
0.32504
0.23067
0.28316
0.22974
0.27568
0.27440
0.25021
0.23701
0.27119
0.25550
0.30028
0.20119
0.31234
0.22368
0.27984
0.29191
0.26891
0.28580
0.12830
0.24455
0.31714
0.31804
0.26357
0.29566
0.29120
0.24420
0.28214
0.24138
0.26884
0.29443
0.28316
0.23156
0.20507
0.31179
0.29084
0.25765
0.27976
0.24520
0.32088
0.28665
0.22614
0.18454
0.25612
0.28653
0.30376
0.28146
0.25786
0.34229
0.33766
0.13496
0.24121
0.29720
0.29912
0.30701
0.30437
0.32813
0.23396
0.20575
0.21782
0.26470
0.30704
0.33833
0.28537
0.27794
0.30608
0.20202
0.24542
0.28518
0.26778
0.14957
0.29619
0.23023
0.23665
0.31937
0.30096
0.27844
0.21764
0.25054
0.27685
0.36003
0.33244
0.24560
0.26520
0.19827
0.31169
0.30196
0.12285
0.28556
0.18732
0.27417
0.28762
0.23001
0.26396
0.24620
0.27633
0.20595
0.25393
0.24736
0.32046
0.28059
0.28642
0.18233
0.31027
0.24839
0.22968
0.22781
0.31388
0.27664
0.33829
0.27031
0.26223
0.31178
0.25619
0.23804
0.27343
0.17466
0.33705
0.25182
0.31543
0.27124
0.27339
0.32151
0.27020
0.29430
0.31790
0.18329
0.20969
0.29686
0.23639
0.33139
0.29668
0.31065
0.33568
0.36838
0.29308
0.29780
0.25607
0.28993
0.28986
0.34056
0.28161
0.28176
0.31787
0.30352
0.31029
0.31889
0.37212
0.23433
0.27132
0.31965
0.24023
0.27928
0.32220
0.23870
0.25670
0.34137
0.22832
0.30931
0.28707
0.27543
0.25121
0.27727
0.25693
0.28039
0.28391
0.32670
0.28317
0.24577
0.32180
0.27208
0.30831
0.28788
0.27965
0.11580
0.34615
0.32793
0.36644
0.32220
0.31087
0.41185
0.39247
0.28727
0.16181
0.30775
0.37378
0.28840
0.19741
0.30334
0.32204
0.22030
0.24708
0.31469
0.24617
0.24985
0.25371
0.33538
0.33913
0.39796
0.32455
0.31712
0.28940
0.40125
0.28712
0.31640
0.31722
0.36822
0.28872
0.18156
0.30672
0.44169
0.23414
0.39263
0.41510
0.20881
0.30650
0.36369
0.32104
0.26916
0.24037
0.30256
0.23496
0.29948
0.31953
0.29389
0.30491
0.37526
0.27612
0.30434
0.23923
0.17088
0.27418
0.39982
0.20780
0.11187
0.32073
0.17927
0.17220
0.40260
0.10622
0.22434
0.17795
0.30396
0.25133
0.44381
0.16378
0.34324
0.39032
0.25654
0.20240
0.26613
0.26837
0.21658
0.36690
0.15741
0.36371
0.33523
0.28281
0.24089
0.25655
0.33311
0.28649
0.18650
0.34096
0.41756
0.32442
0.29185
0.37063
0.37198
0.23928
0.24100
0.28797
0.39753
0.15278
0.21381
0.22446
0.36301
0.29046
0.25382
0.27608
0.35101
0.36067
0.23666
0.28554
0.35632
0.28166
0.30117
0.25422
0.40068
0.31293
0.28034
0.30838
0.32618
0.34824
0.27764
0.32272
0.22719
0.31301
0.25427
0.23973
0.32132
0.30178
0.25029
0.30929
0.23399
0.29089
0.22665
0.07965
0.12339
0.21669
0.20608
0.32969
0.20546
0.22428
0.34557
0.20683
0.09191
0.20000
0.06127
0.28826
0.22497
0.18322
0.28652
0.06637
0.15501
0.15758
0.17988
0.08182
0.15924
0.23288
0.29025
0.17567
0.20900
0.25310
0.07575
0.30038
0.18237
0.08217
0.10311
0.15182
0.30141
0.13423
0.26123
0.23223
0.25969
0.04960
0.06642
0.10681
0.07667
0.23953
0.12584
0.10668
0.19497
0.28902
0.17219
0.31526
0.22568
0.03524
0.27923
0.07744
0.07675
0.22740
0.19733
0.25138
0.07161
0.08161
0.23679
0.20527
0.26856
0.28551
0.10109
0.09969
0.17392
0.21400
0.20202
0.23919
0.17006
0.24583
0.15139
0.14850
0.25066
0.25159
0.14280
0.15365
0.16545
0.06712
0.04565
0.27165
0.11973
0.21287
0.28228
0.23573
0.20104
0.35330
0.26940
0.23374
0.16854
0.23482
0.20514
0.01684
0.21664
0.16321
0.08511
0.21916
0.23168
0.31481
0.24959
0.04559
0.09461
0.19155
0.21302
0.26883
0.19744
0.08437
0.22687
0.29608
0.09855
0.23522
0.09103
0.01197
0.09056
0.14812
0.06492
0.15681
0.24276
0.26381
0.09584
0.11056
0.02626
0.05709
0.07664
0.26056
