0.11990
0.09962
0.10846
0.27275
0.07632
0.14198
0.25178
0.16152
0.22786
0.09401
0.21549
0.13362
0.19537
0.15872
0.11205
0.25526
0.10666
0.15971
0.07867
0.14101
0.30448
0.11638
0.18855
0.06661
0.25970
0.18934
0.15574
0.23548
0.09897
0.13925
0.18211
0.24695
0.16631
0.09878
0.08498
0.10454
0.13959
0.12786
0.19258
0.20562
0.29909
0.27443
0.12513
0.15499
0.29327
0.21884
0.18040
0.28675
0.21505
0.15491
0.12483
0.12501
0.16603
0.29271
0.08999
0.26141
0.26580
0.14083
0.15782
0.12475
0.26158
0.30229
0.16309
0.20072
0.28643
0.33306
0.07799
0.18156
0.14053
0.03389
0.16459
0.31433
0.29763
0.22223
0.26953
0.13683
0.12594
0.05166
0.18754
0.18239
0.31609
0.18180
0.30782
0.24723
0.27760
0.34183
0.09740
0.13380
0.19585
0.26402
0.34044
0.17810
0.10132
0.28400
0.07301
0.17374
0.20654
0.22000
0.20128
0.16615
0.10335
0.20245
0.12387
0.12570
0.23727
0.29230
0.16892
0.18128
0.17484
0.28222
0.06828
0.25895
0.11213
0.22551
0.13985
0.15452
0.27181
0.09032
0.10023
0.16543
0.20066
0.08870
0.29511
0.03551
0.15312
0.19275
0.30653
0.27355
0.19906
0.25574
0.13342
0.17436
0.29963
0.35990
0.10538
0.19408
0.09412
0.29193
0.28317
0.08243
0.17818
0.03912
0.31853
0.20045
0.21576
0.31194
0.09203
0.36391
0.21243
0.09301
0.20576
0.29303
0.10294
0.31738
0.29669
0.33054
0.15909
0.13816
0.17060
0.15832
0.23087
0.27780
0.26443
0.30595
0.09622
0.14187
0.30228
0.29020
0.11699
0.23573
0.08464
0.24682
0.23624
0.06618
0.11026
0.22725
0.10167
0.06973
0.16854
0.29077
0.08659
0.10671
0.18855
0.16277
0.18211
0.21163
0.25565
0.27603
0.26909
0.15713
0.13763
0.08549
0.06245
0.14220
0.19249
0.23771
0.22058
0.17003
0.10290
0.28382
0.18815
0.12624
0.20955
0.14793
0.07066
0.25656
0.11828
0.24893
0.24239
0.15927
0.25568
0.23356
0.10926
0.21925
0.24830
0.23497
0.15406
0.24829
0.26735
0.33722
0.13840
0.18722
0.13959
0.09460
0.09337
0.11502
0.17284
0.20890
0.13527
0.09689
0.25457
0.17646
0.27793
0.15007
0.05582
0.29103
0.11966
0.07768
0.11543
0.27570
0.12419
0.30237
0.12606
0.10983
0.16681
0.21780
0.11458
0.08063
0.16513
0.11889
0.11728
0.15096
0.12116
0.24974
0.12223
0.15507
0.19843
0.08018
0.11694
0.14861
0.19634
0.17956
0.19488
0.18591
0.18426
0.26277
0.30983
0.10317
0.17880
0.07821
0.15985
0.13212
0.08512
0.04714
0.32947
0.19403
0.07749
0.18994
0.14587
0.09907
0.16446
0.33264
0.14307
0.12653
0.28912
0.12213
0.21400
0.19323
0.19541
0.20010
0.12193
0.09980
0.21119
0.21780
0.17880
0.12818
0.17958
0.16546
0.18506
0.18133
0.34575
0.29832
0.27970
0.13400
0.12240
0.29730
0.29769
0.32909
0.07625
0.25359
0.13058
0.26036
0.16094
0.11371
0.13671
0.17331
0.10973
0.23051
0.23536
0.10530
0.14789
0.07338
0.28379
0.20090
0.28533
0.16203
0.19963
0.22755
0.16317
0.06066
0.30361
0.27711
0.34879
0.26512
0.31346
0.24165
0.26281
0.28100
0.28507
0.26159
0.06293
0.12483
0.17364
0.22757
0.06191
0.09207
0.25415
0.13503
0.24968
0.12187
0.18738
0.13185
0.30299
0.26768
0.22926
0.20028
0.29727
0.13461
0.14850
0.30715
0.10395
0.22116
0.09413
0.15022
0.19874
0.07895
0.23600
0.31887
0.09647
0.12883
0.17587
0.25843
0.11332
0.09544
0.11078
0.08598
0.10038
0.10852
0.21821
0.10428
0.24891
0.17485
0.21803
0.11350
0.16628
0.28190
0.19254
0.29527
0.32219
0.17467
0.28430
0.31252
0.28616
0.31213
0.27572
0.25404
0.34586
0.22597
0.23946
0.27162
0.23351
0.29928
0.17799
0.35386
0.30321
0.27741
0.27509
0.24604
0.26890
0.34550
0.28757
0.24376
0.29411
0.32276
0.25620
0.27305
0.31003
0.28320
0.24734
0.25190
0.29766
0.28653
0.26600
0.23645
0.32992
0.23505
0.25187
0.29983
0.19725
0.32279
0.31267
0.29845
0.27860
0.30923
0.28198
0.24313
0.29164
0.30179
0.22735
0.28178
0.29334
0.26747
0.28467
0.31475
0.18495
0.29379
0.26907
0.27079
0.31266
0.26510
0.25629
0.19407
0.27298
0.33464
0.15387
0.29690
0.20700
0.20340
0.23311
0.36877
0.30184
0.30318
0.16873
0.32681
0.26911
0.27278
0.34468
0.29058
0.30129
0.28917
0.24672
0.28686
0.19289
0.34197
0.28565
0.23502
0.17334
0.32585
0.22799
0.25867
0.27142
0.26538
0.33291
0.29340
0.23145
0.29277
0.29723
0.19707
0.19137
0.26790
0.19889
0.15250
0.15901
0.28723
0.28760
0.28317
0.27611
0.24225
0.28693
0.23753
0.29245
0.24832
0.28728
0.19370
0.27413
0.29185
0.22833
0.19743
0.35718
0.27224
0.19223
0.28755
0.28996
0.26711
0.37015
0.29140
0.26082
0.29591
0.22035
0.27419
0.32357
0.28113
0.24107
0.23761
0.16116
0.31955
0.24433
0.30080
0.24321
0.29075
0.31278
0.27543
0.21181
0.25296
0.28743
0.22111
0.27704
0.20991
0.19892
0.22686
0.23313
0.23252
0.32325
0.30016
0.31525
0.24357
0.20286
0.31469
0.23232
0.18881
0.21038
0.28272
0.28705
0.17065
0.17702
0.26200
0.28354
0.21504
0.15898
0.22212
0.25879
0.22959
0.26733
0.28346
0.31398
0.17636
0.20654
0.25572
0.28428
0.21024
0.31853
0.25292
0.25982
0.39236
0.19112
0.26987
0.24336
0.34912
0.28737
0.26555
0.27212
0.27429
0.28449
0.19656
0.32019
0.27482
0.26151
0.27551
0.26377
0.31756
0.25418
0.28402
0.19548
0.32415
0.23555
0.27093
0.22676
0.25911
0.27494
0.23899
0.21608
0.22212
0.22963
0.32287
0.22407
0.33444
0.25372
0.26935
0.26928
0.26437
0.28992
0.14562
0.23443
0.32772
0.30713
0.26872
0.26434
0.30347
0.27034
0.24587
0.21836
0.30409
0.30752
0.25778
0.25880
0.22299
0.29759
0.29608
0.27355
0.25763
0.22737
0.32437
0.28435
0.20631
0.20572
0.26610
0.27626
0.29547
0.28828
0.24124
0.33275
0.34795
0.15323
0.21896
0.30373
0.28043
0.25412
0.32519
0.32282
0.23092
0.20363
0.21426
0.24348
0.28290
0.34282
0.25720
0.29440
0.27870
0.22092
0.27431
0.29964
0.27492
0.16894
0.32000
0.19035
0.24985
0.32145
0.30401
0.24106
0.22382
0.26074
0.26822
0.31853
0.32747
0.23137
0.25352
0.21966
0.31469
0.31297
0.12379
0.26306
0.20254
0.24755
0.27736
0.24065
0.26355
0.26331
0.25731
0.23630
0.24108
0.20728
0.31398
0.26560
0.26571
0.19489
0.29792
0.25283
0.24034
0.19766
0.30752
0.23823
0.34212
0.23864
0.22237
0.27120
0.26731
0.21132
0.26472
0.16226
0.32263
0.27606
0.32817
0.27845
0.28201
0.33169
0.27051
0.27358
0.28061
0.16391
0.18418
0.27586
0.22172
0.29175
0.30172
0.27054
0.31222
0.36593
0.26634
0.31647
0.27521
0.28790
0.30509
0.34829
0.24224
0.27844
0.30987
0.31980
0.28284
0.31253
0.37330
0.21908
0.26305
0.34904
0.23360
0.30556
0.35417
0.27240
0.24571
0.32377
0.23543
0.28336
0.30684
0.25609
0.24036
0.25465
0.26611
0.25289
0.28200
0.31961
0.28765
0.27029
0.31396
0.27521
0.29399
0.28255
0.25445
0.14364
0.32295
0.32226
0.34791
0.32671
0.31721
0.36496
0.41925
0.28791
0.21448
0.32345
0.37107
0.29737
0.20268
0.32249
0.34954
0.23339
0.26443
0.35363
0.25054
0.28483
0.27199
0.34290
0.37225
0.41316
0.28776
0.32251
0.25792
0.38303
0.28881
0.29318
0.28809
0.35442
0.29031
0.18244
0.32406
0.46190
0.24322
0.41271
0.38683
0.20159
0.30042
0.35641
0.32197
0.29624
0.25775
0.29804
0.23710
0.28156
0.29691
0.30211
0.30069
0.40041
0.29345
0.29316
0.27737
0.18367
0.27586
0.40341
0.23334
0.13436
0.33853
0.16116
0.16335
0.39932
0.17565
0.25268
0.21581
0.31259
0.21794
0.42133
0.21478
0.34153
0.38793
0.21694
0.25250
0.25756
0.25897
0.17721
0.35686
0.19221
0.35862
0.36415
0.26022
0.22573
0.26027
0.34426
0.27922
0.22536
0.35139
0.41651
0.33303
0.29590
0.38147
0.37903
0.22012
0.27026
0.30592
0.38010
0.22082
0.24030
0.24131
0.35937
0.28281
0.25327
0.26376
0.32478
0.39403
0.24889
0.29370
0.31720
0.30806
0.30096
0.24888
0.39965
0.30982
0.28353
0.29261
0.31698
0.34918
0.26943
0.29011
0.23694
0.34388
0.26553
0.24711
0.31652
0.29392
0.20465
0.27762
0.20701
0.30876
0.21816
0.06072
0.18828
0.22404
0.21338
0.25538
0.20892
0.25541
0.33885
0.25164
0.10487
0.20207
0.07714
0.23332
0.21927
0.21365
0.28536
0.09421
0.13295
0.16593
0.22445
0.09177
0.14246
0.25744
0.24619
0.15375
0.20356
0.26089
0.13995
0.32663
0.21071
0.09868
0.09792
0.14331
0.32204
0.23119
0.24388
0.18679
0.29601
0.08307
0.09773
0.03892
0.08642
0.29100
0.11055
0.16063
0.23809
0.28846
0.18768
0.29974
0.20170
0.07466
0.25695
0.07738
0.05662
0.28486
0.16545
0.27926
0.12327
0.11398
0.20716
0.20171
0.25813
0.27438
0.06600
0.07576
0.17579
0.20057
0.20477
0.16847
0.16795
0.25884
0.17307
0.16895
0.24430
0.28193
0.14939
0.10332
0.23727
0.08442
0.04716
0.21066
0.16725
0.18777
0.22706
0.23715
0.19780
0.31492
0.25627
0.28659
0.21081
0.21818
0.20525
0.11605
0.26603
0.10786
0.12101
0.20202
0.23599
0.20421
0.18882
0.06293
0.07790
0.13634
0.24026
0.26563
0.28511
0.17052
0.21013
0.33110
0.11199
0.25198
0.12972
0.06750
0.05944
0.17551
0.09092
0.10373
0.27431
0.32022
0.06524
0.15443
0.04126
0.11634
0.11804
0.26469
