0.12194
0.14510
0.05617
0.24720
0.07070
0.15356
0.19381
0.14527
0.16150
0.07184
0.20261
0.13503
0.16256
0.13178
0.09566
0.23053
0.13771
0.12064
0.08332
0.15086
0.29495
0.10334
0.17755
0.03379
0.22974
0.13831
0.12341
0.25956
0.10869
0.16662
0.13153
0.27257
0.15140
0.09728
0.06712
0.09280
0.11402
0.09795
0.13570
0.16162
0.31231
0.27217
0.08153
0.12854
0.28888
0.23342
0.15004
0.24957
0.18498
0.14995
0.09337
0.12384
0.12248
0.29416
0.09245
0.26002
0.23902
0.11349
0.12226
0.09881
0.28241
0.28312
0.11913
0.20442
0.27728
0.33089
0.06905
0.18633
0.11790
0.03648
0.13138
0.30543
0.31737
0.19779
0.27167
0.13569
0.08668
0.01591
0.22558
0.14547
0.29595
0.16257
0.30002
0.26468
0.24550
0.35830
0.09979
0.07553
0.16700
0.24878
0.32540
0.12793
0.06886
0.26602
0.06208
0.15971
0.18810
0.23157
0.20706
0.16342
0.09380
0.17431
0.11693
0.11875
0.20267
0.32231
0.12649
0.15976
0.16039
0.29059
0.04979
0.27052
0.07071
0.26486
0.11371
0.16240
0.26733
0.05141
0.08130
0.18631
0.22409
0.10297
0.26769
0.01916
0.08638
0.16399
0.30169
0.26146
0.16053
0.24877
0.11694
0.12898
0.34046
0.34457
0.10864
0.16399
0.07085
0.28968
0.25271
0.05173
0.17751
0.02553
0.27374
0.15301
0.15317
0.27480
0.09606
0.34560
0.19853
0.09054
0.14724
0.22917
0.10266
0.31707
0.30586
0.32636
0.13883
0.12494
0.14186
0.23006
0.24113
0.24597
0.28856
0.32500
0.09804
0.15205
0.32472
0.29799
0.06584
0.29543
0.04879
0.22822
0.21020
0.06238
0.09726
0.24197
0.07545
0.05762
0.18650
0.26608
0.04491
0.10496
0.20971
0.12845
0.11708
0.19545
0.24851
0.22571
0.26545
0.20146
0.12575
0.06949
0.05795
0.18742
0.14769
0.25003
0.16505
0.17860
0.08739
0.25137
0.23795
0.11284
0.15438
0.13851
0.04301
0.23202
0.12685
0.21050
0.26515
0.10214
0.26041
0.22892
0.11639
0.24424
0.26125
0.24733
0.12497
0.27258
0.23966
0.31953
0.12283
0.20016
0.10082
0.05590
0.06704
0.09259
0.19231
0.20547
0.19538
0.04920
0.26228
0.08973
0.22230
0.11831
0.02883
0.29221
0.10897
0.05103
0.10504
0.28222
0.04879
0.30363
0.09303
0.12489
0.17897
0.20429
0.10729
0.04873
0.11693
0.09676
0.10244
0.10161
0.11383
0.27747
0.15154
0.16465
0.19427
0.07845
0.10599
0.13900
0.21245
0.16919
0.19264
0.15996
0.17004
0.21949
0.26214
0.09775
0.15600
0.07435
0.09097
0.11770
0.06094
0.04032
0.39803
0.18764
0.07470
0.17572
0.20477
0.07208
0.13066
0.34525
0.13494
0.08427
0.30731
0.11780
0.20256
0.18209
0.18522
0.14749
0.09341
0.07056
0.18181
0.19847
0.17335
0.11760
0.17177
0.20588
0.18628
0.19314
0.33957
0.26238
0.25026
0.14539
0.08501
0.31760
0.33095
0.32128
0.04910
0.26899
0.09697
0.27794
0.13320
0.07463
0.14157
0.11764
0.12504
0.20558
0.25418
0.08329
0.09801
0.05821
0.27962
0.13423
0.23515
0.13038
0.25423
0.25115
0.12938
0.06728
0.22974
0.28989
0.37288
0.23026
0.33458
0.21965
0.24932
0.25226
0.26968
0.27646
0.04034
0.08825
0.12538
0.23506
0.03098
0.15074
0.19958
0.13565
0.21504
0.09530
0.17087
0.14468
0.27987
0.26842
0.27806
0.18859
0.30696
0.14138
0.14777
0.31443
0.06822
0.18578
0.04559
0.11047
0.20788
0.04874
0.23068
0.35003
0.07346
0.06884
0.14789
0.23018
0.10058
0.03984
0.06047
0.07595
0.07464
0.11579
0.17486
0.09106
0.31277
0.16999
0.19329
0.10355
0.16895
0.29308
0.18334
0.26276
0.35269
0.15412
0.27641
0.29976
0.26892
0.31887
0.28583
0.25397
0.35218
0.22446
0.23636
0.25435
0.21721
0.25978
0.17310
0.36270
0.33572
0.25500
0.22904
0.23969
0.26548
0.33019
0.27027
0.20994
0.31759
0.33583
0.18589
0.21827
0.31159
0.26270
0.23126
0.25061
0.26500
0.32202
0.22476
0.20334
0.35531
0.22001
0.20249
0.29933
0.14849
0.26802
0.34654
0.29233
0.28401
0.25870
0.25288
0.22653
0.27951
0.34082
0.22639
0.27925
0.32349
0.24112
0.23537
0.28769
0.16227
0.26537
0.22975
0.28888
0.31771
0.28950
0.26116
0.18040
0.30813
0.35191
0.13626
0.28194
0.21053
0.20822
0.19425
0.34397
0.29290
0.31040
0.15558
0.36034
0.26484
0.28264
0.36608
0.31380
0.27097
0.28366
0.23413
0.27071
0.18326
0.35042
0.25444
0.23128
0.15309
0.31070
0.19528
0.26555
0.30093
0.27487
0.34774
0.31771
0.18201
0.30943
0.30108
0.14952
0.17723
0.30506
0.17956
0.16861
0.13120
0.26588
0.33725
0.25395
0.25205
0.23596
0.27312
0.18882
0.25657
0.24687
0.23614
0.18845
0.28807
0.26480
0.21066
0.16399
0.33511
0.29711
0.16881
0.31221
0.31485
0.24359
0.35250
0.31444
0.21760
0.25439
0.19729
0.30391
0.31032
0.28842
0.26686
0.22082
0.14195
0.29309
0.22697
0.25939
0.21711
0.23702
0.27321
0.29103
0.19255
0.23040
0.28913
0.18959
0.26663
0.19705
0.23301
0.22361
0.21472
0.21822
0.28951
0.33408
0.31556
0.18950
0.23308
0.32645
0.20377
0.18930
0.19649
0.31125
0.29073
0.15211
0.16877
0.28430
0.25886
0.18203
0.14968
0.19227
0.27372
0.20955
0.23054
0.26616
0.28144
0.16735
0.24849
0.27220
0.25324
0.18561
0.28242
0.25734
0.24435
0.36436
0.16637
0.28888
0.22131
0.35120
0.31807
0.20008
0.25904
0.24929
0.27049
0.17734
0.31208
0.25265
0.23823
0.28288
0.25192
0.34051
0.20938
0.26311
0.20678
0.34650
0.19662
0.23340
0.22966
0.24989
0.28455
0.23502
0.21617
0.22455
0.22485
0.31008
0.17495
0.29749
0.21584
0.26573
0.28833
0.28024
0.29449
0.12789
0.19330
0.32613
0.33867
0.20887
0.23391
0.24884
0.26381
0.21645
0.19367
0.30569
0.27484
0.22161
0.23405
0.18718
0.26355
0.32022
0.25024
0.23365
0.23865
0.33429
0.27190
0.17004
0.17335
0.29017
0.29836
0.25937
0.27209
0.23504
0.34684
0.35312
0.13649
0.20150
0.30168
0.27885
0.25808
0.28463
0.34699
0.22140
0.17120
0.17311
0.25172
0.25940
0.35503
0.28058
0.28307
0.26202
0.21428
0.23747
0.29536
0.26063
0.14084
0.33679
0.20193
0.22962
0.33820
0.30483
0.21052
0.22821
0.23497
0.30071
0.30544
0.34599
0.22302
0.27260
0.17795
0.30046
0.31286
0.12639
0.24659
0.16357
0.21591
0.25425
0.23041
0.25558
0.23812
0.26986
0.21826
0.24230
0.20894
0.34524
0.26335
0.25831
0.19884
0.29290
0.25914
0.20794
0.18761
0.32387
0.29715
0.32565
0.24758
0.27316
0.24263
0.21998
0.20123
0.28420
0.16768
0.30653
0.22840
0.33621
0.27815
0.30504
0.35374
0.28223
0.26221
0.28722
0.15836
0.21384
0.27004
0.21639
0.28342
0.31494
0.26811
0.29108
0.39043
0.32000
0.33361
0.26453
0.30803
0.27067
0.35079
0.26525
0.25762
0.31749
0.31825
0.25760
0.32712
0.39883
0.20593
0.18836
0.32777
0.21333
0.33022
0.32516
0.23189
0.24977
0.33803
0.23976
0.23220
0.30364
0.25642
0.24950
0.23004
0.23595
0.27522
0.29429
0.30436
0.30263
0.22737
0.24967
0.28804
0.27470
0.23209
0.26074
0.15922
0.30311
0.29627
0.36212
0.28626
0.29884
0.38577
0.38047
0.25559
0.20908
0.28825
0.39691
0.27746
0.21782
0.29750
0.32784
0.23221
0.24335
0.33491
0.24529
0.27390
0.22152
0.31772
0.36443
0.39794
0.29315
0.30387
0.25418
0.37552
0.31223
0.29910
0.29932
0.34483
0.28138
0.17321
0.32431
0.42829
0.25571
0.37130
0.39294
0.21965
0.27573
0.33649
0.33255
0.29003
0.24581
0.27206
0.20010
0.29501
0.28429
0.28174
0.30753
0.35360
0.26902
0.29037
0.24148
0.21628
0.22877
0.37380
0.21705
0.15107
0.32421
0.15269
0.17062
0.36713
0.15266
0.24269
0.21082
0.25388
0.23129
0.43674
0.19045
0.30243
0.37241
0.22731
0.20558
0.21332
0.24819
0.20875
0.33893
0.17482
0.36257
0.34864
0.26955
0.25157
0.20813
0.34151
0.26349
0.20716
0.34858
0.42281
0.30010
0.27323
0.34384
0.36286
0.22038
0.26525
0.27876
0.38471
0.17345
0.20203
0.24485
0.34012
0.25746
0.23871
0.26834
0.29148
0.34904
0.24650
0.27508
0.32632
0.29803
0.23816
0.22765
0.37682
0.24523
0.24620
0.26933
0.27373
0.30535
0.26671
0.29242
0.24319
0.34144
0.27587
0.23517
0.28433
0.26400
0.22184
0.24023
0.23411
0.26918
0.21946
0.04524
0.12602
0.19416
0.25919
0.28369
0.18935
0.27478
0.36712
0.18278
0.05577
0.18015
0.02746
0.31371
0.23758
0.19287
0.31123
0.10020
0.13934
0.17006
0.18679
0.07660
0.08095
0.24665
0.28776
0.17105
0.20705
0.30929
0.08348
0.28064
0.26930
0.03959
0.05440
0.13080
0.27662
0.15698
0.26508
0.21510
0.28125
0.08032
0.04580
0.05819
0.11688
0.26012
0.11991
0.18340
0.22728
0.21361
0.13115
0.26382
0.21327
0.04613
0.29391
0.07575
0.08944
0.16917
0.19252
0.21606
0.04296
0.06343
0.21181
0.21534
0.27271
0.25396
0.07393
0.06658
0.17936
0.20605
0.16529
0.17883
0.08292
0.28609
0.18136
0.09625
0.24903
0.28336
0.10157
0.15609
0.11015
0.08698
0.01703
0.14700
0.10777
0.19671
0.26625
0.26360
0.20782
0.29520
0.21787
0.15542
0.22448
0.19980
0.18489
0.08130
0.27604
0.11640
0.06183
0.14262
0.26312
0.30065
0.23842
0.07018
0.03762
0.11206
0.19810
0.18036
0.21827
0.08618
0.13012
0.29706
0.14452
0.23081
0.18203
0.01805
0.03890
0.16862
0.06765
0.07153
0.25609
0.28218
0.10512
0.06998
0.02898
0.06400
0.09507
0.23622
