0.10611
0.11471
0.05053
0.23785
0.06586
0.15611
0.22097
0.11677
0.14146
0.08725
0.22393
0.14835
0.14901
0.11371
0.13473
0.23657
0.15193
0.12177
0.04193
0.13123
0.25871
0.10970
0.12722
0.05118
0.24832
0.14316
0.10160
0.23839
0.09946
0.14599
0.17472
0.23041
0.11961
0.09667
0.07360
0.09471
0.14667
0.06766
0.11219
0.11830
0.29876
0.24823
0.11830
0.14951
0.27959
0.20388
0.19158
0.23638
0.16319
0.12358
0.09595
0.12138
0.13913
0.27078
0.09060
0.23073
0.22797
0.11680
0.13979
0.07368
0.25213
0.28412
0.10463
0.16024
0.27939
0.30008
0.06506
0.14047
0.07484
0.08018
0.13070
0.27852
0.27385
0.18479
0.28276
0.10341
0.08620
0.04719
0.22744
0.15304
0.30477
0.16026
0.30820
0.25989
0.20236
0.33296
0.09033
0.06711
0.11326
0.28045
0.32954
0.14733
0.08341
0.24542
0.07220
0.14069
0.20427
0.22731
0.19837
0.14733
0.09474
0.16922
0.11866
0.11578
0.22047
0.30264
0.13368
0.15995
0.16294
0.30332
0.01928
0.25695
0.08093
0.26575
0.10594
0.13868
0.26166
0.04872
0.06697
0.18285
0.22919
0.06564
0.27770
0.03697
0.09175
0.13464
0.27165
0.29711
0.15452
0.24552
0.09114
0.08690
0.24060
0.31308
0.09340
0.07947
0.04439
0.29136
0.26544
0.09052
0.15459
0.03689
0.29637
0.16197
0.15211
0.18940
0.08969
0.33313
0.17164
0.09477
0.17068
0.22294
0.09649
0.31906
0.31021
0.32860
0.09370
0.15673
0.15625
0.22692
0.21791
0.17272
0.28076
0.31571
0.09107
0.09316
0.30551
0.28587
0.07704
0.21534
0.04527
0.23130
0.21064
0.02971
0.07181
0.21334
0.07512
0.09110
0.14034
0.25619
0.08682
0.10082
0.21377
0.17542
0.09072
0.13846
0.20822
0.24010
0.26368
0.18365
0.10812
0.05413
0.05522
0.12063
0.11464
0.18838
0.18629
0.14702
0.09928
0.28851
0.21034
0.09360
0.19570
0.15019
0.06025
0.20925
0.06368
0.20077
0.24381
0.08999
0.23227
0.24807
0.09228
0.26176
0.26332
0.25339
0.12144
0.26077
0.17194
0.32827
0.14574
0.13763
0.06954
0.07771
0.08578
0.03490
0.14317
0.19586
0.10530
0.05053
0.23062
0.07500
0.20294
0.11834
0.04829
0.24383
0.12736
0.03447
0.09591
0.27647
0.07008
0.28420
0.11151
0.11440
0.12217
0.23360
0.10595
0.02913
0.09560
0.11803
0.09786
0.08947
0.11073
0.25207
0.15165
0.15326
0.19320
0.07063
0.07325
0.13781
0.23004
0.17265
0.19388
0.18621
0.16251
0.19679
0.27561
0.09011
0.17050
0.05174
0.12051
0.11846
0.07130
0.03063
0.32978
0.17784
0.06763
0.22348
0.17227
0.07065
0.13228
0.33597
0.11857
0.06806
0.30737
0.11858
0.19312
0.18975
0.13034
0.12526
0.10522
0.07579
0.16503
0.22294
0.14746
0.09529
0.15262
0.12024
0.17438
0.09690
0.33596
0.27138
0.25690
0.11548
0.06459
0.29805
0.28842
0.28721
0.01640
0.28254
0.11361
0.27950
0.11064
0.08880
0.10570
0.08823
0.08302
0.16394
0.23713
0.07684
0.05847
0.06233
0.27836
0.12201
0.23336
0.17952
0.22607
0.22576
0.12670
0.05793
0.24676
0.25295
0.38550
0.21550
0.29523
0.25923
0.23564
0.26476
0.26970
0.24344
0.05999
0.08404
0.12297
0.23475
0.05371
0.07241
0.20651
0.13080
0.22084
0.10141
0.15944
0.10033
0.26298
0.25702
0.23974
0.19598
0.29537
0.09583
0.11077
0.31203
0.13630
0.19562
0.07282
0.07562
0.18425
0.05133
0.24475
0.31501
0.05484
0.06964
0.12507
0.25778
0.10240
0.06462
0.05759
0.07519
0.05752
0.07215
0.18612
0.06413
0.26535
0.12053
0.15429
0.07629
0.20672
0.29109
0.19679
0.24431
0.34529
0.17087
0.28201
0.30597
0.29688
0.29434
0.28592
0.24032
0.34048
0.24993
0.24338
0.23346
0.22545
0.29579
0.18638
0.36296
0.32431
0.25422
0.24817
0.22756
0.25214
0.33732
0.27175
0.22782
0.29828
0.32865
0.21525
0.23652
0.31900
0.26389
0.23789
0.25729
0.25808
0.30781
0.25372
0.20191
0.34145
0.25480
0.22921
0.30410
0.20468
0.29846
0.35048
0.28590
0.29715
0.29846
0.28034
0.20299
0.26751
0.32597
0.20883
0.27613
0.31171
0.23849
0.27460
0.28620
0.18055
0.31389
0.23511
0.27993
0.30674
0.29348
0.24860
0.17669
0.27970
0.35361
0.13210
0.28697
0.22009
0.17235
0.21048
0.35180
0.29628
0.33257
0.14738
0.35706
0.27204
0.28536
0.34808
0.29813
0.28671
0.27279
0.22840
0.27977
0.18309
0.36232
0.28588
0.21776
0.16292
0.31711
0.21621
0.26880
0.29066
0.24652
0.35104
0.30289
0.21840
0.32024
0.29438
0.15489
0.19527
0.27269
0.16788
0.18793
0.14669
0.30202
0.34991
0.24452
0.26031
0.24482
0.27659
0.21552
0.29814
0.25663
0.26712
0.21583
0.28126
0.27561
0.22708
0.16156
0.34065
0.28108
0.20385
0.31018
0.30146
0.23838
0.34645
0.29005
0.20521
0.25618
0.18412
0.28808
0.32206
0.26064
0.28971
0.22177
0.14133
0.26656
0.19172
0.27564
0.20797
0.27265
0.30939
0.28811
0.18944
0.23430
0.29410
0.17166
0.25902
0.18634
0.26332
0.22504
0.22401
0.19156
0.30110
0.30975
0.32267
0.19439
0.19823
0.31676
0.20523
0.20618
0.21356
0.28820
0.30300
0.16848
0.17620
0.28386
0.27813
0.19424
0.15219
0.21142
0.26073
0.21414
0.24806
0.25090
0.31756
0.19323
0.23539
0.25958
0.28064
0.17254
0.25036
0.26203
0.25698
0.36734
0.18037
0.30584
0.23051
0.36015
0.30989
0.25035
0.26890
0.27176
0.27338
0.18360
0.31542
0.26753
0.23915
0.26615
0.27219
0.31784
0.21100
0.28692
0.23915
0.33512
0.20172
0.26525
0.22150
0.24606
0.28435
0.26974
0.22607
0.25073
0.23547
0.30883
0.22133
0.29867
0.21445
0.24056
0.27895
0.28015
0.27564
0.14340
0.20619
0.31150
0.31421
0.23823
0.26519
0.28339
0.24975
0.23192
0.21318
0.29657
0.28319
0.26388
0.26179
0.17786
0.27414
0.31180
0.24918
0.24920
0.23103
0.32553
0.27423
0.18695
0.21870
0.27909
0.30484
0.30091
0.26600
0.23032
0.34473
0.35709
0.13923
0.21465
0.31775
0.26694
0.27463
0.27639
0.32238
0.23292
0.19378
0.21116
0.23596
0.26665
0.35026
0.27487
0.27857
0.27679
0.23515
0.22033
0.29701
0.27398
0.15883
0.34172
0.21784
0.23359
0.33402
0.29962
0.24303
0.24390
0.21989
0.29400
0.33004
0.32917
0.26407
0.27745
0.19264
0.30219
0.32126
0.13240
0.24209
0.17228
0.23685
0.26720
0.21403
0.27161
0.24796
0.25036
0.19028
0.23927
0.23331
0.33039
0.27294
0.24423
0.20122
0.30392
0.25201
0.20692
0.19835
0.32137
0.26736
0.32112
0.24645
0.23901
0.26771
0.25227
0.23997
0.28528
0.16661
0.32124
0.25842
0.32543
0.28220
0.29411
0.34244
0.26376
0.25489
0.29622
0.16055
0.20084
0.27688
0.18510
0.28145
0.30172
0.27022
0.34351
0.38024
0.31168
0.33332
0.28600
0.32269
0.29334
0.36307
0.24909
0.24600
0.31000
0.30833
0.29297
0.31740
0.38130
0.24196
0.22550
0.34574
0.23813
0.29940
0.30955
0.23432
0.24231
0.35015
0.24224
0.26750
0.29864
0.26795
0.23909
0.22202
0.25070
0.27205
0.27847
0.29017
0.29301
0.23545
0.28392
0.28011
0.30258
0.26451
0.28860
0.12532
0.32352
0.33655
0.36101
0.31803
0.29712
0.39568
0.40808
0.27092
0.17821
0.30833
0.36299
0.28295
0.20718
0.29686
0.31292
0.24644
0.21173
0.33105
0.25738
0.26083
0.23150
0.34784
0.35581
0.39891
0.30279
0.31125
0.25473
0.38747
0.30147
0.30045
0.28688
0.35284
0.28203
0.17958
0.32350
0.44456
0.22896
0.40532
0.39556
0.21213
0.28256
0.37162
0.31441
0.28348
0.26990
0.28415
0.22376
0.26411
0.30858
0.29609
0.29188
0.39306
0.27668
0.27245
0.21584
0.20527
0.25160
0.38757
0.23659
0.11672
0.32396
0.13155
0.22133
0.41320
0.16866
0.27282
0.19981
0.24245
0.22976
0.42924
0.18763
0.31695
0.39804
0.24766
0.21469
0.23951
0.24836
0.20182
0.35271
0.16140
0.35186
0.33302
0.24837
0.24642
0.22896
0.33826
0.28810
0.21490
0.33076
0.40406
0.31505
0.30409
0.38185
0.38303
0.16943
0.24299
0.26935
0.39936
0.20725
0.20810
0.23420
0.34114
0.26529
0.26015
0.27845
0.34320
0.34595
0.21845
0.27090
0.31306
0.29970
0.29297
0.23832
0.39418
0.27724
0.28944
0.26818
0.29051
0.33640
0.26806
0.30506
0.24322
0.32953
0.26361
0.25501
0.31098
0.27808
0.25025
0.28942
0.18491
0.32590
0.21050
0.06696
0.12053
0.17813
0.22899
0.29427
0.21126
0.23447
0.35864
0.20352
0.03745
0.21347
0.03977
0.31709
0.29866
0.17398
0.24270
0.04904
0.11062
0.19936
0.24005
0.10631
0.15119
0.23965
0.27823
0.23485
0.21692
0.25990
0.05144
0.30714
0.25516
0.03741
0.05975
0.12177
0.29352
0.14779
0.24131
0.19720
0.29487
0.05860
0.06641
0.04589
0.08071
0.29814
0.13990
0.11356
0.22178
0.26198
0.16741
0.25319
0.23036
0.10419
0.24863
0.06292
0.02582
0.27034
0.19368
0.19702
0.04260
0.06296
0.20593
0.20709
0.28964
0.19891
0.01456
0.07773
0.17975
0.20889
0.11187
0.17995
0.12675
0.23959
0.11576
0.12373
0.26788
0.29108
0.07019
0.13621
0.13193
0.09185
0.01946
0.22979
0.14096
0.17281
0.27205
0.25072
0.20396
0.33004
0.23175
0.26417
0.14380
0.19885
0.17240
0.02849
0.24425
0.07419
0.07625
0.18925
0.22768
0.28627
0.25498
0.02554
0.06323
0.08324
0.17276
0.16913
0.26523
0.10130
0.17109
0.31606
0.18691
0.20633
0.08078
0.02571
0.03214
0.16488
0.04849
0.09029
0.27241
0.24319
0.06902
0.08719
0.03684
0.03676
0.06688
0.29611
