0.10186
0.10829
0.05267
0.21990
0.09535
0.14646
0.19294
0.13882
0.21648
0.05012
0.21423
0.13457
0.16477
0.12828
0.15563
0.23514
0.14060
0.13096
0.07214
0.13249
0.30750
0.17729
0.14313
0.06455
0.17543
0.14698
0.11741
0.25208
0.11599
0.19342
0.13602
0.25994
0.14458
0.09848
0.09975
0.09881
0.13835
0.11310
0.14408
0.16057
0.30851
0.25797
0.11935
0.13921
0.28356
0.21030
0.17410
0.21680
0.18777
0.18128
0.10206
0.12395
0.12674
0.29720
0.09662
0.22831
0.24765
0.11914
0.10282
0.07735
0.27463
0.27696
0.13131
0.23541
0.26277
0.31763
0.05727
0.17205
0.09280
0.05067
0.12615
0.30621
0.28243
0.16573
0.26056
0.17128
0.14029
0.05518
0.21498
0.16816
0.27877
0.17137
0.32998
0.24677
0.28129
0.35020
0.09872
0.09431
0.13359
0.24914
0.31994
0.18279
0.05483
0.28324
0.06247
0.16147
0.19974
0.20745
0.20079
0.15532
0.09936
0.17129
0.10323
0.11338
0.21120
0.29248
0.12280
0.15644
0.15682
0.25356
0.02329
0.24976
0.10892
0.24396
0.12603
0.16752
0.26779
0.05242
0.06978
0.14950
0.23788
0.10432
0.23378
0.01985
0.12280
0.13889
0.32304
0.26407
0.13375
0.26848
0.07808
0.09181
0.30379
0.35020
0.09650
0.13294
0.09772
0.27063
0.25525
0.04677
0.17964
0.04814
0.27745
0.17532
0.09639
0.27642
0.10586
0.33009
0.18366
0.10009
0.16706
0.23013
0.09882
0.31412
0.28267
0.33059
0.12815
0.13486
0.16796
0.22019
0.26930
0.26969
0.27637
0.28459
0.08667
0.09886
0.27809
0.28461
0.08759
0.24181
0.02569
0.22714
0.23424
0.02407
0.09380
0.20770
0.09398
0.06832
0.16021
0.25072
0.06225
0.12536
0.17918
0.12242
0.05300
0.21562
0.22665
0.22091
0.24989
0.20582
0.12786
0.07035
0.08249
0.14969
0.14524
0.23228
0.18689
0.16321
0.10174
0.25656
0.22149
0.09606
0.20870
0.15382
0.06509
0.22162
0.11230
0.18894
0.28340
0.12330
0.27013
0.23445
0.10753
0.26268
0.26129
0.22671
0.11979
0.26830
0.19825
0.31875
0.10349
0.21905
0.11178
0.05994
0.11605
0.06564
0.18364
0.21137
0.18397
0.07628
0.25395
0.09810
0.24578
0.12639
0.05032
0.25528
0.11549
0.04730
0.10043
0.25092
0.04885
0.30570
0.11709
0.13425
0.13696
0.20859
0.11462
0.04123
0.09271
0.11198
0.10516
0.10440
0.10031
0.24528
0.15628
0.16420
0.19797
0.07705
0.06382
0.13345
0.23464
0.18501
0.23640
0.11947
0.15869
0.28056
0.24058
0.09058
0.19818
0.06466
0.09277
0.11902
0.08193
0.03644
0.35842
0.16500
0.08271
0.18818
0.15482
0.09669
0.18037
0.31595
0.13543
0.05594
0.26085
0.12279
0.19976
0.18959
0.20867
0.16546
0.08540
0.08559
0.18280
0.23866
0.14258
0.09173
0.19582
0.18658
0.19086
0.18686
0.33465
0.30023
0.25636
0.17756
0.13197
0.28757
0.31950
0.27220
0.02747
0.28382
0.12324
0.28042
0.15446
0.11052
0.16015
0.13504
0.11227
0.17882
0.27396
0.06895
0.05339
0.04134
0.25394
0.19013
0.20680
0.22325
0.24767
0.24597
0.13405
0.05967
0.21545
0.32036
0.37490
0.23766
0.33044
0.23893
0.23580
0.27635
0.28833
0.26570
0.05483
0.06804
0.15166
0.23507
0.06966
0.06948
0.18371
0.10995
0.19068
0.11624
0.15347
0.09334
0.23406
0.26043
0.24344
0.23311
0.31301
0.13005
0.13318
0.27917
0.09366
0.18764
0.08795
0.10992
0.16054
0.10513
0.22803
0.34532
0.07365
0.07455
0.15052
0.23411
0.12768
0.04622
0.06138
0.07248
0.05509
0.13922
0.15526
0.08941
0.30118
0.19127
0.22239
0.08082
0.20796
0.29852
0.20015
0.23693
0.34071
0.16569
0.27511
0.30746
0.28694
0.29943
0.29378
0.23398
0.34976
0.26420
0.23035
0.24775
0.20864
0.26369
0.18111
0.36600
0.32890
0.23970
0.23331
0.25321
0.23617
0.34061
0.26245
0.22613
0.31734
0.33397
0.20717
0.24471
0.32884
0.26376
0.22928
0.23860
0.25716
0.30887
0.23438
0.22381
0.35211
0.23299
0.24480
0.30101
0.17682
0.30284
0.35002
0.28635
0.28905
0.28113
0.26311
0.24014
0.25593
0.33752
0.21522
0.26147
0.33499
0.24403
0.24939
0.28080
0.19147
0.26469
0.26963
0.28757
0.32063
0.29407
0.24497
0.19086
0.27860
0.37019
0.15767
0.27720
0.20798
0.19637
0.19019
0.35345
0.28738
0.32462
0.14845
0.36632
0.27067
0.27346
0.37130
0.32373
0.25355
0.28944
0.23867
0.27842
0.17941
0.34625
0.26640
0.21552
0.16504
0.32089
0.19983
0.26009
0.29891
0.24834
0.35085
0.32866
0.22723
0.32135
0.28744
0.18672
0.17646
0.27423
0.16992
0.15435
0.14213
0.29534
0.34989
0.27348
0.24966
0.23862
0.26557
0.20398
0.28476
0.24395
0.28342
0.19323
0.27826
0.25784
0.20669
0.15818
0.35831
0.29823
0.20688
0.29215
0.31802
0.23915
0.35399
0.30558
0.22162
0.27981
0.20745
0.29896
0.30606
0.26710
0.23905
0.21817
0.14589
0.30645
0.19295
0.26851
0.22893
0.25363
0.31014
0.29443
0.21521
0.24000
0.28485
0.20849
0.27782
0.19312
0.22855
0.22870
0.21245
0.17854
0.28728
0.32324
0.32057
0.23711
0.17197
0.32859
0.19727
0.20644
0.21070
0.28635
0.31416
0.16730
0.18199
0.27043
0.25567
0.20901
0.14606
0.19949
0.27497
0.21023
0.23173
0.26065
0.30690
0.17017
0.22161
0.28414
0.24537
0.18277
0.24553
0.25387
0.24408
0.37195
0.17656
0.30221
0.22958
0.36514
0.31811
0.25248
0.26461
0.26557
0.26655
0.19012
0.30559
0.25924
0.21438
0.28575
0.27096
0.33605
0.22378
0.26866
0.22372
0.34592
0.23854
0.27262
0.22265
0.25416
0.28030
0.25010
0.22259
0.22450
0.22829
0.30367
0.19036
0.30717
0.24665
0.23328
0.29341
0.28968
0.29373
0.12764
0.21156
0.31381
0.32514
0.24581
0.25367
0.29775
0.26332
0.20701
0.20928
0.31259
0.28736
0.24477
0.24986
0.17454
0.26964
0.31792
0.24854
0.25362
0.22926
0.33338
0.28015
0.18734
0.19155
0.29115
0.29000
0.26261
0.23800
0.22005
0.34817
0.34868
0.13542
0.22494
0.32787
0.25199
0.24926
0.27681
0.33904
0.22601
0.19790
0.16473
0.24405
0.23067
0.36193
0.27239
0.27084
0.25895
0.20890
0.26648
0.29533
0.28494
0.16629
0.33279
0.21984
0.23763
0.33967
0.29856
0.22311
0.23999
0.26276
0.28782
0.31042
0.33964
0.23440
0.27968
0.18934
0.26503
0.31738
0.11918
0.23586
0.19491
0.22514
0.25311
0.23338
0.26413
0.26558
0.26142
0.19670
0.23228
0.20519
0.34031
0.23914
0.22483
0.17434
0.30074
0.25496
0.23095
0.22163
0.32674
0.28906
0.33447
0.24234
0.22144
0.22933
0.25465
0.23690
0.28507
0.17773
0.32186
0.24823
0.32924
0.26931
0.30075
0.34295
0.27799
0.22132
0.27627
0.17256
0.19653
0.25610
0.21951
0.28356
0.30920
0.23359
0.30694
0.38137
0.30597
0.33421
0.26726
0.30849
0.29293
0.36592
0.22089
0.27746
0.32336
0.32257
0.25881
0.32394
0.38714
0.25040
0.23550
0.33585
0.22275
0.31814
0.32332
0.24849
0.24407
0.34936
0.23703
0.24532
0.31416
0.27063
0.23631
0.23925
0.26085
0.22265
0.28417
0.29583
0.30509
0.23533
0.28488
0.27401
0.28416
0.23217
0.27968
0.12577
0.32795
0.32250
0.35366
0.29276
0.28655
0.38488
0.36834
0.27736
0.17125
0.29068
0.38979
0.26885
0.19326
0.26175
0.33320
0.23047
0.21470
0.34371
0.25600
0.28842
0.22756
0.30517
0.34807
0.41048
0.28373
0.29456
0.26396
0.35868
0.25963
0.31540
0.26749
0.33665
0.26439
0.13643
0.33036
0.41995
0.24314
0.38355
0.40362
0.21928
0.29722
0.34449
0.31768
0.29164
0.24390
0.26953
0.20671
0.28555
0.28104
0.30330
0.30904
0.35415
0.26226
0.27872
0.23138
0.23718
0.26574
0.35613
0.19386
0.15734
0.33763
0.17627
0.14751
0.39158
0.15442
0.24727
0.19584
0.28060
0.23494
0.42983
0.19630
0.33317
0.35702
0.24667
0.20568
0.24778
0.25632
0.19704
0.31338
0.15718
0.36530
0.34878
0.22100
0.24179
0.25138
0.34331
0.27108
0.21423
0.33645
0.41719
0.30925
0.28676
0.32064
0.33815
0.21321
0.24137
0.29292
0.38401
0.20551
0.19419
0.23564
0.34309
0.25481
0.24207
0.27122
0.32279
0.33224
0.21766
0.29779
0.32091
0.30099
0.28541
0.26068
0.35964
0.25128
0.28731
0.28053
0.28919
0.32015
0.26883
0.28618
0.24170
0.32827
0.27367
0.22647
0.28013
0.26133
0.20124
0.27472
0.21867
0.33671
0.21340
0.04654
0.20267
0.20192
0.21292
0.22586
0.21108
0.23640
0.32538
0.18762
0.08090
0.22099
0.05432
0.24551
0.21339
0.14522
0.24773
0.08271
0.18361
0.18795
0.22182
0.07016
0.13300
0.21258
0.25158
0.16392
0.20733
0.27087
0.05937
0.32091
0.24934
0.06540
0.07378
0.17694
0.30174
0.20049
0.25905
0.21048
0.30534
0.08864
0.04323
0.05243
0.13303
0.29633
0.09445
0.11859
0.17739
0.30313
0.09906
0.28578
0.21680
0.05669
0.27391
0.08496
0.04065
0.26223
0.18298
0.21380
0.07616
0.04167
0.19544
0.18823
0.27924
0.23923
0.03989
0.03717
0.22296
0.20725
0.16954
0.22190
0.08724
0.27104
0.13796
0.11824
0.25106
0.25545
0.08090
0.19128
0.12869
0.03559
0.04913
0.20445
0.19238
0.19162
0.25421
0.28572
0.20978
0.30935
0.22299
0.26866
0.20879
0.22367
0.20538
0.06281
0.24766
0.14438
0.06441
0.21709
0.24556
0.30628
0.24126
0.07177
0.06524
0.06547
0.22850
0.22399
0.28532
0.12375
0.13936
0.30856
0.14828
0.23542
0.12208
0.01693
0.07294
0.17437
0.09183
0.06132
0.27033
0.20816
0.08436
0.09786
0.03174
0.07274
0.06236
0.28735
