0.11979
0.10452
0.04121
0.25967
0.08570
0.13270
0.21628
0.13589
0.18905
0.05411
0.22952
0.13671
0.13703
0.13197
0.13358
0.21984
0.14389
0.09739
0.07109
0.13967
0.28351
0.12703
0.13041
0.07942
0.16758
0.13904
0.16576
0.26373
0.13771
0.17474
0.19439
0.26581
0.13244
0.09957
0.09432
0.09991
0.12317
0.08869
0.13659
0.17471
0.29809
0.25680
0.06894
0.13259
0.27382
0.25938
0.15861
0.24722
0.16659
0.20457
0.10013
0.10177
0.15533
0.27274
0.09689
0.25326
0.20977
0.11698
0.08542
0.07388
0.27878
0.21632
0.11772
0.17760
0.29238
0.30344
0.06618
0.15642
0.11800
0.05836
0.12313
0.22597
0.32593
0.20432
0.25633
0.12708
0.07866
0.03990
0.22029
0.18086
0.26055
0.19889
0.27833
0.26128
0.29525
0.36737
0.11586
0.09575
0.14060
0.25055
0.31168
0.19602
0.06670
0.26072
0.06390
0.17786
0.23846
0.23404
0.21554
0.17291
0.09819
0.16263
0.14048
0.13870
0.23386
0.27442
0.14087
0.17052
0.17818
0.29207
0.03661
0.24129
0.05861
0.23757
0.14684
0.16991
0.25537
0.05098
0.08921
0.17644
0.25447
0.05705
0.26871
0.03736
0.08930
0.18041
0.33287
0.27645
0.15496
0.23874
0.09023
0.10415
0.27725
0.33633
0.09508
0.17169
0.08294
0.30078
0.24245
0.05385
0.19528
0.04384
0.27523
0.20247
0.15005
0.22781
0.06189
0.32841
0.18434
0.09653
0.25812
0.22487
0.13555
0.25405
0.29514
0.31026
0.14027
0.13305
0.13212
0.19049
0.30560
0.27719
0.30228
0.31531
0.09392
0.11526
0.29523
0.30738
0.08866
0.24613
0.04761
0.20618
0.24700
0.04603
0.12610
0.19464
0.08125
0.06786
0.17859
0.25262
0.11450
0.10093
0.21870
0.15457
0.09408
0.19595
0.20077
0.23368
0.22477
0.22858
0.15931
0.08063
0.08240
0.13859
0.15561
0.22539
0.17507
0.17946
0.05307
0.27676
0.24340
0.04403
0.16951
0.16880
0.05581
0.26759
0.10956
0.18343
0.24951
0.12704
0.22106
0.21717
0.09655
0.24508
0.27347
0.23788
0.11620
0.29173
0.21180
0.32995
0.08887
0.23789
0.10455
0.05753
0.11452
0.05927
0.16721
0.25622
0.17252
0.06407
0.30519
0.15131
0.22317
0.12643
0.05644
0.27227
0.11369
0.05094
0.11338
0.28794
0.09067
0.29472
0.09259
0.09936
0.16901
0.21287
0.10774
0.04392
0.09515
0.10705
0.10565
0.12261
0.11411
0.28581
0.13681
0.16346
0.19876
0.13224
0.09234
0.13559
0.18672
0.12208
0.19173
0.17974
0.13426
0.27159
0.29444
0.09114
0.21414
0.05208
0.08310
0.12529
0.07127
0.03481
0.38080
0.14889
0.07239
0.22407
0.13190
0.07109
0.15849
0.29888
0.12468
0.07675
0.28451
0.11817
0.17817
0.19279
0.15568
0.14977
0.10276
0.05729
0.20894
0.20167
0.13156
0.10701
0.14626
0.15387
0.16621
0.13445
0.30821
0.24644
0.27696
0.17872
0.14897
0.27815
0.33459
0.30617
0.03867
0.27140
0.14302
0.28982
0.17825
0.12777
0.16516
0.10781
0.10302
0.19757
0.24918
0.11176
0.09254
0.06080
0.26076
0.16773
0.16210
0.20279
0.22089
0.25532
0.12254
0.05117
0.24717
0.30324
0.34793
0.30132
0.33431
0.19921
0.24226
0.24546
0.27100
0.27199
0.07100
0.07374
0.16508
0.23894
0.05337
0.06455
0.19237
0.14894
0.23521
0.11233
0.15208
0.13658
0.24889
0.26543
0.25906
0.19195
0.29890
0.12064
0.15652
0.28298
0.07868
0.15492
0.04621
0.09119
0.20466
0.07469
0.22730
0.35127
0.07838
0.08732
0.14780
0.25338
0.11122
0.07604
0.05638
0.05448
0.09069
0.07521
0.18420
0.10643
0.26203
0.20038
0.25528
0.08083
0.23056
0.27912
0.23134
0.29824
0.34187
0.19531
0.26799
0.32517
0.33288
0.31345
0.26761
0.28603
0.34584
0.28587
0.22739
0.24303
0.24417
0.33776
0.18149
0.36175
0.31259
0.28846
0.29287
0.26704
0.29738
0.37167
0.31957
0.28346
0.26028
0.33769
0.24338
0.30204
0.27425
0.28453
0.25751
0.25368
0.32251
0.28264
0.28563
0.23087
0.34269
0.27863
0.27589
0.32090
0.19139
0.33101
0.33742
0.30940
0.33335
0.32976
0.31371
0.26247
0.33313
0.30766
0.26215
0.33790
0.29037
0.27041
0.29576
0.31866
0.20984
0.33539
0.27741
0.28388
0.29784
0.28137
0.29870
0.17850
0.25589
0.34586
0.14363
0.29604
0.23466
0.22270
0.20114
0.37536
0.31320
0.27291
0.16554
0.32545
0.26483
0.27796
0.36387
0.28128
0.31172
0.30853
0.22574
0.28905
0.20390
0.34510
0.31447
0.28191
0.17962
0.34021
0.19914
0.27527
0.26651
0.27463
0.32917
0.27815
0.21922
0.30974
0.29869
0.20894
0.21302
0.31312
0.20445
0.20088
0.15507
0.28372
0.28726
0.30718
0.30449
0.24184
0.32883
0.24721
0.31206
0.30480
0.27925
0.21298
0.28022
0.31229
0.23399
0.15350
0.35857
0.27715
0.24881
0.30238
0.29424
0.27066
0.37232
0.29249
0.23945
0.29924
0.19664
0.28002
0.32626
0.30586
0.26392
0.23042
0.17391
0.32746
0.23301
0.33153
0.23213
0.28767
0.31741
0.27710
0.21408
0.25852
0.30379
0.22747
0.31670
0.18892
0.22262
0.23258
0.23763
0.22385
0.33538
0.30126
0.30029
0.27616
0.25347
0.31549
0.22024
0.24089
0.23169
0.28907
0.29498
0.16144
0.20190
0.27433
0.28996
0.24185
0.16655
0.21744
0.27738
0.24632
0.26357
0.26835
0.32904
0.18773
0.27477
0.25981
0.29581
0.21648
0.31441
0.25548
0.27481
0.40176
0.20689
0.29141
0.20440
0.35324
0.29063
0.27993
0.28514
0.31095
0.28679
0.20670
0.31915
0.28127
0.29843
0.25560
0.25815
0.33458
0.25122
0.28602
0.24024
0.31888
0.27904
0.29850
0.23995
0.29044
0.29071
0.26559
0.21057
0.25111
0.23074
0.31632
0.19749
0.33513
0.24179
0.30878
0.27150
0.26934
0.24309
0.14710
0.26489
0.31230
0.29002
0.30570
0.32677
0.30204
0.28971
0.27525
0.27188
0.29168
0.31280
0.31052
0.27808
0.22122
0.32492
0.28905
0.27274
0.30502
0.25026
0.31715
0.29911
0.21536
0.17873
0.27858
0.26824
0.30293
0.28959
0.25292
0.33063
0.32336
0.17404
0.25336
0.30246
0.26252
0.31262
0.31302
0.33003
0.24338
0.22823
0.20486
0.27710
0.31401
0.36135
0.26629
0.30497
0.31230
0.23116
0.28494
0.27235
0.26093
0.18217
0.31488
0.21662
0.23198
0.32579
0.31143
0.28845
0.26769
0.26718
0.26940
0.35548
0.32573
0.25145
0.24869
0.21770
0.30877
0.30784
0.13290
0.30996
0.21416
0.27210
0.30848
0.23566
0.29487
0.26173
0.30869
0.22962
0.27169
0.22316
0.29729
0.29748
0.30179
0.19489
0.26964
0.24998
0.25614
0.20633
0.31022
0.27047
0.33525
0.26218
0.28801
0.31228
0.29711
0.27066
0.27312
0.16306
0.31941
0.28880
0.30413
0.27219
0.26981
0.32102
0.27263
0.31001
0.31385
0.17539
0.21116
0.31198
0.25399
0.31448
0.27968
0.32914
0.35685
0.38553
0.28724
0.33132
0.27860
0.29712
0.30779
0.34509
0.29923
0.28986
0.32956
0.30869
0.31549
0.29838
0.36114
0.23085
0.27727
0.31859
0.23000
0.31938
0.35031
0.25493
0.24043
0.30903
0.23381
0.29752
0.29489
0.30333
0.27787
0.29234
0.31105
0.29586
0.29729
0.34474
0.29305
0.25387
0.31307
0.27501
0.33939
0.31634
0.26770
0.15439
0.31449
0.34805
0.34326
0.31387
0.33892
0.39767
0.36634
0.28592
0.19268
0.31380
0.38145
0.27278
0.21257
0.31728
0.33405
0.24733
0.24798
0.33032
0.22876
0.28454
0.25896
0.31224
0.36189
0.39850
0.29162
0.31898
0.26968
0.38099
0.29540
0.29001
0.25858
0.33399
0.28955
0.18226
0.32427
0.43654
0.26357
0.38855
0.41052
0.23408
0.26793
0.35697
0.30811
0.30883
0.23675
0.27886
0.21772
0.28585
0.30778
0.31306
0.30588
0.35616
0.29711
0.29004
0.27389
0.17865
0.27442
0.38461
0.22336
0.14601
0.32560
0.18061
0.17373
0.39575
0.16306
0.22648
0.22944
0.27527
0.24892
0.44613
0.20921
0.33947
0.37540
0.24606
0.21464
0.26932
0.24854
0.23777
0.35456
0.18194
0.34656
0.34612
0.23902
0.24494
0.25994
0.32666
0.25056
0.23181
0.32782
0.42277
0.30370
0.26989
0.34743
0.37100
0.24707
0.27963
0.28401
0.38747
0.22804
0.22253
0.21987
0.33657
0.31773
0.24500
0.25890
0.32811
0.37752
0.26535
0.32811
0.34797
0.31538
0.29690
0.26121
0.37514
0.27608
0.25409
0.29797
0.30438
0.35438
0.26205
0.31310
0.23943
0.34312
0.26612
0.26280
0.30086
0.30888
0.25553
0.28791
0.19002
0.30023
0.24152
0.06590
0.15349
0.19724
0.24803
0.27432
0.21725
0.25262
0.38538
0.11064
0.06770
0.12963
0.03151
0.27480
0.23702
0.17459
0.29542
0.05679
0.12837
0.20779
0.22502
0.07713
0.15474
0.23180
0.26190
0.16820
0.20895
0.27394
0.05312
0.31518
0.23142
0.04594
0.07378
0.14372
0.26920
0.15127
0.25065
0.19208
0.31556
0.04435
0.03963
0.08758
0.06955
0.26542
0.17109
0.19191
0.17499
0.24398
0.15950
0.28672
0.21150
0.09037
0.31348
0.05771
0.06219
0.23797
0.18756
0.20640
0.08298
0.07878
0.20982
0.21562
0.25875
0.24990
0.04474
0.10043
0.16750
0.21308
0.14140
0.17418
0.12485
0.26475
0.12006
0.07703
0.24852
0.28338
0.11515
0.12854
0.20156
0.05594
0.04245
0.24732
0.19460
0.19881
0.25308
0.25552
0.20665
0.32184
0.22557
0.26400
0.23166
0.20189
0.21473
0.05201
0.27860
0.08117
0.03460
0.21692
0.21192
0.26820
0.25685
0.05066
0.05698
0.14102
0.23145
0.23824
0.28172
0.07020
0.23624
0.27291
0.12434
0.21904
0.07434
0.07561
0.02228
0.12313
0.07347
0.08572
0.26100
0.24106
0.13684
0.05641
0.02976
0.11356
0.13264
0.15305
