0.07301
0.10841
0.05404
0.22483
0.04766
0.12315
0.17179
0.11146
0.15832
0.05321
0.14923
0.12126
0.14599
0.11373
0.10853
0.22868
0.14885
0.08132
0.05051
0.11916
0.28583
0.11491
0.13528
0.06423
0.19477
0.13874
0.08954
0.21802
0.10330
0.09248
0.08995
0.20710
0.12629
0.10301
0.03932
0.09802
0.14279
0.06388
0.11778
0.12627
0.26055
0.24041
0.04895
0.11506
0.27739
0.19973
0.13259
0.20996
0.17762
0.12062
0.10314
0.15742
0.09954
0.23474
0.11756
0.22734
0.18955
0.11236
0.12760
0.05803
0.23120
0.27177
0.11888
0.23106
0.26660
0.30787
0.04041
0.16556
0.06975
0.03183
0.12798
0.29589
0.28410
0.15248
0.22336
0.08179
0.07047
0.02014
0.16961
0.21022
0.30555
0.11217
0.33348
0.27185
0.22035
0.34694
0.11098
0.06976
0.11128
0.27202
0.29836
0.16782
0.04492
0.21569
0.05727
0.16087
0.19754
0.21115
0.19957
0.14029
0.08891
0.13884
0.10375
0.10769
0.13285
0.28919
0.13241
0.17559
0.13319
0.29221
0.02250
0.21804
0.07304
0.25470
0.12087
0.13983
0.24511
0.03857
0.11556
0.16410
0.24278
0.06988
0.26600
0.01488
0.05603
0.11102
0.26040
0.26494
0.10285
0.24770
0.06288
0.09675
0.30434
0.29901
0.11328
0.09364
0.03198
0.26924
0.27797
0.03910
0.13461
0.01290
0.26632
0.12794
0.12102
0.26706
0.04506
0.31929
0.14345
0.08926
0.16327
0.23389
0.09335
0.32005
0.28107
0.28285
0.08106
0.10170
0.15340
0.14550
0.18602
0.23943
0.21376
0.30564
0.08736
0.08528
0.25283
0.24230
0.05086
0.26429
0.02500
0.18845
0.15730
0.03482
0.04916
0.18805
0.04348
0.03660
0.15159
0.27109
0.04742
0.09664
0.19983
0.09704
0.08846
0.16177
0.18585
0.21412
0.22984
0.15295
0.06267
0.03783
0.06421
0.16841
0.12805
0.19257
0.15809
0.15347
0.08637
0.30784
0.18959
0.07865
0.13737
0.15388
0.02539
0.17299
0.04531
0.18034
0.22899
0.06058
0.26861
0.17983
0.08489
0.20585
0.21122
0.23670
0.12390
0.19715
0.16453
0.33644
0.09601
0.15192
0.10119
0.06020
0.06087
0.04915
0.10477
0.14353
0.13980
0.02380
0.22253
0.05240
0.19313
0.10114
0.05594
0.26001
0.10268
0.02335
0.09748
0.25950
0.05658
0.28842
0.09590
0.09967
0.15667
0.21542
0.11238
0.02705
0.09866
0.10226
0.09870
0.09753
0.11148
0.23147
0.14684
0.14988
0.19502
0.08824
0.03748
0.13611
0.21902
0.14135
0.22593
0.11643
0.08985
0.23316
0.25411
0.11492
0.13486
0.01440
0.10333
0.11324
0.04260
0.04746
0.33378
0.12759
0.03557
0.21788
0.17367
0.07847
0.11501
0.32263
0.13178
0.03828
0.28797
0.10984
0.15305
0.15062
0.19794
0.09965
0.07313
0.07771
0.18974
0.17528
0.15971
0.09700
0.11628
0.12447
0.20053
0.12007
0.32880
0.24974
0.24474
0.15507
0.05886
0.30061
0.26661
0.31561
0.02982
0.26718
0.10935
0.28042
0.09925
0.07236
0.14305
0.09556
0.10688
0.15914
0.20546
0.04311
0.05167
0.03778
0.25368
0.10974
0.21811
0.11835
0.20183
0.20878
0.13045
0.05329
0.18954
0.26226
0.35753
0.19213
0.28320
0.20288
0.22861
0.24010
0.28008
0.26121
0.07263
0.03356
0.13977
0.23699
0.06119
0.05647
0.17884
0.12622
0.18746
0.07955
0.16240
0.06157
0.27410
0.25327
0.23098
0.20139
0.29849
0.11223
0.12876
0.28753
0.05530
0.23269
0.06240
0.05702
0.19607
0.04493
0.23970
0.32968
0.02825
0.05472
0.10964
0.25702
0.10348
0.01886
0.05351
0.04754
0.02995
0.07604
0.14081
0.05249
0.24973
0.13112
0.14880
0.06247
0.17761
0.28529
0.18049
0.27219
0.34788
0.15290
0.27787
0.29756
0.29185
0.32770
0.28544
0.26744
0.34037
0.25520
0.22521
0.26796
0.21792
0.30284
0.19675
0.37586
0.30996
0.24909
0.24893
0.25172
0.27807
0.32822
0.29924
0.24563
0.30084
0.33261
0.21829
0.27017
0.32512
0.24729
0.22195
0.22359
0.30658
0.31519
0.25065
0.19948
0.34338
0.26817
0.23828
0.32768
0.18956
0.30166
0.35058
0.28353
0.29883
0.31080
0.31859
0.22637
0.28107
0.33879
0.21216
0.28574
0.31814
0.25034
0.30510
0.29362
0.20915
0.30639
0.25250
0.28157
0.31816
0.28923
0.27360
0.17818
0.27864
0.34413
0.11462
0.26442
0.18670
0.16885
0.16233
0.35188
0.29714
0.32619
0.14235
0.35352
0.26632
0.25673
0.36924
0.30621
0.30310
0.27850
0.22734
0.26756
0.18117
0.35409
0.30118
0.22593
0.18805
0.31095
0.19398
0.25048
0.27926
0.24052
0.34833
0.33103
0.19676
0.28669
0.30210
0.15839
0.15522
0.30587
0.16285
0.19695
0.16198
0.27857
0.34517
0.28551
0.28048
0.23923
0.32184
0.20575
0.30532
0.27910
0.28713
0.22738
0.27255
0.31283
0.19038
0.15300
0.34016
0.29967
0.17039
0.30266
0.30398
0.23246
0.34760
0.30128
0.22992
0.27049
0.18438
0.27750
0.30021
0.28567
0.26686
0.21161
0.15899
0.31662
0.21537
0.28937
0.22069
0.28214
0.32258
0.28610
0.18122
0.21424
0.27571
0.19259
0.30547
0.18632
0.23715
0.23824
0.23309
0.18659
0.28479
0.31061
0.32453
0.25395
0.20193
0.33329
0.20598
0.18284
0.16724
0.28733
0.29625
0.14394
0.18143
0.27080
0.28912
0.22159
0.15444
0.20093
0.26333
0.18967
0.24158
0.26949
0.32766
0.16751
0.22747
0.26529
0.29024
0.19514
0.30453
0.27703
0.25332
0.36353
0.17940
0.29033
0.22256
0.33311
0.31585
0.26624
0.26935
0.29823
0.27165
0.17416
0.29582
0.25316
0.27611
0.28407
0.24361
0.34970
0.23566
0.28741
0.22694
0.34173
0.25041
0.27998
0.23519
0.26728
0.26034
0.27232
0.21951
0.27104
0.24517
0.28344
0.21316
0.32239
0.24810
0.26565
0.28719
0.29353
0.28945
0.13712
0.20210
0.32221
0.32814
0.26750
0.25550
0.29473
0.23034
0.22420
0.22686
0.30799
0.27550
0.28163
0.23707
0.19146
0.30670
0.31509
0.24050
0.26485
0.23790
0.33945
0.27922
0.19018
0.19413
0.29410
0.27723
0.30790
0.24123
0.21575
0.34279
0.35188
0.13906
0.23501
0.31585
0.27742
0.29273
0.29936
0.33811
0.23583
0.19343
0.17200
0.27752
0.27958
0.36270
0.29623
0.27366
0.28690
0.22539
0.24553
0.29165
0.27394
0.17287
0.33491
0.19265
0.21948
0.32641
0.30502
0.28340
0.22516
0.23488
0.28370
0.34094
0.34938
0.24482
0.27970
0.18161
0.29667
0.28783
0.12593
0.27437
0.20538
0.25853
0.29802
0.22580
0.27315
0.22953
0.27505
0.21717
0.26201
0.23894
0.34583
0.27953
0.27274
0.20005
0.30590
0.23618
0.22348
0.17713
0.29853
0.26681
0.33218
0.24808
0.23192
0.29515
0.27300
0.25799
0.25710
0.19853
0.32987
0.26100
0.34108
0.26611
0.28866
0.35653
0.24765
0.25431
0.31198
0.16787
0.19265
0.29421
0.21354
0.28352
0.31858
0.28705
0.32509
0.38296
0.31122
0.31520
0.26070
0.30298
0.29480
0.35043
0.26325
0.26236
0.32309
0.32865
0.30229
0.33403
0.38860
0.23687
0.26015
0.30915
0.22134
0.32626
0.31282
0.24856
0.26133
0.33263
0.23393
0.25294
0.31794
0.28332
0.25530
0.23553
0.26806
0.25065
0.28762
0.31662
0.28381
0.26833
0.30450
0.26418
0.31167
0.28850
0.28264
0.14221
0.31566
0.31377
0.33209
0.32155
0.29163
0.37890
0.38535
0.27948
0.19169
0.29959
0.38360
0.26850
0.17997
0.32180
0.32636
0.23622
0.20961
0.32206
0.23526
0.26613
0.21888
0.32714
0.34756
0.38396
0.30356
0.31282
0.29009
0.36613
0.29048
0.29013
0.29196
0.35602
0.30644
0.17271
0.30776
0.43896
0.24778
0.38625
0.39691
0.20051
0.31309
0.35889
0.32813
0.29621
0.23158
0.29748
0.18572
0.27727
0.27970
0.30028
0.32676
0.36183
0.29847
0.29962
0.23492
0.18187
0.27413
0.37997
0.21409
0.11225
0.33845
0.15938
0.16017
0.39191
0.12648
0.23583
0.21999
0.30139
0.24373
0.44778
0.16712
0.34208
0.38339
0.22394
0.20232
0.24608
0.25621
0.20752
0.34826
0.17023
0.36063
0.34299
0.22874
0.23317
0.24954
0.34082
0.27273
0.20699
0.35922
0.42308
0.30206
0.28590
0.34689
0.35008
0.19219
0.23984
0.28185
0.39391
0.19762
0.21723
0.22415
0.33803
0.26943
0.25007
0.28343
0.31367
0.34187
0.24089
0.29927
0.32585
0.29752
0.30515
0.25341
0.37676
0.31325
0.26534
0.29277
0.31506
0.33421
0.27121
0.31472
0.23781
0.31122
0.26585
0.23654
0.31452
0.28191
0.24458
0.30059
0.19303
0.28804
0.21915
0.04041
0.17282
0.17253
0.19880
0.27819
0.16308
0.29994
0.34343
0.17756
0.10189
0.16153
0.05057
0.31577
0.22866
0.13749
0.29846
0.03479
0.13992
0.16110
0.14622
0.07800
0.12989
0.26901
0.28032
0.22257
0.21156
0.25610
0.00785
0.31171
0.19669
0.03851
0.03557
0.07493
0.28068
0.07515
0.22074
0.22040
0.29745
0.05993
0.04343
0.02017
0.06012
0.22559
0.13355
0.06494
0.19184
0.26005
0.11394
0.26220
0.22628
0.08746
0.30695
0.05488
0.02833
0.20505
0.19172
0.23597
0.04434
0.05964
0.22600
0.19302
0.32918
0.23691
0.00791
0.10378
0.16141
0.20312
0.21319
0.19665
0.09280
0.19791
0.18069
0.12057
0.21669
0.27769
0.08667
0.07263
0.21686
0.07979
0.02213
0.22905
0.13729
0.21680
0.23171
0.32286
0.19952
0.34844
0.22508
0.24512
0.15491
0.21030
0.18712
0.02230
0.22685
0.12655
0.05432
0.20701
0.23530
0.31348
0.25439
0.05558
0.06070
0.08732
0.16162
0.19695
0.30108
0.08921
0.15406
0.29924
0.11093
0.21692
0.12574
0.02824
0.08138
0.18172
0.04293
0.10428
0.25057
0.30535
0.08180
0.09434
0.03122
0.03719
0.04427
0.23969
