0.11259
0.09894
0.09826
0.25776
0.08817
0.13359
0.25312
0.15449
0.19010
0.05833
0.18565
0.10871
0.19018
0.11736
0.16440
0.24064
0.11615
0.14318
0.09820
0.14924
0.30882
0.14900
0.15916
0.04684
0.22590
0.16287
0.10453
0.24918
0.08254
0.18512
0.17034
0.21701
0.14486
0.10997
0.09499
0.09868
0.14313
0.12284
0.12737
0.16484
0.31575
0.26943
0.11194
0.12984
0.30689
0.24222
0.18112
0.24548
0.20913
0.16107
0.09878
0.15366
0.13841
0.27459
0.10301
0.22803
0.20119
0.12037
0.15391
0.08162
0.26002
0.28568
0.13153
0.21252
0.31062
0.30066
0.07048
0.20111
0.12826
0.07201
0.13938
0.30985
0.31627
0.23438
0.26597
0.15692
0.11293
0.02667
0.21633
0.15086
0.30070
0.16514
0.30123
0.27063
0.28847
0.36859
0.09389
0.11571
0.17296
0.24408
0.34226
0.14907
0.09626
0.26292
0.09420
0.19275
0.23147
0.21976
0.20456
0.15549
0.09874
0.21912
0.13021
0.13633
0.23443
0.27967
0.17538
0.16412
0.19110
0.30425
0.08779
0.27482
0.13465
0.25423
0.11172
0.19134
0.27253
0.07242
0.06378
0.18310
0.22876
0.09616
0.29027
0.01662
0.13324
0.15066
0.30772
0.26970
0.20062
0.25391
0.12627
0.13271
0.28927
0.34003
0.10873
0.18621
0.09290
0.29633
0.25681
0.04473
0.16442
0.02994
0.29619
0.17227
0.14791
0.27173
0.14449
0.34755
0.19037
0.09535
0.19581
0.25860
0.10863
0.32444
0.31712
0.32016
0.16870
0.18345
0.14923
0.18859
0.29139
0.28419
0.27636
0.31179
0.09179
0.13280
0.31738
0.30985
0.10154
0.25430
0.08907
0.25643
0.24968
0.08640
0.10144
0.23141
0.10183
0.09463
0.20643
0.27521
0.07624
0.10853
0.18061
0.15077
0.09807
0.18873
0.24798
0.26002
0.25733
0.16830
0.13182
0.05806
0.09137
0.17962
0.14718
0.26778
0.21403
0.20542
0.10249
0.27161
0.24912
0.07995
0.24220
0.13843
0.07022
0.25638
0.13100
0.21452
0.25408
0.10761
0.27249
0.24167
0.14230
0.26498
0.26093
0.24334
0.11991
0.25262
0.23246
0.34194
0.11008
0.21962
0.11965
0.11238
0.09549
0.05948
0.19113
0.22635
0.18103
0.08725
0.25889
0.16090
0.25438
0.13257
0.04084
0.26508
0.10679
0.06286
0.10900
0.26975
0.05967
0.29610
0.09457
0.11378
0.17423
0.23875
0.11102
0.06846
0.11778
0.09595
0.12105
0.13937
0.11825
0.28015
0.14651
0.15567
0.19032
0.11303
0.07861
0.12941
0.18154
0.16886
0.21199
0.16499
0.15067
0.26502
0.30481
0.09512
0.15637
0.06800
0.08850
0.11888
0.06542
0.05313
0.36355
0.23079
0.07935
0.22929
0.16787
0.06428
0.12938
0.35543
0.10797
0.12309
0.30097
0.12790
0.22416
0.20057
0.20851
0.15227
0.08782
0.08224
0.20692
0.21035
0.15900
0.10745
0.19373
0.15643
0.17793
0.21868
0.33758
0.30203
0.24181
0.15929
0.10385
0.30824
0.33512
0.35521
0.04109
0.24547
0.14623
0.28012
0.15897
0.09708
0.14742
0.13802
0.09797
0.22076
0.22821
0.07776
0.07794
0.11382
0.27009
0.19506
0.26675
0.18460
0.22659
0.24506
0.09336
0.07977
0.30555
0.25808
0.37275
0.25282
0.32190
0.23694
0.25469
0.28174
0.27137
0.27294
0.07694
0.11318
0.15110
0.23172
0.04901
0.10105
0.21716
0.16056
0.24675
0.12514
0.17412
0.13951
0.24921
0.28711
0.25611
0.23856
0.29651
0.15062
0.16508
0.31892
0.11832
0.19709
0.05680
0.10295
0.22888
0.06174
0.23500
0.33772
0.05940
0.07962
0.15722
0.22657
0.10960
0.07742
0.07965
0.07378
0.08589
0.11979
0.20801
0.09566
0.28920
0.18913
0.20861
0.10620
0.17526
0.28516
0.20196
0.27629
0.34952
0.18750
0.26315
0.31318
0.28978
0.31119
0.27282
0.25968
0.32707
0.27184
0.24848
0.27121
0.24380
0.30877
0.19728
0.36410
0.30132
0.25642
0.26626
0.26908
0.26306
0.35068
0.30598
0.23193
0.30196
0.32851
0.19493
0.26746
0.29323
0.27523
0.24483
0.24686
0.29449
0.31154
0.25009
0.22067
0.35195
0.27473
0.23628
0.33000
0.18539
0.29709
0.34236
0.28097
0.29025
0.30281
0.26863
0.24559
0.27831
0.32866
0.23024
0.26809
0.30717
0.26272
0.28656
0.31574
0.19483
0.30847
0.26515
0.27648
0.30390
0.27961
0.28649
0.17395
0.27183
0.35149
0.13238
0.29015
0.20995
0.22702
0.21902
0.36530
0.31712
0.29608
0.17034
0.35110
0.26887
0.27202
0.36445
0.30668
0.28070
0.28639
0.24712
0.29792
0.19504
0.35581
0.27784
0.20259
0.15741
0.33034
0.21709
0.26649
0.28465
0.26774
0.34181
0.29415
0.20045
0.31689
0.27779
0.18876
0.17374
0.31590
0.18320
0.18943
0.15162
0.27961
0.32788
0.26963
0.26986
0.24654
0.29910
0.20392
0.29784
0.25010
0.27463
0.20793
0.28557
0.28396
0.19994
0.18401
0.35175
0.29082
0.21301
0.29544
0.32136
0.24273
0.37032
0.31810
0.24827
0.23436
0.21626
0.28054
0.31564
0.28418
0.25938
0.22766
0.16181
0.32010
0.23307
0.29852
0.22964
0.25244
0.30984
0.28534
0.20128
0.24760
0.29222
0.20666
0.26616
0.20596
0.24212
0.24583
0.24928
0.22947
0.32133
0.31745
0.32293
0.24772
0.22658
0.31794
0.22897
0.22785
0.23720
0.28908
0.29031
0.17341
0.19262
0.28608
0.27657
0.22366
0.17193
0.22711
0.27186
0.20595
0.22739
0.27056
0.30844
0.17754
0.25086
0.27036
0.29198
0.20407
0.28826
0.24743
0.26635
0.38774
0.19134
0.30308
0.23879
0.35157
0.29865
0.25068
0.27652
0.28495
0.28286
0.20828
0.31131
0.27942
0.23420
0.26834
0.27889
0.33714
0.26062
0.27397
0.22139
0.33944
0.21571
0.24556
0.23633
0.26602
0.27454
0.26359
0.21999
0.24812
0.24144
0.30816
0.19044
0.30179
0.24310
0.27942
0.29439
0.28860
0.29561
0.15106
0.24526
0.31325
0.31439
0.25123
0.29302
0.28153
0.27937
0.26157
0.24341
0.29526
0.29850
0.28308
0.24125
0.19774
0.26788
0.31183
0.26699
0.27355
0.22860
0.33669
0.28809
0.18834
0.19608
0.28304
0.28947
0.29947
0.29865
0.25694
0.35114
0.32518
0.15514
0.25807
0.31585
0.27222
0.26565
0.31844
0.33532
0.23343
0.19927
0.21619
0.27811
0.27311
0.34598
0.27424
0.30661
0.29403
0.23542
0.26494
0.27920
0.26145
0.17327
0.33181
0.22288
0.24417
0.34526
0.31628
0.26702
0.23428
0.25455
0.30314
0.34667
0.34121
0.25948
0.27470
0.19779
0.32020
0.30788
0.14647
0.27470
0.19872
0.25197
0.28146
0.22558
0.21533
0.24489
0.27290
0.24265
0.25378
0.24042
0.33094
0.30236
0.27780
0.20674
0.27391
0.25281
0.23917
0.20731
0.31407
0.28914
0.33995
0.26725
0.28727
0.28295
0.26336
0.22983
0.27966
0.19671
0.32399
0.24558
0.32621
0.26153
0.31540
0.34200
0.27577
0.27331
0.31581
0.18922
0.24883
0.29487
0.26324
0.28689
0.30389
0.29868
0.32492
0.37454
0.29499
0.32743
0.28169
0.29382
0.29065
0.33833
0.28316
0.28445
0.32098
0.31350
0.29722
0.31300
0.37527
0.24231
0.24759
0.30700
0.24330
0.31759
0.33644
0.23867
0.25622
0.33546
0.23601
0.26218
0.30299
0.27256
0.25099
0.26609
0.28237
0.25933
0.29324
0.33419
0.30479
0.25967
0.31771
0.27182
0.30388
0.28599
0.25536
0.15729
0.31806
0.33567
0.35428
0.32339
0.30687
0.38028
0.40410
0.28965
0.18005
0.31281
0.39060
0.27208
0.20289
0.28085
0.33229
0.24239
0.25165
0.30937
0.25622
0.27881
0.24838
0.34385
0.33605
0.38646
0.30905
0.31779
0.28753
0.38695
0.29528
0.30911
0.29370
0.34937
0.28172
0.16980
0.30490
0.44150
0.27299
0.39265
0.41024
0.22586
0.27884
0.35160
0.32090
0.28498
0.27770
0.28065
0.19847
0.29066
0.32100
0.30329
0.28033
0.38152
0.30053
0.29901
0.25038
0.23219
0.26021
0.40571
0.23736
0.11047
0.33745
0.19357
0.19702
0.40347
0.14635
0.21807
0.22654
0.27379
0.24890
0.43773
0.18586
0.34045
0.40004
0.25266
0.19858
0.26754
0.25493
0.17461
0.35008
0.17848
0.35939
0.35546
0.27230
0.24906
0.25988
0.32573
0.28603
0.20449
0.32075
0.42856
0.31003
0.29380
0.34960
0.37660
0.23786
0.26269
0.28303
0.37617
0.18569
0.24936
0.23300
0.35664
0.29184
0.23414
0.26897
0.31479
0.34560
0.23215
0.28570
0.33819
0.29671
0.28214
0.25832
0.36600
0.27135
0.23736
0.31184
0.31181
0.33004
0.26908
0.31692
0.25184
0.32708
0.26498
0.25654
0.32212
0.29908
0.22377
0.29740
0.15459
0.33095
0.17031
0.08366
0.16772
0.24181
0.25445
0.27858
0.19605
0.21817
0.36180
0.23863
0.08984
0.23710
0.04529
0.30871
0.27208
0.17374
0.23463
0.06921
0.14910
0.18423
0.19946
0.09194
0.16449
0.21762
0.24735
0.17507
0.21705
0.30765
0.09208
0.32261
0.22631
0.03420
0.09694
0.12506
0.32659
0.07268
0.21641
0.22395
0.32794
0.02750
0.09330
0.15480
0.10626
0.29669
0.17046
0.17826
0.18194
0.31048
0.22171
0.25594
0.21155
0.08939
0.28219
0.10350
0.14976
0.30035
0.18178
0.30590
0.07531
0.06345
0.19674
0.21665
0.27345
0.27276
0.06040
0.04666
0.19017
0.19794
0.22252
0.16167
0.11161
0.22902
0.17900
0.09836
0.25885
0.26466
0.19802
0.14127
0.14175
0.06753
0.02614
0.22426
0.13901
0.18866
0.23633
0.27004
0.21014
0.33332
0.22580
0.19556
0.11998
0.22694
0.21162
0.04182
0.21456
0.13820
0.06651
0.22738
0.25039
0.29484
0.27032
0.02810
0.07506
0.17688
0.22836
0.28043
0.28473
0.09338
0.22528
0.26005
0.09437
0.21548
0.09565
0.03960
0.06117
0.14243
0.06451
0.11601
0.29259
0.30978
0.13932
0.07821
0.04551
0.12299
0.07749
0.23913
