0.18842
0.15192
0.15179
0.26219
0.17743
0.18185
0.23456
0.17592
0.23288
0.09704
0.19239
0.14961
0.23991
0.14158
0.18610
0.23332
0.16276
0.18364
0.13997
0.20233
0.29152
0.19905
0.18474
0.12544
0.26300
0.21073
0.19178
0.24128
0.12877
0.21980
0.16630
0.30436
0.20341
0.11927
0.14443
0.11880
0.18357
0.17476
0.19575
0.22630
0.31967
0.26940
0.18821
0.19749
0.28681
0.24905
0.19814
0.27497
0.22884
0.20097
0.15087
0.18190
0.14302
0.30145
0.11232
0.26925
0.23842
0.16555
0.15359
0.14308
0.27493
0.31693
0.19455
0.17723
0.27611
0.30397
0.11387
0.22338
0.20574
0.13438
0.16295
0.31472
0.34069
0.22630
0.25914
0.20393
0.15234
0.07880
0.24114
0.20839
0.27400
0.19510
0.33833
0.28183
0.29146
0.36637
0.11290
0.14188
0.20596
0.25606
0.33628
0.21903
0.15066
0.27647
0.14981
0.23481
0.22097
0.23159
0.20186
0.20681
0.10604
0.18593
0.15105
0.16671
0.26232
0.28924
0.21851
0.21227
0.25022
0.29625
0.10130
0.24514
0.14192
0.22545
0.14530
0.20710
0.27231
0.13267
0.11700
0.21510
0.26227
0.12514
0.28204
0.09369
0.15238
0.19319
0.30130
0.27389
0.23557
0.23140
0.14189
0.18332
0.29236
0.32713
0.10534
0.18727
0.17223
0.28288
0.25112
0.08236
0.19752
0.07872
0.30665
0.21405
0.18653
0.28517
0.13284
0.35210
0.19395
0.09071
0.21352
0.29654
0.13099
0.32465
0.27393
0.33141
0.17859
0.20317
0.14614
0.24815
0.29695
0.29211
0.28646
0.34077
0.11580
0.17955
0.33539
0.28829
0.16090
0.30047
0.11970
0.26321
0.25980
0.09904
0.18461
0.18481
0.09702
0.11753
0.19543
0.29503
0.12456
0.13542
0.26168
0.23825
0.16122
0.22553
0.24668
0.24995
0.24931
0.20952
0.15505
0.13356
0.07755
0.20353
0.22468
0.26081
0.20166
0.18125
0.17033
0.29699
0.20340
0.16154
0.20799
0.19919
0.14082
0.26511
0.17978
0.25557
0.27204
0.12194
0.24589
0.25012
0.16021
0.25665
0.25463
0.26442
0.16487
0.30291
0.25987
0.35359
0.14930
0.26196
0.15567
0.14930
0.17213
0.10727
0.19695
0.25429
0.18204
0.10325
0.26476
0.16183
0.23835
0.17811
0.12719
0.29961
0.12359
0.12028
0.12750
0.27841
0.11025
0.30198
0.17610
0.15571
0.17046
0.22529
0.13101
0.10726
0.19596
0.15016
0.12186
0.25398
0.20843
0.27197
0.16940
0.17885
0.21163
0.11745
0.11968
0.17201
0.22217
0.21662
0.24474
0.23108
0.18865
0.27703
0.28131
0.12602
0.21779
0.12749
0.09519
0.15189
0.12529
0.10005
0.36621
0.20627
0.12055
0.22696
0.17087
0.13300
0.19992
0.32943
0.15335
0.17115
0.29808
0.13789
0.23279
0.21777
0.23950
0.19777
0.16031
0.13592
0.23684
0.25162
0.21657
0.12402
0.20973
0.22602
0.22519
0.23648
0.33526
0.30792
0.28610
0.21206
0.15010
0.29998
0.30596
0.34573
0.09644
0.28740
0.12008
0.30012
0.18771
0.15733
0.18629
0.18520
0.10657
0.24923
0.24557
0.12678
0.17774
0.12881
0.27185
0.16908
0.25741
0.19544
0.26918
0.25120
0.19712
0.10344
0.25891
0.30919
0.37064
0.28349
0.32946
0.22179
0.25079
0.29847
0.28808
0.27747
0.12607
0.15026
0.20520
0.24185
0.10755
0.12445
0.23433
0.18581
0.25249
0.20319
0.23671
0.17767
0.26771
0.26122
0.25695
0.21884
0.31202
0.20408
0.20722
0.33554
0.19469
0.25080
0.12363
0.17473
0.26150
0.08817
0.23941
0.33586
0.11312
0.15842
0.19744
0.25731
0.12394
0.11923
0.14331
0.12869
0.12809
0.16820
0.23060
0.15063
0.29165
0.20554
0.25104
0.12976
0.17618
0.29291
0.22634
0.28352
0.34333
0.20413
0.26623
0.28514
0.28639
0.31324
0.27172
0.25158
0.33151
0.26046
0.22153
0.25190
0.21511
0.29988
0.20183
0.34827
0.33971
0.24798
0.25804
0.24479
0.26009
0.34745
0.29026
0.24419
0.31519
0.30466
0.22671
0.24798
0.29683
0.24714
0.21531
0.25752
0.29641
0.29894
0.24097
0.23431
0.34166
0.25962
0.24032
0.32692
0.15305
0.28856
0.33492
0.25261
0.30640
0.29962
0.27972
0.22231
0.28423
0.34616
0.20384
0.29604
0.30476
0.25345
0.27647
0.29858
0.17920
0.29402
0.25343
0.26924
0.29885
0.28626
0.26236
0.17597
0.29528
0.35269
0.11491
0.25620
0.21032
0.19936
0.20343
0.35642
0.30241
0.29793
0.16477
0.33761
0.25928
0.25223
0.35664
0.29636
0.29655
0.25125
0.25065
0.25644
0.19481
0.33476
0.28204
0.23913
0.18080
0.29791
0.20185
0.23513
0.27358
0.25897
0.33526
0.33000
0.18969
0.32259
0.27845
0.16037
0.20142
0.28782
0.16977
0.18767
0.13854
0.30778
0.33042
0.27430
0.27379
0.24395
0.30952
0.22907
0.29023
0.26412
0.28397
0.21178
0.26446
0.27613
0.19367
0.17610
0.34129
0.28402
0.20689
0.30215
0.30392
0.24617
0.34470
0.30572
0.23778
0.27152
0.20071
0.28393
0.30410
0.27175
0.27706
0.25641
0.16765
0.33167
0.21786
0.27793
0.23291
0.26594
0.30774
0.26191
0.17344
0.23686
0.27673
0.20168
0.29675
0.19707
0.23175
0.23444
0.22736
0.20894
0.28672
0.30622
0.31178
0.24322
0.18789
0.31160
0.18957
0.20466
0.22382
0.30343
0.30972
0.16427
0.17997
0.27066
0.26713
0.20976
0.15628
0.20214
0.27417
0.23336
0.24710
0.27060
0.30670
0.17132
0.25515
0.27065
0.26265
0.19021
0.30107
0.28274
0.24080
0.36047
0.18147
0.32086
0.21763
0.35148
0.31002
0.25608
0.26042
0.29125
0.25798
0.18845
0.31136
0.28698
0.24447
0.27769
0.27454
0.34230
0.24906
0.27191
0.24418
0.33075
0.22500
0.31172
0.22064
0.27041
0.26174
0.25739
0.23199
0.24062
0.26612
0.27877
0.20980
0.30700
0.23873
0.25490
0.28512
0.26691
0.29393
0.13979
0.23605
0.31533
0.32389
0.25316
0.27975
0.31795
0.23154
0.24349
0.21329
0.28030
0.27702
0.25517
0.23013
0.20525
0.28484
0.30195
0.23755
0.27102
0.21883
0.33104
0.28101
0.19740
0.20839
0.27128
0.28766
0.28538
0.26357
0.25598
0.33228
0.34219
0.14238
0.24413
0.29937
0.27103
0.27907
0.29992
0.33085
0.22597
0.20321
0.21700
0.25676
0.28432
0.34618
0.29005
0.26950
0.27976
0.20556
0.22835
0.28819
0.26805
0.16954
0.33098
0.22918
0.23377
0.32077
0.28088
0.25619
0.22199
0.25177
0.28944
0.31990
0.32828
0.25358
0.26880
0.19103
0.30525
0.30134
0.13292
0.25091
0.19387
0.23069
0.27366
0.20995
0.25223
0.23103
0.25412
0.19041
0.20465
0.25100
0.34605
0.28001
0.25472
0.19111
0.29628
0.25708
0.23313
0.17115
0.34089
0.29709
0.33159
0.26806
0.23312
0.27831
0.24204
0.24408
0.27116
0.19231
0.32896
0.25681
0.31943
0.27163
0.29315
0.31982
0.25112
0.25785
0.29773
0.18646
0.16277
0.28418
0.22954
0.31381
0.29958
0.29353
0.31483
0.35810
0.32747
0.29412
0.23616
0.32115
0.27314
0.33570
0.25358
0.26655
0.31506
0.31166
0.29172
0.32711
0.40111
0.23304
0.26335
0.32228
0.27134
0.30888
0.31473
0.23666
0.25371
0.35082
0.22166
0.26704
0.31574
0.27205
0.25922
0.23445
0.27706
0.29075
0.29161
0.30246
0.28454
0.24696
0.28704
0.28265
0.29126
0.27445
0.28132
0.13307
0.31025
0.32310
0.36272
0.32098
0.27997
0.38570
0.39044
0.27526
0.16823
0.30777
0.37908
0.26591
0.17260
0.30204
0.32575
0.22158
0.25115
0.29937
0.24853
0.26551
0.27240
0.32943
0.33612
0.37913
0.29825
0.31839
0.28433
0.38720
0.26706
0.29376
0.30731
0.32091
0.27453
0.15626
0.31120
0.42867
0.23477
0.39124
0.39949
0.16697
0.29833
0.34992
0.31788
0.25350
0.25340
0.28964
0.23844
0.30187
0.29854
0.27895
0.31445
0.36947
0.29463
0.29028
0.20603
0.18996
0.27469
0.37695
0.20250
0.10053
0.32572
0.14481
0.14972
0.39887
0.10430
0.22446
0.19625
0.30527
0.21069
0.44216
0.17572
0.33290
0.38021
0.24864
0.18065
0.26155
0.24906
0.15831
0.34475
0.17051
0.36052
0.32723
0.26248
0.24749
0.26505
0.33244
0.28188
0.19821
0.34539
0.40887
0.29572
0.26886
0.35499
0.35822
0.22113
0.28569
0.28995
0.37277
0.16318
0.19200
0.23664
0.32676
0.27046
0.24725
0.27789
0.32191
0.36161
0.18844
0.29565
0.35089
0.25984
0.30226
0.24850
0.34085
0.30649
0.23358
0.29146
0.30330
0.30756
0.27090
0.31129
0.24788
0.31952
0.22958
0.23488
0.31618
0.29934
0.25026
0.30457
0.20670
0.31194
0.23107
0.06944
0.19399
0.24884
0.24014
0.30232
0.12998
0.25753
0.33760
0.27296
0.12463
0.17199
0.04255
0.28237
0.25934
0.18836
0.23632
0.12763
0.21703
0.22782
0.26106
0.08741
0.19089
0.19574
0.28590
0.18122
0.19770
0.25692
0.11869
0.31597
0.19203
0.05366
0.13387
0.18439
0.27300
0.13251
0.21366
0.20286
0.27080
0.13493
0.10362
0.09858
0.09548
0.26618
0.16742
0.19858
0.21847
0.27946
0.19996
0.27558
0.17904
0.09141
0.30861
0.07288
0.11077
0.28219
0.17332
0.27386
0.14742
0.13273
0.20057
0.18420
0.30499
0.23714
0.05690
0.07110
0.18912
0.22273
0.17710
0.19855
0.23463
0.31003
0.16984
0.16416
0.27481
0.29885
0.17659
0.23766
0.25171
0.11333
0.04681
0.23285
0.11671
0.15949
0.26206
0.28408
0.19662
0.30594
0.23706
0.27629
0.19069
0.20721
0.22976
0.07000
0.25990
0.12602
0.11964
0.22900
0.24841
0.28456
0.23737
0.11164
0.12337
0.21883
0.26526
0.21309
0.26652
0.17814
0.27600
0.28506
0.17917
0.23274
0.16795
0.06669
0.14411
0.19641
0.14104
0.16741
0.25520
0.27402
0.11725
0.17050
0.07716
0.20137
0.11696
0.29586
