0.11404
0.09909
0.06737
0.23864
0.08925
0.17273
0.26371
0.16139
0.17512
0.07733
0.22202
0.16318
0.16118
0.11661
0.15368
0.23121
0.12930
0.11292
0.08399
0.13997
0.29928
0.15892
0.16933
0.05843
0.24113
0.17966
0.11322
0.23983
0.09743
0.18656
0.17380
0.27007
0.16322
0.11373
0.08555
0.09828
0.13975
0.11494
0.12757
0.16747
0.27406
0.26783
0.10568
0.18390
0.26937
0.22762
0.17961
0.27473
0.20188
0.15596
0.10246
0.15629
0.13443
0.28517
0.09045
0.26142
0.25534
0.14057
0.10696
0.12592
0.27393
0.26492
0.16128
0.19604
0.26669
0.30758
0.06314
0.20184
0.11760
0.07815
0.14242
0.28402
0.30725
0.20109
0.25503
0.17385
0.09084
0.05584
0.22072
0.17243
0.30936
0.21853
0.32527
0.26674
0.27854
0.34983
0.09984
0.08035
0.16949
0.24889
0.32647
0.20496
0.06061
0.24622
0.10233
0.19763
0.20146
0.19865
0.20846
0.14201
0.09194
0.16367
0.13200
0.14199
0.22942
0.28986
0.14354
0.15238
0.16170
0.26635
0.03859
0.27063
0.13037
0.25776
0.14210
0.14875
0.23776
0.06239
0.10558
0.20497
0.22565
0.09148
0.26797
0.05253
0.09992
0.13286
0.29859
0.27896
0.19671
0.25071
0.10511
0.14452
0.31454
0.30375
0.12511
0.16102
0.08960
0.27166
0.26667
0.10549
0.19119
0.07300
0.28909
0.18734
0.16319
0.31834
0.12897
0.32808
0.20794
0.09417
0.16268
0.27332
0.12549
0.30723
0.30514
0.31745
0.12913
0.17040
0.14251
0.20859
0.23969
0.24380
0.26570
0.28480
0.12618
0.12659
0.29236
0.27529
0.11187
0.26298
0.07133
0.23661
0.23607
0.03740
0.09890
0.23812
0.06273
0.09833
0.15737
0.24499
0.09321
0.10191
0.22023
0.19907
0.12427
0.18844
0.23074
0.23868
0.25475
0.18140
0.13491
0.08689
0.05471
0.16308
0.12325
0.25354
0.21603
0.15524
0.10377
0.26122
0.22539
0.12708
0.21020
0.16446
0.05305
0.24607
0.10049
0.21637
0.25672
0.09766
0.26096
0.20869
0.13907
0.24392
0.27700
0.25791
0.11941
0.25979
0.21348
0.33093
0.12650
0.22060
0.19389
0.09090
0.09777
0.06920
0.17034
0.16797
0.16329
0.08036
0.25504
0.12531
0.28990
0.15377
0.08935
0.26948
0.10415
0.03911
0.12549
0.25949
0.08532
0.28234
0.12768
0.10519
0.14413
0.20790
0.11332
0.06782
0.16129
0.11691
0.13591
0.15116
0.11726
0.25025
0.13178
0.18640
0.18404
0.09393
0.08555
0.13021
0.21295
0.16954
0.20300
0.17547
0.17349
0.25499
0.25750
0.09934
0.18334
0.09774
0.11315
0.14142
0.09481
0.05696
0.34013
0.22362
0.07507
0.21728
0.16983
0.08210
0.14440
0.31448
0.13844
0.10114
0.28804
0.11280
0.24949
0.20788
0.17143
0.15815
0.10469
0.06863
0.22273
0.23629
0.19864
0.11733
0.20227
0.21152
0.20475
0.19731
0.30605
0.28484
0.27442
0.15981
0.09664
0.29374
0.28823
0.31388
0.05237
0.26080
0.12373
0.28392
0.12852
0.11219
0.12320
0.15764
0.13300
0.21731
0.24687
0.09743
0.08963
0.10066
0.29632
0.17952
0.27936
0.19572
0.22637
0.21880
0.15749
0.07872
0.27564
0.25010
0.35155
0.28317
0.30033
0.22204
0.25599
0.30785
0.27963
0.26070
0.08233
0.09638
0.13527
0.23006
0.06482
0.09570
0.23312
0.15456
0.22133
0.12802
0.18141
0.16011
0.29128
0.29582
0.25323
0.17200
0.28194
0.15220
0.13457
0.30765
0.06202
0.20053
0.10876
0.10461
0.21112
0.07335
0.23569
0.35348
0.08059
0.09500
0.16436
0.24361
0.11572
0.06131
0.08643
0.09721
0.09107
0.13112
0.21946
0.09011
0.29594
0.21908
0.21510
0.13376
0.15693
0.28335
0.20645
0.30118
0.33237
0.16752
0.26658
0.28581
0.30249
0.32208
0.28677
0.25375
0.34209
0.28122
0.25086
0.27608
0.21656
0.31621
0.15790
0.34208
0.29847
0.23295
0.26771
0.23361
0.28654
0.33155
0.28968
0.24928
0.31146
0.31945
0.23804
0.27299
0.30967
0.24701
0.23150
0.23323
0.30883
0.30049
0.27312
0.18681
0.31682
0.26308
0.25463
0.29712
0.19810
0.27984
0.33102
0.27751
0.31288
0.32396
0.28503
0.21769
0.29326
0.30162
0.22309
0.28931
0.29597
0.26912
0.30150
0.27826
0.19045
0.31218
0.24770
0.27587
0.30307
0.27962
0.28096
0.14693
0.24943
0.32888
0.10610
0.26136
0.18151
0.17652
0.11416
0.35401
0.28017
0.32462
0.16689
0.34568
0.25607
0.22831
0.35809
0.31156
0.29765
0.27652
0.22232
0.25271
0.15302
0.33720
0.30899
0.27697
0.16483
0.31689
0.16862
0.21357
0.28626
0.21627
0.34324
0.28665
0.19035
0.30674
0.29993
0.12619
0.18738
0.29766
0.15735
0.16816
0.16510
0.29045
0.30948
0.27228
0.29112
0.23772
0.31377
0.19834
0.32057
0.27652
0.29620
0.20480
0.28069
0.29024
0.21678
0.16663
0.32639
0.24100
0.16301
0.31561
0.30703
0.23393
0.34971
0.30212
0.19646
0.26607
0.17473
0.29339
0.28375
0.28742
0.26197
0.24040
0.16734
0.31197
0.20683
0.27863
0.18740
0.29570
0.32607
0.26327
0.17133
0.19307
0.26436
0.18792
0.28011
0.16942
0.24033
0.23947
0.20457
0.24163
0.29717
0.31775
0.31593
0.25078
0.19865
0.31877
0.20330
0.22076
0.22225
0.28827
0.28507
0.15000
0.16754
0.26941
0.29719
0.22847
0.14360
0.19903
0.25053
0.21288
0.21514
0.27853
0.33181
0.16537
0.24006
0.26372
0.29723
0.17424
0.30073
0.23083
0.23369
0.37964
0.16934
0.28466
0.21075
0.34758
0.30739
0.23541
0.25872
0.29833
0.25358
0.16764
0.27126
0.25862
0.27797
0.26913
0.25350
0.32219
0.21770
0.28090
0.21848
0.30266
0.24777
0.26557
0.22394
0.27631
0.27973
0.25137
0.19467
0.26581
0.20771
0.27620
0.20708
0.29808
0.20725
0.28769
0.28776
0.28902
0.25610
0.13315
0.23776
0.32066
0.30276
0.26087
0.29099
0.29176
0.24878
0.26183
0.24401
0.30458
0.27022
0.29341
0.23594
0.15420
0.29371
0.29346
0.22022
0.28199
0.18533
0.30996
0.29346
0.19296
0.20870
0.28148
0.28311
0.30204
0.27085
0.25842
0.33525
0.34775
0.14358
0.21527
0.28976
0.27464
0.27699
0.28536
0.32625
0.19978
0.20845
0.14337
0.27071
0.28704
0.35093
0.26826
0.26078
0.28565
0.21288
0.25498
0.29379
0.26414
0.16955
0.32705
0.20365
0.22312
0.32074
0.27311
0.27064
0.22522
0.26144
0.28378
0.33665
0.33770
0.24006
0.28206
0.17862
0.32441
0.29721
0.12629
0.26410
0.18888
0.23962
0.30959
0.21337
0.26527
0.24498
0.24538
0.20834
0.23780
0.23071
0.33727
0.26684
0.27028
0.18337
0.27514
0.24166
0.22520
0.20048
0.29564
0.26315
0.28003
0.24872
0.25193
0.28854
0.24456
0.25578
0.24073
0.17263
0.28819
0.24140
0.32984
0.26942
0.26660
0.32609
0.24291
0.27732
0.30926
0.18302
0.21953
0.29959
0.22146
0.30248
0.30075
0.28589
0.31512
0.37369
0.30375
0.31318
0.26059
0.29442
0.25488
0.34539
0.24564
0.24817
0.32170
0.30448
0.30632
0.28625
0.35249
0.20234
0.24627
0.32674
0.21602
0.32438
0.32779
0.22926
0.25998
0.33533
0.23537
0.28198
0.28828
0.25937
0.25603
0.26215
0.29768
0.29116
0.27827
0.32764
0.27673
0.27507
0.31086
0.26513
0.31607
0.28940
0.27612
0.12248
0.33178
0.33053
0.34973
0.33950
0.29910
0.39761
0.38647
0.29895
0.16402
0.31963
0.38273
0.26756
0.17812
0.32101
0.33671
0.22852
0.24691
0.30770
0.26621
0.26952
0.24236
0.32624
0.33526
0.38838
0.27711
0.31133
0.27779
0.38550
0.31234
0.28787
0.32278
0.33507
0.26210
0.16247
0.31813
0.43742
0.24590
0.39108
0.41304
0.19494
0.29017
0.35190
0.32234
0.30267
0.27289
0.28436
0.24501
0.28896
0.30959
0.27488
0.30014
0.36498
0.29802
0.29580
0.24425
0.20682
0.28012
0.40606
0.23616
0.10273
0.33767
0.12790
0.20587
0.39222
0.15383
0.24335
0.21333
0.29406
0.22577
0.41700
0.17836
0.34533
0.38754
0.24672
0.21451
0.28030
0.25124
0.20890
0.35836
0.16004
0.33943
0.34512
0.27343
0.25179
0.26690
0.33429
0.28603
0.19313
0.34807
0.40475
0.30868
0.28323
0.34953
0.35351
0.23904
0.24437
0.28259
0.37448
0.16275
0.20983
0.25098
0.35347
0.29790
0.25787
0.28383
0.30117
0.34248
0.22384
0.31932
0.35463
0.28310
0.29667
0.24651
0.35989
0.31334
0.26473
0.30597
0.28976
0.33432
0.25319
0.29743
0.23151
0.31180
0.24501
0.26683
0.32618
0.28069
0.25848
0.29048
0.22152
0.34644
0.18421
0.03199
0.10151
0.22926
0.20923
0.27991
0.21777
0.25202
0.35102
0.22005
0.10618
0.22255
0.07041
0.33002
0.24707
0.19145
0.28602
0.08610
0.16708
0.19544
0.21094
0.06493
0.16495
0.25928
0.23327
0.23568
0.20311
0.25324
0.09999
0.33393
0.18536
0.05397
0.07292
0.12268
0.30270
0.19284
0.26729
0.22336
0.29283
0.12681
0.07913
0.08592
0.07588
0.25510
0.09751
0.17695
0.25112
0.30334
0.12308
0.30988
0.21191
0.09730
0.29970
0.07709
0.09319
0.27821
0.19864
0.26567
0.09106
0.10082
0.18764
0.20240
0.29388
0.23997
0.06287
0.04543
0.19409
0.20517
0.21066
0.21475
0.13727
0.23672
0.19312
0.14649
0.27471
0.26444
0.12301
0.16261
0.14540
0.08172
0.07245
0.24998
0.18488
0.19370
0.25181
0.26892
0.20142
0.33612
0.23760
0.24035
0.22730
0.22070
0.19769
0.00585
0.26219
0.10909
0.06130
0.22611
0.22976
0.25961
0.27688
0.08942
0.09955
0.14303
0.20855
0.24408
0.28073
0.08953
0.21779
0.33494
0.18617
0.24475
0.11055
0.06566
0.04673
0.20223
0.09698
0.10102
0.23501
0.27814
0.08402
0.11048
0.05018
0.07390
0.10927
0.29272
