0.10837
0.11378
0.07871
0.24536
0.08142
0.13835
0.24164
0.13995
0.18895
0.06312
0.20056
0.14603
0.12997
0.11837
0.11113
0.22585
0.12662
0.10481
0.04892
0.15993
0.30785
0.12067
0.14595
0.02873
0.25938
0.14292
0.12388
0.26462
0.07812
0.18326
0.15553
0.24379
0.13621
0.12158
0.07151
0.09518
0.14876
0.08311
0.14051
0.14716
0.28005
0.26982
0.12049
0.15150
0.26534
0.22721
0.17405
0.20162
0.16100
0.12341
0.09877
0.12531
0.12912
0.28268
0.08770
0.18035
0.23221
0.15244
0.15827
0.06868
0.28621
0.27344
0.14413
0.21019
0.26917
0.30433
0.04871
0.13446
0.09185
0.07110
0.14008
0.30749
0.26990
0.18098
0.25618
0.07927
0.05852
0.02465
0.21185
0.14915
0.31747
0.14257
0.27784
0.28161
0.26528
0.33229
0.09130
0.10544
0.12821
0.27113
0.30021
0.12210
0.06348
0.26476
0.05858
0.13531
0.20344
0.20479
0.20615
0.16256
0.09057
0.19673
0.11207
0.12018
0.24022
0.26980
0.13266
0.15461
0.14085
0.30167
0.02946
0.28446
0.08521
0.21675
0.12332
0.14872
0.27248
0.04015
0.05597
0.14237
0.22140
0.06653
0.28648
0.03174
0.08105
0.14365
0.28362
0.28183
0.16202
0.26592
0.10138
0.07620
0.29360
0.32771
0.10608
0.14433
0.05659
0.28665
0.25781
0.05863
0.17209
0.05238
0.29375
0.16034
0.11268
0.26019
0.08265
0.34125
0.16769
0.08932
0.17626
0.25175
0.10716
0.31765
0.33321
0.32035
0.10181
0.20756
0.15569
0.20143
0.25717
0.26872
0.26772
0.29333
0.09645
0.10788
0.28495
0.28192
0.05620
0.24610
0.04487
0.22528
0.24907
0.02658
0.10380
0.21011
0.06907
0.05394
0.16619
0.25654
0.08981
0.12013
0.20844
0.11763
0.09838
0.18413
0.20729
0.24636
0.26540
0.19312
0.12081
0.05594
0.08044
0.14974
0.12252
0.26254
0.18621
0.16009
0.10467
0.27633
0.20559
0.05694
0.19983
0.16832
0.05062
0.24516
0.10208
0.19140
0.22800
0.10609
0.26437
0.23380
0.08297
0.24473
0.25673
0.24040
0.11952
0.25042
0.18386
0.32819
0.11573
0.21610
0.13123
0.05680
0.08095
0.03522
0.14506
0.15501
0.15759
0.10281
0.22649
0.10454
0.29866
0.10294
0.06214
0.29442
0.12163
0.07974
0.10675
0.27866
0.05890
0.30422
0.09328
0.12584
0.15256
0.22746
0.11167
0.05290
0.10073
0.10907
0.09525
0.10973
0.10420
0.28138
0.14621
0.15568
0.20940
0.10591
0.10981
0.13341
0.23402
0.13783
0.21596
0.15405
0.14222
0.23396
0.28920
0.08529
0.19189
0.06209
0.07998
0.11261
0.05045
0.04653
0.34083
0.15729
0.05305
0.18208
0.14513
0.07255
0.15820
0.34007
0.17073
0.09572
0.29202
0.12060
0.19844
0.17642
0.16037
0.10727
0.07984
0.09748
0.18064
0.19698
0.13569
0.09812
0.18300
0.13270
0.13347
0.11512
0.32680
0.24342
0.26883
0.14416
0.12332
0.31198
0.32405
0.32933
0.03766
0.23116
0.14206
0.27907
0.13032
0.08847
0.13423
0.09776
0.10114
0.16607
0.24180
0.05586
0.10277
0.08772
0.24078
0.15943
0.27181
0.13377
0.24449
0.24826
0.14816
0.05715
0.23393
0.27001
0.35304
0.22614
0.32038
0.24968
0.24893
0.28927
0.28883
0.26932
0.04879
0.08261
0.14455
0.22965
0.05494
0.05450
0.19822
0.14228
0.21733
0.13956
0.17671
0.11200
0.28735
0.28470
0.23983
0.21524
0.33081
0.09801
0.13577
0.31771
0.09277
0.22166
0.06218
0.06270
0.16484
0.03500
0.25125
0.30022
0.05958
0.09772
0.12358
0.21327
0.13370
0.04274
0.07784
0.05694
0.07576
0.10646
0.19142
0.07114
0.27663
0.15432
0.18794
0.08575
0.16475
0.29162
0.19325
0.26932
0.35344
0.15331
0.28958
0.30527
0.28384
0.30351
0.28595
0.22257
0.35423
0.26337
0.24978
0.25785
0.21963
0.28596
0.17294
0.37295
0.32624
0.23672
0.25160
0.23181
0.22976
0.34573
0.26842
0.22629
0.32010
0.35001
0.20983
0.25706
0.31802
0.26450
0.24804
0.25617
0.26799
0.31218
0.24077
0.23206
0.35184
0.23423
0.23860
0.30357
0.17379
0.30570
0.35819
0.29136
0.27960
0.29904
0.26766
0.23673
0.29049
0.33444
0.20218
0.27677
0.31687
0.23377
0.27845
0.28772
0.17447
0.28922
0.26121
0.28359
0.31484
0.29677
0.26265
0.19905
0.28815
0.36195
0.13057
0.27383
0.20446
0.16491
0.16151
0.35409
0.29656
0.31421
0.15447
0.34484
0.26696
0.26397
0.36500
0.32651
0.28961
0.28482
0.22992
0.28253
0.19102
0.35823
0.29179
0.23882
0.18104
0.32319
0.19391
0.26504
0.29889
0.25358
0.34760
0.32123
0.22109
0.32550
0.31490
0.14625
0.18370
0.27301
0.19551
0.18614
0.15571
0.26512
0.34170
0.26893
0.25996
0.24270
0.28631
0.21884
0.30498
0.24114
0.27590
0.17826
0.28203
0.27010
0.21798
0.17576
0.34545
0.29511
0.16778
0.25428
0.31839
0.23681
0.33686
0.30730
0.23992
0.26940
0.20354
0.28707
0.30562
0.25881
0.23837
0.23825
0.14988
0.30389
0.19753
0.27616
0.22917
0.27683
0.31447
0.29988
0.19370
0.23580
0.29170
0.21157
0.28804
0.18551
0.21923
0.22014
0.22999
0.18444
0.30576
0.31724
0.32320
0.24975
0.16785
0.31860
0.19653
0.19431
0.19710
0.30873
0.27379
0.16292
0.17518
0.26023
0.27226
0.19544
0.14269
0.22948
0.26071
0.21316
0.25092
0.24402
0.31430
0.17776
0.21798
0.26158
0.27790
0.20293
0.26393
0.24555
0.24649
0.36706
0.17476
0.26093
0.23072
0.35568
0.31543
0.24612
0.26951
0.28470
0.26664
0.17287
0.29868
0.25595
0.26412
0.28479
0.27832
0.34024
0.26751
0.28687
0.19966
0.33767
0.23270
0.27014
0.21584
0.24411
0.27545
0.23489
0.19516
0.25687
0.21176
0.31211
0.19266
0.31946
0.24719
0.26459
0.30675
0.28939
0.29273
0.13168
0.21807
0.32706
0.33029
0.25019
0.26763
0.29192
0.27284
0.25026
0.18111
0.30518
0.29478
0.26245
0.23771
0.18261
0.27100
0.31470
0.25649
0.24819
0.22382
0.32645
0.26776
0.17537
0.14516
0.27868
0.28405
0.28760
0.23964
0.22086
0.34956
0.35084
0.13837
0.23404
0.31229
0.24822
0.24689
0.30272
0.33291
0.23288
0.18141
0.19593
0.25813
0.27002
0.36375
0.25995
0.26700
0.28040
0.23781
0.26101
0.29907
0.28517
0.15967
0.33347
0.20678
0.24648
0.33537
0.30376
0.24951
0.23634
0.23725
0.29202
0.30849
0.33924
0.24769
0.28740
0.18558
0.28505
0.32135
0.11820
0.25342
0.18097
0.22229
0.26544
0.23512
0.25527
0.23947
0.23510
0.21481
0.21793
0.22790
0.33785
0.26913
0.25872
0.18129
0.30312
0.24556
0.22940
0.16606
0.32678
0.28497
0.33308
0.23740
0.23217
0.27119
0.26470
0.25075
0.27193
0.17279
0.32574
0.26215
0.32849
0.27830
0.30263
0.34228
0.26913
0.25127
0.29763
0.16192
0.16390
0.30091
0.18873
0.29099
0.30619
0.24788
0.31266
0.38806
0.31358
0.33259
0.27382
0.29388
0.30127
0.35212
0.21897
0.27344
0.32814
0.32323
0.29923
0.33080
0.37438
0.23397
0.25838
0.33092
0.21514
0.32121
0.31981
0.24356
0.25421
0.33336
0.23747
0.25704
0.32358
0.25988
0.24927
0.22867
0.26043
0.26187
0.28247
0.29656
0.29338
0.23553
0.30480
0.27113
0.30317
0.25884
0.23504
0.12373
0.32640
0.32292
0.36019
0.30471
0.31399
0.37939
0.38957
0.28537
0.19809
0.31299
0.38087
0.27916
0.21539
0.30041
0.35621
0.25661
0.23298
0.33026
0.26473
0.26964
0.23646
0.31332
0.34953
0.38872
0.26207
0.30952
0.25587
0.37255
0.30494
0.30703
0.27810
0.34442
0.28101
0.16322
0.32536
0.43216
0.24978
0.38650
0.39447
0.21399
0.25312
0.33497
0.30094
0.29359
0.26833
0.27240
0.21269
0.28024
0.30857
0.28732
0.26557
0.35084
0.28241
0.27602
0.25311
0.20203
0.28309
0.36257
0.21590
0.14044
0.36639
0.11380
0.21913
0.37508
0.19096
0.28301
0.21906
0.26768
0.23273
0.43545
0.19809
0.31528
0.37027
0.23856
0.24074
0.25954
0.23270
0.21416
0.33181
0.20206
0.36792
0.36551
0.23482
0.23918
0.23511
0.34883
0.25810
0.20926
0.33944
0.41437
0.28611
0.27530
0.34033
0.35759
0.21013
0.26938
0.28420
0.39832
0.21476
0.23863
0.22165
0.34603
0.26606
0.24303
0.26745
0.31322
0.34828
0.23011
0.28516
0.32513
0.29310
0.27750
0.24506
0.35819
0.29034
0.28662
0.27058
0.29251
0.30362
0.25610
0.28777
0.23995
0.33146
0.26008
0.22696
0.31327
0.29379
0.23784
0.28915
0.22046
0.31148
0.23490
0.03323
0.15912
0.22926
0.13113
0.30042
0.22075
0.22885
0.37161
0.15529
0.03613
0.15768
0.02448
0.29588
0.27716
0.19297
0.29545
0.02070
0.12417
0.13489
0.17520
0.05509
0.09021
0.15228
0.26848
0.23265
0.21121
0.26229
0.08268
0.30834
0.23170
0.02549
0.08930
0.08722
0.29955
0.12618
0.24376
0.21378
0.31210
0.03892
0.07071
0.07457
0.07371
0.30125
0.11436
0.08885
0.23077
0.24831
0.14211
0.29576
0.21744
0.07311
0.28703
0.07971
0.10832
0.30042
0.19397
0.24202
0.11177
0.08012
0.20479
0.17592
0.29781
0.25502
0.06385
0.06826
0.19553
0.20324
0.19083
0.21313
0.11391
0.17089
0.19904
0.09861
0.22378
0.31747
0.10801
0.11046
0.13452
0.06064
0.06190
0.27884
0.11832
0.18881
0.23338
0.23282
0.19461
0.31671
0.20821
0.26112
0.12030
0.22580
0.23112
0.03616
0.23621
0.09943
0.10022
0.19437
0.24862
0.30338
0.24719
0.06948
0.05960
0.12560
0.21032
0.24364
0.30342
0.09898
0.13685
0.31977
0.13159
0.23447
0.12020
0.03382
0.06797
0.15519
0.03002
0.11986
0.26695
0.27781
0.11020
0.08016
0.03762
0.09351
0.03827
0.26781
