0.07833
0.09398
0.05076
0.26317
0.06562
0.12386
0.25681
0.10729
0.11687
0.03686
0.14778
0.12361
0.13547
0.11682
0.05083
0.21752
0.11442
0.09315
0.05438
0.12580
0.29827
0.08785
0.12174
0.02028
0.23037
0.10534
0.09344
0.21354
0.07216
0.12341
0.08333
0.23998
0.12573
0.09351
0.05030
0.09688
0.13334
0.07272
0.09665
0.11781
0.25419
0.27756
0.06789
0.11526
0.29522
0.21649
0.13498
0.20821
0.16370
0.13195
0.09283
0.10813
0.13431
0.26044
0.08884
0.20463
0.21226
0.09342
0.08751
0.05303
0.25847
0.27239
0.09799
0.22196
0.26939
0.31248
0.02036
0.12618
0.05516
0.02783
0.12226
0.32608
0.27593
0.17575
0.21734
0.04953
0.06157
0.01926
0.19601
0.16539
0.32480
0.15000
0.33240
0.27625
0.22700
0.34625
0.10300
0.06916
0.09132
0.24722
0.34226
0.13962
0.05324
0.23333
0.05438
0.17603
0.17345
0.20224
0.21967
0.13185
0.09155
0.17902
0.11196
0.12540
0.17154
0.29722
0.13569
0.15995
0.14642
0.26887
0.01139
0.24582
0.06816
0.23898
0.10273
0.10475
0.26784
0.03445
0.05749
0.11311
0.22581
0.05295
0.25476
0.03460
0.07024
0.09753
0.28781
0.26637
0.13465
0.28012
0.05096
0.12846
0.31139
0.34073
0.11781
0.10637
0.04462
0.27035
0.28073
0.02948
0.12724
0.03182
0.30198
0.13007
0.15369
0.25333
0.11239
0.33075
0.13628
0.09024
0.16185
0.24723
0.11037
0.30175
0.29139
0.31638
0.08556
0.10980
0.14897
0.16685
0.21647
0.21282
0.25114
0.29849
0.09273
0.06155
0.25374
0.25270
0.02777
0.20821
0.03695
0.19369
0.17525
0.00515
0.07237
0.17865
0.04183
0.04126
0.14042
0.24715
0.08322
0.10658
0.22895
0.11968
0.09753
0.16963
0.17946
0.27194
0.26787
0.15644
0.08465
0.08458
0.02106
0.15056
0.08954
0.22961
0.20850
0.14850
0.04079
0.23240
0.12867
0.03794
0.12676
0.11169
0.03117
0.20169
0.05480
0.18055
0.23105
0.10947
0.24384
0.20879
0.09389
0.24075
0.29213
0.23108
0.11947
0.24041
0.24399
0.35356
0.07424
0.14330
0.07893
0.03367
0.04419
0.04176
0.11360
0.17446
0.14563
0.03184
0.23872
0.07208
0.22147
0.08745
0.08624
0.22184
0.10808
0.03226
0.11004
0.24404
0.09319
0.28995
0.07059
0.11148
0.17326
0.19497
0.10952
0.02372
0.05759
0.11376
0.10262
0.07858
0.06752
0.23421
0.14014
0.14560
0.17079
0.04467
0.06009
0.14570
0.16667
0.12953
0.18629
0.14322
0.09638
0.20822
0.29843
0.09902
0.12910
0.04203
0.03011
0.12002
0.05254
0.02742
0.34374
0.10514
0.03008
0.18437
0.16419
0.06681
0.10682
0.33283
0.13106
0.05759
0.30542
0.12302
0.24118
0.14428
0.13894
0.12027
0.07793
0.03882
0.13470
0.15742
0.14128
0.09078
0.08555
0.12364
0.12450
0.09283
0.32786
0.27467
0.28628
0.11533
0.04817
0.31183
0.29113
0.31094
0.02658
0.27883
0.12100
0.22814
0.09978
0.05848
0.10208
0.08627
0.12133
0.18357
0.22438
0.04308
0.04290
0.04738
0.25094
0.15854
0.19497
0.12142
0.22388
0.20042
0.07318
0.06517
0.24719
0.27137
0.35809
0.19443
0.28152
0.15840
0.24184
0.28572
0.28326
0.22716
0.04981
0.05035
0.08040
0.20558
0.02790
0.03115
0.20549
0.06863
0.21196
0.07207
0.12997
0.08808
0.27200
0.26672
0.22310
0.14646
0.27170
0.09911
0.16794
0.30060
0.03208
0.16326
0.02378
0.10066
0.16290
0.03977
0.22523
0.29883
0.05231
0.04993
0.12273
0.27716
0.11096
0.04512
0.07432
0.05495
0.03160
0.05851
0.14321
0.05808
0.29394
0.15506
0.12201
0.05936
0.17854
0.28008
0.21445
0.26144
0.35693
0.21795
0.31021
0.30814
0.27828
0.30874
0.27751
0.25920
0.36223
0.25462
0.25520
0.25618
0.22667
0.29343
0.19154
0.36957
0.34198
0.26870
0.27944
0.25546
0.26250
0.35114
0.29123
0.22660
0.31870
0.34091
0.23280
0.26547
0.33904
0.29237
0.27192
0.24707
0.28665
0.28768
0.26918
0.23796
0.34306
0.24763
0.24131
0.31554
0.21038
0.31450
0.35834
0.29393
0.32284
0.29652
0.28534
0.24780
0.28139
0.34558
0.23593
0.27991
0.30957
0.27407
0.30111
0.29988
0.18932
0.29676
0.26471
0.28096
0.31112
0.27665
0.27071
0.18585
0.28763
0.34712
0.16404
0.28378
0.23008
0.19316
0.21064
0.36395
0.31027
0.33066
0.18126
0.33797
0.27014
0.29536
0.36253
0.28736
0.28925
0.28939
0.24618
0.28615
0.18848
0.37605
0.28104
0.21660
0.16174
0.33340
0.20533
0.26412
0.28161
0.23994
0.34611
0.30876
0.19606
0.32801
0.31965
0.18137
0.17577
0.27978
0.18827
0.19105
0.16609
0.29856
0.31529
0.28210
0.27434
0.25319
0.29599
0.23392
0.28857
0.27962
0.28101
0.14685
0.26915
0.27574
0.23580
0.21098
0.35133
0.26579
0.22233
0.29315
0.31031
0.26208
0.36224
0.30372
0.23438
0.27445
0.21306
0.28253
0.30048
0.29924
0.26235
0.25145
0.17013
0.32729
0.24660
0.28606
0.20551
0.26421
0.31211
0.30392
0.23658
0.25324
0.29111
0.19808
0.28465
0.20460
0.23228
0.23915
0.21554
0.21967
0.30352
0.31680
0.31218
0.23078
0.22385
0.31951
0.20361
0.21259
0.21337
0.30419
0.30298
0.18759
0.18219
0.24992
0.28675
0.22351
0.17365
0.23006
0.26988
0.23502
0.24161
0.27202
0.30935
0.17447
0.22598
0.27053
0.28859
0.19478
0.30614
0.25294
0.23981
0.35935
0.19424
0.29964
0.23132
0.36782
0.31778
0.26275
0.26152
0.31922
0.27249
0.17597
0.30871
0.28338
0.24660
0.29318
0.27042
0.34330
0.23650
0.30321
0.22144
0.33157
0.23477
0.28030
0.23492
0.26469
0.26294
0.25417
0.21885
0.26228
0.25964
0.31876
0.21757
0.31406
0.24556
0.28457
0.29062
0.29595
0.30925
0.14552
0.22437
0.34023
0.30981
0.25053
0.25555
0.30262
0.25386
0.25469
0.20200
0.30354
0.30133
0.27675
0.25018
0.18688
0.28320
0.31098
0.27802
0.24497
0.19902
0.31145
0.28825
0.18727
0.17858
0.27319
0.29976
0.27845
0.26517
0.25247
0.34809
0.34969
0.15322
0.24990
0.31320
0.27186
0.26225
0.31291
0.31518
0.23443
0.21375
0.18900
0.27306
0.28352
0.35774
0.30184
0.28575
0.29126
0.25094
0.26635
0.30334
0.28029
0.18667
0.31912
0.23695
0.20155
0.32812
0.30576
0.25652
0.25040
0.26757
0.28488
0.33291
0.33336
0.21283
0.28355
0.19317
0.30635
0.31865
0.13455
0.26700
0.19029
0.24845
0.29025
0.24567
0.26546
0.22809
0.27152
0.20986
0.23804
0.23840
0.33695
0.27814
0.25346
0.18474
0.26417
0.24894
0.24532
0.20043
0.32357
0.30801
0.32777
0.24650
0.26086
0.28194
0.25121
0.24587
0.25844
0.17150
0.32181
0.25871
0.33236
0.27769
0.29109
0.34133
0.27098
0.27325
0.29148
0.15896
0.22302
0.29337
0.21832
0.29074
0.29372
0.28074
0.32811
0.36438
0.31337
0.33307
0.28912
0.32026
0.29912
0.37125
0.24308
0.27682
0.31837
0.31956
0.29303
0.30611
0.38437
0.21300
0.26166
0.34208
0.23916
0.29645
0.32923
0.26713
0.24340
0.32170
0.22228
0.25643
0.32556
0.28862
0.22660
0.25519
0.27470
0.28994
0.27271
0.31091
0.28422
0.26119
0.31004
0.26720
0.30564
0.27208
0.28198
0.14524
0.33903
0.34044
0.36336
0.33944
0.31068
0.41536
0.39134
0.28537
0.18071
0.30295
0.39095
0.27370
0.20098
0.30482
0.34857
0.22979
0.23566
0.32280
0.24114
0.26244
0.26286
0.34454
0.33809
0.37820
0.32966
0.29596
0.27457
0.39107
0.28981
0.30070
0.31861
0.37663
0.28998
0.18735
0.30400
0.44935
0.24890
0.40084
0.43500
0.22250
0.31812
0.35994
0.31045
0.31408
0.26074
0.29609
0.23575
0.28720
0.29349
0.29247
0.31879
0.38692
0.28838
0.30259
0.25814
0.17924
0.26875
0.38617
0.19572
0.13696
0.33222
0.17374
0.20983
0.39899
0.18288
0.22607
0.23079
0.27224
0.24678
0.47346
0.20166
0.34170
0.38232
0.25216
0.21941
0.24684
0.23893
0.22714
0.35981
0.19911
0.34776
0.32894
0.25374
0.26905
0.27970
0.35107
0.27240
0.23164
0.35010
0.43886
0.32847
0.28678
0.36241
0.36808
0.25127
0.25984
0.27243
0.39228
0.21027
0.22375
0.27029
0.38744
0.29852
0.25953
0.30115
0.35457
0.33752
0.20989
0.29548
0.34556
0.31789
0.27548
0.25177
0.35972
0.27994
0.27923
0.31377
0.32958
0.32391
0.26909
0.30639
0.24104
0.33657
0.24084
0.24917
0.31791
0.31643
0.25568
0.31295
0.09621
0.33551
0.22860
0.07931
0.13875
0.18908
0.16757
0.25473
0.22237
0.22888
0.37142
0.24932
0.04231
0.13403
0.01492
0.26317
0.24895
0.19546
0.32233
0.04762
0.09489
0.18142
0.17940
0.04978
0.06940
0.24424
0.25912
0.23682
0.21893
0.24758
0.03004
0.34284
0.16124
0.02508
0.05229
0.07151
0.28722
0.14371
0.11622
0.19639
0.30369
0.03535
0.03305
0.06965
0.02760
0.26330
0.11650
0.11328
0.09758
0.30002
0.10698
0.30785
0.23350
0.01892
0.24318
0.02709
0.04339
0.29274
0.19314
0.20127
0.07480
0.02642
0.21056
0.21966
0.21761
0.19282
0.04366
0.02685
0.18914
0.22412
0.14048
0.14743
0.09987
0.23359
0.14082
0.07725
0.27331
0.22702
0.06973
0.11346
0.16015
0.03285
0.02715
0.28244
0.11801
0.18807
0.23708
0.25380
0.20572
0.32095
0.26880
0.21701
0.15918
0.23969
0.12324
0.03240
0.17857
0.09241
0.06117
0.19712
0.23274
0.23104
0.24255
0.05826
0.02186
0.10952
0.14551
0.22653
0.34048
0.07820
0.13490
0.27888
0.09043
0.23020
0.11466
0.05039
0.02970
0.09833
0.02562
0.05886
0.26181
0.24417
0.10823
0.06993
0.01406
0.09772
0.08817
0.29884
