0.18347
0.11526
0.10151
0.28641
0.12122
0.17170
0.25351
0.18626
0.22088
0.11576
0.23069
0.15547
0.23868
0.14565
0.20053
0.22572
0.18676
0.18605
0.12562
0.19002
0.28854
0.18202
0.20861
0.11950
0.27327
0.20717
0.18858
0.25895
0.13584
0.21614
0.18613
0.27488
0.20456
0.09979
0.11071
0.10083
0.17722
0.15806
0.20239
0.17397
0.30999
0.29274
0.11344
0.19541
0.28880
0.21326
0.18076
0.26056
0.24568
0.18889
0.10858
0.16431
0.15151
0.31960
0.10188
0.26865
0.22572
0.18083
0.19467
0.14135
0.27790
0.30556
0.17045
0.22644
0.28484
0.31448
0.11185
0.21235
0.17953
0.10861
0.18809
0.31612
0.30488
0.22323
0.25293
0.19499
0.14776
0.06518
0.21277
0.17049
0.31384
0.20814
0.33486
0.28045
0.28728
0.37288
0.10656
0.09292
0.17712
0.28047
0.32762
0.23811
0.11359
0.25746
0.11135
0.24471
0.19807
0.22401
0.17351
0.18769
0.12003
0.18279
0.13460
0.16842
0.25417
0.28184
0.21779
0.20712
0.21023
0.29713
0.07394
0.29562
0.13061
0.21989
0.16185
0.17220
0.26801
0.10888
0.12376
0.22260
0.24881
0.14894
0.31072
0.08161
0.14452
0.20329
0.33351
0.26312
0.17824
0.25106
0.13999
0.16309
0.30236
0.34583
0.13957
0.19883
0.16689
0.29602
0.25617
0.09704
0.17742
0.06688
0.29150
0.19845
0.18997
0.28056
0.12400
0.37200
0.19941
0.09171
0.22324
0.31373
0.13011
0.31865
0.31070
0.33160
0.18798
0.20691
0.16818
0.24698
0.30174
0.26570
0.30086
0.33864
0.10124
0.18397
0.27468
0.28531
0.16438
0.26309
0.08199
0.27522
0.23932
0.06593
0.11139
0.23313
0.07782
0.14144
0.18717
0.27306
0.10796
0.11452
0.25636
0.17930
0.16871
0.23075
0.25448
0.26067
0.25104
0.26286
0.17063
0.13169
0.08289
0.17867
0.16446
0.25392
0.24941
0.22106
0.15069
0.24309
0.24805
0.06400
0.23910
0.14219
0.08513
0.24117
0.11212
0.24405
0.25131
0.14734
0.26804
0.23924
0.13467
0.26764
0.25891
0.26271
0.14819
0.32597
0.25742
0.33317
0.15372
0.22338
0.14829
0.15124
0.13748
0.12287
0.18986
0.21109
0.18338
0.12348
0.29074
0.16000
0.27793
0.15277
0.10529
0.26802
0.10953
0.06302
0.13542
0.26297
0.15401
0.30105
0.15208
0.12568
0.22439
0.22098
0.12360
0.07452
0.13988
0.13874
0.17394
0.24539
0.17285
0.26014
0.14340
0.20460
0.17382
0.15123
0.10892
0.13696
0.13676
0.17760
0.20910
0.25905
0.19548
0.25677
0.27352
0.09812
0.23968
0.07229
0.17295
0.15644
0.09821
0.07484
0.32580
0.22156
0.08968
0.21608
0.20150
0.10500
0.18236
0.33933
0.15534
0.14907
0.29967
0.12067
0.21752
0.18269
0.20659
0.25317
0.13862
0.09168
0.22772
0.22488
0.16966
0.14513
0.20167
0.24389
0.18190
0.22253
0.31755
0.31746
0.27547
0.19530
0.14170
0.29861
0.32068
0.32447
0.07716
0.25645
0.17344
0.28901
0.22193
0.12092
0.18628
0.20934
0.12643
0.25521
0.24011
0.12544
0.14143
0.11459
0.28651
0.18716
0.29783
0.19306
0.26058
0.23696
0.20959
0.09751
0.30483
0.28464
0.32827
0.29473
0.28874
0.23788
0.26844
0.29148
0.25373
0.24378
0.10403
0.13389
0.17477
0.24401
0.09586
0.15584
0.24965
0.16969
0.26660
0.12907
0.21080
0.19731
0.29527
0.29192
0.24459
0.20893
0.30937
0.20651
0.15314
0.31252
0.09496
0.20625
0.12151
0.13787
0.21538
0.12625
0.25817
0.32991
0.09563
0.13829
0.23285
0.25384
0.13427
0.10213
0.10744
0.10733
0.14515
0.13294
0.21668
0.14381
0.28568
0.19004
0.21169
0.09778
0.20280
0.30602
0.23521
0.29973
0.33846
0.18965
0.28787
0.31631
0.28919
0.32556
0.26105
0.25422
0.34870
0.26878
0.23652
0.26049
0.23517
0.26919
0.20531
0.37519
0.33294
0.27047
0.27129
0.24727
0.27769
0.36219
0.28595
0.22888
0.30528
0.33341
0.24994
0.25704
0.31877
0.27602
0.24594
0.25783
0.31404
0.30311
0.28535
0.22501
0.31680
0.27132
0.26869
0.32877
0.18450
0.31613
0.32228
0.29154
0.29230
0.28540
0.30132
0.24324
0.29924
0.32026
0.22382
0.29293
0.32709
0.26317
0.27671
0.31612
0.19550
0.26901
0.26346
0.27133
0.30019
0.29867
0.27230
0.19324
0.27131
0.37292
0.14493
0.26345
0.22377
0.21747
0.20575
0.37180
0.30191
0.31212
0.16042
0.36012
0.27799
0.26197
0.37660
0.30196
0.30478
0.29344
0.23635
0.28728
0.19369
0.34055
0.27973
0.21347
0.17121
0.32506
0.21934
0.25206
0.28612
0.27366
0.35451
0.33373
0.23050
0.31499
0.32064
0.18730
0.21761
0.30528
0.19712
0.20491
0.15815
0.29818
0.35236
0.24667
0.27109
0.24590
0.30466
0.22273
0.28795
0.28408
0.28552
0.22524
0.28844
0.30688
0.22415
0.19169
0.36746
0.29105
0.22440
0.34052
0.31169
0.25221
0.36303
0.30893
0.23386
0.31685
0.22053
0.29387
0.31181
0.29042
0.29322
0.26879
0.17185
0.32810
0.21896
0.28703
0.22367
0.28569
0.29557
0.28498
0.20789
0.21491
0.29527
0.22466
0.31032
0.20085
0.24156
0.24480
0.23314
0.23633
0.30209
0.30743
0.30887
0.25372
0.23011
0.32027
0.21660
0.23013
0.20529
0.27470
0.31133
0.19042
0.17254
0.28824
0.27276
0.23667
0.16556
0.23865
0.27311
0.22963
0.24792
0.27246
0.30918
0.18420
0.24699
0.29014
0.27191
0.18619
0.29794
0.29145
0.25099
0.36983
0.19066
0.30995
0.23812
0.34758
0.30919
0.26279
0.26725
0.27366
0.26547
0.20729
0.31342
0.27595
0.27400
0.28118
0.28369
0.33887
0.25683
0.28503
0.23859
0.33598
0.22760
0.32006
0.22815
0.28295
0.27790
0.26268
0.21824
0.24898
0.26089
0.31540
0.20468
0.31705
0.25248
0.29066
0.27137
0.27848
0.26951
0.15025
0.25085
0.32786
0.33833
0.26531
0.28681
0.33516
0.25410
0.22100
0.21584
0.30367
0.29901
0.26530
0.25104
0.20727
0.27566
0.29987
0.24510
0.25412
0.24486
0.33277
0.30118
0.21239
0.21948
0.27975
0.28391
0.29908
0.28004
0.25435
0.33350
0.35897
0.16283
0.24036
0.32090
0.23770
0.27308
0.31433
0.33651
0.25155
0.20827
0.20377
0.25887
0.28787
0.36121
0.28737
0.29448
0.30789
0.24212
0.27062
0.29850
0.28837
0.16799
0.33144
0.21816
0.23201
0.34978
0.29860
0.22325
0.23918
0.27453
0.29375
0.33507
0.35449
0.25571
0.26462
0.22011
0.29480
0.30697
0.13567
0.30376
0.20521
0.24809
0.29352
0.22076
0.28608
0.25512
0.25493
0.21105
0.26101
0.24851
0.33898
0.29604
0.26611
0.20613
0.29236
0.25309
0.24090
0.21864
0.34391
0.28152
0.34231
0.27126
0.25858
0.27277
0.25779
0.23640
0.28621
0.19872
0.33179
0.27436
0.34110
0.28620
0.28995
0.35882
0.26677
0.25260
0.29448
0.17676
0.20081
0.29371
0.21598
0.32547
0.31089
0.28008
0.30411
0.38477
0.30914
0.30364
0.26028
0.30136
0.29772
0.37433
0.25255
0.26552
0.33262
0.33215
0.26060
0.33413
0.39710
0.23210
0.27271
0.28954
0.25195
0.30930
0.32201
0.23290
0.25250
0.31387
0.24327
0.29128
0.32504
0.30658
0.27063
0.22895
0.24672
0.27692
0.29527
0.32176
0.29282
0.27695
0.28423
0.28392
0.29577
0.26668
0.27712
0.13945
0.30552
0.32448
0.36270
0.31385
0.31789
0.39205
0.40407
0.27756
0.20352
0.30501
0.39589
0.28960
0.21155
0.29189
0.35460
0.25835
0.25116
0.34521
0.24374
0.26667
0.24363
0.31899
0.37304
0.43125
0.28180
0.29559
0.25835
0.39192
0.25161
0.29412
0.30897
0.37739
0.25577
0.20245
0.30159
0.44732
0.25648
0.40119
0.41360
0.22539
0.29489
0.36594
0.29913
0.28796
0.24098
0.25931
0.23469
0.31928
0.29515
0.30682
0.31355
0.36781
0.29468
0.27453
0.26303
0.20039
0.22711
0.39924
0.24941
0.14690
0.34221
0.16581
0.19475
0.40258
0.15816
0.28345
0.22981
0.28228
0.23589
0.42825
0.20438
0.32643
0.40154
0.24832
0.22386
0.24311
0.26545
0.19532
0.35306
0.18640
0.36038
0.35145
0.25127
0.25974
0.22227
0.34871
0.29885
0.24014
0.36042
0.42172
0.34124
0.30542
0.35585
0.38093
0.19118
0.27699
0.29103
0.39250
0.23832
0.25138
0.23114
0.35775
0.27085
0.24229
0.24924
0.32493
0.38152
0.23876
0.28908
0.33630
0.32160
0.28807
0.28124
0.42114
0.28452
0.29556
0.24998
0.30142
0.33911
0.28031
0.29685
0.24150
0.33935
0.27476
0.25989
0.31907
0.30247
0.21759
0.26994
0.23932
0.27242
0.23524
0.07553
0.17721
0.20197
0.24419
0.26469
0.16474
0.23260
0.34661
0.26497
0.16428
0.23135
0.06536
0.29416
0.20285
0.21215
0.27265
0.10038
0.16936
0.19688
0.24259
0.15049
0.20920
0.24619
0.28302
0.10677
0.21195
0.25844
0.11110
0.31541
0.14339
0.06666
0.11137
0.14684
0.29600
0.18716
0.22080
0.19683
0.30407
0.08225
0.13113
0.09811
0.07589
0.28257
0.12913
0.18839
0.18269
0.30611
0.19211
0.27280
0.19683
0.12548
0.21636
0.10416
0.11226
0.30015
0.18949
0.27541
0.11204
0.12670
0.15081
0.18855
0.29297
0.25126
0.08632
0.14869
0.17756
0.19718
0.22294
0.18946
0.21735
0.19928
0.20498
0.17910
0.25001
0.29493
0.13154
0.19763
0.21896
0.13552
0.03654
0.24734
0.22100
0.22325
0.24114
0.27994
0.19245
0.29478
0.24794
0.26222
0.24188
0.21007
0.17810
0.06552
0.25057
0.17653
0.10623
0.21818
0.21322
0.27994
0.22475
0.19058
0.12239
0.20151
0.23394
0.23836
0.26215
0.14840
0.24977
0.28772
0.22343
0.23731
0.08228
0.08587
0.07054
0.14446
0.13442
0.11245
0.27167
0.30313
0.15462
0.17143
0.05317
0.10865
0.14485
0.26978
