0.12811
0.09730
0.05865
0.27169
0.08554
0.15668
0.24275
0.16670
0.18183
0.07385
0.18607
0.13152
0.14343
0.12009
0.09763
0.22263
0.15410
0.11406
0.08816
0.14668
0.29044
0.12696
0.14203
0.05486
0.21758
0.15992
0.12956
0.27467
0.09756
0.18500
0.15760
0.22123
0.13952
0.10560
0.10625
0.09687
0.13216
0.08654
0.11089
0.18363
0.31538
0.25723
0.06851
0.11953
0.30261
0.19263
0.16529
0.23390
0.19473
0.15228
0.08855
0.14412
0.12050
0.28143
0.09197
0.22145
0.20586
0.13361
0.12523
0.07574
0.26518
0.30282
0.13396
0.19700
0.27646
0.30738
0.03347
0.20476
0.08714
0.04985
0.11481
0.31821
0.35415
0.18567
0.26854
0.12661
0.06848
0.01983
0.22409
0.14681
0.33860
0.13608
0.31399
0.27991
0.25185
0.35346
0.09644
0.07310
0.11891
0.24832
0.31648
0.13416
0.06856
0.27596
0.06179
0.16222
0.23623
0.20695
0.19581
0.16636
0.09748
0.19991
0.10994
0.11732
0.22064
0.29241
0.17180
0.17465
0.20714
0.25788
0.03714
0.27663
0.08697
0.24265
0.11360
0.13692
0.27639
0.04082
0.07541
0.19344
0.20604
0.05999
0.27051
0.02844
0.13201
0.16582
0.31324
0.26872
0.21035
0.26252
0.09426
0.14737
0.29915
0.35000
0.11082
0.16574
0.06782
0.29470
0.26959
0.05692
0.14279
0.04137
0.29845
0.16312
0.15484
0.23706
0.07231
0.36456
0.18068
0.09168
0.17231
0.23676
0.10620
0.28709
0.32457
0.33415
0.12906
0.14304
0.14980
0.24099
0.27375
0.26700
0.26461
0.33725
0.09737
0.10766
0.31105
0.27396
0.08221
0.28052
0.03412
0.22597
0.23843
0.03929
0.08816
0.22942
0.05175
0.08989
0.17272
0.28113
0.07028
0.10302
0.23040
0.13755
0.09565
0.16428
0.25522
0.28002
0.26952
0.17923
0.16039
0.08249
0.08682
0.14141
0.13268
0.20600
0.20569
0.13815
0.10264
0.25354
0.22766
0.05863
0.21022
0.15503
0.06908
0.24161
0.13988
0.19384
0.25962
0.09960
0.25259
0.22541
0.09143
0.23750
0.24612
0.24964
0.11251
0.25441
0.21357
0.31754
0.09093
0.20299
0.13158
0.07596
0.07227
0.05919
0.16880
0.19816
0.15391
0.09768
0.25850
0.11437
0.25957
0.12116
0.05518
0.28638
0.10399
0.03462
0.09531
0.27436
0.07701
0.29355
0.07454
0.10381
0.12553
0.21735
0.10603
0.02765
0.09673
0.11493
0.11346
0.08547
0.10900
0.29879
0.14122
0.14454
0.19142
0.08369
0.07978
0.12795
0.21794
0.15378
0.21411
0.14497
0.15547
0.26195
0.30168
0.09407
0.13768
0.07650
0.09816
0.11785
0.06971
0.04490
0.37192
0.18255
0.05067
0.15787
0.20048
0.08227
0.16252
0.32242
0.12218
0.08428
0.30838
0.12541
0.22855
0.18954
0.18956
0.12773
0.08637
0.07969
0.17359
0.23059
0.17300
0.09197
0.22349
0.18065
0.17185
0.13612
0.29629
0.29250
0.26717
0.15745
0.12439
0.29346
0.32641
0.31609
0.03456
0.25719
0.13068
0.30008
0.16799
0.09220
0.17628
0.10540
0.10131
0.18672
0.23304
0.08279
0.07904
0.10740
0.28354
0.14528
0.25633
0.13845
0.22245
0.26974
0.10316
0.04700
0.26622
0.26473
0.37491
0.25173
0.35082
0.23265
0.23628
0.30979
0.26963
0.28360
0.07040
0.07666
0.16008
0.21665
0.05115
0.07249
0.21691
0.13921
0.23682
0.09319
0.18840
0.13729
0.29695
0.27703
0.25102
0.22046
0.32323
0.12906
0.12869
0.33256
0.05761
0.20891
0.03897
0.08508
0.19380
0.06387
0.25325
0.34720
0.08624
0.08564
0.13457
0.25848
0.11209
0.04124
0.06175
0.07936
0.09416
0.09301
0.21154
0.08782
0.28401
0.14483
0.19100
0.08773
0.18386
0.30267
0.23722
0.28593
0.36376
0.16845
0.29502
0.31608
0.32264
0.34439
0.29079
0.26318
0.35313
0.26416
0.23487
0.27620
0.21967
0.31305
0.20478
0.37971
0.32604
0.23687
0.25864
0.26141
0.27326
0.35222
0.29913
0.27120
0.31459
0.32387
0.23748
0.28577
0.33582
0.28320
0.22601
0.25039
0.31889
0.31022
0.26847
0.22417
0.35824
0.28743
0.25815
0.33908
0.19954
0.31336
0.36270
0.30094
0.29373
0.32971
0.30641
0.24494
0.30058
0.35557
0.22062
0.30297
0.33876
0.27951
0.29977
0.31376
0.22026
0.31464
0.28519
0.27955
0.31328
0.29271
0.29107
0.19748
0.31031
0.37585
0.12069
0.29982
0.23239
0.21877
0.18340
0.36397
0.29900
0.33620
0.16585
0.35551
0.27830
0.27682
0.38234
0.31132
0.31484
0.29797
0.24324
0.29256
0.17025
0.37559
0.30806
0.21398
0.17989
0.33563
0.21055
0.27240
0.28603
0.27328
0.35390
0.31695
0.21175
0.32489
0.30516
0.18041
0.20752
0.30426
0.19142
0.19892
0.12692
0.28617
0.36085
0.28209
0.29457
0.24457
0.31928
0.20899
0.32771
0.29365
0.30308
0.22365
0.28734
0.31526
0.21129
0.17650
0.36224
0.30316
0.22571
0.31780
0.31790
0.24700
0.36911
0.31970
0.25433
0.29968
0.20308
0.29899
0.30672
0.29546
0.28338
0.26214
0.16370
0.34088
0.23519
0.31582
0.24019
0.29503
0.33612
0.28049
0.20844
0.22695
0.28967
0.20125
0.30901
0.19757
0.26075
0.23869
0.22830
0.23201
0.31099
0.31110
0.32782
0.27492
0.26329
0.32720
0.21826
0.22753
0.21248
0.29877
0.29895
0.16132
0.18578
0.29442
0.30783
0.22013
0.17542
0.21374
0.27732
0.25208
0.22190
0.28285
0.33874
0.17767
0.24503
0.28162
0.30651
0.20829
0.30434
0.27964
0.26579
0.36989
0.19463
0.30569
0.25012
0.37192
0.32486
0.26569
0.28050
0.31078
0.27785
0.19196
0.31952
0.29188
0.28111
0.29251
0.27182
0.35316
0.25220
0.28304
0.23962
0.35050
0.26621
0.30377
0.22704
0.29283
0.27104
0.26161
0.21023
0.27498
0.27029
0.31741
0.23725
0.30670
0.24899
0.28653
0.29293
0.28067
0.29418
0.15515
0.25462
0.32726
0.35160
0.27749
0.30884
0.31302
0.26683
0.25363
0.21891
0.30930
0.30199
0.29197
0.24141
0.16494
0.28641
0.31677
0.26839
0.28938
0.21546
0.33885
0.30982
0.20871
0.21575
0.28998
0.30217
0.31852
0.26770
0.25745
0.36595
0.36758
0.14688
0.24038
0.33415
0.28884
0.29467
0.32399
0.33784
0.20771
0.20175
0.18105
0.28697
0.29735
0.36624
0.29981
0.29426
0.30747
0.23189
0.25885
0.29673
0.28325
0.17463
0.34070
0.22735
0.23094
0.33996
0.31173
0.27226
0.23113
0.26934
0.29751
0.35185
0.35152
0.26003
0.27173
0.19924
0.31254
0.31040
0.13064
0.29917
0.17700
0.27695
0.29967
0.21506
0.28977
0.24422
0.27867
0.21825
0.25943
0.24232
0.35158
0.29376
0.29435
0.20644
0.30451
0.25178
0.25641
0.23407
0.34673
0.30097
0.35509
0.25788
0.25685
0.32044
0.27779
0.25128
0.27154
0.19759
0.33869
0.28001
0.33497
0.28117
0.29403
0.35395
0.27492
0.27781
0.32279
0.20642
0.21836
0.31049
0.24650
0.32806
0.31317
0.30428
0.34511
0.38898
0.32441
0.31646
0.27161
0.32358
0.29540
0.37155
0.27326
0.28100
0.34072
0.31917
0.31077
0.33591
0.40426
0.23567
0.28971
0.32957
0.24812
0.31572
0.32550
0.24535
0.26263
0.35694
0.24018
0.29738
0.31541
0.29027
0.23676
0.27740
0.27246
0.25882
0.28161
0.34734
0.29444
0.26558
0.32606
0.28013
0.32111
0.29937
0.27952
0.14901
0.32645
0.32850
0.35630
0.31816
0.28884
0.39722
0.39539
0.27975
0.18797
0.31186
0.38991
0.27083
0.16477
0.30881
0.32537
0.23329
0.24560
0.29689
0.24103
0.27654
0.22201
0.33156
0.32192
0.38977
0.30859
0.30561
0.27046
0.38326
0.29665
0.31457
0.29657
0.33324
0.27932
0.16560
0.30164
0.44224
0.24139
0.38391
0.40426
0.21673
0.30118
0.35413
0.31561
0.29146
0.26420
0.28853
0.20969
0.28517
0.30097
0.30258
0.32188
0.37238
0.27754
0.30987
0.23007
0.22251
0.26934
0.40790
0.23675
0.11604
0.32878
0.13984
0.19559
0.40839
0.12496
0.25723
0.19564
0.26366
0.23897
0.43263
0.17946
0.32534
0.37391
0.24497
0.21542
0.25569
0.25350
0.21686
0.36161
0.17456
0.36159
0.33159
0.25096
0.22818
0.25615
0.33661
0.27402
0.20139
0.35987
0.41929
0.30171
0.28431
0.35872
0.35993
0.22148
0.26234
0.28870
0.38107
0.19983
0.22756
0.23520
0.34992
0.29658
0.24661
0.28867
0.31168
0.34044
0.22106
0.29815
0.32927
0.29751
0.28316
0.24069
0.38127
0.29792
0.26550
0.29285
0.31410
0.31566
0.26494
0.31052
0.24608
0.34883
0.25459
0.23229
0.32499
0.31166
0.21259
0.28167
0.20376
0.32435
0.24107
0.05270
0.13828
0.26929
0.25665
0.26801
0.22288
0.28235
0.33572
0.18319
0.04074
0.21284
0.04076
0.30790
0.27333
0.17981
0.29131
0.07541
0.08863
0.19971
0.19628
0.06868
0.13615
0.22269
0.28831
0.23717
0.21060
0.25297
0.04758
0.30616
0.18757
0.04999
0.06185
0.10962
0.28179
0.11406
0.26252
0.19900
0.28177
0.05628
0.03514
0.06941
0.05868
0.23326
0.12813
0.16389
0.16773
0.29503
0.15591
0.32172
0.21874
0.05124
0.23895
0.06217
0.02985
0.22973
0.19765
0.27183
0.07043
0.08342
0.21602
0.22253
0.23488
0.23608
0.01006
0.10015
0.19236
0.19876
0.17893
0.19443
0.15862
0.26625
0.12031
0.08364
0.28753
0.29643
0.11417
0.11756
0.12788
0.05059
0.02832
0.16953
0.06199
0.19018
0.22676
0.26260
0.20575
0.34520
0.24780
0.26564
0.14698
0.15855
0.17634
0.03992
0.27752
0.09641
0.03147
0.24765
0.25027
0.27359
0.26209
0.02085
0.06227
0.13901
0.22809
0.25844
0.31639
0.10801
0.18673
0.32787
0.11763
0.22938
0.14009
0.01425
0.03009
0.09764
0.05702
0.08121
0.22639
0.27627
0.09983
0.13739
0.04508
0.08874
0.07640
0.30688
