0.12542
0.11293
0.07050
0.27075
0.09195
0.13403
0.25150
0.15288
0.22630
0.12427
0.21126
0.12756
0.19138
0.10992
0.15402
0.21798
0.13472
0.18557
0.06869
0.16874
0.29878
0.14433
0.18783
0.04715
0.25834
0.16412
0.13180
0.25002
0.09476
0.14607
0.18988
0.28735
0.14603
0.11130
0.06211
0.10738
0.10682
0.09659
0.11574
0.16816
0.30815
0.27872
0.10575
0.17504
0.29998
0.16586
0.19640
0.28866
0.24581
0.15983
0.09959
0.18963
0.11781
0.29854
0.09046
0.24780
0.23649
0.15339
0.16243
0.09988
0.27388
0.29927
0.15765
0.20260
0.29415
0.33969
0.04746
0.21741
0.13573
0.04536
0.13494
0.29754
0.26108
0.17617
0.23088
0.16551
0.09232
0.02570
0.21646
0.17352
0.32057
0.16174
0.34556
0.29637
0.26373
0.35205
0.09119
0.08110
0.15216
0.28135
0.33526
0.22292
0.11874
0.28625
0.08332
0.14316
0.20193
0.21712
0.21129
0.19079
0.08968
0.21012
0.12486
0.11173
0.23408
0.29990
0.18520
0.13634
0.17038
0.30108
0.04513
0.25548
0.07789
0.25504
0.09490
0.18348
0.29358
0.05397
0.08175
0.21559
0.23542
0.09093
0.32940
0.01734
0.11492
0.17274
0.34999
0.27316
0.14821
0.26628
0.13835
0.13582
0.31654
0.36120
0.10131
0.14549
0.09621
0.27025
0.28702
0.06530
0.16654
0.05404
0.28570
0.18684
0.14241
0.31121
0.12633
0.37636
0.18596
0.08858
0.17659
0.29041
0.09301
0.32838
0.30167
0.33531
0.16791
0.21262
0.16437
0.16253
0.31036
0.28532
0.27348
0.35680
0.09044
0.16698
0.30592
0.27977
0.07985
0.27440
0.04614
0.23835
0.24595
0.04681
0.08737
0.22932
0.09099
0.08285
0.20122
0.30558
0.11607
0.10142
0.21739
0.19809
0.08371
0.17272
0.26606
0.27207
0.27654
0.19002
0.13111
0.06726
0.08370
0.15741
0.20111
0.26024
0.21327
0.22260
0.13162
0.28595
0.22818
0.07828
0.24624
0.16589
0.06392
0.26155
0.08547
0.21734
0.27448
0.08510
0.30424
0.26586
0.12359
0.28079
0.26712
0.22152
0.13137
0.26980
0.22287
0.35065
0.15697
0.19817
0.14851
0.06419
0.12602
0.06364
0.17110
0.24662
0.15084
0.11715
0.24522
0.13569
0.25679
0.13602
0.07089
0.28864
0.11238
0.04299
0.09975
0.27791
0.10514
0.28743
0.13210
0.10513
0.14642
0.21520
0.10541
0.06188
0.15564
0.10206
0.14372
0.12167
0.10661
0.26069
0.14760
0.15639
0.24326
0.11108
0.11893
0.12254
0.25952
0.17639
0.21220
0.20910
0.17490
0.27068
0.30048
0.08915
0.18543
0.04092
0.14748
0.12483
0.06564
0.05282
0.37573
0.19654
0.09136
0.20518
0.18324
0.08271
0.15188
0.37652
0.12863
0.12760
0.30311
0.10767
0.23619
0.22418
0.23384
0.20332
0.10330
0.08512
0.23937
0.21665
0.17174
0.09839
0.18393
0.19440
0.19208
0.16408
0.34201
0.30766
0.29996
0.18400
0.09608
0.31546
0.32661
0.32594
0.04830
0.26905
0.12349
0.29838
0.13668
0.11161
0.19631
0.13339
0.09711
0.16679
0.26654
0.09297
0.10184
0.07322
0.28398
0.18672
0.26813
0.16949
0.23340
0.23810
0.17139
0.06972
0.30698
0.31260
0.36355
0.28314
0.31670
0.27009
0.25170
0.31295
0.29456
0.27976
0.06384
0.12414
0.13381
0.21093
0.09654
0.13899
0.23155
0.11479
0.24348
0.13937
0.21186
0.09850
0.27108
0.28032
0.26495
0.23533
0.29253
0.15374
0.13718
0.34571
0.08798
0.26593
0.07105
0.08187
0.20646
0.08455
0.25349
0.31212
0.07155
0.09159
0.14793
0.27656
0.10763
0.05159
0.05135
0.05254
0.07005
0.11654
0.21341
0.09137
0.27797
0.19461
0.22785
0.15780
0.14799
0.30312
0.22178
0.26967
0.34533
0.17561
0.27874
0.30894
0.29526
0.33291
0.29143
0.25978
0.34472
0.25655
0.24559
0.26427
0.21001
0.28458
0.18841
0.35723
0.30833
0.21210
0.24905
0.25840
0.27600
0.34224
0.28769
0.23592
0.30295
0.32703
0.24693
0.26068
0.31666
0.25807
0.24617
0.26447
0.28637
0.30425
0.27964
0.24572
0.33840
0.23929
0.23824
0.30820
0.17699
0.31553
0.34260
0.28273
0.31378
0.30539
0.28951
0.23492
0.28893
0.32007
0.22609
0.28598
0.30418
0.27116
0.27376
0.31060
0.20981
0.31430
0.26612
0.26630
0.32509
0.28348
0.27030
0.16943
0.23536
0.34980
0.10484
0.28265
0.23536
0.20492
0.16884
0.36109
0.29415
0.30245
0.17599
0.34805
0.26460
0.25415
0.34820
0.31324
0.29878
0.29560
0.24427
0.28040
0.16198
0.34773
0.27744
0.24333
0.17799
0.32733
0.20378
0.25973
0.28421
0.26024
0.34376
0.29604
0.22142
0.30600
0.30068
0.15102
0.21128
0.28319
0.20067
0.16859
0.16540
0.30106
0.31954
0.27848
0.26262
0.24850
0.29244
0.21801
0.28474
0.28173
0.28047
0.20720
0.27619
0.28638
0.25065
0.20772
0.35729
0.30972
0.18248
0.29671
0.31547
0.23841
0.34399
0.30990
0.24989
0.31240
0.20752
0.27297
0.30759
0.29041
0.26622
0.23371
0.18365
0.32312
0.22228
0.28133
0.21778
0.27447
0.31056
0.28633
0.19667
0.20101
0.29899
0.21215
0.29384
0.17531
0.24127
0.24919
0.20190
0.22966
0.31485
0.31902
0.32313
0.23890
0.18527
0.32088
0.22288
0.22643
0.21611
0.30060
0.30800
0.15950
0.20197
0.27640
0.27313
0.22424
0.15481
0.20183
0.27573
0.23603
0.21936
0.26776
0.31062
0.14153
0.23981
0.26729
0.29592
0.19331
0.28512
0.27275
0.27160
0.37230
0.20736
0.29115
0.23972
0.34733
0.31388
0.27413
0.27047
0.28795
0.26149
0.18969
0.29349
0.28673
0.25662
0.28661
0.23992
0.33843
0.26235
0.28141
0.23323
0.34356
0.22838
0.30332
0.20964
0.25963
0.28049
0.26450
0.19483
0.22699
0.24946
0.31457
0.22409
0.31776
0.25540
0.26197
0.29440
0.29242
0.28853
0.16793
0.23552
0.32521
0.32101
0.26207
0.27855
0.30694
0.27371
0.23733
0.21076
0.30382
0.30662
0.25765
0.25926
0.17301
0.29437
0.30931
0.26059
0.27152
0.22219
0.32352
0.30313
0.20810
0.22040
0.27751
0.27607
0.29526
0.27088
0.23608
0.34147
0.33633
0.18046
0.25785
0.31066
0.26041
0.27322
0.31091
0.33471
0.19894
0.22483
0.15700
0.27134
0.26538
0.35592
0.30184
0.28172
0.27929
0.23649
0.27117
0.29651
0.28288
0.20527
0.32887
0.24633
0.24088
0.34104
0.29224
0.25508
0.24241
0.28714
0.27981
0.33255
0.33284
0.27425
0.28184
0.18754
0.31390
0.30557
0.12635
0.26902
0.16892
0.24262
0.28586
0.23700
0.28199
0.23770
0.25495
0.21951
0.25082
0.25561
0.32795
0.26191
0.26044
0.20323
0.30042
0.25601
0.24125
0.23530
0.33162
0.29083
0.32954
0.26570
0.24236
0.27551
0.25430
0.23822
0.26431
0.18894
0.32104
0.26663
0.33037
0.25935
0.29421
0.33837
0.24155
0.26686
0.28657
0.17771
0.21873
0.29025
0.21996
0.31108
0.29982
0.26199
0.32968
0.37346
0.32578
0.32341
0.26349
0.31043
0.28299
0.35621
0.25906
0.26533
0.32788
0.32134
0.29192
0.31721
0.38473
0.23059
0.26379
0.30407
0.25131
0.31713
0.31317
0.24121
0.26508
0.33191
0.24418
0.28738
0.30221
0.29020
0.25711
0.25209
0.26130
0.24593
0.28181
0.32688
0.28975
0.24865
0.29803
0.27126
0.30244
0.27324
0.28770
0.14524
0.29763
0.32659
0.33476
0.32109
0.31637
0.42028
0.41726
0.28838
0.20160
0.30868
0.37340
0.29271
0.20004
0.31067
0.35467
0.23145
0.24506
0.30251
0.23931
0.28789
0.25437
0.33734
0.35544
0.38764
0.31017
0.30995
0.27527
0.38018
0.27979
0.27119
0.30556
0.35717
0.28044
0.19712
0.31824
0.45239
0.22715
0.41712
0.42596
0.16648
0.30020
0.36537
0.28503
0.30462
0.24339
0.28555
0.24910
0.29626
0.31620
0.32090
0.30452
0.37723
0.29638
0.28373
0.24370
0.22202
0.25619
0.40536
0.22001
0.11767
0.31244
0.15343
0.20862
0.40577
0.18465
0.18737
0.23408
0.27780
0.24645
0.43716
0.18088
0.33063
0.39156
0.24113
0.23250
0.24193
0.28073
0.22100
0.35430
0.18416
0.34076
0.33474
0.25855
0.25451
0.24822
0.32867
0.27956
0.22092
0.35651
0.41774
0.32739
0.29199
0.36382
0.37921
0.22485
0.25946
0.27184
0.37687
0.19762
0.21663
0.22743
0.34659
0.28402
0.26593
0.25541
0.32653
0.35095
0.25831
0.28954
0.32806
0.30127
0.29401
0.26988
0.38265
0.28910
0.27476
0.29760
0.29680
0.33424
0.26060
0.28902
0.24924
0.32944
0.23716
0.24400
0.33676
0.31193
0.21181
0.28413
0.22095
0.31834
0.20733
0.09287
0.16592
0.15321
0.17940
0.29309
0.18299
0.24419
0.33013
0.23262
0.08117
0.21797
0.09031
0.31412
0.27208
0.17624
0.27961
0.06664
0.12455
0.19518
0.22439
0.06230
0.13650
0.27592
0.20962
0.21910
0.20859
0.30902
0.05548
0.32275
0.21727
0.05678
0.07415
0.14600
0.31008
0.17431
0.23420
0.17035
0.26890
0.06799
0.07242
0.09904
0.06465
0.29917
0.09233
0.11254
0.19424
0.30369
0.13853
0.27728
0.20734
0.05077
0.30050
0.10044
0.07096
0.24967
0.19096
0.25798
0.08474
0.09555
0.20847
0.19837
0.30658
0.26393
0.04489
0.08995
0.15771
0.19639
0.25148
0.18660
0.11197
0.25520
0.23086
0.12472
0.22506
0.28504
0.11290
0.10575
0.20257
0.12538
0.06017
0.27525
0.22026
0.18374
0.25617
0.23004
0.19434
0.32758
0.22968
0.26025
0.22117
0.20068
0.15746
0.02955
0.28741
0.07216
0.08608
0.19617
0.24402
0.28622
0.23517
0.08317
0.06462
0.13734
0.21431
0.21404
0.29833
0.14615
0.20449
0.30855
0.13079
0.26198
0.13749
0.06650
0.05030
0.13253
0.09031
0.11334
0.26222
0.29142
0.10299
0.11153
0.01903
0.05689
0.10713
0.30632
