0.13773
0.10155
0.04836
0.24265
0.08102
0.13860
0.20311
0.13520
0.18946
0.05951
0.17679
0.14284
0.14983
0.12912
0.09355
0.22421
0.13950
0.09107
0.07283
0.17579
0.28235
0.12626
0.17146
0.06636
0.17169
0.13740
0.09541
0.25583
0.07595
0.12102
0.11586
0.24731
0.19512
0.10866
0.08132
0.09312
0.13879
0.07747
0.10180
0.13419
0.31221
0.22739
0.07564
0.12157
0.29534
0.23348
0.14749
0.20302
0.17699
0.13034
0.09586
0.14586
0.12840
0.28579
0.08788
0.24486
0.22419
0.09699
0.13000
0.06379
0.28773
0.24433
0.11765
0.21667
0.26139
0.31043
0.07242
0.15955
0.11200
0.03215
0.12262
0.26740
0.33176
0.19328
0.26997
0.11394
0.07933
0.05265
0.21696
0.18029
0.30859
0.15798
0.31646
0.25984
0.24028
0.35699
0.10033
0.08279
0.13775
0.22604
0.30919
0.14995
0.07438
0.27911
0.05812
0.18596
0.18418
0.21591
0.20132
0.15651
0.09378
0.15679
0.14287
0.12633
0.18062
0.31006
0.16803
0.16137
0.15652
0.28490
0.03538
0.21317
0.07733
0.24228
0.10592
0.10974
0.27459
0.05168
0.05476
0.15475
0.20228
0.08842
0.23241
0.01902
0.09464
0.12537
0.28706
0.29617
0.16300
0.25515
0.08269
0.12959
0.30310
0.33029
0.13600
0.15308
0.05695
0.28379
0.25382
0.04893
0.15199
0.02527
0.26567
0.15224
0.15093
0.30532
0.08328
0.33369
0.17934
0.08852
0.15604
0.22353
0.10301
0.29095
0.29227
0.32500
0.12749
0.09973
0.15243
0.18381
0.25853
0.25912
0.25889
0.32044
0.08596
0.12087
0.30162
0.29294
0.06069
0.28848
0.02717
0.19352
0.20432
0.03452
0.06601
0.19445
0.04269
0.04674
0.16666
0.27240
0.03781
0.11718
0.22687
0.14362
0.07462
0.19781
0.23359
0.24259
0.26026
0.14580
0.14206
0.06877
0.06458
0.15476
0.14349
0.23121
0.19705
0.18173
0.08522
0.27711
0.21156
0.08039
0.15815
0.14521
0.03207
0.20554
0.10381
0.19645
0.25247
0.09326
0.21115
0.23421
0.11080
0.26553
0.24338
0.24574
0.12157
0.24152
0.20569
0.33204
0.08486
0.17443
0.11382
0.04916
0.05949
0.06355
0.19447
0.17254
0.12815
0.03012
0.26981
0.10474
0.24503
0.11464
0.04227
0.28580
0.10686
0.03900
0.12313
0.28234
0.08124
0.31442
0.09415
0.11825
0.16323
0.18410
0.10198
0.04559
0.09495
0.10153
0.11004
0.10715
0.08805
0.27009
0.14681
0.17131
0.20018
0.09923
0.05195
0.14270
0.20842
0.12911
0.18356
0.17254
0.20549
0.22675
0.23134
0.10363
0.17055
0.06534
0.08976
0.14082
0.05747
0.04213
0.36470
0.17430
0.08794
0.21314
0.22575
0.08492
0.11023
0.29792
0.12355
0.08179
0.31331
0.12448
0.21226
0.20984
0.18784
0.17878
0.07659
0.04464
0.16841
0.19751
0.16255
0.09853
0.18011
0.17519
0.14173
0.14683
0.32441
0.25887
0.26077
0.11594
0.11589
0.30613
0.27625
0.32586
0.04154
0.28283
0.13036
0.27930
0.11198
0.08143
0.14034
0.10405
0.09672
0.19921
0.26368
0.07340
0.06601
0.06542
0.28471
0.18401
0.20839
0.08377
0.23913
0.24961
0.16888
0.06926
0.22926
0.26791
0.37969
0.26261
0.27840
0.20921
0.26208
0.30692
0.27018
0.26205
0.08561
0.06046
0.11274
0.22255
0.05333
0.07940
0.19695
0.12454
0.23237
0.08862
0.15905
0.13746
0.26108
0.27854
0.22288
0.16596
0.30786
0.14442
0.16159
0.31958
0.06231
0.17879
0.04094
0.07557
0.22322
0.05298
0.22910
0.33375
0.08001
0.09397
0.13714
0.26683
0.12189
0.06553
0.03963
0.05470
0.08029
0.11366
0.17664
0.06571
0.28663
0.14380
0.16452
0.08210
0.21096
0.29732
0.21015
0.25408
0.32218
0.14516
0.29271
0.27748
0.27166
0.32418
0.27334
0.20795
0.33201
0.22434
0.23310
0.26388
0.22310
0.26814
0.19579
0.34351
0.32175
0.26797
0.22014
0.24405
0.25443
0.34765
0.26529
0.23488
0.29029
0.30440
0.22446
0.26240
0.31629
0.25135
0.24599
0.25006
0.29208
0.29599
0.22582
0.22600
0.32628
0.22710
0.23436
0.30858
0.18242
0.28485
0.32171
0.26870
0.28839
0.29078
0.28157
0.22576
0.25848
0.32702
0.18862
0.28822
0.31506
0.26499
0.25916
0.30465
0.17814
0.28286
0.25083
0.27777
0.31381
0.27871
0.25943
0.18459
0.29677
0.34541
0.12901
0.26535
0.17618
0.19198
0.19623
0.36337
0.30580
0.30725
0.15656
0.34559
0.25796
0.26400
0.33539
0.30372
0.28155
0.25531
0.24619
0.27424
0.19784
0.32704
0.26716
0.24196
0.19975
0.30606
0.20751
0.27123
0.26906
0.24882
0.34020
0.30320
0.19490
0.30833
0.30451
0.18826
0.17344
0.26952
0.18099
0.20920
0.15009
0.30036
0.32677
0.28273
0.26485
0.24418
0.27915
0.19354
0.26894
0.23164
0.25105
0.20417
0.26594
0.27196
0.20003
0.16434
0.34332
0.28625
0.19533
0.30419
0.30455
0.26649
0.35857
0.30999
0.23348
0.26193
0.20653
0.28566
0.28409
0.25308
0.27448
0.23576
0.17113
0.30136
0.23524
0.27782
0.20857
0.25126
0.29050
0.27714
0.20947
0.24337
0.27191
0.22365
0.26479
0.20371
0.23991
0.22406
0.23333
0.24234
0.29555
0.29927
0.31925
0.18381
0.16924
0.30795
0.19602
0.18384
0.17052
0.28849
0.31571
0.16545
0.18467
0.21728
0.26389
0.17400
0.15855
0.19944
0.24677
0.22696
0.25342
0.28388
0.29793
0.18784
0.24151
0.26638
0.25501
0.18460
0.27746
0.27499
0.23999
0.36514
0.18786
0.28967
0.20808
0.35383
0.30777
0.25374
0.26658
0.27881
0.25210
0.20001
0.31761
0.26802
0.24136
0.27002
0.24167
0.31720
0.20884
0.29274
0.23466
0.32005
0.21580
0.23657
0.22477
0.24738
0.26565
0.26587
0.24419
0.22108
0.25229
0.28743
0.19889
0.28594
0.23461
0.25008
0.29020
0.29274
0.26632
0.14080
0.23612
0.31084
0.31580
0.24475
0.30258
0.28225
0.23014
0.26065
0.19068
0.29816
0.29065
0.25295
0.23060
0.20926
0.27752
0.29084
0.25071
0.24566
0.23385
0.31028
0.26687
0.15756
0.17701
0.29185
0.28743
0.27706
0.26349
0.24996
0.33285
0.33402
0.14041
0.23852
0.29265
0.26418
0.27839
0.28878
0.30700
0.21940
0.20502
0.18908
0.24459
0.24740
0.33228
0.27626
0.29706
0.26331
0.21707
0.23827
0.30357
0.27327
0.17219
0.32066
0.21240
0.22586
0.33939
0.27719
0.23010
0.22028
0.23704
0.27730
0.32181
0.31391
0.22099
0.26875
0.18933
0.27437
0.29606
0.12807
0.25025
0.20299
0.21704
0.26462
0.23988
0.24191
0.22389
0.23623
0.23200
0.20966
0.24162
0.31818
0.25278
0.24678
0.18064
0.27700
0.24239
0.21717
0.19455
0.31835
0.29143
0.33053
0.25845
0.23959
0.26155
0.26971
0.20048
0.26917
0.18680
0.31570
0.25172
0.32633
0.27153
0.30705
0.33343
0.26412
0.22391
0.30145
0.17436
0.16315
0.26942
0.20729
0.28519
0.30386
0.26149
0.31322
0.35603
0.31056
0.31918
0.24383
0.29589
0.29347
0.34990
0.22027
0.26622
0.32256
0.30770
0.26089
0.31260
0.34867
0.23471
0.21675
0.32453
0.22072
0.30455
0.30387
0.21577
0.23892
0.33329
0.23626
0.29108
0.29454
0.27495
0.23775
0.24820
0.24650
0.27321
0.27729
0.29222
0.28501
0.24135
0.28631
0.26872
0.28269
0.24376
0.29151
0.14048
0.31468
0.30148
0.35117
0.30370
0.30363
0.37963
0.41938
0.26189
0.19837
0.27961
0.38519
0.30094
0.23115
0.29433
0.33712
0.25351
0.23260
0.32591
0.23562
0.26218
0.25470
0.31861
0.36640
0.43937
0.29770
0.29778
0.24234
0.37636
0.28764
0.33410
0.30932
0.36371
0.26625
0.18955
0.32504
0.43741
0.26624
0.39750
0.37848
0.22635
0.29367
0.35826
0.32434
0.27919
0.25658
0.26379
0.17324
0.31736
0.30682
0.30348
0.30875
0.37031
0.29540
0.23869
0.25727
0.23189
0.22596
0.38300
0.22709
0.14101
0.35712
0.17089
0.22282
0.38991
0.14546
0.27814
0.21826
0.24105
0.24723
0.44334
0.18676
0.27757
0.38240
0.25058
0.25993
0.24443
0.26322
0.20405
0.33930
0.18649
0.36473
0.34661
0.27636
0.25242
0.22193
0.35265
0.29478
0.21072
0.33356
0.43857
0.32720
0.26946
0.35329
0.38051
0.19719
0.25808
0.29020
0.39263
0.21483
0.22634
0.25032
0.36705
0.22306
0.27148
0.26439
0.31426
0.37844
0.25361
0.24987
0.31538
0.29431
0.28406
0.23845
0.38944
0.28221
0.28973
0.25413
0.29109
0.35219
0.27492
0.29372
0.25577
0.33684
0.27548
0.23414
0.31062
0.30162
0.25205
0.23632
0.20154
0.27485
0.20142
0.01851
0.11616
0.18351
0.26814
0.27155
0.21354
0.25680
0.38652
0.15489
0.11472
0.14643
0.04379
0.31262
0.26735
0.20483
0.26846
0.10063
0.15215
0.17750
0.28914
0.07789
0.15551
0.22299
0.30251
0.13005
0.21221
0.26868
0.03211
0.33961
0.23438
0.04100
0.08420
0.08918
0.30216
0.10773
0.27531
0.18637
0.28516
0.07077
0.08919
0.07072
0.03607
0.28986
0.11630
0.11684
0.19279
0.25585
0.11677
0.26342
0.20832
0.03311
0.26870
0.04217
0.07765
0.21065
0.18979
0.24393
0.04147
0.06045
0.20784
0.22111
0.31347
0.24707
0.02681
0.07832
0.19437
0.19791
0.15705
0.22647
0.12145
0.25334
0.20942
0.13155
0.20945
0.28518
0.09176
0.10087
0.12224
0.04845
0.02592
0.17734
0.15235
0.21004
0.26887
0.28943
0.20665
0.29273
0.28670
0.18253
0.17951
0.24087
0.21118
0.03112
0.24765
0.13777
0.05070
0.22495
0.22409
0.28686
0.26712
0.09290
0.02861
0.09566
0.23801
0.16266
0.23256
0.06650
0.17173
0.27057
0.11501
0.26793
0.08514
0.03043
0.05538
0.16144
0.09014
0.05674
0.27134
0.27218
0.08767
0.13366
0.06198
0.08458
0.06264
0.18999
