0.15502
0.10930
0.08750
0.25822
0.11554
0.11118
0.26076
0.16686
0.22623
0.07384
0.24030
0.17766
0.22931
0.12872
0.19068
0.22815
0.13460
0.18191
0.08591
0.16917
0.30457
0.17486
0.19822
0.14083
0.26729
0.19998
0.11729
0.29146
0.17696
0.21188
0.14969
0.27977
0.17649
0.10244
0.15091
0.10073
0.14405
0.15366
0.13888
0.21167
0.27562
0.28340
0.14676
0.18688
0.28531
0.25530
0.16829
0.30847
0.23920
0.17069
0.09275
0.14384
0.16418
0.32257
0.10250
0.27246
0.25830
0.15436
0.14201
0.11165
0.30096
0.30362
0.17035
0.19726
0.28918
0.32293
0.09917
0.21059
0.15245
0.06948
0.15539
0.32896
0.32047
0.19590
0.27323
0.14473
0.13315
0.07839
0.22036
0.16046
0.30206
0.21546
0.35515
0.26607
0.28454
0.36422
0.10391
0.10605
0.18543
0.27846
0.33880
0.19767
0.09385
0.27206
0.07631
0.16728
0.22895
0.20613
0.20742
0.18601
0.09629
0.20193
0.10530
0.11373
0.26475
0.29436
0.18054
0.14356
0.20311
0.29494
0.03869
0.26203
0.11806
0.26063
0.13241
0.19839
0.26427
0.07356
0.09346
0.19865
0.26930
0.13304
0.30878
0.09049
0.14096
0.20001
0.32502
0.26545
0.19087
0.26572
0.14013
0.15259
0.32535
0.32643
0.11197
0.18455
0.10328
0.27917
0.27374
0.09802
0.20518
0.05634
0.31424
0.16463
0.16784
0.31147
0.13383
0.36252
0.19562
0.08758
0.19223
0.29005
0.10708
0.32943
0.30752
0.32934
0.14546
0.17745
0.13855
0.24014
0.29451
0.28021
0.29991
0.30769
0.10018
0.16856
0.31737
0.27626
0.09036
0.26663
0.10835
0.23913
0.26058
0.06732
0.13038
0.22141
0.08235
0.11195
0.18913
0.28410
0.11969
0.11191
0.23896
0.19064
0.16872
0.21139
0.24280
0.26078
0.26269
0.24087
0.15683
0.07138
0.08919
0.15555
0.16205
0.25053
0.23265
0.18579
0.07598
0.29197
0.20926
0.11437
0.23071
0.16745
0.07564
0.23710
0.13049
0.24337
0.27895
0.12804
0.26392
0.23655
0.15702
0.24949
0.28753
0.26212
0.13000
0.29316
0.26684
0.34802
0.11485
0.22741
0.16477
0.10244
0.13212
0.10678
0.20101
0.20760
0.21548
0.08778
0.28557
0.12199
0.26062
0.16603
0.08287
0.26015
0.15237
0.06943
0.10281
0.25373
0.12697
0.31749
0.15473
0.11805
0.14766
0.20205
0.10050
0.08561
0.15962
0.11983
0.13311
0.16015
0.12388
0.27869
0.16711
0.16801
0.22138
0.13532
0.13985
0.12104
0.19613
0.18919
0.18478
0.21743
0.15997
0.26945
0.28644
0.10010
0.21940
0.04031
0.11535
0.13988
0.08382
0.08694
0.35697
0.20256
0.12006
0.21016
0.19545
0.10982
0.20729
0.32081
0.13146
0.14913
0.29763
0.11501
0.18783
0.19912
0.24489
0.18758
0.11838
0.13410
0.25726
0.20957
0.21071
0.11532
0.18890
0.21928
0.21845
0.19856
0.33730
0.29384
0.27930
0.13028
0.17523
0.30958
0.31218
0.34028
0.05758
0.27108
0.13719
0.30620
0.18120
0.12481
0.18859
0.19317
0.10968
0.24151
0.26379
0.13408
0.13713
0.11251
0.28931
0.22236
0.30263
0.20418
0.23454
0.22032
0.17719
0.11826
0.26556
0.28002
0.36901
0.30139
0.33225
0.23765
0.24305
0.30762
0.31077
0.27150
0.10421
0.10039
0.19248
0.24638
0.10465
0.11839
0.23328
0.17202
0.21699
0.14107
0.20006
0.14157
0.31569
0.29004
0.28095
0.21691
0.31144
0.15168
0.15213
0.33233
0.12711
0.22684
0.08816
0.14439
0.22818
0.07979
0.25188
0.32896
0.08653
0.13671
0.18255
0.24888
0.10711
0.08993
0.07818
0.07079
0.12731
0.20942
0.16138
0.11233
0.28716
0.24714
0.23065
0.09268
0.19139
0.30455
0.19295
0.25531
0.35600
0.15159
0.29714
0.29661
0.29646
0.32022
0.28760
0.23249
0.36262
0.24363
0.23129
0.27231
0.22549
0.30550
0.19456
0.36408
0.33405
0.26234
0.25439
0.22897
0.26994
0.32631
0.27440
0.21558
0.31572
0.33912
0.23126
0.27473
0.32629
0.24920
0.23522
0.24757
0.28164
0.31576
0.22768
0.23208
0.34975
0.24017
0.23912
0.31036
0.15982
0.30501
0.35598
0.28746
0.28272
0.31110
0.27475
0.24592
0.27139
0.34295
0.18213
0.27599
0.33607
0.26577
0.28610
0.28703
0.20232
0.30154
0.25493
0.29370
0.31691
0.30505
0.27526
0.19001
0.29715
0.35232
0.14997
0.26876
0.18662
0.19110
0.19061
0.34219
0.29596
0.32853
0.17209
0.36066
0.26826
0.26651
0.36651
0.32069
0.28381
0.28596
0.24559
0.26980
0.18931
0.35643
0.30198
0.24004
0.19673
0.31819
0.20126
0.25073
0.30000
0.24734
0.35860
0.33200
0.22584
0.32902
0.30324
0.17829
0.17958
0.26865
0.18799
0.20938
0.18352
0.30013
0.34064
0.25702
0.28622
0.24619
0.28200
0.22645
0.31176
0.23895
0.28280
0.19585
0.28851
0.27573
0.20344
0.18638
0.34480
0.30132
0.17226
0.29287
0.31644
0.26714
0.34266
0.31725
0.22689
0.27569
0.20388
0.29308
0.30380
0.27613
0.27580
0.23285
0.15980
0.31322
0.23758
0.28920
0.22135
0.29044
0.31231
0.30194
0.19490
0.21504
0.28413
0.19201
0.28582
0.18906
0.22550
0.23590
0.24415
0.18700
0.29886
0.33182
0.33072
0.23394
0.14086
0.33394
0.20950
0.18391
0.19526
0.31969
0.29127
0.17955
0.17695
0.24961
0.28918
0.18806
0.15892
0.24795
0.26133
0.21889
0.23352
0.27625
0.31606
0.18883
0.22393
0.27697
0.28249
0.18032
0.25861
0.28082
0.25190
0.36079
0.19189
0.29977
0.23291
0.35560
0.32483
0.24054
0.25720
0.27331
0.26329
0.19179
0.29462
0.28086
0.26504
0.28720
0.27793
0.34011
0.24291
0.29872
0.22724
0.34956
0.24525
0.28169
0.21099
0.25119
0.27595
0.25298
0.21025
0.23893
0.23165
0.30107
0.21340
0.31139
0.24358
0.22879
0.30259
0.30564
0.29242
0.14083
0.22045
0.32395
0.33846
0.25365
0.28506
0.27216
0.26516
0.22537
0.20053
0.30776
0.28810
0.28348
0.24860
0.22392
0.26470
0.32296
0.25148
0.25646
0.22850
0.32766
0.29261
0.19637
0.19522
0.28109
0.30791
0.28556
0.25408
0.24803
0.34302
0.36477
0.15690
0.26124
0.31814
0.24236
0.28623
0.29901
0.34598
0.25247
0.19546
0.20176
0.25437
0.25314
0.36359
0.28787
0.28521
0.27024
0.23615
0.26519
0.31052
0.28474
0.17612
0.33901
0.21752
0.24593
0.33696
0.29032
0.22407
0.23629
0.25610
0.30412
0.33022
0.34367
0.24388
0.29134
0.21146
0.28725
0.31208
0.13067
0.24471
0.21385
0.24879
0.25848
0.24190
0.25901
0.23893
0.22713
0.22195
0.22844
0.25097
0.35111
0.25584
0.26094
0.20160
0.30900
0.25034
0.23687
0.20377
0.33616
0.28521
0.31506
0.23952
0.21101
0.26003
0.25631
0.22121
0.25821
0.18649
0.32551
0.26308
0.33857
0.28959
0.30597
0.35359
0.26307
0.21415
0.28857
0.16745
0.15256
0.30408
0.23569
0.30263
0.31158
0.24841
0.31534
0.38716
0.32082
0.33676
0.27118
0.31345
0.28119
0.35865
0.23345
0.26244
0.32377
0.33003
0.29292
0.33257
0.38941
0.23358
0.25982
0.33435
0.22949
0.32340
0.31682
0.24852
0.23490
0.35155
0.23230
0.26896
0.31673
0.25589
0.22027
0.24180
0.27392
0.26800
0.29335
0.30563
0.28439
0.24939
0.28883
0.26348
0.31034
0.26487
0.25542
0.12582
0.32064
0.34493
0.36267
0.31231
0.32282
0.39697
0.41964
0.28300
0.20476
0.28455
0.38581
0.29036
0.19926
0.29977
0.34277
0.25426
0.24596
0.33699
0.25080
0.28154
0.25409
0.34813
0.36615
0.41564
0.30577
0.32001
0.28214
0.39091
0.30384
0.26822
0.30064
0.34556
0.27561
0.19208
0.31956
0.46339
0.25119
0.41151
0.40758
0.21198
0.29935
0.36264
0.30773
0.30851
0.25227
0.27461
0.21769
0.28694
0.29611
0.30833
0.31959
0.37362
0.29367
0.28633
0.26971
0.21630
0.26312
0.41509
0.22734
0.13861
0.34864
0.18708
0.19706
0.40827
0.17886
0.27339
0.23523
0.27047
0.24262
0.42737
0.21506
0.34258
0.40113
0.25297
0.27266
0.26164
0.25379
0.20012
0.35759
0.20165
0.38193
0.36121
0.26579
0.26994
0.23535
0.34337
0.27551
0.23603
0.34821
0.41209
0.31379
0.29057
0.35670
0.36984
0.21795
0.27306
0.29259
0.39462
0.23272
0.23491
0.24659
0.35622
0.28566
0.25432
0.26759
0.33342
0.37869
0.22516
0.29293
0.33303
0.30627
0.31524
0.25344
0.36990
0.27874
0.29734
0.30155
0.32132
0.33504
0.27090
0.28711
0.24238
0.32662
0.26561
0.24457
0.33768
0.27005
0.23057
0.30896
0.13959
0.28953
0.22836
0.09274
0.19731
0.23603
0.24660
0.23949
0.20505
0.25201
0.35828
0.21717
0.09576
0.23827
0.05873
0.28453
0.29186
0.18270
0.27811
0.10811
0.20785
0.21191
0.22550
0.09143
0.11370
0.24593
0.26468
0.16526
0.22490
0.28517
0.14288
0.30826
0.18504
0.04319
0.09732
0.15523
0.29833
0.18574
0.23459
0.24557
0.32398
0.05807
0.10986
0.05638
0.08809
0.29578
0.13782
0.16153
0.20617
0.30639
0.13913
0.28423
0.20922
0.09151
0.27199
0.06222
0.03744
0.28462
0.21708
0.22674
0.13439
0.11308
0.19006
0.19035
0.28484
0.25149
0.10560
0.08830
0.18908
0.20632
0.24566
0.20714
0.15193
0.26680
0.20944
0.16146
0.25544
0.28630
0.14227
0.10331
0.18508
0.17051
0.08307
0.25051
0.13576
0.18281
0.26137
0.25657
0.19348
0.35035
0.23688
0.27957
0.21827
0.22333
0.16492
0.04966
0.25452
0.12257
0.09818
0.23535
0.22033
0.30960
0.24371
0.10255
0.05963
0.10901
0.25036
0.20149
0.31051
0.14728
0.17411
0.32649
0.15623
0.26911
0.16026
0.07344
0.06304
0.14546
0.08722
0.10115
0.25686
0.28760
0.12786
0.04461
0.04470
0.08844
0.08427
0.29346
