0.08661
0.10558
0.06690
0.25070
0.04737
0.12972
0.20656
0.11791
0.14570
0.07875
0.14742
0.13069
0.11688
0.12684
0.08749
0.21839
0.11797
0.10104
0.07986
0.15551
0.26059
0.12581
0.14591
0.05561
0.15425
0.12373
0.10938
0.22002
0.07018
0.11834
0.13491
0.24013
0.17236
0.10829
0.06943
0.10272
0.14484
0.07865
0.11075
0.12585
0.31524
0.24316
0.07489
0.11692
0.25995
0.18921
0.10572
0.22773
0.16962
0.11378
0.10003
0.12451
0.11223
0.28803
0.09164
0.20910
0.22726
0.09163
0.12030
0.08343
0.29504
0.22404
0.11959
0.20378
0.27082
0.29362
0.05272
0.15381
0.11518
0.05291
0.11643
0.27674
0.27982
0.18320
0.23210
0.08989
0.09872
0.03457
0.20379
0.15682
0.28593
0.16319
0.26158
0.28543
0.23369
0.36491
0.10908
0.05336
0.14390
0.25272
0.28516
0.15256
0.04948
0.27454
0.05360
0.13263
0.17197
0.21701
0.19634
0.12720
0.08978
0.12379
0.12199
0.10902
0.19466
0.30339
0.09334
0.19320
0.18106
0.27737
0.01198
0.21701
0.05260
0.23502
0.11389
0.12967
0.27290
0.05738
0.05493
0.14641
0.24704
0.08903
0.26757
0.02797
0.05882
0.11988
0.31158
0.29603
0.10695
0.18534
0.07268
0.10701
0.32355
0.33072
0.11112
0.12058
0.04072
0.25778
0.21722
0.02853
0.16956
0.02369
0.30692
0.12828
0.14256
0.29819
0.05962
0.32367
0.16986
0.08739
0.22246
0.21444
0.11835
0.28062
0.27488
0.30211
0.08379
0.13022
0.15652
0.19711
0.22757
0.21876
0.23162
0.28627
0.09764
0.08421
0.26172
0.30984
0.05261
0.25069
0.04549
0.19938
0.22610
0.02408
0.09200
0.20350
0.03008
0.06214
0.12297
0.24453
0.04611
0.10751
0.21808
0.13738
0.08362
0.14230
0.20467
0.23084
0.24160
0.14486
0.10450
0.05326
0.03259
0.11973
0.11303
0.18976
0.16973
0.13355
0.06037
0.25581
0.20541
0.06002
0.11871
0.15319
0.05456
0.17681
0.08253
0.18329
0.22742
0.08875
0.18561
0.22035
0.08977
0.25133
0.26937
0.24978
0.12959
0.24311
0.17534
0.34648
0.07331
0.17618
0.13240
0.06788
0.06391
0.05160
0.14747
0.15603
0.15224
0.04878
0.24480
0.07735
0.25269
0.08064
0.06265
0.25770
0.11295
0.02966
0.11378
0.27792
0.06671
0.28357
0.07684
0.12097
0.18189
0.23099
0.11846
0.05235
0.09266
0.11390
0.11809
0.09002
0.07384
0.22965
0.14852
0.14856
0.18307
0.09909
0.07468
0.14064
0.12222
0.13401
0.20682
0.14698
0.10382
0.26786
0.23223
0.09490
0.15372
0.03997
0.06570
0.12688
0.03896
0.03780
0.36977
0.11597
0.03872
0.17609
0.14423
0.06565
0.13678
0.31518
0.12385
0.04689
0.30193
0.13257
0.16409
0.18041
0.11576
0.10674
0.05264
0.06467
0.18277
0.20895
0.13190
0.10908
0.17399
0.16052
0.17653
0.10938
0.31476
0.22404
0.22260
0.11228
0.08784
0.27888
0.29532
0.29013
0.02558
0.25226
0.11097
0.27546
0.11443
0.06928
0.12187
0.10991
0.09606
0.19062
0.21465
0.06785
0.07043
0.08139
0.24050
0.18448
0.20334
0.08783
0.23516
0.26133
0.12845
0.06331
0.20995
0.30414
0.37167
0.26312
0.31774
0.17747
0.22048
0.26107
0.26448
0.22196
0.06517
0.06516
0.07767
0.21630
0.04317
0.07508
0.18374
0.08830
0.20063
0.07061
0.16022
0.11064
0.23797
0.30178
0.22759
0.13261
0.30859
0.11426
0.18041
0.29591
0.04884
0.20335
0.05344
0.10290
0.17753
0.07056
0.20977
0.33565
0.07057
0.04944
0.14521
0.26046
0.13132
0.05849
0.05654
0.05736
0.08834
0.05813
0.17569
0.06191
0.26882
0.14948
0.16142
0.05593
0.17075
0.29244
0.18962
0.28215
0.35018
0.20097
0.28969
0.30453
0.30303
0.30882
0.26724
0.26365
0.35160
0.26530
0.25643
0.27151
0.22876
0.30299
0.18936
0.37705
0.32623
0.26566
0.26522
0.25947
0.24599
0.36082
0.29661
0.22625
0.30889
0.33640
0.21557
0.24216
0.31919
0.27127
0.23163
0.24305
0.28537
0.30647
0.26568
0.23517
0.34287
0.25827
0.24292
0.32024
0.22468
0.30362
0.35817
0.29854
0.30665
0.30093
0.28135
0.23752
0.29746
0.33166
0.24259
0.30402
0.32970
0.25869
0.27186
0.31720
0.20733
0.31768
0.25086
0.28938
0.30170
0.28960
0.27109
0.19090
0.28656
0.37004
0.14938
0.26617
0.20555
0.18092
0.20076
0.37392
0.31606
0.32930
0.18572
0.35196
0.27017
0.27343
0.35998
0.30219
0.28028
0.27518
0.24943
0.28613
0.19121
0.35018
0.29031
0.21873
0.18354
0.32385
0.18715
0.26838
0.29080
0.25820
0.34275
0.31427
0.21077
0.32848
0.31498
0.18243
0.19413
0.29702
0.18266
0.18218
0.18205
0.32037
0.34443
0.27323
0.27420
0.24965
0.31318
0.19741
0.28119
0.26531
0.28729
0.20723
0.27195
0.28012
0.24319
0.18636
0.34627
0.29256
0.21145
0.30508
0.30819
0.26345
0.36093
0.30511
0.25205
0.26891
0.22046
0.27687
0.29342
0.28017
0.25141
0.22559
0.18783
0.30593
0.23451
0.27691
0.22235
0.25667
0.29773
0.29301
0.21144
0.24225
0.28316
0.22713
0.28946
0.20131
0.25621
0.24612
0.23648
0.22653
0.30746
0.31883
0.32165
0.25059
0.23225
0.31305
0.24710
0.22992
0.21882
0.29433
0.31713
0.17276
0.20765
0.29591
0.27341
0.20899
0.17593
0.25014
0.26249
0.19141
0.23743
0.24312
0.28828
0.18154
0.24057
0.26508
0.26817
0.20452
0.27183
0.27428
0.26034
0.37796
0.20739
0.30244
0.22970
0.37700
0.31844
0.27416
0.27847
0.29822
0.28317
0.20636
0.31247
0.28659
0.26251
0.29312
0.28727
0.33562
0.24485
0.29747
0.24751
0.33427
0.22527
0.27194
0.23812
0.27382
0.26678
0.28085
0.22378
0.23302
0.26664
0.31980
0.22261
0.31989
0.24938
0.26924
0.30182
0.28751
0.28072
0.16935
0.20718
0.32015
0.32306
0.25309
0.27792
0.29624
0.25312
0.24810
0.23063
0.30116
0.30076
0.27199
0.24715
0.20267
0.29917
0.30084
0.26963
0.26539
0.18787
0.33251
0.30404
0.19401
0.22469
0.27729
0.29621
0.29062
0.28384
0.26055
0.35570
0.35154
0.16623
0.25604
0.32693
0.27455
0.27627
0.30343
0.33275
0.23208
0.22872
0.22022
0.26611
0.28560
0.35554
0.29691
0.30940
0.28975
0.24152
0.25731
0.29663
0.27755
0.18980
0.32007
0.23040
0.24999
0.33388
0.30166
0.26308
0.24985
0.24869
0.29397
0.33205
0.34349
0.26792
0.28988
0.20752
0.31842
0.31103
0.15080
0.28321
0.21792
0.22125
0.28496
0.24347
0.25060
0.23065
0.24968
0.21122
0.22636
0.25475
0.34020
0.28689
0.25816
0.20527
0.27478
0.24528
0.24440
0.20873
0.32248
0.28757
0.33672
0.26485
0.27168
0.28780
0.26211
0.25434
0.29216
0.18884
0.32710
0.27336
0.33924
0.28223
0.29297
0.35483
0.26140
0.26357
0.28382
0.18816
0.19081
0.27739
0.22253
0.30305
0.30448
0.26713
0.31831
0.37838
0.31605
0.31921
0.26385
0.32112
0.28233
0.35659
0.25333
0.27313
0.32798
0.32674
0.29192
0.33403
0.37986
0.23147
0.26798
0.33349
0.24941
0.29808
0.32252
0.23983
0.24866
0.34810
0.22828
0.28229
0.32042
0.29859
0.23228
0.25290
0.26476
0.29078
0.28732
0.31237
0.29595
0.24197
0.30474
0.26728
0.30699
0.26550
0.27833
0.16393
0.34203
0.30891
0.34217
0.30524
0.30531
0.38757
0.39650
0.25992
0.20736
0.31199
0.35863
0.26313
0.20481
0.31090
0.34581
0.24536
0.25135
0.31836
0.20474
0.27020
0.27253
0.31369
0.35711
0.39856
0.31529
0.30314
0.27180
0.38462
0.28556
0.29152
0.29342
0.32686
0.29135
0.21510
0.28853
0.42973
0.24403
0.39210
0.39104
0.19894
0.28218
0.33730
0.31871
0.24893
0.25443
0.26831
0.23415
0.28614
0.29544
0.30363
0.28416
0.35039
0.25824
0.29123
0.25582
0.21015
0.25219
0.37931
0.22310
0.13595
0.33476
0.18094
0.18517
0.39160
0.15280
0.21629
0.24433
0.27575
0.23958
0.43962
0.19565
0.32441
0.38694
0.24472
0.22882
0.27077
0.24347
0.21951
0.35524
0.19408
0.37305
0.32712
0.28796
0.23884
0.25605
0.33316
0.29402
0.21546
0.28977
0.40954
0.32287
0.29295
0.35358
0.37628
0.24316
0.26182
0.28137
0.36588
0.19019
0.22256
0.24767
0.33171
0.27360
0.23862
0.25082
0.33344
0.37073
0.24707
0.29287
0.33697
0.29508
0.29329
0.24015
0.34556
0.30122
0.24612
0.28717
0.30070
0.31530
0.27909
0.30465
0.24949
0.32884
0.24747
0.27291
0.31287
0.30385
0.24666
0.30131
0.21466
0.29637
0.21965
0.02092
0.15681
0.20709
0.20517
0.23822
0.19661
0.25338
0.33531
0.14650
0.04830
0.19090
0.03237
0.27632
0.27179
0.16662
0.28385
0.05789
0.10199
0.18320
0.17298
0.07783
0.08084
0.20200
0.27059
0.22628
0.22433
0.26004
0.06376
0.32543
0.24520
0.03551
0.02045
0.08372
0.28545
0.12094
0.18743
0.22262
0.28884
0.04524
0.05517
0.13401
0.05454
0.26256
0.06008
0.12580
0.17847
0.25128
0.08241
0.28839
0.21772
0.02937
0.27982
0.03696
0.03145
0.19775
0.19318
0.23697
0.06415
0.04730
0.21480
0.19834
0.32785
0.21309
0.03816
0.03634
0.13798
0.21914
0.10849
0.16643
0.08630
0.24790
0.16895
0.11301
0.27775
0.30585
0.08665
0.14226
0.10426
0.06362
0.01852
0.17275
0.09568
0.19817
0.25428
0.25799
0.20108
0.32952
0.23600
0.23071
0.19609
0.19776
0.14266
0.00969
0.25290
0.05736
0.05521
0.24167
0.26659
0.28157
0.26408
0.07447
0.02742
0.13376
0.21208
0.22244
0.24517
0.12600
0.14545
0.30349
0.16260
0.22803
0.12283
0.05197
0.04409
0.13420
0.05426
0.04920
0.22912
0.30285
0.09923
0.10689
0.05355
0.07133
0.07062
0.21063
