0.10744
0.09716
0.03569
0.20953
0.10449
0.13054
0.21995
0.13026
0.17314
0.06271
0.19990
0.11579
0.14533
0.11400
0.10023
0.21382
0.09465
0.10830
0.08904
0.15021
0.27979
0.13505
0.14977
0.04456
0.22866
0.11400
0.10360
0.24118
0.07974
0.14476
0.14118
0.24914
0.16303
0.09762
0.05543
0.09955
0.14788
0.07199
0.09490
0.13268
0.30745
0.24256
0.08298
0.15222
0.28247
0.21416
0.13502
0.20383
0.15103
0.12090
0.09908
0.13887
0.11262
0.29005
0.09164
0.24433
0.25043
0.09637
0.12691
0.05770
0.26256
0.26595
0.08283
0.19448
0.27137
0.30710
0.05605
0.15762
0.09743
0.04458
0.13314
0.28844
0.32519
0.16554
0.28508
0.12837
0.05579
0.02366
0.19213
0.14456
0.32109
0.19191
0.29203
0.27713
0.27507
0.35033
0.09304
0.06913
0.11109
0.24845
0.29945
0.16629
0.05897
0.25681
0.05607
0.13920
0.17318
0.21988
0.20195
0.13692
0.08839
0.14183
0.10788
0.11155
0.19153
0.28267
0.15210
0.16769
0.16223
0.29790
0.04352
0.23487
0.05438
0.23916
0.12849
0.14843
0.27797
0.04446
0.06370
0.13017
0.22716
0.05081
0.25929
0.02443
0.07164
0.12994
0.28968
0.28772
0.16396
0.23035
0.10484
0.14486
0.30227
0.31478
0.09698
0.13841
0.06810
0.25675
0.25510
0.06914
0.16983
0.05060
0.28578
0.16903
0.13835
0.27948
0.07923
0.34525
0.15967
0.08806
0.16643
0.20914
0.10093
0.29242
0.32150
0.32125
0.09994
0.18573
0.14857
0.20528
0.27134
0.25597
0.28645
0.31223
0.09078
0.08919
0.29463
0.29347
0.07489
0.28464
0.03079
0.21651
0.23475
0.03690
0.10067
0.19315
0.06406
0.05563
0.16566
0.24383
0.05640
0.11126
0.15524
0.12650
0.05336
0.20170
0.23422
0.25048
0.24331
0.19262
0.13917
0.06870
0.05023
0.15924
0.13871
0.23097
0.15588
0.15825
0.07815
0.27610
0.24023
0.07933
0.16430
0.14081
0.05079
0.24674
0.09602
0.17509
0.24884
0.09848
0.25741
0.20787
0.08363
0.26093
0.26439
0.26131
0.12507
0.24672
0.22230
0.33750
0.08654
0.24083
0.07754
0.03731
0.09835
0.05130
0.16679
0.16638
0.13133
0.06383
0.24692
0.07679
0.25401
0.10983
0.01889
0.27970
0.11770
0.03910
0.10871
0.28239
0.07805
0.26574
0.09077
0.12833
0.13826
0.23208
0.10573
0.03752
0.11035
0.10167
0.12502
0.09073
0.10176
0.30600
0.13689
0.16450
0.19128
0.05027
0.07779
0.13931
0.17799
0.13908
0.19984
0.13857
0.19138
0.25344
0.28752
0.09856
0.19935
0.05207
0.09043
0.13305
0.04478
0.03155
0.39897
0.15128
0.06984
0.21556
0.10822
0.07599
0.14218
0.31789
0.13272
0.05714
0.31191
0.12179
0.18302
0.18012
0.13806
0.17527
0.06929
0.05303
0.18037
0.17239
0.13957
0.09785
0.14251
0.17789
0.18524
0.12014
0.32904
0.23977
0.25292
0.12939
0.08265
0.30397
0.34267
0.32190
0.02000
0.25339
0.11665
0.28398
0.11840
0.07675
0.15573
0.10507
0.09598
0.19098
0.24881
0.07724
0.06792
0.06185
0.29766
0.14711
0.22416
0.15510
0.25908
0.24657
0.16160
0.04886
0.23226
0.27231
0.37235
0.25094
0.32623
0.22090
0.21156
0.29686
0.26904
0.27712
0.05094
0.06633
0.11153
0.23260
0.08025
0.05574
0.17899
0.12388
0.20407
0.07359
0.16275
0.11536
0.25420
0.30111
0.25096
0.17078
0.32394
0.07658
0.11538
0.31459
0.08006
0.18391
0.03883
0.08148
0.16098
0.08781
0.23830
0.32842
0.05564
0.07459
0.13996
0.26110
0.10628
0.03523
0.06353
0.05766
0.07116
0.09133
0.17029
0.07121
0.29101
0.15105
0.20950
0.05078
0.18589
0.29156
0.18957
0.26971
0.36274
0.15111
0.28938
0.30945
0.26340
0.30124
0.27834
0.24505
0.36074
0.23174
0.24511
0.23384
0.22866
0.27951
0.19251
0.37076
0.33392
0.25469
0.24452
0.25247
0.23306
0.34965
0.25681
0.21230
0.32769
0.34432
0.21741
0.23997
0.32078
0.28797
0.24121
0.25468
0.26930
0.31830
0.25551
0.24557
0.35368
0.23401
0.22328
0.30831
0.14545
0.31910
0.35481
0.29437
0.27464
0.27759
0.25786
0.26156
0.25626
0.33485
0.20236
0.28150
0.32079
0.24634
0.24991
0.29237
0.16103
0.27890
0.26031
0.28474
0.30862
0.28889
0.24742
0.19288
0.27159
0.35554
0.13144
0.28128
0.21743
0.19157
0.19076
0.36030
0.28804
0.33981
0.16158
0.35762
0.27385
0.28301
0.36894
0.33049
0.28372
0.28345
0.24521
0.28119
0.18444
0.34541
0.26320
0.20759
0.16503
0.33025
0.20686
0.26598
0.30317
0.26601
0.35128
0.33100
0.21740
0.31810
0.33273
0.18183
0.16644
0.26563
0.18138
0.19792
0.12015
0.26628
0.35491
0.23763
0.25836
0.23739
0.28156
0.22524
0.29810
0.23695
0.26036
0.18414
0.28894
0.27134
0.22028
0.16740
0.33697
0.29616
0.18685
0.25840
0.32405
0.24819
0.35292
0.31237
0.23877
0.25697
0.24452
0.29362
0.31042
0.26115
0.23047
0.23655
0.15239
0.29264
0.21355
0.26265
0.23387
0.26538
0.30728
0.29146
0.21605
0.21653
0.28668
0.21173
0.26692
0.19719
0.21710
0.19487
0.23289
0.20787
0.31823
0.33431
0.32063
0.21848
0.18653
0.33067
0.19840
0.19289
0.19939
0.30088
0.27349
0.17064
0.17206
0.25933
0.24313
0.18948
0.15354
0.21311
0.26488
0.20089
0.24612
0.24402
0.29540
0.17619
0.22933
0.27613
0.26876
0.20482
0.27239
0.24498
0.25183
0.37734
0.18071
0.27050
0.23782
0.36355
0.31911
0.22621
0.27615
0.25921
0.25931
0.18050
0.29487
0.25673
0.24308
0.29238
0.27211
0.35137
0.25821
0.30379
0.21266
0.34856
0.19991
0.26855
0.20733
0.25016
0.27119
0.23189
0.21005
0.23785
0.21973
0.31684
0.18873
0.31963
0.24326
0.25569
0.30581
0.30213
0.28129
0.12779
0.21055
0.33412
0.32597
0.22639
0.24828
0.27962
0.28305
0.21428
0.23078
0.30628
0.29918
0.25387
0.23235
0.18714
0.26662
0.31533
0.27015
0.25250
0.26406
0.33218
0.25226
0.17251
0.16773
0.29244
0.29592
0.28498
0.26866
0.21420
0.34218
0.35040
0.14794
0.24758
0.33627
0.24812
0.25456
0.30709
0.34201
0.24270
0.17261
0.19945
0.24742
0.27394
0.35789
0.25249
0.27781
0.26219
0.24631
0.27203
0.30389
0.27952
0.16473
0.33315
0.20164
0.24054
0.34244
0.29601
0.24951
0.24996
0.23420
0.30694
0.33018
0.35051
0.23512
0.29243
0.20347
0.28040
0.30362
0.11853
0.25715
0.21880
0.22894
0.27526
0.24003
0.26669
0.25403
0.25458
0.23619
0.23308
0.22666
0.35255
0.25678
0.23155
0.18885
0.29802
0.24215
0.25467
0.18614
0.32464
0.29004
0.32388
0.22567
0.23101
0.26696
0.26939
0.24927
0.27224
0.16477
0.30746
0.28140
0.33767
0.28500
0.28774
0.35561
0.27961
0.25154
0.27492
0.15650
0.18507
0.27056
0.21665
0.27481
0.31324
0.26750
0.31141
0.38130
0.31318
0.34023
0.26886
0.30790
0.28556
0.36064
0.24027
0.28790
0.32583
0.32372
0.26756
0.32872
0.38179
0.23337
0.24038
0.31477
0.19823
0.32966
0.32517
0.23732
0.25078
0.33803
0.22755
0.23974
0.32336
0.25733
0.23844
0.21397
0.24242
0.26753
0.30123
0.29073
0.28330
0.23818
0.28185
0.27375
0.28585
0.26513
0.25310
0.14889
0.33254
0.33909
0.36099
0.34277
0.31366
0.40153
0.39563
0.28300
0.18986
0.31160
0.39529
0.27158
0.18954
0.31128
0.35631
0.26724
0.24725
0.30876
0.28059
0.27594
0.24950
0.33511
0.35131
0.38403
0.30067
0.31644
0.27106
0.40438
0.29414
0.28152
0.28537
0.35016
0.29479
0.18520
0.31914
0.44365
0.25777
0.40342
0.40730
0.21469
0.27871
0.35002
0.30136
0.27615
0.26165
0.28122
0.21550
0.28215
0.32804
0.30716
0.31067
0.37140
0.28824
0.30529
0.25197
0.19802
0.26600
0.38204
0.22573
0.12616
0.34935
0.14115
0.22032
0.38201
0.16069
0.25816
0.23016
0.25866
0.24658
0.43549
0.19952
0.33812
0.38462
0.23333
0.26047
0.26756
0.22048
0.19784
0.35094
0.18810
0.37615
0.35205
0.27260
0.24370
0.25071
0.35549
0.26034
0.22011
0.34834
0.42322
0.31822
0.28859
0.35391
0.38557
0.24206
0.25657
0.26044
0.40965
0.21406
0.22823
0.22756
0.35131
0.29354
0.25359
0.28178
0.31973
0.34794
0.24070
0.29667
0.33486
0.30007
0.30103
0.24243
0.36952
0.30206
0.26998
0.29570
0.31066
0.34348
0.25701
0.28647
0.24694
0.33571
0.23746
0.27138
0.31520
0.30146
0.22164
0.31340
0.14250
0.31019
0.21837
0.03611
0.07935
0.18757
0.15681
0.28743
0.20046
0.22804
0.34222
0.20530
0.08288
0.19561
0.03142
0.25627
0.23226
0.12018
0.29736
0.06784
0.11446
0.12771
0.19683
0.03703
0.15031
0.19005
0.28584
0.22018
0.21465
0.27798
0.03425
0.29384
0.25704
0.03385
0.06317
0.10915
0.24362
0.14673
0.21330
0.18068
0.28591
0.06408
0.05029
0.07242
0.10723
0.24479
0.09034
0.12402
0.19493
0.29490
0.12322
0.29972
0.21246
0.07272
0.30180
0.07033
0.06249
0.19321
0.20634
0.27201
0.06969
0.04932
0.20839
0.19781
0.31736
0.26826
0.02396
0.10181
0.15976
0.21080
0.19815
0.16022
0.13726
0.22668
0.15933
0.09997
0.26283
0.27949
0.08870
0.11823
0.14984
0.08376
0.04757
0.23797
0.14722
0.19720
0.26392
0.22902
0.20000
0.30421
0.25247
0.25850
0.17630
0.21379
0.21381
0.01767
0.24218
0.09479
0.03182
0.21195
0.22776
0.29879
0.25722
0.06378
0.07034
0.10093
0.22985
0.25480
0.28712
0.05797
0.16832
0.30200
0.14337
0.22527
0.09245
0.01170
0.05293
0.12850
0.07383
0.08798
0.28677
0.29242
0.06803
0.12160
0.02714
0.05797
0.04431
0.31317
