0.11419
0.08749
0.06755
0.21491
0.09405
0.13108
0.23336
0.13184
0.20040
0.06235
0.15804
0.11210
0.11364
0.11950
0.15954
0.22939
0.11893
0.09073
0.07614
0.15784
0.27751
0.10934
0.13215
0.03222
0.21391
0.13539
0.11825
0.18186
0.06390
0.11238
0.10832
0.27258
0.14486
0.09457
0.07707
0.09777
0.12843
0.09719
0.10953
0.13127
0.31139
0.23923
0.07577
0.11626
0.29882
0.18528
0.13929
0.21754
0.19129
0.12747
0.09516
0.13422
0.13065
0.31720
0.09146
0.21078
0.23841
0.09629
0.12023
0.06258
0.25977
0.28779
0.10333
0.20445
0.28174
0.31513
0.05917
0.19567
0.09468
0.06400
0.11826
0.30313
0.34495
0.16268
0.22021
0.10277
0.04748
0.04140
0.20317
0.16120
0.26728
0.11280
0.27434
0.24682
0.26201
0.36335
0.09370
0.06424
0.12000
0.21729
0.29190
0.13375
0.05696
0.25190
0.05078
0.13329
0.18260
0.19926
0.15869
0.17654
0.09649
0.14557
0.12201
0.12502
0.20739
0.31409
0.12218
0.17455
0.16717
0.28166
0.01968
0.23738
0.07003
0.23359
0.10972
0.14372
0.26115
0.04611
0.05235
0.15806
0.23297
0.08654
0.26956
0.00674
0.06919
0.10928
0.32422
0.30421
0.17194
0.23165
0.08134
0.10540
0.32494
0.32712
0.10346
0.15960
0.07419
0.26469
0.24572
0.05116
0.18339
0.03386
0.29118
0.12416
0.13318
0.27911
0.08076
0.32918
0.15375
0.08948
0.17352
0.22435
0.10318
0.29093
0.30563
0.31635
0.09163
0.18216
0.16940
0.17150
0.28978
0.30676
0.26109
0.35443
0.08463
0.12068
0.25106
0.28136
0.05699
0.29515
0.03088
0.20031
0.20934
0.02990
0.08282
0.21485
0.06861
0.04944
0.14640
0.28101
0.09654
0.09816
0.23374
0.15878
0.05576
0.14750
0.22202
0.22604
0.23745
0.18018
0.10579
0.06945
0.05709
0.12487
0.12003
0.26758
0.16265
0.17595
0.11300
0.27419
0.21199
0.06846
0.18056
0.13998
0.05726
0.20274
0.05601
0.16918
0.24879
0.09133
0.22888
0.21033
0.09070
0.25033
0.26655
0.25334
0.11897
0.26515
0.21590
0.33496
0.08377
0.15272
0.07431
0.04089
0.09218
0.03812
0.13746
0.15161
0.13416
0.03325
0.21534
0.08108
0.22647
0.08927
0.02573
0.25934
0.10979
0.02701
0.10451
0.26765
0.05717
0.29573
0.07894
0.10648
0.13265
0.19662
0.10740
0.04642
0.10248
0.10690
0.10599
0.09287
0.10615
0.27984
0.13466
0.15743
0.16694
0.11702
0.03808
0.14776
0.23539
0.11720
0.23876
0.13104
0.12196
0.22120
0.28485
0.09018
0.20272
0.04259
0.07498
0.12833
0.06358
0.02248
0.36111
0.14498
0.06950
0.18705
0.19095
0.05428
0.09572
0.34348
0.15274
0.04373
0.29165
0.11627
0.17730
0.16087
0.15634
0.15403
0.07897
0.06644
0.16322
0.17802
0.16246
0.09432
0.15278
0.13904
0.18457
0.14428
0.35814
0.25146
0.26359
0.11877
0.08412
0.29240
0.29876
0.33764
0.02739
0.25235
0.14121
0.28827
0.13675
0.05500
0.18298
0.15048
0.12149
0.14780
0.21719
0.07033
0.05811
0.06269
0.25780
0.17840
0.26547
0.12494
0.24466
0.25612
0.13205
0.05890
0.24835
0.26058
0.34647
0.22264
0.31930
0.24709
0.22251
0.28588
0.28206
0.26164
0.05147
0.07007
0.09706
0.21846
0.03483
0.05421
0.19707
0.12120
0.22264
0.08768
0.16733
0.12092
0.25193
0.26348
0.26313
0.18116
0.30915
0.08245
0.12099
0.30495
0.07508
0.17045
0.03651
0.06907
0.20837
0.04510
0.24875
0.34153
0.05325
0.07096
0.13557
0.22529
0.09952
0.03113
0.04136
0.05409
0.05229
0.11015
0.18787
0.07245
0.27915
0.13238
0.14806
0.07752
0.16017
0.30220
0.22071
0.29412
0.35054
0.19973
0.28003
0.32301
0.32000
0.33449
0.29100
0.27655
0.34412
0.25230
0.24847
0.27129
0.22588
0.31994
0.19320
0.37912
0.30365
0.23618
0.27341
0.26429
0.25416
0.35248
0.30252
0.26007
0.29963
0.33825
0.23036
0.27553
0.32545
0.28206
0.25763
0.26064
0.30575
0.30274
0.27006
0.22382
0.34615
0.26608
0.26424
0.34164
0.21795
0.30753
0.34109
0.30836
0.30062
0.32129
0.30320
0.24691
0.30066
0.33508
0.21403
0.30768
0.32110
0.26498
0.28743
0.32010
0.19667
0.30877
0.25279
0.27485
0.31212
0.29347
0.28108
0.17763
0.27781
0.37784
0.12208
0.27757
0.23039
0.20510
0.17906
0.35489
0.31353
0.33215
0.17717
0.35251
0.27702
0.28472
0.37067
0.30751
0.29913
0.27101
0.24024
0.29204
0.17170
0.35401
0.29764
0.24144
0.18015
0.33634
0.20935
0.26288
0.29580
0.27572
0.34712
0.31987
0.22953
0.31302
0.31644
0.17308
0.16425
0.30809
0.18658
0.17871
0.14540
0.30009
0.34960
0.29275
0.28875
0.24500
0.31875
0.21536
0.31411
0.28950
0.28862
0.20511
0.27774
0.30413
0.19853
0.19425
0.33236
0.30402
0.19680
0.29959
0.30629
0.26505
0.35480
0.30675
0.23622
0.28450
0.21521
0.28480
0.30376
0.29550
0.27516
0.25818
0.18671
0.31521
0.23169
0.30806
0.24022
0.29327
0.32367
0.29431
0.20319
0.22611
0.28054
0.20252
0.30685
0.19493
0.24190
0.23587
0.24247
0.23228
0.30806
0.31943
0.32187
0.23106
0.21002
0.32284
0.22648
0.23791
0.23700
0.29174
0.30437
0.16522
0.19582
0.27594
0.29279
0.21948
0.16880
0.24659
0.26647
0.23228
0.24870
0.25208
0.32166
0.17662
0.26668
0.26731
0.30224
0.20419
0.31699
0.27881
0.26218
0.37666
0.19448
0.28964
0.24003
0.35641
0.30866
0.28561
0.28272
0.29964
0.25736
0.20966
0.29765
0.26940
0.28163
0.27764
0.27969
0.33626
0.24504
0.29164
0.23679
0.34867
0.23508
0.29602
0.22839
0.28449
0.27591
0.25825
0.19300
0.23961
0.25808
0.30937
0.21801
0.32615
0.25490
0.28150
0.30723
0.28017
0.26299
0.16190
0.21478
0.31869
0.32223
0.26469
0.29601
0.31365
0.27762
0.25743
0.23382
0.31128
0.29350
0.28865
0.25360
0.18028
0.31125
0.30648
0.26441
0.28179
0.19368
0.35284
0.31220
0.20844
0.19965
0.28528
0.29220
0.29384
0.28822
0.26851
0.34582
0.34993
0.15712
0.24576
0.32597
0.26970
0.29716
0.31220
0.34385
0.24705
0.19280
0.19173
0.27486
0.29851
0.36024
0.29062
0.28597
0.29873
0.24457
0.27203
0.29656
0.27382
0.18207
0.33635
0.22900
0.23495
0.34833
0.30488
0.26898
0.25243
0.27294
0.28580
0.35940
0.35079
0.25997
0.28510
0.20426
0.31650
0.29726
0.14814
0.27639
0.20680
0.25709
0.29737
0.23695
0.28291
0.23983
0.27257
0.23943
0.23871
0.26400
0.34648
0.30557
0.28037
0.20879
0.29647
0.25394
0.26279
0.22069
0.31331
0.27499
0.32793
0.25991
0.27947
0.30579
0.28297
0.24822
0.26813
0.19643
0.32841
0.28966
0.33036
0.29607
0.28780
0.34454
0.27756
0.26740
0.32134
0.17882
0.19087
0.31076
0.22909
0.31853
0.30944
0.29399
0.32976
0.38845
0.30173
0.31451
0.26796
0.30420
0.29564
0.35580
0.27549
0.27947
0.33273
0.32565
0.31724
0.33658
0.38637
0.22461
0.24153
0.30051
0.24005
0.31870
0.31405
0.23981
0.25982
0.34246
0.23081
0.28357
0.33052
0.30493
0.27295
0.27447
0.26712
0.27100
0.29435
0.32970
0.29190
0.26071
0.32648
0.27334
0.31958
0.28868
0.27020
0.15079
0.33698
0.34361
0.34389
0.33819
0.31020
0.41240
0.42335
0.29424
0.17816
0.33311
0.38016
0.28263
0.18859
0.32103
0.33404
0.23749
0.26913
0.30275
0.25899
0.26987
0.27558
0.34610
0.34250
0.38359
0.30571
0.32917
0.29784
0.40460
0.29709
0.29462
0.31167
0.34566
0.30194
0.18970
0.30516
0.45268
0.27495
0.41778
0.42549
0.18739
0.29626
0.37999
0.32342
0.26936
0.27250
0.29874
0.23986
0.27682
0.31709
0.27481
0.28608
0.37901
0.29720
0.30221
0.24747
0.20988
0.27190
0.40780
0.21493
0.10288
0.33186
0.16306
0.21900
0.41501
0.14284
0.26642
0.22151
0.30152
0.26034
0.43412
0.17686
0.35159
0.41166
0.25125
0.20962
0.27723
0.23822
0.21062
0.37426
0.18307
0.35794
0.32926
0.28105
0.24835
0.26374
0.33987
0.29031
0.20498
0.33938
0.41736
0.31604
0.29471
0.37971
0.38412
0.23853
0.27364
0.28153
0.38169
0.17700
0.21420
0.25469
0.35231
0.29361
0.25819
0.27726
0.32711
0.35137
0.19207
0.30919
0.36153
0.29749
0.30987
0.26150
0.38226
0.31544
0.25471
0.30299
0.31725
0.34374
0.26555
0.32137
0.24215
0.34301
0.24320
0.25771
0.33411
0.31191
0.25851
0.30726
0.10875
0.26441
0.22076
0.06359
0.15587
0.15004
0.19378
0.24462
0.20952
0.27369
0.33728
0.10396
0.03969
0.16741
0.05057
0.28814
0.25906
0.18754
0.26869
0.08192
0.12131
0.17827
0.12034
0.10201
0.08256
0.22596
0.27721
0.22297
0.21477
0.27986
0.07592
0.26236
0.15439
0.05615
0.07299
0.06214
0.27800
0.10075
0.24191
0.16112
0.24470
0.06926
0.05716
0.02239
0.05159
0.26720
0.10262
0.16935
0.18278
0.25829
0.13128
0.27436
0.22062
0.08577
0.29846
0.10675
0.05793
0.24352
0.19561
0.19086
0.08120
0.08123
0.22391
0.18475
0.30250
0.25434
0.05341
0.14846
0.16282
0.19890
0.16613
0.21183
0.10115
0.20728
0.12875
0.10609
0.24534
0.31519
0.10312
0.12387
0.12212
0.04703
0.04036
0.22558
0.14267
0.20412
0.24819
0.29555
0.20260
0.33617
0.22168
0.23342
0.20768
0.22392
0.23009
0.02914
0.23458
0.08750
0.04290
0.20167
0.25901
0.31683
0.26568
0.08665
0.04460
0.13074
0.21776
0.20241
0.16255
0.13700
0.18472
0.23651
0.14712
0.25136
0.05923
0.03121
0.05487
0.12701
0.05834
0.05248
0.24942
0.25844
0.09967
0.12930
0.08329
0.05007
0.05724
0.23080
