0.15053
0.12648
0.07981
0.23297
0.05853
0.14231
0.20255
0.13357
0.17205
0.04059
0.17232
0.12310
0.16127
0.12567
0.06927
0.22866
0.15140
0.15030
0.04545
0.13178
0.28663
0.14508
0.15222
0.05114
0.21239
0.14856
0.09539
0.26936
0.04717
0.13619
0.12829
0.29842
0.13173
0.11634
0.12544
0.09572
0.12899
0.06391
0.11676
0.17043
0.27416
0.23441
0.08574
0.12365
0.27406
0.22030
0.15132
0.24921
0.18658
0.13214
0.10012
0.10748
0.13237
0.28063
0.09078
0.23267
0.24423
0.11213
0.11926
0.07125
0.24103
0.27924
0.11231
0.20209
0.25117
0.29940
0.05339
0.19047
0.15774
0.03880
0.11861
0.28538
0.34985
0.21628
0.24365
0.12703
0.08733
0.03681
0.21745
0.17051
0.29756
0.17763
0.32492
0.24663
0.24798
0.35759
0.11657
0.05824
0.12555
0.24113
0.30476
0.15884
0.05376
0.26693
0.04149
0.16791
0.20229
0.19959
0.18537
0.17244
0.09019
0.20116
0.12556
0.12670
0.18497
0.28971
0.12426
0.16891
0.14098
0.26260
0.02711
0.22910
0.07103
0.23180
0.12616
0.18085
0.25553
0.04956
0.04183
0.13749
0.26967
0.04490
0.27871
0.01318
0.08590
0.11516
0.28709
0.26421
0.14014
0.23491
0.06329
0.12108
0.26700
0.31009
0.12932
0.11923
0.03814
0.27174
0.26605
0.04490
0.18372
0.02068
0.26506
0.17005
0.14714
0.30103
0.07816
0.30355
0.20023
0.09213
0.15635
0.23241
0.10816
0.27420
0.30504
0.30868
0.10574
0.15492
0.16055
0.13343
0.24689
0.27766
0.21119
0.27895
0.10208
0.13669
0.28675
0.26340
0.09525
0.26684
0.03257
0.19452
0.20658
0.03107
0.07226
0.21300
0.05474
0.07603
0.21471
0.22096
0.06738
0.10498
0.19607
0.14715
0.05904
0.18566
0.19993
0.24020
0.23285
0.18521
0.10561
0.05366
0.04854
0.12386
0.12788
0.20913
0.16000
0.18766
0.08494
0.27321
0.21044
0.09489
0.13461
0.14909
0.02613
0.20966
0.05622
0.19978
0.24605
0.06876
0.23981
0.21990
0.08972
0.22435
0.21835
0.23059
0.12692
0.26645
0.20379
0.34062
0.10084
0.16660
0.15675
0.06950
0.07878
0.05477
0.17500
0.16485
0.15247
0.04515
0.23873
0.07934
0.23688
0.11239
0.03769
0.28583
0.11033
0.05131
0.12180
0.25532
0.08819
0.27790
0.08358
0.11102
0.16718
0.24009
0.10228
0.06558
0.09130
0.12270
0.12103
0.15625
0.09251
0.24199
0.17261
0.16879
0.18012
0.08789
0.05450
0.13133
0.19452
0.16061
0.20541
0.18957
0.10552
0.26718
0.30555
0.09877
0.12690
0.07234
0.08880
0.12046
0.03968
0.04904
0.34223
0.13828
0.06274
0.19269
0.15355
0.09181
0.09922
0.31108
0.12778
0.06759
0.27028
0.12472
0.23128
0.16819
0.17339
0.14651
0.08224
0.08428
0.20803
0.16884
0.14343
0.09619
0.17658
0.17159
0.17381
0.15971
0.31527
0.24571
0.26591
0.11962
0.09159
0.28623
0.31338
0.28952
0.04165
0.25043
0.15257
0.32540
0.17421
0.06348
0.14511
0.10378
0.11533
0.19573
0.20475
0.07935
0.10787
0.05559
0.24153
0.13166
0.21126
0.11257
0.21551
0.22252
0.13284
0.04657
0.24898
0.26150
0.34812
0.26946
0.30897
0.21684
0.21626
0.29306
0.26805
0.23761
0.05734
0.06806
0.15744
0.21978
0.05651
0.08375
0.18988
0.11561
0.19499
0.10047
0.15338
0.12452
0.25853
0.24571
0.23811
0.17486
0.30933
0.11201
0.11231
0.26466
0.05058
0.22153
0.04120
0.11410
0.18218
0.03936
0.24888
0.32352
0.06607
0.09655
0.12010
0.21072
0.11354
0.04620
0.05085
0.06591
0.05661
0.13903
0.19901
0.04021
0.24750
0.18658
0.17636
0.09246
0.14519
0.27220
0.25564
0.27309
0.29593
0.21096
0.23953
0.32765
0.30128
0.31725
0.26297
0.27426
0.31168
0.27087
0.23248
0.24885
0.22164
0.28736
0.18982
0.37644
0.25717
0.20541
0.26064
0.25385
0.27788
0.36780
0.29941
0.25197
0.25831
0.34142
0.25649
0.27426
0.28263
0.27384
0.25790
0.25475
0.28403
0.27185
0.28878
0.21124
0.30507
0.26409
0.27838
0.33419
0.22375
0.30960
0.30390
0.28732
0.28780
0.30676
0.27375
0.25238
0.29587
0.29547
0.26079
0.30509
0.26111
0.26093
0.26917
0.32952
0.16297
0.29992
0.26006
0.24955
0.27801
0.26468
0.26737
0.14971
0.26447
0.33039
0.11104
0.29167
0.27289
0.24094
0.16929
0.38309
0.31991
0.29722
0.18510
0.31570
0.27365
0.25241
0.34632
0.27667
0.30157
0.30311
0.24053
0.29056
0.17100
0.31454
0.29872
0.25232
0.18430
0.34574
0.19171
0.26437
0.28532
0.26799
0.30346
0.26307
0.21074
0.28109
0.28688
0.13635
0.22693
0.29650
0.17512
0.17921
0.17802
0.29698
0.31662
0.28198
0.28160
0.24561
0.29328
0.20394
0.29532
0.29032
0.30494
0.22372
0.28781
0.28640
0.20461
0.19595
0.38004
0.23631
0.27069
0.28084
0.26882
0.25265
0.38626
0.25670
0.21865
0.28201
0.19164
0.27107
0.34463
0.27576
0.25255
0.22632
0.19065
0.30030
0.24841
0.30372
0.22118
0.27848
0.30916
0.26299
0.21364
0.21399
0.30872
0.21408
0.27881
0.17250
0.21890
0.26198
0.22273
0.26635
0.33885
0.27713
0.31704
0.27205
0.26636
0.28001
0.23209
0.25864
0.26138
0.24895
0.29361
0.16019
0.19832
0.28916
0.29050
0.24456
0.17241
0.23302
0.26994
0.25023
0.22478
0.28332
0.30260
0.16076
0.30770
0.25133
0.28815
0.18456
0.29743
0.25876
0.25207
0.40469
0.20959
0.26827
0.21556
0.34468
0.28980
0.27467
0.27772
0.29774
0.28727
0.20609
0.31333
0.26618
0.28850
0.23847
0.27812
0.29714
0.23093
0.25620
0.23507
0.29664
0.26383
0.28322
0.23527
0.29239
0.29865
0.27693
0.16806
0.25317
0.23586
0.33946
0.23183
0.32583
0.24020
0.30211
0.25896
0.24314
0.25224
0.15990
0.26403
0.29742
0.26325
0.29277
0.29565
0.30030
0.27053
0.27784
0.26009
0.26395
0.30607
0.30054
0.24249
0.16148
0.29458
0.24766
0.26755
0.28286
0.17598
0.30185
0.27854
0.20971
0.23549
0.26979
0.30793
0.28716
0.28909
0.25079
0.33999
0.28983
0.16571
0.23241
0.26262
0.27419
0.28552
0.33150
0.29379
0.21049
0.23831
0.17766
0.27199
0.30267
0.32821
0.25524
0.30198
0.30157
0.23325
0.26367
0.24798
0.25590
0.19836
0.27538
0.20871
0.20512
0.28756
0.32225
0.30144
0.22715
0.27757
0.25452
0.33244
0.29029
0.27663
0.20704
0.15475
0.32260
0.29481
0.13776
0.29244
0.18370
0.27001
0.29961
0.20494
0.29657
0.23610
0.29463
0.22172
0.26939
0.21122
0.29868
0.31162
0.28051
0.20356
0.26648
0.26040
0.23596
0.24860
0.26668
0.22070
0.34948
0.24224
0.28145
0.30553
0.28176
0.27160
0.29187
0.20231
0.33683
0.27545
0.26733
0.23785
0.24547
0.33988
0.28210
0.28152
0.29355
0.15708
0.22718
0.30435
0.28099
0.30745
0.23873
0.30204
0.33577
0.36517
0.24428
0.32393
0.27518
0.25469
0.30210
0.34362
0.30354
0.28257
0.29391
0.27824
0.29851
0.29205
0.35464
0.19228
0.26136
0.31156
0.23403
0.30400
0.32781
0.23230
0.24997
0.31099
0.23174
0.30682
0.29188
0.28730
0.26698
0.27328
0.27333
0.22423
0.27028
0.33026
0.31444
0.27516
0.29762
0.27679
0.30678
0.27303
0.25213
0.14313
0.31310
0.33945
0.32986
0.31144
0.29696
0.37651
0.38509
0.26845
0.17963
0.32081
0.37766
0.26974
0.12831
0.29077
0.33557
0.22413
0.25400
0.32485
0.25504
0.25132
0.24941
0.31676
0.33115
0.37132
0.27559
0.30490
0.23867
0.36930
0.22392
0.28947
0.29006
0.30823
0.24724
0.21229
0.29800
0.41114
0.24082
0.37387
0.39157
0.15619
0.29484
0.37830
0.31033
0.27825
0.27203
0.27303
0.16307
0.25223
0.29731
0.28533
0.27182
0.35323
0.28364
0.29489
0.25202
0.21989
0.23965
0.39352
0.22933
0.12724
0.30809
0.15349
0.17185
0.38015
0.16413
0.23433
0.20964
0.25635
0.23432
0.40105
0.17384
0.31155
0.38054
0.23986
0.24463
0.25254
0.23558
0.18458
0.33983
0.15566
0.32959
0.30632
0.24145
0.23663
0.25497
0.31685
0.26745
0.19279
0.28962
0.39540
0.29873
0.27463
0.35181
0.34765
0.23890
0.22920
0.28491
0.35574
0.20031
0.17200
0.23641
0.31627
0.28000
0.24461
0.27441
0.32233
0.32202
0.20965
0.28995
0.33701
0.27545
0.30460
0.23927
0.34859
0.28565
0.22890
0.27823
0.32064
0.31953
0.25903
0.28580
0.23065
0.34773
0.23814
0.27223
0.27898
0.30903
0.22448
0.29659
0.24005
0.30429
0.23803
0.04200
0.08512
0.11506
0.24880
0.31131
0.22571
0.23333
0.33110
0.21121
0.08363
0.17079
0.04040
0.29105
0.25559
0.16847
0.28285
0.07362
0.09459
0.14610
0.22615
0.05881
0.11197
0.23030
0.27656
0.24211
0.21545
0.24950
0.05610
0.28801
0.21476
0.03895
0.08978
0.10602
0.30829
0.13919
0.15303
0.22191
0.30838
0.03068
0.06184
0.01942
0.08316
0.32620
0.12700
0.13986
0.21794
0.32935
0.11279
0.26516
0.21887
0.04055
0.30757
0.08113
0.07581
0.30138
0.17476
0.20657
0.02735
0.06201
0.21000
0.19374
0.27204
0.22419
0.01675
0.11881
0.17758
0.20258
0.11235
0.18530
0.11616
0.27616
0.22426
0.14388
0.26036
0.25240
0.07833
0.14951
0.11052
0.09617
0.02897
0.22432
0.12989
0.18637
0.20384
0.30328
0.19893
0.34838
0.17637
0.23654
0.24751
0.21624
0.17955
0.03992
0.26320
0.12449
0.08531
0.18055
0.24673
0.27377
0.23179
0.06165
0.07990
0.09808
0.20796
0.24308
0.26817
0.19683
0.14221
0.28099
0.15401
0.23424
0.09781
0.02035
0.07897
0.12570
0.03180
0.08888
0.26047
0.29726
0.07770
0.12110
0.03261
0.09958
0.05566
0.29978
