0.10552
0.10749
0.04825
0.24804
0.07680
0.14676
0.24696
0.13483
0.14694
0.04072
0.17845
0.12746
0.13409
0.13790
0.09557
0.22023
0.14471
0.08146
0.09165
0.14163
0.29366
0.11553
0.14178
0.05321
0.18592
0.13378
0.13149
0.24650
0.08470
0.12349
0.14241
0.24145
0.13165
0.09498
0.09129
0.11879
0.10783
0.04316
0.11108
0.11907
0.29577
0.26968
0.08040
0.15185
0.28271
0.25105
0.13598
0.21418
0.17730
0.12089
0.12008
0.11798
0.16866
0.30857
0.10387
0.25300
0.20604
0.12101
0.09286
0.07177
0.26996
0.24007
0.13045
0.18773
0.27507
0.32870
0.04427
0.14570
0.10561
0.02858
0.13933
0.27141
0.29998
0.18311
0.26727
0.11782
0.06926
0.03813
0.20382
0.17347
0.33148
0.16609
0.32837
0.24444
0.22945
0.33734
0.09695
0.10492
0.13980
0.26074
0.31964
0.17950
0.06622
0.23196
0.04500
0.13970
0.18412
0.19556
0.20606
0.15615
0.11785
0.17291
0.14093
0.15977
0.21954
0.25374
0.13998
0.16637
0.18935
0.28179
0.02281
0.23750
0.06515
0.22859
0.14250
0.13538
0.27724
0.06968
0.07003
0.16607
0.25645
0.11885
0.25327
0.04618
0.09008
0.15551
0.30253
0.26007
0.15971
0.23124
0.07481
0.12044
0.30545
0.32322
0.13829
0.16718
0.03713
0.27160
0.24395
0.03944
0.14894
0.04422
0.31170
0.14508
0.15058
0.28848
0.10687
0.35513
0.15157
0.08887
0.16895
0.22760
0.11269
0.29781
0.30583
0.30584
0.08794
0.17631
0.16998
0.15141
0.22364
0.24752
0.26868
0.31964
0.10661
0.12045
0.27049
0.25027
0.05558
0.22943
0.05136
0.21654
0.24699
0.04732
0.10231
0.19730
0.04233
0.04311
0.14489
0.27806
0.06155
0.10660
0.20303
0.11666
0.11589
0.13380
0.22644
0.26350
0.25795
0.19281
0.11327
0.08067
0.05214
0.11583
0.12971
0.22338
0.18680
0.16758
0.06723
0.25422
0.20051
0.09740
0.15297
0.15530
0.04802
0.17864
0.12289
0.20321
0.23050
0.11292
0.24044
0.20571
0.08741
0.21716
0.23359
0.23410
0.12949
0.26283
0.20835
0.33351
0.08141
0.19886
0.07874
0.05057
0.09857
0.07270
0.15526
0.17390
0.12339
0.01965
0.26741
0.09685
0.22893
0.10134
0.05493
0.26364
0.11611
0.04544
0.10647
0.26855
0.07068
0.31263
0.06568
0.11050
0.15257
0.20250
0.11285
0.03737
0.10161
0.13063
0.10838
0.08961
0.10904
0.21869
0.13243
0.14763
0.18356
0.06219
0.05651
0.14631
0.13079
0.15154
0.21380
0.17229
0.11437
0.20214
0.26282
0.09476
0.14192
0.05316
0.11268
0.12788
0.07676
0.03002
0.35041
0.16754
0.05218
0.22065
0.16229
0.06664
0.14810
0.30688
0.11281
0.05485
0.30649
0.11158
0.18861
0.15164
0.16422
0.14227
0.09384
0.05471
0.17972
0.19373
0.16708
0.11699
0.18878
0.17226
0.16091
0.17892
0.32137
0.25273
0.23918
0.13400
0.13526
0.29319
0.30570
0.32232
0.03461
0.27359
0.13476
0.27396
0.12692
0.06841
0.14664
0.09822
0.10091
0.19288
0.24480
0.08382
0.04766
0.10143
0.27490
0.15058
0.21241
0.12124
0.25850
0.24071
0.13983
0.04942
0.22669
0.29904
0.34845
0.26470
0.30731
0.24645
0.23688
0.29054
0.28382
0.26934
0.05198
0.07544
0.08222
0.22850
0.04810
0.05232
0.19197
0.11593
0.22698
0.11734
0.18577
0.11796
0.28854
0.29588
0.27026
0.19171
0.28182
0.13910
0.14706
0.30990
0.05808
0.17159
0.04960
0.07715
0.22452
0.04616
0.22341
0.34729
0.06107
0.05958
0.16886
0.22467
0.11655
0.05753
0.07738
0.06295
0.08705
0.08977
0.19547
0.09743
0.29532
0.17684
0.20319
0.08261
0.17527
0.28978
0.24802
0.30605
0.32023
0.19647
0.23454
0.29856
0.32818
0.34249
0.27876
0.28510
0.33013
0.30438
0.21494
0.29026
0.20776
0.32089
0.18632
0.34350
0.30002
0.24868
0.28517
0.23334
0.30046
0.35564
0.31652
0.27613
0.30442
0.33312
0.25910
0.30265
0.28859
0.25092
0.23559
0.25705
0.32499
0.28305
0.30621
0.20859
0.33972
0.30691
0.30213
0.32914
0.19735
0.29124
0.34328
0.28038
0.32254
0.32218
0.32856
0.22285
0.32410
0.29665
0.25972
0.34009
0.27094
0.30967
0.31489
0.29993
0.15977
0.33341
0.22838
0.27348
0.28630
0.26777
0.31399
0.14766
0.26299
0.34105
0.11860
0.27764
0.26303
0.25866
0.13831
0.36816
0.30890
0.28277
0.16516
0.31908
0.25761
0.26082
0.34708
0.26035
0.34733
0.27711
0.25010
0.27715
0.18076
0.32606
0.31693
0.27858
0.17833
0.32027
0.17220
0.25268
0.29128
0.25847
0.32475
0.25885
0.19081
0.28842
0.29499
0.16460
0.21656
0.33065
0.15701
0.16343
0.16082
0.29143
0.32870
0.30124
0.30812
0.23796
0.33045
0.20522
0.31539
0.30843
0.32299
0.19079
0.27728
0.31782
0.16974
0.16653
0.35890
0.26331
0.25567
0.32720
0.29175
0.25091
0.35706
0.27690
0.18590
0.31202
0.16718
0.28116
0.32550
0.32129
0.27678
0.25120
0.16053
0.34568
0.21651
0.31825
0.19019
0.31757
0.32973
0.28850
0.16813
0.22820
0.30272
0.20401
0.33336
0.16384
0.23122
0.23597
0.22267
0.27025
0.31093
0.29100
0.30666
0.28452
0.24854
0.29700
0.21839
0.26583
0.22985
0.29610
0.30255
0.13877
0.16218
0.25192
0.31522
0.26836
0.13951
0.19367
0.25820
0.25881
0.25364
0.30649
0.33458
0.15341
0.27926
0.26772
0.31304
0.17266
0.32629
0.28217
0.23103
0.37911
0.17396
0.29701
0.17607
0.34269
0.30466
0.29736
0.26544
0.31613
0.26979
0.17308
0.30392
0.24014
0.31167
0.24931
0.22817
0.33118
0.20755
0.26138
0.24852
0.31459
0.27445
0.30746
0.22431
0.30545
0.27070
0.25156
0.19792
0.28933
0.26863
0.29123
0.19179
0.30775
0.20924
0.31427
0.27694
0.24971
0.27076
0.15791
0.28062
0.29725
0.28927
0.30203
0.31988
0.34576
0.23663
0.27308
0.25682
0.27167
0.30396
0.30565
0.23232
0.17254
0.31501
0.27721
0.24298
0.30022
0.21532
0.32475
0.33065
0.20849
0.19869
0.26752
0.26680
0.31709
0.27963
0.24728
0.32394
0.31804
0.14306
0.23478
0.30185
0.28848
0.31500
0.28797
0.32053
0.20137
0.20197
0.16168
0.31463
0.31057
0.34692
0.28739
0.28151
0.31735
0.19267
0.24084
0.27695
0.26079
0.17164
0.29538
0.25074
0.22586
0.30362
0.30459
0.29491
0.23385
0.29425
0.26178
0.34777
0.33205
0.23705
0.25826
0.19414
0.33942
0.27907
0.11257
0.31420
0.17509
0.28770
0.31876
0.23024
0.30397
0.21889
0.29413
0.19439
0.28286
0.24819
0.32279
0.32071
0.30292
0.19566
0.27230
0.25426
0.24914
0.25379
0.29231
0.27334
0.32862
0.23435
0.27654
0.31954
0.25338
0.29026
0.27329
0.17917
0.32155
0.26798
0.29639
0.24955
0.26867
0.33028
0.26957
0.30121
0.33244
0.17842
0.23574
0.32353
0.27547
0.34009
0.29202
0.32526
0.35008
0.36860
0.28296
0.29563
0.27029
0.30695
0.28540
0.33395
0.30660
0.27667
0.30619
0.29600
0.33005
0.30939
0.35738
0.18896
0.29288
0.29385
0.24237
0.28215
0.33263
0.24537
0.26645
0.29252
0.24376
0.31584
0.29350
0.30478
0.27857
0.29582
0.30395
0.26531
0.27469
0.35458
0.29523
0.29535
0.31198
0.28618
0.32560
0.30532
0.28649
0.12343
0.31323
0.33587
0.34476
0.33283
0.30411
0.41951
0.40719
0.28579
0.16536
0.32232
0.35085
0.29072
0.17792
0.33307
0.34791
0.22191
0.26977
0.32159
0.26091
0.25177
0.27690
0.35723
0.34325
0.38916
0.30697
0.32374
0.28721
0.40812
0.26204
0.30838
0.32257
0.36578
0.29411
0.16740
0.31898
0.46654
0.23838
0.42375
0.43326
0.19264
0.31686
0.37957
0.33039
0.28101
0.27387
0.29822
0.22547
0.31158
0.34035
0.29337
0.24812
0.39783
0.29726
0.30603
0.23047
0.23939
0.27699
0.39758
0.22231
0.10338
0.33916
0.14755
0.19636
0.41450
0.14697
0.26537
0.17004
0.28847
0.24412
0.43102
0.17918
0.35116
0.40876
0.25614
0.24416
0.26128
0.26105
0.17881
0.36850
0.14203
0.37525
0.33318
0.29182
0.25278
0.27069
0.34400
0.28417
0.19509
0.31261
0.41721
0.32730
0.30397
0.35827
0.38474
0.25577
0.24037
0.30162
0.40543
0.18351
0.22647
0.22234
0.37931
0.31121
0.26267
0.28994
0.31015
0.35804
0.23667
0.31837
0.36254
0.32518
0.30673
0.26049
0.38915
0.31731
0.23992
0.31047
0.31355
0.34973
0.26586
0.31568
0.22863
0.34367
0.24678
0.26831
0.30869
0.32560
0.25783
0.30762
0.19274
0.30027
0.21098
0.02950
0.14934
0.17522
0.21874
0.23337
0.16485
0.23082
0.35942
0.14910
0.04590
0.14240
0.03555
0.29684
0.26660
0.18056
0.29938
0.10030
0.08170
0.23816
0.22512
0.09737
0.11961
0.24075
0.27271
0.18211
0.21120
0.27273
0.03433
0.30677
0.19877
0.02693
0.04310
0.09239
0.29897
0.08500
0.27190
0.21529
0.29558
0.07248
0.01851
0.04079
0.09027
0.23921
0.06177
0.11547
0.15462
0.31614
0.13861
0.25741
0.21431
0.02969
0.28155
0.06477
0.05356
0.28261
0.19884
0.23793
0.07533
0.06654
0.20523
0.21808
0.28919
0.27737
0.03971
0.05015
0.15054
0.20614
0.16084
0.12499
0.11539
0.26120
0.19316
0.14279
0.19507
0.28400
0.09453
0.11620
0.14115
0.05407
0.06274
0.16959
0.10614
0.19923
0.22968
0.27979
0.19934
0.33700
0.22665
0.22935
0.17315
0.20649
0.20912
0.05592
0.25765
0.09426
0.04335
0.20985
0.27944
0.29586
0.24656
0.04562
0.06676
0.13121
0.16507
0.15654
0.23977
0.08203
0.20955
0.29018
0.10706
0.20475
0.14541
0.02483
0.03110
0.13582
0.06629
0.08557
0.23767
0.26365
0.10172
0.11720
0.06424
0.10808
0.04882
0.25862
