0.09273
0.10621
0.05078
0.26051
0.06195
0.11569
0.23292
0.16716
0.16220
0.06580
0.18883
0.14355
0.16791
0.11566
0.16114
0.24013
0.17139
0.16100
0.07169
0.11700
0.32279
0.15213
0.12121
0.06961
0.21376
0.15965
0.10445
0.25262
0.07892
0.18435
0.18397
0.25941
0.13540
0.11584
0.07716
0.09390
0.15148
0.13476
0.09428
0.18146
0.25796
0.26447
0.05707
0.12200
0.29483
0.18328
0.16454
0.24152
0.20735
0.15583
0.09390
0.14786
0.13131
0.30626
0.09065
0.19076
0.18194
0.15169
0.09929
0.09030
0.25559
0.27742
0.11378
0.23023
0.28233
0.32831
0.03243
0.16531
0.09271
0.03455
0.14309
0.32410
0.29768
0.19576
0.26570
0.11261
0.06064
0.05617
0.22252
0.15863
0.33071
0.17374
0.34236
0.27145
0.25840
0.33480
0.09614
0.10940
0.12418
0.24410
0.34035
0.15954
0.06480
0.25271
0.09203
0.13442
0.22622
0.23517
0.21888
0.18240
0.09799
0.19784
0.11894
0.11799
0.17068
0.30554
0.18422
0.15274
0.21663
0.27860
0.03945
0.27376
0.09154
0.18606
0.10126
0.18639
0.28127
0.05702
0.07455
0.17317
0.24907
0.07835
0.29358
0.03413
0.09260
0.12982
0.30556
0.25568
0.13315
0.23188
0.10908
0.09609
0.28221
0.32657
0.09693
0.14087
0.07950
0.29956
0.28475
0.03611
0.20254
0.04225
0.29662
0.19327
0.13841
0.29282
0.06697
0.35931
0.15422
0.09620
0.15973
0.29562
0.10424
0.30796
0.30485
0.35201
0.13767
0.15284
0.15776
0.21354
0.28315
0.26855
0.27558
0.33482
0.10374
0.12483
0.30653
0.26545
0.05514
0.25662
0.05267
0.23674
0.24334
0.05182
0.10606
0.18417
0.08276
0.09807
0.16789
0.29110
0.07351
0.10255
0.20457
0.15129
0.08471
0.19143
0.24515
0.26195
0.26558
0.18490
0.09437
0.06592
0.05068
0.16182
0.14190
0.22109
0.18062
0.20662
0.08708
0.29874
0.22209
0.07078
0.18438
0.17703
0.08847
0.17137
0.12317
0.22325
0.26202
0.07819
0.25553
0.22744
0.09896
0.25687
0.24863
0.25765
0.12919
0.20134
0.23388
0.33369
0.11812
0.20887
0.07144
0.06817
0.05862
0.07603
0.19014
0.16687
0.18088
0.09842
0.27386
0.10096
0.20491
0.09730
0.08062
0.23905
0.11027
0.03568
0.10514
0.28128
0.04202
0.30197
0.12014
0.11004
0.12564
0.20843
0.10514
0.04633
0.13388
0.10265
0.10647
0.13453
0.12168
0.25879
0.13811
0.15666
0.20065
0.10576
0.04238
0.14300
0.25043
0.17162
0.23561
0.16839
0.15149
0.23501
0.28137
0.10764
0.17391
0.05165
0.12075
0.12423
0.05761
0.03787
0.35704
0.15257
0.06061
0.20071
0.17707
0.11417
0.19400
0.33847
0.15199
0.05341
0.29977
0.11373
0.16464
0.18427
0.18641
0.15190
0.12144
0.09383
0.18604
0.24725
0.13313
0.09774
0.13687
0.13878
0.18957
0.14390
0.29368
0.30328
0.28249
0.18531
0.09722
0.30775
0.27479
0.34772
0.05392
0.24592
0.12421
0.31176
0.14213
0.10764
0.17688
0.11955
0.10512
0.15709
0.23829
0.07527
0.07670
0.08846
0.27944
0.09722
0.23012
0.19252
0.21552
0.24213
0.07968
0.05541
0.26822
0.31155
0.34076
0.21709
0.32218
0.21966
0.24344
0.27993
0.31201
0.27360
0.05851
0.06071
0.12448
0.21322
0.07391
0.04051
0.16589
0.11865
0.25698
0.16185
0.17733
0.10287
0.29787
0.25199
0.24745
0.23719
0.29478
0.09584
0.14223
0.31264
0.04402
0.24141
0.07095
0.05479
0.19295
0.04895
0.24716
0.33010
0.05668
0.06144
0.13847
0.22830
0.10479
0.07260
0.07430
0.05419
0.05688
0.09366
0.18815
0.12708
0.28425
0.17088
0.19606
0.14231
0.16127
0.30360
0.21243
0.27377
0.35735
0.17295
0.29421
0.30865
0.29149
0.32691
0.29250
0.24419
0.35467
0.26307
0.23579
0.25796
0.22338
0.29616
0.20671
0.38592
0.34447
0.21797
0.26148
0.27004
0.26939
0.35835
0.29627
0.22879
0.32460
0.33851
0.22526
0.26596
0.33155
0.29292
0.24728
0.25074
0.29055
0.31834
0.25065
0.23803
0.35053
0.26264
0.24136
0.31990
0.20194
0.31271
0.35406
0.30605
0.29326
0.30405
0.29252
0.26449
0.29036
0.34309
0.19543
0.28156
0.33758
0.26365
0.27672
0.31509
0.20732
0.30470
0.27229
0.27472
0.32132
0.29542
0.25839
0.18805
0.30295
0.37277
0.13197
0.29041
0.21790
0.17449
0.22535
0.36422
0.29807
0.33138
0.19061
0.35621
0.28015
0.26209
0.38421
0.31388
0.30568
0.29893
0.25166
0.28810
0.17329
0.37063
0.29088
0.21617
0.17938
0.33256
0.21864
0.25833
0.29779
0.26245
0.35687
0.32937
0.24618
0.33195
0.29925
0.15447
0.17317
0.28876
0.20016
0.21043
0.15924
0.28988
0.35609
0.26336
0.26462
0.24969
0.30236
0.22764
0.30822
0.29160
0.27847
0.16131
0.28352
0.29106
0.24544
0.20972
0.34644
0.29531
0.19831
0.30135
0.31732
0.24269
0.34685
0.32292
0.25069
0.30422
0.22720
0.29959
0.29624
0.29467
0.26985
0.25079
0.18563
0.32809
0.24665
0.28636
0.23237
0.27782
0.31959
0.27406
0.21878
0.21691
0.29261
0.19824
0.30497
0.20441
0.24237
0.24381
0.24025
0.21766
0.30106
0.32028
0.32976
0.24204
0.21235
0.32378
0.22158
0.23552
0.23552
0.30338
0.31493
0.16971
0.20284
0.29375
0.28109
0.21633
0.18218
0.24656
0.26489
0.23663
0.22827
0.26651
0.32101
0.18281
0.24030
0.28676
0.29187
0.20861
0.28514
0.27812
0.26667
0.36219
0.21312
0.30744
0.25521
0.37190
0.32929
0.25613
0.27582
0.29233
0.26692
0.21461
0.30281
0.30536
0.26321
0.29451
0.26998
0.35125
0.25446
0.28800
0.22134
0.35447
0.23567
0.30442
0.23512
0.25927
0.26827
0.27726
0.20177
0.23868
0.25916
0.32673
0.22272
0.31437
0.26329
0.27145
0.29671
0.28917
0.30362
0.16212
0.23125
0.33444
0.34474
0.25885
0.28296
0.30769
0.27624
0.23525
0.22309
0.30539
0.30453
0.26943
0.27590
0.18607
0.29200
0.31821
0.27317
0.27710
0.23662
0.33979
0.29096
0.19978
0.21735
0.28600
0.29818
0.28870
0.25245
0.25703
0.35695
0.36128
0.16677
0.27412
0.32408
0.27063
0.28863
0.31988
0.34792
0.22965
0.20952
0.17871
0.25805
0.28044
0.36656
0.31019
0.29872
0.28886
0.25674
0.26771
0.28858
0.28434
0.19361
0.32664
0.22162
0.23915
0.35268
0.30847
0.27336
0.25271
0.26638
0.30151
0.33079
0.34985
0.27354
0.28040
0.20594
0.30673
0.32070
0.13398
0.26570
0.16853
0.23403
0.28893
0.25040
0.27336
0.24198
0.26758
0.22699
0.23542
0.25907
0.34645
0.27798
0.27196
0.21286
0.30554
0.25215
0.26015
0.19290
0.33480
0.29794
0.33751
0.27641
0.25217
0.29408
0.28151
0.23532
0.26933
0.20363
0.33391
0.28428
0.33521
0.28288
0.31190
0.35401
0.27628
0.25664
0.30686
0.18169
0.21386
0.29258
0.21805
0.30378
0.30706
0.28098
0.32805
0.39328
0.32076
0.32979
0.26488
0.30680
0.28652
0.36563
0.25993
0.27971
0.32759
0.33665
0.29389
0.33712
0.39890
0.22986
0.28073
0.33691
0.23767
0.32811
0.32081
0.26992
0.24578
0.36812
0.22798
0.26510
0.32270
0.27324
0.23376
0.25504
0.25812
0.27033
0.27986
0.31989
0.28182
0.24740
0.30063
0.27097
0.31002
0.28442
0.27466
0.17341
0.32707
0.33757
0.36810
0.33410
0.30482
0.41657
0.41736
0.28475
0.19308
0.31338
0.39884
0.29853
0.18872
0.32070
0.33170
0.24105
0.27099
0.32809
0.25718
0.26233
0.25171
0.34129
0.35213
0.40931
0.31299
0.31717
0.27779
0.39019
0.32965
0.30197
0.30326
0.38694
0.29100
0.17973
0.30233
0.46768
0.23369
0.42085
0.43246
0.19616
0.29522
0.37819
0.29098
0.29387
0.26525
0.29560
0.25369
0.29268
0.32894
0.31274
0.29094
0.38248
0.30486
0.29479
0.26761
0.22725
0.28815
0.41623
0.24877
0.08628
0.33231
0.15227
0.21365
0.40510
0.15975
0.25242
0.23555
0.29537
0.27239
0.46589
0.18171
0.35115
0.40393
0.25575
0.21681
0.27213
0.26504
0.20743
0.37526
0.17507
0.34437
0.34669
0.26073
0.25023
0.24982
0.33901
0.30369
0.21721
0.33817
0.44748
0.34243
0.28787
0.36924
0.37413
0.22931
0.23834
0.29423
0.38596
0.19154
0.25228
0.26872
0.36343
0.29178
0.27003
0.28601
0.35430
0.33763
0.23788
0.30824
0.34939
0.30755
0.30711
0.27455
0.41828
0.29765
0.27802
0.29727
0.31258
0.36089
0.28587
0.32066
0.24075
0.32537
0.27308
0.24916
0.33710
0.33601
0.25081
0.30326
0.20389
0.33322
0.21027
0.04949
0.13845
0.21094
0.22646
0.28363
0.19737
0.29045
0.35442
0.22458
0.07023
0.14960
0.02898
0.30636
0.26675
0.20298
0.30233
0.06869
0.10448
0.17698
0.17337
0.08896
0.12154
0.22376
0.23635
0.18771
0.20401
0.23780
0.06468
0.33703
0.24957
0.08677
0.07289
0.14110
0.26356
0.08858
0.23234
0.19537
0.28113
0.05044
0.07674
0.08447
0.05022
0.19467
0.14848
0.09995
0.20964
0.29054
0.11340
0.27147
0.21982
0.05561
0.27383
0.05468
0.06172
0.26129
0.19392
0.30863
0.09558
0.09640
0.21533
0.18409
0.29951
0.29164
0.04855
0.06609
0.17204
0.20581
0.21397
0.20605
0.08138
0.29623
0.16613
0.08678
0.26253
0.23701
0.09443
0.10498
0.24525
0.07746
0.05148
0.22439
0.11479
0.19704
0.23423
0.27878
0.20690
0.31645
0.25338
0.26806
0.12700
0.13375
0.13695
0.05727
0.23856
0.05474
0.06241
0.25063
0.25103
0.33461
0.24246
0.06093
0.04213
0.19880
0.21500
0.25147
0.27701
0.12743
0.22707
0.32908
0.08118
0.22026
0.16568
0.03807
0.01625
0.22400
0.04279
0.08932
0.26655
0.27928
0.12558
0.06488
0.01426
0.05672
0.09136
0.28486
