0.17602
0.10502
0.12317
0.25307
0.09286
0.14337
0.23986
0.17897
0.22884
0.13496
0.23857
0.15775
0.19873
0.12666
0.15178
0.24088
0.14122
0.20961
0.12294
0.17389
0.28461
0.19093
0.19113
0.08065
0.22797
0.21579
0.20825
0.26851
0.15816
0.14895
0.17951
0.28077
0.18792
0.12298
0.15421
0.10519
0.14951
0.14621
0.22861
0.19999
0.28091
0.28763
0.15168
0.17824
0.30431
0.24104
0.15516
0.25792
0.23659
0.20532
0.11718
0.18242
0.14224
0.31878
0.10704
0.26687
0.28364
0.15861
0.16703
0.15134
0.26764
0.28801
0.16315
0.22641
0.29618
0.30955
0.10089
0.18719
0.17285
0.07043
0.19578
0.30318
0.35546
0.26242
0.25829
0.20646
0.15628
0.09096
0.24440
0.18429
0.32972
0.25649
0.32678
0.27824
0.30646
0.37566
0.12394
0.18923
0.20947
0.25049
0.33012
0.18805
0.11312
0.26895
0.11786
0.22958
0.24870
0.22865
0.21785
0.20000
0.13257
0.19811
0.20177
0.14177
0.25232
0.29565
0.21422
0.15159
0.18295
0.28926
0.07741
0.27142
0.13202
0.25638
0.17543
0.23017
0.27057
0.10113
0.12365
0.18858
0.24626
0.11334
0.27514
0.06727
0.13408
0.19863
0.32882
0.29037
0.24202
0.24447
0.14359
0.14200
0.31822
0.32599
0.13075
0.20454
0.11679
0.29048
0.26169
0.11835
0.22177
0.08283
0.28122
0.23778
0.19772
0.28153
0.13197
0.33571
0.22452
0.10201
0.23726
0.28513
0.13194
0.32717
0.31322
0.30681
0.19028
0.20146
0.14783
0.21292
0.30942
0.30696
0.30226
0.29852
0.11264
0.18170
0.31061
0.28349
0.14545
0.27651
0.10677
0.26381
0.23650
0.09873
0.17292
0.18483
0.09885
0.12946
0.22557
0.27508
0.13586
0.14101
0.23493
0.20745
0.14273
0.27228
0.24249
0.25960
0.23198
0.24631
0.17360
0.11002
0.09208
0.17081
0.19017
0.28824
0.23568
0.21429
0.16129
0.26478
0.22473
0.12804
0.22333
0.19104
0.09022
0.28788
0.21814
0.25689
0.26579
0.16271
0.24149
0.24621
0.16318
0.24807
0.24708
0.24607
0.19691
0.33250
0.23666
0.35151
0.13622
0.27038
0.17642
0.14445
0.12364
0.10891
0.22036
0.28213
0.21345
0.11822
0.27405
0.15405
0.26152
0.17202
0.06336
0.30391
0.14140
0.11652
0.13626
0.28573
0.15296
0.31031
0.15195
0.12866
0.20357
0.21620
0.13644
0.06405
0.20139
0.17192
0.14080
0.15869
0.18831
0.26146
0.13654
0.19393
0.22693
0.17820
0.10928
0.15445
0.20316
0.20135
0.21991
0.21976
0.19661
0.26842
0.28395
0.10080
0.21391
0.11623
0.12225
0.16534
0.11666
0.09881
0.32557
0.23563
0.13645
0.21176
0.17935
0.13784
0.20070
0.33437
0.16623
0.14974
0.27118
0.10528
0.22349
0.22117
0.23341
0.25393
0.13547
0.14271
0.24701
0.25923
0.21727
0.13739
0.21706
0.21848
0.20332
0.20352
0.31796
0.29139
0.24960
0.19594
0.22216
0.28416
0.31475
0.33506
0.09692
0.28466
0.12923
0.31669
0.21835
0.13856
0.16003
0.15939
0.13760
0.27437
0.22779
0.14422
0.17323
0.10014
0.27450
0.28415
0.27396
0.20030
0.23966
0.25510
0.15540
0.10416
0.28183
0.31376
0.35548
0.26653
0.32672
0.23610
0.25000
0.27844
0.24771
0.29840
0.10240
0.15139
0.18119
0.24112
0.11403
0.15835
0.23507
0.20314
0.23667
0.12817
0.22092
0.18115
0.26214
0.27917
0.26876
0.22292
0.28358
0.18338
0.20443
0.30954
0.12446
0.22248
0.10130
0.14580
0.22730
0.07934
0.26491
0.35176
0.15287
0.10167
0.24159
0.24942
0.11570
0.12274
0.10372
0.09107
0.12953
0.16097
0.22548
0.11838
0.28743
0.20735
0.23961
0.16122
0.20692
0.28462
0.24645
0.27802
0.31193
0.20538
0.24695
0.31840
0.28638
0.32960
0.28286
0.26796
0.29681
0.24457
0.23120
0.24888
0.20111
0.29634
0.20149
0.32449
0.27446
0.26415
0.27341
0.25169
0.27144
0.35175
0.29636
0.25107
0.26196
0.28593
0.25636
0.26481
0.25800
0.27319
0.22673
0.25642
0.29909
0.26890
0.29603
0.23018
0.27605
0.28591
0.27994
0.35032
0.20264
0.29172
0.30664
0.29737
0.30132
0.30507
0.28882
0.23244
0.28862
0.30731
0.22820
0.28912
0.29604
0.27300
0.28399
0.30315
0.20455
0.29862
0.25826
0.26164
0.29914
0.22386
0.28064
0.17342
0.24362
0.33033
0.13813
0.28770
0.24604
0.25027
0.15662
0.36240
0.31291
0.27110
0.18791
0.29858
0.27067
0.27449
0.31902
0.30080
0.31857
0.31279
0.25126
0.27199
0.18845
0.31871
0.28919
0.25215
0.17625
0.32381
0.20449
0.24552
0.26030
0.25838
0.30758
0.28898
0.21351
0.26769
0.25982
0.17151
0.19826
0.29977
0.17202
0.17677
0.17755
0.30231
0.31146
0.28567
0.26925
0.24699
0.30668
0.18623
0.30187
0.29982
0.29971
0.23317
0.27205
0.29099
0.21069
0.19357
0.36249
0.26069
0.24944
0.33849
0.30206
0.24823
0.37097
0.27280
0.20503
0.28969
0.19553
0.28006
0.30279
0.31219
0.29024
0.25555
0.20028
0.34168
0.24451
0.30567
0.20954
0.29266
0.30800
0.25629
0.18529
0.24501
0.28635
0.18645
0.29391
0.18669
0.24914
0.23829
0.24434
0.24505
0.29785
0.30883
0.28403
0.25756
0.25098
0.29935
0.22023
0.22727
0.24715
0.24498
0.31169
0.17578
0.19130
0.28428
0.27749
0.23973
0.16641
0.23543
0.24982
0.23474
0.23938
0.27618
0.31252
0.16787
0.27684
0.24442
0.27816
0.18855
0.30797
0.29512
0.27527
0.39520
0.21027
0.31426
0.21308
0.30986
0.26784
0.28185
0.26441
0.30323
0.26393
0.19811
0.30125
0.28926
0.28119
0.24803
0.25343
0.29565
0.22021
0.24297
0.25522
0.32465
0.25465
0.31658
0.23801
0.27163
0.27739
0.26353
0.22454
0.24046
0.27736
0.29422
0.21987
0.31774
0.22858
0.27670
0.26500
0.24998
0.24075
0.16869
0.25956
0.28050
0.31460
0.25314
0.29583
0.31279
0.25676
0.25505
0.25590
0.28851
0.28578
0.27545
0.23242
0.19440
0.30723
0.26190
0.26145
0.28564
0.24843
0.30866
0.30363
0.21197
0.21412
0.28354
0.29641
0.30003
0.28795
0.26297
0.31697
0.29819
0.15809
0.24067
0.25280
0.29023
0.28806
0.29471
0.30249
0.24264
0.23121
0.19737
0.27855
0.29340
0.31592
0.29446
0.30014
0.29951
0.21863
0.26335
0.24316
0.25689
0.19372
0.29144
0.24701
0.23832
0.27505
0.32266
0.26462
0.23750
0.29281
0.28660
0.33609
0.31747
0.26012
0.23520
0.19957
0.31644
0.29130
0.14751
0.30815
0.22320
0.27716
0.28666
0.23660
0.29929
0.22131
0.28290
0.20710
0.25090
0.26469
0.30046
0.30365
0.28016
0.21208
0.25672
0.24884
0.24767
0.24074
0.30250
0.25309
0.32322
0.27172
0.25415
0.29762
0.27529
0.25334
0.26337
0.18056
0.30576
0.26102
0.30457
0.25302
0.27050
0.30405
0.26643
0.27592
0.30656
0.19446
0.23861
0.28879
0.26218
0.31542
0.25917
0.30825
0.33220
0.34586
0.30398
0.29479
0.25902
0.27754
0.25727
0.31867
0.27634
0.27365
0.30655
0.28799
0.29108
0.30735
0.35860
0.23386
0.27051
0.30160
0.26991
0.29984
0.32350
0.22283
0.25105
0.29796
0.20514
0.28276
0.25011
0.31455
0.27120
0.27197
0.25798
0.25487
0.26585
0.33878
0.27150
0.26075
0.28906
0.27052
0.29814
0.29221
0.29814
0.14550
0.30688
0.32012
0.34492
0.32785
0.31249
0.40834
0.39256
0.26433
0.18213
0.30517
0.36954
0.28075
0.21487
0.30983
0.33857
0.25181
0.23241
0.32449
0.24854
0.26179
0.23298
0.33214
0.35511
0.40598
0.27040
0.30388
0.25743
0.37836
0.26199
0.30634
0.31433
0.35829
0.25577
0.21444
0.30998
0.43239
0.25806
0.40446
0.40838
0.22021
0.31011
0.35307
0.31833
0.29171
0.24873
0.27225
0.22511
0.30334
0.31397
0.28113
0.25936
0.35957
0.27150
0.28252
0.25960
0.22336
0.24765
0.39272
0.20540
0.14750
0.33996
0.12943
0.22540
0.39222
0.17079
0.21209
0.23043
0.26483
0.24373
0.43266
0.19124
0.31611
0.39324
0.24646
0.26253
0.25359
0.22713
0.21216
0.34830
0.17453
0.37046
0.35521
0.23673
0.25577
0.25375
0.34939
0.28811
0.20271
0.31209
0.40702
0.33242
0.27222
0.35193
0.38461
0.24504
0.28694
0.28987
0.38331
0.19385
0.25129
0.24659
0.35019
0.27110
0.26193
0.28339
0.31289
0.35577
0.24396
0.29506
0.35522
0.31872
0.28668
0.23765
0.38019
0.29630
0.24541
0.27840
0.30676
0.32347
0.26719
0.29823
0.24679
0.33761
0.26271
0.25547
0.32146
0.31539
0.22698
0.28630
0.17797
0.34705
0.22869
0.11866
0.20219
0.22731
0.25964
0.28902
0.20979
0.26062
0.29013
0.18122
0.06691
0.25851
0.10729
0.26217
0.28813
0.15643
0.26904
0.14941
0.17418
0.14441
0.27413
0.14260
0.18211
0.17601
0.25220
0.22479
0.18971
0.25576
0.13494
0.28142
0.26141
0.09806
0.16372
0.15677
0.28074
0.13985
0.23284
0.21344
0.30479
0.09456
0.11077
0.12814
0.11157
0.28574
0.19093
0.20230
0.26679
0.26051
0.18248
0.28786
0.21809
0.11129
0.26215
0.10388
0.07255
0.22379
0.18791
0.28125
0.11262
0.11684
0.24327
0.20894
0.29411
0.25015
0.13735
0.07174
0.17880
0.20123
0.22450
0.20374
0.10538
0.27611
0.18455
0.17179
0.24771
0.30119
0.16469
0.24493
0.19817
0.10556
0.11823
0.24573
0.15256
0.21392
0.25179
0.26339
0.18825
0.29869
0.22704
0.21858
0.21033
0.22932
0.20278
0.07554
0.27618
0.17457
0.14275
0.22006
0.26521
0.29617
0.22187
0.13446
0.11600
0.20580
0.20427
0.25438
0.26113
0.13313
0.25187
0.28676
0.13234
0.22781
0.13402
0.08197
0.07910
0.19652
0.15724
0.08542
0.21911
0.28743
0.19758
0.10562
0.07314
0.15056
0.15685
0.24906
