0.21032
0.09613
0.10080
0.26105
0.13533
0.16255
0.23839
0.17586
0.22666
0.08697
0.23648
0.16741
0.22351
0.11582
0.16635
0.25735
0.14409
0.22388
0.14188
0.15899
0.29199
0.21921
0.21459
0.09986
0.25842
0.21689
0.16386
0.28093
0.11483
0.19665
0.16186
0.30935
0.17895
0.10835
0.16725
0.08417
0.12501
0.14713
0.18882
0.21323
0.29893
0.29801
0.14121
0.18320
0.31557
0.27136
0.18538
0.29311
0.26675
0.21278
0.11100
0.19785
0.13626
0.31450
0.09311
0.22804
0.23358
0.17126
0.19200
0.13646
0.29522
0.30586
0.17811
0.17892
0.28282
0.33334
0.08312
0.15902
0.16722
0.09058
0.14890
0.32848
0.30515
0.20870
0.25067
0.17252
0.11264
0.08705
0.23675
0.17636
0.31912
0.24052
0.34582
0.28674
0.31041
0.37278
0.10026
0.08650
0.19704
0.29049
0.35241
0.22836
0.11586
0.25443
0.14120
0.19788
0.24708
0.21281
0.20719
0.20636
0.09789
0.22538
0.12372
0.12131
0.26004
0.30450
0.23987
0.16284
0.20422
0.27996
0.07133
0.28036
0.19986
0.26178
0.11827
0.26083
0.29628
0.09408
0.10302
0.21439
0.22532
0.16261
0.27305
0.04902
0.16065
0.17953
0.32986
0.27738
0.23780
0.25442
0.15789
0.17822
0.32030
0.33918
0.10396
0.19964
0.13633
0.29059
0.27591
0.09279
0.19733
0.06523
0.30543
0.21904
0.18479
0.29635
0.15059
0.37644
0.20588
0.10019
0.19094
0.32651
0.11601
0.34042
0.29312
0.33205
0.18705
0.17783
0.15699
0.24394
0.32812
0.31422
0.31834
0.34377
0.09368
0.17691
0.31725
0.29984
0.12285
0.29477
0.11073
0.27740
0.27061
0.07293
0.12953
0.24874
0.10892
0.15690
0.19295
0.30463
0.15314
0.10759
0.26451
0.21243
0.13979
0.23553
0.24550
0.22684
0.25835
0.22295
0.18289
0.12541
0.10767
0.21041
0.18731
0.23976
0.24147
0.27599
0.16351
0.27845
0.23301
0.12406
0.23154
0.18198
0.11151
0.28224
0.16741
0.25057
0.23835
0.13097
0.26320
0.23905
0.16521
0.27336
0.26593
0.24750
0.14449
0.30054
0.25742
0.34536
0.15872
0.22373
0.17847
0.13291
0.12911
0.12951
0.21397
0.23723
0.21226
0.11769
0.27679
0.14524
0.25967
0.18344
0.08699
0.30344
0.12249
0.06241
0.13098
0.29749
0.11668
0.28309
0.19515
0.13203
0.16169
0.24368
0.10754
0.11464
0.16718
0.11918
0.11834
0.21843
0.20456
0.30348
0.12312
0.19511
0.21374
0.14592
0.14770
0.15429
0.25560
0.21112
0.21755
0.20897
0.23559
0.28142
0.30080
0.11073
0.22807
0.09424
0.16397
0.14529
0.11381
0.08917
0.37392
0.19526
0.13405
0.23226
0.19925
0.11325
0.18672
0.34769
0.15820
0.14154
0.28142
0.12527
0.24316
0.22585
0.24371
0.23939
0.17210
0.15305
0.26042
0.24687
0.15685
0.09778
0.23265
0.25843
0.22092
0.22328
0.34399
0.30747
0.27328
0.21934
0.18783
0.27945
0.32643
0.35136
0.06467
0.26063
0.13844
0.31341
0.15429
0.14819
0.20060
0.21035
0.12645
0.25991
0.26158
0.13980
0.16588
0.13221
0.26980
0.23007
0.29078
0.19026
0.24934
0.24750
0.21009
0.09251
0.28578
0.28783
0.34575
0.29613
0.34980
0.20509
0.25772
0.29453
0.27463
0.30643
0.12581
0.11399
0.20218
0.23488
0.10257
0.15867
0.24570
0.16103
0.23432
0.16950
0.20449
0.18107
0.27178
0.30228
0.27362
0.23849
0.33197
0.19292
0.13279
0.31460
0.08220
0.24281
0.10496
0.14942
0.23216
0.13897
0.26299
0.33225
0.06093
0.12910
0.19392
0.25463
0.11914
0.07735
0.13651
0.08879
0.10718
0.16449
0.22939
0.10626
0.30530
0.23304
0.25234
0.14911
0.19661
0.29214
0.18492
0.26604
0.33767
0.15332
0.27494
0.30545
0.29186
0.31025
0.29800
0.21813
0.34456
0.27505
0.24100
0.24182
0.21038
0.29253
0.19300
0.36208
0.31787
0.26499
0.25244
0.25789
0.25978
0.34790
0.26803
0.25293
0.30906
0.31325
0.21465
0.26400
0.30226
0.27813
0.23374
0.24674
0.27958
0.30575
0.25563
0.23774
0.34129
0.23905
0.23255
0.29132
0.17804
0.30056
0.34357
0.28100
0.29419
0.30430
0.26063
0.23673
0.27696
0.34586
0.21933
0.29674
0.30701
0.24626
0.27858
0.28418
0.18588
0.28761
0.26707
0.27184
0.30624
0.28298
0.24704
0.20879
0.26961
0.34832
0.13813
0.26463
0.21652
0.19771
0.19407
0.36484
0.29702
0.29861
0.16460
0.34431
0.26276
0.27716
0.35484
0.30579
0.27575
0.29554
0.24964
0.27254
0.19547
0.33510
0.28494
0.23938
0.16431
0.32429
0.21628
0.25639
0.29334
0.25012
0.33727
0.31491
0.23027
0.29540
0.29285
0.18195
0.18343
0.30072
0.18789
0.18216
0.16596
0.30994
0.33447
0.27017
0.26027
0.24364
0.28211
0.20495
0.29446
0.25015
0.27935
0.17298
0.28626
0.25837
0.23086
0.17838
0.33279
0.30431
0.18277
0.31108
0.31729
0.24554
0.34757
0.31449
0.23690
0.26316
0.22752
0.29317
0.29476
0.25366
0.27737
0.26113
0.15866
0.30266
0.21505
0.26602
0.21961
0.24282
0.30893
0.28594
0.20432
0.23732
0.28243
0.20506
0.29302
0.20062
0.23749
0.21613
0.22907
0.17856
0.28283
0.32255
0.31133
0.25678
0.22240
0.31202
0.20104
0.20984
0.19722
0.28945
0.31026
0.16103
0.18028
0.25635
0.25494
0.19114
0.15482
0.23232
0.25133
0.21462
0.24802
0.26559
0.30625
0.17800
0.22165
0.27686
0.22874
0.19200
0.27216
0.27400
0.25854
0.35843
0.18956
0.30231
0.23788
0.34362
0.31187
0.24361
0.26615
0.30381
0.25556
0.18955
0.29899
0.29615
0.25316
0.28010
0.25123
0.33896
0.24420
0.26941
0.20843
0.34084
0.22507
0.29534
0.21880
0.24107
0.26778
0.25056
0.22751
0.23788
0.25893
0.29758
0.20679
0.30533
0.22959
0.26747
0.28981
0.27889
0.30957
0.13475
0.21338
0.32689
0.32707
0.22118
0.25053
0.28226
0.27423
0.22488
0.19915
0.29256
0.27961
0.27207
0.23778
0.18929
0.25246
0.30922
0.25464
0.29843
0.23206
0.31621
0.27818
0.19371
0.18839
0.28446
0.27371
0.28783
0.25458
0.23753
0.35056
0.32470
0.15638
0.24635
0.29049
0.24326
0.26600
0.29366
0.33435
0.24272
0.20353
0.18290
0.23452
0.26993
0.35257
0.29853
0.27590
0.27193
0.23025
0.25638
0.28367
0.27302
0.17783
0.32892
0.23421
0.24924
0.34237
0.27874
0.23136
0.24040
0.24367
0.29649
0.32376
0.34379
0.24955
0.26057
0.20712
0.28902
0.32891
0.13043
0.25588
0.19981
0.23500
0.28025
0.24479
0.26545
0.22523
0.27276
0.22282
0.22908
0.24503
0.33461
0.27321
0.24680
0.19046
0.28793
0.25816
0.24637
0.19851
0.34852
0.30057
0.32761
0.26659
0.24537
0.25544
0.25224
0.25907
0.26483
0.19261
0.32401
0.26294
0.32946
0.25469
0.30442
0.33576
0.24465
0.26487
0.31167
0.15532
0.22026
0.29275
0.21185
0.28293
0.30612
0.26351
0.31760
0.37569
0.31995
0.32289
0.25785
0.31635
0.28836
0.35971
0.24187
0.26493
0.31324
0.31818
0.27960
0.31104
0.38179
0.23330
0.23610
0.34041
0.24200
0.32350
0.30274
0.24179
0.26364
0.35134
0.22975
0.23406
0.29969
0.27107
0.25190
0.22010
0.26560
0.25674
0.27847
0.30713
0.28498
0.24646
0.30055
0.26803
0.32030
0.26242
0.27909
0.15294
0.28280
0.31656
0.36207
0.28546
0.31448
0.39167
0.40749
0.25372
0.19257
0.27826
0.38996
0.29894
0.23463
0.27271
0.33881
0.26239
0.22225
0.33766
0.22729
0.25859
0.23090
0.31766
0.37423
0.40559
0.30550
0.28426
0.25983
0.36551
0.31686
0.30902
0.27900
0.37147
0.27209
0.20024
0.31798
0.42808
0.24947
0.39063
0.39296
0.21203
0.25673
0.34269
0.29364
0.30654
0.19194
0.25997
0.21023
0.29851
0.27469
0.30368
0.31583
0.35671
0.26563
0.24620
0.26371
0.20498
0.24866
0.38228
0.23836
0.13407
0.33999
0.14760
0.22132
0.37853
0.19121
0.26439
0.23436
0.28486
0.24973
0.43452
0.20385
0.32062
0.37840
0.23802
0.23183
0.24357
0.26766
0.20331
0.33569
0.17963
0.34102
0.34511
0.23453
0.26910
0.20090
0.34393
0.28929
0.22681
0.36145
0.42148
0.33429
0.27312
0.35139
0.33494
0.18809
0.26834
0.29837
0.38624
0.20392
0.25661
0.23055
0.33295
0.24155
0.23372
0.23459
0.34848
0.35828
0.26156
0.30766
0.31832
0.30476
0.27960
0.27096
0.39211
0.29270
0.30152
0.25539
0.27817
0.32970
0.27266
0.30253
0.22804
0.33648
0.26963
0.22540
0.31228
0.28093
0.25534
0.25348
0.22070
0.28728
0.25388
0.09288
0.19011
0.19506
0.23559
0.27160
0.22768
0.25149
0.33201
0.28611
0.12250
0.23704
0.09332
0.22534
0.21575
0.19179
0.30133
0.11760
0.17920
0.18802
0.26387
0.15019
0.12975
0.26358
0.25347
0.23695
0.21098
0.28935
0.09856
0.29477
0.21227
0.10714
0.14124
0.15656
0.26188
0.16291
0.28376
0.17749
0.32356
0.15374
0.15585
0.08889
0.10020
0.26959
0.16130
0.17630
0.23491
0.29603
0.13219
0.26223
0.20245
0.13979
0.26442
0.07645
0.04849
0.27515
0.15989
0.27167
0.17892
0.17319
0.23132
0.18723
0.28317
0.26251
0.08203
0.10514
0.16652
0.22627
0.21581
0.21947
0.14546
0.25726
0.17558
0.21044
0.24103
0.31040
0.12645
0.14668
0.21545
0.10305
0.11869
0.25074
0.23143
0.18904
0.25608
0.30314
0.19667
0.32945
0.26015
0.24925
0.21398
0.23604
0.21160
0.03223
0.24561
0.14085
0.13457
0.22670
0.22482
0.29995
0.27099
0.05539
0.08081
0.18389
0.27491
0.23153
0.28664
0.13631
0.21546
0.30579
0.18601
0.24743
0.16681
0.07927
0.05685
0.20955
0.13175
0.16164
0.25620
0.31974
0.17833
0.17546
0.08188
0.20564
0.19816
0.21372
