0.11066
0.10587
0.03459
0.20243
0.08330
0.13846
0.24974
0.16816
0.18376
0.06270
0.19861
0.12900
0.13133
0.11907
0.10864
0.21907
0.14214
0.10878
0.05774
0.18251
0.27136
0.16573
0.15864
0.06508
0.19806
0.14762
0.13630
0.21142
0.08293
0.17162
0.15075
0.28948
0.15233
0.09846
0.06702
0.09209
0.09968
0.08108
0.10361
0.14550
0.29622
0.26132
0.09935
0.11863
0.27038
0.21787
0.16247
0.23473
0.17490
0.15877
0.11038
0.11972
0.14022
0.28469
0.09310
0.22982
0.25680
0.12437
0.11388
0.06835
0.24923
0.29408
0.11827
0.16853
0.28013
0.31399
0.03608
0.18631
0.09281
0.03597
0.11750
0.26560
0.32528
0.21655
0.23806
0.14985
0.07855
0.03628
0.20820
0.14406
0.26008
0.24263
0.28898
0.24980
0.30142
0.35679
0.08962
0.06021
0.13336
0.20455
0.30817
0.19516
0.06025
0.26395
0.05300
0.15353
0.18253
0.21239
0.20481
0.17756
0.09159
0.17168
0.11863
0.11318
0.21854
0.26203
0.15405
0.15985
0.19223
0.28377
0.02824
0.21659
0.07810
0.22610
0.13279
0.12071
0.26981
0.04426
0.07275
0.18091
0.23179
0.07229
0.25127
0.03316
0.09133
0.15142
0.27960
0.29006
0.19352
0.24652
0.08499
0.08144
0.29642
0.32089
0.11243
0.17907
0.10891
0.29064
0.23243
0.06812
0.16507
0.02672
0.24567
0.19609
0.15045
0.27179
0.06816
0.33587
0.18974
0.08583
0.19563
0.22437
0.11950
0.30862
0.25759
0.30263
0.12217
0.16269
0.15351
0.20794
0.27995
0.30099
0.28380
0.31959
0.09095
0.12586
0.29862
0.31465
0.08756
0.27967
0.04730
0.21024
0.25087
0.03012
0.09969
0.20735
0.06444
0.07394
0.18246
0.23899
0.07917
0.10164
0.22935
0.14576
0.08774
0.20865
0.21553
0.24538
0.26818
0.20817
0.14090
0.05268
0.06414
0.17401
0.12582
0.25273
0.17658
0.16383
0.10013
0.28087
0.20168
0.03612
0.17713
0.17516
0.02996
0.23574
0.08165
0.19514
0.25368
0.11085
0.23031
0.19839
0.10246
0.25300
0.25305
0.27003
0.11446
0.25218
0.14307
0.33510
0.08796
0.23889
0.15353
0.07081
0.05731
0.07321
0.20348
0.17053
0.13347
0.06391
0.27145
0.12040
0.24650
0.13615
0.03812
0.25304
0.10871
0.06145
0.10699
0.27148
0.10107
0.27776
0.08992
0.10562
0.15847
0.18018
0.11704
0.05000
0.10440
0.10235
0.12736
0.09911
0.09486
0.27024
0.12924
0.17103
0.18601
0.09832
0.07058
0.12819
0.15715
0.13375
0.17575
0.16066
0.14799
0.23241
0.25398
0.08978
0.20532
0.05131
0.10478
0.11848
0.06305
0.04644
0.37091
0.15008
0.10350
0.17710
0.16300
0.08240
0.10640
0.33119
0.12459
0.08135
0.27883
0.11047
0.20549
0.18417
0.16630
0.16916
0.06576
0.08825
0.17158
0.19054
0.17008
0.11293
0.16912
0.15855
0.19699
0.17102
0.30697
0.26760
0.27003
0.11438
0.08315
0.30142
0.30622
0.32110
0.03048
0.27212
0.11987
0.29513
0.10674
0.07126
0.13949
0.10903
0.11434
0.19959
0.21775
0.07570
0.12011
0.07008
0.25814
0.15835
0.27635
0.12269
0.23339
0.22110
0.11504
0.05913
0.29958
0.26086
0.36884
0.28173
0.31564
0.22211
0.24515
0.28649
0.28889
0.24711
0.03995
0.08106
0.08731
0.23069
0.06160
0.11445
0.20677
0.09020
0.18847
0.09692
0.14391
0.12858
0.25768
0.28625
0.25306
0.16962
0.30160
0.12702
0.13748
0.32146
0.05200
0.14007
0.04848
0.08498
0.19535
0.06815
0.21627
0.34858
0.06041
0.09061
0.14070
0.23633
0.12063
0.04120
0.04636
0.07656
0.10092
0.06295
0.17994
0.08665
0.28916
0.16605
0.20481
0.07367
0.19733
0.30648
0.20470
0.23807
0.37016
0.17689
0.28216
0.30692
0.26446
0.31486
0.29291
0.22350
0.37182
0.25380
0.23552
0.22092
0.23913
0.27045
0.17410
0.37905
0.34940
0.26899
0.25277
0.23778
0.22330
0.33180
0.25931
0.19503
0.31567
0.34398
0.20423
0.22852
0.33607
0.25876
0.25868
0.27469
0.27395
0.32834
0.25835
0.23344
0.35110
0.24106
0.23855
0.32444
0.21376
0.29492
0.36754
0.28960
0.31402
0.26359
0.27708
0.22739
0.26730
0.35778
0.22702
0.29031
0.32830
0.24174
0.26071
0.28966
0.19086
0.27500
0.26517
0.28929
0.32109
0.30226
0.25210
0.17716
0.31373
0.37417
0.15070
0.27693
0.23442
0.16296
0.21346
0.36188
0.30246
0.31437
0.18482
0.36097
0.27135
0.26237
0.37862
0.30955
0.28343
0.29486
0.25166
0.27412
0.19042
0.36536
0.25944
0.22798
0.16371
0.31574
0.20825
0.25934
0.29235
0.26029
0.36110
0.34035
0.19056
0.32491
0.30186
0.16488
0.18726
0.26541
0.18305
0.18046
0.17676
0.30903
0.35304
0.25366
0.25004
0.24064
0.28578
0.22039
0.28200
0.25439
0.27046
0.21315
0.29282
0.27366
0.23799
0.19990
0.33667
0.29837
0.18741
0.32494
0.32657
0.26176
0.34258
0.32568
0.21924
0.27065
0.22453
0.29392
0.32060
0.28728
0.29655
0.22791
0.17615
0.29991
0.21761
0.27704
0.22646
0.25573
0.29353
0.30429
0.19686
0.25862
0.29721
0.21106
0.28060
0.18944
0.25318
0.23020
0.22759
0.18875
0.31478
0.33818
0.32727
0.21047
0.19955
0.33944
0.21734
0.20703
0.20816
0.31995
0.31880
0.17281
0.18180
0.28078
0.25016
0.18503
0.16500
0.22653
0.27929
0.19674
0.26986
0.22480
0.30575
0.17320
0.24740
0.28584
0.26047
0.19449
0.25486
0.29066
0.25700
0.37985
0.20004
0.31089
0.22854
0.36465
0.32509
0.25060
0.26994
0.25079
0.27519
0.19562
0.29456
0.30391
0.24425
0.29370
0.25323
0.35356
0.24103
0.28483
0.23165
0.34390
0.21210
0.29625
0.23130
0.23183
0.29580
0.26459
0.20460
0.23478
0.25812
0.30116
0.24021
0.31784
0.23127
0.24361
0.30296
0.29173
0.32279
0.15623
0.22198
0.33151
0.34235
0.22813
0.27443
0.30343
0.28624
0.23867
0.21338
0.31106
0.28304
0.25178
0.25980
0.19137
0.28127
0.32412
0.24200
0.25500
0.25960
0.33637
0.29293
0.18083
0.18567
0.29085
0.29191
0.28428
0.25509
0.25990
0.35440
0.36777
0.14603
0.22843
0.32023
0.25131
0.26114
0.28441
0.34856
0.22898
0.21195
0.19271
0.24082
0.24848
0.37475
0.31100
0.29156
0.27131
0.23812
0.25851
0.29682
0.28544
0.18001
0.34025
0.24448
0.24417
0.35062
0.29935
0.23497
0.22487
0.26541
0.30311
0.31672
0.34970
0.25366
0.28864
0.19916
0.30706
0.31825
0.13250
0.26986
0.20077
0.24037
0.25495
0.24532
0.28325
0.26268
0.25151
0.23500
0.23713
0.26661
0.35819
0.28367
0.24950
0.19695
0.29614
0.24960
0.23164
0.19416
0.36348
0.31260
0.32059
0.27331
0.23561
0.25424
0.26109
0.24454
0.28495
0.17627
0.33104
0.25593
0.35843
0.28416
0.32654
0.36127
0.29173
0.25218
0.28378
0.13367
0.17151
0.27595
0.23915
0.30332
0.32102
0.27115
0.30943
0.39434
0.33613
0.32092
0.27775
0.32526
0.29724
0.35745
0.24073
0.26706
0.33339
0.33583
0.27162
0.33128
0.40598
0.20452
0.23925
0.31004
0.26418
0.33398
0.32915
0.23094
0.24897
0.37471
0.22774
0.26186
0.32475
0.28171
0.22880
0.23216
0.23540
0.27997
0.30257
0.32569
0.29715
0.22272
0.28079
0.27892
0.26727
0.25490
0.29952
0.14674
0.31662
0.30362
0.36295
0.31302
0.32025
0.40679
0.38685
0.24535
0.21797
0.28419
0.39986
0.27472
0.19623
0.30314
0.35503
0.27090
0.21089
0.33162
0.23624
0.28781
0.21979
0.33270
0.36340
0.42286
0.27784
0.28768
0.24687
0.38152
0.31031
0.28793
0.30302
0.33385
0.25183
0.16299
0.32817
0.42426
0.25384
0.38731
0.41379
0.20466
0.29228
0.36091
0.32159
0.29322
0.24639
0.23870
0.20108
0.30197
0.30089
0.30732
0.30924
0.35994
0.27155
0.27431
0.27066
0.20836
0.23019
0.39081
0.21549
0.11720
0.34026
0.14246
0.20038
0.37867
0.16304
0.24851
0.20156
0.27652
0.22964
0.43694
0.20483
0.32120
0.38705
0.23777
0.26561
0.23703
0.25451
0.18177
0.32846
0.20942
0.37657
0.36227
0.24951
0.26035
0.20887
0.36218
0.26376
0.21085
0.36911
0.43027
0.33309
0.29275
0.34810
0.36350
0.20107
0.27366
0.27645
0.40402
0.23056
0.23523
0.23113
0.38071
0.24947
0.24648
0.25847
0.30807
0.35856
0.21567
0.27997
0.33800
0.31833
0.27645
0.23711
0.35515
0.29136
0.29529
0.25705
0.28149
0.33575
0.24725
0.26154
0.24260
0.34037
0.27746
0.26670
0.30180
0.27464
0.21062
0.27068
0.17899
0.26584
0.18878
0.03197
0.05483
0.17644
0.27666
0.30039
0.19300
0.26965
0.35066
0.15935
0.06580
0.14913
0.03483
0.24648
0.28254
0.20286
0.27770
0.09889
0.09062
0.17818
0.24004
0.05328
0.14968
0.19234
0.24499
0.18300
0.21754
0.29106
0.09301
0.30309
0.26432
0.05484
0.06275
0.13262
0.24518
0.18063
0.23101
0.16454
0.27713
0.04150
0.04238
0.04139
0.08147
0.30585
0.09223
0.14630
0.15563
0.31284
0.09440
0.28066
0.21237
0.05214
0.26999
0.07391
0.03961
0.16764
0.18174
0.23499
0.08367
0.06974
0.21032
0.20019
0.28671
0.26269
0.02134
0.10970
0.14268
0.20830
0.14645
0.23712
0.10913
0.22563
0.17684
0.15274
0.25810
0.26277
0.08291
0.13756
0.12436
0.05938
0.01643
0.21281
0.13886
0.17219
0.26981
0.26901
0.20562
0.24385
0.23236
0.19284
0.23805
0.23781
0.18662
0.01527
0.27081
0.10981
0.06754
0.22294
0.24192
0.28923
0.23564
0.06879
0.05296
0.15996
0.24074
0.18142
0.26638
0.07840
0.19263
0.30580
0.16421
0.21640
0.09697
0.05451
0.09430
0.16065
0.05167
0.10278
0.28203
0.30285
0.07798
0.13356
0.02682
0.04016
0.05644
0.19506
