0.10998
0.09587
0.06743
0.24445
0.07064
0.12169
0.22586
0.13978
0.18255
0.07698
0.17556
0.12279
0.13850
0.11055
0.11191
0.22473
0.14676
0.09923
0.06494
0.13099
0.29413
0.14672
0.13872
0.04366
0.22590
0.13238
0.13574
0.23411
0.11053
0.16834
0.17205
0.27192
0.15117
0.11116
0.10806
0.09605
0.11032
0.09273
0.12952
0.20433
0.27976
0.26549
0.10952
0.14040
0.28558
0.22217
0.13095
0.22631
0.17120
0.14751
0.09245
0.12471
0.14893
0.27522
0.09298
0.23338
0.19262
0.13903
0.11422
0.08026
0.26476
0.29126
0.11885
0.24866
0.28874
0.31506
0.03775
0.20311
0.10943
0.05140
0.11335
0.30448
0.32440
0.19158
0.25666
0.12317
0.07139
0.03920
0.20183
0.14459
0.32157
0.18221
0.30585
0.27109
0.28502
0.39023
0.09599
0.14781
0.14795
0.24305
0.32939
0.15534
0.04885
0.24700
0.04139
0.15808
0.19016
0.21029
0.19922
0.16925
0.09029
0.21851
0.12358
0.12381
0.22326
0.29520
0.15117
0.14727
0.16471
0.29573
0.02138
0.26165
0.09745
0.23089
0.11452
0.15769
0.26261
0.05387
0.06999
0.16123
0.23326
0.05274
0.26479
0.02332
0.07206
0.13543
0.26398
0.28917
0.18847
0.27451
0.11493
0.11911
0.30723
0.34362
0.10582
0.10791
0.06926
0.28995
0.26181
0.06200
0.16644
0.08690
0.30105
0.20444
0.14067
0.23160
0.11992
0.35136
0.17622
0.08695
0.20370
0.23159
0.11481
0.31185
0.29378
0.34349
0.11037
0.14746
0.14900
0.19793
0.26591
0.28689
0.23304
0.33754
0.09945
0.10524
0.28533
0.31086
0.03462
0.24826
0.05790
0.22197
0.26144
0.03267
0.09056
0.21950
0.04892
0.08440
0.19963
0.27673
0.07544
0.10556
0.24345
0.12237
0.09566
0.19332
0.22040
0.26317
0.24643
0.17823
0.13054
0.06252
0.03776
0.14059
0.15380
0.21992
0.19634
0.17846
0.08961
0.27261
0.23008
0.08378
0.16783
0.13076
0.03643
0.21247
0.11150
0.20325
0.22682
0.14979
0.24950
0.21723
0.08336
0.22625
0.23874
0.25233
0.11721
0.22923
0.23498
0.33455
0.11026
0.22575
0.07272
0.07249
0.12495
0.07746
0.18140
0.24182
0.13047
0.08742
0.26649
0.10562
0.18362
0.10375
0.08735
0.26356
0.11503
0.04435
0.10588
0.27318
0.10461
0.30544
0.09185
0.10569
0.17760
0.22167
0.10639
0.05147
0.10241
0.11446
0.09805
0.10144
0.10605
0.27125
0.14952
0.13786
0.18011
0.11753
0.06371
0.14320
0.22554
0.15053
0.20069
0.17996
0.12791
0.26303
0.29812
0.09138
0.17185
0.08836
0.06685
0.11366
0.07007
0.03333
0.38129
0.14190
0.09002
0.19820
0.11421
0.10759
0.13002
0.34810
0.12528
0.08760
0.30413
0.11568
0.15835
0.17606
0.17004
0.18652
0.10462
0.08359
0.18105
0.18874
0.20303
0.09692
0.18905
0.16711
0.17556
0.16787
0.33042
0.25474
0.26506
0.16165
0.15319
0.29563
0.32540
0.32975
0.04115
0.29765
0.12988
0.30882
0.14156
0.10422
0.13066
0.09970
0.09461
0.18724
0.22082
0.07540
0.06957
0.06968
0.28598
0.21499
0.26691
0.18853
0.23273
0.25065
0.14813
0.05668
0.29117
0.29330
0.36881
0.22378
0.33858
0.21796
0.24325
0.28165
0.29547
0.23574
0.04390
0.08946
0.13459
0.24002
0.04758
0.05900
0.20604
0.13539
0.21012
0.12122
0.16265
0.10770
0.25767
0.25664
0.27159
0.21611
0.28944
0.10381
0.14250
0.33661
0.08051
0.20683
0.04707
0.09900
0.20946
0.04792
0.24736
0.33895
0.08971
0.07375
0.14111
0.22101
0.10777
0.05067
0.07979
0.06665
0.07547
0.07955
0.17336
0.10029
0.29959
0.17412
0.19574
0.10094
0.15134
0.29835
0.23537
0.29553
0.35651
0.17800
0.27214
0.29928
0.32075
0.33564
0.29195
0.26697
0.36242
0.27865
0.23502
0.25750
0.21420
0.31661
0.17436
0.38677
0.32688
0.24329
0.24970
0.23434
0.28265
0.34323
0.31679
0.25582
0.30096
0.35062
0.22226
0.28822
0.33669
0.25034
0.24013
0.26475
0.32127
0.31558
0.27775
0.19054
0.36157
0.27236
0.25992
0.32987
0.20578
0.30218
0.36373
0.27886
0.32162
0.30838
0.29867
0.22156
0.30597
0.33088
0.24751
0.31337
0.31139
0.26596
0.28730
0.29078
0.19090
0.32752
0.25604
0.27687
0.31811
0.29637
0.28472
0.16594
0.30056
0.36393
0.13596
0.27149
0.23670
0.21882
0.19975
0.35629
0.29625
0.33323
0.16568
0.36130
0.25735
0.24946
0.37617
0.31672
0.32642
0.29362
0.24307
0.28017
0.17756
0.36042
0.29412
0.24359
0.15710
0.31637
0.18449
0.24953
0.30650
0.27253
0.36331
0.31692
0.20328
0.31653
0.31156
0.16826
0.19937
0.31932
0.16643
0.17227
0.16514
0.28002
0.34203
0.29317
0.27429
0.23412
0.29890
0.20264
0.29020
0.30359
0.29214
0.19857
0.30270
0.30201
0.19552
0.17346
0.35439
0.29405
0.21316
0.32801
0.32224
0.23973
0.35261
0.30765
0.23234
0.29898
0.17201
0.29235
0.30902
0.29578
0.26963
0.24310
0.17058
0.33319
0.21447
0.31595
0.21687
0.29165
0.30557
0.29859
0.18163
0.23124
0.30982
0.21111
0.30410
0.18680
0.25701
0.22813
0.22432
0.23989
0.30989
0.32807
0.33175
0.25142
0.25494
0.33242
0.21802
0.23717
0.23645
0.30474
0.31164
0.15275
0.17854
0.27254
0.28898
0.21887
0.15265
0.20019
0.27074
0.24510
0.22933
0.26494
0.31108
0.15824
0.27004
0.27352
0.29748
0.18806
0.30559
0.27573
0.24660
0.37298
0.18578
0.30733
0.19778
0.37176
0.31773
0.27839
0.25593
0.29881
0.28023
0.17616
0.30370
0.27589
0.28767
0.28115
0.25200
0.34451
0.22457
0.28659
0.24443
0.34627
0.25695
0.30026
0.22591
0.27046
0.27748
0.24935
0.20425
0.25148
0.24299
0.30407
0.22309
0.31406
0.23342
0.28267
0.29278
0.28474
0.29186
0.15180
0.24510
0.33255
0.33331
0.28707
0.30059
0.32620
0.26344
0.25186
0.25038
0.30995
0.29445
0.27115
0.21307
0.20078
0.31466
0.31414
0.24445
0.28836
0.22030
0.34283
0.31124
0.21286
0.18172
0.30017
0.27974
0.30101
0.26854
0.25882
0.36659
0.35058
0.14718
0.24002
0.31923
0.29150
0.30738
0.28023
0.33962
0.20139
0.19133
0.20211
0.27835
0.30200
0.37162
0.28423
0.28962
0.30079
0.20036
0.27515
0.28537
0.28854
0.16157
0.34141
0.23554
0.23216
0.35039
0.31523
0.28519
0.24894
0.27612
0.30251
0.35488
0.36064
0.22557
0.28273
0.18409
0.32662
0.32042
0.12476
0.28973
0.16293
0.26179
0.29897
0.20845
0.29683
0.24696
0.29257
0.22342
0.25886
0.23610
0.35026
0.30104
0.29240
0.18547
0.29727
0.26101
0.23716
0.21839
0.32685
0.28966
0.31644
0.25124
0.29012
0.30201
0.25437
0.25790
0.28761
0.16500
0.31638
0.23376
0.34368
0.26187
0.30987
0.36096
0.29127
0.27900
0.31722
0.16488
0.21991
0.30711
0.25267
0.31662
0.30652
0.30822
0.33822
0.38853
0.29665
0.33666
0.25965
0.31339
0.30031
0.36524
0.28950
0.29000
0.32918
0.33064
0.29763
0.33815
0.40351
0.21583
0.26823
0.30912
0.25685
0.32794
0.32012
0.23751
0.25694
0.36162
0.23731
0.28852
0.31902
0.31754
0.26729
0.26245
0.28692
0.28860
0.30221
0.34089
0.30275
0.24896
0.31216
0.28722
0.31432
0.29730
0.28227
0.15989
0.31561
0.33600
0.36529
0.34041
0.29628
0.40263
0.39329
0.26744
0.15596
0.30868
0.37570
0.27210
0.16862
0.31912
0.32233
0.21217
0.25065
0.31780
0.26157
0.24615
0.24679
0.33794
0.33059
0.38624
0.26606
0.30582
0.27337
0.37998
0.27149
0.27972
0.30157
0.32585
0.27185
0.16167
0.30378
0.43447
0.22077
0.41320
0.41524
0.16641
0.31006
0.34101
0.32165
0.28183
0.26998
0.28391
0.21973
0.28401
0.27788
0.28493
0.29682
0.37947
0.27066
0.29637
0.21468
0.22391
0.24950
0.37869
0.19678
0.10562
0.31305
0.11915
0.16968
0.40862
0.13351
0.24219
0.18385
0.28181
0.21666
0.42435
0.17092
0.33400
0.39127
0.25175
0.22035
0.26645
0.22749
0.17124
0.36193
0.14217
0.35102
0.33069
0.25954
0.22172
0.25677
0.32574
0.27935
0.16900
0.33820
0.41756
0.30714
0.29253
0.36661
0.37567
0.23833
0.24288
0.29908
0.36429
0.16714
0.18944
0.21169
0.33094
0.27197
0.24175
0.28128
0.30070
0.33510
0.19668
0.29349
0.34955
0.26576
0.27365
0.23189
0.36820
0.31009
0.24952
0.29590
0.33025
0.31470
0.25463
0.32069
0.23190
0.31072
0.25020
0.25864
0.31202
0.27977
0.26794
0.30429
0.21399
0.25770
0.21340
0.06098
0.15908
0.12457
0.20697
0.31077
0.20173
0.25120
0.33920
0.13746
0.06553
0.17920
0.05423
0.28191
0.26073
0.17942
0.30079
0.02291
0.11903
0.18721
0.15326
0.06257
0.10735
0.21172
0.25283
0.21463
0.21289
0.27070
0.05453
0.31069
0.25364
0.11275
0.04495
0.11021
0.27344
0.17142
0.26682
0.20477
0.29871
0.05618
0.06107
0.07162
0.10452
0.24832
0.15529
0.18096
0.13480
0.26037
0.16210
0.24725
0.22217
0.02797
0.23026
0.04817
0.03293
0.15885
0.17707
0.24345
0.08120
0.07053
0.20544
0.22113
0.29276
0.25144
0.07228
0.05578
0.18856
0.21221
0.21595
0.19494
0.06709
0.29026
0.13429
0.08474
0.27211
0.28564
0.09799
0.14648
0.13837
0.03894
0.04155
0.21635
0.08754
0.18742
0.24279
0.28955
0.19788
0.32411
0.24173
0.23369
0.17563
0.20578
0.20517
0.06107
0.24369
0.09236
0.04731
0.20915
0.25049
0.30747
0.22532
0.07350
0.05541
0.11117
0.18853
0.26058
0.28660
0.11219
0.20900
0.28653
0.15021
0.26044
0.10488
0.04745
0.01840
0.08055
0.04700
0.09021
0.24105
0.29709
0.11800
0.09144
0.02161
0.04091
0.10677
0.20812
