0.08933
0.13666
0.06371
0.22064
0.08841
0.14683
0.17336
0.13796
0.19782
0.03979
0.19473
0.14498
0.14202
0.11983
0.13058
0.22032
0.13642
0.16228
0.09526
0.12669
0.25163
0.09905
0.18177
0.02681
0.21132
0.12986
0.10539
0.24821
0.06779
0.11536
0.16678
0.28964
0.13349
0.09862
0.07816
0.09350
0.12566
0.08691
0.09239
0.12569
0.27073
0.24871
0.09435
0.12721
0.26490
0.23054
0.15663
0.18948
0.18226
0.15154
0.09891
0.15739
0.15569
0.31324
0.09921
0.22726
0.22773
0.12313
0.14367
0.06359
0.27683
0.27277
0.11606
0.16879
0.27713
0.31194
0.02896
0.18058
0.10365
0.06349
0.13063
0.30231
0.33820
0.18230
0.26842
0.10251
0.05644
0.07402
0.22341
0.15648
0.29837
0.18616
0.33365
0.27200
0.29693
0.34685
0.09819
0.10462
0.16788
0.26293
0.30010
0.19744
0.07131
0.28119
0.06264
0.17937
0.18584
0.22201
0.20863
0.15360
0.09669
0.16978
0.12087
0.12250
0.21233
0.28217
0.16746
0.14629
0.12676
0.28037
0.02779
0.26335
0.09184
0.26510
0.10046
0.15377
0.26467
0.03284
0.06423
0.18987
0.18529
0.05404
0.28109
0.02203
0.09622
0.16559
0.30891
0.28560
0.16248
0.25819
0.11032
0.14038
0.31278
0.30185
0.10756
0.12870
0.08045
0.26832
0.23786
0.06910
0.13625
0.02499
0.25980
0.14484
0.12946
0.28388
0.11565
0.36261
0.20221
0.08665
0.14621
0.20904
0.10429
0.29917
0.29832
0.30923
0.10001
0.14066
0.15873
0.18509
0.26161
0.29606
0.27634
0.29416
0.09537
0.12880
0.30799
0.29212
0.07108
0.26739
0.06273
0.22250
0.22593
0.03369
0.09974
0.22532
0.05160
0.05836
0.16246
0.24140
0.05979
0.10513
0.23579
0.14577
0.11597
0.16228
0.21334
0.23173
0.26671
0.22024
0.12596
0.05949
0.05365
0.16599
0.11987
0.24753
0.23323
0.19775
0.09782
0.28763
0.18973
0.07474
0.19491
0.13808
0.04732
0.27137
0.09289
0.17886
0.26247
0.09676
0.22899
0.21734
0.12009
0.25370
0.28217
0.22626
0.12456
0.25621
0.18013
0.34511
0.10890
0.17634
0.11765
0.08162
0.07427
0.04159
0.17468
0.18617
0.16511
0.03893
0.28091
0.13141
0.28007
0.14178
0.05660
0.29224
0.10258
0.05388
0.09846
0.26362
0.06733
0.29541
0.09947
0.10942
0.11689
0.18525
0.10049
0.08912
0.11770
0.12903
0.12568
0.11052
0.09865
0.26447
0.16827
0.14921
0.18799
0.06491
0.09601
0.12938
0.19578
0.17182
0.19784
0.15321
0.14409
0.21269
0.23132
0.10153
0.19518
0.04788
0.07592
0.12290
0.06265
0.04186
0.39632
0.17702
0.08982
0.23723
0.12950
0.12510
0.12705
0.31494
0.13245
0.07819
0.32269
0.11712
0.19007
0.18444
0.14264
0.12222
0.07492
0.08015
0.15951
0.23268
0.15939
0.09692
0.19985
0.16499
0.19014
0.14738
0.32413
0.20937
0.28311
0.13889
0.16557
0.31029
0.31084
0.32053
0.03516
0.25246
0.11916
0.26634
0.11957
0.08072
0.16488
0.14071
0.11382
0.16975
0.24939
0.08520
0.07511
0.09930
0.26071
0.16306
0.27355
0.12696
0.23482
0.22200
0.20444
0.07114
0.25497
0.23294
0.36099
0.28860
0.30904
0.21141
0.24217
0.25895
0.28279
0.25547
0.05157
0.11748
0.13379
0.23489
0.06072
0.04500
0.21621
0.14359
0.25621
0.07577
0.16536
0.11957
0.25899
0.28485
0.25511
0.16458
0.32938
0.12667
0.11485
0.32471
0.08192
0.20436
0.05723
0.11412
0.20731
0.07565
0.23233
0.32493
0.05060
0.06844
0.13169
0.26044
0.11664
0.05415
0.06292
0.07017
0.06365
0.15169
0.17972
0.07328
0.30514
0.17888
0.20474
0.08048
0.20186
0.30813
0.14850
0.21881
0.36464
0.11455
0.29910
0.29376
0.24028
0.28403
0.29507
0.22342
0.35643
0.22999
0.22892
0.19344
0.22922
0.25905
0.19268
0.37777
0.33711
0.25555
0.26803
0.25056
0.22218
0.33202
0.24142
0.14723
0.32850
0.34018
0.15489
0.20531
0.32781
0.27257
0.24060
0.25349
0.23106
0.32739
0.21496
0.23197
0.35315
0.21494
0.19081
0.29084
0.19041
0.29749
0.36598
0.27593
0.27945
0.27891
0.23264
0.23558
0.24806
0.32218
0.18150
0.24280
0.33401
0.19203
0.23327
0.29718
0.18338
0.23846
0.26080
0.29631
0.32493
0.30722
0.25223
0.18571
0.27898
0.35538
0.14864
0.27287
0.16894
0.13251
0.19662
0.34828
0.28806
0.32792
0.15891
0.35848
0.27319
0.27346
0.37044
0.33080
0.25163
0.28022
0.22046
0.27048
0.21372
0.35821
0.26030
0.20664
0.16714
0.30987
0.21153
0.27159
0.30418
0.25138
0.35627
0.33447
0.21604
0.33740
0.33281
0.19698
0.15204
0.22663
0.17705
0.18970
0.16594
0.28444
0.34718
0.21846
0.24696
0.25231
0.26609
0.20309
0.28114
0.18397
0.21524
0.17859
0.29252
0.25644
0.22216
0.17910
0.32561
0.30042
0.13624
0.26929
0.33354
0.24827
0.34274
0.32368
0.23237
0.24888
0.22066
0.29215
0.29990
0.25493
0.26532
0.22453
0.15597
0.28537
0.22838
0.24639
0.22818
0.22336
0.27911
0.29928
0.20713
0.24251
0.28742
0.21576
0.23975
0.20476
0.22481
0.19751
0.21758
0.21375
0.30378
0.33785
0.33284
0.17799
0.13820
0.34201
0.18760
0.16983
0.17760
0.32535
0.30556
0.16787
0.18567
0.25800
0.24923
0.16333
0.15393
0.24082
0.26424
0.17128
0.25105
0.23519
0.28981
0.19843
0.20660
0.27739
0.23067
0.19543
0.23771
0.22855
0.26264
0.36186
0.18072
0.29173
0.21826
0.35458
0.33135
0.18892
0.27030
0.20882
0.25592
0.19825
0.28214
0.27556
0.20251
0.29546
0.26503
0.34629
0.23903
0.29890
0.19124
0.35618
0.18522
0.25414
0.18869
0.21089
0.27535
0.26246
0.20430
0.17790
0.21154
0.28882
0.16999
0.31487
0.22020
0.21689
0.31112
0.30907
0.28476
0.13514
0.19383
0.33348
0.33806
0.20397
0.24051
0.23234
0.25593
0.21725
0.20839
0.31177
0.28443
0.20878
0.24276
0.22523
0.29389
0.31784
0.26579
0.20513
0.27389
0.33055
0.23600
0.14367
0.16978
0.29137
0.29266
0.25381
0.24262
0.23539
0.34218
0.36313
0.16223
0.22342
0.33078
0.21585
0.20457
0.29131
0.34530
0.23404
0.18369
0.18727
0.21221
0.22036
0.36662
0.27600
0.28593
0.23395
0.23542
0.26292
0.30890
0.29501
0.16983
0.34065
0.17750
0.23949
0.34338
0.29279
0.18969
0.23655
0.20243
0.31140
0.29971
0.34901
0.22517
0.29512
0.21294
0.28959
0.31697
0.13844
0.21964
0.20792
0.18057
0.24038
0.22706
0.23742
0.24712
0.20557
0.23697
0.20317
0.24770
0.35168
0.23716
0.21212
0.18371
0.31510
0.24671
0.22949
0.14210
0.33510
0.29844
0.31539
0.25073
0.20749
0.22705
0.25520
0.19599
0.26368
0.16776
0.30469
0.25309
0.34785
0.29075
0.31014
0.35937
0.27771
0.22544
0.22654
0.15038
0.14399
0.23190
0.17087
0.27223
0.31490
0.22892
0.28531
0.38368
0.31270
0.33135
0.26801
0.30379
0.26871
0.35870
0.20888
0.25847
0.33144
0.33221
0.22963
0.33510
0.39440
0.23031
0.20961
0.32840
0.19626
0.33738
0.31634
0.23106
0.24059
0.33694
0.22399
0.23294
0.32827
0.23659
0.18304
0.21699
0.20490
0.26830
0.29852
0.25089
0.28402
0.24180
0.25174
0.27337
0.26400
0.23180
0.26879
0.13337
0.32191
0.33881
0.35577
0.30811
0.32060
0.38101
0.38400
0.27021
0.20312
0.28809
0.37732
0.29348
0.22164
0.30997
0.35492
0.25494
0.22269
0.32726
0.23291
0.29052
0.20073
0.35158
0.34363
0.41099
0.29741
0.30705
0.26725
0.37580
0.30217
0.31235
0.27547
0.35801
0.24499
0.17900
0.33480
0.45445
0.25119
0.40877
0.38502
0.21230
0.29571
0.37210
0.32773
0.31276
0.22217
0.28516
0.19738
0.29620
0.30346
0.31646
0.32476
0.37633
0.27064
0.28308
0.26296
0.16220
0.23563
0.38407
0.26092
0.14372
0.34408
0.15578
0.19811
0.41142
0.18574
0.25802
0.21789
0.27720
0.23355
0.43515
0.20442
0.31500
0.41497
0.24712
0.24552
0.26610
0.26011
0.19505
0.35292
0.21023
0.38821
0.36063
0.25958
0.25835
0.23180
0.35185
0.27095
0.22683
0.34916
0.41488
0.30012
0.29364
0.35989
0.35643
0.20441
0.24324
0.29119
0.40302
0.21572
0.24686
0.23949
0.34908
0.27089
0.26195
0.25766
0.32749
0.36005
0.22063
0.29644
0.33134
0.30350
0.30918
0.26446
0.36842
0.28019
0.27868
0.27790
0.30549
0.33844
0.26748
0.29453
0.24718
0.32308
0.27052
0.25172
0.31284
0.26286
0.17835
0.29849
0.14297
0.25033
0.20554
0.02036
0.08336
0.17238
0.24645
0.29586
0.19139
0.23426
0.36280
0.24411
0.05106
0.11208
0.02609
0.30119
0.26330
0.14756
0.31236
0.09587
0.08124
0.20907
0.24174
0.06979
0.14156
0.18117
0.25749
0.18114
0.21552
0.30770
0.03094
0.32975
0.21965
0.07128
0.10508
0.11272
0.24900
0.07429
0.23020
0.19527
0.28599
0.08240
0.06393
0.07294
0.08331
0.28293
0.14997
0.12763
0.16871
0.25664
0.07944
0.28703
0.21162
0.05056
0.25020
0.07646
0.10616
0.29631
0.18937
0.18511
0.09843
0.07373
0.21046
0.20404
0.28604
0.24576
0.02429
0.09503
0.23102
0.20515
0.13773
0.22999
0.10502
0.24772
0.22433
0.15479
0.28118
0.31726
0.08799
0.17065
0.15550
0.12104
0.04707
0.21742
0.10530
0.20006
0.26258
0.29225
0.18875
0.28138
0.24369
0.18039
0.13582
0.17973
0.22126
0.00948
0.25639
0.06427
0.05607
0.21336
0.26222
0.29898
0.25392
0.08848
0.02790
0.11352
0.20327
0.13811
0.25988
0.05295
0.14846
0.30203
0.10276
0.22390
0.19095
0.06331
0.04807
0.15959
0.03530
0.05862
0.29614
0.31090
0.09012
0.13514
0.06215
0.06673
0.08086
0.22054
