0.20485
0.20731
0.18737
0.24125
0.13641
0.23213
0.22291
0.20087
0.19168
0.25328
0.23107
0.23408
0.21014
0.18063
0.16553
0.22227
0.15602
0.21401
0.20957
0.25011
0.28580
0.20827
0.19750
0.14011
0.26273
0.19440
0.21963
0.25635
0.18371
0.22767
0.19683
0.26887
0.22600
0.23339
0.20630
0.17078
0.17773
0.18554
0.27520
0.23249
0.27412
0.27944
0.20617
0.21195
0.26576
0.18721
0.19833
0.28091
0.25467
0.18238
0.22502
0.23515
0.19831
0.26725
0.17991
0.26112
0.23985
0.21115
0.21836
0.16230
0.23524
0.30804
0.17546
0.28578
0.29465
0.29465
0.18932
0.20767
0.21682
0.19857
0.25741
0.29392
0.33709
0.24087
0.27123
0.23948
0.20151
0.18366
0.21697
0.23499
0.27098
0.26391
0.34571
0.28474
0.28954
0.35240
0.22357
0.18518
0.20628
0.26444
0.30891
0.19671
0.20204
0.26751
0.15860
0.27703
0.23381
0.23106
0.22659
0.21294
0.21020
0.22100
0.25407
0.23919
0.26611
0.30281
0.17223
0.23792
0.21532
0.28487
0.16652
0.28191
0.16808
0.27602
0.27345
0.21699
0.26803
0.25042
0.20003
0.21549
0.25389
0.16029
0.26173
0.14161
0.13840
0.22343
0.32117
0.27208
0.18497
0.26366
0.16541
0.19659
0.29035
0.32340
0.21349
0.22945
0.16640
0.26491
0.25399
0.17036
0.17149
0.17418
0.28386
0.26548
0.22059
0.33135
0.24125
0.33665
0.24572
0.19437
0.24143
0.30542
0.20140
0.28671
0.30157
0.33079
0.20619
0.23353
0.25831
0.28824
0.26453
0.29178
0.27617
0.30923
0.15306
0.19603
0.34099
0.28828
0.17458
0.24528
0.16815
0.26888
0.24364
0.18192
0.18480
0.23864
0.15723
0.15134
0.23622
0.29171
0.18109
0.24326
0.23588
0.22507
0.22259
0.27100
0.24774
0.28847
0.26364
0.25227
0.22811
0.15360
0.14643
0.21807
0.21498
0.25113
0.26413
0.26139
0.20631
0.28699
0.23881
0.18013
0.24011
0.28312
0.12427
0.24224
0.20373
0.27182
0.26970
0.21989
0.27970
0.24078
0.18509
0.25153
0.24414
0.23250
0.27052
0.27912
0.26346
0.33343
0.21142
0.23515
0.24763
0.19150
0.20251
0.15703
0.18654
0.26386
0.20553
0.16303
0.24298
0.19632
0.27949
0.20112
0.16458
0.26905
0.26626
0.17354
0.19624
0.22406
0.21721
0.32455
0.18614
0.24668
0.25601
0.20539
0.21674
0.14808
0.24235
0.21242
0.22149
0.21281
0.22692
0.29530
0.20901
0.25924
0.19104
0.22163
0.16791
0.21927
0.26067
0.21355
0.26029
0.23464
0.22701
0.26041
0.29527
0.21150
0.20013
0.22842
0.21693
0.20861
0.22496
0.16574
0.35793
0.21806
0.14005
0.25411
0.17639
0.17875
0.26871
0.29783
0.21481
0.23384
0.28410
0.25369
0.22869
0.23995
0.27702
0.24270
0.17895
0.15782
0.25622
0.27061
0.23459
0.24429
0.19199
0.23429
0.22855
0.20318
0.31218
0.27995
0.28886
0.20842
0.23244
0.27923
0.32772
0.33936
0.14180
0.28493
0.21934
0.28805
0.25331
0.24357
0.17906
0.21625
0.19056
0.28486
0.22967
0.19271
0.15966
0.18413
0.23917
0.25993
0.28310
0.24861
0.26223
0.23456
0.20750
0.15991
0.30966
0.29844
0.34262
0.29707
0.32043
0.24740
0.26022
0.30334
0.25779
0.26120
0.22449
0.19434
0.19039
0.24716
0.14645
0.18649
0.27051
0.17825
0.23917
0.19848
0.22737
0.25907
0.27643
0.25681
0.26322
0.22910
0.32747
0.15875
0.21146
0.31183
0.18855
0.24605
0.14613
0.19561
0.23579
0.18964
0.25681
0.33175
0.23492
0.19679
0.26718
0.25000
0.21617
0.23004
0.23348
0.21318
0.16454
0.20712
0.24330
0.17986
0.27543
0.20856
0.19061
0.21299
0.20790
0.27896
0.24091
0.27768
0.32244
0.18914
0.25130
0.31486
0.28400
0.31279
0.26541
0.24322
0.33252
0.27238
0.24098
0.24797
0.21018
0.29688
0.20504
0.34772
0.29896
0.27627
0.23851
0.25668
0.27690
0.36120
0.28091
0.25075
0.31869
0.33425
0.22722
0.26275
0.30360
0.27061
0.22881
0.27373
0.30409
0.28102
0.27083
0.21116
0.32678
0.27557
0.24221
0.31697
0.20200
0.30929
0.32161
0.28783
0.31938
0.29100
0.26872
0.23814
0.28956
0.32720
0.23974
0.29984
0.30201
0.23567
0.27743
0.30984
0.21170
0.31389
0.24845
0.28098
0.28562
0.28012
0.28257
0.20514
0.26866
0.35209
0.15872
0.27913
0.24351
0.21619
0.17452
0.36901
0.31198
0.30569
0.19153
0.33642
0.27886
0.27619
0.34256
0.29786
0.29557
0.30012
0.24668
0.29806
0.20056
0.32454
0.26684
0.24082
0.18181
0.32469
0.21343
0.24890
0.28506
0.26987
0.35081
0.30677
0.22169
0.31023
0.32710
0.18018
0.19137
0.31186
0.19989
0.21218
0.18843
0.29252
0.33241
0.29566
0.27372
0.24892
0.27837
0.21936
0.28141
0.26746
0.28801
0.22925
0.28472
0.26689
0.21934
0.18786
0.35434
0.23626
0.24144
0.30634
0.28134
0.26847
0.36756
0.28331
0.23130
0.29079
0.20216
0.29983
0.32302
0.28533
0.26167
0.24216
0.18864
0.32595
0.23974
0.29125
0.22557
0.26232
0.29382
0.26907
0.19844
0.23782
0.29535
0.21431
0.28718
0.22343
0.24803
0.24393
0.24227
0.19093
0.31466
0.30035
0.30991
0.25975
0.21301
0.30986
0.22811
0.23164
0.23584
0.28338
0.28288
0.18794
0.19715
0.28207
0.26465
0.22293
0.18122
0.22458
0.25301
0.23278
0.25842
0.28028
0.32138
0.19057
0.26518
0.26160
0.29254
0.21092
0.27087
0.26788
0.27286
0.38367
0.21527
0.27101
0.23352
0.32650
0.28073
0.26955
0.27937
0.27015
0.27291
0.20503
0.31059
0.26542
0.26449
0.25663
0.26716
0.31535
0.24599
0.27924
0.25714
0.31008
0.25045
0.28512
0.21785
0.25626
0.29983
0.26830
0.23982
0.25123
0.26036
0.32056
0.23223
0.31923
0.25212
0.29438
0.26748
0.25811
0.26970
0.17991
0.26051
0.30652
0.29643
0.27390
0.29032
0.29532
0.26407
0.25242
0.22544
0.29148
0.30218
0.28278
0.24674
0.17484
0.27814
0.28751
0.25753
0.27847
0.23138
0.32835
0.30680
0.23394
0.22010
0.27745
0.26887
0.28363
0.25324
0.25502
0.34214
0.33384
0.17896
0.25776
0.26892
0.25990
0.26331
0.30450
0.32424
0.23484
0.22734
0.18508
0.27396
0.26561
0.35812
0.29571
0.29424
0.27337
0.23111
0.27097
0.29036
0.25543
0.18390
0.30490
0.21133
0.25178
0.31565
0.29297
0.27207
0.24630
0.26488
0.28359
0.32091
0.31511
0.27531
0.22887
0.22625
0.29633
0.27875
0.15757
0.28901
0.22077
0.23105
0.25866
0.24564
0.29447
0.24943
0.26075
0.22758
0.25534
0.23633
0.30408
0.27395
0.25745
0.22085
0.28085
0.26191
0.25260
0.22298
0.29165
0.26978
0.34035
0.24184
0.27017
0.27205
0.26655
0.25276
0.27844
0.21443
0.31085
0.28771
0.30320
0.27251
0.26592
0.32165
0.27066
0.27315
0.27806
0.17407
0.21193
0.30309
0.22800
0.27090
0.31097
0.27629
0.33402
0.36564
0.28159
0.32405
0.26676
0.27390
0.28286
0.33808
0.26416
0.28715
0.31259
0.28077
0.30186
0.30382
0.37965
0.22843
0.25424
0.30103
0.24286
0.31037
0.33377
0.23946
0.25113
0.31196
0.23054
0.28293
0.30182
0.28525
0.26651
0.26283
0.27015
0.28112
0.30377
0.31460
0.29237
0.24921
0.28364
0.28665
0.29130
0.27058
0.25619
0.16226
0.33095
0.31175
0.35331
0.31278
0.30628
0.37264
0.37796
0.26356
0.19323
0.30023
0.37516
0.26525
0.21664
0.29747
0.33980
0.26117
0.23217
0.32456
0.25383
0.27108
0.24133
0.32366
0.34814
0.39456
0.28478
0.28672
0.25740
0.39312
0.26202
0.27735
0.30117
0.31151
0.25954
0.17256
0.32582
0.43786
0.25835
0.38789
0.37319
0.22813
0.28270
0.33365
0.31540
0.27484
0.25318
0.28229
0.21125
0.25856
0.29409
0.30672
0.27985
0.37777
0.28225
0.27812
0.25724
0.21825
0.25747
0.36900
0.22207
0.12210
0.35875
0.16815
0.21185
0.39644
0.16489
0.23814
0.20664
0.28963
0.22719
0.41125
0.18774
0.31081
0.36822
0.24850
0.23708
0.25375
0.22659
0.19523
0.34406
0.18946
0.36755
0.33928
0.26147
0.22880
0.25291
0.35890
0.27578
0.22269
0.28602
0.40114
0.29887
0.28201
0.34768
0.34391
0.22726
0.26347
0.29894
0.39151
0.22009
0.23294
0.19967
0.36872
0.28753
0.25007
0.25485
0.29250
0.36302
0.20686
0.29300
0.35148
0.29500
0.31390
0.23758
0.36557
0.28643
0.23416
0.28402
0.30106
0.33803
0.25367
0.30811
0.24504
0.33215
0.25730
0.25645
0.30803
0.28712
0.23199
0.29974
0.20771
0.31054
0.22732
0.16466
0.13951
0.21973
0.24237
0.27801
0.17650
0.21604
0.35679
0.22897
0.19772
0.22457
0.22284
0.26084
0.26006
0.18619
0.29396
0.20934
0.19391
0.23023
0.23750
0.17548
0.19872
0.22329
0.26742
0.22124
0.21442
0.27868
0.17652
0.32761
0.18219
0.20608
0.10218
0.22522
0.30313
0.18746
0.25175
0.22569
0.32757
0.21397
0.20035
0.14358
0.16347
0.24322
0.19231
0.24854
0.25617
0.30245
0.22369
0.30802
0.22412
0.20505
0.28482
0.19450
0.17915
0.28724
0.17034
0.28234
0.21331
0.17998
0.20874
0.20079
0.26952
0.26463
0.13688
0.18947
0.17324
0.21283
0.24503
0.23327
0.15848
0.26029
0.15185
0.23004
0.26944
0.28157
0.24877
0.15901
0.25127
0.18741
0.10526
0.26599
0.20861
0.20069
0.22428
0.24058
0.19830
0.32960
0.26203
0.30407
0.20976
0.23267
0.22669
0.18042
0.20541
0.21217
0.23266
0.20564
0.19083
0.28647
0.20761
0.24712
0.17085
0.23780
0.27840
0.22376
0.30363
0.23639
0.29276
0.33589
0.22757
0.20493
0.23132
0.21899
0.15758
0.23011
0.15910
0.18498
0.26944
0.30762
0.23880
0.21410
0.21379
0.20780
0.13047
0.24362
