0.12716
0.10992
0.07610
0.26831
0.10479
0.13423
0.19502
0.15041
0.18765
0.06609
0.16841
0.16532
0.22184
0.13574
0.15839
0.22671
0.18978
0.13379
0.05347
0.15185
0.30196
0.11685
0.19270
0.05982
0.20548
0.18487
0.12488
0.24363
0.07687
0.16805
0.16879
0.31617
0.13799
0.12901
0.09845
0.09634
0.16173
0.08869
0.11247
0.19427
0.31210
0.25999
0.08597
0.13414
0.29329
0.21835
0.16619
0.21735
0.20264
0.15486
0.10820
0.14170
0.15668
0.31501
0.11065
0.19695
0.24066
0.13008
0.11895
0.08063
0.27707
0.30634
0.14527
0.24943
0.28715
0.33268
0.04211
0.16234
0.11094
0.03899
0.13840
0.31779
0.30122
0.23444
0.28559
0.09986
0.08353
0.05004
0.23142
0.15778
0.32669
0.20214
0.34110
0.26068
0.28337
0.34110
0.09720
0.09896
0.18626
0.25497
0.34464
0.17848
0.05025
0.24305
0.06978
0.16315
0.21141
0.23461
0.19783
0.15815
0.09535
0.19276
0.10891
0.13563
0.18318
0.29849
0.12871
0.18175
0.16627
0.28661
0.02358
0.25590
0.11332
0.28045
0.10577
0.15391
0.27818
0.06415
0.06509
0.20987
0.24113
0.08117
0.30295
0.04809
0.11903
0.16376
0.29829
0.27980
0.18200
0.24515
0.13588
0.16907
0.31322
0.33499
0.10709
0.15080
0.06202
0.28052
0.26214
0.05914
0.17432
0.02793
0.29530
0.23444
0.16654
0.28936
0.10648
0.35820
0.16755
0.09570
0.18870
0.24239
0.10840
0.29404
0.31022
0.34121
0.14012
0.13723
0.16999
0.22111
0.23434
0.27799
0.28359
0.32406
0.09146
0.12755
0.32463
0.24890
0.12777
0.26901
0.03393
0.24302
0.22739
0.04593
0.08899
0.22808
0.04385
0.10712
0.20002
0.29373
0.06241
0.11244
0.23394
0.15012
0.13604
0.19993
0.24517
0.24403
0.23948
0.19505
0.11506
0.11710
0.05689
0.14899
0.14124
0.24091
0.20538
0.16936
0.07301
0.27999
0.24028
0.09224
0.16223
0.13517
0.06568
0.22787
0.09427
0.25518
0.26917
0.09416
0.24885
0.20577
0.16023
0.25019
0.25971
0.24058
0.12900
0.29844
0.19713
0.34866
0.11030
0.20748
0.10952
0.10511
0.06744
0.08482
0.21949
0.14153
0.17134
0.10818
0.22194
0.12751
0.23402
0.15239
0.05007
0.28565
0.12352
0.03075
0.11369
0.27549
0.11460
0.31367
0.10587
0.12054
0.16055
0.20361
0.11601
0.06008
0.14689
0.12295
0.10281
0.15731
0.12622
0.24937
0.17032
0.15878
0.16533
0.06216
0.07207
0.15728
0.18258
0.16487
0.21488
0.21900
0.14818
0.28811
0.28599
0.09607
0.18412
0.06432
0.10159
0.12754
0.04917
0.07530
0.36672
0.16396
0.05097
0.19432
0.17234
0.08410
0.16422
0.33334
0.13899
0.09867
0.29859
0.12472
0.21336
0.15877
0.16243
0.11881
0.10567
0.06897
0.23957
0.22238
0.21019
0.09888
0.17219
0.20642
0.18539
0.18132
0.34661
0.25912
0.28369
0.18027
0.09361
0.31140
0.29409
0.34767
0.05107
0.27146
0.14634
0.29335
0.13853
0.09025
0.14705
0.16198
0.09567
0.21092
0.25184
0.08708
0.11449
0.09647
0.26743
0.13384
0.24342
0.19233
0.21906
0.26754
0.15631
0.08538
0.20044
0.30228
0.36264
0.27068
0.34866
0.22835
0.27005
0.29319
0.28294
0.26505
0.07027
0.06849
0.18058
0.22987
0.07060
0.05738
0.20497
0.10720
0.19185
0.07457
0.20064
0.13283
0.29866
0.26551
0.21848
0.20553
0.30630
0.16765
0.15206
0.31897
0.07157
0.25267
0.05669
0.09864
0.20778
0.03589
0.23058
0.36090
0.06522
0.09580
0.15322
0.26002
0.11790
0.07439
0.07789
0.08070
0.06550
0.11540
0.16026
0.09018
0.26232
0.16873
0.24169
0.10104
0.21895
0.28245
0.20494
0.24690
0.35544
0.18490
0.29804
0.30669
0.29891
0.31347
0.29024
0.22395
0.34555
0.23927
0.24348
0.25464
0.22971
0.29745
0.20537
0.36990
0.31777
0.25509
0.22240
0.26551
0.23956
0.35289
0.29573
0.21986
0.32303
0.33196
0.21718
0.24805
0.31341
0.27624
0.25564
0.25774
0.29937
0.30413
0.24410
0.23954
0.33741
0.24653
0.22960
0.32384
0.14186
0.32218
0.35002
0.30738
0.29370
0.29342
0.27899
0.23802
0.27126
0.34484
0.19332
0.28875
0.31674
0.23916
0.26714
0.30310
0.20985
0.29158
0.27790
0.26553
0.30999
0.29141
0.25913
0.20299
0.27449
0.36306
0.14514
0.27827
0.21268
0.19226
0.21459
0.35674
0.31575
0.31476
0.17676
0.35054
0.27511
0.27930
0.36381
0.30738
0.27621
0.29226
0.25458
0.28491
0.20565
0.35997
0.29545
0.25587
0.18596
0.32728
0.22964
0.27289
0.28203
0.26984
0.34145
0.30831
0.23697
0.31626
0.28322
0.18886
0.18296
0.27522
0.20640
0.18449
0.16467
0.29376
0.33651
0.26785
0.25391
0.25060
0.28677
0.23137
0.30294
0.26698
0.29115
0.17487
0.28205
0.28005
0.21770
0.20057
0.34983
0.31001
0.17617
0.31349
0.33016
0.26460
0.36266
0.30886
0.25967
0.28610
0.23282
0.28927
0.31831
0.25457
0.29610
0.23298
0.15897
0.31227
0.24193
0.29353
0.24921
0.29324
0.32013
0.29340
0.22980
0.25173
0.29060
0.22551
0.28145
0.22216
0.24278
0.24878
0.24807
0.20768
0.31564
0.31471
0.32662
0.22745
0.19890
0.32449
0.21995
0.19802
0.20064
0.28566
0.30496
0.18469
0.18551
0.27685
0.27034
0.21461
0.16626
0.23787
0.25222
0.21210
0.25683
0.23830
0.31548
0.21257
0.21787
0.26163
0.28676
0.21557
0.30199
0.27380
0.25794
0.37286
0.20890
0.31758
0.23767
0.34706
0.31963
0.25378
0.27559
0.27390
0.27556
0.20514
0.32264
0.29363
0.26173
0.27566
0.27519
0.34253
0.25434
0.25911
0.19445
0.35509
0.23196
0.29246
0.22462
0.23422
0.27929
0.27381
0.22355
0.22865
0.25316
0.31830
0.22121
0.29374
0.25722
0.27572
0.30470
0.28330
0.28202
0.14466
0.21582
0.33010
0.33973
0.24755
0.25541
0.30474
0.27687
0.23857
0.19074
0.30810
0.29796
0.28729
0.26842
0.20248
0.29295
0.30842
0.27665
0.26845
0.21776
0.31748
0.28848
0.18606
0.19328
0.28799
0.29873
0.29674
0.26190
0.24582
0.34376
0.33515
0.17200
0.25273
0.31480
0.27348
0.25717
0.31737
0.33506
0.25268
0.19962
0.19960
0.22842
0.27175
0.35859
0.30529
0.30739
0.28654
0.24679
0.27356
0.27979
0.27852
0.17988
0.33248
0.22229
0.24456
0.34427
0.31338
0.24388
0.24861
0.24759
0.30075
0.34031
0.34209
0.28380
0.27625
0.22010
0.27477
0.32623
0.13315
0.25587
0.21197
0.22936
0.27314
0.25496
0.26186
0.25260
0.25448
0.23533
0.22981
0.23643
0.33517
0.28069
0.25895
0.19263
0.27176
0.26231
0.23340
0.20828
0.34056
0.28582
0.33118
0.25627
0.23379
0.27410
0.25266
0.21541
0.27468
0.19852
0.34405
0.27613
0.34550
0.28683
0.30332
0.33593
0.27766
0.23669
0.30050
0.18911
0.21506
0.29277
0.21431
0.27306
0.31531
0.25391
0.30861
0.37861
0.31189
0.32194
0.27370
0.27123
0.29821
0.35864
0.24115
0.26829
0.32030
0.31907
0.28989
0.31756
0.38116
0.24954
0.25761
0.34207
0.25054
0.30716
0.32622
0.26017
0.23517
0.35441
0.23931
0.27933
0.30591
0.28860
0.21641
0.24275
0.26505
0.25961
0.29173
0.31752
0.29485
0.27214
0.29128
0.28706
0.29345
0.27725
0.28557
0.14715
0.29545
0.30422
0.36975
0.28001
0.31118
0.38089
0.39519
0.27695
0.21664
0.30256
0.39382
0.28227
0.22571
0.30487
0.36387
0.25741
0.20699
0.34788
0.23703
0.24546
0.24186
0.32312
0.36753
0.41730
0.26946
0.30912
0.26385
0.36669
0.28096
0.28355
0.29499
0.35024
0.26142
0.18844
0.32271
0.43898
0.24859
0.38788
0.38810
0.21029
0.28640
0.33265
0.30074
0.30791
0.23771
0.27372
0.22203
0.29442
0.29485
0.26869
0.31600
0.36328
0.26540
0.27829
0.26161
0.19617
0.25447
0.39869
0.21453
0.15252
0.34302
0.12393
0.19565
0.40819
0.19383
0.26798
0.21742
0.24814
0.22640
0.43965
0.20577
0.32038
0.37600
0.23996
0.25087
0.25293
0.24454
0.23016
0.36076
0.21284
0.36454
0.34985
0.24065
0.24573
0.22225
0.34197
0.28216
0.23263
0.36072
0.41647
0.30744
0.30638
0.35148
0.35251
0.21486
0.28160
0.30449
0.39298
0.24175
0.24096
0.21603
0.32727
0.27894
0.23924
0.27163
0.34021
0.35718
0.21431
0.29120
0.32314
0.30645
0.28992
0.26536
0.39865
0.29128
0.27189
0.28449
0.29387
0.30863
0.26527
0.32230
0.24591
0.33417
0.28050
0.21225
0.30102
0.29060
0.19272
0.28171
0.22594
0.31377
0.21617
0.02698
0.19628
0.22875
0.25260
0.28507
0.19721
0.24988
0.30116
0.18455
0.09550
0.21630
0.03495
0.29988
0.29158
0.21421
0.29580
0.07551
0.13088
0.19964
0.20602
0.09481
0.19816
0.22216
0.29946
0.24388
0.20925
0.26400
0.05353
0.29805
0.23411
0.07164
0.08825
0.11580
0.22413
0.10784
0.22838
0.17473
0.29928
0.09022
0.08885
0.07013
0.10848
0.21053
0.17420
0.17301
0.16563
0.29961
0.14780
0.28035
0.20360
0.10184
0.26996
0.04046
0.08488
0.25050
0.19642
0.26988
0.06324
0.11091
0.20251
0.20254
0.30178
0.23989
0.04385
0.06525
0.15063
0.20802
0.19882
0.23305
0.17017
0.27697
0.09773
0.17237
0.24645
0.32000
0.09845
0.12284
0.15580
0.05776
0.01500
0.16181
0.12237
0.19273
0.25366
0.27355
0.20368
0.32703
0.23320
0.26831
0.16005
0.23018
0.21161
0.06244
0.26774
0.05953
0.06056
0.20048
0.24230
0.30566
0.16905
0.08354
0.14179
0.16553
0.22336
0.24087
0.27525
0.16253
0.23596
0.29221
0.09856
0.22628
0.15747
0.03896
0.05615
0.15185
0.07577
0.07794
0.26453
0.23158
0.10203
0.14829
0.08317
0.04443
0.07865
0.17520
