0.13610
0.11326
0.05016
0.22440
0.13845
0.14133
0.22688
0.16312
0.20514
0.04415
0.21161
0.12405
0.18071
0.11573
0.12236
0.22265
0.13583
0.17107
0.10057
0.14776
0.30551
0.14886
0.19976
0.08098
0.25551
0.17029
0.16644
0.20598
0.11246
0.19190
0.13333
0.25396
0.13436
0.10847
0.10492
0.09392
0.10527
0.10789
0.11033
0.17865
0.28815
0.25125
0.16635
0.12934
0.29726
0.19605
0.18557
0.22333
0.18560
0.16618
0.09902
0.15725
0.13850
0.31341
0.09371
0.22620
0.21046
0.15908
0.14751
0.11260
0.25671
0.30487
0.14277
0.24126
0.25030
0.30365
0.07680
0.13108
0.09686
0.09006
0.14422
0.30508
0.23528
0.13921
0.24963
0.15060
0.11671
0.04907
0.23489
0.15223
0.29338
0.19856
0.30935
0.28273
0.28080
0.28400
0.08917
0.08702
0.13537
0.26238
0.33103
0.15116
0.08444
0.27013
0.11698
0.12254
0.22525
0.23280
0.19146
0.17183
0.09458
0.19270
0.09541
0.12069
0.24869
0.27579
0.13957
0.14293
0.15886
0.28187
0.02868
0.25131
0.13834
0.25175
0.10726
0.17841
0.27009
0.08037
0.09107
0.19803
0.21536
0.09303
0.26392
0.04029
0.12970
0.14769
0.32723
0.25702
0.20034
0.25230
0.11871
0.13551
0.28051
0.30862
0.12156
0.14750
0.08335
0.27359
0.26076
0.08501
0.17570
0.05901
0.27509
0.17640
0.13538
0.21870
0.12621
0.31939
0.16402
0.09109
0.13877
0.23410
0.09561
0.32260
0.29553
0.32214
0.15982
0.23308
0.13581
0.24128
0.22235
0.27679
0.26173
0.31884
0.09583
0.15242
0.25626
0.27596
0.11643
0.24713
0.05593
0.23757
0.23015
0.05284
0.12798
0.21019
0.10562
0.09415
0.17732
0.25850
0.09325
0.09938
0.24490
0.14881
0.12475
0.15217
0.23683
0.25669
0.24767
0.19963
0.11879
0.09039
0.07183
0.16831
0.17098
0.24254
0.21718
0.19523
0.09845
0.28321
0.23369
0.10625
0.21620
0.12017
0.06591
0.24627
0.12096
0.22958
0.28582
0.11461
0.24384
0.22480
0.12198
0.22136
0.24857
0.24063
0.12574
0.30198
0.22119
0.34171
0.14666
0.19742
0.09606
0.11550
0.09905
0.04229
0.18975
0.14587
0.19760
0.08453
0.20322
0.08156
0.22216
0.16541
0.06862
0.26300
0.10511
0.05849
0.09941
0.23133
0.06772
0.28992
0.12891
0.13724
0.12179
0.23284
0.11254
0.06562
0.14576
0.10271
0.09479
0.12828
0.12671
0.25582
0.14738
0.16058
0.20317
0.08169
0.07696
0.12223
0.23348
0.17415
0.22421
0.16839
0.16868
0.23576
0.23856
0.09445
0.18592
0.07160
0.10373
0.13925
0.07717
0.04100
0.35098
0.17218
0.09543
0.16747
0.18889
0.08554
0.15396
0.30586
0.15252
0.14792
0.29853
0.12324
0.24261
0.17665
0.19278
0.15046
0.09682
0.06807
0.22415
0.21998
0.19343
0.10417
0.17106
0.18041
0.18436
0.12784
0.32854
0.29524
0.25837
0.18024
0.08921
0.28712
0.30560
0.27957
0.06432
0.27406
0.12363
0.28600
0.12498
0.10655
0.19417
0.16644
0.12831
0.15745
0.24454
0.10618
0.09886
0.12335
0.27669
0.13623
0.22847
0.19298
0.22401
0.23926
0.18020
0.08320
0.20462
0.20139
0.34248
0.28055
0.32001
0.24841
0.26154
0.28170
0.26579
0.29414
0.06397
0.09318
0.15258
0.21974
0.08293
0.05033
0.17793
0.16566
0.22186
0.13841
0.15639
0.13293
0.28621
0.27318
0.26918
0.22270
0.30459
0.15094
0.12469
0.31583
0.07040
0.21614
0.07923
0.09009
0.20330
0.05889
0.25897
0.29638
0.05668
0.11458
0.15067
0.25183
0.10249
0.07739
0.09025
0.09855
0.09351
0.10125
0.18185
0.14765
0.26314
0.20572
0.23609
0.10410
0.21295
0.28796
0.23216
0.25310
0.35344
0.19555
0.27669
0.31353
0.28446
0.28948
0.29158
0.23885
0.33507
0.27860
0.23705
0.23505
0.23649
0.26688
0.20108
0.36946
0.31247
0.27858
0.29164
0.26162
0.24570
0.35361
0.26809
0.21589
0.30840
0.32328
0.24180
0.25235
0.32423
0.27287
0.25221
0.26787
0.29166
0.29368
0.27339
0.23581
0.34838
0.25779
0.26059
0.29400
0.20161
0.31250
0.34654
0.28677
0.32343
0.25270
0.28044
0.23870
0.27243
0.31835
0.21519
0.27600
0.29049
0.25113
0.28234
0.30392
0.17891
0.28761
0.25905
0.27145
0.32011
0.29993
0.28348
0.19418
0.27862
0.36260
0.16077
0.28135
0.21791
0.21708
0.19054
0.36670
0.32073
0.31593
0.16799
0.34554
0.26839
0.27643
0.34818
0.29952
0.29983
0.29199
0.25104
0.27453
0.20842
0.34968
0.27913
0.24965
0.18881
0.34060
0.21041
0.25863
0.28574
0.26355
0.34729
0.29284
0.21973
0.30208
0.30937
0.18656
0.20241
0.30251
0.19325
0.21337
0.18008
0.29140
0.33779
0.28225
0.25267
0.24664
0.28788
0.22706
0.25045
0.28093
0.26476
0.21693
0.28756
0.28559
0.21408
0.16713
0.35230
0.29954
0.20381
0.33582
0.31765
0.27712
0.35458
0.29136
0.22906
0.30474
0.21709
0.28198
0.32077
0.28297
0.27800
0.24635
0.15738
0.30847
0.23190
0.30804
0.20941
0.25016
0.26885
0.26314
0.20576
0.23396
0.29443
0.21717
0.29595
0.19777
0.23046
0.23684
0.24451
0.18083
0.31335
0.31070
0.32980
0.23743
0.22106
0.31669
0.24909
0.21568
0.21915
0.28663
0.29915
0.16773
0.17758
0.29928
0.26585
0.23032
0.15326
0.24637
0.27256
0.22781
0.27866
0.25365
0.27168
0.17069
0.23264
0.26509
0.28491
0.19988
0.27097
0.26785
0.24936
0.38172
0.19657
0.31689
0.23789
0.34328
0.30815
0.25951
0.27940
0.26732
0.27380
0.19686
0.31879
0.28289
0.28791
0.28997
0.29412
0.33609
0.23447
0.27397
0.23155
0.33736
0.24086
0.31099
0.23236
0.26070
0.28723
0.27970
0.24271
0.26229
0.22967
0.31698
0.23330
0.30690
0.23582
0.26380
0.27332
0.27806
0.29206
0.13895
0.22612
0.31850
0.32210
0.25919
0.30255
0.30403
0.26073
0.19996
0.22163
0.29721
0.29441
0.26048
0.26499
0.20847
0.27480
0.29942
0.26505
0.24893
0.24798
0.32113
0.29257
0.20514
0.22110
0.27528
0.26976
0.30862
0.25545
0.23114
0.33810
0.33080
0.14491
0.22906
0.30450
0.27787
0.27055
0.28855
0.33202
0.21318
0.20918
0.20928
0.27420
0.24615
0.34960
0.28709
0.29808
0.26993
0.23443
0.25790
0.28951
0.27342
0.17579
0.33324
0.21838
0.25019
0.34234
0.31164
0.26776
0.24427
0.27537
0.27551
0.31797
0.34391
0.26943
0.27675
0.21724
0.28674
0.31307
0.12472
0.28125
0.22032
0.22839
0.27609
0.25581
0.29408
0.26607
0.27101
0.20804
0.24338
0.24210
0.31381
0.28983
0.27057
0.21010
0.28343
0.26083
0.23650
0.21926
0.32952
0.29243
0.31967
0.26287
0.24256
0.28438
0.26040
0.24738
0.27142
0.17242
0.34147
0.26319
0.33570
0.25949
0.29635
0.33472
0.27875
0.27200
0.29203
0.18840
0.21518
0.28888
0.19605
0.29656
0.31164
0.28112
0.32289
0.37297
0.29715
0.32488
0.27714
0.31692
0.32435
0.34793
0.24527
0.27566
0.32617
0.31590
0.26192
0.32044
0.39190
0.23470
0.27006
0.33049
0.26001
0.31219
0.33961
0.24255
0.25149
0.35565
0.23085
0.28285
0.28678
0.28995
0.24223
0.26086
0.27679
0.29893
0.28774
0.30924
0.30030
0.26975
0.27786
0.27474
0.27000
0.26718
0.27642
0.12926
0.34345
0.28443
0.35472
0.33682
0.30134
0.40489
0.38935
0.22701
0.20214
0.27742
0.37391
0.29674
0.20956
0.28398
0.32999
0.23030
0.22462
0.33583
0.21816
0.27844
0.25944
0.31571
0.37061
0.44736
0.29533
0.27573
0.23877
0.38262
0.29354
0.30103
0.30196
0.35897
0.22736
0.20456
0.32743
0.43966
0.22057
0.41566
0.42946
0.18653
0.30272
0.37733
0.28579
0.28197
0.23673
0.22108
0.21525
0.29182
0.29433
0.26992
0.29887
0.37459
0.26582
0.23796
0.24654
0.19350
0.20610
0.38080
0.20766
0.13185
0.32200
0.15298
0.18815
0.38708
0.16478
0.28253
0.21734
0.23902
0.22415
0.43007
0.20497
0.30156
0.37636
0.23080
0.23450
0.21210
0.24709
0.22157
0.33750
0.18506
0.34801
0.34682
0.20814
0.25230
0.23637
0.32163
0.27199
0.22490
0.33229
0.41057
0.32783
0.29353
0.34055
0.37611
0.15375
0.27285
0.27904
0.36998
0.23788
0.22172
0.22008
0.32673
0.21725
0.25554
0.23209
0.30829
0.36755
0.24845
0.24204
0.32699
0.31937
0.28083
0.24116
0.37804
0.27780
0.28540
0.22885
0.34307
0.30391
0.26984
0.28814
0.23898
0.32654
0.24191
0.21382
0.28278
0.27062
0.18333
0.27546
0.19411
0.30233
0.23123
0.06963
0.17525
0.11746
0.20186
0.30614
0.23457
0.24539
0.35931
0.20025
0.04994
0.19884
0.06798
0.31695
0.24562
0.18455
0.27032
0.08101
0.15106
0.21572
0.27100
0.11095
0.11816
0.24101
0.25433
0.20519
0.21450
0.28435
0.05612
0.31836
0.22584
0.06744
0.11811
0.16131
0.28833
0.19477
0.25302
0.18623
0.31584
0.06204
0.06602
0.15136
0.08099
0.32424
0.08698
0.16948
0.22375
0.28442
0.25109
0.23441
0.20815
0.05744
0.25517
0.06225
0.06353
0.28015
0.15631
0.14004
0.10650
0.11083
0.21247
0.20123
0.27811
0.24519
0.03454
0.11212
0.19034
0.23100
0.21351
0.18465
0.09901
0.24722
0.12385
0.18495
0.29050
0.29307
0.11559
0.14942
0.19514
0.09247
0.08816
0.23104
0.14587
0.21280
0.26949
0.26582
0.20666
0.30788
0.22276
0.22043
0.10228
0.20218
0.22176
0.02572
0.27161
0.09617
0.05680
0.22968
0.28352
0.30315
0.27108
0.05698
0.06036
0.14541
0.27039
0.25105
0.19560
0.10119
0.21331
0.29297
0.14078
0.22212
0.13399
0.02505
0.06536
0.22224
0.03545
0.07004
0.22328
0.29560
0.10614
0.07663
0.06697
0.12136
0.07982
0.26068
