0.14594
0.10299
0.14917
0.23578
0.11788
0.17117
0.21317
0.18495
0.17182
0.11312
0.23977
0.14238
0.19878
0.15319
0.13076
0.23490
0.13175
0.15763
0.13831
0.19747
0.25592
0.15277
0.18218
0.08947
0.26473
0.18249
0.19330
0.19959
0.11922
0.17622
0.15589
0.22035
0.20807
0.12752
0.13518
0.10190
0.13101
0.13465
0.14384
0.17325
0.24661
0.26780
0.14396
0.17710
0.28819
0.18422
0.18954
0.27692
0.24093
0.14657
0.11134
0.18892
0.11415
0.27455
0.12317
0.26056
0.18576
0.18481
0.12425
0.12877
0.24715
0.32736
0.21471
0.23673
0.28827
0.29176
0.09472
0.20830
0.13235
0.11359
0.17620
0.34029
0.26052
0.15180
0.25333
0.17514
0.11632
0.09382
0.16155
0.15763
0.28537
0.21057
0.33787
0.27646
0.21993
0.33608
0.11093
0.13567
0.19942
0.25632
0.29174
0.20813
0.11526
0.25422
0.12374
0.22918
0.21128
0.19316
0.23378
0.14800
0.11697
0.20322
0.13600
0.15851
0.22301
0.29712
0.18643
0.18924
0.18709
0.30242
0.05293
0.27745
0.16118
0.19155
0.13410
0.15790
0.26807
0.08561
0.13761
0.20370
0.23702
0.16933
0.27018
0.07445
0.13908
0.16649
0.29049
0.25287
0.23280
0.24769
0.13576
0.16689
0.28130
0.31636
0.13374
0.17489
0.13154
0.27244
0.26031
0.11992
0.14660
0.12052
0.30782
0.20476
0.20161
0.26409
0.13830
0.32881
0.20959
0.10597
0.20882
0.28118
0.12619
0.27870
0.32151
0.33999
0.16895
0.21853
0.16602
0.24844
0.21658
0.28033
0.27822
0.32355
0.09728
0.15782
0.27893
0.27055
0.13429
0.26320
0.11905
0.25895
0.17651
0.04444
0.11279
0.22346
0.10490
0.12332
0.19200
0.26357
0.11028
0.13181
0.16760
0.18274
0.15666
0.20940
0.22872
0.26510
0.25047
0.20268
0.18504
0.16570
0.09104
0.21759
0.19838
0.24193
0.23924
0.23172
0.14153
0.18128
0.20882
0.13149
0.18785
0.19172
0.12949
0.21389
0.14036
0.21914
0.21820
0.16293
0.23685
0.23293
0.17546
0.20368
0.23444
0.23502
0.15610
0.23137
0.22642
0.28514
0.16826
0.20858
0.14084
0.13668
0.11389
0.09386
0.15970
0.19354
0.19762
0.13292
0.20779
0.14484
0.23993
0.18541
0.14834
0.26472
0.13899
0.10023
0.12059
0.22791
0.12462
0.25675
0.16709
0.13968
0.20517
0.21474
0.13255
0.10495
0.13966
0.12954
0.12189
0.14851
0.15251
0.22984
0.17924
0.17432
0.19093
0.12278
0.12589
0.17958
0.24503
0.20540
0.26386
0.19052
0.17858
0.22210
0.29025
0.11636
0.20019
0.07087
0.17339
0.15681
0.12778
0.08259
0.33066
0.16351
0.11309
0.17502
0.17898
0.11484
0.13858
0.29025
0.21127
0.12857
0.28864
0.14649
0.18071
0.18069
0.21608
0.23579
0.14322
0.10162
0.20594
0.21714
0.19645
0.11756
0.12071
0.24222
0.22248
0.18823
0.33222
0.28790
0.25599
0.16624
0.16051
0.26678
0.30369
0.33801
0.09490
0.25172
0.15969
0.27734
0.15844
0.14596
0.14735
0.21660
0.12097
0.21725
0.18205
0.13879
0.10700
0.10221
0.18775
0.17548
0.26792
0.23973
0.19346
0.24764
0.17468
0.09213
0.29522
0.19487
0.32917
0.23016
0.24654
0.23634
0.22915
0.30234
0.26249
0.24363
0.11504
0.14999
0.18327
0.23779
0.08433
0.10747
0.25228
0.17460
0.26240
0.16508
0.20309
0.18245
0.26589
0.23845
0.21414
0.19695
0.27993
0.18735
0.14872
0.29885
0.15003
0.25275
0.09837
0.13819
0.18034
0.08017
0.23481
0.32934
0.10005
0.09667
0.19092
0.24802
0.12334
0.12316
0.11294
0.10910
0.13765
0.14242
0.24020
0.11869
0.27532
0.19949
0.15325
0.11541
0.19908
0.29714
0.18705
0.27315
0.34746
0.19058
0.29813
0.31444
0.28138
0.29986
0.27777
0.23832
0.35090
0.23447
0.26504
0.23961
0.24236
0.27349
0.20657
0.36456
0.31652
0.24156
0.24474
0.25954
0.20878
0.34852
0.26568
0.23382
0.31801
0.32463
0.23068
0.23066
0.31462
0.27532
0.23641
0.26251
0.27581
0.31081
0.24967
0.20639
0.33688
0.26571
0.23865
0.34013
0.17314
0.30594
0.35307
0.29220
0.28794
0.26213
0.27688
0.24439
0.28138
0.33877
0.18277
0.30265
0.33077
0.24666
0.24534
0.32002
0.18754
0.28406
0.26135
0.26772
0.30640
0.27805
0.28438
0.19106
0.30137
0.33778
0.15017
0.29273
0.21869
0.23652
0.19862
0.37125
0.30062
0.33399
0.16378
0.34514
0.26658
0.25243
0.37518
0.30880
0.28185
0.29064
0.23768
0.28758
0.20042
0.36462
0.27744
0.23812
0.19752
0.33514
0.20318
0.25492
0.29150
0.26939
0.33970
0.32903
0.21280
0.32287
0.32286
0.16532
0.16423
0.27424
0.19349
0.16157
0.16034
0.31373
0.35393
0.25647
0.25887
0.24781
0.27642
0.21259
0.27319
0.24541
0.26416
0.20836
0.27911
0.26128
0.22995
0.19883
0.35379
0.28866
0.17657
0.32987
0.31856
0.25503
0.34913
0.31823
0.24701
0.30506
0.20789
0.29820
0.29983
0.28488
0.27751
0.24360
0.15816
0.31812
0.19922
0.27443
0.24011
0.25063
0.28714
0.28819
0.20344
0.24606
0.29751
0.19332
0.26297
0.20859
0.25422
0.23993
0.23746
0.21599
0.30017
0.31415
0.31954
0.24247
0.20816
0.32710
0.19510
0.18838
0.21301
0.29795
0.32780
0.17726
0.18431
0.29017
0.23978
0.21276
0.17251
0.20248
0.27577
0.24355
0.26358
0.27465
0.28602
0.18727
0.25341
0.27792
0.26165
0.18208
0.25984
0.28832
0.25984
0.38551
0.18499
0.32376
0.23342
0.37422
0.31960
0.24508
0.27770
0.27117
0.29198
0.20808
0.32963
0.26457
0.24961
0.28565
0.27645
0.34399
0.24293
0.28470
0.24366
0.34170
0.22044
0.29366
0.21202
0.25288
0.28395
0.25679
0.22840
0.24229
0.24286
0.32191
0.20644
0.32933
0.24358
0.23479
0.30245
0.28017
0.29366
0.15040
0.24534
0.32574
0.33825
0.24557
0.26685
0.30167
0.27014
0.24093
0.21072
0.29696
0.30507
0.24710
0.24725
0.19483
0.26528
0.31012
0.26629
0.25569
0.23628
0.33760
0.29099
0.20687
0.20849
0.28263
0.29591
0.27083
0.27412
0.24430
0.34798
0.34544
0.15679
0.22495
0.31871
0.27170
0.25901
0.31636
0.33904
0.23827
0.19229
0.20624
0.24121
0.26469
0.35649
0.31328
0.28721
0.27854
0.21911
0.26330
0.28613
0.27232
0.17772
0.33659
0.22010
0.24308
0.34408
0.31207
0.22679
0.23608
0.26253
0.29204
0.31539
0.33012
0.23909
0.25681
0.23708
0.29525
0.32520
0.14096
0.26742
0.21281
0.24998
0.25749
0.23635
0.26838
0.25773
0.24355
0.23982
0.23830
0.25641
0.34676
0.27997
0.24247
0.19760
0.29581
0.23992
0.25279
0.22587
0.32704
0.28006
0.35218
0.25468
0.24603
0.27336
0.27387
0.22716
0.28025
0.18887
0.33011
0.27718
0.33157
0.28064
0.29644
0.33671
0.26142
0.23720
0.28939
0.19508
0.22072
0.27612
0.22497
0.27819
0.31321
0.30824
0.30892
0.37968
0.32160
0.31705
0.25077
0.30500
0.30902
0.34681
0.23613
0.28013
0.32917
0.31576
0.28023
0.34316
0.40314
0.23304
0.26744
0.33051
0.26085
0.31811
0.33756
0.21945
0.24333
0.35110
0.22929
0.26282
0.31203
0.27504
0.25447
0.21994
0.24733
0.31472
0.27397
0.30976
0.29551
0.24642
0.26223
0.26999
0.27809
0.25185
0.30581
0.16701
0.33092
0.33149
0.34519
0.30168
0.29796
0.38111
0.41020
0.27248
0.17390
0.28642
0.38692
0.29477
0.23702
0.30019
0.32444
0.25237
0.25280
0.34299
0.26064
0.27443
0.23370
0.34106
0.35774
0.42094
0.29644
0.33282
0.28007
0.39864
0.25860
0.33115
0.34717
0.36762
0.28344
0.15213
0.28526
0.47336
0.25089
0.42980
0.39550
0.22581
0.29289
0.36307
0.32813
0.27792
0.24754
0.28100
0.23090
0.28614
0.32355
0.31664
0.27644
0.39299
0.26017
0.26663
0.23537
0.16156
0.27472
0.38394
0.22514
0.11497
0.33052
0.16253
0.18177
0.38546
0.15196
0.23167
0.20827
0.28073
0.23635
0.45012
0.19584
0.33665
0.39647
0.24064
0.26135
0.24052
0.25608
0.19475
0.36648
0.17257
0.34653
0.35343
0.26143
0.23533
0.23194
0.36166
0.27542
0.22319
0.34787
0.41867
0.32705
0.29347
0.39086
0.38330
0.21086
0.27352
0.30033
0.36735
0.19556
0.24252
0.20625
0.36392
0.27721
0.25711
0.28723
0.33540
0.37996
0.24307
0.30415
0.31826
0.30758
0.28938
0.24409
0.38546
0.31246
0.29931
0.27522
0.31138
0.36127
0.27423
0.30029
0.23886
0.35185
0.26398
0.27036
0.34863
0.30093
0.20029
0.27537
0.19742
0.31005
0.22430
0.12640
0.23552
0.22823
0.16288
0.28288
0.17343
0.27641
0.34289
0.21951
0.11197
0.23491
0.12339
0.30175
0.20183
0.18929
0.29749
0.15278
0.13061
0.20759
0.24113
0.17288
0.15675
0.21398
0.24431
0.23945
0.21325
0.25907
0.13732
0.30454
0.20150
0.05129
0.12214
0.18818
0.32998
0.09549
0.26020
0.22634
0.33434
0.14657
0.09649
0.08795
0.16564
0.20960
0.18676
0.15713
0.23866
0.28350
0.21547
0.26353
0.22929
0.10137
0.28909
0.16700
0.12757
0.30003
0.16110
0.22571
0.16308
0.16385
0.26339
0.19441
0.27992
0.25566
0.08260
0.12142
0.18324
0.22713
0.24316
0.21870
0.16260
0.26735
0.17279
0.19700
0.22561
0.26151
0.18277
0.18989
0.28728
0.10774
0.08636
0.23965
0.18943
0.20001
0.25965
0.26663
0.19559
0.32716
0.26773
0.23445
0.18510
0.17712
0.15138
0.04270
0.25957
0.14435
0.14716
0.22082
0.26256
0.22792
0.24509
0.08804
0.10295
0.20365
0.20836
0.21396
0.31254
0.13595
0.23095
0.30654
0.09454
0.24943
0.12578
0.13261
0.09629
0.21417
0.13137
0.16848
0.26471
0.27520
0.19026
0.14452
0.02803
0.15213
0.10150
0.27043
