0.10940
0.10795
0.05850
0.26538
0.07958
0.15044
0.24690
0.14784
0.17852
0.07385
0.15199
0.15291
0.16152
0.12888
0.10429
0.20766
0.13861
0.11244
0.05885
0.20367
0.28885
0.13249
0.11747
0.05378
0.14932
0.13808
0.08990
0.25544
0.12881
0.17015
0.11862
0.22619
0.18042
0.10595
0.10199
0.09852
0.12137
0.07837
0.11169
0.16314
0.29768
0.27330
0.07162
0.11069
0.28802
0.21685
0.16644
0.23935
0.16820
0.13750
0.10299
0.12870
0.15136
0.30306
0.09728
0.21039
0.22398
0.13450
0.13370
0.08195
0.26372
0.28427
0.10896
0.18998
0.28140
0.31860
0.06888
0.18471
0.10732
0.03240
0.13828
0.28483
0.31836
0.22172
0.25272
0.18345
0.08488
0.02928
0.21653
0.14356
0.29900
0.16955
0.26421
0.28418
0.28122
0.34183
0.10478
0.10462
0.14865
0.25432
0.31729
0.20782
0.09513
0.27097
0.05150
0.15219
0.20885
0.21417
0.19519
0.16702
0.10915
0.19526
0.13033
0.11624
0.20844
0.27862
0.15531
0.14822
0.17948
0.27693
0.04104
0.24712
0.08258
0.18297
0.11529
0.15139
0.27442
0.06781
0.08647
0.16002
0.23892
0.07534
0.24208
0.03488
0.10722
0.17397
0.29023
0.26971
0.13027
0.24776
0.12077
0.15228
0.30942
0.33636
0.11724
0.18460
0.06475
0.29143
0.25014
0.05266
0.16898
0.03172
0.28858
0.16662
0.15524
0.22578
0.06024
0.35195
0.16300
0.09098
0.16941
0.23755
0.11130
0.28611
0.30343
0.32719
0.11199
0.14299
0.17770
0.18500
0.27737
0.24852
0.25495
0.30298
0.10087
0.14139
0.30059
0.29660
0.08353
0.27691
0.06954
0.21651
0.25761
0.02691
0.10590
0.19501
0.06132
0.04396
0.15544
0.23262
0.07940
0.11572
0.16679
0.14477
0.06972
0.17768
0.23482
0.24441
0.23439
0.19976
0.13405
0.06187
0.08140
0.11401
0.12922
0.22959
0.17430
0.18437
0.10528
0.28449
0.21158
0.06363
0.17738
0.14707
0.04894
0.18239
0.12292
0.17050
0.23989
0.11385
0.27785
0.21786
0.11139
0.27144
0.28268
0.24070
0.14360
0.31147
0.19590
0.33406
0.09008
0.21039
0.10977
0.05759
0.11086
0.08194
0.18194
0.18596
0.16407
0.07824
0.22523
0.10722
0.23012
0.12083
0.03682
0.27460
0.11040
0.03479
0.11653
0.26816
0.06943
0.30050
0.08809
0.12249
0.16224
0.21067
0.10678
0.03106
0.10292
0.11134
0.14350
0.11505
0.16195
0.26913
0.13314
0.14540
0.19897
0.06266
0.09541
0.15047
0.17760
0.16607
0.18844
0.18656
0.13749
0.25811
0.25239
0.11062
0.16465
0.06814
0.12096
0.13130
0.05357
0.02714
0.35121
0.17683
0.07346
0.18749
0.18103
0.04987
0.15010
0.33818
0.12790
0.07409
0.31213
0.12342
0.19681
0.14475
0.15374
0.17354
0.09708
0.07536
0.19954
0.20774
0.19945
0.10029
0.20618
0.15204
0.20144
0.17152
0.32756
0.28074
0.23179
0.16710
0.11114
0.29493
0.31435
0.31053
0.06383
0.25643
0.11152
0.30523
0.12894
0.06875
0.11009
0.11283
0.10115
0.22420
0.21664
0.06130
0.06101
0.03511
0.27998
0.15967
0.25267
0.14434
0.24887
0.25260
0.15425
0.05626
0.26394
0.27279
0.37255
0.20757
0.32344
0.23492
0.24802
0.31147
0.27248
0.27281
0.04529
0.09327
0.10515
0.24811
0.04088
0.08316
0.21472
0.16961
0.21675
0.09689
0.17597
0.15278
0.28107
0.25649
0.26841
0.19144
0.30457
0.12396
0.16224
0.31322
0.09934
0.19099
0.04530
0.09932
0.23832
0.06796
0.23513
0.35853
0.07265
0.05671
0.16354
0.25481
0.13013
0.05900
0.06602
0.05395
0.08931
0.08372
0.19220
0.08994
0.28336
0.16584
0.18935
0.09517
0.14924
0.28996
0.20209
0.25208
0.35995
0.17296
0.29931
0.30690
0.29608
0.30932
0.28258
0.24458
0.35976
0.23274
0.22824
0.23575
0.17184
0.28205
0.16953
0.37146
0.33879
0.20893
0.22522
0.24350
0.25683
0.33230
0.28579
0.25280
0.30657
0.33396
0.20840
0.24564
0.32235
0.26323
0.21229
0.25628
0.29757
0.30622
0.22993
0.20227
0.35223
0.24756
0.22073
0.33200
0.16678
0.27227
0.35715
0.28408
0.29572
0.28772
0.26659
0.21332
0.29220
0.32241
0.23159
0.29314
0.32676
0.26050
0.24006
0.29770
0.17032
0.31423
0.24428
0.28206
0.31984
0.29086
0.25957
0.16609
0.29757
0.36545
0.13385
0.26405
0.20607
0.14199
0.19673
0.35166
0.27959
0.32520
0.15256
0.35958
0.26331
0.27085
0.37064
0.30657
0.29041
0.29203
0.22855
0.25852
0.16330
0.37653
0.27792
0.25154
0.15788
0.30622
0.19320
0.26351
0.29064
0.27183
0.35180
0.31240
0.20423
0.32112
0.30952
0.14539
0.15217
0.27697
0.17731
0.17735
0.11781
0.28666
0.31710
0.25902
0.25983
0.23423
0.29487
0.19565
0.29356
0.24673
0.27186
0.17497
0.27905
0.28026
0.22804
0.14045
0.33039
0.29960
0.18080
0.35310
0.33227
0.25121
0.33873
0.31954
0.23451
0.25711
0.19745
0.28238
0.29714
0.27591
0.28870
0.25847
0.16859
0.28418
0.23674
0.29816
0.21571
0.25752
0.30451
0.26964
0.19060
0.23098
0.28522
0.20213
0.28246
0.18655
0.25466
0.20061
0.21254
0.21973
0.27607
0.31723
0.33472
0.21686
0.23264
0.32499
0.17216
0.18661
0.20672
0.30287
0.31373
0.16025
0.16165
0.23496
0.27534
0.19678
0.15763
0.16782
0.27090
0.17055
0.21522
0.23799
0.32112
0.15533
0.23216
0.27876
0.29007
0.18224
0.27941
0.27672
0.24044
0.36207
0.18283
0.30628
0.22057
0.37707
0.30829
0.24819
0.24970
0.29265
0.26531
0.19007
0.30635
0.24459
0.27353
0.28587
0.27126
0.34501
0.20890
0.29476
0.24936
0.35270
0.22970
0.24714
0.23086
0.23400
0.27254
0.25357
0.18637
0.23587
0.25618
0.29277
0.21221
0.27889
0.21518
0.25358
0.28382
0.28974
0.29275
0.13547
0.22202
0.32603
0.32288
0.23362
0.27285
0.29372
0.26074
0.22891
0.20352
0.30892
0.28617
0.24401
0.22076
0.19630
0.30519
0.31042
0.24990
0.24403
0.21386
0.32890
0.27094
0.19871
0.17216
0.29532
0.29160
0.28412
0.29222
0.24584
0.34021
0.35604
0.15076
0.20959
0.31574
0.26805
0.26825
0.29332
0.33499
0.20677
0.19788
0.17526
0.23700
0.25959
0.35492
0.31478
0.28807
0.27057
0.21691
0.26900
0.29411
0.27007
0.17439
0.34562
0.21113
0.23032
0.34361
0.30727
0.25641
0.23525
0.25773
0.28911
0.33535
0.34448
0.21826
0.29023
0.20192
0.30254
0.31538
0.12802
0.25330
0.18606
0.20322
0.26167
0.22769
0.26161
0.22854
0.24341
0.23435
0.23027
0.22821
0.33852
0.27105
0.24874
0.18376
0.29201
0.25009
0.22495
0.19775
0.32889
0.30055
0.32442
0.25837
0.22720
0.28928
0.26573
0.21848
0.27283
0.17250
0.33072
0.26557
0.34114
0.27430
0.29304
0.35271
0.28574
0.25056
0.28727
0.14049
0.22507
0.27083
0.21484
0.29845
0.30651
0.30015
0.31357
0.38389
0.31926
0.31657
0.25495
0.32591
0.25991
0.36949
0.24971
0.28992
0.32675
0.32434
0.28943
0.32402
0.38547
0.23704
0.21723
0.31160
0.21953
0.31719
0.31411
0.20650
0.25703
0.33661
0.22990
0.28034
0.31704
0.27268
0.23636
0.22847
0.24274
0.27910
0.28976
0.30951
0.28625
0.25075
0.28840
0.27207
0.29312
0.26682
0.29709
0.14999
0.34500
0.34325
0.33937
0.31179
0.29799
0.39622
0.40095
0.26748
0.17449
0.28531
0.35985
0.25446
0.14832
0.30097
0.29923
0.19346
0.25651
0.31696
0.26379
0.26053
0.23577
0.32609
0.33595
0.41021
0.30777
0.31305
0.27471
0.36868
0.27289
0.28088
0.29139
0.34786
0.29419
0.13978
0.29795
0.45286
0.21283
0.39768
0.40075
0.16816
0.30855
0.34497
0.31811
0.27619
0.26327
0.27835
0.19889
0.28741
0.27976
0.27996
0.30632
0.37672
0.24038
0.28016
0.20481
0.16417
0.24533
0.37439
0.21305
0.10728
0.31407
0.12192
0.16215
0.39909
0.11211
0.21616
0.18477
0.27347
0.24396
0.41802
0.16628
0.32120
0.39697
0.22474
0.21540
0.26400
0.25344
0.19753
0.35397
0.15602
0.32252
0.32548
0.27988
0.22548
0.25253
0.34310
0.27268
0.19008
0.33667
0.41559
0.31061
0.29896
0.35829
0.35516
0.22664
0.23504
0.28982
0.34849
0.17163
0.18155
0.21458
0.30551
0.26056
0.24421
0.26544
0.33210
0.35506
0.15304
0.30225
0.33043
0.28444
0.24458
0.22690
0.36045
0.30036
0.26300
0.28112
0.31448
0.34239
0.25997
0.31836
0.22883
0.30276
0.25076
0.27416
0.30972
0.22854
0.26654
0.26701
0.19326
0.29444
0.25747
0.05911
0.15490
0.20359
0.27078
0.25604
0.18498
0.29980
0.38377
0.16915
0.04955
0.19621
0.02736
0.31960
0.25032
0.18875
0.27658
0.10015
0.11884
0.19092
0.16601
0.05497
0.12322
0.23503
0.30031
0.16040
0.21063
0.30363
0.09740
0.31799
0.24242
0.03778
0.09847
0.19331
0.25711
0.07788
0.24318
0.19383
0.30367
0.07631
0.07076
0.09370
0.10102
0.26073
0.15867
0.16519
0.15023
0.28523
0.21090
0.20857
0.21058
0.05764
0.26369
0.08701
0.06626
0.17967
0.19646
0.22905
0.10284
0.12349
0.19399
0.18525
0.29900
0.26918
0.01718
0.07547
0.21104
0.20671
0.12203
0.17631
0.18117
0.22143
0.22087
0.11145
0.29049
0.27471
0.13401
0.13233
0.10564
0.05843
0.03723
0.15236
0.10762
0.18547
0.23218
0.29816
0.19478
0.27752
0.25262
0.19271
0.19952
0.21151
0.22901
0.04995
0.22730
0.13783
0.06772
0.22596
0.25912
0.25349
0.25567
0.03173
0.08088
0.20659
0.24788
0.19368
0.24094
0.05481
0.20727
0.27605
0.15129
0.25071
0.13210
0.04422
0.06835
0.14618
0.06849
0.10863
0.23428
0.29179
0.07428
0.16543
0.06456
0.08408
0.06389
0.28574
