0.14541
0.13340
0.06706
0.28177
0.09327
0.12362
0.24436
0.16322
0.16142
0.09561
0.19372
0.15816
0.17535
0.12795
0.15910
0.22762
0.14213
0.15504
0.07432
0.15852
0.30558
0.17408
0.19777
0.08609
0.26504
0.15465
0.15604
0.24096
0.10917
0.13178
0.19133
0.25268
0.17129
0.11078
0.08228
0.10503
0.14439
0.10081
0.19767
0.15858
0.29201
0.28694
0.13443
0.16184
0.29459
0.18698
0.18134
0.26973
0.22437
0.18522
0.09453
0.15110
0.15873
0.27282
0.10165
0.22763
0.27751
0.14990
0.14389
0.10061
0.23065
0.29410
0.13218
0.17902
0.27184
0.32891
0.06442
0.17455
0.13187
0.06182
0.13788
0.32405
0.31477
0.23636
0.21870
0.15525
0.10285
0.05875
0.21087
0.16192
0.32321
0.16131
0.32936
0.28125
0.25407
0.35577
0.10827
0.13325
0.18129
0.22103
0.35075
0.17775
0.08137
0.26957
0.08053
0.19171
0.23824
0.20609
0.21400
0.17364
0.10886
0.18704
0.12940
0.16202
0.20689
0.31586
0.18593
0.18210
0.20408
0.27435
0.03111
0.24130
0.10305
0.22647
0.15138
0.12364
0.27917
0.05354
0.08349
0.18593
0.25090
0.10510
0.28307
0.03125
0.11750
0.16789
0.31419
0.25820
0.14321
0.23728
0.11682
0.13747
0.25142
0.35054
0.09615
0.17530
0.09184
0.29002
0.22371
0.04385
0.18163
0.04055
0.27424
0.18411
0.20760
0.27683
0.10444
0.36037
0.16589
0.08643
0.21533
0.28098
0.13305
0.32015
0.30610
0.33159
0.16326
0.17046
0.16803
0.21121
0.25591
0.22890
0.25497
0.33234
0.10761
0.13860
0.29062
0.28553
0.08870
0.27692
0.04119
0.21621
0.18521
0.05763
0.06658
0.23665
0.10063
0.09199
0.18286
0.27733
0.09741
0.11099
0.21738
0.20790
0.12925
0.17671
0.24178
0.26310
0.24406
0.15900
0.13105
0.04873
0.04286
0.13038
0.14767
0.26777
0.23830
0.19543
0.12618
0.25084
0.18800
0.08819
0.18446
0.19251
0.04135
0.21850
0.10343
0.21834
0.23445
0.07245
0.26686
0.24253
0.12952
0.22544
0.25275
0.25684
0.14312
0.26549
0.25395
0.33610
0.10613
0.19776
0.10904
0.05422
0.07935
0.06983
0.16966
0.22049
0.13769
0.12220
0.24068
0.18105
0.25334
0.15075
0.04999
0.27223
0.12264
0.06435
0.14533
0.26461
0.06924
0.27036
0.08543
0.11060
0.17530
0.23237
0.14105
0.07695
0.11293
0.12251
0.15412
0.12572
0.15000
0.28862
0.15197
0.16360
0.20912
0.11865
0.07493
0.13731
0.23462
0.16062
0.20366
0.18483
0.14476
0.28921
0.29251
0.09932
0.14291
0.05205
0.12759
0.14379
0.06969
0.04767
0.34900
0.14993
0.11467
0.22350
0.15327
0.06385
0.15839
0.33788
0.12419
0.07184
0.29061
0.12001
0.19110
0.16706
0.22318
0.18303
0.12538
0.03894
0.19676
0.18933
0.20735
0.10455
0.14549
0.19171
0.19180
0.19886
0.33714
0.28173
0.27213
0.15390
0.10661
0.30590
0.28854
0.34741
0.06062
0.26375
0.10513
0.25942
0.12283
0.09349
0.14355
0.13859
0.10051
0.23916
0.22956
0.11417
0.12318
0.15015
0.26414
0.16859
0.28128
0.14320
0.22895
0.25978
0.09752
0.07319
0.31354
0.30128
0.34507
0.29750
0.30260
0.21233
0.25238
0.30845
0.27392
0.23208
0.09340
0.07563
0.14731
0.22332
0.09490
0.06827
0.24251
0.15531
0.25277
0.08200
0.21502
0.14426
0.27169
0.23586
0.22853
0.19336
0.30632
0.17374
0.17698
0.30776
0.08037
0.23527
0.07297
0.11613
0.21238
0.08309
0.24372
0.33105
0.11529
0.09388
0.18304
0.26450
0.12192
0.08138
0.05295
0.07673
0.05657
0.11584
0.21002
0.08584
0.28116
0.14107
0.17910
0.12837
0.18179
0.27488
0.24061
0.28404
0.33443
0.18329
0.30136
0.28432
0.29588
0.33458
0.28189
0.25900
0.34052
0.27991
0.22179
0.27075
0.18619
0.30402
0.16012
0.36689
0.29419
0.25083
0.28120
0.25895
0.28246
0.34946
0.33027
0.24293
0.28917
0.32411
0.23330
0.28556
0.29773
0.23601
0.22704
0.25754
0.31566
0.29511
0.27903
0.19460
0.32943
0.29580
0.28612
0.30653
0.20530
0.28782
0.34933
0.28929
0.30269
0.30849
0.31515
0.24007
0.29114
0.31634
0.25103
0.32801
0.32509
0.26973
0.30719
0.29519
0.18276
0.30108
0.22503
0.28308
0.30015
0.29178
0.28291
0.17652
0.27019
0.34228
0.10371
0.28511
0.23212
0.22427
0.16610
0.36809
0.29757
0.31504
0.16230
0.34206
0.26718
0.27173
0.35828
0.31269
0.31880
0.28981
0.25517
0.27131
0.17029
0.33540
0.29881
0.25741
0.16034
0.28776
0.17513
0.24623
0.28452
0.25773
0.34923
0.30112
0.19249
0.32655
0.30692
0.15483
0.20107
0.32260
0.18921
0.16684
0.15276
0.30424
0.30739
0.29910
0.27148
0.24091
0.29855
0.18768
0.30439
0.28940
0.31103
0.18300
0.29719
0.29815
0.21069
0.17218
0.35555
0.28057
0.20025
0.32875
0.32177
0.25915
0.34104
0.29473
0.20821
0.30351
0.18445
0.29407
0.28384
0.27302
0.28578
0.22168
0.16811
0.34813
0.20956
0.31672
0.19286
0.29069
0.31882
0.29291
0.17927
0.23330
0.29965
0.19352
0.29704
0.17838
0.23926
0.21487
0.18865
0.22293
0.29430
0.31109
0.31698
0.27441
0.18389
0.32141
0.20046
0.20822
0.20342
0.29387
0.31857
0.13179
0.16889
0.25397
0.29146
0.23548
0.15026
0.21382
0.23213
0.25566
0.22776
0.28418
0.32019
0.15109
0.25501
0.27806
0.29066
0.15958
0.31479
0.28349
0.23817
0.37557
0.18669
0.30774
0.23111
0.35109
0.29854
0.28603
0.23709
0.29581
0.26629
0.17848
0.32453
0.30020
0.28720
0.27568
0.24990
0.34529
0.21150
0.26691
0.25473
0.33727
0.26083
0.32488
0.22897
0.28193
0.29037
0.26797
0.20590
0.27846
0.28466
0.28272
0.20696
0.30359
0.22138
0.30893
0.30465
0.26921
0.25736
0.13308
0.25415
0.33092
0.31487
0.27001
0.30186
0.32156
0.22401
0.25148
0.25334
0.29447
0.27263
0.27888
0.22148
0.16898
0.30311
0.31836
0.24492
0.29514
0.19152
0.33469
0.30205
0.24887
0.16727
0.28583
0.26891
0.29634
0.26813
0.26784
0.33301
0.34309
0.14069
0.21428
0.30387
0.29146
0.28636
0.29362
0.32693
0.21001
0.22155
0.18398
0.28006
0.29857
0.34070
0.30875
0.28827
0.29889
0.20677
0.23622
0.28433
0.28700
0.19058
0.32537
0.24812
0.21706
0.34192
0.30082
0.28696
0.21678
0.29406
0.30234
0.33219
0.33948
0.22413
0.26551
0.17735
0.32884
0.31484
0.11876
0.29321
0.19882
0.24603
0.30285
0.20829
0.30424
0.24282
0.29083
0.19393
0.24985
0.23623
0.31597
0.30736
0.29063
0.16436
0.28867
0.25133
0.21751
0.22914
0.29207
0.28616
0.33776
0.25029
0.25217
0.29304
0.25947
0.26605
0.28702
0.17560
0.32294
0.26850
0.29953
0.26484
0.27337
0.33151
0.27113
0.28143
0.30709
0.17674
0.17635
0.30320
0.23881
0.31994
0.30438
0.28284
0.33120
0.36981
0.28857
0.29250
0.25915
0.31149
0.30380
0.34527
0.28385
0.26928
0.32016
0.31894
0.30917
0.33261
0.36240
0.21352
0.29560
0.30701
0.26477
0.30546
0.32028
0.21149
0.24635
0.32798
0.23535
0.29243
0.30996
0.28396
0.27109
0.26669
0.27742
0.28903
0.28028
0.33464
0.29959
0.24876
0.31891
0.27457
0.30998
0.29580
0.29260
0.13029
0.30921
0.31613
0.36612
0.33803
0.29480
0.41600
0.40514
0.26801
0.18423
0.29273
0.40298
0.28365
0.21926
0.31768
0.31107
0.23591
0.25325
0.34057
0.23424
0.28493
0.25760
0.34186
0.36654
0.42216
0.29294
0.30819
0.27312
0.40188
0.29686
0.30461
0.34210
0.35587
0.27126
0.15744
0.31962
0.45890
0.25013
0.42654
0.42124
0.20984
0.30631
0.36625
0.32105
0.30681
0.25786
0.25024
0.21705
0.30043
0.29041
0.30088
0.29274
0.39061
0.29498
0.28618
0.22500
0.24110
0.24643
0.40803
0.22786
0.11304
0.32843
0.17184
0.17892
0.41022
0.15335
0.25506
0.22469
0.28621
0.22587
0.43973
0.18347
0.33876
0.40566
0.25742
0.18070
0.25100
0.29195
0.19332
0.35678
0.19066
0.35382
0.34341
0.29896
0.24868
0.24810
0.34058
0.24946
0.20721
0.31874
0.44773
0.33148
0.31540
0.34269
0.37254
0.23034
0.26807
0.29010
0.38844
0.20498
0.22378
0.22194
0.35678
0.27066
0.26427
0.25854
0.34575
0.37337
0.22387
0.29269
0.34791
0.29506
0.28282
0.24877
0.38982
0.29119
0.28800
0.26894
0.30914
0.34892
0.27837
0.29929
0.24274
0.31732
0.26409
0.24203
0.32277
0.31799
0.24867
0.28369
0.20491
0.33034
0.23830
0.07417
0.21133
0.25357
0.25693
0.27437
0.21165
0.27472
0.35655
0.23048
0.07912
0.14830
0.04507
0.26592
0.27465
0.14168
0.30571
0.06908
0.11806
0.20797
0.17321
0.08573
0.13176
0.24488
0.25867
0.22636
0.21465
0.24929
0.06581
0.30961
0.20405
0.06148
0.08659
0.13934
0.25549
0.18610
0.25274
0.19276
0.28903
0.10079
0.11013
0.06032
0.04691
0.24489
0.16155
0.08436
0.16234
0.29917
0.21447
0.31434
0.20719
0.02381
0.28179
0.05213
0.09474
0.27905
0.19041
0.27480
0.08973
0.06259
0.21364
0.19612
0.28478
0.25260
0.08174
0.04594
0.16760
0.19716
0.22188
0.20972
0.11187
0.23634
0.16235
0.12188
0.25387
0.23325
0.14062
0.10378
0.16442
0.06310
0.03303
0.24138
0.14854
0.15556
0.24683
0.26178
0.20398
0.32417
0.25888
0.27737
0.17048
0.17894
0.19748
0.07480
0.26702
0.10660
0.08957
0.17532
0.23208
0.27900
0.24123
0.12498
0.07077
0.16250
0.20284
0.22293
0.28365
0.11966
0.25111
0.29633
0.15046
0.21579
0.08169
0.03375
0.02601
0.19550
0.10618
0.08592
0.22080
0.27352
0.11364
0.10360
0.02966
0.05686
0.14719
0.28597
