0.09465
0.09994
0.05736
0.26646
0.09096
0.13458
0.24980
0.13386
0.15938
0.04088
0.19183
0.14009
0.14475
0.11649
0.13122
0.21486
0.11139
0.12345
0.06045
0.15242
0.32313
0.11999
0.15209
0.03931
0.27689
0.13209
0.14270
0.24898
0.10520
0.16647
0.18208
0.26293
0.14507
0.10280
0.07178
0.09011
0.12539
0.07021
0.09488
0.15800
0.26603
0.28016
0.09621
0.17045
0.25947
0.23906
0.17533
0.29535
0.16105
0.13471
0.09640
0.13677
0.13927
0.29195
0.10145
0.22042
0.24580
0.11788
0.17508
0.06612
0.28550
0.31492
0.12180
0.21203
0.29385
0.34762
0.03769
0.15577
0.11155
0.02926
0.15396
0.33664
0.32054
0.18450
0.23585
0.08752
0.09667
0.03533
0.18006
0.16008
0.32822
0.18354
0.35680
0.25497
0.26924
0.37309
0.10243
0.04765
0.13200
0.27466
0.36006
0.15600
0.06945
0.23634
0.05924
0.15756
0.18520
0.20719
0.20339
0.15138
0.08864
0.21408
0.12302
0.11671
0.22781
0.30133
0.14665
0.15736
0.19124
0.29462
0.02793
0.26115
0.06386
0.23703
0.12567
0.15887
0.25483
0.07007
0.07119
0.19887
0.22597
0.06408
0.29815
0.01109
0.07961
0.12736
0.28811
0.26251
0.15843
0.25798
0.10562
0.17408
0.31542
0.35802
0.09367
0.14787
0.05704
0.29201
0.27397
0.05409
0.15363
0.02868
0.30795
0.14835
0.14205
0.32197
0.05651
0.37072
0.17211
0.09054
0.20459
0.29406
0.10631
0.33024
0.30851
0.33993
0.08011
0.14140
0.14786
0.19996
0.24026
0.27943
0.26145
0.33565
0.09202
0.10080
0.31616
0.29458
0.05898
0.27527
0.04040
0.25031
0.24576
0.03314
0.10773
0.25026
0.06070
0.08663
0.18057
0.28033
0.08344
0.10286
0.21927
0.12370
0.08010
0.17401
0.23240
0.24396
0.25335
0.19189
0.12422
0.05845
0.07032
0.12550
0.15470
0.23609
0.17342
0.18011
0.09698
0.28313
0.22708
0.09757
0.16816
0.12575
0.05409
0.21685
0.11737
0.21430
0.25341
0.09132
0.27201
0.23416
0.09186
0.27881
0.27319
0.25405
0.14878
0.24784
0.27097
0.33874
0.12554
0.20776
0.08704
0.04731
0.06557
0.06784
0.19863
0.13208
0.16238
0.07881
0.24822
0.09102
0.27691
0.12453
0.04879
0.28235
0.11205
0.04185
0.11421
0.25942
0.06996
0.29581
0.08967
0.10618
0.14162
0.21153
0.10790
0.04163
0.14029
0.09763
0.10098
0.11297
0.11075
0.26762
0.14276
0.15474
0.21665
0.04066
0.06695
0.13606
0.22889
0.15855
0.22597
0.13728
0.14291
0.21610
0.31791
0.09699
0.18273
0.06051
0.08880
0.12279
0.06261
0.05135
0.37328
0.15410
0.07366
0.21194
0.14502
0.05887
0.10580
0.34179
0.11713
0.09591
0.28533
0.11409
0.18729
0.15012
0.23034
0.15665
0.09016
0.05066
0.21355
0.24036
0.17329
0.09097
0.18377
0.15438
0.18962
0.14407
0.32742
0.31059
0.28602
0.11099
0.13750
0.29967
0.28672
0.34049
0.04376
0.25325
0.12588
0.30081
0.15984
0.08036
0.11787
0.09886
0.09032
0.16312
0.26652
0.04292
0.04233
0.06078
0.29714
0.16726
0.26325
0.11633
0.26301
0.24278
0.15225
0.04873
0.26629
0.21448
0.38242
0.23816
0.31502
0.23430
0.23036
0.31763
0.28400
0.25518
0.04914
0.06851
0.12734
0.23020
0.03598
0.05169
0.20973
0.13609
0.23204
0.11592
0.16783
0.10230
0.29793
0.24914
0.22041
0.18710
0.33759
0.14938
0.20024
0.31874
0.05266
0.25909
0.03329
0.07677
0.18028
0.05221
0.24335
0.33722
0.08804
0.07840
0.12202
0.25822
0.11135
0.03798
0.07223
0.06121
0.09097
0.10629
0.19909
0.05402
0.27541
0.14023
0.15153
0.08893
0.15300
0.29112
0.22007
0.28171
0.34438
0.19920
0.27192
0.32664
0.29895
0.32948
0.28265
0.26134
0.35322
0.27951
0.24906
0.27324
0.23125
0.30782
0.19777
0.36806
0.31792
0.23932
0.28235
0.25693
0.27216
0.35734
0.30921
0.25079
0.27763
0.33676
0.24064
0.26929
0.31284
0.28840
0.26508
0.26452
0.31304
0.30292
0.28654
0.22551
0.35148
0.27520
0.25911
0.33412
0.24764
0.30918
0.34843
0.30725
0.31360
0.31483
0.31723
0.25192
0.30797
0.33115
0.23040
0.30483
0.30412
0.25484
0.28658
0.30698
0.21421
0.30645
0.26149
0.26985
0.30764
0.28461
0.27632
0.17608
0.27415
0.36014
0.13399
0.29279
0.23224
0.19390
0.21431
0.36731
0.30526
0.30389
0.17652
0.34183
0.28288
0.26060
0.35504
0.30109
0.32090
0.30035
0.25719
0.29293
0.17899
0.37004
0.30153
0.24793
0.19255
0.33126
0.20683
0.27433
0.28251
0.27596
0.34549
0.29898
0.21726
0.32617
0.29611
0.17556
0.20903
0.30407
0.17899
0.17196
0.15495
0.29344
0.32996
0.28382
0.27762
0.25406
0.31533
0.22306
0.30626
0.30289
0.30889
0.20424
0.27992
0.30127
0.23042
0.18607
0.34789
0.30010
0.20814
0.30753
0.31345
0.24191
0.36001
0.28885
0.24455
0.30691
0.19895
0.28824
0.28999
0.28568
0.27682
0.24384
0.17866
0.32264
0.22179
0.30851
0.22602
0.29568
0.32735
0.29505
0.19517
0.20542
0.29063
0.20328
0.31842
0.19804
0.24423
0.24739
0.22850
0.22523
0.31137
0.31573
0.33218
0.25276
0.23550
0.31926
0.23863
0.21156
0.23820
0.28629
0.31367
0.15556
0.19875
0.29343
0.29125
0.22884
0.16552
0.23011
0.26039
0.23224
0.25725
0.25646
0.31683
0.17508
0.25888
0.25147
0.29768
0.20343
0.30956
0.28237
0.25449
0.37584
0.19764
0.29681
0.24336
0.35832
0.29774
0.27327
0.28538
0.30211
0.27024
0.19440
0.30550
0.29304
0.27692
0.27547
0.27626
0.33028
0.25727
0.26561
0.23573
0.33118
0.24181
0.31632
0.23320
0.27969
0.28491
0.26590
0.19978
0.25654
0.25688
0.31095
0.23869
0.30904
0.23871
0.29548
0.27993
0.27396
0.30474
0.14965
0.22543
0.31415
0.31617
0.28642
0.29037
0.32482
0.27609
0.26902
0.22710
0.29978
0.29575
0.28581
0.25513
0.17270
0.31728
0.30393
0.27134
0.27679
0.23264
0.33167
0.29781
0.22562
0.21023
0.27375
0.28533
0.30377
0.27988
0.24691
0.34448
0.35516
0.15320
0.24495
0.31018
0.29141
0.29958
0.32528
0.33313
0.20941
0.19904
0.18586
0.27580
0.28741
0.35739
0.28993
0.29488
0.29381
0.23882
0.26436
0.29606
0.27443
0.18859
0.32648
0.23352
0.24386
0.32801
0.31247
0.28463
0.25971
0.27229
0.28542
0.34189
0.33510
0.24868
0.27289
0.20249
0.32774
0.31909
0.13566
0.28192
0.18552
0.25896
0.28890
0.22984
0.29097
0.23834
0.28177
0.23768
0.24159
0.26763
0.33588
0.29123
0.29176
0.20435
0.27094
0.25311
0.25005
0.22762
0.32114
0.27271
0.33332
0.28452
0.25297
0.28940
0.28435
0.25604
0.26959
0.19274
0.32679
0.29603
0.33001
0.25955
0.28727
0.35044
0.25130
0.26604
0.30494
0.21121
0.22346
0.30821
0.24155
0.31525
0.30216
0.29798
0.32841
0.38015
0.30066
0.32403
0.28245
0.31127
0.29117
0.35004
0.26213
0.28276
0.31855
0.31098
0.32030
0.31476
0.38515
0.22565
0.27927
0.35609
0.25389
0.30780
0.33267
0.26493
0.24374
0.34917
0.24156
0.28803
0.31359
0.28764
0.25931
0.25571
0.28502
0.26090
0.27418
0.32537
0.29134
0.27047
0.31605
0.27703
0.30074
0.29169
0.27967
0.15824
0.32780
0.32654
0.36936
0.32125
0.32547
0.40852
0.42373
0.28836
0.19061
0.30288
0.38963
0.29203
0.18618
0.30899
0.35367
0.25558
0.25776
0.33212
0.23973
0.29378
0.26046
0.34466
0.36578
0.40199
0.32822
0.33709
0.29403
0.41130
0.30998
0.30982
0.28875
0.36828
0.28949
0.19047
0.33098
0.45434
0.26162
0.40543
0.42179
0.21404
0.29812
0.37994
0.31931
0.29330
0.24679
0.29019
0.23178
0.30064
0.32706
0.31473
0.30291
0.39188
0.32656
0.29493
0.27736
0.23017
0.28140
0.42223
0.25782
0.13431
0.33892
0.15522
0.20275
0.41578
0.16000
0.27568
0.24273
0.29718
0.25624
0.44648
0.19796
0.34808
0.41362
0.25331
0.21272
0.27044
0.27067
0.24073
0.36539
0.19005
0.34144
0.35104
0.29426
0.26154
0.24134
0.34306
0.29253
0.20976
0.34553
0.42831
0.31515
0.29661
0.37478
0.37033
0.21669
0.25868
0.29194
0.39096
0.20479
0.24150
0.26462
0.35549
0.28562
0.25267
0.26453
0.30479
0.36151
0.24507
0.30223
0.37005
0.31552
0.30282
0.25477
0.40012
0.31125
0.26430
0.28401
0.30932
0.34690
0.28218
0.31824
0.23975
0.33484
0.28064
0.25203
0.33607
0.30738
0.24530
0.29583
0.23015
0.32251
0.23551
0.05082
0.10597
0.24658
0.28387
0.29728
0.21961
0.26210
0.38180
0.24519
0.11069
0.19951
0.04101
0.29002
0.22354
0.17955
0.25205
0.07456
0.07948
0.19557
0.15801
0.13199
0.06096
0.22325
0.26233
0.21071
0.21922
0.28248
0.04711
0.31267
0.23033
0.02472
0.06628
0.09247
0.30667
0.21338
0.23842
0.22772
0.31242
0.04733
0.04535
0.07917
0.10996
0.30774
0.13470
0.10909
0.21507
0.34433
0.11354
0.32332
0.21074
0.03822
0.27185
0.11742
0.03849
0.27784
0.20030
0.26216
0.05805
0.06913
0.21935
0.19434
0.29477
0.22588
0.04093
0.04137
0.20809
0.20716
0.16437
0.17334
0.09022
0.26414
0.16452
0.08428
0.26322
0.32351
0.06725
0.18803
0.13769
0.08376
0.03847
0.25493
0.10957
0.20278
0.26376
0.31121
0.19698
0.31836
0.25245
0.23029
0.18546
0.23663
0.24412
0.08176
0.24893
0.07543
0.03135
0.19174
0.22622
0.28711
0.24886
0.05998
0.13030
0.08898
0.22000
0.25885
0.25513
0.08262
0.20898
0.32787
0.15728
0.21885
0.08269
0.00922
0.03838
0.15121
0.04999
0.07720
0.24642
0.30145
0.09939
0.04726
0.02444
0.06253
0.09339
0.26532
