0.10581
0.09755
0.04500
0.26916
0.06769
0.13040
0.19751
0.12889
0.19428
0.06917
0.15273
0.12482
0.16190
0.13251
0.09955
0.22013
0.12385
0.12495
0.06058
0.14867
0.28619
0.12389
0.17274
0.04798
0.17950
0.11857
0.06603
0.19985
0.07833
0.12890
0.13604
0.26706
0.14861
0.10996
0.08965
0.09628
0.15041
0.07145
0.07457
0.12511
0.28103
0.24315
0.04427
0.12723
0.28634
0.20941
0.12722
0.22951
0.19505
0.17080
0.11297
0.14006
0.11125
0.30912
0.09031
0.16750
0.22063
0.10963
0.10487
0.06589
0.25802
0.30629
0.10954
0.19739
0.28449
0.31787
0.04394
0.21134
0.15217
0.01618
0.12209
0.31999
0.31256
0.17220
0.23524
0.09926
0.05250
0.02137
0.16824
0.15829
0.30541
0.13233
0.29902
0.28402
0.25152
0.34948
0.09777
0.04079
0.12739
0.28912
0.33224
0.19937
0.05954
0.26213
0.04133
0.15780
0.17749
0.22169
0.20684
0.17512
0.08762
0.14565
0.11278
0.12879
0.19928
0.30513
0.12006
0.17507
0.15071
0.29586
0.03137
0.22416
0.09077
0.25077
0.10771
0.10536
0.27417
0.03681
0.07468
0.17331
0.23481
0.04465
0.24671
0.03016
0.07654
0.09861
0.29330
0.28194
0.12987
0.24238
0.08614
0.11328
0.27455
0.34429
0.10614
0.13538
0.05674
0.27772
0.24674
0.03392
0.16750
0.02232
0.29206
0.13010
0.15858
0.26781
0.05448
0.35624
0.18513
0.08974
0.15870
0.23556
0.10521
0.28141
0.30391
0.32444
0.09026
0.12844
0.15700
0.18865
0.22667
0.24673
0.20145
0.32311
0.09242
0.11617
0.25511
0.26281
0.03818
0.25083
0.02797
0.21020
0.23264
0.03412
0.08216
0.22181
0.04010
0.04951
0.16961
0.28467
0.05478
0.10939
0.19287
0.16804
0.08197
0.19054
0.21328
0.19612
0.23127
0.21737
0.13856
0.05445
0.06900
0.15233
0.16412
0.23167
0.12642
0.16980
0.11495
0.27365
0.17496
0.06211
0.13874
0.15658
0.02565
0.14376
0.05648
0.18839
0.24495
0.06889
0.25197
0.20542
0.08639
0.24575
0.26538
0.24385
0.11652
0.20616
0.21131
0.34064
0.07949
0.16181
0.08897
0.05274
0.05464
0.04371
0.19011
0.17001
0.12341
0.04930
0.21834
0.07083
0.24409
0.08315
0.03108
0.28525
0.11573
0.02948
0.09196
0.28346
0.09587
0.27872
0.08323
0.11377
0.15100
0.19370
0.10517
0.04417
0.09119
0.10459
0.10914
0.12789
0.07446
0.27575
0.14223
0.14484
0.16958
0.08305
0.05855
0.12600
0.20170
0.14402
0.21573
0.16156
0.09404
0.19892
0.30869
0.09813
0.13262
0.04616
0.07396
0.12351
0.03903
0.03684
0.36350
0.12832
0.06193
0.18762
0.13285
0.08003
0.12178
0.33144
0.11023
0.06415
0.29130
0.11935
0.16794
0.15900
0.15972
0.11924
0.06868
0.06229
0.19377
0.15827
0.16008
0.10193
0.19880
0.17809
0.16286
0.13158
0.33894
0.25633
0.27238
0.15772
0.08158
0.29650
0.29311
0.32461
0.02901
0.27410
0.12674
0.28251
0.11661
0.05380
0.13492
0.10514
0.10517
0.16220
0.23958
0.04484
0.05929
0.10314
0.27414
0.12499
0.26395
0.09255
0.23913
0.23774
0.13599
0.08371
0.26800
0.30685
0.36463
0.26157
0.33429
0.22581
0.23637
0.27694
0.27605
0.24674
0.05262
0.06994
0.08629
0.24070
0.04373
0.07972
0.21159
0.06966
0.24478
0.06690
0.17058
0.11715
0.26957
0.27678
0.22134
0.17592
0.33242
0.14307
0.15838
0.32080
0.03072
0.21557
0.02641
0.10813
0.15746
0.04665
0.23551
0.34785
0.07280
0.04735
0.09340
0.23226
0.10424
0.07965
0.06364
0.03962
0.05942
0.11646
0.18915
0.04695
0.28936
0.14944
0.16820
0.06170
0.21645
0.26178
0.23138
0.27928
0.33387
0.19103
0.29092
0.32346
0.29204
0.32361
0.26852
0.26355
0.34875
0.25608
0.25501
0.24837
0.23306
0.30697
0.20747
0.35610
0.30496
0.27889
0.26966
0.26905
0.25462
0.35172
0.27074
0.26479
0.28657
0.31711
0.23716
0.26989
0.33811
0.27782
0.26255
0.25309
0.30512
0.28441
0.24707
0.21931
0.31533
0.27250
0.27003
0.32340
0.22031
0.31733
0.34468
0.29059
0.29528
0.30804
0.29974
0.23504
0.30375
0.30431
0.20984
0.29512
0.29837
0.24686
0.27901
0.31989
0.16536
0.31805
0.25676
0.27737
0.31289
0.28119
0.29437
0.18540
0.28018
0.34427
0.16179
0.27192
0.22634
0.21761
0.23483
0.37592
0.32362
0.31307
0.17810
0.32421
0.26791
0.27108
0.36457
0.29882
0.29155
0.28857
0.25563
0.28290
0.20563
0.36312
0.28715
0.23326
0.19831
0.33574
0.21195
0.26332
0.28255
0.27065
0.32118
0.31020
0.19359
0.32123
0.30797
0.15084
0.17140
0.30049
0.20264
0.19431
0.14618
0.30946
0.31238
0.29643
0.29818
0.24921
0.31998
0.22304
0.28061
0.28653
0.29060
0.21749
0.27489
0.29145
0.20812
0.18423
0.35794
0.26704
0.20875
0.30800
0.29170
0.27542
0.36545
0.28396
0.23381
0.29240
0.19157
0.27602
0.30201
0.29904
0.28847
0.26184
0.16541
0.32468
0.23620
0.30792
0.23717
0.29071
0.32567
0.28331
0.21091
0.24683
0.28815
0.22267
0.30198
0.19674
0.22080
0.24476
0.24834
0.23451
0.31928
0.28075
0.31362
0.25580
0.22340
0.30508
0.21991
0.22089
0.22873
0.29517
0.30272
0.17573
0.19523
0.27411
0.27760
0.23300
0.15705
0.23052
0.24798
0.25779
0.26587
0.27277
0.31863
0.18613
0.26546
0.25002
0.31661
0.20468
0.30611
0.29108
0.25234
0.37570
0.20210
0.31140
0.23198
0.35703
0.30669
0.28656
0.28893
0.27548
0.27582
0.21837
0.31964
0.26516
0.28020
0.26541
0.28611
0.32408
0.24317
0.28323
0.23661
0.30333
0.25055
0.29294
0.23140
0.29152
0.28042
0.28170
0.22873
0.23678
0.23799
0.32000
0.19971
0.31893
0.25305
0.28371
0.28205
0.27461
0.30486
0.14706
0.24539
0.31124
0.30088
0.27015
0.30250
0.29905
0.26487
0.27280
0.24358
0.28788
0.30285
0.25873
0.25411
0.20391
0.30782
0.29650
0.27446
0.28326
0.23971
0.31183
0.30262
0.23165
0.22850
0.28368
0.30489
0.29523
0.30205
0.25879
0.34701
0.35081
0.15694
0.24532
0.29515
0.28366
0.29527
0.31598
0.30662
0.24119
0.20992
0.24299
0.27192
0.28183
0.34057
0.29395
0.30201
0.29931
0.22368
0.26832
0.28737
0.25874
0.18997
0.33598
0.23865
0.25777
0.32510
0.31493
0.27488
0.23337
0.26378
0.27808
0.34302
0.31618
0.24153
0.25686
0.22506
0.29699
0.29608
0.14238
0.29696
0.22832
0.27013
0.29405
0.23879
0.26366
0.24736
0.26888
0.24167
0.25542
0.24695
0.31744
0.31407
0.26976
0.19837
0.26793
0.23033
0.23840
0.22814
0.31037
0.28761
0.33756
0.24613
0.26055
0.29614
0.27483
0.25121
0.28476
0.18421
0.34454
0.27708
0.30585
0.28243
0.29839
0.32974
0.27572
0.27224
0.30834
0.18641
0.21058
0.30344
0.23164
0.30121
0.29486
0.30010
0.32708
0.38406
0.28514
0.30170
0.26699
0.29854
0.32110
0.32233
0.28874
0.28409
0.32636
0.32430
0.28110
0.31892
0.35953
0.25140
0.28072
0.34008
0.23521
0.29024
0.34108
0.24956
0.25159
0.34489
0.23424
0.27935
0.31231
0.28494
0.24418
0.26838
0.24532
0.28809
0.28182
0.33037
0.30370
0.25359
0.27751
0.26457
0.28655
0.28440
0.28686
0.14278
0.34281
0.32967
0.36230
0.32742
0.32645
0.38371
0.41672
0.26232
0.21073
0.29474
0.36729
0.28156
0.23184
0.30106
0.32871
0.25259
0.25705
0.33345
0.22306
0.26962
0.24453
0.33895
0.35871
0.41157
0.32348
0.30677
0.28300
0.39150
0.31401
0.31619
0.31204
0.36405
0.29050
0.18254
0.32032
0.47533
0.26001
0.41663
0.39842
0.23528
0.30831
0.35475
0.32464
0.28624
0.24024
0.28011
0.19731
0.28404
0.30587
0.33507
0.30153
0.39506
0.28805
0.29920
0.28167
0.19432
0.22832
0.41838
0.25301
0.13628
0.34013
0.18420
0.22265
0.42389
0.15044
0.27459
0.24425
0.26261
0.25108
0.45394
0.19652
0.32839
0.39814
0.24369
0.24303
0.26196
0.27349
0.22196
0.35602
0.20153
0.36288
0.36209
0.26888
0.24050
0.23983
0.35364
0.28632
0.22786
0.33189
0.42047
0.33294
0.30473
0.38514
0.37935
0.22850
0.27222
0.28023
0.39146
0.22169
0.23931
0.28251
0.36078
0.28813
0.27223
0.28423
0.33025
0.38433
0.25116
0.28215
0.35207
0.30618
0.29875
0.26094
0.41473
0.29869
0.24994
0.29459
0.33215
0.35494
0.28243
0.31231
0.24065
0.32690
0.28787
0.25660
0.30332
0.30768
0.26354
0.30110
0.20078
0.30281
0.19516
0.05914
0.09779
0.19379
0.24801
0.24770
0.19819
0.28763
0.31440
0.20427
0.06543
0.13193
0.05026
0.30447
0.24209
0.22794
0.26215
0.03739
0.10122
0.19669
0.11922
0.08512
0.18731
0.21887
0.26829
0.18356
0.21071
0.22705
0.02837
0.27189
0.22205
0.02684
0.04236
0.09594
0.29465
0.12194
0.18999
0.21405
0.28187
0.04101
0.02533
0.10668
0.06372
0.27117
0.13194
0.12095
0.20865
0.24441
0.10645
0.22992
0.20774
0.02877
0.21658
0.06604
0.05866
0.28458
0.15750
0.22937
0.08927
0.13153
0.20590
0.18342
0.28696
0.25550
0.04901
0.06937
0.19414
0.21317
0.17176
0.15497
0.09257
0.22885
0.18143
0.10154
0.27982
0.30297
0.10190
0.17513
0.13913
0.04356
0.05291
0.25809
0.09773
0.16800
0.24703
0.26682
0.19346
0.31845
0.20110
0.19559
0.17361
0.19647
0.16741
0.00596
0.23805
0.06867
0.03479
0.22163
0.28643
0.28253
0.25823
0.05667
0.05529
0.17089
0.21791
0.20595
0.28682
0.12992
0.18745
0.26603
0.13718
0.25170
0.15051
0.02688
0.03754
0.12416
0.04206
0.06044
0.24734
0.28229
0.08649
0.16349
0.01780
0.03906
0.08873
0.23738
