0.12192
0.12017
0.04304
0.25692
0.06849
0.13064
0.20410
0.11233
0.15211
0.06114
0.21482
0.12300
0.19669
0.11782
0.09838
0.21740
0.15238
0.16324
0.03689
0.14474
0.28856
0.12611
0.14025
0.09702
0.25287
0.14722
0.11224
0.28377
0.09243
0.17456
0.15564
0.24902
0.13079
0.11544
0.06086
0.09754
0.14444
0.05375
0.10058
0.15587
0.25732
0.27316
0.06949
0.09253
0.30571
0.20882
0.14986
0.24771
0.17288
0.15700
0.09212
0.12247
0.13720
0.27321
0.09635
0.18753
0.21072
0.13092
0.17087
0.06317
0.26139
0.31605
0.10587
0.21866
0.27805
0.31540
0.03153
0.16164
0.13845
0.04512
0.12066
0.32355
0.34628
0.19717
0.26250
0.08713
0.09377
0.02029
0.20303
0.16036
0.31996
0.16685
0.29896
0.28903
0.25980
0.32956
0.10220
0.07598
0.13285
0.24378
0.34085
0.14480
0.05664
0.28505
0.06191
0.16942
0.20079
0.21586
0.19930
0.16678
0.09901
0.19271
0.10501
0.13940
0.17267
0.31423
0.10222
0.17248
0.16523
0.28014
0.02190
0.24898
0.07870
0.27193
0.09927
0.14024
0.27212
0.07990
0.06851
0.16343
0.23109
0.06021
0.28911
0.01568
0.08637
0.15250
0.28401
0.27390
0.13393
0.22960
0.07891
0.11542
0.27742
0.33875
0.09145
0.14080
0.04176
0.29616
0.26777
0.02276
0.17221
0.02185
0.30530
0.16546
0.14521
0.29393
0.09066
0.34737
0.14921
0.08424
0.16656
0.21114
0.10593
0.31159
0.32048
0.33484
0.11818
0.11191
0.13782
0.21570
0.23211
0.27717
0.25804
0.34314
0.09224
0.13199
0.30876
0.25720
0.06757
0.28628
0.05273
0.21868
0.23511
0.04603
0.08642
0.22148
0.06032
0.07654
0.18016
0.27597
0.07915
0.11281
0.19673
0.17114
0.07023
0.15890
0.22075
0.27374
0.22287
0.21982
0.12670
0.05481
0.06046
0.13004
0.16438
0.21320
0.22265
0.17721
0.07704
0.28883
0.20692
0.06358
0.14638
0.13643
0.05110
0.21583
0.06717
0.19954
0.26149
0.07421
0.25975
0.26262
0.09592
0.26470
0.23310
0.24103
0.13062
0.21705
0.25379
0.35445
0.11172
0.14574
0.09971
0.06653
0.07002
0.06080
0.16326
0.15541
0.17003
0.04739
0.25493
0.10712
0.23322
0.13720
0.08182
0.29457
0.12020
0.05747
0.11490
0.25971
0.07545
0.28898
0.09576
0.11619
0.13477
0.23916
0.11880
0.06024
0.10378
0.12472
0.10324
0.12456
0.06521
0.23152
0.15365
0.16018
0.21077
0.08319
0.05009
0.14309
0.21242
0.15278
0.21570
0.15668
0.15827
0.25937
0.29571
0.10097
0.17325
0.05581
0.11456
0.11594
0.06230
0.03259
0.34227
0.12267
0.06765
0.18154
0.17695
0.07052
0.15707
0.34743
0.11723
0.08614
0.31217
0.12205
0.22095
0.18219
0.17830
0.13069
0.10534
0.09261
0.22314
0.18975
0.19616
0.11448
0.18309
0.15105
0.17315
0.13356
0.33235
0.27629
0.29797
0.11857
0.11164
0.31034
0.27822
0.35115
0.05168
0.26072
0.12500
0.29400
0.12958
0.07748
0.15872
0.10845
0.09210
0.17508
0.27091
0.05696
0.08142
0.06006
0.26742
0.12736
0.25757
0.19182
0.23580
0.22477
0.14944
0.04916
0.24984
0.28653
0.33743
0.25709
0.31960
0.22894
0.25666
0.30778
0.26034
0.25691
0.06319
0.07767
0.15160
0.22248
0.07522
0.06244
0.19985
0.12160
0.21833
0.13149
0.18057
0.10703
0.28299
0.26942
0.23318
0.17827
0.31394
0.12667
0.15958
0.33107
0.03923
0.25249
0.04016
0.06954
0.22523
0.03798
0.25700
0.34386
0.06869
0.09347
0.13731
0.24625
0.12439
0.05576
0.06404
0.05083
0.04982
0.11038
0.19222
0.03949
0.28638
0.14583
0.17023
0.08792
0.18519
0.29420
0.19213
0.26552
0.35863
0.17801
0.28704
0.31744
0.29687
0.29844
0.28199
0.22940
0.35486
0.24895
0.24908
0.25450
0.23443
0.28668
0.17102
0.37258
0.32162
0.25082
0.24414
0.25597
0.23732
0.35446
0.29511
0.22390
0.30905
0.33108
0.20100
0.25743
0.31758
0.28297
0.26743
0.26565
0.28451
0.31571
0.23152
0.24241
0.34776
0.24643
0.22685
0.30847
0.19974
0.31932
0.35042
0.28082
0.28810
0.30122
0.28525
0.25246
0.29494
0.33000
0.19146
0.28806
0.32966
0.23722
0.29655
0.32265
0.17964
0.29571
0.26856
0.28301
0.30129
0.30212
0.24257
0.16965
0.26894
0.35638
0.14403
0.29054
0.19905
0.17149
0.20555
0.37070
0.31411
0.32270
0.16119
0.35580
0.26527
0.27934
0.37055
0.30825
0.29220
0.29454
0.23578
0.28357
0.20004
0.35699
0.29346
0.21248
0.18081
0.32247
0.20682
0.27424
0.29850
0.27108
0.35155
0.32801
0.20905
0.32029
0.29257
0.18757
0.17758
0.28797
0.18878
0.16600
0.15311
0.28863
0.35339
0.25848
0.25819
0.24688
0.28336
0.23421
0.29855
0.24362
0.28491
0.17917
0.27700
0.27098
0.20848
0.18080
0.34958
0.29697
0.17776
0.28368
0.31485
0.24597
0.35682
0.30732
0.26547
0.26601
0.21666
0.28821
0.31141
0.28743
0.24917
0.25040
0.15943
0.30887
0.23067
0.27400
0.24687
0.26100
0.31343
0.28987
0.20565
0.24750
0.29451
0.21558
0.28786
0.20939
0.21940
0.22698
0.23547
0.17249
0.31101
0.32542
0.32199
0.22260
0.19991
0.31829
0.21208
0.19061
0.20460
0.29421
0.30647
0.15713
0.18378
0.28630
0.27685
0.18863
0.15699
0.20453
0.26779
0.22257
0.25402
0.23953
0.31087
0.17277
0.21561
0.26497
0.28694
0.21324
0.27818
0.25587
0.25680
0.37994
0.18909
0.28950
0.24603
0.36177
0.30982
0.24123
0.28423
0.29960
0.28416
0.19911
0.31524
0.28684
0.24966
0.28598
0.28051
0.34589
0.26268
0.28248
0.21556
0.33893
0.22254
0.26605
0.22062
0.25158
0.27516
0.26428
0.21393
0.24038
0.24765
0.32511
0.21071
0.31074
0.26652
0.24845
0.29818
0.28539
0.30876
0.14048
0.21221
0.32642
0.33369
0.23173
0.27435
0.28412
0.27438
0.23361
0.18273
0.29363
0.30264
0.27219
0.24683
0.19989
0.26946
0.31717
0.27695
0.27106
0.23120
0.33477
0.27072
0.20822
0.20095
0.27325
0.29265
0.27920
0.26452
0.25391
0.35386
0.35961
0.14939
0.23817
0.32260
0.26982
0.26229
0.32366
0.33922
0.23636
0.19031
0.21060
0.24835
0.27276
0.35673
0.27661
0.30537
0.27803
0.24365
0.26998
0.29616
0.27975
0.16751
0.33581
0.21835
0.24421
0.34121
0.30430
0.24324
0.23532
0.24626
0.29283
0.33279
0.34776
0.26176
0.27548
0.19417
0.29741
0.31450
0.11618
0.25840
0.18700
0.20763
0.26421
0.24063
0.25202
0.24085
0.24723
0.20899
0.22124
0.24051
0.34701
0.26934
0.23855
0.19883
0.30326
0.24937
0.23588
0.19614
0.32356
0.29665
0.33795
0.24831
0.24443
0.28424
0.25921
0.22426
0.27098
0.17040
0.31759
0.25684
0.33537
0.27912
0.29836
0.34893
0.27618
0.25485
0.29057
0.18188
0.20890
0.29090
0.19837
0.27724
0.31238
0.26902
0.32700
0.38387
0.31862
0.32084
0.27831
0.30417
0.29984
0.35974
0.23855
0.27843
0.32869
0.32025
0.29042
0.32576
0.38003
0.22959
0.24640
0.35047
0.22908
0.31458
0.34249
0.25998
0.24410
0.34527
0.23229
0.27292
0.30916
0.26922
0.21771
0.21302
0.23572
0.26495
0.29066
0.29836
0.28765
0.25691
0.30077
0.27442
0.29321
0.27161
0.26219
0.13365
0.32438
0.30963
0.35480
0.29127
0.29548
0.38511
0.37917
0.26312
0.19682
0.27844
0.37770
0.28085
0.20995
0.30313
0.34399
0.24533
0.25195
0.30822
0.23057
0.27241
0.21504
0.30645
0.35555
0.39500
0.30311
0.28095
0.25956
0.37309
0.30058
0.29675
0.24843
0.35387
0.27340
0.17467
0.30848
0.42260
0.24768
0.37360
0.39981
0.17822
0.25344
0.33187
0.29722
0.28263
0.26450
0.27345
0.21519
0.28366
0.26586
0.29316
0.30421
0.32722
0.25292
0.26851
0.25161
0.19274
0.23763
0.34469
0.22086
0.15557
0.32369
0.15596
0.17373
0.38989
0.14996
0.24730
0.22254
0.29441
0.23308
0.43207
0.19509
0.30779
0.37111
0.24616
0.20779
0.24432
0.26609
0.21638
0.35031
0.20048
0.36567
0.33704
0.20039
0.23672
0.21813
0.33305
0.25256
0.23299
0.35426
0.42243
0.31556
0.27920
0.34040
0.32073
0.20856
0.28768
0.27996
0.38065
0.18231
0.22340
0.23479
0.32891
0.26290
0.24890
0.26203
0.32353
0.35231
0.19027
0.27392
0.33700
0.29311
0.26977
0.20056
0.33431
0.27777
0.27634
0.27974
0.28002
0.31773
0.26722
0.29293
0.24374
0.33958
0.25256
0.22194
0.32582
0.28792
0.23170
0.25299
0.24014
0.33625
0.24705
0.01929
0.12946
0.16959
0.26161
0.28521
0.21709
0.24524
0.35896
0.23262
0.06421
0.21418
0.02536
0.27205
0.24020
0.19709
0.27844
0.06868
0.15326
0.19307
0.17412
0.05945
0.16315
0.21357
0.27485
0.19909
0.21461
0.25514
0.05235
0.30165
0.19821
0.05415
0.02836
0.15955
0.28231
0.10417
0.24278
0.20281
0.27876
0.03653
0.07413
0.10117
0.08752
0.26422
0.13818
0.12452
0.20301
0.22547
0.14626
0.25789
0.21880
0.06831
0.27024
0.05026
0.07503
0.27238
0.18545
0.29195
0.02276
0.06700
0.19828
0.19588
0.28973
0.22876
0.03292
0.04031
0.21280
0.20801
0.13470
0.21092
0.14725
0.25263
0.15842
0.10077
0.30063
0.24943
0.07457
0.10088
0.14443
0.05526
0.05334
0.23029
0.10961
0.19104
0.27779
0.24184
0.20087
0.35183
0.26763
0.26862
0.22368
0.20710
0.22269
0.02463
0.25599
0.12326
0.06290
0.17272
0.23045
0.28592
0.24896
0.03526
0.06101
0.13125
0.21312
0.20797
0.29831
0.07641
0.18532
0.28969
0.13641
0.26410
0.11172
0.04145
0.07437
0.19606
0.05333
0.07828
0.21222
0.29753
0.09695
0.05074
0.02892
0.06754
0.12399
0.26399
