0.09963
0.09441
0.07932
0.25091
0.10690
0.16272
0.19641
0.16500
0.15129
0.08053
0.19489
0.12890
0.15452
0.11571
0.11097
0.24379
0.15399
0.12460
0.03984
0.13038
0.30315
0.16138
0.11774
0.07135
0.23419
0.16577
0.13279
0.26098
0.08116
0.19938
0.15785
0.19525
0.12621
0.10595
0.09201
0.09389
0.14773
0.08023
0.12651
0.16317
0.28887
0.27324
0.12167
0.14516
0.28316
0.22694
0.18499
0.24597
0.20566
0.13888
0.09802
0.14043
0.14790
0.29108
0.08825
0.21655
0.17662
0.11037
0.12660
0.08905
0.29509
0.29566
0.14986
0.23520
0.28397
0.32419
0.04258
0.15885
0.09467
0.02376
0.11868
0.30195
0.25158
0.21754
0.25989
0.15976
0.07935
0.03024
0.20523
0.14046
0.31569
0.14839
0.33979
0.28587
0.25681
0.35018
0.09812
0.08932
0.11603
0.23357
0.31379
0.16486
0.08040
0.22907
0.08862
0.15557
0.22400
0.20757
0.20486
0.15579
0.09355
0.19161
0.10592
0.13883
0.19457
0.30271
0.15145
0.16575
0.20491
0.26489
0.02642
0.27574
0.08663
0.21524
0.11785
0.15664
0.27551
0.04638
0.05732
0.19790
0.23636
0.06606
0.23756
0.02481
0.08471
0.14710
0.31100
0.27983
0.14988
0.27319
0.09651
0.13243
0.31106
0.33376
0.10248
0.11898
0.07190
0.28823
0.26450
0.05614
0.18313
0.03110
0.29988
0.18079
0.13626
0.25049
0.09228
0.35451
0.17263
0.08882
0.16350
0.24796
0.10718
0.30317
0.30259
0.33100
0.11360
0.14940
0.14304
0.21483
0.26788
0.24405
0.29843
0.34313
0.09873
0.13859
0.29613
0.27563
0.08344
0.23580
0.05198
0.24128
0.21336
0.04740
0.09617
0.22427
0.06045
0.07956
0.18900
0.25197
0.09950
0.10434
0.22083
0.15647
0.10899
0.15323
0.23310
0.25489
0.26018
0.18179
0.12676
0.06897
0.05855
0.17544
0.13370
0.25168
0.19150
0.14809
0.06107
0.28495
0.23161
0.06635
0.22306
0.14830
0.04096
0.24806
0.09399
0.21019
0.26358
0.06860
0.25157
0.24399
0.10559
0.25840
0.28186
0.22562
0.11784
0.24952
0.19491
0.33763
0.11416
0.20538
0.10756
0.07465
0.09386
0.04883
0.18479
0.18497
0.16700
0.06980
0.23620
0.11064
0.21540
0.12355
0.06834
0.25673
0.10758
0.02847
0.10135
0.28316
0.04034
0.30065
0.11898
0.10365
0.13189
0.21725
0.10523
0.04933
0.14388
0.09628
0.10611
0.10934
0.11004
0.24412
0.15003
0.16179
0.18298
0.05445
0.09695
0.13102
0.21692
0.15158
0.21784
0.18301
0.13384
0.24643
0.27891
0.10544
0.16896
0.03433
0.08069
0.11947
0.07671
0.06200
0.35886
0.21422
0.08158
0.20295
0.14097
0.09367
0.16849
0.32518
0.13101
0.07993
0.30524
0.12282
0.19233
0.16376
0.16976
0.14237
0.08530
0.07048
0.20352
0.25575
0.18806
0.09323
0.22098
0.17780
0.19058
0.14814
0.34056
0.30896
0.25276
0.17792
0.14176
0.30120
0.28342
0.32070
0.03485
0.27462
0.10142
0.27962
0.13925
0.09551
0.15010
0.12108
0.09864
0.18919
0.24843
0.08728
0.08128
0.06318
0.29240
0.13199
0.20970
0.17110
0.23363
0.23169
0.12510
0.05474
0.22195
0.27174
0.36079
0.22319
0.31310
0.21937
0.26820
0.29118
0.25851
0.29085
0.07264
0.07775
0.14186
0.21372
0.06477
0.05498
0.19182
0.13233
0.22420
0.12263
0.16844
0.10174
0.26889
0.29286
0.22922
0.22363
0.32609
0.11701
0.12797
0.31408
0.07023
0.19807
0.08157
0.09184
0.17484
0.05781
0.24795
0.33401
0.08240
0.09082
0.13298
0.22061
0.11036
0.03652
0.09404
0.06721
0.05732
0.07142
0.20736
0.07852
0.28188
0.16404
0.16966
0.12415
0.20520
0.28842
0.16615
0.24538
0.34322
0.18440
0.27625
0.30727
0.27255
0.29114
0.27554
0.22420
0.33573
0.22895
0.25578
0.23491
0.21982
0.27359
0.19467
0.35183
0.32484
0.26161
0.24069
0.24154
0.25044
0.34091
0.28007
0.22618
0.30415
0.31492
0.20097
0.23342
0.31955
0.26485
0.23009
0.24813
0.27193
0.29951
0.22257
0.21841
0.34926
0.21020
0.19950
0.27581
0.19006
0.30064
0.32223
0.29280
0.27383
0.28842
0.26028
0.22763
0.26161
0.33566
0.17890
0.25922
0.30650
0.21169
0.26537
0.27659
0.18875
0.27904
0.25257
0.27846
0.31120
0.30298
0.23347
0.19674
0.27970
0.34827
0.15342
0.27615
0.19358
0.16592
0.18875
0.35335
0.31402
0.30792
0.16575
0.35112
0.26645
0.26585
0.34886
0.29043
0.26320
0.28953
0.24967
0.27554
0.18223
0.34929
0.28150
0.24639
0.16653
0.31891
0.18920
0.26859
0.29124
0.24661
0.34657
0.30980
0.20740
0.31607
0.28732
0.18909
0.16387
0.27690
0.19193
0.20699
0.15008
0.29944
0.33466
0.26983
0.26165
0.24040
0.26471
0.21483
0.30940
0.23324
0.26506
0.19523
0.27206
0.26195
0.21649
0.17221
0.33939
0.28333
0.16673
0.29987
0.32213
0.25137
0.35647
0.30485
0.21070
0.23528
0.21155
0.29082
0.30342
0.25248
0.26576
0.21942
0.15948
0.31067
0.19488
0.27314
0.23015
0.25865
0.29419
0.27675
0.20826
0.20908
0.27260
0.21194
0.27073
0.18562
0.22152
0.22935
0.22904
0.16945
0.28771
0.31368
0.31417
0.21716
0.17851
0.32828
0.22585
0.15823
0.17824
0.28372
0.30455
0.15857
0.19321
0.27841
0.24383
0.17960
0.15379
0.22862
0.25973
0.19002
0.25027
0.26422
0.30014
0.18031
0.18871
0.27520
0.25098
0.18731
0.26691
0.27428
0.26453
0.35685
0.20169
0.30166
0.23557
0.36049
0.30223
0.23399
0.26363
0.28257
0.26185
0.19756
0.29241
0.29060
0.21007
0.28634
0.26017
0.33062
0.24260
0.28250
0.20639
0.34161
0.21278
0.24611
0.23260
0.22826
0.25988
0.26172
0.23000
0.22824
0.25979
0.30242
0.19054
0.30664
0.23986
0.24439
0.28489
0.26802
0.29163
0.14394
0.19974
0.31069
0.31976
0.20597
0.24072
0.27717
0.25274
0.19722
0.18522
0.30136
0.27685
0.25623
0.24163
0.19771
0.28334
0.29564
0.24799
0.25122
0.20223
0.31873
0.25578
0.14559
0.19630
0.27572
0.28681
0.27053
0.22087
0.27070
0.34060
0.33945
0.14897
0.23488
0.30678
0.25612
0.25459
0.29623
0.33072
0.23058
0.20922
0.16931
0.22833
0.24334
0.34026
0.28022
0.29372
0.25140
0.23263
0.23589
0.28420
0.27258
0.18207
0.33781
0.22497
0.24031
0.33965
0.30411
0.22785
0.23573
0.21393
0.28080
0.32861
0.32331
0.26308
0.27854
0.19564
0.28018
0.31832
0.13948
0.23619
0.20005
0.20399
0.25185
0.23963
0.22590
0.25076
0.23878
0.21181
0.20949
0.24477
0.32064
0.23657
0.23687
0.19639
0.27848
0.24921
0.22085
0.16673
0.34132
0.27549
0.32211
0.26618
0.22346
0.26151
0.25523
0.21400
0.26455
0.18946
0.31509
0.25509
0.33265
0.26049
0.28154
0.34315
0.26051
0.22399
0.26615
0.15884
0.20545
0.26684
0.18709
0.25205
0.29718
0.23914
0.29758
0.36231
0.29235
0.30768
0.27386
0.29734
0.27907
0.35037
0.21665
0.27136
0.31490
0.31816
0.27955
0.31215
0.36772
0.24397
0.22569
0.31657
0.23293
0.29639
0.30778
0.22645
0.24595
0.33585
0.22186
0.21584
0.28728
0.23838
0.21868
0.19982
0.24940
0.28276
0.27965
0.27211
0.28375
0.20088
0.27884
0.26871
0.30052
0.26044
0.28080
0.12404
0.33639
0.31407
0.35084
0.31682
0.29500
0.37289
0.36774
0.28456
0.17609
0.29151
0.37167
0.27248
0.19249
0.28712
0.34065
0.25319
0.22249
0.32809
0.25871
0.26529
0.23592
0.31816
0.34610
0.39821
0.30392
0.27497
0.27023
0.35849
0.29828
0.31128
0.29438
0.33623
0.25538
0.18685
0.31384
0.43271
0.23181
0.37338
0.40371
0.21923
0.26939
0.35133
0.29270
0.28133
0.25782
0.26206
0.23692
0.27043
0.26829
0.29257
0.29336
0.37000
0.26500
0.27196
0.24395
0.20201
0.28214
0.37565
0.20567
0.13975
0.33895
0.11599
0.21494
0.39162
0.17777
0.26803
0.21824
0.27056
0.23097
0.42161
0.19927
0.32728
0.38265
0.23944
0.23840
0.25926
0.23491
0.21378
0.34167
0.16348
0.37514
0.34830
0.23549
0.25206
0.24761
0.34176
0.27263
0.22317
0.33411
0.39730
0.30708
0.26325
0.34172
0.34644
0.20118
0.25006
0.29606
0.39757
0.21810
0.22925
0.25678
0.34407
0.26309
0.25982
0.26667
0.30858
0.34483
0.22404
0.29083
0.32174
0.29070
0.26737
0.24522
0.38297
0.28645
0.29652
0.27023
0.28211
0.31858
0.26503
0.29369
0.25104
0.33642
0.27539
0.23603
0.30081
0.26050
0.25451
0.26853
0.17535
0.29964
0.17680
0.05298
0.10084
0.22736
0.26139
0.28051
0.20835
0.24343
0.32692
0.17041
0.03920
0.19078
0.05211
0.26650
0.26719
0.19021
0.28371
0.05625
0.17125
0.18707
0.21269
0.13467
0.10764
0.24837
0.25623
0.22499
0.21689
0.27465
0.06480
0.30531
0.21134
0.05594
0.09010
0.08870
0.29392
0.17639
0.25679
0.21493
0.30625
0.03471
0.06412
0.06955
0.06738
0.28347
0.10475
0.12539
0.15810
0.25525
0.14485
0.26719
0.22837
0.08027
0.28980
0.03164
0.05888
0.24736
0.19243
0.28199
0.04896
0.06010
0.20633
0.22237
0.25167
0.28979
0.04958
0.04554
0.17941
0.18573
0.18945
0.19000
0.12901
0.23825
0.15777
0.11495
0.25403
0.28444
0.09422
0.13955
0.19720
0.05284
0.04874
0.13823
0.13850
0.19400
0.25637
0.31361
0.20313
0.33483
0.23196
0.29533
0.18595
0.21881
0.14382
0.02245
0.24891
0.09755
0.04354
0.20382
0.27047
0.26158
0.26752
0.04678
0.09368
0.11714
0.21320
0.20825
0.29654
0.07965
0.15604
0.28524
0.19424
0.23322
0.12324
0.01099
0.09700
0.10272
0.06143
0.07462
0.27751
0.28377
0.13617
0.08193
0.04003
0.10849
0.05895
0.21932
