0.14517
0.10460
0.06030
0.24415
0.07826
0.14584
0.18830
0.15340
0.17595
0.04576
0.19665
0.12146
0.17010
0.11791
0.10336
0.21819
0.16393
0.14972
0.08521
0.14149
0.30890
0.10951
0.17210
0.11394
0.22928
0.14844
0.09255
0.25497
0.07215
0.19503
0.12859
0.28540
0.13196
0.11541
0.08584
0.10858
0.13854
0.06526
0.10459
0.15750
0.29739
0.27876
0.13147
0.13525
0.30284
0.23587
0.19308
0.25474
0.18967
0.15142
0.12022
0.16386
0.14822
0.27331
0.09002
0.22700
0.18188
0.13420
0.16056
0.07971
0.27840
0.28688
0.11107
0.20619
0.29370
0.31398
0.05202
0.19798
0.12986
0.03652
0.13292
0.31208
0.31257
0.23394
0.23869
0.10308
0.10457
0.01917
0.21488
0.15275
0.30257
0.19101
0.32940
0.26145
0.26935
0.33255
0.09677
0.06816
0.12997
0.25764
0.32579
0.15005
0.07413
0.26598
0.06087
0.14808
0.21739
0.22674
0.18295
0.17676
0.09303
0.14414
0.12392
0.13690
0.23336
0.29867
0.11520
0.17952
0.16646
0.28596
0.04210
0.24737
0.07562
0.23228
0.11840
0.15180
0.28439
0.06879
0.05324
0.19449
0.23976
0.07862
0.28054
0.01959
0.12502
0.12760
0.31304
0.28480
0.17961
0.25389
0.04915
0.14973
0.28763
0.32181
0.13406
0.18127
0.05722
0.30184
0.28764
0.05562
0.16454
0.02164
0.28618
0.14902
0.13491
0.29672
0.13601
0.36744
0.17284
0.09234
0.16423
0.22978
0.11609
0.30719
0.30706
0.32979
0.14645
0.17188
0.15053
0.22020
0.26839
0.25807
0.25414
0.32239
0.09481
0.10270
0.29558
0.26079
0.07011
0.28826
0.03569
0.23333
0.24045
0.05591
0.10877
0.22756
0.04943
0.09371
0.14429
0.25893
0.07273
0.09876
0.21075
0.16751
0.06363
0.19308
0.24073
0.27001
0.25129
0.19667
0.12350
0.06489
0.05425
0.12401
0.10069
0.26899
0.24480
0.14725
0.11141
0.29091
0.23055
0.10236
0.18917
0.15002
0.04114
0.26178
0.08598
0.21388
0.26082
0.09638
0.24485
0.24604
0.12348
0.25416
0.25840
0.23758
0.12860
0.29043
0.23206
0.34436
0.11634
0.15027
0.09804
0.05416
0.08617
0.06505
0.19669
0.13538
0.14521
0.06853
0.23019
0.12933
0.23572
0.09801
0.07866
0.26847
0.13184
0.04936
0.13692
0.28010
0.09359
0.27922
0.07818
0.11078
0.20776
0.21585
0.13366
0.03543
0.15433
0.10745
0.12180
0.13613
0.11312
0.25613
0.14069
0.15201
0.22015
0.09883
0.07765
0.13011
0.20364
0.14244
0.20266
0.19957
0.11766
0.28443
0.27900
0.09894
0.11426
0.06048
0.08419
0.12091
0.05314
0.05667
0.34934
0.19800
0.06318
0.19047
0.13301
0.06215
0.20371
0.33105
0.13159
0.07650
0.28510
0.12023
0.20634
0.16329
0.18186
0.13338
0.09622
0.04871
0.23049
0.21303
0.19537
0.10036
0.14829
0.16950
0.21227
0.14017
0.35178
0.27388
0.27795
0.13308
0.10711
0.29536
0.30276
0.33312
0.04519
0.25931
0.12418
0.27944
0.14176
0.07688
0.14740
0.11933
0.10360
0.20424
0.23416
0.06619
0.10300
0.09253
0.26181
0.14278
0.24078
0.13887
0.21922
0.25788
0.15177
0.06576
0.27842
0.25687
0.35981
0.27273
0.33131
0.24262
0.26036
0.28831
0.27740
0.23517
0.06929
0.07260
0.12564
0.25534
0.08629
0.08548
0.21908
0.09404
0.21989
0.08486
0.17097
0.11651
0.25341
0.25666
0.25210
0.19277
0.28488
0.12443
0.14822
0.31318
0.03310
0.24489
0.04771
0.08258
0.19887
0.03173
0.25968
0.31878
0.06992
0.08781
0.16392
0.26823
0.12498
0.08935
0.03900
0.05811
0.06907
0.11513
0.20298
0.07192
0.30145
0.17500
0.23462
0.07323
0.18770
0.28240
0.20155
0.26619
0.35504
0.20568
0.27729
0.30388
0.29171
0.31835
0.27295
0.25628
0.34180
0.25708
0.22934
0.26427
0.23065
0.30173
0.20658
0.35378
0.33042
0.24861
0.25861
0.26280
0.26882
0.35420
0.29110
0.24737
0.27595
0.31791
0.23116
0.26904
0.33072
0.27727
0.26859
0.26841
0.28711
0.30118
0.26482
0.24515
0.33455
0.25210
0.25569
0.31826
0.20141
0.30670
0.34440
0.29661
0.30706
0.31451
0.28558
0.25433
0.29296
0.33229
0.24641
0.29470
0.30152
0.25678
0.26931
0.29413
0.20304
0.30581
0.26676
0.26531
0.31079
0.28506
0.27031
0.17544
0.30301
0.35148
0.14112
0.27586
0.22242
0.20473
0.22497
0.36575
0.31711
0.30372
0.19686
0.33917
0.26028
0.27486
0.35700
0.31492
0.30513
0.29517
0.25719
0.28403
0.19782
0.34832
0.28920
0.25162
0.19086
0.33731
0.21243
0.25444
0.27746
0.26002
0.33727
0.32616
0.21673
0.30814
0.31133
0.18782
0.17694
0.30014
0.19236
0.20336
0.17929
0.30384
0.31887
0.27021
0.27153
0.24450
0.29080
0.21696
0.30339
0.27525
0.28111
0.20827
0.27918
0.29115
0.21371
0.19956
0.34357
0.28867
0.19003
0.29513
0.30398
0.25565
0.35914
0.29208
0.24044
0.28569
0.20179
0.28243
0.31675
0.28376
0.26881
0.23268
0.17327
0.30346
0.23893
0.27763
0.21463
0.28904
0.33096
0.27543
0.20928
0.22579
0.29872
0.21295
0.28175
0.19632
0.24398
0.24093
0.22237
0.21295
0.30645
0.31303
0.31922
0.24483
0.19489
0.31384
0.23986
0.21030
0.23719
0.28316
0.31646
0.16839
0.20006
0.30545
0.28140
0.21276
0.17791
0.20337
0.25640
0.20901
0.23737
0.26600
0.32134
0.16525
0.24418
0.25858
0.29397
0.20042
0.27269
0.27908
0.24823
0.38222
0.20771
0.29834
0.23724
0.33407
0.30312
0.26109
0.27204
0.30142
0.26426
0.18046
0.29734
0.29051
0.25921
0.28625
0.29670
0.32685
0.25246
0.24752
0.23914
0.32355
0.22480
0.28580
0.24079
0.26483
0.29379
0.28255
0.20446
0.23936
0.26496
0.32248
0.22944
0.30809
0.25594
0.28713
0.28967
0.27559
0.30918
0.16689
0.21562
0.32409
0.31246
0.27210
0.27501
0.30329
0.28842
0.25415
0.22256
0.30597
0.30433
0.25951
0.26644
0.16605
0.30559
0.29406
0.26037
0.25404
0.24707
0.30767
0.27760
0.20241
0.19544
0.27495
0.28034
0.28294
0.27852
0.26045
0.33641
0.34422
0.17033
0.26492
0.30524
0.27250
0.26534
0.30944
0.31829
0.24428
0.21544
0.22137
0.26687
0.28601
0.34904
0.30600
0.30388
0.27682
0.24440
0.28168
0.28086
0.26794
0.19089
0.32910
0.22265
0.27261
0.33512
0.29821
0.26347
0.24870
0.25178
0.27989
0.34027
0.32204
0.27371
0.26777
0.19113
0.30661
0.30893
0.13392
0.26653
0.17532
0.23687
0.26922
0.25746
0.27352
0.25873
0.25304
0.23555
0.23985
0.26431
0.32413
0.27620
0.27362
0.21674
0.28344
0.25746
0.24757
0.20198
0.34204
0.27223
0.31647
0.27097
0.24785
0.28284
0.26528
0.23603
0.28117
0.19903
0.31531
0.26616
0.34448
0.27127
0.30902
0.33536
0.28334
0.25961
0.28965
0.18402
0.21545
0.28731
0.24726
0.29799
0.29828
0.28230
0.33185
0.37130
0.29666
0.31609
0.28198
0.27383
0.29942
0.34690
0.24906
0.28133
0.30824
0.30813
0.30494
0.31847
0.38146
0.19616
0.25103
0.31911
0.25428
0.31559
0.33290
0.24311
0.24602
0.33830
0.23979
0.26151
0.29439
0.27866
0.25735
0.24737
0.26199
0.27838
0.27370
0.32174
0.28872
0.25011
0.30528
0.28325
0.31356
0.27120
0.28307
0.13012
0.27223
0.32908
0.35051
0.30613
0.32982
0.38796
0.39754
0.27577
0.20874
0.30985
0.37700
0.27998
0.20893
0.30214
0.37629
0.25772
0.24920
0.34056
0.26382
0.26977
0.25332
0.34591
0.37284
0.41244
0.31545
0.30902
0.28737
0.38866
0.29693
0.30051
0.28537
0.33578
0.29341
0.21396
0.30349
0.45062
0.26941
0.38781
0.40420
0.20272
0.30250
0.34184
0.31267
0.29486
0.24533
0.28314
0.23373
0.28287
0.29555
0.29601
0.29043
0.38255
0.29571
0.28757
0.27111
0.21450
0.25016
0.38759
0.24177
0.16288
0.36477
0.15464
0.23131
0.40569
0.17997
0.26098
0.25070
0.26452
0.24091
0.45319
0.20547
0.32606
0.38769
0.26108
0.22487
0.25901
0.26664
0.22590
0.36003
0.19915
0.37716
0.34905
0.26808
0.25548
0.22341
0.36412
0.28921
0.22949
0.33079
0.41415
0.31798
0.27985
0.36231
0.35972
0.22495
0.28649
0.28171
0.39988
0.21926
0.24784
0.26826
0.35018
0.26786
0.26311
0.25409
0.32820
0.37976
0.25692
0.29067
0.33974
0.29086
0.28212
0.25035
0.37972
0.27731
0.26856
0.28361
0.30936
0.34249
0.27170
0.29399
0.24905
0.33379
0.27941
0.25025
0.31090
0.29176
0.25115
0.27190
0.22058
0.31843
0.22172
0.05696
0.08601
0.14103
0.22833
0.25775
0.22168
0.25104
0.31644
0.26227
0.08343
0.26053
0.11144
0.29033
0.25618
0.19784
0.28981
0.04647
0.11602
0.20169
0.14530
0.06302
0.13366
0.21284
0.28538
0.25110
0.21729
0.27786
0.04350
0.33009
0.20750
0.07433
0.06904
0.10876
0.24893
0.18252
0.20282
0.19785
0.32127
0.06140
0.02351
0.07791
0.07240
0.30878
0.15082
0.13746
0.18734
0.26133
0.11184
0.27794
0.21554
0.06278
0.25225
0.06837
0.02729
0.30127
0.20155
0.23360
0.07121
0.06682
0.22201
0.20421
0.26096
0.25265
0.03702
0.05949
0.16785
0.19737
0.15231
0.20463
0.14107
0.25788
0.15708
0.15323
0.25460
0.28129
0.09066
0.15693
0.16236
0.04181
0.01194
0.21576
0.14189
0.19397
0.24034
0.25063
0.19249
0.30276
0.21927
0.20504
0.17248
0.20128
0.21628
0.05649
0.25141
0.10354
0.07570
0.21534
0.21962
0.28863
0.23758
0.07691
0.10670
0.20186
0.19256
0.16989
0.28679
0.07918
0.17644
0.29606
0.17189
0.23424
0.11002
0.04521
0.09368
0.11094
0.04374
0.05267
0.26537
0.29717
0.10406
0.06572
0.05766
0.17565
0.04825
0.27015
