0.07629
0.13276
0.05870
0.21869
0.07160
0.13904
0.21434
0.10852
0.13211
0.04315
0.18619
0.13222
0.10560
0.10738
0.05432
0.22608
0.09872
0.09574
0.06535
0.13640
0.28134
0.12150
0.13235
0.02473
0.22610
0.12306
0.13958
0.17232
0.08422
0.12966
0.09819
0.20894
0.13188
0.10722
0.04792
0.09091
0.13122
0.03412
0.12327
0.11556
0.26047
0.24915
0.08641
0.11852
0.27069
0.21785
0.15158
0.21137
0.15173
0.12691
0.09116
0.12925
0.14374
0.25088
0.09894
0.21597
0.18594
0.10397
0.14588
0.05460
0.20438
0.26436
0.10500
0.20399
0.26495
0.32812
0.02879
0.19562
0.05256
0.05838
0.13727
0.28888
0.22492
0.14770
0.21430
0.08547
0.03839
0.05307
0.17147
0.14371
0.28884
0.11446
0.29550
0.25923
0.22679
0.32322
0.09515
0.09858
0.15118
0.22217
0.33185
0.18533
0.04581
0.21787
0.07523
0.12407
0.20375
0.20908
0.21061
0.14943
0.09363
0.16204
0.09887
0.09897
0.16589
0.32108
0.15243
0.15672
0.10265
0.27268
0.01252
0.26837
0.07094
0.18940
0.09830
0.13439
0.27690
0.05951
0.06899
0.19515
0.21199
0.05646
0.24035
0.02226
0.07321
0.12026
0.27071
0.26307
0.13402
0.25050
0.07499
0.06808
0.24666
0.32406
0.09468
0.10280
0.04515
0.28541
0.23937
0.08535
0.13665
0.04187
0.28598
0.16461
0.11384
0.23422
0.07572
0.34098
0.15794
0.09713
0.16696
0.22798
0.09845
0.30064
0.30172
0.32152
0.08531
0.15008
0.13568
0.10833
0.20694
0.19949
0.24792
0.30330
0.08731
0.09514
0.25775
0.25099
0.05760
0.25841
0.03487
0.23180
0.20423
0.03977
0.05663
0.20825
0.07417
0.06080
0.13716
0.25379
0.09596
0.09851
0.17869
0.15922
0.06714
0.14721
0.20579
0.25581
0.25670
0.12986
0.07747
0.04394
0.04114
0.13328
0.10874
0.22411
0.18557
0.13645
0.06164
0.28751
0.21939
0.14655
0.18480
0.11313
0.04563
0.16506
0.08616
0.16572
0.23909
0.08009
0.26538
0.20707
0.08093
0.25305
0.25535
0.25592
0.11346
0.18086
0.23547
0.34162
0.12030
0.15870
0.09543
0.05043
0.07330
0.06986
0.14898
0.13501
0.10812
0.05331
0.22819
0.10666
0.19819
0.09124
0.09878
0.23324
0.10533
0.04794
0.09860
0.26592
0.06388
0.28362
0.12526
0.10675
0.13740
0.23392
0.10741
0.02657
0.07498
0.14731
0.09585
0.10176
0.06596
0.16981
0.13804
0.15099
0.18441
0.02947
0.04985
0.14830
0.25659
0.13192
0.23168
0.12559
0.13856
0.19331
0.26938
0.08822
0.14989
0.06366
0.10030
0.11120
0.06314
0.04280
0.35637
0.15237
0.07624
0.23173
0.12752
0.07133
0.10252
0.33401
0.14110
0.07470
0.31258
0.11923
0.14749
0.16276
0.20109
0.12777
0.04882
0.07148
0.15761
0.19935
0.16336
0.10047
0.12020
0.14367
0.18314
0.12426
0.30971
0.24311
0.25614
0.11558
0.06599
0.28890
0.25520
0.30439
0.02959
0.27649
0.11426
0.24552
0.09301
0.07262
0.09794
0.08442
0.08870
0.15629
0.21844
0.06087
0.05238
0.03452
0.26885
0.09927
0.25305
0.12598
0.22032
0.24114
0.15107
0.04532
0.20844
0.24423
0.33122
0.18181
0.23285
0.24379
0.23307
0.28744
0.28407
0.27250
0.06280
0.04275
0.10139
0.22139
0.04115
0.06299
0.19125
0.08724
0.19307
0.09582
0.16948
0.10718
0.28554
0.26103
0.20165
0.21071
0.33463
0.12024
0.10928
0.29002
0.05577
0.18328
0.05404
0.06131
0.15716
0.04697
0.25549
0.34519
0.05919
0.06934
0.11375
0.24490
0.10430
0.05454
0.06987
0.07229
0.04643
0.07838
0.18682
0.09161
0.26117
0.13573
0.15256
0.07404
0.20276
0.30654
0.18602
0.24229
0.36412
0.19575
0.29893
0.30856
0.29996
0.29365
0.28011
0.23947
0.36247
0.24626
0.25224
0.25184
0.22053
0.29655
0.19401
0.36546
0.33610
0.28973
0.21446
0.25073
0.24402
0.34755
0.27492
0.24283
0.31129
0.33111
0.18310
0.24554
0.30207
0.27887
0.26101
0.25984
0.27088
0.30436
0.23912
0.22350
0.35641
0.25142
0.21377
0.31474
0.18747
0.30885
0.36381
0.27416
0.30269
0.29919
0.27599
0.22755
0.24357
0.31734
0.21450
0.28445
0.32474
0.21096
0.27753
0.28834
0.18368
0.30254
0.23887
0.28127
0.31851
0.30111
0.26203
0.17325
0.28792
0.36177
0.14639
0.26838
0.19573
0.15007
0.19133
0.36233
0.31292
0.33310
0.18214
0.33645
0.27076
0.27325
0.37339
0.32070
0.26877
0.28531
0.23764
0.27191
0.19992
0.34730
0.29127
0.25203
0.17574
0.32468
0.20683
0.24842
0.28743
0.25144
0.35942
0.31701
0.21848
0.33123
0.32460
0.17372
0.15428
0.29466
0.19296
0.18705
0.14295
0.28916
0.36228
0.26059
0.27233
0.24877
0.28961
0.21788
0.29934
0.23580
0.25997
0.20436
0.28485
0.27245
0.21024
0.18668
0.34114
0.26980
0.14789
0.29191
0.31079
0.27241
0.35029
0.31057
0.22644
0.24239
0.20653
0.28775
0.30111
0.23288
0.27797
0.24893
0.18146
0.29020
0.21521
0.26901
0.20548
0.25915
0.31485
0.29675
0.20309
0.22558
0.29465
0.21478
0.26779
0.20059
0.25140
0.24167
0.23845
0.18307
0.30599
0.31639
0.33492
0.20355
0.19726
0.31798
0.22126
0.18034
0.17242
0.29914
0.31306
0.17987
0.19290
0.29694
0.27354
0.17546
0.16172
0.21476
0.26827
0.20881
0.26681
0.25747
0.32591
0.18938
0.21415
0.27416
0.28200
0.19360
0.26689
0.27631
0.27159
0.37346
0.19505
0.30723
0.22920
0.35938
0.32207
0.25326
0.27657
0.27185
0.27216
0.18708
0.31088
0.27652
0.22710
0.29243
0.27025
0.33486
0.24099
0.29641
0.21756
0.31937
0.21598
0.25060
0.23898
0.22198
0.29126
0.27509
0.20792
0.26366
0.23857
0.31645
0.20596
0.30871
0.23563
0.24043
0.31309
0.29247
0.27802
0.16173
0.20071
0.32256
0.31847
0.21789
0.25201
0.30023
0.26818
0.22741
0.18239
0.30243
0.28322
0.26726
0.26180
0.19189
0.26470
0.30917
0.26070
0.26253
0.24272
0.33928
0.27530
0.17526
0.18957
0.28058
0.29711
0.29020
0.25705
0.24169
0.36425
0.35827
0.16513
0.24397
0.31610
0.26688
0.24323
0.29015
0.33497
0.23790
0.20364
0.20715
0.22605
0.25149
0.35189
0.28936
0.30229
0.28009
0.24218
0.26331
0.30492
0.28502
0.17627
0.32149
0.21526
0.23186
0.33700
0.28065
0.25905
0.24593
0.21968
0.29093
0.35456
0.33768
0.26584
0.27044
0.19901
0.28475
0.30014
0.13101
0.26027
0.20210
0.21525
0.25727
0.24638
0.23134
0.24841
0.25408
0.22511
0.22757
0.24894
0.34931
0.24909
0.25686
0.21818
0.30420
0.25230
0.22495
0.18849
0.33240
0.28398
0.32715
0.25779
0.21332
0.26035
0.25928
0.23816
0.27919
0.17479
0.31255
0.25221
0.32666
0.29269
0.30071
0.35238
0.29224
0.25134
0.30191
0.18250
0.20397
0.28866
0.19206
0.25989
0.31120
0.25339
0.31950
0.37341
0.31777
0.32879
0.28018
0.31371
0.30657
0.36089
0.24101
0.26629
0.31171
0.32140
0.28753
0.32585
0.37674
0.22170
0.23297
0.31575
0.23265
0.31575
0.33605
0.25361
0.24177
0.33986
0.23235
0.24202
0.30530
0.26921
0.22033
0.21389
0.24419
0.30349
0.29136
0.30874
0.28684
0.25440
0.28708
0.27251
0.30256
0.26680
0.25887
0.15047
0.34231
0.29644
0.34969
0.29494
0.32401
0.40026
0.40167
0.24571
0.20791
0.27050
0.38255
0.27759
0.20777
0.28857
0.36897
0.27349
0.18607
0.32414
0.23197
0.27526
0.17550
0.33468
0.37294
0.42562
0.28689
0.26403
0.27063
0.37379
0.31069
0.30387
0.26912
0.34995
0.27786
0.18917
0.32840
0.45278
0.26293
0.40405
0.40368
0.23574
0.28284
0.35686
0.29007
0.29114
0.23885
0.25370
0.19365
0.28145
0.24516
0.31790
0.28997
0.35094
0.26275
0.26749
0.25456
0.18266
0.24059
0.39483
0.24640
0.14979
0.35214
0.14382
0.22217
0.40139
0.18101
0.25806
0.23190
0.28454
0.26046
0.42976
0.21898
0.33471
0.40966
0.22417
0.23862
0.22942
0.25944
0.22040
0.34796
0.20476
0.36151
0.35338
0.22026
0.24832
0.19468
0.34910
0.27872
0.21541
0.35408
0.40945
0.31418
0.29427
0.37245
0.36582
0.19104
0.26144
0.29594
0.37996
0.21474
0.25101
0.25432
0.35503
0.24244
0.25181
0.27592
0.33552
0.35638
0.26350
0.27114
0.32786
0.28261
0.26956
0.22451
0.39522
0.27519
0.26921
0.26595
0.28277
0.33743
0.27962
0.31291
0.25267
0.32520
0.27614
0.22366
0.30370
0.26239
0.22769
0.28563
0.15887
0.31071
0.17183
0.04713
0.08137
0.16145
0.15774
0.30265
0.19163
0.26373
0.36329
0.18962
0.09268
0.14658
0.03828
0.32867
0.23545
0.14208
0.26511
0.02770
0.11456
0.24027
0.17365
0.06536
0.09817
0.21231
0.27623
0.20882
0.21621
0.28552
0.02086
0.26764
0.25698
0.02260
0.06794
0.07372
0.23543
0.13659
0.18713
0.18159
0.31151
0.03215
0.03672
0.06323
0.06265
0.25164
0.04799
0.09426
0.15091
0.26436
0.11901
0.22460
0.22671
0.02193
0.29389
0.03880
0.04016
0.26532
0.21711
0.16365
0.04614
0.06713
0.22455
0.20273
0.31087
0.23152
0.01511
0.08275
0.16906
0.20858
0.14677
0.19940
0.10520
0.19681
0.13879
0.16487
0.21814
0.23449
0.06675
0.15848
0.13606
0.07384
0.06030
0.10822
0.11896
0.19100
0.24975
0.27624
0.20721
0.28231
0.28800
0.19073
0.20573
0.21523
0.22939
0.04556
0.25737
0.07782
0.05573
0.21506
0.27968
0.25070
0.26324
0.08605
0.04804
0.11474
0.18244
0.11357
0.21579
0.08028
0.17804
0.29789
0.12238
0.22524
0.11478
0.05150
0.04740
0.17910
0.02808
0.05304
0.24307
0.27094
0.08216
0.08169
0.03843
0.08476
0.04002
0.21335
