0.09621
0.12522
0.05493
0.19229
0.07209
0.12690
0.21231
0.11074
0.10951
0.08644
0.14389
0.14467
0.13024
0.12250
0.10536
0.21919
0.12069
0.12585
0.06487
0.13695
0.24544
0.14747
0.15186
0.03596
0.21367
0.10785
0.07928
0.19613
0.10080
0.07752
0.14973
0.20822
0.13904
0.10075
0.08745
0.09943
0.14547
0.07494
0.11732
0.10404
0.25139
0.25442
0.12014
0.11224
0.29217
0.17125
0.12720
0.22896
0.16028
0.09719
0.10129
0.12435
0.13965
0.28330
0.09326
0.20479
0.14825
0.09006
0.14870
0.05859
0.25950
0.28512
0.08261
0.19805
0.27632
0.28961
0.08877
0.11057
0.09876
0.05134
0.13246
0.30779
0.28048
0.15155
0.25446
0.09437
0.06719
0.04756
0.22039
0.17486
0.30515
0.13171
0.30435
0.27967
0.20020
0.34411
0.10102
0.04758
0.10296
0.24571
0.33771
0.12393
0.07144
0.20511
0.02785
0.10834
0.17453
0.22854
0.19099
0.14165
0.09412
0.17958
0.11543
0.13079
0.19668
0.28404
0.11906
0.15304
0.13700
0.27420
0.02493
0.25641
0.06618
0.20560
0.10596
0.12725
0.26748
0.05948
0.04562
0.20254
0.22132
0.04956
0.28359
0.03397
0.05753
0.11826
0.24087
0.27685
0.14687
0.23788
0.07043
0.10242
0.25274
0.31610
0.11132
0.07765
0.06079
0.27261
0.27453
0.03550
0.11069
0.02534
0.29551
0.16601
0.12777
0.17531
0.09932
0.33730
0.12272
0.09785
0.16541
0.21469
0.10195
0.26314
0.33057
0.32790
0.09756
0.14450
0.14351
0.17027
0.17743
0.17938
0.25402
0.31885
0.09962
0.09787
0.20037
0.27516
0.04048
0.18438
0.02808
0.19829
0.16183
0.02377
0.07911
0.20878
0.03663
0.06319
0.16705
0.24483
0.07514
0.09704
0.21735
0.15835
0.12180
0.15997
0.19250
0.25947
0.25143
0.10437
0.08621
0.03352
0.05112
0.14946
0.14667
0.17748
0.18766
0.16113
0.07340
0.25221
0.23545
0.07633
0.16480
0.16504
0.05746
0.15869
0.04497
0.19671
0.24680
0.04464
0.23229
0.22500
0.07645
0.25249
0.25234
0.21688
0.11738
0.23240
0.21437
0.32294
0.10034
0.09245
0.08970
0.07900
0.08602
0.04373
0.11370
0.18548
0.09900
0.03476
0.21619
0.10406
0.19240
0.06512
0.03842
0.16721
0.10287
0.05095
0.10574
0.22732
0.06707
0.26447
0.08594
0.10473
0.13121
0.18445
0.11062
0.03425
0.10410
0.10926
0.10239
0.13167
0.10439
0.18325
0.14130
0.15057
0.19154
0.04394
0.06380
0.13681
0.22274
0.13844
0.17759
0.17868
0.12382
0.24482
0.29183
0.08824
0.09881
0.02527
0.06513
0.11723
0.06239
0.04098
0.29481
0.14193
0.07295
0.20048
0.16445
0.05437
0.14595
0.32324
0.16015
0.09378
0.29585
0.11910
0.19882
0.16811
0.11271
0.11210
0.07069
0.06765
0.14259
0.17533
0.20893
0.09434
0.10369
0.10539
0.20984
0.12292
0.32036
0.24261
0.26637
0.10303
0.07682
0.30443
0.22693
0.33129
0.00939
0.26740
0.10862
0.26391
0.11517
0.05114
0.12064
0.09242
0.11101
0.17429
0.21066
0.06915
0.05958
0.08256
0.26832
0.18544
0.22896
0.14032
0.20602
0.20109
0.08886
0.02646
0.24647
0.25929
0.35329
0.18105
0.29530
0.21635
0.20850
0.29587
0.26907
0.25357
0.05976
0.07942
0.07593
0.21346
0.03239
0.03843
0.18728
0.07998
0.22947
0.08127
0.18849
0.11510
0.20753
0.26394
0.21008
0.18086
0.31030
0.10705
0.11623
0.32554
0.05329
0.18344
0.07322
0.07276
0.15214
0.08350
0.24122
0.28309
0.14057
0.05362
0.12421
0.24909
0.10015
0.04633
0.05111
0.11394
0.05383
0.08701
0.18567
0.05177
0.27394
0.12377
0.15157
0.06635
0.17596
0.27584
0.20557
0.29616
0.31649
0.15616
0.28078
0.30834
0.32395
0.31276
0.24730
0.25193
0.34073
0.26338
0.21622
0.29563
0.20707
0.32179
0.17272
0.38124
0.28258
0.25256
0.26438
0.22491
0.28760
0.35770
0.32265
0.27793
0.29296
0.31457
0.27818
0.29443
0.26844
0.26117
0.24141
0.24375
0.31595
0.26823
0.25612
0.18930
0.31864
0.28719
0.26744
0.33301
0.19336
0.28960
0.33006
0.26559
0.31833
0.33060
0.30827
0.20569
0.28309
0.30008
0.26399
0.32669
0.27336
0.28444
0.29290
0.29058
0.16955
0.32963
0.23783
0.26357
0.30348
0.29116
0.28215
0.16706
0.28668
0.32630
0.10792
0.26046
0.22850
0.20944
0.17521
0.38666
0.30693
0.30402
0.17007
0.30805
0.26895
0.27403
0.31888
0.26514
0.31122
0.27880
0.24809
0.25732
0.17360
0.35301
0.30101
0.27050
0.18463
0.31003
0.16676
0.25812
0.25454
0.24701
0.31682
0.27580
0.18819
0.29763
0.28685
0.17290
0.16135
0.31708
0.17863
0.19932
0.16075
0.30201
0.31807
0.28988
0.30015
0.24358
0.30800
0.20753
0.31662
0.31292
0.30557
0.16886
0.25344
0.30222
0.23317
0.16604
0.35611
0.22681
0.22334
0.32138
0.27260
0.23985
0.35905
0.28020
0.20984
0.26958
0.18126
0.27925
0.29475
0.31856
0.26019
0.24750
0.18408
0.31728
0.21352
0.30163
0.19411
0.29454
0.33403
0.24493
0.17345
0.21428
0.28661
0.20364
0.28764
0.17789
0.23549
0.20893
0.22525
0.24775
0.31321
0.29894
0.30990
0.27161
0.23094
0.28856
0.23177
0.25187
0.20956
0.20839
0.29538
0.15260
0.18888
0.29236
0.30117
0.25940
0.15607
0.23134
0.25475
0.22554
0.24669
0.29433
0.33884
0.16583
0.27381
0.25844
0.30686
0.15837
0.32213
0.25637
0.24614
0.39370
0.19888
0.29356
0.19907
0.30159
0.28948
0.26161
0.28630
0.32091
0.27110
0.18022
0.30605
0.26887
0.29053
0.23549
0.27028
0.30548
0.22467
0.25798
0.21781
0.32986
0.26707
0.27305
0.22771
0.28120
0.28921
0.28484
0.19934
0.28933
0.22701
0.30026
0.18874
0.33152
0.22037
0.29007
0.29472
0.25087
0.26354
0.15967
0.24937
0.27560
0.28887
0.25083
0.26518
0.33453
0.22490
0.24055
0.25060
0.28682
0.26283
0.29527
0.22981
0.17922
0.31176
0.27713
0.23538
0.31278
0.15742
0.30757
0.32161
0.23021
0.18474
0.26325
0.27872
0.30536
0.27103
0.23383
0.35345
0.30022
0.14581
0.22724
0.23980
0.29006
0.28365
0.28201
0.30289
0.21670
0.22782
0.19547
0.26886
0.31002
0.33289
0.28152
0.28199
0.31766
0.20778
0.23775
0.24292
0.24410
0.18420
0.30511
0.23399
0.23539
0.33213
0.30365
0.28744
0.22216
0.27793
0.27222
0.35453
0.28503
0.25336
0.19336
0.17345
0.32541
0.30546
0.13355
0.29880
0.16313
0.24732
0.31137
0.20906
0.28761
0.21412
0.30114
0.18402
0.29495
0.23888
0.30038
0.28894
0.28092
0.19338
0.23779
0.24851
0.22564
0.23961
0.30332
0.22636
0.31627
0.24946
0.25535
0.31173
0.25751
0.27292
0.25977
0.19552
0.30456
0.25992
0.28784
0.20744
0.22369
0.31288
0.23883
0.29483
0.32982
0.17116
0.25025
0.31229
0.21012
0.28349
0.28984
0.30803
0.34348
0.34443
0.25600
0.31744
0.24993
0.22547
0.29259
0.34407
0.30214
0.26433
0.30942
0.30541
0.29714
0.32163
0.34412
0.21927
0.26614
0.30881
0.25919
0.27267
0.31862
0.23473
0.27132
0.30756
0.21322
0.30117
0.24452
0.29039
0.24889
0.26385
0.27964
0.26187
0.29466
0.34207
0.29038
0.26680
0.30894
0.29267
0.32601
0.31287
0.27783
0.12363
0.31040
0.33413
0.35640
0.31435
0.28947
0.39555
0.37126
0.27325
0.17143
0.30516
0.37593
0.27530
0.22079
0.29158
0.32342
0.24364
0.21173
0.31750
0.24860
0.25850
0.23911
0.33891
0.35309
0.41258
0.27116
0.31074
0.22870
0.38325
0.27652
0.30653
0.30608
0.31867
0.25016
0.15454
0.27035
0.43453
0.22600
0.39591
0.41380
0.21650
0.29400
0.34808
0.32089
0.28782
0.26855
0.25070
0.19759
0.28385
0.28236
0.26515
0.28283
0.36781
0.29303
0.28664
0.20045
0.17362
0.21470
0.38833
0.21576
0.11438
0.33702
0.15257
0.24327
0.39347
0.16068
0.25513
0.19753
0.23976
0.24675
0.43367
0.19550
0.31105
0.41044
0.25020
0.19998
0.24806
0.23817
0.20857
0.33944
0.16393
0.36035
0.33228
0.26028
0.25317
0.22957
0.33491
0.25750
0.20815
0.33012
0.42600
0.33066
0.28602
0.34152
0.35749
0.20782
0.23783
0.27959
0.38164
0.16092
0.18473
0.21015
0.36518
0.26028
0.24945
0.27225
0.31036
0.36069
0.19973
0.28938
0.33877
0.31043
0.25287
0.24263
0.38146
0.28278
0.26339
0.27448
0.31993
0.34867
0.25938
0.31662
0.23660
0.35552
0.23863
0.24640
0.31631
0.29328
0.26294
0.28953
0.21933
0.31952
0.20472
0.01541
0.13790
0.19276
0.10781
0.28757
0.22669
0.24395
0.30690
0.10905
0.04487
0.18275
0.01275
0.29468
0.23452
0.15924
0.27825
0.01920
0.12328
0.18499
0.21072
0.06814
0.11324
0.23261
0.27152
0.21201
0.21429
0.19857
0.02430
0.27122
0.24045
0.03156
0.02888
0.05722
0.25663
0.05049
0.09980
0.19037
0.28870
0.04189
0.02459
0.04574
0.05529
0.25428
0.10762
0.13964
0.15771
0.30275
0.13627
0.24751
0.22401
0.04519
0.28264
0.05476
0.04669
0.19158
0.18574
0.22596
0.04878
0.08717
0.19654
0.20479
0.28673
0.26645
0.01781
0.02480
0.13974
0.20057
0.12535
0.10907
0.10469
0.18324
0.16100
0.13421
0.23399
0.26262
0.03925
0.15758
0.14548
0.05576
0.05245
0.20083
0.14675
0.20411
0.26473
0.28478
0.19274
0.28701
0.20233
0.24034
0.08809
0.24978
0.11945
0.03525
0.25674
0.10654
0.05040
0.22353
0.25451
0.29195
0.23621
0.06122
0.06929
0.09135
0.10686
0.11823
0.27857
0.11293
0.19520
0.32818
0.17185
0.23933
0.08093
0.00217
0.02674
0.14090
0.03950
0.05776
0.19149
0.29565
0.10832
0.10185
0.04635
0.07390
0.08444
0.27828
