0.15916
0.11444
0.08697
0.23906
0.09980
0.14559
0.23654
0.16589
0.19820
0.07315
0.24308
0.13191
0.20687
0.12760
0.14689
0.22270
0.12918
0.18097
0.08319
0.13353
0.28426
0.19144
0.19955
0.09748
0.25850
0.16857
0.16069
0.23122
0.09356
0.21182
0.12982
0.26317
0.17332
0.09625
0.12106
0.08944
0.14702
0.12950
0.17293
0.17765
0.32054
0.28374
0.13193
0.16956
0.29411
0.18468
0.16978
0.25987
0.21215
0.15886
0.09424
0.14541
0.13368
0.30797
0.09774
0.25531
0.24581
0.14872
0.14566
0.10256
0.24710
0.31158
0.14555
0.20121
0.27002
0.32384
0.05900
0.16662
0.12019
0.05988
0.16503
0.32651
0.31953
0.17931
0.25868
0.14700
0.12630
0.05636
0.19794
0.16297
0.32354
0.24016
0.33579
0.27237
0.27567
0.37034
0.09528
0.14687
0.16787
0.26776
0.34784
0.20459
0.10814
0.25033
0.09306
0.21486
0.21537
0.21853
0.16614
0.15584
0.09089
0.21268
0.12044
0.12760
0.24890
0.29194
0.16806
0.18284
0.19165
0.28381
0.05058
0.27292
0.12776
0.25894
0.11314
0.15440
0.27680
0.09256
0.09629
0.18461
0.25080
0.09703
0.29309
0.04953
0.13020
0.17736
0.27677
0.28604
0.19494
0.24468
0.09825
0.12127
0.30146
0.32340
0.10094
0.16637
0.09556
0.28208
0.28404
0.07587
0.19566
0.11107
0.29845
0.20591
0.16698
0.27700
0.09572
0.34149
0.20973
0.09555
0.19252
0.25807
0.12104
0.30296
0.30259
0.31407
0.15696
0.17338
0.15076
0.24940
0.28476
0.24981
0.28628
0.30561
0.09382
0.15202
0.30129
0.24627
0.09546
0.26679
0.05420
0.23985
0.25573
0.05624
0.13617
0.22989
0.07754
0.11326
0.17537
0.28355
0.09735
0.11747
0.25646
0.17852
0.12791
0.17737
0.22739
0.27997
0.25822
0.22935
0.15205
0.08119
0.07738
0.17777
0.14605
0.24831
0.26463
0.16976
0.09075
0.30109
0.21348
0.10050
0.21749
0.15384
0.08253
0.22721
0.13311
0.22800
0.25071
0.13294
0.24148
0.25024
0.11307
0.27011
0.25954
0.22961
0.14255
0.29828
0.25747
0.35694
0.15827
0.21203
0.12103
0.11606
0.10843
0.07978
0.19594
0.20451
0.19366
0.10033
0.23583
0.12425
0.27769
0.17588
0.06157
0.27416
0.11843
0.07158
0.11881
0.27841
0.11032
0.30658
0.11809
0.13235
0.15050
0.22369
0.11164
0.06319
0.14279
0.11594
0.10141
0.12073
0.09977
0.26716
0.12675
0.18193
0.19930
0.09154
0.07766
0.14349
0.20742
0.17746
0.23969
0.19672
0.15986
0.25670
0.28927
0.09869
0.19840
0.06510
0.10972
0.14428
0.07725
0.05276
0.38043
0.19351
0.11839
0.19996
0.16121
0.08140
0.18210
0.33545
0.13141
0.09810
0.30150
0.11545
0.21071
0.21180
0.19240
0.18089
0.11476
0.10371
0.20062
0.23433
0.19547
0.10352
0.14758
0.20119
0.22762
0.17059
0.32510
0.27703
0.26695
0.16455
0.15572
0.29047
0.30026
0.30840
0.01951
0.25615
0.12198
0.29191
0.15577
0.10255
0.15155
0.15985
0.10353
0.23523
0.24590
0.09109
0.12409
0.08759
0.29141
0.16847
0.25206
0.19625
0.24644
0.27313
0.17046
0.05168
0.30134
0.24468
0.38311
0.27106
0.32329
0.22170
0.25633
0.29931
0.28160
0.26317
0.07811
0.09236
0.16846
0.24353
0.08689
0.08899
0.20129
0.13455
0.25001
0.13002
0.18631
0.14750
0.27300
0.24881
0.24287
0.20065
0.31668
0.18230
0.13006
0.31200
0.08849
0.17880
0.07163
0.11735
0.24411
0.07150
0.25672
0.35021
0.09106
0.09000
0.20378
0.25359
0.11402
0.07382
0.09468
0.10468
0.09529
0.12629
0.18127
0.10805
0.27163
0.20960
0.17135
0.13456
0.17849
0.29528
0.20653
0.25580
0.34793
0.16868
0.27152
0.30860
0.28573
0.31344
0.27489
0.25215
0.33592
0.25489
0.23514
0.26353
0.23109
0.30256
0.21592
0.36677
0.32630
0.22077
0.24308
0.27270
0.25635
0.36506
0.28906
0.24982
0.31877
0.32864
0.23353
0.26233
0.31634
0.28916
0.25049
0.26399
0.27288
0.30885
0.26164
0.22515
0.32463
0.25981
0.23284
0.32892
0.15538
0.32664
0.34908
0.29291
0.29482
0.30588
0.26363
0.26092
0.29455
0.33717
0.22434
0.30086
0.31598
0.23887
0.25810
0.31067
0.20937
0.30698
0.28058
0.27290
0.30363
0.28111
0.27206
0.20589
0.28511
0.35447
0.13839
0.28311
0.23856
0.24040
0.18617
0.37522
0.31375
0.33184
0.18013
0.34990
0.28065
0.30138
0.36678
0.31747
0.30029
0.29574
0.25401
0.29576
0.17813
0.34296
0.28568
0.24388
0.17969
0.33703
0.20704
0.26841
0.28655
0.27074
0.35046
0.32095
0.23085
0.31396
0.31255
0.16309
0.20029
0.28223
0.19485
0.19509
0.17569
0.30526
0.34718
0.26533
0.26579
0.25784
0.28923
0.24396
0.30743
0.27217
0.28054
0.21116
0.28722
0.28571
0.23849
0.22039
0.36105
0.28906
0.21802
0.30788
0.32121
0.25871
0.36880
0.30727
0.25247
0.28682
0.23348
0.30287
0.32189
0.27860
0.26370
0.24355
0.17641
0.32553
0.24026
0.28585
0.23989
0.27103
0.31207
0.26951
0.21961
0.21560
0.29925
0.22475
0.27351
0.20951
0.23649
0.22507
0.21107
0.21493
0.32875
0.30763
0.31515
0.23910
0.23811
0.32021
0.21453
0.21958
0.24151
0.27352
0.29620
0.16988
0.21086
0.30569
0.28835
0.23134
0.16849
0.19768
0.26770
0.23500
0.22444
0.26926
0.31917
0.16294
0.23213
0.29142
0.26236
0.21807
0.26315
0.27004
0.27366
0.37793
0.20969
0.29614
0.25154
0.35653
0.31174
0.23526
0.28363
0.29084
0.27312
0.18467
0.30901
0.29191
0.24504
0.27854
0.27759
0.33977
0.24924
0.25700
0.23503
0.33591
0.22831
0.29562
0.22752
0.24690
0.27922
0.27472
0.22020
0.25188
0.26432
0.31789
0.22649
0.31325
0.26415
0.27520
0.28492
0.27767
0.27137
0.15248
0.22866
0.32375
0.33472
0.26631
0.29163
0.30574
0.27402
0.23726
0.21870
0.29298
0.29731
0.26343
0.24358
0.19167
0.28319
0.29924
0.27191
0.27242
0.23352
0.32235
0.27726
0.20909
0.18708
0.27991
0.28730
0.29122
0.27197
0.25274
0.33363
0.34410
0.15791
0.26702
0.30270
0.28081
0.26793
0.32848
0.33913
0.23919
0.20600
0.19465
0.27736
0.28178
0.35212
0.29674
0.30262
0.29217
0.24941
0.26444
0.27709
0.27213
0.18372
0.32452
0.21861
0.21965
0.33272
0.30094
0.25754
0.25638
0.26272
0.29999
0.34253
0.34090
0.26521
0.25876
0.22533
0.31157
0.31567
0.13414
0.27997
0.20405
0.24897
0.26960
0.22497
0.27756
0.25512
0.26541
0.24622
0.23704
0.25033
0.32981
0.28499
0.26850
0.20586
0.28642
0.25511
0.25393
0.21766
0.33979
0.28868
0.34038
0.26502
0.24968
0.29101
0.28188
0.22923
0.28198
0.19904
0.31032
0.28934
0.33878
0.26208
0.27419
0.34956
0.29762
0.25228
0.29857
0.18446
0.24530
0.28807
0.24417
0.29039
0.30062
0.29801
0.33483
0.37433
0.32893
0.32063
0.27757
0.29698
0.30122
0.35263
0.27064
0.29183
0.32140
0.31586
0.29668
0.32231
0.39192
0.23719
0.25696
0.32367
0.24932
0.31886
0.34697
0.23427
0.24243
0.34817
0.23400
0.27314
0.29309
0.28661
0.25360
0.25519
0.24303
0.26720
0.28673
0.30693
0.29292
0.23225
0.29081
0.27870
0.30731
0.28664
0.28658
0.16359
0.30178
0.31478
0.36900
0.31131
0.30290
0.40546
0.41855
0.26195
0.19014
0.30965
0.39187
0.28791
0.21179
0.30449
0.31242
0.24323
0.21723
0.31541
0.25245
0.28043
0.22257
0.31585
0.35079
0.38755
0.28653
0.31083
0.25739
0.36632
0.31401
0.30075
0.28811
0.35570
0.27351
0.18632
0.31151
0.43649
0.26222
0.39667
0.39041
0.19321
0.27831
0.35462
0.28259
0.30889
0.23841
0.26387
0.22450
0.29691
0.29868
0.27396
0.30583
0.35814
0.28393
0.28605
0.23631
0.17907
0.24454
0.39324
0.21147
0.14366
0.30929
0.10375
0.17364
0.40846
0.15151
0.26920
0.22232
0.25774
0.24395
0.43848
0.19336
0.32076
0.38577
0.22586
0.22593
0.23308
0.26201
0.19434
0.36420
0.17932
0.34357
0.31989
0.24910
0.24587
0.20556
0.31614
0.28279
0.23225
0.36181
0.42682
0.31623
0.29109
0.35626
0.35798
0.20401
0.27843
0.29353
0.35399
0.21436
0.19787
0.23257
0.32553
0.27151
0.23498
0.27671
0.34635
0.35216
0.22869
0.29404
0.31482
0.30685
0.28618
0.24400
0.36127
0.29971
0.30048
0.27667
0.29300
0.33273
0.25888
0.29345
0.24873
0.34759
0.26294
0.24822
0.30345
0.29986
0.22734
0.28301
0.23688
0.32345
0.21589
0.07401
0.19529
0.22295
0.22608
0.28089
0.21227
0.27210
0.37331
0.23332
0.06187
0.20759
0.04510
0.27458
0.25726
0.19619
0.29203
0.10539
0.11196
0.20490
0.24986
0.11587
0.19168
0.24144
0.25377
0.13483
0.21521
0.28715
0.11444
0.28982
0.22496
0.03698
0.09720
0.17330
0.23646
0.12492
0.25617
0.22137
0.30880
0.08468
0.05036
0.05860
0.09012
0.26482
0.11439
0.13519
0.18643
0.29728
0.15244
0.28702
0.21002
0.07263
0.30128
0.07046
0.08355
0.31907
0.16839
0.26360
0.06609
0.09803
0.20318
0.20422
0.30091
0.24867
0.05516
0.05019
0.16448
0.20022
0.21855
0.25387
0.09974
0.27244
0.16077
0.12553
0.24753
0.26991
0.08726
0.12859
0.20101
0.10479
0.09726
0.27769
0.20012
0.20471
0.24971
0.27650
0.19204
0.31099
0.21453
0.27737
0.17051
0.24424
0.19058
0.04741
0.24648
0.12842
0.08620
0.23025
0.27406
0.25504
0.22025
0.14010
0.12050
0.13772
0.23891
0.23102
0.25373
0.11117
0.24616
0.33744
0.13083
0.26061
0.11879
0.07980
0.06086
0.15298
0.07020
0.11174
0.29932
0.23226
0.13069
0.08811
0.02339
0.08402
0.09055
0.30950
