0.11463
0.09997
0.06083
0.22804
0.11045
0.13938
0.17307
0.14420
0.20293
0.05658
0.18576
0.13650
0.15657
0.13928
0.17046
0.22899
0.12445
0.10601
0.08533
0.13250
0.26667
0.15028
0.20081
0.07424
0.18835
0.14228
0.14093
0.26625
0.08125
0.19651
0.14571
0.27994
0.16019
0.10199
0.14134
0.09593
0.09875
0.13875
0.10990
0.18806
0.31813
0.21995
0.09821
0.10654
0.25795
0.20885
0.11213
0.26473
0.16748
0.17400
0.09930
0.12540
0.14500
0.27450
0.08909
0.25347
0.26583
0.13700
0.10807
0.07736
0.25611
0.24029
0.13844
0.22489
0.24547
0.27689
0.09741
0.17700
0.12139
0.04446
0.13149
0.24551
0.32709
0.19553
0.25007
0.14157
0.08117
0.03425
0.21404
0.17916
0.29342
0.22328
0.28823
0.26826
0.26937
0.34549
0.10629
0.13164
0.16371
0.26447
0.28040
0.19619
0.04875
0.26865
0.06762
0.14713
0.21283
0.23611
0.20341
0.16516
0.10484
0.15814
0.14263
0.13273
0.19647
0.27416
0.13062
0.18493
0.25504
0.28156
0.02241
0.19164
0.10878
0.25735
0.12296
0.13628
0.26697
0.07847
0.11045
0.19699
0.23710
0.08325
0.24251
0.04722
0.11420
0.17501
0.31640
0.26285
0.20667
0.20212
0.09258
0.16411
0.32284
0.31445
0.14405
0.16587
0.07816
0.26450
0.22069
0.07322
0.20290
0.03612
0.26455
0.22202
0.16452
0.27816
0.10215
0.29065
0.18566
0.12363
0.17363
0.21284
0.12502
0.28877
0.26412
0.27417
0.15998
0.12102
0.14927
0.23476
0.25778
0.27343
0.28354
0.28854
0.09256
0.11277
0.29288
0.28919
0.10030
0.24826
0.04381
0.20515
0.26109
0.07906
0.13245
0.21619
0.10209
0.08488
0.18833
0.24822
0.07938
0.10693
0.23808
0.10339
0.13156
0.19996
0.20224
0.21540
0.23514
0.21318
0.17621
0.09537
0.05888
0.14229
0.14074
0.24976
0.24346
0.12888
0.09630
0.25786
0.22738
0.07351
0.15162
0.14081
0.04700
0.25542
0.13192
0.19049
0.24076
0.09837
0.22817
0.19451
0.11532
0.24475
0.24984
0.22227
0.14303
0.28126
0.19173
0.28691
0.10257
0.25058
0.11985
0.07038
0.07354
0.07114
0.20031
0.17358
0.20249
0.04474
0.25333
0.09022
0.22357
0.15105
0.05739
0.27533
0.12494
0.05712
0.12197
0.27718
0.11468
0.27745
0.10007
0.11505
0.17881
0.19845
0.11214
0.07344
0.11177
0.11743
0.11097
0.14851
0.12104
0.27907
0.13834
0.16966
0.19862
0.11822
0.11194
0.15152
0.16761
0.14209
0.19536
0.17912
0.19584
0.28151
0.23957
0.10590
0.20689
0.08369
0.11101
0.14166
0.08767
0.04271
0.35620
0.15173
0.09537
0.20895
0.12859
0.09414
0.12150
0.26314
0.12318
0.07909
0.27261
0.11134
0.20841
0.19159
0.18046
0.19296
0.12885
0.07588
0.20558
0.21305
0.18321
0.10014
0.18823
0.21114
0.17536
0.16214
0.29966
0.26112
0.25703
0.14077
0.16925
0.25588
0.32259
0.29158
0.06011
0.25783
0.11707
0.28576
0.12337
0.10145
0.16818
0.13337
0.10940
0.24001
0.20752
0.08422
0.12652
0.07030
0.29204
0.16087
0.21295
0.19233
0.24207
0.25418
0.15701
0.07259
0.23288
0.27596
0.34487
0.26399
0.30351
0.20778
0.25072
0.25334
0.27164
0.26639
0.08333
0.07374
0.14056
0.24266
0.07883
0.10611
0.19879
0.13700
0.19893
0.10364
0.15712
0.13374
0.26874
0.24314
0.26632
0.17800
0.30166
0.13735
0.16267
0.28354
0.06271
0.17910
0.05315
0.10378
0.23367
0.06920
0.23300
0.30911
0.12543
0.07558
0.16442
0.25918
0.11004
0.06456
0.05957
0.07606
0.08242
0.11624
0.16703
0.08973
0.26308
0.21698
0.19156
0.07850
0.17060
0.28944
0.19585
0.28754
0.33264
0.18435
0.25339
0.31085
0.29797
0.29713
0.27375
0.26204
0.32494
0.25565
0.24231
0.26158
0.22316
0.30516
0.19881
0.35188
0.30353
0.24007
0.26321
0.26493
0.25320
0.34958
0.29341
0.23687
0.28800
0.32134
0.24021
0.25477
0.30174
0.27730
0.23790
0.25275
0.30227
0.30350
0.25950
0.21611
0.33137
0.27928
0.23550
0.31629
0.19369
0.31042
0.33561
0.29932
0.30809
0.31039
0.28900
0.26047
0.28577
0.31777
0.21865
0.27513
0.29563
0.25121
0.28610
0.30339
0.20373
0.30078
0.26644
0.27032
0.29890
0.27642
0.27755
0.17565
0.23957
0.33462
0.09662
0.27935
0.22863
0.20402
0.15371
0.37039
0.30551
0.29639
0.17133
0.31787
0.26890
0.28267
0.34687
0.27676
0.27768
0.28763
0.24359
0.28319
0.18597
0.33033
0.27734
0.23934
0.18699
0.32533
0.23274
0.26367
0.29091
0.26687
0.33294
0.28626
0.21354
0.30496
0.30191
0.16451
0.17649
0.29439
0.17934
0.20418
0.16345
0.27518
0.31674
0.27582
0.26790
0.24507
0.30168
0.21567
0.29580
0.27984
0.26414
0.20483
0.28333
0.27879
0.23516
0.19745
0.34732
0.28137
0.19000
0.28495
0.30758
0.26324
0.35998
0.28947
0.23585
0.27131
0.19349
0.26271
0.31332
0.27228
0.26358
0.22712
0.16473
0.32506
0.23306
0.29551
0.23534
0.28029
0.30943
0.26950
0.19829
0.23921
0.29105
0.20200
0.29349
0.20148
0.23561
0.23206
0.23403
0.23503
0.31322
0.30701
0.30630
0.24606
0.19269
0.29917
0.20885
0.21630
0.21955
0.27225
0.28163
0.17685
0.19088
0.26246
0.26803
0.21265
0.16028
0.21675
0.25292
0.22545
0.24538
0.24520
0.29946
0.19282
0.22779
0.26133
0.26378
0.19122
0.28803
0.26335
0.24871
0.37989
0.18771
0.27704
0.23764
0.33814
0.29226
0.27256
0.27746
0.27541
0.26568
0.19811
0.30194
0.25643
0.25888
0.26380
0.27331
0.31924
0.22885
0.25174
0.22748
0.33877
0.22373
0.28284
0.22069
0.25137
0.27085
0.25922
0.21329
0.26862
0.23566
0.31491
0.21090
0.30558
0.25166
0.25143
0.27274
0.26591
0.25951
0.13231
0.23245
0.31219
0.30286
0.25329
0.28460
0.30577
0.26151
0.25022
0.23557
0.29846
0.30216
0.26926
0.24996
0.17449
0.28621
0.28435
0.27023
0.24644
0.21632
0.31816
0.29492
0.19210
0.19420
0.27309
0.28823
0.25831
0.28402
0.23429
0.32024
0.31300
0.15677
0.24854
0.29102
0.25790
0.27563
0.30227
0.31424
0.24561
0.18844
0.16150
0.27189
0.28136
0.35064
0.27091
0.29001
0.28870
0.24245
0.27211
0.27375
0.26201
0.17221
0.30582
0.18952
0.22784
0.33382
0.30221
0.26418
0.26088
0.26580
0.28280
0.32000
0.32144
0.23454
0.26059
0.17985
0.29558
0.29101
0.14044
0.25694
0.21246
0.25366
0.28433
0.23056
0.26190
0.23630
0.26348
0.22480
0.25196
0.23945
0.33219
0.29119
0.28065
0.19381
0.28888
0.24611
0.24453
0.22474
0.30444
0.28022
0.33694
0.25839
0.26341
0.29253
0.26911
0.24691
0.27257
0.18080
0.31453
0.26892
0.32141
0.25976
0.26780
0.33666
0.27374
0.26324
0.30416
0.18168
0.20991
0.29730
0.25396
0.30693
0.28915
0.29810
0.29099
0.36508
0.28946
0.29907
0.26851
0.26423
0.28317
0.34832
0.25804
0.29038
0.32118
0.30498
0.28944
0.30493
0.38015
0.22836
0.25227
0.27249
0.23755
0.30212
0.32171
0.21675
0.25143
0.31584
0.23024
0.26915
0.29406
0.28731
0.26683
0.25586
0.26342
0.24241
0.27105
0.32315
0.29235
0.24897
0.29187
0.27020
0.29963
0.28057
0.25282
0.14458
0.29081
0.30981
0.35460
0.30519
0.29281
0.40863
0.37453
0.27420
0.20388
0.29274
0.38695
0.24806
0.18810
0.28186
0.32888
0.26567
0.23501
0.32370
0.25340
0.27251
0.24785
0.31401
0.33535
0.36818
0.26787
0.28727
0.23866
0.35952
0.27708
0.29438
0.28482
0.31724
0.28192
0.19878
0.31769
0.41762
0.26201
0.38454
0.40574
0.19015
0.27473
0.34893
0.30001
0.27368
0.26949
0.27523
0.19764
0.27809
0.28709
0.25965
0.28854
0.35804
0.27075
0.27074
0.24339
0.22119
0.26084
0.37951
0.20852
0.14324
0.33475
0.13405
0.22177
0.35799
0.14833
0.23194
0.22301
0.27007
0.23647
0.41919
0.19881
0.31133
0.36826
0.23280
0.18476
0.24995
0.24704
0.18681
0.32869
0.19818
0.38143
0.34940
0.24911
0.23428
0.22736
0.33966
0.25839
0.20650
0.32649
0.41419
0.29318
0.26791
0.34325
0.34645
0.22485
0.25651
0.26670
0.41972
0.20815
0.22540
0.22153
0.30993
0.26747
0.22886
0.26829
0.31577
0.32205
0.24639
0.27831
0.34435
0.29152
0.27874
0.23250
0.32824
0.27416
0.23359
0.28187
0.28480
0.29073
0.25233
0.28743
0.23827
0.33334
0.25329
0.24791
0.30539
0.28582
0.20820
0.28643
0.15089
0.25715
0.19097
0.08863
0.09011
0.15300
0.25495
0.26963
0.19111
0.23227
0.34039
0.15347
0.08316
0.20219
0.05428
0.26211
0.23034
0.17662
0.24354
0.08670
0.11696
0.20152
0.26781
0.05740
0.15896
0.25299
0.25473
0.21992
0.21819
0.26793
0.09106
0.32063
0.21541
0.05522
0.08323
0.09500
0.27798
0.14311
0.23889
0.19017
0.31570
0.08685
0.03584
0.05016
0.10842
0.25640
0.07750
0.12128
0.12491
0.21962
0.12959
0.28777
0.22586
0.09960
0.21439
0.07712
0.12780
0.21635
0.19352
0.26426
0.07404
0.09246
0.20707
0.19630
0.26100
0.23330
0.07365
0.08376
0.18166
0.19397
0.17995
0.19167
0.12234
0.29594
0.15603
0.08891
0.26190
0.27193
0.09204
0.13340
0.16890
0.06874
0.07312
0.24118
0.13055
0.20916
0.23982
0.26518
0.19607
0.30658
0.22991
0.20007
0.24060
0.24252
0.23647
0.03681
0.17859
0.10700
0.08748
0.18225
0.22263
0.29039
0.24664
0.10488
0.06683
0.11546
0.25601
0.21119
0.29954
0.12222
0.17469
0.28205
0.15475
0.23064
0.14897
0.01974
0.03496
0.19170
0.07871
0.08801
0.24148
0.27970
0.12487
0.11567
0.03546
0.08298
0.08286
0.26286
