0.10845
0.10138
0.07775
0.25631
0.07291
0.13746
0.22225
0.16130
0.20006
0.11920
0.18842
0.13945
0.16934
0.12224
0.11636
0.23821
0.15658
0.14841
0.06540
0.14316
0.29590
0.17264
0.18855
0.06559
0.20422
0.16430
0.13027
0.27974
0.13490
0.20805
0.17767
0.27860
0.15789
0.10790
0.16362
0.09662
0.12767
0.10615
0.17455
0.21982
0.30424
0.29315
0.12183
0.16280
0.27378
0.24130
0.17007
0.27501
0.20679
0.18964
0.09709
0.14297
0.13705
0.29744
0.11003
0.24259
0.26694
0.15597
0.10725
0.12478
0.26556
0.27010
0.13724
0.19003
0.27343
0.31985
0.06619
0.21386
0.12539
0.07020
0.13483
0.30288
0.31077
0.24052
0.25187
0.17983
0.10507
0.05392
0.17950
0.15655
0.30221
0.21780
0.30219
0.25737
0.26523
0.35313
0.10218
0.13544
0.19075
0.23174
0.31703
0.21830
0.11968
0.28834
0.11020
0.17666
0.23736
0.20083
0.20580
0.14633
0.11006
0.20213
0.16084
0.13374
0.24356
0.28874
0.18351
0.17424
0.17148
0.27524
0.07894
0.26761
0.10952
0.22097
0.11634
0.18303
0.27007
0.07490
0.09273
0.17458
0.24978
0.11022
0.26464
0.03707
0.12041
0.16482
0.33367
0.26343
0.19412
0.25344
0.11845
0.13953
0.28364
0.31418
0.11658
0.16667
0.07228
0.29650
0.23277
0.11136
0.22366
0.08428
0.30016
0.22586
0.16720
0.24764
0.08201
0.34690
0.21856
0.09096
0.19125
0.28277
0.11154
0.27854
0.32807
0.31039
0.14961
0.15242
0.17303
0.18252
0.31950
0.26743
0.26731
0.29754
0.08720
0.16023
0.28228
0.27693
0.10873
0.27522
0.06447
0.25396
0.24929
0.05624
0.13442
0.23695
0.11045
0.08129
0.18509
0.24481
0.13154
0.10797
0.18959
0.17510
0.12844
0.19939
0.22740
0.22438
0.23684
0.20491
0.16994
0.06335
0.07527
0.13902
0.16445
0.28876
0.25871
0.15462
0.12838
0.27085
0.26363
0.07857
0.22487
0.14776
0.07025
0.24817
0.13288
0.22612
0.23709
0.14046
0.26834
0.22796
0.13025
0.25249
0.25697
0.25122
0.13570
0.25992
0.25402
0.31842
0.13970
0.23618
0.16423
0.10247
0.13887
0.07151
0.18285
0.25954
0.20080
0.10609
0.25056
0.13457
0.23848
0.15159
0.09661
0.26851
0.11640
0.05500
0.11175
0.27467
0.11249
0.29317
0.12442
0.11156
0.19058
0.21167
0.11765
0.04676
0.14754
0.09533
0.12585
0.15755
0.14522
0.27375
0.12769
0.16940
0.18648
0.09683
0.08015
0.13714
0.21427
0.17051
0.20104
0.18731
0.14448
0.26772
0.28170
0.09275
0.23590
0.06660
0.12771
0.13737
0.11845
0.04283
0.36937
0.18717
0.12694
0.22000
0.18010
0.08026
0.14555
0.33217
0.12146
0.09954
0.29096
0.11355
0.17658
0.19883
0.20165
0.17887
0.11116
0.10789
0.18708
0.23519
0.21123
0.10880
0.23649
0.22689
0.18329
0.18928
0.35175
0.28581
0.23038
0.15302
0.16480
0.29614
0.33422
0.31969
0.04971
0.29163
0.12323
0.28326
0.16154
0.10859
0.12321
0.13486
0.10495
0.26704
0.22415
0.08462
0.08760
0.06806
0.22508
0.22143
0.25016
0.25089
0.22009
0.25216
0.16675
0.08346
0.26850
0.31059
0.37012
0.26235
0.31451
0.23589
0.25307
0.27394
0.27727
0.25398
0.08245
0.10536
0.20228
0.23497
0.07986
0.13109
0.22226
0.14930
0.24631
0.12884
0.17867
0.15251
0.27770
0.21898
0.26401
0.20190
0.28155
0.17156
0.15941
0.29303
0.09262
0.22030
0.06675
0.08772
0.22243
0.08864
0.23583
0.32661
0.08448
0.08598
0.17854
0.26086
0.11136
0.09533
0.09038
0.10533
0.07975
0.11656
0.19385
0.09843
0.29172
0.22361
0.21987
0.14107
0.17940
0.26956
0.22321
0.28952
0.31705
0.17162
0.20104
0.29438
0.28439
0.29588
0.27913
0.24605
0.28601
0.25532
0.23717
0.24639
0.20890
0.28373
0.18287
0.35559
0.26744
0.26255
0.25344
0.25851
0.27277
0.34518
0.29512
0.23020
0.28255
0.30338
0.23071
0.25412
0.29898
0.24714
0.22368
0.24676
0.27816
0.29241
0.26782
0.20490
0.33417
0.25837
0.25217
0.30894
0.18946
0.27622
0.30931
0.28696
0.28247
0.29463
0.27518
0.22759
0.28183
0.32415
0.23016
0.25630
0.29015
0.27226
0.27755
0.27481
0.16264
0.29283
0.24682
0.27180
0.28959
0.26598
0.27490
0.16710
0.25447
0.30243
0.13630
0.27149
0.23525
0.22283
0.21899
0.35806
0.30676
0.29132
0.18204
0.31933
0.26325
0.26899
0.33622
0.27804
0.30089
0.28949
0.24430
0.28030
0.18609
0.33435
0.27895
0.22780
0.18700
0.32739
0.19123
0.26447
0.28332
0.22951
0.30710
0.26541
0.19189
0.26534
0.28453
0.16817
0.15813
0.30510
0.18651
0.20038
0.14753
0.29804
0.27805
0.27806
0.25810
0.23729
0.28777
0.18436
0.29244
0.28667
0.24605
0.18004
0.27768
0.26804
0.20458
0.16848
0.34781
0.26805
0.20572
0.29432
0.27576
0.24236
0.36511
0.25496
0.20980
0.23956
0.19545
0.27654
0.31865
0.27999
0.28340
0.22327
0.17408
0.30359
0.20889
0.25642
0.18725
0.26673
0.29425
0.27813
0.17524
0.23860
0.27957
0.19200
0.27742
0.19062
0.24626
0.21175
0.22236
0.23425
0.30578
0.29436
0.31533
0.25025
0.25294
0.29315
0.21300
0.20726
0.22807
0.24794
0.30582
0.16274
0.17500
0.28222
0.26907
0.18457
0.15279
0.23640
0.27028
0.23048
0.27439
0.23723
0.30492
0.15636
0.27228
0.25761
0.25685
0.15997
0.31826
0.27552
0.24769
0.37423
0.18285
0.31312
0.19739
0.34956
0.26286
0.24122
0.25607
0.28738
0.26325
0.18607
0.30744
0.27612
0.24704
0.25491
0.27855
0.30814
0.23053
0.22802
0.20987
0.31064
0.23031
0.25388
0.23076
0.27561
0.28176
0.25980
0.22506
0.23923
0.25756
0.30732
0.19717
0.31379
0.21454
0.29292
0.24892
0.23667
0.28317
0.14839
0.24320
0.28558
0.28977
0.25221
0.27944
0.29845
0.25794
0.24360
0.22841
0.28211
0.28606
0.26241
0.23470
0.19408
0.27765
0.26480
0.25359
0.26070
0.22965
0.29960
0.29983
0.20337
0.20162
0.26531
0.28033
0.28431
0.28270
0.26046
0.31494
0.29976
0.14139
0.21294
0.27656
0.27914
0.26043
0.29244
0.29382
0.22611
0.21056
0.22553
0.25309
0.29508
0.32942
0.30193
0.28583
0.28216
0.21170
0.25760
0.23677
0.24369
0.18057
0.31281
0.22766
0.23975
0.31275
0.30661
0.25635
0.22785
0.23815
0.25304
0.33966
0.32018
0.25733
0.24502
0.18997
0.32156
0.30493
0.13251
0.28480
0.18327
0.23236
0.29397
0.21766
0.25797
0.25285
0.27788
0.20055
0.27981
0.24533
0.28715
0.25133
0.27316
0.19850
0.23793
0.25242
0.23235
0.17825
0.28797
0.25180
0.32790
0.26180
0.27627
0.27503
0.22683
0.23788
0.28458
0.17801
0.32883
0.24673
0.30196
0.24025
0.26965
0.31043
0.26934
0.27913
0.30112
0.16958
0.24678
0.28972
0.25014
0.26268
0.26669
0.28194
0.32184
0.36206
0.25060
0.29253
0.26125
0.25286
0.25809
0.31829
0.26635
0.25907
0.30551
0.28912
0.27879
0.28773
0.33721
0.23411
0.26652
0.32674
0.23069
0.28718
0.33240
0.23730
0.25596
0.31927
0.23706
0.26201
0.26797
0.26842
0.23445
0.25031
0.27255
0.25815
0.28181
0.32700
0.30336
0.24335
0.28281
0.28339
0.28170
0.27460
0.28676
0.12627
0.31867
0.33166
0.33491
0.28583
0.29768
0.37037
0.38043
0.24846
0.20919
0.29615
0.37053
0.27911
0.18752
0.29532
0.33591
0.23481
0.24415
0.32004
0.24584
0.23155
0.24125
0.32695
0.33350
0.40260
0.27078
0.29877
0.24175
0.38199
0.24273
0.31395
0.31453
0.33473
0.26777
0.18752
0.29207
0.44481
0.21757
0.38226
0.39668
0.18967
0.30765
0.33648
0.32257
0.29167
0.25380
0.26234
0.22525
0.28230
0.29522
0.31103
0.27903
0.38538
0.28056
0.28833
0.22333
0.23592
0.22833
0.38418
0.16829
0.13656
0.33528
0.15663
0.16329
0.39128
0.16573
0.25022
0.20186
0.26884
0.21144
0.41882
0.18336
0.30279
0.37548
0.24974
0.22581
0.25790
0.20765
0.20259
0.34118
0.14818
0.36098
0.34811
0.23169
0.25255
0.22020
0.34230
0.27685
0.17394
0.34410
0.39799
0.31619
0.28686
0.33896
0.35449
0.23400
0.25371
0.28032
0.39082
0.17890
0.21826
0.22794
0.34183
0.26264
0.26029
0.28277
0.28643
0.35490
0.22178
0.28947
0.30712
0.29998
0.27278
0.24061
0.35840
0.28705
0.24271
0.26589
0.31038
0.31965
0.26146
0.30467
0.21788
0.31893
0.24475
0.27727
0.27832
0.29240
0.21669
0.28862
0.23100
0.31681
0.20887
0.09748
0.11650
0.22158
0.24667
0.27807
0.20669
0.23586
0.33635
0.19927
0.08545
0.17824
0.09117
0.26977
0.21743
0.13906
0.29438
0.10438
0.13135
0.16249
0.23976
0.12081
0.15842
0.25300
0.26225
0.19923
0.20975
0.27445
0.10267
0.31450
0.24488
0.05496
0.08132
0.17846
0.29098
0.16379
0.25695
0.19629
0.28315
0.08019
0.05529
0.05444
0.11463
0.28839
0.18096
0.17337
0.21509
0.28063
0.19007
0.29118
0.20809
0.06495
0.30431
0.07411
0.11254
0.24534
0.19679
0.24281
0.04336
0.05548
0.20067
0.19446
0.28189
0.25938
0.05017
0.09241
0.16221
0.19388
0.23358
0.21820
0.14190
0.25848
0.22601
0.14680
0.26268
0.30978
0.09243
0.17911
0.19254
0.03640
0.02148
0.24872
0.12824
0.22695
0.26490
0.28366
0.19179
0.32806
0.21462
0.20189
0.20644
0.24426
0.18335
0.08386
0.26667
0.15390
0.08847
0.17702
0.23843
0.29024
0.25242
0.09690
0.11262
0.22333
0.23928
0.26707
0.23096
0.10071
0.25305
0.30226
0.12650
0.18872
0.11462
0.07525
0.04593
0.11261
0.09011
0.11510
0.21705
0.26594
0.12507
0.09950
0.05873
0.05078
0.10394
0.24048
