0.15028
0.09794
0.07681
0.26852
0.08948
0.11756
0.23097
0.14266
0.18135
0.05946
0.20415
0.12805
0.14713
0.11324
0.16221
0.24014
0.13689
0.10519
0.06746
0.12914
0.29535
0.15661
0.18156
0.06561
0.19759
0.15894
0.12962
0.26012
0.08376
0.13755
0.14131
0.19402
0.12750
0.12843
0.13012
0.10298
0.14596
0.05524
0.11218
0.16983
0.28833
0.28068
0.08407
0.12760
0.27387
0.23752
0.18880
0.22028
0.17328
0.19710
0.09577
0.17165
0.13953
0.26184
0.09064
0.22218
0.22418
0.14360
0.12134
0.09319
0.27700
0.30737
0.12513
0.21089
0.28252
0.31468
0.03669
0.19792
0.10844
0.04727
0.14296
0.33282
0.27108
0.21508
0.25225
0.12573
0.07939
0.04383
0.22623
0.16547
0.30278
0.17354
0.31646
0.27845
0.28410
0.34847
0.09985
0.09117
0.12755
0.26606
0.30152
0.15427
0.08014
0.22029
0.05955
0.18697
0.25066
0.24683
0.20681
0.17835
0.09454
0.16852
0.10491
0.12453
0.23488
0.28787
0.13891
0.18514
0.16548
0.26697
0.03443
0.24912
0.07066
0.26159
0.10751
0.12687
0.27547
0.06921
0.06413
0.16962
0.19222
0.06875
0.29012
0.04126
0.10852
0.16553
0.31929
0.27826
0.09633
0.25633
0.12235
0.11896
0.29744
0.30072
0.09889
0.11103
0.09825
0.29715
0.25788
0.04307
0.14757
0.04183
0.31092
0.23570
0.15523
0.23856
0.08321
0.34423
0.14723
0.08486
0.19739
0.25735
0.10095
0.31073
0.29353
0.33769
0.16308
0.15356
0.14746
0.17047
0.25381
0.22655
0.27426
0.29370
0.08615
0.12175
0.27603
0.29798
0.07288
0.27460
0.03633
0.21697
0.24225
0.02929
0.07972
0.20464
0.05887
0.05296
0.17300
0.28012
0.10713
0.10564
0.22250
0.16413
0.10418
0.18610
0.24374
0.25758
0.25878
0.17094
0.11231
0.04010
0.08266
0.14322
0.15148
0.26085
0.19191
0.18839
0.10684
0.27397
0.18425
0.08097
0.17791
0.15945
0.07553
0.24975
0.08970
0.19940
0.24850
0.11277
0.27676
0.24138
0.11615
0.26639
0.30154
0.24703
0.11378
0.23397
0.25122
0.32054
0.12386
0.20483
0.12547
0.07103
0.07890
0.06415
0.19747
0.17211
0.12626
0.05065
0.26415
0.11789
0.21772
0.14073
0.05488
0.28146
0.10737
0.05013
0.09345
0.27602
0.09917
0.27817
0.08699
0.10836
0.15015
0.24990
0.10749
0.06855
0.09392
0.11293
0.10277
0.10514
0.11076
0.22041
0.11820
0.15598
0.21039
0.05478
0.09913
0.13083
0.18101
0.15566
0.20145
0.21636
0.16953
0.26705
0.30008
0.09409
0.18645
0.07895
0.11346
0.11391
0.06581
0.03751
0.33601
0.18996
0.07946
0.19741
0.14837
0.04954
0.14403
0.33933
0.13105
0.06697
0.32545
0.11349
0.18602
0.17111
0.18052
0.11957
0.12322
0.09004
0.21105
0.23485
0.18337
0.09700
0.19001
0.19765
0.19722
0.16242
0.31735
0.25523
0.27781
0.16677
0.09780
0.29925
0.25193
0.34072
0.04945
0.28840
0.09856
0.30252
0.13454
0.08675
0.16118
0.10262
0.08539
0.17144
0.24997
0.05997
0.08937
0.10871
0.23949
0.14352
0.24591
0.15168
0.23391
0.22816
0.13223
0.04641
0.23794
0.30782
0.38173
0.26487
0.27737
0.21965
0.25612
0.28834
0.28162
0.28762
0.05280
0.07015
0.12955
0.21527
0.06736
0.05832
0.18837
0.12559
0.20838
0.10336
0.17833
0.10789
0.30599
0.24629
0.21186
0.21913
0.29970
0.16008
0.15596
0.29585
0.07777
0.19623
0.06757
0.07964
0.19927
0.05401
0.22769
0.32715
0.06251
0.08710
0.14689
0.25069
0.11384
0.06716
0.07636
0.07695
0.07235
0.11070
0.19661
0.08442
0.29407
0.16469
0.19655
0.09202
0.16116
0.29561
0.20411
0.24610
0.35249
0.17774
0.29221
0.28174
0.28015
0.30746
0.27981
0.23804
0.35325
0.23642
0.20295
0.22203
0.20126
0.28725
0.17958
0.36773
0.33793
0.25169
0.25776
0.25602
0.23119
0.34504
0.25885
0.22882
0.30618
0.32438
0.21435
0.23618
0.30632
0.27251
0.24645
0.26037
0.27264
0.31066
0.22588
0.22230
0.33967
0.25470
0.18889
0.31582
0.18122
0.31116
0.35312
0.27255
0.27560
0.28832
0.29400
0.22530
0.27506
0.32528
0.17823
0.27316
0.33229
0.22837
0.29622
0.27109
0.20017
0.25908
0.26400
0.27212
0.30787
0.28951
0.26247
0.17732
0.29486
0.35691
0.14576
0.26894
0.18759
0.19549
0.17044
0.36528
0.31782
0.32284
0.17480
0.35211
0.27620
0.28340
0.37252
0.28643
0.28671
0.28397
0.24271
0.28301
0.17390
0.35871
0.31692
0.26481
0.18056
0.32469
0.20308
0.25060
0.28673
0.24068
0.34792
0.33181
0.19497
0.29713
0.30499
0.16595
0.19056
0.28297
0.20832
0.15337
0.15001
0.29151
0.32616
0.26405
0.29123
0.24564
0.30013
0.20714
0.31460
0.25274
0.28231
0.23843
0.28880
0.28921
0.21157
0.18872
0.35315
0.28493
0.17252
0.31278
0.32403
0.25638
0.35276
0.31314
0.23170
0.27052
0.19908
0.29294
0.32237
0.26055
0.26444
0.22713
0.16111
0.30822
0.23922
0.28540
0.20057
0.27868
0.33479
0.27423
0.19250
0.23441
0.29139
0.20888
0.28316
0.18917
0.22620
0.26840
0.21715
0.19638
0.29655
0.31427
0.32674
0.19923
0.18733
0.32902
0.20250
0.17582
0.20540
0.30085
0.30884
0.13996
0.18523
0.29001
0.25705
0.18640
0.15921
0.22757
0.25880
0.22283
0.24411
0.22989
0.32243
0.15549
0.23491
0.27035
0.29685
0.17703
0.26656
0.25778
0.23393
0.39170
0.19245
0.29219
0.21641
0.33734
0.31472
0.22035
0.27036
0.29560
0.26678
0.16446
0.31542
0.28699
0.27463
0.28286
0.28907
0.33727
0.21265
0.26640
0.23114
0.33496
0.24528
0.27193
0.23076
0.23480
0.28206
0.26273
0.16735
0.26034
0.23645
0.31040
0.20676
0.30940
0.23270
0.22107
0.28781
0.27948
0.27767
0.14596
0.20279
0.33139
0.32615
0.24192
0.27587
0.28710
0.27078
0.20890
0.18604
0.28473
0.28618
0.27745
0.26266
0.16820
0.29950
0.31785
0.25048
0.24452
0.19025
0.31167
0.27164
0.18843
0.21767
0.28957
0.30140
0.29866
0.24347
0.26585
0.35098
0.35484
0.13537
0.21807
0.31804
0.27348
0.26881
0.29029
0.33320
0.24440
0.22406
0.19801
0.24671
0.27589
0.35263
0.30017
0.29437
0.26853
0.23713
0.27818
0.26409
0.28563
0.18279
0.32860
0.21518
0.25328
0.35375
0.29411
0.23495
0.20155
0.25824
0.30117
0.31685
0.33836
0.25003
0.26904
0.18953
0.24049
0.31650
0.10750
0.25351
0.20730
0.22038
0.28035
0.23294
0.27192
0.24854
0.25575
0.20289
0.23382
0.22933
0.33592
0.28702
0.24357
0.18618
0.28190
0.25656
0.20360
0.19263
0.32134
0.29996
0.32032
0.25127
0.21796
0.27592
0.24633
0.23875
0.28830
0.17182
0.31366
0.22669
0.33817
0.27851
0.29899
0.34958
0.27707
0.19749
0.30046
0.20251
0.21035
0.28760
0.20069
0.27673
0.31096
0.27011
0.31868
0.37912
0.30338
0.32115
0.28326
0.29108
0.29916
0.36467
0.21560
0.25640
0.32536
0.31868
0.29129
0.32323
0.38774
0.21445
0.26585
0.33501
0.22484
0.32184
0.33145
0.23419
0.23498
0.34985
0.23968
0.26668
0.28450
0.24427
0.24745
0.21604
0.24702
0.25848
0.27878
0.27573
0.30466
0.25901
0.30732
0.28126
0.29539
0.27703
0.26845
0.13901
0.30695
0.31866
0.34592
0.26824
0.30241
0.36380
0.36798
0.24382
0.18051
0.27262
0.38489
0.28294
0.25282
0.30704
0.34124
0.25192
0.18071
0.34722
0.23069
0.27705
0.22428
0.32571
0.37982
0.45886
0.31420
0.28949
0.27533
0.38064
0.30079
0.30684
0.26751
0.35109
0.28516
0.18610
0.33924
0.44524
0.26154
0.41845
0.38792
0.21697
0.29442
0.35580
0.26681
0.29096
0.23195
0.26344
0.17704
0.28876
0.25130
0.29340
0.29346
0.36588
0.24152
0.27184
0.24989
0.19080
0.20809
0.38253
0.23700
0.13527
0.33412
0.18077
0.17596
0.41104
0.17065
0.25063
0.22736
0.26251
0.21456
0.42807
0.20485
0.31211
0.37261
0.22304
0.22106
0.23037
0.26392
0.21546
0.35167
0.17808
0.36911
0.35261
0.20377
0.24816
0.19735
0.32488
0.26584
0.20236
0.34329
0.41325
0.33447
0.28163
0.36784
0.36376
0.18143
0.27486
0.28175
0.40270
0.21293
0.22629
0.22946
0.37399
0.23973
0.26516
0.22885
0.32988
0.37537
0.25368
0.27425
0.29953
0.28631
0.26995
0.23288
0.36092
0.25139
0.24930
0.27114
0.28943
0.35403
0.26284
0.30084
0.24759
0.32767
0.27772
0.21475
0.30099
0.24136
0.21124
0.27345
0.18401
0.29346
0.19384
0.04072
0.16138
0.10198
0.26610
0.26209
0.23758
0.23526
0.34765
0.16665
0.06945
0.17020
0.03074
0.30724
0.26463
0.18984
0.26447
0.07042
0.10781
0.15744
0.17462
0.07265
0.13322
0.23213
0.26299
0.18580
0.21508
0.27262
0.04253
0.30998
0.18939
0.03469
0.05816
0.17191
0.28878
0.10302
0.22058
0.23588
0.32887
0.06617
0.06325
0.03261
0.09950
0.21369
0.11567
0.06327
0.15960
0.29513
0.16611
0.26980
0.20361
0.05898
0.27899
0.06425
0.08212
0.24588
0.17025
0.19920
0.04771
0.09056
0.20767
0.18815
0.23861
0.27265
0.03837
0.05468
0.19019
0.21182
0.22280
0.17189
0.13652
0.14092
0.20344
0.09809
0.24249
0.21066
0.07018
0.15115
0.11760
0.07653
0.04878
0.23071
0.10161
0.20517
0.27093
0.22548
0.20773
0.35536
0.20112
0.21611
0.14695
0.21888
0.22814
0.04449
0.23683
0.07471
0.04781
0.21354
0.21255
0.27555
0.22463
0.03892
0.06843
0.18133
0.22193
0.22431
0.30301
0.06317
0.24219
0.28656
0.06298
0.22429
0.10927
0.06252
0.02400
0.17398
0.06505
0.13794
0.25532
0.30784
0.11400
0.11936
0.02120
0.10237
0.06730
0.23549
