0.07801
0.09568
0.07369
0.27286
0.11508
0.14467
0.20588
0.17487
0.16591
0.05918
0.19390
0.14286
0.21219
0.12016
0.15612
0.23255
0.13933
0.13665
0.05747
0.13401
0.30525
0.15753
0.15353
0.03950
0.25392
0.18229
0.13721
0.25990
0.10283
0.20598
0.14505
0.29232
0.14433
0.10197
0.08027
0.08951
0.11395
0.12132
0.12628
0.16416
0.26640
0.25524
0.14037
0.14394
0.28945
0.22755
0.19031
0.21528
0.20056
0.14527
0.09610
0.15186
0.12692
0.29828
0.09182
0.21684
0.16940
0.14034
0.14855
0.09172
0.28086
0.30121
0.11068
0.19242
0.28126
0.31893
0.04599
0.15552
0.11020
0.08213
0.11724
0.30662
0.30018
0.19059
0.25101
0.15617
0.09942
0.04253
0.26453
0.14080
0.31823
0.18494
0.31728
0.28634
0.26593
0.35115
0.09371
0.10392
0.15375
0.26283
0.32906
0.18246
0.07660
0.22973
0.07893
0.19134
0.22247
0.22338
0.18291
0.17598
0.09254
0.20042
0.09891
0.11364
0.22701
0.29183
0.15412
0.15396
0.16153
0.28434
0.03205
0.27746
0.12695
0.16835
0.11025
0.19804
0.26287
0.04127
0.06067
0.22069
0.25006
0.08630
0.29321
0.02095
0.10202
0.14412
0.26685
0.27678
0.23154
0.25841
0.11699
0.13199
0.30607
0.33933
0.11199
0.14573
0.07827
0.28964
0.25948
0.06092
0.18906
0.07840
0.29897
0.17999
0.13639
0.24751
0.11193
0.35003
0.18721
0.09064
0.13174
0.25953
0.09938
0.31050
0.28744
0.32497
0.14493
0.18540
0.15081
0.19509
0.24640
0.25649
0.28038
0.32483
0.08885
0.13621
0.28371
0.27406
0.11048
0.23895
0.06413
0.28915
0.24953
0.05121
0.08914
0.20128
0.07604
0.04565
0.19408
0.28263
0.10183
0.10158
0.26121
0.18122
0.12099
0.17671
0.22697
0.24034
0.27248
0.22048
0.12277
0.07484
0.07059
0.17934
0.12313
0.22708
0.20266
0.21899
0.10187
0.28173
0.24632
0.11940
0.23381
0.12020
0.05485
0.20252
0.12433
0.21855
0.26502
0.13440
0.26651
0.23145
0.10180
0.26107
0.24556
0.26738
0.11414
0.28012
0.20375
0.33867
0.12315
0.23077
0.08887
0.07010
0.06374
0.05962
0.19621
0.21525
0.16452
0.05428
0.24643
0.12680
0.25232
0.14135
0.05942
0.27990
0.11693
0.05144
0.10529
0.26981
0.08824
0.28106
0.10812
0.10343
0.12589
0.23216
0.10947
0.06009
0.13407
0.10096
0.10034
0.15859
0.13127
0.26162
0.12651
0.15787
0.19798
0.07483
0.07001
0.12561
0.22403
0.18599
0.19238
0.19965
0.16887
0.23931
0.27460
0.10487
0.17886
0.06297
0.08941
0.11654
0.06656
0.04744
0.37531
0.21269
0.08601
0.20897
0.16740
0.06466
0.16765
0.33190
0.13384
0.11831
0.31056
0.12098
0.20100
0.17896
0.14817
0.16708
0.12289
0.11113
0.23182
0.24283
0.20212
0.09523
0.17737
0.12763
0.20805
0.17433
0.32801
0.30224
0.26462
0.18298
0.17028
0.27751
0.31497
0.34330
0.03769
0.25843
0.15112
0.28054
0.16945
0.13668
0.13825
0.12835
0.09748
0.18827
0.22233
0.08409
0.06370
0.04326
0.28387
0.17999
0.26059
0.20873
0.22494
0.22909
0.17471
0.06749
0.24838
0.24706
0.34431
0.22578
0.33395
0.21114
0.25064
0.29489
0.26219
0.29030
0.06306
0.07293
0.11410
0.23095
0.09460
0.04764
0.21602
0.11959
0.22926
0.11008
0.18883
0.10436
0.25589
0.27447
0.24345
0.24546
0.32044
0.14004
0.14283
0.32580
0.07781
0.20653
0.09249
0.10121
0.24191
0.04570
0.26219
0.34601
0.06203
0.09750
0.11770
0.23618
0.09507
0.06359
0.07046
0.08470
0.06717
0.10105
0.19293
0.08704
0.29008
0.19078
0.22897
0.08814
0.18840
0.29063
0.17028
0.27269
0.35337
0.16884
0.27325
0.29835
0.28446
0.29998
0.29785
0.23170
0.34805
0.23511
0.23705
0.25992
0.23411
0.29264
0.17837
0.37079
0.32676
0.26869
0.22410
0.24413
0.23137
0.33807
0.27282
0.21490
0.30423
0.32811
0.19440
0.24786
0.32233
0.26229
0.24689
0.24907
0.28752
0.32675
0.23891
0.21748
0.34469
0.22218
0.22061
0.29665
0.17708
0.29145
0.34383
0.26937
0.27360
0.28430
0.26252
0.22637
0.27636
0.32639
0.19187
0.25701
0.31058
0.24149
0.27704
0.27250
0.17829
0.28617
0.26155
0.27467
0.31199
0.30651
0.26276
0.19138
0.26620
0.34821
0.15641
0.26499
0.17274
0.15695
0.20724
0.35651
0.30506
0.30510
0.16182
0.35355
0.26227
0.29132
0.36358
0.30756
0.27505
0.28643
0.21330
0.24773
0.19059
0.35910
0.26660
0.22371
0.16043
0.31720
0.19228
0.24983
0.27883
0.24760
0.34784
0.32603
0.21288
0.32106
0.28276
0.15393
0.15588
0.27325
0.19490
0.19685
0.14349
0.30166
0.35218
0.26660
0.24627
0.24407
0.29270
0.21798
0.27323
0.23441
0.26323
0.21196
0.27689
0.25632
0.22361
0.16577
0.33931
0.30286
0.14245
0.29577
0.33317
0.22553
0.33976
0.32550
0.22468
0.25644
0.21078
0.29124
0.28822
0.24642
0.26427
0.24128
0.15409
0.28873
0.20219
0.27944
0.21728
0.26279
0.30568
0.28122
0.20901
0.24897
0.27927
0.22065
0.28056
0.20453
0.24135
0.22694
0.24292
0.17036
0.29969
0.32310
0.31770
0.21450
0.18858
0.31674
0.20715
0.15664
0.18827
0.27866
0.29226
0.18344
0.18092
0.27284
0.24542
0.19738
0.14496
0.23963
0.25832
0.20198
0.26138
0.21934
0.28301
0.19119
0.19978
0.26364
0.24583
0.17513
0.29133
0.25837
0.27017
0.35039
0.18594
0.28957
0.20621
0.34711
0.32795
0.22521
0.27206
0.25869
0.27471
0.19591
0.29284
0.27218
0.22004
0.30307
0.26561
0.33908
0.22479
0.26561
0.19969
0.35119
0.22535
0.27217
0.22975
0.20591
0.27700
0.26298
0.22117
0.22237
0.24124
0.29390
0.18873
0.28108
0.21364
0.25040
0.29678
0.28770
0.27881
0.14083
0.20188
0.31669
0.34287
0.23336
0.25995
0.28566
0.26727
0.25069
0.18007
0.29613
0.28689
0.25030
0.24954
0.22137
0.25692
0.31128
0.25536
0.24070
0.20601
0.33493
0.25258
0.16390
0.20521
0.28355
0.28366
0.26156
0.24614
0.22444
0.34630
0.34680
0.15180
0.21839
0.30833
0.26789
0.25687
0.28584
0.34363
0.24061
0.20675
0.21623
0.24329
0.23542
0.35887
0.29918
0.27672
0.26663
0.22986
0.24879
0.29792
0.27912
0.17400
0.33598
0.20836
0.24086
0.34587
0.29567
0.22975
0.23977
0.24109
0.29477
0.30861
0.33833
0.26697
0.26634
0.19457
0.29513
0.31235
0.13417
0.22609
0.17790
0.19836
0.26779
0.21009
0.27231
0.24460
0.21628
0.21382
0.21292
0.24047
0.34411
0.24922
0.23510
0.19001
0.29285
0.25004
0.21414
0.17203
0.33882
0.30308
0.31261
0.24402
0.21055
0.25900
0.24160
0.19879
0.27034
0.17165
0.33074
0.25771
0.34809
0.26223
0.30679
0.35906
0.26501
0.23564
0.27761
0.17044
0.21191
0.27471
0.20661
0.27590
0.31270
0.24857
0.27830
0.37169
0.31924
0.32026
0.25601
0.31619
0.27146
0.35071
0.23571
0.26258
0.31293
0.33072
0.27912
0.31811
0.38616
0.23881
0.24204
0.30848
0.22113
0.32659
0.30425
0.23478
0.24663
0.35734
0.23280
0.26091
0.28775
0.25771
0.24228
0.23034
0.24519
0.25188
0.28115
0.29329
0.28446
0.24549
0.28186
0.26379
0.28756
0.26915
0.27489
0.14003
0.29742
0.29894
0.37331
0.29882
0.30492
0.39199
0.36729
0.26701
0.19728
0.29730
0.39035
0.28216
0.22597
0.30127
0.34157
0.24297
0.20533
0.34467
0.22872
0.27266
0.22246
0.34208
0.36042
0.42483
0.30367
0.29073
0.25590
0.38571
0.31734
0.32347
0.28830
0.35415
0.24817
0.15889
0.33864
0.45150
0.25511
0.38706
0.39116
0.20316
0.27051
0.34799
0.31084
0.30106
0.24904
0.26197
0.21911
0.29699
0.28726
0.32546
0.31941
0.36965
0.24928
0.25394
0.23728
0.19496
0.25688
0.36106
0.23177
0.14681
0.32854
0.17091
0.19638
0.38412
0.17631
0.27300
0.21315
0.24076
0.23061
0.42929
0.19876
0.30950
0.39770
0.23802
0.21323
0.22750
0.26660
0.22603
0.33575
0.20537
0.35939
0.35322
0.21607
0.24081
0.22870
0.34917
0.26712
0.22549
0.36614
0.41792
0.30523
0.27860
0.32461
0.34231
0.20156
0.24212
0.30216
0.38624
0.21834
0.22877
0.22348
0.35840
0.27241
0.25546
0.28199
0.32776
0.36091
0.24542
0.27416
0.31921
0.30296
0.24714
0.22738
0.36131
0.28447
0.25391
0.27914
0.27746
0.33371
0.25460
0.27899
0.24986
0.31913
0.26060
0.21940
0.30140
0.29181
0.20189
0.26881
0.22230
0.32401
0.22853
0.05811
0.17007
0.22795
0.23918
0.21806
0.21169
0.24637
0.29909
0.19138
0.06039
0.24781
0.05324
0.31037
0.26148
0.20141
0.26565
0.08788
0.14331
0.17370
0.20442
0.11118
0.05111
0.22936
0.22646
0.16815
0.20887
0.24539
0.11469
0.32720
0.18877
0.04254
0.10657
0.12383
0.30118
0.11280
0.25069
0.21928
0.28613
0.08960
0.06352
0.07325
0.08547
0.22430
0.09512
0.14943
0.23219
0.30816
0.15037
0.24383
0.21162
0.05765
0.30937
0.07784
0.04905
0.28796
0.19366
0.27297
0.03745
0.03173
0.21384
0.18698
0.27569
0.25766
0.02906
0.12715
0.22193
0.21460
0.24933
0.15890
0.10681
0.19298
0.22610
0.07554
0.23397
0.24223
0.09011
0.09919
0.12606
0.09540
0.07472
0.25383
0.13604
0.19025
0.25918
0.27960
0.18226
0.27705
0.23521
0.25451
0.16117
0.16124
0.19839
0.01276
0.28989
0.12457
0.05588
0.21503
0.22358
0.30479
0.24851
0.06705
0.09758
0.16016
0.23955
0.25508
0.29240
0.11501
0.21838
0.32662
0.22503
0.24472
0.11006
0.03858
0.06752
0.14908
0.06892
0.06136
0.25380
0.25131
0.09844
0.14876
0.03523
0.11239
0.09599
0.22477
