0.16598
0.10431
0.13470
0.25009
0.13952
0.13523
0.23435
0.17422
0.22177
0.08405
0.23855
0.16425
0.17978
0.11996
0.16063
0.21461
0.14918
0.15930
0.14033
0.13391
0.27731
0.15358
0.21508
0.10700
0.23128
0.19188
0.16392
0.26063
0.12587
0.17288
0.19309
0.27394
0.14570
0.09434
0.09567
0.09260
0.11912
0.14996
0.12467
0.18868
0.30809
0.25953
0.13775
0.17317
0.30182
0.25483
0.19717
0.30111
0.21132
0.20003
0.10109
0.17489
0.13298
0.30946
0.09581
0.24914
0.24278
0.17047
0.18095
0.13330
0.27440
0.27819
0.16782
0.17777
0.26250
0.29837
0.07966
0.19749
0.14659
0.08522
0.14358
0.32033
0.26670
0.18458
0.26836
0.18095
0.13103
0.06322
0.23684
0.17818
0.28740
0.21657
0.30786
0.27456
0.28532
0.37296
0.08978
0.08623
0.18331
0.25144
0.32929
0.20092
0.08928
0.27408
0.17945
0.17990
0.19017
0.23194
0.20685
0.18712
0.10420
0.17789
0.12174
0.13601
0.24591
0.28843
0.19972
0.15574
0.25183
0.30350
0.03513
0.25768
0.13388
0.24800
0.11422
0.17427
0.25920
0.08859
0.09537
0.19387
0.25113
0.16142
0.27268
0.05802
0.15884
0.16408
0.32237
0.29821
0.22468
0.26631
0.16623
0.16943
0.31890
0.33913
0.11935
0.17911
0.12024
0.29293
0.24120
0.08860
0.19841
0.10851
0.30158
0.19992
0.13944
0.30502
0.12817
0.32102
0.21199
0.09266
0.19264
0.27134
0.10819
0.31084
0.26662
0.31669
0.15998
0.21489
0.14278
0.23334
0.29296
0.25803
0.28234
0.32957
0.11143
0.16969
0.29330
0.30773
0.10459
0.24790
0.09632
0.26886
0.26923
0.07170
0.12930
0.23277
0.10215
0.08636
0.18074
0.29309
0.09973
0.11242
0.22704
0.22705
0.12089
0.17657
0.24909
0.25600
0.25381
0.23715
0.15465
0.08863
0.10792
0.18380
0.15340
0.27130
0.23141
0.17622
0.15706
0.26913
0.22048
0.13965
0.25832
0.13627
0.07242
0.26518
0.14168
0.24549
0.27371
0.15397
0.22339
0.24844
0.18893
0.26265
0.28752
0.24361
0.12241
0.30165
0.22788
0.35654
0.15197
0.24827
0.15499
0.13686
0.18178
0.09836
0.21916
0.17848
0.18222
0.08208
0.25164
0.11844
0.28624
0.20184
0.08161
0.28249
0.11677
0.08722
0.12444
0.27991
0.08370
0.28422
0.15392
0.12712
0.13843
0.23518
0.10836
0.07131
0.15541
0.11481
0.11266
0.19914
0.15723
0.25788
0.12700
0.15084
0.19304
0.12333
0.10307
0.11914
0.19976
0.19387
0.22855
0.20811
0.21478
0.27463
0.23651
0.09081
0.19941
0.07082
0.16508
0.12078
0.12045
0.09830
0.33301
0.21842
0.09977
0.24136
0.21580
0.10877
0.14940
0.29677
0.14809
0.10063
0.30982
0.10876
0.17754
0.24113
0.19508
0.21254
0.13950
0.13187
0.24008
0.24043
0.19958
0.10387
0.20950
0.22555
0.20740
0.19269
0.32277
0.28662
0.30353
0.20549
0.11008
0.26307
0.31304
0.35765
0.06174
0.25689
0.13091
0.30831
0.17943
0.13662
0.17791
0.20267
0.12918
0.18333
0.23666
0.11807
0.16968
0.10776
0.26532
0.22824
0.29093
0.21438
0.24007
0.24821
0.18160
0.12756
0.23934
0.22461
0.38071
0.29610
0.32226
0.25999
0.23316
0.30454
0.30174
0.26658
0.08598
0.09802
0.15692
0.23188
0.14433
0.12747
0.23911
0.19509
0.26874
0.13365
0.19427
0.13058
0.27154
0.27325
0.26954
0.22170
0.27421
0.18210
0.13691
0.32148
0.10376
0.21895
0.12463
0.13014
0.19748
0.07015
0.24524
0.30895
0.07170
0.14429
0.15537
0.23562
0.11441
0.08807
0.08051
0.13419
0.12203
0.17865
0.19045
0.15377
0.29526
0.22807
0.21044
0.09818
0.20721
0.29638
0.20461
0.27728
0.34116
0.16476
0.28982
0.30690
0.27554
0.29218
0.29081
0.22088
0.35184
0.25845
0.24972
0.23499
0.23440
0.27384
0.21415
0.35751
0.33215
0.29446
0.23688
0.26115
0.25201
0.35411
0.28328
0.23941
0.30442
0.32944
0.19605
0.25328
0.32033
0.26346
0.24584
0.25462
0.27954
0.31238
0.24639
0.22580
0.32805
0.24831
0.22791
0.32363
0.20203
0.31085
0.34741
0.27987
0.28439
0.27659
0.25739
0.22835
0.28994
0.33973
0.20161
0.25843
0.33513
0.24862
0.28159
0.29719
0.17991
0.28096
0.24372
0.28709
0.32214
0.30429
0.26846
0.19705
0.29873
0.34244
0.16170
0.28378
0.17976
0.20954
0.21652
0.37474
0.30895
0.31652
0.15220
0.35730
0.27656
0.26606
0.36923
0.31706
0.25894
0.28850
0.24820
0.27677
0.21414
0.34553
0.29367
0.22233
0.15814
0.32530
0.21650
0.26011
0.29502
0.23560
0.35464
0.32119
0.20538
0.33925
0.31698
0.17691
0.21338
0.26134
0.18126
0.20862
0.16071
0.30582
0.34622
0.27057
0.25547
0.24829
0.28180
0.21882
0.25507
0.23732
0.26367
0.21531
0.27410
0.27394
0.22192
0.18169
0.34879
0.30108
0.18005
0.34224
0.32971
0.25595
0.36620
0.31975
0.20868
0.26823
0.22232
0.30069
0.30173
0.26121
0.28591
0.23187
0.14454
0.30281
0.21288
0.28914
0.20578
0.25289
0.29218
0.27525
0.19335
0.24847
0.27540
0.21788
0.23732
0.19753
0.24005
0.22810
0.24376
0.21075
0.29878
0.32406
0.32890
0.21651
0.20576
0.32089
0.21848
0.16543
0.18544
0.26325
0.31377
0.17503
0.19128
0.30857
0.26488
0.16861
0.16391
0.24122
0.27511
0.18397
0.27337
0.25585
0.29695
0.19258
0.20698
0.27201
0.26442
0.18525
0.26424
0.25868
0.25477
0.38359
0.18640
0.28468
0.22088
0.36079
0.31926
0.24807
0.27701
0.27231
0.25718
0.21350
0.32360
0.27049
0.22501
0.28609
0.27628
0.33510
0.23802
0.29715
0.22155
0.34226
0.17349
0.22855
0.22974
0.24183
0.29142
0.27229
0.24164
0.26591
0.22502
0.30684
0.20083
0.31565
0.23522
0.24833
0.28304
0.28474
0.29251
0.15164
0.18903
0.33798
0.33490
0.22917
0.25141
0.25660
0.26779
0.25680
0.18672
0.29752
0.26739
0.23369
0.26772
0.21468
0.29257
0.30675
0.26281
0.25174
0.23813
0.32668
0.25815
0.15429
0.21579
0.28981
0.27131
0.26732
0.27416
0.24073
0.32863
0.35565
0.15502
0.22049
0.32184
0.27065
0.22054
0.30286
0.33460
0.23633
0.19524
0.20287
0.24822
0.24520
0.34906
0.29394
0.29876
0.27235
0.23679
0.26188
0.30850
0.27642
0.16315
0.33527
0.17867
0.25157
0.35053
0.29855
0.25844
0.25046
0.23404
0.29773
0.32720
0.33358
0.26929
0.27277
0.22067
0.29169
0.31393
0.13856
0.22433
0.21292
0.21793
0.27756
0.23310
0.23943
0.24904
0.25706
0.23069
0.20796
0.23869
0.34749
0.27237
0.22456
0.20203
0.29126
0.24546
0.20247
0.18239
0.32108
0.28477
0.34639
0.26074
0.25618
0.27878
0.23993
0.22467
0.28725
0.19293
0.33857
0.24670
0.34402
0.28522
0.31769
0.34770
0.25524
0.23589
0.27804
0.18413
0.22015
0.25174
0.20205
0.28701
0.31563
0.27330
0.32190
0.37555
0.31722
0.33062
0.27367
0.31153
0.30060
0.36235
0.25831
0.26938
0.33126
0.32478
0.26563
0.32745
0.40378
0.22811
0.20837
0.30803
0.23241
0.31788
0.32306
0.22641
0.26427
0.34189
0.24047
0.24599
0.29690
0.26298
0.24961
0.20752
0.27182
0.28353
0.27385
0.31650
0.29406
0.20975
0.28025
0.28192
0.29441
0.25816
0.27579
0.13637
0.32456
0.31058
0.36882
0.32042
0.28257
0.39255
0.41035
0.24057
0.20383
0.29978
0.39228
0.29830
0.23638
0.30490
0.34970
0.25546
0.20465
0.34288
0.25141
0.27400
0.24308
0.32884
0.37240
0.43748
0.25847
0.28197
0.22048
0.37724
0.28021
0.30254
0.29580
0.33121
0.25567
0.18986
0.31391
0.44432
0.27403
0.39738
0.40968
0.18954
0.27920
0.34699
0.31469
0.30150
0.24668
0.26566
0.17382
0.30606
0.29116
0.28107
0.32689
0.37914
0.27087
0.28520
0.25524
0.20740
0.24857
0.39514
0.24190
0.14435
0.35281
0.16252
0.21572
0.38562
0.16897
0.27123
0.22547
0.26468
0.23322
0.42589
0.20466
0.33201
0.39040
0.22950
0.22931
0.23666
0.25712
0.20383
0.34080
0.22106
0.37081
0.34192
0.26296
0.24092
0.20681
0.35048
0.26913
0.21741
0.37155
0.42353
0.33621
0.29086
0.36958
0.36935
0.19559
0.29020
0.27418
0.38352
0.21130
0.25230
0.21586
0.36307
0.26849
0.26559
0.25403
0.31209
0.36682
0.24775
0.27175
0.33602
0.30678
0.27279
0.23679
0.38603
0.30666
0.27325
0.27627
0.28436
0.34123
0.25442
0.28259
0.26115
0.34653
0.24612
0.25050
0.30869
0.28562
0.24013
0.26695
0.22655
0.32560
0.20306
0.03745
0.15560
0.25285
0.18299
0.28233
0.22536
0.23103
0.37528
0.24629
0.05160
0.19049
0.05727
0.30290
0.26136
0.17274
0.30981
0.12387
0.16077
0.19532
0.26765
0.11841
0.15718
0.23949
0.27519
0.11673
0.20388
0.28957
0.13101
0.30266
0.22594
0.04250
0.13841
0.09287
0.27946
0.13249
0.24338
0.22016
0.30293
0.14033
0.08831
0.05412
0.16889
0.28992
0.11584
0.11319
0.23147
0.31562
0.17080
0.28049
0.19764
0.10664
0.28965
0.09650
0.09946
0.27142
0.18350
0.27097
0.12676
0.10006
0.20378
0.17830
0.26024
0.23926
0.05824
0.09456
0.16290
0.20176
0.21894
0.20224
0.14788
0.29191
0.20835
0.14058
0.26915
0.28583
0.12950
0.16969
0.16017
0.11535
0.05116
0.21769
0.22647
0.19707
0.28571
0.28023
0.17902
0.31742
0.24135
0.24196
0.20492
0.21974
0.24082
0.03583
0.25689
0.13192
0.08130
0.21646
0.25814
0.30830
0.21689
0.05555
0.12135
0.20572
0.23649
0.21821
0.19452
0.18250
0.26381
0.29763
0.15682
0.22418
0.19791
0.04138
0.10017
0.15730
0.09400
0.11610
0.30089
0.29447
0.12791
0.08591
0.03243
0.09692
0.11106
0.22818
