0.09333
0.11764
0.06023
0.27452
0.07072
0.13625
0.24298
0.17970
0.18700
0.09638
0.17887
0.13543
0.15149
0.11682
0.11107
0.23327
0.09501
0.11657
0.11009
0.18122
0.30216
0.13171
0.14758
0.02791
0.20267
0.15276
0.08953
0.24672
0.11714
0.16815
0.12595
0.21925
0.16155
0.11341
0.08459
0.10245
0.11824
0.12069
0.13630
0.17425
0.30754
0.27976
0.09943
0.12249
0.27531
0.20825
0.17584
0.24480
0.18755
0.15359
0.09777
0.14228
0.15081
0.26774
0.10813
0.22812
0.22440
0.12749
0.14069
0.09721
0.24845
0.29805
0.11561
0.24168
0.29677
0.31008
0.09341
0.21216
0.10719
0.03871
0.15899
0.29930
0.33839
0.20611
0.24790
0.13808
0.11840
0.02927
0.21298
0.15321
0.31730
0.17828
0.28731
0.28675
0.26621
0.36155
0.10283
0.10867
0.16910
0.21693
0.31353
0.20222
0.07888
0.28352
0.05598
0.16371
0.21170
0.20474
0.20703
0.14860
0.09107
0.20080
0.14245
0.11105
0.23381
0.29093
0.17808
0.17071
0.18385
0.28952
0.06902
0.27457
0.09763
0.25458
0.11603
0.12240
0.26453
0.08682
0.06245
0.15911
0.22141
0.10187
0.27315
0.02828
0.11013
0.14703
0.24526
0.26821
0.19663
0.24663
0.12882
0.12223
0.31423
0.33651
0.13336
0.15559
0.07174
0.30115
0.26312
0.05863
0.17730
0.03560
0.30264
0.19851
0.12909
0.23954
0.06623
0.36317
0.17108
0.09372
0.18104
0.25412
0.12043
0.31901
0.30916
0.32085
0.11272
0.15210
0.14678
0.18735
0.27276
0.28454
0.27745
0.33811
0.10475
0.10194
0.30545
0.27503
0.05557
0.26938
0.03265
0.24515
0.24480
0.04422
0.10725
0.24125
0.09050
0.07062
0.19915
0.27944
0.08337
0.10681
0.21525
0.14397
0.10451
0.20544
0.22589
0.24701
0.27092
0.18814
0.14264
0.05174
0.07249
0.13583
0.14901
0.26259
0.22932
0.16321
0.10872
0.28356
0.22025
0.09086
0.20892
0.13301
0.05880
0.20257
0.09927
0.18954
0.24496
0.14237
0.25561
0.22915
0.08840
0.27913
0.23980
0.23614
0.14587
0.23065
0.20827
0.34752
0.12045
0.21141
0.12834
0.05517
0.12045
0.04867
0.13389
0.22477
0.13792
0.09499
0.27547
0.12584
0.24580
0.12068
0.04360
0.30908
0.12024
0.05566
0.11513
0.26748
0.05808
0.31619
0.07726
0.10856
0.16181
0.23173
0.11517
0.03932
0.11122
0.09484
0.13086
0.13643
0.12452
0.26753
0.14613
0.13642
0.18682
0.04099
0.05139
0.15058
0.21377
0.15262
0.19973
0.14087
0.11549
0.24059
0.28066
0.09481
0.17678
0.03819
0.09981
0.13150
0.06608
0.04157
0.35615
0.18891
0.07441
0.19757
0.13511
0.10637
0.12733
0.34451
0.11918
0.08582
0.30145
0.13408
0.18843
0.16809
0.16641
0.16823
0.06625
0.08576
0.18345
0.22707
0.21678
0.10122
0.20887
0.15612
0.18813
0.16265
0.32932
0.26304
0.26379
0.12390
0.10770
0.29868
0.32195
0.33116
0.04338
0.27684
0.11882
0.30166
0.13756
0.08513
0.12177
0.10836
0.09532
0.23281
0.24101
0.07969
0.07932
0.09802
0.28384
0.15165
0.25368
0.15897
0.23539
0.23691
0.14422
0.04922
0.31035
0.28092
0.35905
0.22025
0.31604
0.23157
0.25498
0.30487
0.28321
0.22666
0.06435
0.11700
0.13771
0.23729
0.05552
0.08611
0.22329
0.17358
0.24169
0.11984
0.17370
0.13800
0.30436
0.26228
0.25905
0.22655
0.31324
0.13372
0.16241
0.33619
0.10136
0.19938
0.06341
0.09446
0.21764
0.10125
0.23671
0.34734
0.08908
0.07757
0.16540
0.28247
0.12791
0.05948
0.11263
0.04992
0.07563
0.10232
0.20099
0.09511
0.30079
0.13605
0.17876
0.10739
0.15920
0.28250
0.20442
0.29253
0.34355
0.19623
0.27626
0.28621
0.28167
0.31976
0.27129
0.25491
0.35453
0.26160
0.20966
0.25179
0.20018
0.29919
0.17300
0.36008
0.31340
0.23657
0.25850
0.23288
0.26748
0.33618
0.29772
0.25178
0.28581
0.32268
0.25171
0.25514
0.29815
0.27051
0.21761
0.26087
0.30206
0.27843
0.23981
0.20344
0.32677
0.25364
0.22008
0.32026
0.20475
0.28010
0.33779
0.26585
0.28766
0.31159
0.29088
0.21497
0.29453
0.31010
0.20800
0.28896
0.31995
0.27724
0.29360
0.29146
0.20381
0.29632
0.23813
0.27375
0.30864
0.27889
0.28742
0.16590
0.27223
0.33925
0.12597
0.26866
0.22772
0.18058
0.19811
0.36312
0.28499
0.30907
0.16634
0.32499
0.27334
0.25052
0.36831
0.29672
0.29588
0.29735
0.22624
0.26016
0.16192
0.34681
0.28673
0.24506
0.17200
0.30109
0.20175
0.26332
0.27922
0.24717
0.33581
0.30766
0.19225
0.30057
0.32517
0.14300
0.20263
0.30837
0.17014
0.16807
0.13835
0.28526
0.31505
0.23208
0.28210
0.23849
0.30206
0.22021
0.30426
0.27287
0.27343
0.20843
0.28370
0.29920
0.22746
0.16198
0.35049
0.25231
0.17011
0.33026
0.30593
0.25833
0.35186
0.29792
0.22329
0.27629
0.18469
0.28095
0.28782
0.26578
0.26619
0.23827
0.16169
0.31074
0.22496
0.28773
0.19623
0.28550
0.32114
0.26112
0.17408
0.22814
0.28281
0.20309
0.29485
0.18749
0.23812
0.23768
0.22149
0.24569
0.28415
0.29229
0.30700
0.24324
0.23193
0.30516
0.20601
0.21879
0.21058
0.29016
0.30946
0.14185
0.17500
0.27442
0.28795
0.22117
0.15074
0.22029
0.24673
0.21741
0.25353
0.27693
0.31401
0.15947
0.22934
0.27571
0.29284
0.18204
0.28659
0.27480
0.24195
0.35228
0.18111
0.30936
0.20156
0.34627
0.29481
0.23898
0.24794
0.27339
0.24766
0.17156
0.30992
0.29176
0.26547
0.26885
0.28107
0.33637
0.21959
0.29084
0.22501
0.33622
0.24317
0.28660
0.22783
0.23583
0.25723
0.25778
0.19370
0.24298
0.24902
0.27118
0.23503
0.29371
0.21403
0.26335
0.29734
0.27348
0.29476
0.13855
0.23699
0.32091
0.30593
0.24635
0.28582
0.29937
0.23934
0.22417
0.23107
0.29191
0.28152
0.24973
0.24162
0.18830
0.28004
0.29928
0.24441
0.26306
0.20814
0.32569
0.28719
0.21023
0.18491
0.28769
0.30462
0.30301
0.26188
0.25667
0.33507
0.33526
0.14780
0.21989
0.30519
0.25935
0.27206
0.29672
0.32518
0.22479
0.20722
0.20322
0.27190
0.28302
0.34198
0.30818
0.28744
0.28742
0.19512
0.23515
0.29891
0.28161
0.17583
0.32120
0.22841
0.24236
0.30011
0.30564
0.24017
0.21337
0.25570
0.26705
0.34254
0.32876
0.24903
0.25701
0.21008
0.28940
0.30091
0.12165
0.24666
0.17020
0.23043
0.30117
0.20961
0.27064
0.24848
0.23908
0.20502
0.23569
0.24845
0.32863
0.28136
0.27562
0.20881
0.30340
0.26517
0.21833
0.19243
0.31627
0.26583
0.34473
0.25274
0.26447
0.27620
0.26787
0.22776
0.26191
0.17421
0.32406
0.26062
0.30197
0.26743
0.27155
0.32788
0.25820
0.26605
0.30395
0.19614
0.20635
0.29358
0.25186
0.30780
0.29840
0.28414
0.31286
0.37030
0.30008
0.31977
0.24296
0.29855
0.27758
0.34834
0.26930
0.25164
0.32051
0.30452
0.28624
0.32815
0.36706
0.23449
0.28095
0.31750
0.24369
0.30199
0.31474
0.23386
0.25191
0.30821
0.23060
0.28221
0.29880
0.26177
0.26492
0.25919
0.26313
0.24676
0.28225
0.32490
0.28948
0.24394
0.29535
0.28360
0.30068
0.28318
0.28714
0.14166
0.33298
0.32246
0.35125
0.31208
0.28857
0.38170
0.37785
0.28516
0.14767
0.30621
0.34179
0.26542
0.16416
0.29513
0.32281
0.21794
0.24970
0.30004
0.24883
0.25987
0.25928
0.33087
0.33379
0.39865
0.31550
0.30275
0.27984
0.38340
0.27704
0.32202
0.30298
0.33730
0.26512
0.16066
0.32261
0.44247
0.20740
0.38523
0.38534
0.18646
0.30382
0.33763
0.31940
0.28431
0.25153
0.28529
0.23224
0.28021
0.30978
0.29123
0.28620
0.37880
0.28014
0.28719
0.21330
0.21390
0.25752
0.38653
0.22305
0.12036
0.33413
0.15354
0.18844
0.39505
0.11226
0.18945
0.20014
0.28134
0.24393
0.42634
0.16923
0.32330
0.38518
0.24920
0.21898
0.25540
0.23697
0.17750
0.35493
0.14224
0.35762
0.32112
0.25114
0.24059
0.25593
0.33581
0.28273
0.18815
0.31231
0.40562
0.31341
0.28587
0.35391
0.36520
0.23600
0.23646
0.28473
0.38835
0.15608
0.22051
0.23007
0.34067
0.27462
0.25348
0.27205
0.30117
0.35961
0.20628
0.29967
0.31299
0.28340
0.29147
0.25136
0.36137
0.30327
0.20841
0.27766
0.31143
0.31169
0.26792
0.30742
0.23364
0.29129
0.23640
0.23957
0.31107
0.29963
0.23093
0.29078
0.19759
0.34344
0.22851
0.06779
0.13376
0.21101
0.27458
0.25991
0.18248
0.29215
0.35062
0.21469
0.09164
0.21135
0.06010
0.27624
0.27405
0.20426
0.28552
0.03889
0.10618
0.19372
0.19272
0.07772
0.14286
0.23565
0.28545
0.14850
0.21431
0.29577
0.09771
0.31595
0.24051
0.06453
0.05772
0.12931
0.25454
0.14698
0.22207
0.19562
0.29792
0.10299
0.07461
0.08896
0.04415
0.29708
0.19664
0.14202
0.17498
0.30228
0.18431
0.24210
0.20772
0.04191
0.28207
0.06364
0.04255
0.26374
0.19593
0.27977
0.04176
0.07953
0.20807
0.19214
0.31445
0.26822
0.05884
0.03252
0.20257
0.22583
0.16626
0.15742
0.13266
0.29408
0.12626
0.08604
0.26397
0.28251
0.15219
0.20158
0.16552
0.06099
0.04691
0.19441
0.17478
0.20080
0.25177
0.26744
0.18924
0.31848
0.26761
0.23539
0.18878
0.20322
0.16260
0.06437
0.22083
0.13734
0.10590
0.14202
0.24002
0.27110
0.23326
0.09106
0.10348
0.15080
0.20062
0.26845
0.24734
0.10034
0.16377
0.32879
0.12011
0.24204
0.10205
0.03056
0.05122
0.08738
0.10305
0.06536
0.23611
0.30746
0.13383
0.11535
0.05996
0.06886
0.11431
0.26738
