0.11582
0.10059
0.05609
0.24411
0.07164
0.13866
0.23337
0.17061
0.16053
0.06084
0.20322
0.15766
0.15538
0.12040
0.10279
0.24734
0.16511
0.15606
0.07212
0.13021
0.29408
0.11524
0.14792
0.11134
0.25973
0.16891
0.10474
0.23330
0.07416
0.19935
0.18526
0.22791
0.13320
0.11900
0.08184
0.09752
0.11438
0.07206
0.12932
0.18765
0.28251
0.29001
0.12531
0.13296
0.29791
0.17708
0.20916
0.29294
0.20525
0.15798
0.09764
0.15434
0.14283
0.25221
0.09416
0.20884
0.19921
0.13721
0.15319
0.08891
0.26247
0.28580
0.11726
0.22567
0.26141
0.31549
0.02614
0.16597
0.12427
0.06583
0.12472
0.31238
0.26742
0.20692
0.27717
0.12922
0.11139
0.05298
0.21030
0.15532
0.31411
0.15783
0.33688
0.27124
0.25981
0.33460
0.09472
0.07825
0.12321
0.28424
0.30714
0.18038
0.09729
0.25313
0.06312
0.14813
0.24471
0.23252
0.19058
0.17185
0.09856
0.22884
0.11362
0.13009
0.22419
0.29406
0.12980
0.15568
0.11315
0.27017
0.01948
0.27057
0.05967
0.24226
0.11554
0.21466
0.26926
0.05345
0.06003
0.22347
0.22250
0.06995
0.29022
0.03596
0.09778
0.14655
0.30425
0.29616
0.15228
0.25519
0.10897
0.09798
0.24259
0.32937
0.11391
0.12725
0.06220
0.29145
0.25754
0.05613
0.16963
0.04864
0.31510
0.17390
0.13939
0.28938
0.09108
0.35541
0.20106
0.09588
0.14617
0.25241
0.10561
0.31790
0.29592
0.34779
0.12724
0.14680
0.13069
0.17436
0.23840
0.27316
0.23847
0.33687
0.10368
0.11204
0.26041
0.26841
0.08069
0.29390
0.05166
0.24164
0.20321
0.06437
0.11370
0.21965
0.08355
0.09375
0.21128
0.27478
0.10282
0.10171
0.19463
0.18179
0.10363
0.16522
0.23411
0.25707
0.27382
0.20010
0.14130
0.04186
0.07202
0.15410
0.18805
0.23509
0.15956
0.18656
0.10367
0.25982
0.26260
0.12728
0.23432
0.17703
0.04775
0.23751
0.08404
0.20338
0.26809
0.08750
0.24069
0.24462
0.09899
0.26336
0.24554
0.27495
0.12602
0.19945
0.22524
0.34668
0.14193
0.18729
0.15437
0.06236
0.09244
0.06129
0.16588
0.17462
0.14463
0.06566
0.21436
0.11089
0.27645
0.14347
0.07883
0.24932
0.11041
0.02890
0.10566
0.27373
0.09931
0.31297
0.10892
0.10798
0.14186
0.22665
0.11090
0.06489
0.16418
0.11300
0.09623
0.09968
0.11757
0.24415
0.15236
0.15748
0.19428
0.12893
0.04613
0.13520
0.23461
0.17564
0.22836
0.14399
0.15931
0.26179
0.29413
0.09406
0.20969
0.05318
0.07330
0.13031
0.09138
0.02282
0.32569
0.21466
0.11203
0.20335
0.16247
0.05826
0.13559
0.33894
0.12553
0.08143
0.31537
0.12119
0.23169
0.18821
0.19643
0.15179
0.09500
0.10685
0.23545
0.24799
0.17006
0.10141
0.21388
0.16357
0.19327
0.17609
0.33770
0.30692
0.26239
0.12485
0.11134
0.29042
0.29816
0.34082
0.04203
0.28519
0.13464
0.25419
0.17542
0.10590
0.14546
0.11665
0.10430
0.16006
0.23780
0.07990
0.08086
0.07855
0.24701
0.16808
0.23636
0.16340
0.25540
0.26618
0.13743
0.07215
0.24940
0.28323
0.35213
0.21297
0.31254
0.23851
0.26045
0.28249
0.26404
0.26810
0.06059
0.07159
0.16473
0.19645
0.05909
0.03677
0.21753
0.15694
0.26276
0.10373
0.17415
0.10659
0.25941
0.25168
0.23693
0.23268
0.31345
0.17120
0.15743
0.32494
0.05600
0.25091
0.07734
0.05221
0.21858
0.06910
0.26088
0.32395
0.08091
0.06816
0.14595
0.24981
0.10707
0.04758
0.08582
0.05615
0.06106
0.11379
0.22342
0.07427
0.25902
0.16080
0.21468
0.10971
0.16802
0.29424
0.19808
0.28578
0.34056
0.16902
0.25051
0.28780
0.30747
0.30066
0.27207
0.26390
0.34362
0.27129
0.26328
0.25863
0.20852
0.29064
0.19554
0.36197
0.31176
0.26084
0.25819
0.26410
0.25829
0.35140
0.28111
0.22963
0.31261
0.32021
0.22984
0.26747
0.30762
0.27336
0.24745
0.25645
0.30038
0.30289
0.27113
0.22131
0.33831
0.27314
0.22199
0.31411
0.19625
0.31619
0.33217
0.29143
0.28774
0.31558
0.27990
0.25971
0.30218
0.31891
0.21142
0.26693
0.30879
0.25971
0.30186
0.30527
0.21629
0.29073
0.27296
0.26541
0.30508
0.28454
0.27242
0.18534
0.28314
0.33525
0.13522
0.29563
0.22039
0.19886
0.19035
0.36373
0.31281
0.31526
0.17864
0.34352
0.27355
0.27181
0.36789
0.30755
0.28771
0.29366
0.24055
0.26484
0.19996
0.34041
0.29640
0.24175
0.18175
0.33103
0.21817
0.26786
0.28070
0.25380
0.34660
0.31652
0.20277
0.30736
0.31063
0.14755
0.20787
0.29898
0.18748
0.20655
0.17387
0.27350
0.34626
0.25342
0.27483
0.24460
0.28828
0.20792
0.30490
0.28241
0.27710
0.20876
0.28324
0.28517
0.21691
0.16953
0.35388
0.29472
0.21290
0.27191
0.31429
0.26473
0.35460
0.29372
0.23373
0.27793
0.19688
0.27613
0.31286
0.25195
0.26779
0.22519
0.16292
0.32277
0.22061
0.28801
0.22410
0.27492
0.30491
0.26591
0.20515
0.23668
0.30159
0.21586
0.29218
0.19344
0.25025
0.24306
0.23932
0.21938
0.32033
0.31164
0.31684
0.24892
0.21239
0.32040
0.21487
0.19740
0.22792
0.28453
0.28452
0.14534
0.19438
0.29622
0.28762
0.20672
0.16518
0.22984
0.27895
0.18250
0.26636
0.25400
0.31385
0.13964
0.23946
0.27538
0.29181
0.19326
0.26395
0.25635
0.25318
0.37745
0.19839
0.29851
0.22124
0.35841
0.29967
0.24985
0.26640
0.28567
0.26669
0.19486
0.29342
0.28278
0.25638
0.26979
0.28652
0.33041
0.23965
0.28606
0.22169
0.33611
0.22296
0.28100
0.23504
0.26017
0.27443
0.26790
0.19124
0.26698
0.24304
0.32695
0.22806
0.31589
0.23861
0.27085
0.28001
0.26854
0.28700
0.14906
0.23723
0.32021
0.32152
0.24076
0.27715
0.30275
0.26959
0.24557
0.22393
0.28832
0.30353
0.26444
0.25243
0.18821
0.28872
0.29780
0.26085
0.24781
0.23438
0.32481
0.28512
0.19765
0.19097
0.28867
0.26448
0.29868
0.27002
0.25058
0.34448
0.33849
0.15321
0.23470
0.29675
0.28121
0.29222
0.32103
0.33269
0.23196
0.20697
0.20094
0.25283
0.27578
0.34732
0.28611
0.28475
0.29067
0.23765
0.26797
0.27473
0.27354
0.18655
0.31442
0.20979
0.25244
0.32460
0.29246
0.24704
0.23513
0.25623
0.29319
0.32237
0.32777
0.24530
0.26323
0.19313
0.31782
0.30150
0.13884
0.25769
0.21904
0.23259
0.28916
0.24788
0.26709
0.26236
0.24746
0.19727
0.22807
0.23395
0.33225
0.25466
0.26816
0.20373
0.28470
0.24767
0.23325
0.20433
0.30236
0.26301
0.33313
0.24549
0.24035
0.26730
0.25937
0.23805
0.27223
0.18831
0.30291
0.25860
0.32139
0.28272
0.27470
0.33317
0.29003
0.25241
0.31273
0.18386
0.23212
0.28363
0.23381
0.28982
0.30181
0.26118
0.31806
0.36751
0.27453
0.33197
0.27825
0.28971
0.29869
0.34276
0.24805
0.28028
0.30994
0.32235
0.28655
0.30935
0.37523
0.23922
0.25136
0.33309
0.24717
0.31229
0.33629
0.25060
0.25773
0.34431
0.23218
0.24281
0.29360
0.25748
0.22938
0.24746
0.26334
0.26787
0.29851
0.32488
0.28942
0.20650
0.30020
0.27878
0.28972
0.27669
0.26836
0.13701
0.31577
0.33127
0.35607
0.31258
0.31032
0.38135
0.41422
0.29163
0.19471
0.31489
0.38307
0.27693
0.19039
0.31083
0.34822
0.25941
0.25234
0.33168
0.22039
0.26047
0.23014
0.33875
0.36491
0.42223
0.30180
0.29944
0.27210
0.37487
0.30797
0.31945
0.28600
0.35122
0.28040
0.17958
0.30754
0.44920
0.25996
0.40420
0.40757
0.21789
0.29061
0.35639
0.28342
0.29274
0.21562
0.29385
0.20349
0.28310
0.30041
0.30361
0.29964
0.38267
0.28525
0.28692
0.26577
0.17654
0.27587
0.38844
0.21361
0.14705
0.34597
0.16340
0.23414
0.39878
0.17605
0.26604
0.23531
0.29163
0.24872
0.43724
0.21405
0.33281
0.39368
0.25016
0.22466
0.25626
0.26208
0.20880
0.32325
0.19863
0.37984
0.35037
0.26035
0.24759
0.25053
0.35243
0.28473
0.20614
0.33800
0.41629
0.30955
0.30354
0.33807
0.36146
0.21925
0.29671
0.28775
0.40077
0.21798
0.24565
0.24083
0.35318
0.29187
0.24029
0.27696
0.33214
0.36363
0.27672
0.29745
0.32001
0.29134
0.30027
0.26640
0.39308
0.28225
0.29296
0.27988
0.29645
0.33744
0.26936
0.31404
0.25279
0.33400
0.26560
0.23504
0.30106
0.26734
0.22885
0.26519
0.21993
0.31577
0.20193
0.05519
0.11744
0.16015
0.18227
0.29066
0.20978
0.23352
0.33406
0.21038
0.07609
0.21868
0.04860
0.32692
0.26979
0.17507
0.28748
0.07752
0.15157
0.16581
0.24536
0.07087
0.11113
0.24565
0.28228
0.20601
0.21209
0.28678
0.06288
0.33713
0.25664
0.06419
0.08026
0.11829
0.30169
0.17602
0.21510
0.23160
0.30530
0.05138
0.08004
0.04922
0.08967
0.25605
0.07416
0.11033
0.17007
0.30888
0.18410
0.30006
0.21641
0.07104
0.28711
0.03393
0.05120
0.31255
0.19637
0.25156
0.04228
0.08355
0.21256
0.22204
0.27467
0.27662
0.01204
0.06258
0.16194
0.21450
0.18217
0.23373
0.14853
0.29325
0.09858
0.09624
0.24542
0.29141
0.10784
0.09507
0.11278
0.09738
0.06018
0.20095
0.12928
0.19104
0.27260
0.26785
0.20399
0.34243
0.23738
0.27532
0.12542
0.23537
0.16822
0.02557
0.25141
0.10880
0.06946
0.18491
0.23063
0.29109
0.25525
0.06345
0.08917
0.08886
0.16976
0.25322
0.29254
0.06189
0.25056
0.30541
0.15731
0.23711
0.09814
0.04638
0.07921
0.14792
0.03033
0.08318
0.21005
0.27777
0.10282
0.08642
0.05351
0.12995
0.06449
0.24727
