0.12203
0.11855
0.05927
0.25138
0.08486
0.13732
0.19047
0.17510
0.18197
0.06373
0.18259
0.11269
0.12739
0.10880
0.10583
0.19432
0.09429
0.10047
0.08710
0.12825
0.28212
0.15590
0.14790
0.07007
0.19275
0.14801
0.12678
0.27134
0.09779
0.17079
0.10430
0.28343
0.14529
0.11404
0.10476
0.09396
0.10905
0.08064
0.09352
0.11352
0.31276
0.22717
0.06681
0.12118
0.30149
0.24980
0.12395
0.22303
0.17552
0.19405
0.10752
0.10699
0.14124
0.32295
0.08803
0.27500
0.20015
0.12006
0.10263
0.08494
0.28205
0.28929
0.12918
0.20103
0.27058
0.30056
0.05362
0.18429
0.11804
0.04281
0.13391
0.28696
0.30701
0.21231
0.28849
0.13407
0.08454
0.03679
0.23658
0.15680
0.27510
0.18444
0.28323
0.25651
0.27301
0.38045
0.09063
0.08585
0.11809
0.27906
0.28973
0.15186
0.04933
0.27123
0.07225
0.13596
0.20714
0.22613
0.19855
0.16848
0.09832
0.14639
0.11409
0.12681
0.24741
0.28682
0.13594
0.18019
0.19816
0.27924
0.03488
0.24488
0.08592
0.23679
0.11867
0.16536
0.28484
0.05110
0.06096
0.15452
0.24694
0.09035
0.25109
0.02057
0.11456
0.14195
0.30467
0.25104
0.16183
0.26651
0.10527
0.14136
0.30856
0.30030
0.12156
0.15883
0.06621
0.27277
0.21976
0.04130
0.11681
0.02540
0.28549
0.15979
0.11783
0.29873
0.10912
0.34508
0.16941
0.08938
0.14227
0.27170
0.12138
0.27942
0.29498
0.32215
0.12688
0.16551
0.15296
0.23609
0.25923
0.22175
0.26873
0.30098
0.09015
0.09985
0.28333
0.28796
0.05064
0.24460
0.04928
0.20790
0.25151
0.03018
0.09769
0.17330
0.05512
0.08945
0.17340
0.26796
0.06178
0.11168
0.21614
0.17002
0.07982
0.15115
0.22946
0.24415
0.25485
0.22331
0.11121
0.05817
0.04620
0.15028
0.14142
0.22284
0.20218
0.17573
0.11090
0.27574
0.22228
0.05473
0.15830
0.14818
0.05011
0.18991
0.08851
0.18425
0.22830
0.11086
0.25549
0.20741
0.10974
0.25626
0.26718
0.25753
0.11491
0.30670
0.16546
0.32490
0.08010
0.18552
0.09400
0.07125
0.08790
0.08414
0.20068
0.22117
0.15556
0.05656
0.27535
0.09419
0.23323
0.10178
0.07470
0.21022
0.12154
0.04168
0.10611
0.26483
0.08279
0.30425
0.09517
0.11379
0.13790
0.20583
0.11625
0.03044
0.09501
0.10171
0.10073
0.11530
0.11127
0.24759
0.13312
0.14257
0.19783
0.05512
0.04631
0.13747
0.12554
0.15868
0.21449
0.21286
0.11056
0.25577
0.22394
0.09199
0.19176
0.02813
0.13513
0.11949
0.06478
0.04098
0.36429
0.15411
0.05562
0.18701
0.13893
0.06801
0.16621
0.32309
0.13110
0.07498
0.29697
0.10881
0.18775
0.15700
0.17482
0.16330
0.09149
0.03982
0.18821
0.23053
0.13242
0.10593
0.17347
0.14927
0.18454
0.13246
0.32416
0.28634
0.23392
0.07326
0.12143
0.30067
0.31321
0.29253
0.03672
0.26122
0.10395
0.29150
0.15377
0.07433
0.16495
0.11296
0.10778
0.20727
0.27108
0.05128
0.06768
0.07517
0.26952
0.13907
0.20098
0.14852
0.25828
0.26338
0.10365
0.07582
0.20803
0.29019
0.33788
0.28521
0.31336
0.21355
0.22644
0.27747
0.26946
0.24243
0.06269
0.07431
0.09529
0.24578
0.04201
0.08158
0.19077
0.07039
0.23118
0.12201
0.15250
0.13734
0.25988
0.25084
0.26637
0.16606
0.28879
0.13797
0.13492
0.30996
0.05062
0.21324
0.04636
0.11196
0.19881
0.05017
0.22182
0.33885
0.04446
0.08755
0.15181
0.25933
0.10384
0.04773
0.06525
0.03880
0.04802
0.05164
0.20024
0.11153
0.25318
0.17557
0.21999
0.08005
0.16774
0.28613
0.17639
0.25043
0.33546
0.19397
0.26450
0.28703
0.28865
0.29947
0.27397
0.23521
0.33910
0.23664
0.23607
0.25594
0.18287
0.27402
0.18334
0.36211
0.31212
0.24419
0.23860
0.25756
0.24709
0.33451
0.27377
0.24462
0.28455
0.30163
0.20888
0.23872
0.32231
0.25081
0.21052
0.23088
0.26991
0.31132
0.24279
0.22078
0.34415
0.24851
0.22153
0.29040
0.20954
0.27122
0.33844
0.28516
0.30562
0.29402
0.28946
0.20689
0.26067
0.30571
0.19792
0.28460
0.28566
0.24455
0.27452
0.27903
0.20887
0.29207
0.24106
0.26926
0.29743
0.28345
0.25073
0.16724
0.29203
0.35914
0.15267
0.25638
0.18261
0.15749
0.20694
0.35914
0.28250
0.32206
0.15606
0.34533
0.26836
0.26674
0.33431
0.28294
0.28406
0.26628
0.23724
0.26123
0.17576
0.36015
0.28407
0.24078
0.16159
0.31588
0.21228
0.24957
0.27737
0.22959
0.34147
0.28407
0.18417
0.30282
0.29480
0.18337
0.18636
0.28139
0.18964
0.17377
0.13689
0.30775
0.32268
0.27396
0.24830
0.24182
0.29040
0.18617
0.29506
0.27115
0.27666
0.22166
0.26782
0.28428
0.22799
0.15861
0.33497
0.28986
0.14512
0.30361
0.30277
0.25557
0.33866
0.29262
0.21773
0.26276
0.19324
0.29101
0.29091
0.25682
0.27254
0.24566
0.16681
0.30386
0.20787
0.25447
0.20949
0.26470
0.30404
0.27233
0.18162
0.21651
0.27678
0.21804
0.28728
0.18585
0.26092
0.23737
0.20636
0.21345
0.27223
0.31713
0.31375
0.21147
0.21590
0.32195
0.19952
0.19679
0.21524
0.26532
0.32502
0.15469
0.18571
0.28683
0.27424
0.17096
0.15511
0.20269
0.25900
0.25278
0.24757
0.23875
0.30555
0.16913
0.21915
0.26877
0.27106
0.17181
0.27122
0.26662
0.25673
0.35790
0.17601
0.31553
0.21198
0.35004
0.29591
0.24655
0.25258
0.29868
0.25992
0.16963
0.29389
0.29880
0.24441
0.27899
0.25624
0.31396
0.23892
0.26611
0.21610
0.32949
0.21338
0.27825
0.23598
0.25633
0.24817
0.25798
0.21822
0.26004
0.25391
0.30756
0.20148
0.30363
0.21916
0.26285
0.25690
0.27913
0.28518
0.14822
0.16401
0.32422
0.31719
0.23975
0.25150
0.29243
0.24864
0.20709
0.20738
0.30456
0.25791
0.26908
0.24448
0.18891
0.28201
0.30169
0.23880
0.22064
0.23875
0.30621
0.26398
0.18357
0.20884
0.28735
0.28153
0.29506
0.26846
0.26272
0.33022
0.32614
0.14004
0.22302
0.30026
0.27239
0.24963
0.29563
0.32205
0.22496
0.20173
0.18859
0.25441
0.26157
0.35626
0.30445
0.28187
0.26339
0.22089
0.26876
0.28082
0.26889
0.17916
0.32851
0.25224
0.23092
0.32356
0.26269
0.24968
0.23027
0.22166
0.28415
0.33003
0.32971
0.27146
0.25695
0.20128
0.30325
0.30370
0.11785
0.25639
0.19974
0.22892
0.26580
0.21668
0.27294
0.22405
0.24098
0.22098
0.21714
0.25861
0.30093
0.24029
0.24346
0.20121
0.24976
0.24900
0.21908
0.21043
0.31948
0.26087
0.31142
0.26724
0.23778
0.28201
0.23965
0.23629
0.25586
0.17954
0.30252
0.22512
0.32767
0.25613
0.27880
0.33860
0.27044
0.25088
0.29348
0.20854
0.20707
0.29214
0.20750
0.29078
0.28677
0.27051
0.31264
0.36975
0.32044
0.29544
0.25264
0.28183
0.29905
0.34050
0.24215
0.25728
0.30642
0.30551
0.28842
0.31220
0.37007
0.23726
0.26428
0.33142
0.22631
0.31588
0.31535
0.25245
0.26304
0.35021
0.23273
0.24862
0.29259
0.27333
0.23194
0.21745
0.24972
0.26696
0.27719
0.28973
0.28442
0.24436
0.28693
0.26599
0.29667
0.26682
0.29694
0.14471
0.33196
0.32063
0.33607
0.28736
0.30492
0.40414
0.41737
0.25193
0.19043
0.28789
0.35603
0.29537
0.22397
0.30206
0.33242
0.26593
0.21590
0.32355
0.22928
0.27256
0.23033
0.34093
0.37109
0.42702
0.30753
0.29728
0.24657
0.38718
0.28418
0.29985
0.31260
0.36328
0.25929
0.20037
0.30202
0.45829
0.24595
0.41420
0.41894
0.21467
0.30124
0.34975
0.32635
0.28236
0.22422
0.25104
0.25139
0.29974
0.29916
0.30665
0.28445
0.39021
0.28852
0.25614
0.25656
0.21422
0.23942
0.39747
0.22871
0.14659
0.34408
0.16347
0.20587
0.39328
0.14845
0.23754
0.22879
0.25756
0.23621
0.45843
0.18224
0.32222
0.37970
0.25212
0.24643
0.24208
0.26845
0.23517
0.34595
0.17737
0.36973
0.33136
0.25181
0.26700
0.22740
0.35258
0.30166
0.20969
0.33698
0.42449
0.34514
0.28078
0.36988
0.37614
0.19257
0.28319
0.28353
0.38913
0.20728
0.24295
0.25426
0.35650
0.24955
0.26338
0.26696
0.32013
0.37267
0.25157
0.28496
0.34012
0.29170
0.27327
0.27263
0.37028
0.26810
0.24713
0.25105
0.29347
0.34516
0.27649
0.31555
0.23623
0.33870
0.27682
0.23933
0.30462
0.27705
0.23547
0.26641
0.24829
0.29968
0.19881
0.02740
0.09107
0.18990
0.24774
0.25073
0.19136
0.24659
0.38240
0.12604
0.08374
0.22442
0.03776
0.28165
0.25545
0.16414
0.25358
0.08507
0.13068
0.18211
0.17179
0.05721
0.13566
0.24276
0.29204
0.18608
0.21422
0.26602
0.07592
0.28801
0.17084
0.02794
0.04886
0.08095
0.24955
0.12015
0.25544
0.20470
0.30525
0.06529
0.03546
0.04751
0.07569
0.27133
0.05697
0.08641
0.20969
0.24764
0.11165
0.24665
0.20589
0.04176
0.24598
0.10429
0.08255
0.22999
0.19649
0.22699
0.03967
0.13044
0.20999
0.20008
0.28906
0.23105
0.04433
0.09496
0.19597
0.23465
0.19773
0.20497
0.11523
0.29781
0.20137
0.11420
0.24748
0.27046
0.09112
0.13593
0.11653
0.06929
0.04495
0.14548
0.06515
0.19066
0.25172
0.29745
0.20139
0.24425
0.25901
0.19946
0.25716
0.23785
0.19826
0.03223
0.26322
0.10877
0.04450
0.20929
0.25237
0.30044
0.25280
0.04947
0.07019
0.19852
0.26381
0.15844
0.23664
0.09248
0.18745
0.31208
0.13889
0.24253
0.10447
0.03345
0.03064
0.17268
0.08124
0.07056
0.26702
0.28398
0.07128
0.14619
0.02223
0.12076
0.06198
0.17613
