0.08465
0.09412
0.06756
0.23054
0.09649
0.14921
0.24538
0.15576
0.19089
0.05815
0.17504
0.12991
0.18261
0.12778
0.06695
0.22614
0.13989
0.15521
0.06101
0.15248
0.29355
0.12260
0.14823
0.05625
0.26477
0.15584
0.08846
0.23968
0.08666
0.10248
0.14159
0.22333
0.13153
0.10835
0.06948
0.09437
0.14131
0.06068
0.10527
0.13144
0.29047
0.27302
0.07377
0.13931
0.26318
0.16557
0.16248
0.25268
0.17421
0.10214
0.09885
0.13752
0.14118
0.26373
0.09243
0.22628
0.21853
0.11656
0.14854
0.06175
0.25833
0.29662
0.10554
0.18650
0.27057
0.32269
0.05526
0.19245
0.09980
0.03680
0.13036
0.30857
0.28387
0.18940
0.25149
0.11157
0.05821
0.02081
0.20201
0.16205
0.31915
0.14125
0.33070
0.26895
0.23237
0.35140
0.10207
0.07505
0.13226
0.25027
0.34500
0.16650
0.05961
0.28100
0.09691
0.15506
0.17285
0.22180
0.18881
0.11842
0.10260
0.16921
0.12333
0.12741
0.20821
0.29619
0.15563
0.15273
0.12747
0.26838
0.01756
0.25359
0.07273
0.21976
0.10871
0.12335
0.27215
0.03675
0.04707
0.19231
0.21277
0.07415
0.26310
0.02096
0.09553
0.11343
0.31357
0.26963
0.14590
0.26739
0.10766
0.10150
0.29125
0.30531
0.10753
0.13414
0.06628
0.27472
0.24036
0.05658
0.14121
0.02909
0.31866
0.12112
0.13837
0.27341
0.06809
0.34187
0.22485
0.08617
0.15671
0.28079
0.11233
0.31965
0.30103
0.32271
0.08264
0.12914
0.16089
0.14313
0.22067
0.26611
0.22066
0.33283
0.09418
0.09034
0.24751
0.27248
0.05094
0.25508
0.05826
0.23854
0.25352
0.03604
0.06739
0.21285
0.06915
0.06793
0.17278
0.25523
0.02745
0.10988
0.18217
0.14001
0.08572
0.12416
0.24309
0.27744
0.25920
0.19266
0.10977
0.07633
0.04149
0.16194
0.12146
0.25459
0.19565
0.10791
0.09896
0.26228
0.23430
0.10821
0.19443
0.15931
0.02493
0.21773
0.06964
0.20802
0.26218
0.10637
0.25836
0.22294
0.09852
0.23880
0.25318
0.24846
0.12201
0.26060
0.23979
0.34060
0.10500
0.17205
0.10653
0.07900
0.06747
0.05090
0.15978
0.14884
0.12444
0.05976
0.25288
0.09672
0.27754
0.12531
0.04461
0.28550
0.11010
0.04754
0.13958
0.25780
0.04860
0.28266
0.10747
0.11942
0.16301
0.21495
0.10761
0.03205
0.12809
0.11045
0.12641
0.08992
0.08522
0.24979
0.11855
0.15267
0.21109
0.04609
0.10096
0.14109
0.17579
0.14291
0.20494
0.15864
0.14669
0.22057
0.26356
0.09430
0.15530
0.03452
0.12103
0.12366
0.06827
0.05090
0.34507
0.16901
0.05080
0.23198
0.17503
0.05071
0.16104
0.32299
0.13202
0.09188
0.30757
0.11270
0.17871
0.18777
0.17672
0.14840
0.07928
0.09367
0.18152
0.20397
0.15522
0.10384
0.16603
0.16357
0.18530
0.15916
0.32014
0.29427
0.28916
0.10240
0.15708
0.29895
0.30296
0.30589
0.03292
0.24459
0.12510
0.25866
0.11473
0.05680
0.13027
0.10852
0.09003
0.17709
0.26540
0.07039
0.10286
0.08127
0.28792
0.16538
0.28607
0.15058
0.22032
0.22907
0.14653
0.07592
0.24269
0.23551
0.33667
0.26091
0.30986
0.24330
0.26380
0.29080
0.29171
0.24961
0.09645
0.07579
0.11047
0.23483
0.03031
0.07076
0.21598
0.10544
0.24522
0.07174
0.20307
0.10818
0.25380
0.21527
0.23391
0.16462
0.29818
0.12050
0.16231
0.31389
0.05932
0.20595
0.05027
0.07978
0.19658
0.06916
0.25548
0.34304
0.05214
0.08217
0.14148
0.26295
0.10941
0.03378
0.05984
0.04108
0.08311
0.10638
0.18977
0.06016
0.26919
0.17085
0.23784
0.08110
0.19808
0.28291
0.20857
0.25985
0.29877
0.17762
0.25655
0.32738
0.27851
0.30904
0.27375
0.25961
0.30057
0.26175
0.22947
0.23282
0.21107
0.28742
0.19347
0.32465
0.30110
0.26257
0.26905
0.24409
0.26137
0.36186
0.26475
0.19299
0.26584
0.27239
0.24534
0.25303
0.27682
0.28320
0.25341
0.25135
0.28041
0.26675
0.26288
0.22078
0.31402
0.27086
0.23856
0.32232
0.23431
0.30312
0.32449
0.29855
0.30389
0.29576
0.27247
0.25877
0.27449
0.32882
0.22400
0.24681
0.30990
0.25688
0.28429
0.28570
0.21007
0.30775
0.23990
0.26202
0.28369
0.24961
0.27068
0.19058
0.23933
0.33779
0.12328
0.27173
0.25614
0.19812
0.15922
0.36285
0.30631
0.28988
0.17231
0.32409
0.27563
0.27876
0.34427
0.28628
0.29873
0.30270
0.24268
0.28737
0.18756
0.31197
0.27301
0.22332
0.18530
0.35083
0.20920
0.27884
0.28423
0.25410
0.31379
0.30978
0.20959
0.24871
0.30961
0.17134
0.18447
0.28229
0.19463
0.19858
0.15731
0.30574
0.32250
0.26734
0.24937
0.24648
0.30043
0.19404
0.29074
0.27036
0.26393
0.21999
0.28050
0.28986
0.22300
0.20511
0.35334
0.25107
0.21593
0.32959
0.27328
0.28118
0.36514
0.28348
0.21613
0.29272
0.20484
0.29014
0.31013
0.28130
0.25872
0.22383
0.15018
0.30071
0.21262
0.29339
0.23034
0.23946
0.30864
0.24610
0.21006
0.23733
0.30041
0.21676
0.28696
0.19984
0.24699
0.22507
0.22041
0.21602
0.31866
0.28681
0.28516
0.23419
0.18737
0.28582
0.19972
0.20292
0.23265
0.26568
0.31005
0.15727
0.20057
0.28324
0.27533
0.22430
0.16282
0.21137
0.26715
0.20013
0.24587
0.25783
0.30689
0.16907
0.23818
0.26364
0.28285
0.19970
0.28054
0.24713
0.26076
0.38896
0.19078
0.31265
0.23954
0.32545
0.26869
0.25557
0.28429
0.29243
0.26576
0.19696
0.31470
0.28790
0.26175
0.26383
0.26603
0.31411
0.21822
0.27011
0.23005
0.30886
0.23543
0.28462
0.22384
0.26871
0.28264
0.27041
0.20289
0.23350
0.22369
0.32918
0.21218
0.32924
0.24419
0.24944
0.26595
0.23764
0.24811
0.14079
0.24276
0.30044
0.29975
0.25210
0.28317
0.30234
0.27325
0.21787
0.21705
0.28167
0.29003
0.26342
0.24266
0.17969
0.28837
0.26289
0.24580
0.27630
0.24597
0.31296
0.30018
0.18384
0.19549
0.26260
0.28369
0.29246
0.26742
0.25162
0.29791
0.30252
0.14839
0.23997
0.26881
0.27426
0.27767
0.32173
0.30854
0.22246
0.21065
0.19490
0.24868
0.26680
0.31316
0.29674
0.29664
0.26965
0.24106
0.25390
0.25993
0.26503
0.16937
0.30457
0.19758
0.23320
0.30907
0.30616
0.28173
0.25735
0.27275
0.25216
0.32805
0.29471
0.23221
0.22691
0.21574
0.31506
0.32419
0.13589
0.26545
0.21190
0.23863
0.28105
0.22683
0.28658
0.22965
0.28523
0.21845
0.24833
0.24840
0.32722
0.26136
0.27545
0.20228
0.27354
0.25105
0.24286
0.21045
0.32309
0.28596
0.31696
0.24572
0.23253
0.28193
0.25604
0.25056
0.27135
0.19665
0.31086
0.26786
0.31184
0.23422
0.29262
0.30263
0.26219
0.25293
0.28701
0.19210
0.22703
0.27625
0.25560
0.28788
0.28615
0.28570
0.32759
0.35771
0.30641
0.29939
0.27277
0.26987
0.28437
0.33531
0.26669
0.26617
0.30087
0.27302
0.26645
0.31043
0.36592
0.24014
0.27322
0.32358
0.24873
0.29890
0.34061
0.21207
0.25700
0.31169
0.23293
0.25517
0.25089
0.25375
0.24058
0.24652
0.24622
0.24801
0.26808
0.32459
0.29146
0.23112
0.30843
0.27381
0.28191
0.26467
0.29516
0.17024
0.29345
0.32851
0.36113
0.30875
0.29759
0.38897
0.40316
0.25963
0.19403
0.28383
0.37055
0.29400
0.20882
0.29439
0.33484
0.25547
0.23160
0.33826
0.22729
0.24826
0.23328
0.33990
0.35627
0.42482
0.30259
0.29788
0.23114
0.39177
0.30453
0.31252
0.28040
0.36011
0.27578
0.17993
0.30830
0.46032
0.24071
0.39391
0.40143
0.21287
0.29350
0.34750
0.32619
0.29592
0.23722
0.26099
0.19679
0.30607
0.26676
0.29510
0.31641
0.38048
0.25546
0.26835
0.25107
0.22619
0.23258
0.38786
0.23537
0.12361
0.35160
0.16140
0.21834
0.39064
0.16326
0.25546
0.21172
0.28037
0.24170
0.43393
0.18757
0.32233
0.39782
0.25233
0.24398
0.23078
0.27865
0.20885
0.34615
0.19984
0.36047
0.35161
0.21370
0.24240
0.23461
0.34453
0.27481
0.21147
0.35160
0.41383
0.32614
0.30896
0.36824
0.36506
0.18267
0.24945
0.28141
0.39938
0.19956
0.24918
0.23383
0.35879
0.22824
0.26772
0.26598
0.33575
0.35881
0.25345
0.28953
0.31009
0.28539
0.28323
0.24451
0.39625
0.30299
0.28932
0.27693
0.29551
0.35758
0.28199
0.28940
0.25350
0.34479
0.25172
0.23372
0.31591
0.29163
0.24251
0.26612
0.19623
0.34581
0.25826
0.05655
0.16512
0.21521
0.19037
0.21428
0.23652
0.21854
0.26833
0.27613
0.05131
0.14891
0.05131
0.25102
0.21559
0.18943
0.25994
0.05307
0.11818
0.21099
0.19222
0.05817
0.13576
0.23480
0.21745
0.21896
0.21660
0.24952
0.05478
0.31344
0.11006
0.04732
0.10312
0.10277
0.31372
0.15366
0.23574
0.21537
0.30406
0.04521
0.10186
0.08576
0.06860
0.27486
0.09391
0.10149
0.22218
0.32617
0.09278
0.28042
0.21913
0.03826
0.24703
0.08175
0.04387
0.25381
0.19577
0.30223
0.05376
0.07175
0.20889
0.20603
0.24794
0.25318
0.01522
0.05056
0.22571
0.21363
0.17761
0.23197
0.09534
0.21644
0.22230
0.07737
0.23860
0.26974
0.10410
0.16165
0.16419
0.07700
0.04507
0.26162
0.15047
0.20122
0.22272
0.27461
0.20170
0.30029
0.22328
0.20629
0.17650
0.19725
0.16703
0.04647
0.23485
0.13568
0.10175
0.20322
0.25602
0.24409
0.25460
0.09930
0.05951
0.10525
0.18932
0.17036
0.28587
0.09049
0.17272
0.29187
0.15461
0.21580
0.11590
0.02531
0.06534
0.09473
0.08181
0.10263
0.20502
0.29107
0.08583
0.08108
0.03262
0.08817
0.11047
0.25749
