0.08680
0.12438
0.07695
0.26003
0.09159
0.13618
0.24739
0.16175
0.18370
0.06082
0.19595
0.15389
0.17361
0.12362
0.12683
0.24989
0.15631
0.17509
0.08883
0.17185
0.33431
0.16564
0.21151
0.08299
0.25389
0.18062
0.11111
0.26494
0.20884
0.21153
0.15925
0.26520
0.16582
0.12715
0.13834
0.11643
0.16725
0.09573
0.11853
0.17043
0.28800
0.27182
0.08238
0.17851
0.29013
0.22688
0.15180
0.27429
0.23275
0.18515
0.13224
0.15153
0.13767
0.28565
0.09085
0.25857
0.25397
0.11858
0.19009
0.11136
0.26679
0.32041
0.13596
0.23594
0.28682
0.31987
0.07593
0.22014
0.19721
0.02899
0.14105
0.31103
0.33397
0.23577
0.21696
0.12157
0.10794
0.07475
0.21229
0.14853
0.33630
0.20120
0.34739
0.27157
0.27489
0.35600
0.10508
0.10060
0.18061
0.25355
0.34715
0.17175
0.06335
0.24707
0.06058
0.15287
0.21155
0.22764
0.20255
0.16066
0.10638
0.21711
0.17575
0.13253
0.22590
0.30023
0.21447
0.15778
0.22530
0.28953
0.03025
0.28034
0.11136
0.25195
0.13036
0.16615
0.26598
0.07186
0.06765
0.19728
0.22813
0.06980
0.28836
0.03633
0.10664
0.12795
0.32018
0.29217
0.21027
0.28905
0.10383
0.17221
0.28811
0.33468
0.10787
0.20732
0.06298
0.28926
0.24250
0.05236
0.19588
0.04941
0.30523
0.16915
0.16468
0.33474
0.13080
0.36798
0.21224
0.09171
0.22700
0.29953
0.11695
0.33399
0.31079
0.32874
0.10739
0.18337
0.13493
0.21471
0.30429
0.27497
0.25235
0.33535
0.10426
0.12258
0.33280
0.27252
0.09577
0.27730
0.09670
0.27001
0.23048
0.05281
0.09962
0.24094
0.06972
0.07494
0.19379
0.29100
0.07575
0.11437
0.21789
0.17634
0.13528
0.24061
0.26516
0.27918
0.25570
0.20088
0.15840
0.09649
0.05961
0.13377
0.14159
0.23953
0.18571
0.17961
0.14344
0.27947
0.20809
0.07139
0.19886
0.20329
0.03086
0.30591
0.16206
0.20266
0.22740
0.11477
0.26969
0.24205
0.12168
0.23869
0.23434
0.26525
0.15120
0.33298
0.23012
0.34642
0.14066
0.24069
0.10400
0.05029
0.09925
0.07834
0.19474
0.23243
0.15152
0.10377
0.28032
0.12644
0.23779
0.14211
0.07266
0.28812
0.11491
0.04794
0.09433
0.24623
0.07194
0.30862
0.12040
0.11659
0.19440
0.23791
0.11040
0.06310
0.16031
0.11222
0.12002
0.12768
0.11472
0.25911
0.13718
0.16022
0.17229
0.12845
0.10886
0.12989
0.21511
0.16239
0.18827
0.12900
0.11767
0.26604
0.28902
0.10214
0.15765
0.07936
0.10189
0.12815
0.07638
0.04043
0.35761
0.18285
0.11239
0.22309
0.17533
0.10441
0.13963
0.34751
0.13135
0.12355
0.29537
0.11422
0.22333
0.17833
0.23656
0.18553
0.08804
0.12181
0.19890
0.22398
0.22035
0.11048
0.21520
0.20666
0.19743
0.19047
0.35110
0.30634
0.28637
0.18124
0.17625
0.31611
0.31765
0.35008
0.03794
0.25315
0.13392
0.27010
0.17985
0.10064
0.17276
0.14582
0.12283
0.25622
0.19751
0.11210
0.08329
0.07495
0.23706
0.25167
0.29586
0.18966
0.21591
0.25751
0.13044
0.09280
0.27158
0.30648
0.35114
0.28917
0.33068
0.25154
0.24748
0.31708
0.26521
0.24724
0.10123
0.14239
0.14909
0.22765
0.07472
0.10897
0.24671
0.11064
0.24178
0.09157
0.22087
0.13155
0.28565
0.25070
0.27849
0.20752
0.27285
0.19145
0.16171
0.33660
0.08132
0.22926
0.05744
0.08676
0.22731
0.07962
0.23608
0.32535
0.10777
0.08905
0.15701
0.26503
0.11700
0.07277
0.06542
0.06104
0.09465
0.14347
0.22710
0.08198
0.26604
0.15514
0.25043
0.14551
0.18797
0.26669
0.25375
0.30594
0.34243
0.16563
0.26226
0.32373
0.31873
0.34672
0.28594
0.28110
0.32682
0.28811
0.23991
0.29181
0.20884
0.32292
0.19910
0.35791
0.29178
0.24548
0.28319
0.26409
0.29174
0.36715
0.31911
0.27895
0.26803
0.31220
0.25397
0.29607
0.31756
0.28544
0.23748
0.25901
0.32695
0.29351
0.29685
0.23296
0.33398
0.29484
0.27901
0.34600
0.22536
0.31963
0.33594
0.30017
0.32988
0.32901
0.31588
0.25429
0.30823
0.32952
0.25292
0.31923
0.30492
0.28287
0.31781
0.31258
0.21801
0.32138
0.26775
0.24367
0.28243
0.25527
0.30535
0.19397
0.26777
0.35276
0.13673
0.28813
0.25884
0.24764
0.18877
0.37526
0.31335
0.28871
0.18203
0.32583
0.27060
0.26533
0.34541
0.28364
0.32788
0.29432
0.24976
0.29411
0.18030
0.34972
0.31505
0.27542
0.18846
0.34260
0.21102
0.26909
0.27904
0.26550
0.34079
0.28728
0.22135
0.29949
0.29913
0.18686
0.20256
0.32551
0.18366
0.18106
0.16570
0.30025
0.31206
0.30317
0.29303
0.24954
0.33195
0.21728
0.31942
0.30814
0.31099
0.18576
0.27693
0.31870
0.20229
0.18288
0.35454
0.28488
0.23222
0.32519
0.30723
0.24871
0.36102
0.30371
0.23961
0.31034
0.20813
0.26365
0.29989
0.30524
0.28126
0.25325
0.19701
0.34688
0.24332
0.31600
0.23216
0.30205
0.33808
0.26092
0.19801
0.22043
0.27536
0.19482
0.32518
0.19256
0.25692
0.25360
0.23812
0.25610
0.31224
0.29818
0.29532
0.28096
0.24512
0.30481
0.25229
0.25646
0.25155
0.27569
0.31071
0.16701
0.20478
0.26511
0.30602
0.25400
0.16376
0.19407
0.23724
0.26007
0.24673
0.29542
0.33865
0.16455
0.27482
0.23905
0.30804
0.20346
0.32112
0.28645
0.27869
0.37755
0.21655
0.31300
0.24330
0.34169
0.30399
0.30073
0.28590
0.30857
0.24641
0.19704
0.30890
0.30100
0.28989
0.25648
0.26645
0.32677
0.26153
0.24799
0.25093
0.30990
0.26813
0.31678
0.23351
0.30215
0.26300
0.26964
0.21434
0.27505
0.27201
0.31723
0.21015
0.32325
0.25880
0.30353
0.27625
0.25895
0.28434
0.16260
0.26820
0.30633
0.28788
0.29117
0.31447
0.33403
0.26986
0.26545
0.25482
0.27412
0.30638
0.30271
0.25225
0.18925
0.31132
0.28279
0.27188
0.28509
0.23281
0.30313
0.31732
0.23024
0.19546
0.25626
0.29222
0.32290
0.29631
0.27253
0.32775
0.32531
0.16827
0.25735
0.27102
0.29500
0.30357
0.31646
0.32104
0.24273
0.22800
0.19284
0.30666
0.30764
0.33716
0.30136
0.29419
0.31239
0.24323
0.26074
0.26763
0.24727
0.20104
0.31162
0.24008
0.23799
0.30982
0.30158
0.29584
0.24898
0.27942
0.26844
0.35396
0.31229
0.27747
0.26884
0.19634
0.32571
0.30875
0.14669
0.31225
0.19132
0.28930
0.31466
0.22122
0.30530
0.22297
0.28960
0.20101
0.26668
0.25908
0.31949
0.30579
0.29666
0.20070
0.25497
0.24654
0.25794
0.25232
0.31131
0.26243
0.34910
0.26616
0.27724
0.30786
0.29423
0.25971
0.25594
0.20721
0.31850
0.29722
0.33214
0.24547
0.28398
0.33009
0.24193
0.29869
0.32684
0.19024
0.22608
0.32617
0.26651
0.32830
0.27362
0.31777
0.34109
0.36690
0.29850
0.29978
0.26691
0.27121
0.27693
0.34718
0.28802
0.28321
0.30774
0.29729
0.32353
0.29752
0.37282
0.21982
0.30260
0.32401
0.26966
0.30507
0.31930
0.25085
0.26288
0.33738
0.23116
0.30339
0.27422
0.31284
0.28268
0.28586
0.29934
0.26451
0.25811
0.34367
0.26909
0.28348
0.32033
0.27959
0.32740
0.30694
0.28323
0.15206
0.31535
0.33528
0.36231
0.33441
0.31427
0.40771
0.40322
0.29065
0.19770
0.32288
0.38573
0.28924
0.20174
0.32488
0.34950
0.23911
0.26112
0.32440
0.26318
0.27139
0.24779
0.35180
0.34718
0.39532
0.31667
0.31949
0.28347
0.40174
0.31763
0.31247
0.31985
0.36377
0.30158
0.20458
0.30239
0.45805
0.24187
0.41109
0.42092
0.21631
0.30541
0.37019
0.32458
0.28803
0.27178
0.30733
0.24896
0.28462
0.31687
0.32251
0.27689
0.39211
0.30506
0.29869
0.26532
0.23968
0.29514
0.40674
0.23750
0.11719
0.34249
0.14252
0.20598
0.41578
0.16204
0.23984
0.22126
0.29089
0.25263
0.45001
0.18002
0.34709
0.39627
0.26616
0.26446
0.26833
0.24474
0.24412
0.36718
0.17633
0.37226
0.35542
0.28923
0.26328
0.26211
0.34977
0.29889
0.20565
0.30779
0.43499
0.33218
0.28692
0.36982
0.37148
0.25408
0.24782
0.29457
0.40101
0.19134
0.25385
0.24999
0.36620
0.29675
0.25555
0.28023
0.33056
0.35432
0.23539
0.31333
0.35431
0.31141
0.29852
0.27152
0.39897
0.31182
0.25989
0.30576
0.32086
0.34264
0.27023
0.31927
0.23594
0.34287
0.26282
0.26726
0.33832
0.32511
0.25828
0.30341
0.20987
0.32263
0.19708
0.05874
0.11783
0.25172
0.22944
0.19583
0.16656
0.24938
0.33415
0.27481
0.09865
0.19907
0.06614
0.29525
0.24098
0.19383
0.30230
0.06521
0.11765
0.19329
0.20599
0.07302
0.16491
0.21781
0.30053
0.24856
0.21100
0.30188
0.05897
0.32879
0.23577
0.04224
0.09424
0.17181
0.30607
0.12004
0.24778
0.20692
0.33160
0.06469
0.08541
0.11859
0.09515
0.26753
0.13897
0.17889
0.18255
0.32844
0.16847
0.31604
0.21669
0.05052
0.26084
0.06551
0.05935
0.32033
0.20597
0.31035
0.13787
0.10899
0.19160
0.18859
0.29783
0.23405
0.04203
0.08117
0.15353
0.21717
0.19922
0.17504
0.15144
0.29014
0.20145
0.10462
0.24081
0.28009
0.12321
0.19803
0.18801
0.07331
0.06271
0.26951
0.18201
0.20925
0.26408
0.22580
0.19887
0.30384
0.25307
0.23944
0.15589
0.21595
0.16623
0.05047
0.22067
0.13897
0.08051
0.23044
0.24678
0.28831
0.26588
0.05271
0.08495
0.13164
0.19612
0.26085
0.30991
0.11592
0.25036
0.32224
0.11771
0.24178
0.11273
0.03062
0.06254
0.08504
0.09998
0.08422
0.22996
0.28969
0.09904
0.10216
0.08521
0.10995
0.11809
0.28321
