0.14469
0.10760
0.09403
0.29485
0.10105
0.12563
0.25958
0.16350
0.19874
0.09090
0.23244
0.16739
0.19113
0.15004
0.11878
0.23191
0.14770
0.18850
0.11250
0.14204
0.29442
0.13472
0.19695
0.06078
0.24171
0.17324
0.16245
0.27045
0.09848
0.15592
0.19987
0.25261
0.12520
0.12590
0.11660
0.10989
0.13734
0.09058
0.16082
0.17571
0.31147
0.29185
0.13581
0.16363
0.29498
0.22805
0.18622
0.29336
0.21137
0.16454
0.13072
0.14407
0.14677
0.27276
0.09984
0.24231
0.24646
0.16882
0.15322
0.10389
0.29545
0.29340
0.17144
0.17023
0.29708
0.31328
0.06052
0.11887
0.12368
0.08196
0.14665
0.31203
0.25898
0.16300
0.25392
0.13411
0.13040
0.05282
0.20994
0.16627
0.31235
0.19406
0.35082
0.29267
0.26383
0.36651
0.10894
0.08968
0.15989
0.29022
0.34474
0.20963
0.08943
0.22249
0.07489
0.20580
0.22379
0.22399
0.22248
0.17411
0.09476
0.20636
0.11500
0.12088
0.29580
0.29013
0.16318
0.16877
0.18148
0.30372
0.03073
0.27489
0.11738
0.27912
0.11924
0.17903
0.24916
0.09067
0.08329
0.20856
0.25552
0.09791
0.29946
0.05436
0.12463
0.20785
0.30253
0.25596
0.16791
0.25658
0.14365
0.14449
0.32574
0.30643
0.10360
0.16085
0.09340
0.28209
0.26952
0.08224
0.16397
0.06277
0.30533
0.14798
0.17838
0.28859
0.11032
0.34916
0.17544
0.08631
0.16569
0.27637
0.10539
0.31533
0.28069
0.33289
0.14806
0.16328
0.15559
0.19775
0.25871
0.26059
0.29485
0.33473
0.11933
0.10227
0.30108
0.28988
0.06986
0.25439
0.08886
0.27340
0.21968
0.06215
0.12986
0.21481
0.05644
0.10397
0.16916
0.28695
0.08130
0.11125
0.21780
0.17182
0.11561
0.16809
0.23225
0.27397
0.26996
0.19181
0.13611
0.07889
0.06186
0.14159
0.14215
0.24778
0.22062
0.24920
0.09578
0.24773
0.21228
0.13624
0.21275
0.20490
0.05743
0.23348
0.11481
0.25195
0.26440
0.09822
0.25560
0.24733
0.13506
0.25917
0.28615
0.25019
0.14034
0.28109
0.24830
0.34934
0.14546
0.17530
0.15889
0.11353
0.11756
0.08878
0.18193
0.17719
0.16524
0.09477
0.22040
0.14743
0.28526
0.16553
0.07915
0.27559
0.11809
0.07411
0.10372
0.25522
0.11559
0.28860
0.11190
0.12251
0.17819
0.23079
0.12018
0.09055
0.15019
0.12648
0.11520
0.14682
0.16727
0.24964
0.16032
0.17851
0.20309
0.06877
0.09405
0.12899
0.20511
0.20699
0.22201
0.20936
0.17658
0.24211
0.30532
0.10680
0.21203
0.07895
0.13902
0.11880
0.08496
0.06524
0.34193
0.18162
0.09814
0.18016
0.18032
0.10056
0.17163
0.32733
0.14238
0.13891
0.27745
0.12384
0.19589
0.17387
0.25013
0.16523
0.15746
0.08283
0.24987
0.24185
0.19529
0.10306
0.18050
0.17307
0.18951
0.19202
0.34316
0.30627
0.25301
0.13295
0.16273
0.29960
0.28703
0.34029
0.05530
0.24459
0.13235
0.28251
0.13315
0.09374
0.17680
0.18385
0.16034
0.21689
0.25027
0.11663
0.10668
0.08182
0.29188
0.18906
0.29638
0.16978
0.23867
0.21692
0.16972
0.07812
0.28723
0.25030
0.36025
0.26737
0.30107
0.23882
0.24289
0.28688
0.29280
0.27131
0.08781
0.10527
0.18844
0.22796
0.09615
0.09364
0.23539
0.19033
0.25050
0.13620
0.19992
0.10259
0.28257
0.26352
0.26195
0.22215
0.30443
0.17941
0.20451
0.33476
0.14483
0.25000
0.07143
0.11493
0.19075
0.09886
0.26226
0.30706
0.12277
0.11137
0.16835
0.26499
0.12857
0.09618
0.08380
0.10736
0.09177
0.14758
0.22770
0.07920
0.28181
0.18945
0.20565
0.11151
0.17900
0.31014
0.16475
0.20831
0.36463
0.17444
0.30104
0.30204
0.21545
0.25747
0.28901
0.17523
0.36302
0.22288
0.22853
0.19700
0.24031
0.21860
0.20417
0.38431
0.33756
0.25606
0.19626
0.25380
0.16886
0.33401
0.21392
0.16470
0.32850
0.35022
0.16187
0.16377
0.34448
0.27266
0.25392
0.26141
0.21938
0.31903
0.23215
0.22436
0.35378
0.20828
0.18466
0.29168
0.18355
0.30035
0.35764
0.28572
0.27590
0.21549
0.22294
0.23325
0.22947
0.34147
0.16086
0.22610
0.32464
0.19943
0.22670
0.29761
0.19537
0.20642
0.26673
0.28805
0.32686
0.31312
0.18555
0.20096
0.29558
0.36209
0.14464
0.27961
0.19037
0.15856
0.21210
0.35519
0.29745
0.34070
0.17556
0.36616
0.27112
0.28419
0.36507
0.32494
0.22901
0.27257
0.24359
0.27910
0.19757
0.36953
0.20935
0.15242
0.18021
0.30237
0.21237
0.27061
0.29783
0.26774
0.35712
0.32958
0.23058
0.34175
0.33457
0.18124
0.16210
0.21941
0.19561
0.19656
0.16743
0.28669
0.34815
0.21755
0.19597
0.25019
0.21986
0.24142
0.23154
0.22125
0.21178
0.18667
0.28472
0.22016
0.23942
0.20582
0.33687
0.30769
0.15625
0.27415
0.32559
0.26211
0.33093
0.32067
0.24400
0.21461
0.21370
0.30646
0.30585
0.21998
0.26262
0.24032
0.16552
0.27390
0.21953
0.22533
0.24102
0.22331
0.24821
0.30076
0.21847
0.22589
0.28595
0.22539
0.23345
0.20533
0.24278
0.24212
0.24285
0.15572
0.29199
0.32717
0.33805
0.16828
0.16637
0.33850
0.22011
0.15182
0.20257
0.31212
0.31981
0.16934
0.20446
0.29313
0.19209
0.16274
0.17270
0.24463
0.26036
0.18167
0.25319
0.22264
0.23503
0.19678
0.18424
0.28713
0.22923
0.21314
0.21917
0.25218
0.26207
0.34417
0.20798
0.29644
0.23012
0.37322
0.32891
0.19648
0.27428
0.22209
0.27093
0.19079
0.30274
0.29213
0.18099
0.30087
0.28050
0.35100
0.23622
0.30203
0.20536
0.33827
0.15650
0.24370
0.20796
0.19963
0.27895
0.26817
0.22036
0.15717
0.26341
0.31209
0.20706
0.30372
0.25067
0.20440
0.30614
0.29603
0.32200
0.16041
0.19379
0.34332
0.35235
0.17664
0.22069
0.25685
0.26569
0.18556
0.15495
0.30610
0.27741
0.19236
0.26902
0.19284
0.24139
0.32120
0.26535
0.18141
0.24071
0.34112
0.22149
0.15785
0.19578
0.29384
0.29066
0.21615
0.20911
0.23636
0.35650
0.36324
0.16892
0.21334
0.33456
0.22082
0.19052
0.29796
0.34808
0.24787
0.20135
0.21494
0.18547
0.19076
0.36590
0.29920
0.30327
0.20644
0.22166
0.28069
0.31449
0.29361
0.18702
0.33832
0.19933
0.25010
0.35177
0.30214
0.19758
0.24304
0.21873
0.29401
0.26782
0.35282
0.26956
0.28789
0.21684
0.25033
0.32306
0.14324
0.22987
0.20490
0.17048
0.20211
0.26286
0.23713
0.25606
0.18342
0.21460
0.19370
0.23741
0.35210
0.21587
0.18828
0.20953
0.30109
0.24289
0.22487
0.15942
0.33358
0.30323
0.32244
0.26944
0.18450
0.21654
0.26263
0.17687
0.27238
0.18426
0.33428
0.27487
0.35307
0.29698
0.29746
0.35383
0.27849
0.18137
0.21690
0.18356
0.16740
0.21800
0.18354
0.22993
0.31882
0.21239
0.26214
0.38624
0.31160
0.33680
0.26316
0.31760
0.31075
0.36612
0.17364
0.26528
0.33786
0.32496
0.24122
0.33394
0.40143
0.24857
0.20877
0.33621
0.22131
0.31851
0.32908
0.23352
0.23701
0.35849
0.22933
0.20863
0.32632
0.23533
0.20508
0.17371
0.17161
0.27114
0.29969
0.25291
0.29670
0.18716
0.22436
0.27319
0.24718
0.19543
0.26934
0.14713
0.32805
0.29919
0.37848
0.24685
0.30248
0.36584
0.37124
0.21338
0.19776
0.24038
0.40300
0.27488
0.20703
0.25396
0.35827
0.26691
0.18737
0.33534
0.23443
0.29033
0.19333
0.28192
0.37677
0.43553
0.33064
0.25078
0.21641
0.36575
0.33034
0.29707
0.23875
0.32458
0.19762
0.18997
0.34203
0.41800
0.26613
0.37221
0.37231
0.20700
0.27831
0.29522
0.27483
0.31135
0.17941
0.23057
0.19328
0.30418
0.21958
0.27906
0.33075
0.34178
0.20792
0.21959
0.26070
0.21015
0.16830
0.36669
0.25650
0.14345
0.34691
0.18336
0.20678
0.39790
0.18891
0.27567
0.23736
0.25447
0.24472
0.45561
0.22011
0.26715
0.35622
0.20685
0.23215
0.18935
0.26832
0.22015
0.32093
0.22957
0.37394
0.34639
0.20567
0.25242
0.16422
0.33069
0.27851
0.21673
0.36120
0.42784
0.31346
0.26083
0.32569
0.34184
0.17252
0.29806
0.29164
0.39688
0.22054
0.25530
0.25164
0.34612
0.19974
0.26219
0.20985
0.35068
0.38538
0.26372
0.23661
0.30240
0.29817
0.23961
0.25949
0.37270
0.23448
0.32205
0.20580
0.27961
0.34577
0.26881
0.28803
0.24983
0.33155
0.23997
0.19924
0.26019
0.27696
0.19703
0.22709
0.22358
0.27624
0.20933
0.11005
0.18222
0.25094
0.22397
0.29172
0.22566
0.22102
0.32660
0.25598
0.09102
0.17548
0.05889
0.32800
0.23358
0.19150
0.27034
0.09694
0.17185
0.21433
0.23413
0.07752
0.18393
0.21650
0.26652
0.19840
0.20306
0.28468
0.07201
0.28980
0.18672
0.04207
0.10236
0.18461
0.27439
0.09991
0.23666
0.22458
0.28277
0.12073
0.09835
0.06618
0.08962
0.26564
0.12408
0.21706
0.22514
0.28109
0.18049
0.26859
0.19761
0.11372
0.26175
0.08872
0.07453
0.30224
0.18344
0.26730
0.07439
0.10480
0.20917
0.18980
0.29527
0.23253
0.07879
0.07207
0.21800
0.19488
0.26456
0.23352
0.12150
0.24268
0.20486
0.17197
0.24808
0.30577
0.06523
0.11494
0.25551
0.13580
0.05589
0.22109
0.24988
0.20902
0.25674
0.28228
0.19833
0.31324
0.25398
0.25547
0.20212
0.23752
0.18816
0.05608
0.27211
0.17302
0.10600
0.20396
0.25196
0.28898
0.25861
0.07425
0.07761
0.22696
0.22324
0.26153
0.27327
0.15633
0.26470
0.30491
0.13974
0.25802
0.11865
0.08563
0.07872
0.17473
0.10473
0.09568
0.27493
0.29867
0.08569
0.05291
0.07514
0.11603
0.09364
0.25631
