0.13688
0.09091
0.06231
0.23430
0.08815
0.16363
0.24746
0.11702
0.16648
0.04413
0.20974
0.12117
0.15120
0.10036
0.13485
0.23594
0.12869
0.10453
0.05904
0.13577
0.30347
0.14681
0.15683
0.05478
0.20656
0.14119
0.13821
0.24681
0.08448
0.15148
0.16142
0.21243
0.12722
0.10118
0.06255
0.09704
0.11291
0.07986
0.10799
0.16935
0.27550
0.22485
0.06575
0.13492
0.27284
0.19548
0.17276
0.19829
0.21599
0.12785
0.09811
0.13794
0.13507
0.22650
0.09003
0.20415
0.19537
0.14720
0.13914
0.07179
0.27515
0.28532
0.14545
0.23370
0.29040
0.30217
0.03510
0.17688
0.08456
0.05166
0.12827
0.32667
0.25125
0.16051
0.27036
0.11397
0.06655
0.03593
0.20213
0.16088
0.28858
0.19251
0.34023
0.27799
0.24967
0.35339
0.09444
0.07276
0.11563
0.28442
0.31275
0.18811
0.07951
0.25630
0.08013
0.15474
0.21825
0.22089
0.20067
0.17672
0.09294
0.16601
0.11387
0.12514
0.22871
0.29897
0.14456
0.18665
0.15436
0.28573
0.01902
0.26565
0.05381
0.22130
0.11912
0.18903
0.26447
0.07112
0.06973
0.20059
0.17487
0.09284
0.27859
0.02125
0.09170
0.11740
0.31155
0.26962
0.13599
0.27957
0.07689
0.08896
0.28232
0.34555
0.09482
0.10373
0.10388
0.27216
0.24476
0.05560
0.13610
0.03909
0.31078
0.18555
0.13189
0.27260
0.09240
0.35972
0.15444
0.09100
0.15587
0.25777
0.11596
0.29966
0.31207
0.34240
0.09678
0.16579
0.12299
0.21453
0.27686
0.21405
0.26594
0.34595
0.08711
0.11918
0.27018
0.25369
0.05437
0.24926
0.04946
0.21127
0.23175
0.02979
0.07266
0.21897
0.10297
0.08068
0.10671
0.25080
0.10938
0.10383
0.21607
0.17047
0.08229
0.18284
0.21434
0.27889
0.26737
0.17954
0.10883
0.06804
0.02621
0.13865
0.12357
0.23183
0.14869
0.13806
0.08272
0.27307
0.21693
0.09667
0.22088
0.16044
0.05517
0.23989
0.06846
0.21786
0.26585
0.10518
0.26850
0.24331
0.08723
0.26894
0.25025
0.24542
0.11054
0.22811
0.19681
0.34445
0.12629
0.19260
0.17385
0.04816
0.05332
0.05907
0.15969
0.15845
0.13022
0.06376
0.25500
0.08080
0.24670
0.12687
0.02838
0.25669
0.11782
0.02398
0.10021
0.30084
0.07989
0.29176
0.08390
0.09888
0.13159
0.20831
0.10017
0.04709
0.10181
0.09824
0.11305
0.10167
0.12586
0.24092
0.17006
0.14549
0.19619
0.05944
0.05631
0.12926
0.19177
0.16199
0.22277
0.18955
0.13201
0.24712
0.28109
0.10047
0.19444
0.08753
0.07712
0.11777
0.06208
0.04087
0.32364
0.17526
0.05876
0.19463
0.15695
0.04736
0.18627
0.34116
0.12237
0.06955
0.32615
0.12070
0.18978
0.17159
0.15893
0.13499
0.11102
0.11216
0.15694
0.25033
0.18605
0.09631
0.22623
0.16884
0.13851
0.10733
0.32888
0.28776
0.25850
0.17159
0.13974
0.32504
0.30471
0.32142
0.02227
0.24022
0.11258
0.26453
0.14328
0.08749
0.13495
0.13850
0.10561
0.15385
0.25098
0.07712
0.09112
0.08182
0.29376
0.17080
0.22532
0.20284
0.22094
0.23075
0.10124
0.04733
0.26456
0.28026
0.36392
0.21916
0.32964
0.24707
0.24010
0.27655
0.26737
0.23430
0.06382
0.08449
0.10493
0.25452
0.08705
0.05564
0.17992
0.12975
0.21365
0.08395
0.15790
0.14047
0.24484
0.27875
0.22523
0.24221
0.29397
0.13377
0.11827
0.30895
0.05979
0.18360
0.06566
0.04593
0.12328
0.06110
0.25796
0.34207
0.06121
0.07772
0.12637
0.22567
0.09890
0.06359
0.09049
0.06898
0.05181
0.08079
0.19420
0.06467
0.28327
0.13878
0.14266
0.09373
0.17372
0.29396
0.19015
0.27776
0.35682
0.18506
0.30028
0.28895
0.29109
0.31428
0.28083
0.22904
0.35970
0.26286
0.24416
0.24904
0.22906
0.28906
0.19371
0.36461
0.33289
0.25461
0.23359
0.24734
0.26345
0.33476
0.27795
0.21499
0.30054
0.34339
0.19512
0.24080
0.30869
0.26177
0.22710
0.24792
0.28535
0.32543
0.25239
0.21830
0.35283
0.25408
0.23099
0.32521
0.18274
0.28247
0.36229
0.28528
0.30316
0.30304
0.28818
0.23715
0.27950
0.33644
0.19974
0.26047
0.32519
0.23762
0.26717
0.27704
0.19544
0.29075
0.26078
0.26858
0.32252
0.28787
0.26762
0.18130
0.29176
0.35798
0.13461
0.27133
0.21133
0.19285
0.18869
0.35255
0.30078
0.32294
0.17001
0.36220
0.26645
0.27831
0.38030
0.31151
0.26658
0.28030
0.23638
0.26748
0.18536
0.38204
0.26400
0.24280
0.16570
0.31392
0.19317
0.25356
0.28124
0.24999
0.34729
0.32783
0.22553
0.32953
0.30078
0.15465
0.17389
0.29466
0.17633
0.16379
0.15580
0.30607
0.35398
0.25110
0.24923
0.24243
0.29417
0.18361
0.29152
0.25270
0.28684
0.20977
0.28263
0.27260
0.23940
0.17642
0.34084
0.30730
0.17080
0.30180
0.33152
0.21758
0.34548
0.30925
0.22327
0.28115
0.19852
0.30004
0.30761
0.25174
0.23854
0.22808
0.15569
0.32459
0.19381
0.29282
0.22367
0.24572
0.30090
0.28296
0.20712
0.22837
0.28442
0.22859
0.28600
0.18673
0.24599
0.22432
0.21413
0.21238
0.30170
0.32600
0.33373
0.22989
0.19404
0.32266
0.22759
0.19136
0.22718
0.30211
0.29861
0.17133
0.18059
0.28245
0.26428
0.20616
0.14749
0.22412
0.26639
0.22180
0.24052
0.26216
0.29933
0.18282
0.21802
0.27980
0.27480
0.19916
0.30553
0.26556
0.26172
0.36352
0.18008
0.30113
0.20782
0.36457
0.31442
0.25144
0.26665
0.26835
0.26387
0.18997
0.30908
0.27071
0.23957
0.29567
0.27547
0.34275
0.22634
0.29041
0.20093
0.36289
0.21603
0.29301
0.23588
0.22528
0.28459
0.26262
0.20764
0.21335
0.25318
0.30297
0.18393
0.30015
0.22625
0.26332
0.29736
0.29186
0.30525
0.15093
0.20196
0.32390
0.33849
0.25351
0.27020
0.29753
0.26616
0.25798
0.20124
0.30473
0.27933
0.23940
0.26462
0.18324
0.29045
0.31816
0.24434
0.22726
0.22369
0.33836
0.25216
0.18148
0.18339
0.29586
0.29547
0.27386
0.26531
0.23882
0.34956
0.36598
0.14524
0.21183
0.32422
0.25410
0.26638
0.28936
0.33970
0.22155
0.19638
0.18020
0.25208
0.26653
0.35924
0.27675
0.27948
0.28441
0.22844
0.26588
0.29398
0.28668
0.16664
0.33401
0.23394
0.21813
0.34276
0.30435
0.23195
0.22682
0.24332
0.29812
0.32080
0.35277
0.21806
0.27957
0.20116
0.31046
0.32681
0.12966
0.23279
0.19836
0.22543
0.24581
0.23828
0.26722
0.25042
0.25184
0.22952
0.21548
0.24715
0.34888
0.27030
0.25746
0.20213
0.29146
0.25123
0.22047
0.19857
0.33724
0.28672
0.32247
0.25900
0.22263
0.24000
0.25261
0.22566
0.27369
0.18126
0.32204
0.25515
0.34820
0.29131
0.30972
0.36003
0.26447
0.22480
0.26418
0.17768
0.21194
0.27862
0.21713
0.29310
0.29959
0.26319
0.31005
0.38493
0.32458
0.32520
0.27499
0.31136
0.29340
0.36340
0.23168
0.26755
0.32361
0.33315
0.27572
0.33404
0.38961
0.23914
0.24500
0.33824
0.23622
0.32285
0.33182
0.21574
0.24285
0.35894
0.23411
0.26358
0.32705
0.28162
0.26032
0.23386
0.28845
0.26411
0.28601
0.29964
0.28834
0.24295
0.27915
0.26778
0.30067
0.26228
0.28804
0.13597
0.32709
0.33466
0.37243
0.30324
0.31613
0.40372
0.37105
0.27611
0.19970
0.31148
0.37128
0.29928
0.19859
0.31261
0.35187
0.25607
0.24090
0.32842
0.24045
0.28291
0.24775
0.33618
0.36701
0.42349
0.32715
0.31611
0.26877
0.36258
0.30957
0.32182
0.30036
0.37697
0.29272
0.19704
0.33609
0.47046
0.25031
0.42911
0.42063
0.23324
0.29723
0.37322
0.32206
0.28302
0.24432
0.27231
0.23324
0.29602
0.29769
0.30892
0.30428
0.37367
0.27225
0.28290
0.25617
0.22252
0.25745
0.37115
0.26146
0.12989
0.34168
0.19798
0.21775
0.40779
0.16662
0.27531
0.22603
0.26324
0.24497
0.45426
0.20776
0.32736
0.40748
0.25596
0.26442
0.26187
0.27898
0.22427
0.36694
0.19058
0.37109
0.33893
0.25716
0.24756
0.24289
0.34673
0.28282
0.23392
0.37127
0.44235
0.33283
0.30251
0.36832
0.35393
0.22910
0.27445
0.29588
0.39081
0.20178
0.24633
0.24484
0.37404
0.27748
0.27131
0.26259
0.33030
0.34194
0.25028
0.28365
0.34550
0.32386
0.28683
0.25518
0.40744
0.28158
0.26874
0.29380
0.31502
0.35705
0.27368
0.28727
0.24615
0.32782
0.27180
0.23014
0.31858
0.28797
0.23401
0.29548
0.23953
0.30114
0.21520
0.04130
0.14191
0.17234
0.27157
0.25513
0.20444
0.23569
0.31411
0.16949
0.07407
0.16814
0.03602
0.32444
0.25841
0.18048
0.26254
0.03591
0.11413
0.20975
0.22671
0.05101
0.13371
0.23364
0.27146
0.21768
0.21106
0.26811
0.04152
0.29589
0.24617
0.04971
0.03581
0.10904
0.30224
0.16696
0.22352
0.22535
0.28177
0.05992
0.03011
0.09495
0.05352
0.28868
0.16099
0.12712
0.22234
0.27256
0.12415
0.28290
0.23251
0.03194
0.25010
0.03937
0.09820
0.24073
0.20063
0.18201
0.06344
0.07819
0.20023
0.20925
0.30415
0.24721
0.02060
0.05262
0.17898
0.20923
0.13490
0.18515
0.13105
0.27116
0.17596
0.11386
0.26549
0.28009
0.08526
0.17330
0.14144
0.04296
0.04886
0.20749
0.11956
0.18990
0.25599
0.25310
0.20287
0.31557
0.25580
0.18289
0.15936
0.16939
0.23679
0.03246
0.24206
0.11591
0.06015
0.23484
0.21834
0.27351
0.23783
0.06775
0.06543
0.08863
0.20889
0.20318
0.27210
0.13056
0.12703
0.28843
0.17013
0.21350
0.11971
0.02118
0.04325
0.14724
0.08947
0.08628
0.27516
0.29480
0.07570
0.12244
0.03975
0.07256
0.09606
0.21921
