0.21812
0.20939
0.21979
0.26317
0.12183
0.19253
0.26535
0.18273
0.21278
0.23107
0.26573
0.22228
0.21439
0.19531
0.17254
0.22123
0.20166
0.22895
0.19105
0.23321
0.30071
0.24110
0.17743
0.18333
0.20835
0.20737
0.21968
0.28786
0.20028
0.22968
0.18022
0.29435
0.23371
0.21719
0.20969
0.14520
0.17541
0.16603
0.28533
0.24641
0.28280
0.28415
0.22337
0.22828
0.28723
0.25389
0.17746
0.27945
0.26585
0.17321
0.21742
0.20168
0.17757
0.31412
0.18631
0.24501
0.28522
0.20909
0.22532
0.15758
0.24617
0.33694
0.18452
0.29102
0.28650
0.32125
0.21658
0.20125
0.22790
0.22682
0.24084
0.27985
0.33359
0.24209
0.24405
0.19075
0.19712
0.21528
0.24574
0.22917
0.34412
0.26023
0.31870
0.28178
0.28944
0.36107
0.21305
0.21369
0.23099
0.30227
0.35833
0.22670
0.19245
0.28607
0.13168
0.26171
0.22818
0.22260
0.21307
0.21113
0.20793
0.22478
0.24424
0.24361
0.26131
0.31377
0.21010
0.25048
0.23802
0.27239
0.15558
0.27012
0.17415
0.26890
0.27141
0.26268
0.26890
0.22361
0.21395
0.21305
0.26475
0.20037
0.30971
0.18680
0.17601
0.23347
0.34816
0.26219
0.18729
0.25413
0.20575
0.17386
0.30999
0.33093
0.22856
0.17472
0.16728
0.26455
0.26083
0.14123
0.20636
0.16081
0.31315
0.25449
0.24927
0.32034
0.18649
0.37237
0.22962
0.18823
0.26768
0.32019
0.20856
0.33396
0.31922
0.32649
0.17926
0.16348
0.23414
0.24036
0.31115
0.27955
0.28034
0.33348
0.17260
0.24742
0.31529
0.27841
0.13177
0.29390
0.13404
0.25891
0.24717
0.12563
0.22614
0.24906
0.17747
0.19921
0.23851
0.28088
0.19847
0.19407
0.26585
0.24395
0.19107
0.28262
0.24488
0.29254
0.25947
0.28421
0.21196
0.17787
0.15151
0.24771
0.25819
0.26851
0.27293
0.26308
0.20782
0.28886
0.25109
0.20856
0.22614
0.26911
0.13345
0.26729
0.17551
0.26843
0.26779
0.23886
0.24662
0.18984
0.18172
0.26230
0.28575
0.24646
0.24469
0.32477
0.23372
0.34377
0.21223
0.25784
0.22619
0.16996
0.16938
0.19676
0.21465
0.24843
0.23187
0.15281
0.24304
0.20463
0.28094
0.17470
0.21499
0.27083
0.19262
0.19519
0.21247
0.26591
0.18275
0.30705
0.17593
0.19481
0.21125
0.21445
0.23395
0.17413
0.21822
0.23549
0.25249
0.18128
0.20908
0.27797
0.22954
0.24176
0.19880
0.18209
0.20579
0.21742
0.24568
0.24208
0.28658
0.26376
0.20546
0.26907
0.30093
0.20201
0.23915
0.18798
0.23010
0.20762
0.15918
0.17197
0.39448
0.16951
0.16841
0.22624
0.20354
0.20461
0.26937
0.35615
0.17743
0.14355
0.29337
0.23233
0.23719
0.26470
0.27333
0.25156
0.19672
0.18858
0.25630
0.25083
0.20408
0.23674
0.23271
0.26280
0.25371
0.21755
0.36190
0.27534
0.26651
0.21933
0.22540
0.30090
0.31187
0.34958
0.16790
0.27369
0.21716
0.30360
0.23325
0.20254
0.21443
0.22093
0.20808
0.30511
0.25551
0.16462
0.16912
0.15067
0.29931
0.27681
0.27952
0.26986
0.22840
0.25729
0.21266
0.14844
0.32694
0.31806
0.37954
0.22685
0.32801
0.23286
0.24214
0.31101
0.29010
0.28127
0.20789
0.21780
0.21797
0.24725
0.13172
0.19616
0.22417
0.24878
0.24273
0.19943
0.20748
0.27171
0.26593
0.28411
0.27583
0.23646
0.33175
0.19949
0.22624
0.30475
0.17535
0.24037
0.20100
0.18816
0.22623
0.23160
0.27284
0.34697
0.22899
0.18258
0.27983
0.26519
0.25262
0.19987
0.23115
0.17479
0.15046
0.24168
0.23587
0.16027
0.28628
0.24238
0.23664
0.15933
0.20130
0.29365
0.20577
0.30521
0.34790
0.18303
0.29257
0.31450
0.29045
0.32538
0.29661
0.26702
0.34022
0.25856
0.25961
0.27685
0.23589
0.31429
0.21466
0.36367
0.31908
0.25364
0.26025
0.26134
0.25052
0.35053
0.29505
0.26668
0.30623
0.31323
0.20843
0.26370
0.33341
0.28747
0.24420
0.25949
0.28992
0.31085
0.23726
0.20907
0.34041
0.31069
0.24755
0.34880
0.22285
0.31067
0.34829
0.29424
0.27661
0.32930
0.30613
0.24736
0.29334
0.32791
0.22127
0.29515
0.33038
0.23571
0.27249
0.30212
0.21340
0.30927
0.26395
0.27646
0.30923
0.28916
0.26202
0.20577
0.29801
0.35706
0.15318
0.27800
0.21196
0.19173
0.23665
0.36450
0.30416
0.28381
0.16572
0.36048
0.25847
0.28308
0.35813
0.29711
0.31310
0.28637
0.23187
0.28778
0.20274
0.36575
0.28688
0.21740
0.17493
0.32941
0.22353
0.25797
0.27972
0.24507
0.34279
0.30534
0.23813
0.29646
0.28923
0.19342
0.15959
0.30343
0.18337
0.20218
0.16093
0.30734
0.32065
0.27348
0.27237
0.24342
0.30240
0.22648
0.31231
0.31240
0.28805
0.20548
0.27549
0.30309
0.23301
0.18997
0.34846
0.30088
0.20391
0.33911
0.31271
0.27693
0.35559
0.30546
0.24969
0.27002
0.22863
0.28626
0.30641
0.26351
0.25543
0.23414
0.15987
0.32080
0.23978
0.28715
0.22970
0.28376
0.32545
0.28300
0.20224
0.24629
0.29499
0.20525
0.26701
0.21253
0.24559
0.25281
0.23987
0.20176
0.29838
0.31218
0.31219
0.25976
0.24475
0.31532
0.22813
0.19158
0.21294
0.27672
0.31168
0.17554
0.19878
0.28264
0.28770
0.20986
0.18214
0.22050
0.26547
0.19403
0.26550
0.22663
0.33137
0.18607
0.28687
0.26491
0.29019
0.20462
0.29615
0.29171
0.26280
0.37133
0.19503
0.31200
0.24344
0.35432
0.30961
0.27877
0.28441
0.27382
0.26062
0.23385
0.30752
0.29107
0.27367
0.28120
0.26200
0.32855
0.26822
0.26566
0.23150
0.34456
0.20650
0.27445
0.22035
0.28595
0.26107
0.25093
0.23217
0.25749
0.26249
0.31628
0.21662
0.32000
0.24289
0.27173
0.26682
0.28653
0.29891
0.15736
0.21181
0.31974
0.33646
0.26844
0.27698
0.28318
0.26336
0.25874
0.25027
0.29540
0.29899
0.30410
0.23803
0.21526
0.27228
0.31266
0.25582
0.27383
0.24229
0.31064
0.27742
0.16618
0.20898
0.29077
0.28265
0.29251
0.29943
0.27687
0.34993
0.34102
0.17403
0.26953
0.29944
0.30634
0.27806
0.32653
0.32971
0.25121
0.19134
0.19983
0.27154
0.32668
0.35168
0.29622
0.29293
0.31804
0.24577
0.26821
0.27730
0.26753
0.17840
0.33431
0.22162
0.23215
0.33367
0.30015
0.25906
0.27051
0.23617
0.29265
0.34328
0.32849
0.26864
0.28212
0.22084
0.32188
0.31520
0.14522
0.26189
0.19843
0.25919
0.30659
0.24617
0.26132
0.23627
0.27368
0.25251
0.20119
0.23144
0.33539
0.29813
0.26916
0.19995
0.28866
0.24539
0.24094
0.21254
0.34030
0.28633
0.33491
0.25269
0.29503
0.31523
0.28018
0.23361
0.26499
0.19235
0.33403
0.28484
0.34109
0.25075
0.30998
0.34338
0.27988
0.26575
0.31257
0.18990
0.22642
0.27354
0.23511
0.30519
0.29141
0.31208
0.35500
0.36857
0.30272
0.29219
0.25662
0.29751
0.28935
0.34839
0.26385
0.29615
0.30082
0.30866
0.32285
0.30944
0.38431
0.24299
0.23995
0.30914
0.24499
0.31783
0.32192
0.23284
0.25285
0.35600
0.22130
0.26446
0.30046
0.26273
0.22084
0.24539
0.27780
0.25838
0.25699
0.35857
0.28297
0.25695
0.33526
0.27762
0.29977
0.29296
0.26451
0.16520
0.33575
0.32052
0.34975
0.32159
0.31398
0.40984
0.39394
0.28567
0.19500
0.31942
0.37945
0.28283
0.21502
0.30323
0.34315
0.26197
0.23374
0.33454
0.24219
0.27758
0.26694
0.34780
0.35967
0.36778
0.30269
0.31997
0.27845
0.40041
0.27841
0.29538
0.32520
0.34722
0.30876
0.20248
0.31078
0.44385
0.26609
0.40407
0.40491
0.20441
0.27765
0.38083
0.32042
0.28149
0.24257
0.31387
0.22609
0.28820
0.29199
0.32667
0.30578
0.38006
0.26182
0.29680
0.26014
0.19785
0.29198
0.39946
0.23961
0.12472
0.32502
0.17853
0.19961
0.39539
0.16080
0.25583
0.22697
0.31720
0.25000
0.43947
0.21249
0.34950
0.41037
0.23910
0.25134
0.26341
0.27237
0.23097
0.35947
0.18677
0.37277
0.34335
0.24255
0.27157
0.24616
0.34444
0.27837
0.22785
0.35989
0.41889
0.30593
0.27360
0.36549
0.37721
0.25309
0.28646
0.28848
0.39216
0.21979
0.23868
0.22468
0.34658
0.29245
0.24327
0.28277
0.31621
0.36090
0.25294
0.31760
0.35597
0.29749
0.30666
0.26055
0.37220
0.30164
0.27137
0.31322
0.30759
0.34659
0.27701
0.31980
0.22950
0.34703
0.27938
0.23336
0.32122
0.28464
0.24580
0.30089
0.23927
0.26359
0.24797
0.17740
0.21326
0.24855
0.17956
0.30072
0.20941
0.23250
0.33826
0.25761
0.23056
0.20264
0.21037
0.24267
0.25335
0.17868
0.24893
0.19628
0.20258
0.17635
0.28206
0.18285
0.21676
0.23266
0.25668
0.15567
0.21094
0.26198
0.17467
0.29668
0.23337
0.18504
0.13872
0.23711
0.32508
0.18969
0.25651
0.17143
0.29825
0.22959
0.15097
0.21084
0.18923
0.25592
0.21995
0.24732
0.24534
0.30780
0.21117
0.25602
0.22274
0.19666
0.29117
0.20575
0.23084
0.28184
0.15801
0.27197
0.22968
0.18946
0.12856
0.20626
0.23960
0.21976
0.15857
0.23281
0.19348
0.21994
0.17118
0.21064
0.22043
0.26535
0.18988
0.21041
0.25106
0.27538
0.20073
0.23990
0.25689
0.16213
0.13733
0.26302
0.18208
0.16153
0.25510
0.23411
0.19202
0.31196
0.25479
0.25822
0.24384
0.20681
0.19618
0.16018
0.26900
0.18752
0.18010
0.20655
0.21699
0.29494
0.21762
0.22087
0.19443
0.23027
0.26402
0.19730
0.26430
0.19125
0.26406
0.30217
0.22477
0.21577
0.19759
0.19362
0.18753
0.22941
0.18270
0.21248
0.23992
0.26307
0.25984
0.21049
0.16801
0.21779
0.25557
0.24731
