0.16916
0.14067
0.15365
0.26268
0.09956
0.16936
0.23158
0.17684
0.16717
0.16530
0.22535
0.16985
0.20216
0.16773
0.14102
0.23152
0.17964
0.17377
0.19850
0.18046
0.30625
0.16742
0.17067
0.08708
0.23145
0.21142
0.21632
0.26625
0.13475
0.20441
0.16108
0.23581
0.18822
0.12235
0.13490
0.09766
0.14410
0.11859
0.21791
0.18663
0.30088
0.27560
0.17894
0.20769
0.30945
0.22651
0.17550
0.27170
0.21191
0.16566
0.12507
0.18998
0.16806
0.31368
0.09594
0.23772
0.21558
0.15120
0.16695
0.11881
0.26158
0.29920
0.17509
0.23418
0.29327
0.32533
0.17706
0.17346
0.17709
0.12824
0.16557
0.32312
0.30979
0.24642
0.23728
0.19176
0.17783
0.10307
0.23575
0.21657
0.31722
0.20236
0.32361
0.25455
0.24680
0.35336
0.12571
0.09687
0.17008
0.24626
0.34388
0.22311
0.17288
0.23872
0.10948
0.22336
0.21386
0.21595
0.20458
0.15819
0.10745
0.22141
0.19657
0.18752
0.24898
0.27699
0.17535
0.21987
0.20073
0.29037
0.09393
0.28957
0.15427
0.22369
0.20729
0.22263
0.26349
0.14774
0.10027
0.23541
0.28992
0.17288
0.31195
0.09084
0.13331
0.18334
0.30733
0.25523
0.17683
0.28303
0.15666
0.14626
0.24400
0.32673
0.14633
0.15948
0.14647
0.29058
0.28149
0.12057
0.17749
0.08172
0.28265
0.20765
0.21132
0.27672
0.15660
0.36663
0.21481
0.10530
0.21875
0.31202
0.16705
0.31762
0.33888
0.31770
0.15552
0.21533
0.20593
0.26835
0.28035
0.24037
0.27012
0.32840
0.13112
0.16670
0.29906
0.27998
0.08700
0.25418
0.12434
0.27110
0.22588
0.07805
0.15974
0.24929
0.15291
0.13605
0.24665
0.29536
0.12581
0.12182
0.24625
0.21437
0.18415
0.20943
0.24307
0.26954
0.26005
0.20925
0.15181
0.10169
0.09424
0.17084
0.22438
0.23376
0.26583
0.22633
0.13507
0.27302
0.24303
0.13924
0.22729
0.18309
0.09462
0.24140
0.15209
0.24888
0.23483
0.15291
0.27978
0.24818
0.17701
0.24690
0.25278
0.25729
0.17688
0.29827
0.26361
0.35114
0.15803
0.21671
0.18334
0.15858
0.18191
0.13870
0.17848
0.24931
0.20030
0.12463
0.27516
0.14602
0.27729
0.19463
0.11102
0.23377
0.17427
0.12919
0.17418
0.22545
0.12959
0.31659
0.15404
0.13275
0.22696
0.22569
0.13624
0.11699
0.17736
0.14291
0.16409
0.18311
0.16903
0.27852
0.14129
0.20614
0.21430
0.12289
0.13432
0.17461
0.21856
0.20058
0.22872
0.24824
0.20992
0.22051
0.26241
0.10871
0.20499
0.14259
0.23210
0.17646
0.14407
0.08971
0.34703
0.16683
0.11169
0.25381
0.22603
0.14770
0.22420
0.35025
0.15327
0.12687
0.29526
0.14311
0.21548
0.22628
0.22288
0.19161
0.13763
0.13063
0.22058
0.24011
0.18954
0.14841
0.20940
0.21019
0.20617
0.20312
0.31056
0.31747
0.28371
0.15506
0.22139
0.29136
0.28772
0.32926
0.05531
0.26339
0.13350
0.27806
0.19066
0.13221
0.14823
0.19570
0.15673
0.28846
0.24131
0.11465
0.14246
0.13087
0.24134
0.26291
0.28183
0.21232
0.23791
0.22758
0.16169
0.10765
0.29639
0.28787
0.34648
0.24930
0.31038
0.23034
0.25716
0.28805
0.28932
0.25224
0.14838
0.12795
0.14458
0.21881
0.12153
0.16912
0.24993
0.16373
0.23909
0.16909
0.20888
0.19292
0.27384
0.25383
0.24273
0.21879
0.33656
0.15993
0.15213
0.29277
0.21464
0.20712
0.13808
0.18930
0.19560
0.19075
0.25500
0.33787
0.17182
0.12741
0.26842
0.25014
0.12278
0.11420
0.13833
0.13281
0.12970
0.14490
0.24973
0.10317
0.28447
0.20317
0.19781
0.10244
0.21945
0.29286
0.16642
0.29123
0.35077
0.17360
0.28325
0.31099
0.30431
0.29450
0.28154
0.20820
0.34611
0.22628
0.22844
0.26567
0.23317
0.29810
0.17262
0.36785
0.31806
0.27438
0.24292
0.25519
0.22735
0.33738
0.29851
0.23187
0.32140
0.32504
0.22615
0.23880
0.31822
0.27149
0.23933
0.23846
0.25285
0.29266
0.22914
0.22036
0.33399
0.21591
0.25409
0.29435
0.18009
0.29737
0.34955
0.28458
0.25047
0.31103
0.24830
0.21026
0.25454
0.32769
0.24153
0.24659
0.31957
0.26835
0.22943
0.28294
0.19447
0.30605
0.24725
0.28289
0.31566
0.28775
0.26836
0.19936
0.27127
0.36823
0.15344
0.27151
0.18226
0.17878
0.20205
0.36205
0.30661
0.31816
0.18006
0.34226
0.27698
0.26451
0.36327
0.31262
0.27409
0.29848
0.23243
0.28294
0.18563
0.34125
0.25863
0.21573
0.19144
0.31547
0.20823
0.25793
0.29132
0.24251
0.34648
0.33627
0.22918
0.33455
0.28578
0.16552
0.16543
0.26141
0.21132
0.19310
0.16637
0.29222
0.32909
0.26420
0.27984
0.24904
0.28549
0.21122
0.28742
0.26911
0.27477
0.21748
0.27957
0.27208
0.24334
0.19782
0.33207
0.27954
0.16712
0.30384
0.31044
0.26079
0.36451
0.30935
0.23245
0.26353
0.20885
0.29216
0.31120
0.22857
0.28581
0.25445
0.16211
0.31896
0.24325
0.29142
0.23501
0.26000
0.31824
0.28375
0.21458
0.24626
0.28191
0.20775
0.26794
0.20186
0.23887
0.24138
0.25431
0.22028
0.30550
0.31598
0.31712
0.25270
0.16764
0.32060
0.21558
0.20033
0.20385
0.29466
0.31919
0.18803
0.19844
0.26545
0.26611
0.20732
0.16938
0.24297
0.25440
0.15773
0.26188
0.22974
0.30774
0.19771
0.21046
0.27283
0.27377
0.17931
0.28703
0.27648
0.27213
0.38000
0.21031
0.32232
0.22904
0.35256
0.31781
0.26283
0.27289
0.26257
0.26444
0.21704
0.29306
0.29273
0.21406
0.28555
0.28754
0.34459
0.23457
0.27311
0.23014
0.33960
0.23891
0.26428
0.20017
0.25864
0.27882
0.26120
0.22785
0.25258
0.23211
0.30235
0.21969
0.31006
0.24464
0.23300
0.27848
0.27113
0.29229
0.15060
0.19913
0.32889
0.34004
0.24626
0.26499
0.28678
0.26642
0.23749
0.22655
0.30627
0.28555
0.27025
0.26531
0.19704
0.28232
0.31484
0.25144
0.22903
0.23992
0.33131
0.26100
0.14232
0.22113
0.28929
0.29518
0.24074
0.29355
0.22636
0.35215
0.34918
0.15663
0.23467
0.30683
0.27168
0.23791
0.30181
0.32282
0.24250
0.20809
0.19923
0.24194
0.26380
0.35446
0.29866
0.28752
0.28674
0.22688
0.25992
0.29909
0.28236
0.18526
0.32480
0.22515
0.24279
0.32157
0.31409
0.26335
0.24406
0.25408
0.29138
0.33347
0.33963
0.25034
0.27045
0.20910
0.28845
0.28971
0.15698
0.25479
0.21996
0.22948
0.27663
0.25169
0.23677
0.24606
0.23318
0.22521
0.21053
0.23382
0.32834
0.29865
0.23431
0.18621
0.29241
0.24249
0.23060
0.17826
0.32912
0.28796
0.33266
0.25932
0.24624
0.26154
0.25934
0.22313
0.25970
0.17801
0.32352
0.26332
0.32437
0.27841
0.31136
0.34378
0.25644
0.24265
0.28728
0.17269
0.19783
0.27430
0.23151
0.30842
0.31106
0.27270
0.31271
0.37886
0.30332
0.32509
0.27685
0.31147
0.28742
0.34377
0.22215
0.26705
0.33555
0.31277
0.26045
0.33278
0.36308
0.22448
0.25107
0.30200
0.21974
0.30764
0.32731
0.23589
0.24821
0.33624
0.21897
0.24940
0.32230
0.22574
0.23529
0.24707
0.25044
0.27917
0.28820
0.31873
0.29051
0.25679
0.28974
0.25649
0.28227
0.27723
0.28009
0.16543
0.31094
0.32683
0.35636
0.31827
0.30483
0.39872
0.40181
0.25592
0.18498
0.31025
0.39963
0.29294
0.18810
0.30603
0.35222
0.25738
0.22575
0.33734
0.21560
0.27264
0.25566
0.34283
0.36598
0.42274
0.31086
0.29117
0.27826
0.39230
0.28873
0.31448
0.30384
0.33214
0.28070
0.16866
0.32126
0.45033
0.25264
0.39641
0.39105
0.20900
0.28437
0.35705
0.30922
0.28234
0.23249
0.29847
0.22484
0.27184
0.30165
0.26680
0.31432
0.37074
0.25836
0.28721
0.25309
0.20142
0.24233
0.40611
0.24122
0.14750
0.33668
0.19974
0.18805
0.41923
0.18518
0.28247
0.24531
0.27867
0.24845
0.45519
0.21179
0.33867
0.37642
0.24814
0.18554
0.25953
0.24434
0.18483
0.37009
0.20152
0.35695
0.34506
0.28326
0.23628
0.24258
0.34796
0.27461
0.24205
0.36698
0.44669
0.30517
0.30712
0.38113
0.36309
0.21599
0.28771
0.28813
0.36165
0.22015
0.23374
0.24655
0.35231
0.28577
0.25297
0.26436
0.32187
0.37662
0.22930
0.30845
0.32850
0.28039
0.30949
0.24660
0.34962
0.28150
0.28172
0.27915
0.29870
0.33920
0.25620
0.30775
0.24829
0.34411
0.26587
0.26184
0.29978
0.29809
0.22002
0.28729
0.16701
0.32431
0.24256
0.06936
0.16869
0.22182
0.25862
0.31176
0.23681
0.28072
0.35981
0.23326
0.12591
0.20681
0.10338
0.26896
0.24348
0.18807
0.25902
0.13460
0.17897
0.15834
0.23147
0.14910
0.14005
0.24964
0.26939
0.13728
0.21959
0.24118
0.16081
0.32899
0.23539
0.14764
0.08445
0.18826
0.31389
0.17508
0.18229
0.23338
0.31854
0.17053
0.17149
0.12877
0.10629
0.30088
0.20039
0.21566
0.22153
0.31054
0.17318
0.29332
0.22030
0.11911
0.28503
0.06562
0.12999
0.28556
0.16489
0.27538
0.16784
0.17585
0.21564
0.21808
0.27818
0.26917
0.10793
0.12002
0.22524
0.22212
0.21296
0.19700
0.18306
0.27330
0.19816
0.12738
0.25954
0.28152
0.17888
0.21192
0.18009
0.13152
0.10750
0.21654
0.17112
0.15755
0.22696
0.25849
0.20787
0.32838
0.27553
0.29024
0.22327
0.24822
0.22616
0.09896
0.26904
0.15463
0.14599
0.24627
0.20819
0.26862
0.27773
0.15654
0.11029
0.13985
0.22005
0.25780
0.31077
0.12544
0.25862
0.33163
0.10595
0.23083
0.15900
0.12816
0.08879
0.21613
0.11946
0.12962
0.24403
0.29466
0.15789
0.15219
0.17057
0.13903
0.11372
0.29652
