0.10381
0.09979
0.04119
0.26224
0.07519
0.14464
0.23759
0.18056
0.16657
0.07264
0.18523
0.13709
0.15490
0.11929
0.10559
0.23351
0.12379
0.12828
0.07960
0.14400
0.32234
0.13644
0.17091
0.03587
0.21217
0.15867
0.10288
0.28854
0.14310
0.16429
0.16841
0.26615
0.15753
0.11145
0.13057
0.09506
0.12739
0.07212
0.14704
0.16713
0.29759
0.29026
0.08279
0.16044
0.29711
0.24589
0.18792
0.26324
0.19099
0.16094
0.09218
0.15996
0.16480
0.31056
0.09017
0.24685
0.23320
0.10820
0.15632
0.10981
0.30114
0.28355
0.10244
0.22354
0.29012
0.32846
0.04967
0.18433
0.13527
0.05763
0.13252
0.31123
0.33592
0.21920
0.25117
0.10883
0.07633
0.05296
0.19909
0.15964
0.34089
0.18586
0.34831
0.27815
0.25233
0.37801
0.08958
0.12806
0.13463
0.23975
0.33183
0.17233
0.06433
0.27413
0.04718
0.15373
0.21654
0.20956
0.21256
0.16831
0.09426
0.20562
0.12687
0.12458
0.23443
0.31166
0.19265
0.18097
0.22129
0.29473
0.03271
0.26554
0.04968
0.24558
0.14716
0.18049
0.27006
0.06081
0.08466
0.19739
0.24289
0.08431
0.29121
0.02126
0.11104
0.18113
0.32734
0.30477
0.22950
0.26911
0.11555
0.15043
0.27700
0.34929
0.10788
0.17072
0.08450
0.29281
0.26468
0.02742
0.17624
0.05190
0.31492
0.17696
0.14978
0.31379
0.08466
0.37278
0.18697
0.08814
0.19158
0.26670
0.12580
0.33456
0.32186
0.32736
0.10798
0.16851
0.15108
0.21338
0.30415
0.29615
0.26961
0.35050
0.10098
0.10071
0.32305
0.26915
0.09364
0.29096
0.05684
0.24999
0.24102
0.08328
0.08683
0.23622
0.05964
0.08956
0.19338
0.26822
0.07093
0.10666
0.25719
0.18443
0.08503
0.19518
0.24122
0.26732
0.26938
0.19800
0.13182
0.10395
0.04049
0.13367
0.11759
0.24254
0.22563
0.13724
0.10432
0.27356
0.23086
0.06054
0.20834
0.12952
0.05725
0.23717
0.12886
0.22285
0.25955
0.08873
0.27212
0.25223
0.11514
0.25615
0.21430
0.20067
0.13604
0.26958
0.26209
0.34017
0.09610
0.24070
0.12177
0.05195
0.08876
0.05737
0.19638
0.19263
0.13219
0.07633
0.24463
0.10538
0.23469
0.14530
0.03820
0.29570
0.11628
0.06246
0.11035
0.27491
0.06474
0.31410
0.10592
0.11294
0.15364
0.21407
0.10407
0.06184
0.16214
0.11913
0.10955
0.10805
0.11357
0.27193
0.14542
0.18259
0.19376
0.10351
0.07673
0.13248
0.23053
0.15045
0.21283
0.16828
0.16863
0.28426
0.30345
0.09150
0.19511
0.05109
0.10612
0.12744
0.08359
0.04219
0.37098
0.21058
0.11040
0.20327
0.17052
0.07733
0.13217
0.36194
0.11395
0.11267
0.30735
0.11853
0.22065
0.19128
0.20425
0.18162
0.07790
0.11945
0.23374
0.23781
0.22456
0.11390
0.23020
0.20842
0.21247
0.15611
0.34177
0.29645
0.27038
0.14939
0.17750
0.30991
0.32303
0.34901
0.04812
0.26426
0.10813
0.28290
0.15615
0.07863
0.15631
0.10884
0.10280
0.20739
0.20671
0.09669
0.08972
0.07475
0.26522
0.19372
0.27288
0.15116
0.20097
0.25720
0.13769
0.05685
0.29351
0.29358
0.34329
0.28084
0.33839
0.22863
0.27353
0.32495
0.27398
0.26835
0.08355
0.09886
0.14383
0.23690
0.08678
0.13130
0.22497
0.13094
0.21445
0.11358
0.19866
0.16739
0.29773
0.25636
0.25248
0.22087
0.29221
0.18103
0.18922
0.31615
0.05500
0.23386
0.05359
0.06116
0.24745
0.03713
0.23578
0.35104
0.09688
0.05550
0.15332
0.25936
0.10701
0.06032
0.06679
0.03984
0.07863
0.12021
0.22508
0.08305
0.28771
0.15048
0.20521
0.11801
0.18411
0.30077
0.19549
0.27953
0.34821
0.17972
0.30928
0.30497
0.29841
0.31681
0.28971
0.23634
0.35368
0.25295
0.25750
0.25110
0.22279
0.30396
0.20507
0.38482
0.31173
0.24944
0.26528
0.24969
0.25107
0.35020
0.27814
0.24373
0.31819
0.33299
0.24868
0.26110
0.33118
0.27007
0.21383
0.23680
0.29928
0.30532
0.23971
0.20533
0.34445
0.25021
0.24271
0.31342
0.18916
0.29007
0.35806
0.29354
0.29529
0.31160
0.27789
0.24165
0.28807
0.31606
0.20294
0.28274
0.31032
0.26701
0.29116
0.30038
0.20506
0.29550
0.25423
0.27817
0.31671
0.28328
0.25945
0.19377
0.27985
0.35613
0.13704
0.27444
0.19888
0.20503
0.18147
0.35545
0.28721
0.32663
0.17290
0.34499
0.25616
0.25886
0.36142
0.29375
0.30130
0.28584
0.24397
0.28159
0.18466
0.36959
0.29794
0.26065
0.18402
0.31226
0.20191
0.25484
0.28394
0.26155
0.35717
0.31036
0.20796
0.32954
0.33276
0.18138
0.17161
0.28127
0.17907
0.20048
0.15000
0.30833
0.34904
0.25404
0.27254
0.24219
0.30311
0.21257
0.30607
0.25807
0.27321
0.21542
0.28636
0.29954
0.19243
0.15254
0.34168
0.28886
0.18222
0.33485
0.30080
0.26396
0.34716
0.31026
0.22616
0.27209
0.21387
0.29559
0.28831
0.27693
0.29513
0.25319
0.19148
0.29829
0.22916
0.27759
0.22963
0.27902
0.31921
0.27594
0.18308
0.24945
0.27280
0.20378
0.30636
0.19765
0.25258
0.24045
0.22887
0.23120
0.29345
0.30486
0.32211
0.23686
0.19536
0.32046
0.20437
0.20181
0.19863
0.29621
0.32466
0.16143
0.19187
0.28423
0.27137
0.19470
0.15840
0.23188
0.25270
0.20155
0.25181
0.25588
0.32005
0.17791
0.23673
0.27033
0.28188
0.19004
0.29215
0.29990
0.26188
0.34543
0.19966
0.32313
0.22814
0.37734
0.30206
0.24403
0.26765
0.28021
0.26067
0.20512
0.29325
0.30805
0.26738
0.28668
0.27597
0.33758
0.24294
0.30398
0.25598
0.32891
0.23086
0.27599
0.23542
0.26209
0.25925
0.26875
0.21858
0.23511
0.27463
0.29048
0.22339
0.31447
0.23671
0.26760
0.29651
0.28728
0.30003
0.14458
0.21564
0.32881
0.31414
0.25212
0.28612
0.28711
0.25263
0.23803
0.22289
0.29220
0.27876
0.26030
0.25586
0.19755
0.29421
0.30327
0.24876
0.26839
0.23555
0.33767
0.27286
0.18139
0.21827
0.29028
0.28924
0.29545
0.27543
0.27422
0.35383
0.34152
0.15937
0.24495
0.31468
0.27567
0.29289
0.30061
0.33857
0.22054
0.20931
0.19596
0.23771
0.27123
0.35509
0.30562
0.29251
0.27682
0.22327
0.24040
0.30793
0.28800
0.18334
0.33060
0.23120
0.25050
0.32487
0.30560
0.25867
0.23253
0.22814
0.28356
0.33953
0.33947
0.24930
0.29773
0.21632
0.30345
0.29431
0.13390
0.27609
0.20514
0.23519
0.28772
0.23703
0.25722
0.23852
0.26003
0.22682
0.22079
0.27022
0.34214
0.26809
0.26236
0.20408
0.29643
0.24804
0.23498
0.18296
0.31225
0.27128
0.33953
0.27772
0.25179
0.27464
0.27250
0.22556
0.25871
0.21201
0.33330
0.27607
0.32066
0.27115
0.27680
0.35056
0.25335
0.25038
0.31377
0.20530
0.19109
0.29931
0.22628
0.28381
0.31137
0.28532
0.31592
0.37733
0.29612
0.31476
0.25556
0.30647
0.26848
0.36335
0.24378
0.27090
0.32839
0.30985
0.29093
0.32483
0.37780
0.24884
0.24085
0.33331
0.23988
0.29640
0.30021
0.24084
0.27193
0.35680
0.22753
0.26082
0.30868
0.25342
0.24534
0.24823
0.26997
0.29606
0.29430
0.30013
0.27204
0.24668
0.30745
0.27914
0.31578
0.28851
0.29114
0.15586
0.33714
0.32992
0.36164
0.31031
0.30442
0.39588
0.41025
0.28726
0.16654
0.30760
0.38310
0.28244
0.21417
0.31123
0.32643
0.23027
0.24254
0.32239
0.26167
0.28699
0.25185
0.34529
0.34904
0.41129
0.33091
0.31807
0.28322
0.39752
0.32783
0.31777
0.30709
0.36310
0.27121
0.16863
0.32210
0.46486
0.23901
0.41980
0.40515
0.21447
0.30738
0.35033
0.32727
0.29278
0.26330
0.29635
0.24661
0.29174
0.31012
0.31069
0.31144
0.38939
0.29443
0.29106
0.24694
0.21545
0.27115
0.40185
0.25605
0.09732
0.34288
0.16704
0.18822
0.41794
0.14010
0.26068
0.21239
0.29109
0.26133
0.43721
0.17427
0.34454
0.39770
0.27119
0.23622
0.27164
0.28116
0.22641
0.35989
0.16516
0.37579
0.34961
0.25803
0.26150
0.24614
0.34617
0.29545
0.19402
0.35026
0.41840
0.32926
0.29913
0.36037
0.38159
0.22841
0.24877
0.29350
0.39201
0.20340
0.23860
0.24062
0.36369
0.29728
0.26351
0.28113
0.35000
0.36574
0.24501
0.29937
0.35441
0.29421
0.29097
0.25534
0.39891
0.30357
0.29353
0.30059
0.31424
0.35229
0.28383
0.31400
0.23256
0.33734
0.26138
0.24781
0.31896
0.28132
0.24605
0.29701
0.21654
0.30718
0.22875
0.08606
0.09826
0.25384
0.24056
0.26626
0.19904
0.26158
0.36103
0.21682
0.04115
0.18281
0.03595
0.26234
0.20173
0.18602
0.26578
0.08644
0.10340
0.17302
0.19354
0.06120
0.12558
0.24422
0.28484
0.17368
0.21812
0.28708
0.05916
0.31849
0.24583
0.07997
0.05365
0.15416
0.31125
0.20610
0.27161
0.20808
0.27267
0.04748
0.06899
0.08538
0.10303
0.29799
0.09744
0.15904
0.17800
0.24879
0.15411
0.30638
0.21837
0.02793
0.27180
0.03607
0.06947
0.28237
0.19564
0.27034
0.05106
0.06063
0.18163
0.20951
0.31339
0.24024
0.05579
0.03152
0.17677
0.21918
0.14113
0.20333
0.12222
0.28277
0.12928
0.12588
0.28070
0.30117
0.12602
0.17036
0.14624
0.03593
0.04586
0.21448
0.08048
0.20225
0.22089
0.24126
0.20680
0.31308
0.18122
0.23672
0.18203
0.20164
0.18506
0.07529
0.23922
0.10360
0.09320
0.24369
0.23525
0.31288
0.25256
0.06767
0.04466
0.17630
0.22000
0.23657
0.22305
0.08831
0.22839
0.24411
0.11047
0.22204
0.11216
0.03317
0.04594
0.19293
0.10110
0.08253
0.25150
0.28031
0.11681
0.07808
0.04846
0.03053
0.07886
0.27943
