0.07321
0.09375
0.05817
0.23545
0.06706
0.13594
0.19619
0.14850
0.13315
0.07548
0.17480
0.11701
0.12081
0.11050
0.14318
0.21543
0.11247
0.09922
0.08989
0.15463
0.28565
0.12709
0.13540
0.05671
0.19802
0.11363
0.10894
0.25227
0.09503
0.14692
0.13826
0.22113
0.16826
0.10567
0.08531
0.09327
0.09574
0.04432
0.11608
0.16080
0.29245
0.24160
0.08288
0.10516
0.27516
0.21486
0.17894
0.22377
0.15319
0.13381
0.09411
0.11355
0.13245
0.24909
0.09892
0.19435
0.17890
0.12427
0.13135
0.06451
0.25369
0.26624
0.14058
0.19961
0.27835
0.28232
0.05914
0.14789
0.08997
0.06707
0.12886
0.30974
0.29367
0.19578
0.26930
0.11042
0.09679
0.03730
0.22646
0.14374
0.29656
0.14595
0.28012
0.27303
0.22392
0.33636
0.08802
0.06557
0.13085
0.25973
0.33085
0.09443
0.05439
0.24071
0.08244
0.14955
0.19749
0.22586
0.20607
0.14308
0.09154
0.18232
0.12414
0.10857
0.21992
0.29986
0.10361
0.15958
0.14042
0.28635
0.02964
0.27085
0.06512
0.23298
0.10570
0.16190
0.27580
0.04277
0.03821
0.16621
0.17795
0.08134
0.24291
0.02406
0.08160
0.12417
0.30423
0.27171
0.15021
0.26629
0.06787
0.06249
0.31920
0.32939
0.09429
0.08780
0.07954
0.28440
0.24379
0.06562
0.09194
0.07396
0.29200
0.15902
0.13029
0.22069
0.10086
0.33790
0.16783
0.09635
0.18150
0.24378
0.10599
0.27947
0.27676
0.32128
0.09933
0.15426
0.12335
0.19779
0.20733
0.22180
0.26035
0.30271
0.10680
0.08792
0.30035
0.26937
0.04978
0.24452
0.03975
0.22765
0.22900
0.04578
0.10388
0.20243
0.06276
0.07329
0.17252
0.22972
0.06859
0.09478
0.21056
0.11498
0.04837
0.13863
0.20532
0.24759
0.26377
0.11749
0.09743
0.03691
0.05010
0.11280
0.10317
0.20295
0.20101
0.12903
0.06627
0.28822
0.26448
0.07538
0.18968
0.15924
0.04089
0.21538
0.08958
0.18159
0.25176
0.10585
0.25233
0.21901
0.10395
0.25826
0.26632
0.23550
0.12824
0.25975
0.17382
0.31079
0.10481
0.13359
0.10256
0.04839
0.09263
0.02729
0.13398
0.17838
0.10403
0.05726
0.22155
0.09932
0.22904
0.09318
0.04186
0.28354
0.11371
0.03734
0.10899
0.24475
0.05607
0.28915
0.09752
0.10646
0.14056
0.19948
0.11088
0.02611
0.09822
0.09960
0.10838
0.10749
0.08424
0.26704
0.12773
0.16154
0.19385
0.08207
0.05700
0.14813
0.15139
0.13341
0.21889
0.17013
0.14320
0.21414
0.26245
0.08551
0.13642
0.05390
0.08534
0.12518
0.07450
0.03428
0.32771
0.14468
0.03034
0.18392
0.10570
0.05998
0.19227
0.31476
0.10459
0.05090
0.28106
0.11631
0.21130
0.16780
0.14976
0.13972
0.07514
0.10580
0.15577
0.21862
0.12018
0.10387
0.15942
0.12882
0.16555
0.14402
0.31468
0.26536
0.27708
0.09304
0.07218
0.29082
0.30944
0.29190
0.05266
0.28347
0.10657
0.26173
0.13847
0.11798
0.11576
0.10417
0.10724
0.16538
0.25841
0.04557
0.08777
0.08702
0.25165
0.18531
0.21295
0.16888
0.25433
0.23515
0.11231
0.06672
0.26776
0.26114
0.35944
0.23432
0.32511
0.20614
0.23476
0.28219
0.25031
0.24888
0.06673
0.07712
0.10817
0.23672
0.03494
0.04673
0.19788
0.15450
0.21638
0.09726
0.14141
0.11496
0.23340
0.30165
0.19824
0.17867
0.32274
0.12170
0.15048
0.29947
0.07328
0.18003
0.06642
0.06674
0.16644
0.03190
0.22975
0.33966
0.06581
0.07660
0.12493
0.25160
0.10509
0.05701
0.07820
0.07761
0.08386
0.10265
0.19102
0.07847
0.31622
0.14652
0.19341
0.07913
0.20541
0.30009
0.22357
0.24609
0.36012
0.19074
0.29492
0.31076
0.26368
0.29920
0.27614
0.23744
0.35911
0.28189
0.24688
0.23477
0.17128
0.28279
0.18050
0.36680
0.32082
0.28103
0.22410
0.24523
0.23362
0.34528
0.26762
0.21500
0.32184
0.33392
0.22186
0.24997
0.31964
0.26863
0.25123
0.24744
0.26112
0.31642
0.26488
0.20611
0.35842
0.27216
0.22750
0.32001
0.20445
0.31395
0.34143
0.27979
0.28861
0.25427
0.26115
0.22145
0.24784
0.33211
0.21351
0.27529
0.33341
0.23901
0.27001
0.28743
0.17574
0.29475
0.23526
0.27171
0.31287
0.29258
0.23926
0.18458
0.29773
0.37053
0.16030
0.28215
0.24904
0.21820
0.20435
0.35174
0.31850
0.33473
0.15649
0.36384
0.27269
0.26973
0.37291
0.32893
0.28694
0.28867
0.22945
0.27840
0.18698
0.35368
0.27921
0.22117
0.15855
0.32893
0.18503
0.25158
0.29423
0.24738
0.36117
0.33751
0.19526
0.29010
0.31725
0.19083
0.19036
0.25304
0.17486
0.18507
0.16750
0.31535
0.35382
0.25176
0.25459
0.24175
0.26163
0.19329
0.26018
0.26879
0.23563
0.22294
0.29311
0.25165
0.21686
0.16828
0.36276
0.29764
0.22880
0.33002
0.32668
0.25887
0.34324
0.30858
0.21431
0.28187
0.17118
0.29240
0.31725
0.26897
0.26034
0.24021
0.16847
0.30381
0.20526
0.26936
0.20734
0.24075
0.29258
0.29221
0.19832
0.23689
0.29902
0.19481
0.27166
0.18496
0.23906
0.23884
0.22541
0.19527
0.31000
0.32386
0.32861
0.23958
0.20866
0.33194
0.21284
0.22223
0.23829
0.30768
0.31488
0.15705
0.16923
0.29700
0.24762
0.20381
0.14847
0.23072
0.27685
0.19167
0.25075
0.23740
0.26062
0.18640
0.25221
0.28078
0.25520
0.16940
0.25599
0.26497
0.25700
0.37899
0.17229
0.31737
0.19623
0.37175
0.32393
0.26332
0.25970
0.26074
0.28203
0.18950
0.31316
0.27882
0.26938
0.27227
0.27774
0.34415
0.22056
0.29062
0.25280
0.32437
0.21059
0.28070
0.23228
0.25506
0.29477
0.26822
0.19433
0.25003
0.21325
0.30181
0.22131
0.30607
0.21913
0.22916
0.29320
0.28747
0.29957
0.15200
0.22665
0.31971
0.32967
0.24873
0.26680
0.28666
0.24118
0.23308
0.22829
0.30075
0.27885
0.27432
0.25027
0.18445
0.28525
0.32500
0.25365
0.24785
0.21125
0.32150
0.27449
0.21596
0.21360
0.28133
0.27399
0.26691
0.26577
0.25636
0.35665
0.36141
0.13810
0.21309
0.32826
0.25712
0.26257
0.29495
0.33496
0.22921
0.19128
0.20336
0.21913
0.25255
0.36723
0.29226
0.28884
0.25788
0.22967
0.24481
0.29075
0.28581
0.16978
0.32837
0.22564
0.23739
0.33676
0.31019
0.28272
0.22706
0.25937
0.29918
0.32232
0.34835
0.26511
0.26272
0.19829
0.30486
0.30223
0.12104
0.24765
0.20729
0.25522
0.25969
0.23352
0.28525
0.24554
0.26063
0.20080
0.25628
0.22296
0.34173
0.24858
0.22146
0.20108
0.29885
0.25788
0.21648
0.20821
0.32160
0.29735
0.32750
0.25771
0.25710
0.28011
0.25257
0.25385
0.28973
0.16870
0.32031
0.23221
0.34647
0.26823
0.30097
0.34612
0.27530
0.25257
0.26940
0.18665
0.20137
0.26392
0.23931
0.30230
0.32408
0.24851
0.32407
0.38483
0.31877
0.33563
0.27219
0.31160
0.30795
0.35559
0.27293
0.27889
0.32596
0.32280
0.27549
0.32204
0.39066
0.23626
0.25656
0.31448
0.25355
0.32339
0.33761
0.26164
0.25074
0.34745
0.24756
0.22728
0.31545
0.29430
0.27160
0.24507
0.25258
0.29672
0.27995
0.31534
0.30825
0.25509
0.25340
0.27042
0.26861
0.25324
0.28455
0.11570
0.34657
0.30377
0.35835
0.30273
0.30609
0.38526
0.34598
0.25511
0.17738
0.28301
0.39512
0.29741
0.22264
0.27885
0.35384
0.25211
0.22919
0.33457
0.18626
0.28386
0.19091
0.30837
0.37089
0.44505
0.26823
0.26543
0.22608
0.38005
0.27060
0.31361
0.29430
0.34019
0.26511
0.17641
0.34099
0.43782
0.27509
0.36465
0.40277
0.21814
0.29079
0.34650
0.31388
0.30014
0.22897
0.24720
0.20856
0.28759
0.27810
0.30811
0.29934
0.34164
0.26718
0.24307
0.22952
0.20844
0.21468
0.35796
0.23386
0.13903
0.34108
0.20127
0.20983
0.37314
0.18969
0.26740
0.21572
0.26572
0.23121
0.45590
0.20477
0.29088
0.37083
0.23957
0.24811
0.21543
0.27283
0.22305
0.30393
0.18319
0.37891
0.36141
0.21710
0.25026
0.18804
0.33765
0.27431
0.21125
0.35584
0.41799
0.33207
0.27789
0.33578
0.33044
0.15645
0.26424
0.27847
0.39357
0.22838
0.24744
0.25057
0.37886
0.21643
0.24826
0.23806
0.31895
0.38607
0.23020
0.25207
0.31463
0.30009
0.27389
0.23915
0.35852
0.28276
0.27707
0.22762
0.28931
0.32947
0.25674
0.29259
0.24863
0.33358
0.27708
0.21656
0.30155
0.29590
0.22582
0.25597
0.15935
0.23317
0.20101
0.04091
0.06292
0.18288
0.23639
0.22343
0.21447
0.24387
0.33356
0.15617
0.03890
0.19675
0.06001
0.28113
0.27842
0.20206
0.21633
0.04647
0.10346
0.21711
0.24085
0.06591
0.08002
0.22969
0.28964
0.22202
0.21252
0.26928
0.05881
0.28577
0.24482
0.07953
0.04582
0.03358
0.19699
0.09593
0.24698
0.18141
0.30900
0.01829
0.03014
0.02784
0.08728
0.29094
0.07063
0.13579
0.18632
0.21450
0.10944
0.20914
0.22464
0.04793
0.23565
0.05677
0.08284
0.16518
0.19319
0.20442
0.09191
0.05674
0.20399
0.20055
0.26044
0.26583
0.05093
0.03555
0.16751
0.20337
0.12285
0.16542
0.10010
0.23823
0.14702
0.06772
0.25952
0.28337
0.13795
0.16399
0.12937
0.07537
0.03868
0.17854
0.08141
0.20145
0.24035
0.32083
0.19699
0.30539
0.22755
0.17184
0.15536
0.16390
0.23924
0.01922
0.26791
0.09543
0.03601
0.21537
0.23608
0.25556
0.20945
0.03928
0.03491
0.13287
0.17505
0.15822
0.23320
0.10150
0.14787
0.26516
0.14440
0.20680
0.06474
0.02249
0.03693
0.11768
0.02707
0.08322
0.24420
0.25290
0.07379
0.06907
0.03352
0.08046
0.05020
0.24748
