0.10604
0.10974
0.06099
0.22010
0.06017
0.14269
0.18526
0.14971
0.18517
0.04500
0.21207
0.12661
0.14177
0.12245
0.11117
0.18866
0.13958
0.11497
0.07364
0.15610
0.26586
0.16296
0.15518
0.07019
0.19179
0.14777
0.11816
0.26576
0.08648
0.14930
0.09244
0.28843
0.15568
0.09733
0.05743
0.09498
0.12884
0.10431
0.11277
0.14040
0.31270
0.22300
0.08387
0.14388
0.28304
0.18574
0.13555
0.20021
0.16244
0.15497
0.09374
0.13504
0.12729
0.28722
0.08746
0.25248
0.24753
0.11225
0.12110
0.05731
0.27864
0.21526
0.12330
0.17311
0.28806
0.31141
0.06862
0.19115
0.16296
0.02456
0.13228
0.27075
0.34772
0.18442
0.26618
0.10894
0.07808
0.01821
0.24776
0.18162
0.32227
0.21827
0.25074
0.25765
0.27445
0.34114
0.09987
0.07823
0.13912
0.27650
0.30100
0.20294
0.05807
0.27783
0.04707
0.16538
0.18090
0.21572
0.21432
0.15763
0.09155
0.14242
0.13310
0.16294
0.19060
0.30040
0.11671
0.13836
0.19205
0.26404
0.02482
0.18524
0.06603
0.27282
0.14304
0.14501
0.26029
0.05155
0.09574
0.23730
0.23263
0.07798
0.24294
0.03813
0.11956
0.15263
0.33058
0.26843
0.16977
0.22015
0.08235
0.12093
0.27575
0.31060
0.13670
0.15424
0.07710
0.25946
0.23375
0.06541
0.15608
0.04359
0.26303
0.15042
0.12736
0.29631
0.08874
0.30865
0.23175
0.09366
0.18543
0.23673
0.12445
0.30886
0.29712
0.27592
0.12790
0.11934
0.15514
0.23119
0.24399
0.28775
0.28303
0.32160
0.11725
0.13709
0.30489
0.27561
0.10155
0.27396
0.06220
0.18797
0.26732
0.04280
0.08857
0.22889
0.04034
0.10166
0.18131
0.21582
0.09064
0.10473
0.23820
0.13094
0.11365
0.21629
0.19619
0.23998
0.23773
0.24687
0.10679
0.09472
0.04693
0.17221
0.09788
0.22831
0.22634
0.17308
0.10931
0.29597
0.25157
0.05917
0.15923
0.16662
0.03867
0.28907
0.09884
0.19463
0.25527
0.11679
0.20418
0.24080
0.11252
0.27212
0.27503
0.22410
0.12102
0.34305
0.20240
0.31845
0.09882
0.22562
0.13617
0.09048
0.07145
0.05434
0.18832
0.19450
0.15569
0.05540
0.26441
0.10035
0.27575
0.11086
0.05679
0.30228
0.11383
0.03901
0.15015
0.28057
0.07056
0.31148
0.10172
0.10843
0.16395
0.21663
0.10716
0.05638
0.11867
0.09988
0.11014
0.10111
0.10234
0.27446
0.15956
0.17064
0.18993
0.11082
0.04343
0.13470
0.12306
0.14149
0.18155
0.17016
0.14298
0.26108
0.25617
0.09721
0.18471
0.05898
0.14180
0.12732
0.05738
0.04785
0.36710
0.16435
0.03872
0.18627
0.16605
0.07808
0.20635
0.31840
0.12320
0.08182
0.28482
0.11787
0.21744
0.18218
0.16692
0.15086
0.07087
0.05177
0.19608
0.16696
0.17402
0.10059
0.17677
0.24374
0.19424
0.13978
0.32113
0.24728
0.24859
0.15769
0.13312
0.29275
0.33309
0.32348
0.03596
0.26053
0.12735
0.28516
0.13058
0.08176
0.17726
0.13211
0.10630
0.23384
0.22372
0.07249
0.12620
0.03458
0.30779
0.23431
0.20668
0.17932
0.18698
0.27568
0.15492
0.06976
0.24664
0.29003
0.33483
0.26814
0.33700
0.23751
0.25361
0.27727
0.28592
0.27721
0.06660
0.07297
0.11412
0.25353
0.03568
0.14506
0.20174
0.14797
0.22898
0.07447
0.16207
0.13743
0.25032
0.27918
0.25842
0.15948
0.31254
0.11794
0.14162
0.29367
0.08438
0.17702
0.07811
0.11921
0.22524
0.04554
0.20759
0.35436
0.05541
0.05852
0.15104
0.25154
0.12066
0.05519
0.09291
0.05682
0.07246
0.10122
0.15960
0.06785
0.29819
0.18209
0.24290
0.07440
0.17260
0.29923
0.19818
0.23711
0.36594
0.16926
0.29090
0.28923
0.27477
0.27684
0.29612
0.23682
0.36354
0.19903
0.25133
0.23130
0.22220
0.26094
0.19347
0.38007
0.32409
0.25558
0.24367
0.24719
0.20972
0.33103
0.24852
0.20989
0.31325
0.35186
0.16917
0.21956
0.34278
0.24554
0.26224
0.26136
0.25351
0.31743
0.22806
0.23074
0.36167
0.23335
0.21590
0.31337
0.20226
0.29327
0.35863
0.28654
0.29330
0.28672
0.25120
0.24473
0.25500
0.33467
0.17756
0.28363
0.31811
0.20875
0.24838
0.29315
0.19819
0.28322
0.24220
0.29078
0.32056
0.29156
0.24140
0.16825
0.29722
0.35823
0.16238
0.27067
0.20825
0.17197
0.20427
0.33958
0.29474
0.33397
0.15129
0.34640
0.26246
0.25005
0.36679
0.31160
0.25735
0.27186
0.24489
0.26916
0.19228
0.36967
0.27837
0.22753
0.17454
0.31717
0.21753
0.24550
0.28475
0.26089
0.35452
0.33120
0.20741
0.33186
0.31707
0.20198
0.14399
0.26593
0.19449
0.18932
0.15195
0.27135
0.33119
0.24089
0.25157
0.24128
0.28033
0.21485
0.28684
0.23494
0.25383
0.18943
0.28284
0.26752
0.20821
0.17002
0.31604
0.30828
0.18975
0.29001
0.32304
0.25277
0.33053
0.32075
0.23389
0.21882
0.20461
0.28596
0.28878
0.24069
0.25019
0.22347
0.17117
0.27908
0.22087
0.26587
0.21671
0.22485
0.29560
0.30424
0.19364
0.23167
0.27895
0.21591
0.26489
0.19763
0.23001
0.21687
0.22873
0.21205
0.29469
0.33520
0.32797
0.20404
0.19688
0.33019
0.21679
0.17235
0.21538
0.31101
0.30491
0.15962
0.18784
0.27710
0.24952
0.14717
0.16227
0.23444
0.25978
0.19894
0.26591
0.23283
0.28486
0.18288
0.24613
0.26765
0.23676
0.19210
0.25350
0.26189
0.25549
0.35425
0.17597
0.27725
0.22484
0.36534
0.32925
0.22964
0.26249
0.28249
0.25990
0.20692
0.29795
0.26996
0.24063
0.29280
0.27016
0.34297
0.23477
0.29244
0.23066
0.34721
0.18954
0.24760
0.22973
0.21019
0.26747
0.26235
0.21222
0.21335
0.23441
0.30625
0.22082
0.31276
0.22044
0.24344
0.30904
0.29822
0.31283
0.13903
0.18479
0.32878
0.32615
0.24174
0.26045
0.25815
0.27238
0.24805
0.19443
0.30858
0.28365
0.22007
0.25454
0.19310
0.29980
0.31273
0.24876
0.22920
0.21582
0.34380
0.26285
0.17582
0.20597
0.29422
0.29341
0.27648
0.26081
0.25322
0.35845
0.35838
0.15939
0.24239
0.31359
0.26761
0.24404
0.29299
0.33753
0.23903
0.18171
0.20504
0.24629
0.25215
0.36646
0.29034
0.29652
0.24234
0.23003
0.26547
0.30991
0.28085
0.17606
0.33745
0.20253
0.24253
0.35083
0.29054
0.21957
0.24812
0.23363
0.29666
0.32124
0.33328
0.23135
0.29012
0.18452
0.29122
0.32075
0.13981
0.23249
0.19302
0.20700
0.22469
0.23302
0.23817
0.23805
0.24976
0.21241
0.19275
0.24476
0.34489
0.27668
0.23922
0.19970
0.29315
0.24774
0.24125
0.19673
0.30716
0.29299
0.30901
0.25661
0.23751
0.25743
0.26242
0.21040
0.26828
0.18739
0.33279
0.26745
0.33924
0.29698
0.29564
0.34626
0.26901
0.22422
0.25891
0.18495
0.19452
0.25810
0.21666
0.25305
0.31443
0.27839
0.28528
0.37965
0.30327
0.33942
0.25751
0.31734
0.29993
0.36079
0.23756
0.26759
0.32453
0.32556
0.28302
0.33329
0.38500
0.24279
0.20578
0.32536
0.21728
0.32861
0.31357
0.24745
0.24342
0.35168
0.23009
0.24339
0.32925
0.28024
0.20968
0.22585
0.22509
0.29541
0.28938
0.28218
0.28744
0.21159
0.27971
0.26543
0.27804
0.24034
0.26875
0.15750
0.33403
0.33335
0.36922
0.32698
0.32133
0.39883
0.40777
0.26357
0.21166
0.31046
0.38834
0.28283
0.19651
0.32819
0.34972
0.23434
0.24719
0.33339
0.25647
0.29301
0.24428
0.34466
0.35887
0.40468
0.33764
0.32628
0.27221
0.38801
0.30994
0.30367
0.32706
0.38577
0.28073
0.21326
0.34453
0.45897
0.26756
0.42133
0.40039
0.21876
0.30374
0.36573
0.30969
0.29934
0.22219
0.28054
0.23604
0.29005
0.29516
0.30839
0.31279
0.38382
0.27181
0.28615
0.26834
0.21545
0.26807
0.39969
0.24201
0.17496
0.33753
0.17810
0.21752
0.38911
0.17257
0.23606
0.22688
0.25602
0.26023
0.46625
0.19805
0.33497
0.39984
0.22700
0.24958
0.25943
0.25466
0.24673
0.35919
0.20145
0.36102
0.34882
0.27624
0.26150
0.24928
0.33334
0.27985
0.20733
0.33623
0.44706
0.32006
0.27119
0.36998
0.36472
0.23199
0.28371
0.27732
0.39827
0.22062
0.23742
0.26697
0.36002
0.27045
0.25510
0.25484
0.34652
0.38892
0.22744
0.29216
0.34553
0.31320
0.28307
0.26154
0.36690
0.28929
0.27675
0.26266
0.31757
0.33731
0.26618
0.30735
0.25125
0.34250
0.28118
0.24101
0.31415
0.28502
0.21669
0.28629
0.21176
0.33643
0.24231
0.06824
0.10576
0.19441
0.26645
0.28615
0.18883
0.25834
0.36720
0.15180
0.16123
0.17282
0.06572
0.32723
0.22084
0.17253
0.30834
0.04130
0.14669
0.18846
0.22022
0.06329
0.10396
0.22043
0.26171
0.24048
0.21160
0.26478
0.03640
0.25741
0.24089
0.05966
0.07154
0.13275
0.23939
0.09754
0.24261
0.21495
0.29455
0.11496
0.04859
0.01982
0.08475
0.22484
0.11128
0.16118
0.11922
0.24442
0.10258
0.27344
0.22209
0.04571
0.29328
0.09381
0.08302
0.23602
0.20130
0.24190
0.04780
0.06924
0.20451
0.21267
0.31618
0.24435
0.03836
0.14121
0.14952
0.21717
0.12733
0.21261
0.20276
0.28973
0.10051
0.10644
0.29177
0.30870
0.06925
0.13615
0.11827
0.08696
0.04795
0.26592
0.09758
0.18358
0.26041
0.28450
0.19379
0.28366
0.18441
0.18307
0.28490
0.21716
0.22623
0.02295
0.25396
0.16136
0.05780
0.21646
0.25313
0.27481
0.23342
0.13087
0.02458
0.12313
0.24997
0.13897
0.21706
0.08886
0.16464
0.30328
0.16912
0.22738
0.10129
0.03643
0.05840
0.17203
0.05792
0.07882
0.27975
0.28204
0.08644
0.10064
0.03816
0.05487
0.07424
0.25633
