0.13776
0.13478
0.05644
0.22228
0.08955
0.13389
0.19252
0.15861
0.20329
0.03829
0.21359
0.14446
0.14357
0.14483
0.13655
0.22424
0.12861
0.14980
0.08714
0.16449
0.29240
0.13936
0.17412
0.05726
0.20024
0.17288
0.11902
0.26438
0.07385
0.17898
0.15455
0.27270
0.13195
0.09726
0.08499
0.09548
0.11042
0.11439
0.11968
0.19259
0.27878
0.24554
0.11807
0.13625
0.28529
0.21435
0.15218
0.24281
0.18787
0.14834
0.08750
0.17044
0.13199
0.32047
0.09301
0.28913
0.24608
0.09969
0.11517
0.10778
0.27254
0.29241
0.11983
0.20774
0.25582
0.31873
0.06099
0.20284
0.13148
0.07374
0.12690
0.29798
0.32161
0.19336
0.24024
0.13686
0.12627
0.07037
0.24248
0.16519
0.28655
0.19348
0.33957
0.27131
0.26965
0.36483
0.10113
0.10540
0.15944
0.22588
0.30165
0.19083
0.06609
0.30666
0.07828
0.19538
0.19729
0.20076
0.20129
0.16590
0.08954
0.17789
0.13407
0.12125
0.20247
0.28362
0.15811
0.17128
0.16306
0.25989
0.02491
0.23428
0.09946
0.23147
0.12925
0.17661
0.27333
0.05435
0.07811
0.18030
0.25411
0.08490
0.28885
0.02744
0.11517
0.13940
0.30383
0.27045
0.23255
0.26914
0.08632
0.14424
0.31479
0.33450
0.10266
0.17074
0.07905
0.27215
0.24246
0.04751
0.18463
0.04771
0.27555
0.16811
0.13363
0.32536
0.09832
0.33383
0.21519
0.08789
0.15705
0.24804
0.10801
0.32430
0.28535
0.30431
0.15124
0.12778
0.15743
0.22628
0.26859
0.27619
0.27493
0.30938
0.08585
0.10688
0.29825
0.26000
0.10089
0.26712
0.05982
0.22848
0.24014
0.02636
0.09622
0.22130
0.11084
0.07110
0.15532
0.26176
0.11384
0.10968
0.22198
0.13533
0.11093
0.20695
0.22075
0.22544
0.23121
0.21783
0.14776
0.07727
0.06747
0.18553
0.11386
0.24400
0.21484
0.15002
0.09608
0.27093
0.23054
0.09240
0.18920
0.13008
0.08045
0.28261
0.10184
0.19028
0.25012
0.10733
0.27285
0.20198
0.11899
0.25422
0.27726
0.21646
0.13316
0.30742
0.23588
0.35147
0.11800
0.20479
0.14791
0.10774
0.11480
0.10024
0.20115
0.18234
0.16836
0.03911
0.27099
0.12354
0.23272
0.13227
0.06023
0.26574
0.13104
0.05902
0.10535
0.27389
0.09315
0.29025
0.11900
0.12115
0.13568
0.18858
0.11382
0.08369
0.11990
0.11999
0.09936
0.16856
0.09771
0.26209
0.15236
0.15661
0.20754
0.09830
0.08731
0.12306
0.18097
0.16604
0.22226
0.19208
0.18398
0.26919
0.25012
0.10365
0.19898
0.04469
0.11086
0.12351
0.08151
0.06240
0.33196
0.19919
0.08336
0.21184
0.15965
0.09931
0.19747
0.33471
0.12468
0.13541
0.29571
0.11115
0.17895
0.21596
0.17403
0.13866
0.09683
0.06831
0.18664
0.21751
0.12674
0.10540
0.19587
0.20216
0.19556
0.17435
0.30267
0.27776
0.28058
0.11005
0.10505
0.28377
0.28948
0.30276
0.03991
0.24494
0.12140
0.29732
0.11836
0.11404
0.17719
0.15075
0.11697
0.21026
0.19957
0.07525
0.11671
0.06154
0.26421
0.17377
0.24361
0.15595
0.24603
0.21981
0.11118
0.07907
0.21840
0.28678
0.34938
0.27089
0.33009
0.24874
0.22913
0.30030
0.25440
0.26579
0.08288
0.06820
0.14180
0.22620
0.08474
0.09899
0.21491
0.13830
0.20805
0.10409
0.15656
0.13542
0.22095
0.27721
0.25595
0.19585
0.30623
0.14651
0.15087
0.31462
0.04788
0.18537
0.07884
0.11558
0.17709
0.07030
0.25101
0.32362
0.05063
0.11262
0.13226
0.25406
0.11881
0.07084
0.05282
0.06649
0.06423
0.12467
0.17325
0.07828
0.28901
0.21223
0.19752
0.09808
0.19961
0.29577
0.20880
0.25997
0.34806
0.15513
0.28369
0.29959
0.29830
0.31906
0.28725
0.25164
0.34329
0.26308
0.23934
0.27081
0.24125
0.30463
0.18286
0.36871
0.31928
0.24696
0.26105
0.24314
0.25843
0.34012
0.29944
0.23681
0.30633
0.33787
0.21701
0.25467
0.30936
0.27090
0.25881
0.25779
0.28418
0.31609
0.26353
0.24117
0.34457
0.25907
0.24615
0.31977
0.20696
0.30723
0.35151
0.28830
0.29649
0.30937
0.29204
0.24715
0.28143
0.33699
0.20416
0.27363
0.31420
0.22850
0.29189
0.31002
0.20835
0.30112
0.26290
0.29264
0.31597
0.29510
0.27326
0.17881
0.27830
0.35793
0.13029
0.26800
0.21138
0.17749
0.20070
0.35554
0.30094
0.31543
0.16431
0.34646
0.25762
0.28144
0.36957
0.31099
0.28918
0.28919
0.22924
0.29601
0.20071
0.36788
0.30469
0.24056
0.20198
0.32680
0.18410
0.26966
0.29822
0.25922
0.34674
0.32636
0.23659
0.31931
0.30331
0.18720
0.15420
0.29606
0.18206
0.17939
0.16089
0.29922
0.34313
0.29065
0.27649
0.24194
0.28983
0.23313
0.30724
0.26390
0.29541
0.18230
0.28280
0.28561
0.21132
0.17129
0.34457
0.28847
0.19700
0.29818
0.31421
0.25663
0.36529
0.31012
0.23179
0.29616
0.21639
0.28819
0.30694
0.29401
0.26281
0.22473
0.17512
0.31131
0.22014
0.26754
0.23615
0.27983
0.31209
0.28641
0.22034
0.23244
0.29195
0.21272
0.29239
0.19491
0.21976
0.20467
0.21827
0.22215
0.31771
0.32353
0.32041
0.22914
0.16416
0.31975
0.21302
0.21274
0.22340
0.30716
0.30492
0.15415
0.17957
0.25818
0.29409
0.21307
0.15555
0.21053
0.27302
0.23646
0.21528
0.27333
0.33600
0.18279
0.23001
0.27406
0.29052
0.19850
0.26720
0.27436
0.25040
0.36996
0.18776
0.29250
0.22889
0.35206
0.31885
0.26309
0.27642
0.28437
0.26619
0.20673
0.29194
0.27201
0.26005
0.28474
0.29110
0.33431
0.24449
0.29207
0.20356
0.34206
0.24752
0.28874
0.23796
0.25099
0.27906
0.26022
0.21578
0.22955
0.22285
0.30680
0.20010
0.31549
0.24892
0.24716
0.29056
0.29225
0.30411
0.14294
0.22004
0.32377
0.32653
0.25247
0.29260
0.30587
0.27270
0.25054
0.22114
0.30877
0.29345
0.28680
0.25135
0.20361
0.29740
0.30612
0.26237
0.27397
0.22559
0.32809
0.29792
0.19518
0.16899
0.26801
0.28292
0.29378
0.25301
0.24783
0.34591
0.34603
0.16482
0.25530
0.31118
0.25408
0.27495
0.31202
0.33114
0.21879
0.19795
0.19117
0.26646
0.28270
0.35776
0.28319
0.29333
0.29089
0.23480
0.27448
0.30061
0.27277
0.17335
0.33770
0.21114
0.24945
0.33650
0.30074
0.24667
0.25861
0.26095
0.29009
0.33727
0.33440
0.21141
0.28496
0.20223
0.30825
0.30115
0.12171
0.25619
0.20616
0.23942
0.27666
0.23466
0.27573
0.25233
0.25873
0.24675
0.23865
0.26203
0.33790
0.25975
0.26908
0.19065
0.30043
0.23458
0.23536
0.21280
0.32847
0.28422
0.32381
0.25660
0.24441
0.29461
0.27002
0.24212
0.26795
0.17370
0.32801
0.28116
0.32700
0.28832
0.30562
0.34615
0.28446
0.24605
0.28890
0.15114
0.20227
0.29661
0.22087
0.30548
0.30578
0.27296
0.32735
0.38319
0.31698
0.32278
0.27509
0.29832
0.29371
0.35418
0.25243
0.27384
0.32500
0.32299
0.30278
0.31617
0.38073
0.20552
0.24866
0.31222
0.23067
0.32532
0.32789
0.26440
0.23734
0.34345
0.22649
0.27961
0.30475
0.29240
0.23482
0.26146
0.24212
0.29454
0.28285
0.32999
0.29274
0.25217
0.29631
0.26221
0.30068
0.27037
0.27261
0.15662
0.31890
0.32676
0.33857
0.29351
0.31573
0.40552
0.40551
0.29547
0.18056
0.31105
0.36472
0.28642
0.23953
0.31672
0.35361
0.25248
0.24832
0.33282
0.24792
0.28070
0.22583
0.33351
0.35654
0.40622
0.28962
0.31951
0.27812
0.39766
0.28469
0.31176
0.32514
0.36002
0.29027
0.19887
0.31619
0.45041
0.23302
0.40989
0.41662
0.21966
0.30270
0.35995
0.30929
0.30984
0.24282
0.27138
0.21789
0.29737
0.31934
0.26491
0.29846
0.37330
0.29689
0.26717
0.26845
0.23339
0.27498
0.38826
0.22757
0.16033
0.32707
0.18002
0.19537
0.40325
0.19590
0.27125
0.21748
0.27388
0.25597
0.44709
0.19790
0.32786
0.39696
0.24849
0.25529
0.26569
0.27307
0.20946
0.37911
0.21516
0.34727
0.35202
0.27931
0.27227
0.23802
0.34845
0.29618
0.24850
0.33376
0.41981
0.31591
0.29570
0.36519
0.35641
0.20766
0.26515
0.28842
0.39435
0.20158
0.22153
0.23659
0.35327
0.28167
0.25912
0.26595
0.33062
0.36881
0.22781
0.28840
0.33259
0.29188
0.27923
0.26032
0.38497
0.29577
0.26815
0.27051
0.32107
0.33665
0.26698
0.30940
0.23963
0.33202
0.25148
0.25823
0.32598
0.28571
0.23645
0.28253
0.17887
0.25459
0.23293
0.06474
0.18449
0.21537
0.20009
0.30881
0.19949
0.23314
0.33230
0.13095
0.10335
0.16940
0.05238
0.27301
0.23530
0.18886
0.24727
0.06828
0.11532
0.17377
0.19439
0.10393
0.14181
0.21849
0.23314
0.22365
0.20726
0.29871
0.08279
0.32217
0.25411
0.04253
0.04464
0.15879
0.28133
0.16771
0.25399
0.16041
0.32285
0.08367
0.07215
0.08439
0.06617
0.28052
0.13886
0.14536
0.22126
0.25665
0.11052
0.27716
0.21594
0.09324
0.25498
0.08394
0.06468
0.23571
0.18438
0.18330
0.06919
0.09218
0.21143
0.22423
0.30056
0.23324
0.05856
0.05694
0.15990
0.20313
0.14612
0.22775
0.13018
0.25664
0.14770
0.13434
0.23200
0.24615
0.07516
0.09821
0.13573
0.09510
0.05996
0.16313
0.13402
0.20000
0.23697
0.29438
0.19300
0.31907
0.26001
0.24314
0.23045
0.22460
0.23203
0.07150
0.25418
0.16657
0.10438
0.21337
0.23665
0.28536
0.25315
0.08927
0.07391
0.09987
0.27141
0.19293
0.24803
0.13702
0.17768
0.27625
0.18978
0.24593
0.19734
0.05606
0.06492
0.19197
0.08752
0.09691
0.24174
0.27655
0.11873
0.17802
0.08988
0.08650
0.07170
0.25391
