0.19321
0.09984
0.12749
0.23635
0.13101
0.16267
0.26071
0.16596
0.20309
0.07061
0.22678
0.13619
0.19077
0.11289
0.17238
0.21912
0.11325
0.19000
0.12164
0.15134
0.29551
0.21508
0.20006
0.09136
0.22396
0.19036
0.14781
0.27491
0.09417
0.22126
0.19218
0.26156
0.15027
0.10998
0.14692
0.10309
0.12392
0.15793
0.14985
0.21259
0.30297
0.26766
0.16932
0.15458
0.29067
0.23496
0.19976
0.24984
0.24329
0.17066
0.10622
0.20396
0.14122
0.30709
0.08949
0.24523
0.26834
0.16141
0.11354
0.13035
0.28411
0.30529
0.16289
0.19898
0.30851
0.30512
0.07265
0.21481
0.16170
0.05536
0.12877
0.31151
0.32688
0.20872
0.27141
0.19637
0.15873
0.08868
0.21471
0.16204
0.28970
0.22899
0.30819
0.27586
0.29247
0.35172
0.09895
0.13195
0.20003
0.27184
0.33265
0.18750
0.11689
0.30222
0.15056
0.18956
0.23964
0.19928
0.20213
0.20327
0.09811
0.21170
0.11015
0.12650
0.22959
0.26958
0.20904
0.18315
0.22141
0.27972
0.04949
0.27217
0.14039
0.23411
0.11667
0.23524
0.28137
0.07172
0.10722
0.20535
0.24419
0.12236
0.29267
0.07704
0.15945
0.15215
0.31430
0.27987
0.20044
0.24537
0.14392
0.15420
0.29339
0.32023
0.10086
0.18686
0.09744
0.29190
0.26476
0.10528
0.21617
0.10089
0.29497
0.23803
0.19016
0.32297
0.14876
0.35074
0.23141
0.08933
0.15666
0.29324
0.11249
0.31151
0.30570
0.33421
0.16686
0.15586
0.17449
0.22010
0.31141
0.30087
0.27432
0.31952
0.10122
0.15203
0.31065
0.25055
0.15277
0.28918
0.11163
0.25405
0.24123
0.05001
0.14655
0.21902
0.08963
0.09473
0.22155
0.26436
0.11918
0.11854
0.21856
0.16558
0.10461
0.18950
0.25033
0.22572
0.26613
0.18000
0.18838
0.11236
0.14217
0.16128
0.18459
0.28383
0.22197
0.19424
0.10094
0.31169
0.25495
0.19888
0.23892
0.15707
0.10683
0.27677
0.16509
0.25240
0.25760
0.15537
0.29149
0.24938
0.15368
0.26995
0.24462
0.24946
0.13859
0.28550
0.21961
0.34866
0.14448
0.21918
0.21919
0.13597
0.11994
0.08561
0.22096
0.20958
0.20198
0.10893
0.26751
0.16915
0.26774
0.16479
0.09845
0.28527
0.12596
0.08050
0.10280
0.26097
0.13210
0.28516
0.14443
0.14271
0.18619
0.21963
0.10532
0.07888
0.16561
0.10711
0.11790
0.16633
0.14933
0.28145
0.16416
0.17502
0.19607
0.13003
0.11479
0.14094
0.23110
0.18941
0.20953
0.18867
0.18423
0.24754
0.29982
0.10066
0.24493
0.12716
0.13798
0.13521
0.10444
0.09417
0.36123
0.20106
0.10020
0.20057
0.17381
0.10918
0.13766
0.34554
0.14736
0.13251
0.31177
0.16425
0.22899
0.23953
0.19468
0.20789
0.11994
0.13167
0.21556
0.25781
0.22734
0.10821
0.20626
0.21878
0.18841
0.23543
0.32412
0.29274
0.25590
0.17710
0.14580
0.30613
0.32116
0.34387
0.07176
0.27739
0.17226
0.30173
0.20216
0.15828
0.16164
0.18533
0.11261
0.22489
0.24996
0.10387
0.14779
0.15865
0.29282
0.25784
0.27659
0.18614
0.26168
0.24969
0.16804
0.07564
0.25923
0.26073
0.36446
0.27365
0.30351
0.24502
0.26372
0.30185
0.25926
0.27161
0.07348
0.14814
0.20430
0.23464
0.09937
0.09689
0.22574
0.19538
0.24683
0.16064
0.20334
0.13570
0.29204
0.25982
0.26036
0.22517
0.27027
0.18780
0.15048
0.33208
0.11108
0.19995
0.12620
0.11032
0.24253
0.08368
0.26799
0.36642
0.09994
0.10465
0.14068
0.24555
0.13059
0.09901
0.14307
0.10781
0.11478
0.17456
0.22286
0.15461
0.28016
0.20997
0.21544
0.11323
0.19766
0.29861
0.21644
0.28303
0.34971
0.15957
0.29461
0.30980
0.31347
0.32845
0.28012
0.27385
0.35247
0.28780
0.25033
0.25332
0.22898
0.29776
0.18211
0.37374
0.32407
0.23733
0.26428
0.25327
0.25740
0.34028
0.30772
0.23454
0.32152
0.32728
0.22165
0.23119
0.32198
0.25393
0.23376
0.25118
0.27576
0.30984
0.29086
0.23507
0.34807
0.26878
0.22966
0.33869
0.16006
0.30954
0.34078
0.27477
0.31001
0.28914
0.29492
0.24649
0.26687
0.33799
0.21603
0.29756
0.32688
0.25857
0.27262
0.31479
0.16954
0.31023
0.27569
0.27447
0.31669
0.30066
0.30156
0.17894
0.28438
0.35938
0.15987
0.26036
0.25301
0.21248
0.21483
0.36269
0.29780
0.33920
0.14496
0.36736
0.26435
0.25360
0.37440
0.30890
0.29110
0.28617
0.24421
0.29111
0.19063
0.35359
0.28280
0.23229
0.14807
0.31863
0.20889
0.25451
0.28381
0.25911
0.35895
0.32845
0.20752
0.31711
0.31986
0.16973
0.19405
0.30352
0.16792
0.18073
0.14452
0.30342
0.35593
0.24989
0.26973
0.23950
0.30232
0.22031
0.28030
0.28373
0.26749
0.18435
0.27998
0.29811
0.19750
0.17521
0.36219
0.28504
0.21934
0.32960
0.31913
0.25492
0.35037
0.31974
0.25925
0.31933
0.21502
0.29745
0.30967
0.26373
0.30286
0.27845
0.14592
0.33708
0.20951
0.29071
0.24989
0.27700
0.29960
0.29232
0.19677
0.23422
0.27081
0.22449
0.30387
0.18447
0.21486
0.21361
0.22230
0.19038
0.31486
0.32568
0.33206
0.26053
0.21193
0.33549
0.19965
0.21750
0.22826
0.29797
0.28536
0.16061
0.16832
0.24595
0.28405
0.23938
0.13903
0.19169
0.28804
0.24341
0.24049
0.26876
0.30572
0.16250
0.21293
0.28500
0.28325
0.20055
0.27234
0.28320
0.23848
0.34225
0.17464
0.28519
0.23594
0.37875
0.30304
0.26885
0.26004
0.28740
0.27231
0.19439
0.32217
0.24820
0.26490
0.28818
0.27793
0.34096
0.25716
0.28894
0.22050
0.36087
0.22773
0.31717
0.21452
0.23994
0.28295
0.24630
0.21240
0.26996
0.22697
0.30755
0.19027
0.28686
0.24924
0.25163
0.29194
0.29085
0.29457
0.12960
0.24239
0.32831
0.33886
0.25277
0.29962
0.31411
0.26623
0.26018
0.19360
0.30064
0.31097
0.26525
0.19700
0.19489
0.29136
0.32116
0.25662
0.23770
0.23176
0.33132
0.28404
0.22578
0.19219
0.29366
0.30119
0.30107
0.28540
0.23312
0.34753
0.36523
0.13939
0.24229
0.32682
0.25667
0.28395
0.30510
0.34528
0.22539
0.19442
0.19707
0.27995
0.25047
0.35796
0.26039
0.28787
0.26839
0.21363
0.24322
0.30187
0.28904
0.16053
0.33883
0.19193
0.24102
0.35175
0.31536
0.29205
0.20866
0.28546
0.29342
0.32491
0.35749
0.23604
0.26824
0.20815
0.29771
0.30582
0.11433
0.29256
0.20715
0.27477
0.25219
0.21316
0.30037
0.25036
0.23987
0.20297
0.26694
0.23012
0.33805
0.30789
0.27724
0.17106
0.31022
0.24907
0.23216
0.21963
0.34671
0.28799
0.33660
0.24994
0.25602
0.28426
0.25415
0.24414
0.28150
0.17079
0.33682
0.25433
0.32698
0.25041
0.30733
0.35537
0.29231
0.27305
0.30023
0.15068
0.20340
0.29249
0.24123
0.30786
0.31779
0.30624
0.31052
0.37761
0.32558
0.33109
0.26184
0.31644
0.31192
0.36294
0.25866
0.26988
0.33547
0.33226
0.29138
0.33806
0.39608
0.21958
0.28047
0.34323
0.22575
0.32644
0.33436
0.24030
0.26683
0.35183
0.22567
0.27966
0.31244
0.29160
0.25041
0.26135
0.25298
0.26861
0.29857
0.31193
0.29274
0.21513
0.28899
0.27334
0.28520
0.25830
0.26854
0.13707
0.34073
0.30073
0.35911
0.28798
0.31650
0.38944
0.37830
0.26395
0.19298
0.26711
0.41215
0.30006
0.20817
0.28147
0.32440
0.22874
0.22004
0.31005
0.24373
0.27427
0.23931
0.31154
0.35990
0.41896
0.27158
0.28392
0.24990
0.38946
0.32335
0.30604
0.29123
0.37954
0.23922
0.18874
0.33545
0.43181
0.23779
0.38753
0.39549
0.18854
0.25685
0.34957
0.31174
0.30138
0.24031
0.25002
0.24523
0.30149
0.29054
0.30117
0.29924
0.36530
0.25241
0.25952
0.23955
0.20424
0.23620
0.38565
0.22854
0.13350
0.31533
0.17490
0.21054
0.40375
0.11847
0.24516
0.19561
0.26304
0.24383
0.46141
0.18551
0.30024
0.38338
0.25969
0.23335
0.23442
0.27732
0.21727
0.35059
0.17249
0.34879
0.33714
0.23101
0.25469
0.19068
0.32904
0.29385
0.21328
0.34824
0.45189
0.34888
0.29234
0.35919
0.35048
0.18136
0.26945
0.28213
0.37732
0.23179
0.21078
0.23691
0.35161
0.25509
0.25570
0.25567
0.34747
0.37150
0.21837
0.29184
0.34312
0.31382
0.27790
0.25804
0.41443
0.26284
0.30559
0.24899
0.27616
0.34183
0.28158
0.29613
0.24059
0.32572
0.23298
0.21765
0.31007
0.30637
0.21225
0.26762
0.19460
0.28128
0.18977
0.06963
0.15767
0.20738
0.18421
0.28770
0.22758
0.25851
0.34092
0.21599
0.05617
0.20211
0.03594
0.29812
0.23337
0.18131
0.30712
0.13507
0.13147
0.19645
0.17645
0.11039
0.18631
0.23819
0.25856
0.19902
0.22384
0.24974
0.09565
0.33239
0.25887
0.07066
0.11269
0.10823
0.28609
0.16727
0.19861
0.20549
0.28313
0.09435
0.06818
0.09414
0.10718
0.25958
0.15742
0.14859
0.17371
0.31029
0.22872
0.27085
0.21001
0.06002
0.29854
0.07230
0.04833
0.30689
0.18218
0.18382
0.06857
0.06572
0.19116
0.20025
0.27479
0.23642
0.04416
0.11895
0.13453
0.20476
0.24268
0.21161
0.13192
0.24882
0.14382
0.18669
0.20954
0.30106
0.17882
0.15705
0.07814
0.07027
0.06698
0.20479
0.14516
0.18799
0.15339
0.26241
0.19971
0.32507
0.25023
0.28120
0.24796
0.20337
0.18591
0.01331
0.22220
0.14101
0.15890
0.23895
0.22260
0.30146
0.17235
0.13559
0.08205
0.14011
0.25925
0.23566
0.32089
0.07937
0.18281
0.30268
0.14782
0.20879
0.08970
0.05265
0.04577
0.16000
0.06288
0.16404
0.27456
0.30003
0.08655
0.11940
0.05875
0.11611
0.07346
0.22057
