0.18466
0.10075
0.12857
0.24963
0.13294
0.16464
0.26677
0.16464
0.21472
0.06255
0.22417
0.14262
0.21329
0.12931
0.19581
0.20778
0.12543
0.20882
0.14159
0.15554
0.30485
0.22602
0.20039
0.11567
0.22527
0.19679
0.13801
0.27126
0.11252
0.23467
0.17872
0.26397
0.15032
0.11258
0.15392
0.10107
0.13857
0.14917
0.15984
0.22614
0.29787
0.27860
0.19067
0.15635
0.29717
0.23527
0.20310
0.26934
0.26418
0.16280
0.10859
0.19516
0.13961
0.29308
0.10391
0.24087
0.25487
0.16439
0.13035
0.14561
0.26553
0.30646
0.15885
0.24938
0.30237
0.30815
0.10228
0.18390
0.19525
0.08639
0.14138
0.31450
0.31566
0.22419
0.25282
0.19756
0.17914
0.10508
0.20631
0.16918
0.29369
0.22142
0.32332
0.27175
0.31035
0.33634
0.09732
0.14867
0.21211
0.25120
0.33522
0.19359
0.12204
0.29806
0.14188
0.22466
0.23443
0.22732
0.20629
0.20227
0.10075
0.22930
0.11480
0.12786
0.24830
0.25695
0.19800
0.18709
0.21402
0.27363
0.06337
0.27782
0.15514
0.21080
0.11848
0.24448
0.27843
0.06794
0.11813
0.19502
0.25146
0.14601
0.29477
0.07417
0.16064
0.14961
0.31646
0.25828
0.21524
0.27094
0.14019
0.17408
0.29812
0.35137
0.11213
0.20067
0.10089
0.28981
0.27741
0.11086
0.21094
0.09239
0.29371
0.23617
0.20416
0.32902
0.16933
0.35893
0.22329
0.09478
0.17160
0.29893
0.10891
0.31422
0.29750
0.31631
0.17214
0.17377
0.17238
0.24775
0.30147
0.28404
0.27617
0.31425
0.09655
0.16200
0.29991
0.28082
0.17745
0.28570
0.11719
0.25551
0.23010
0.08629
0.12951
0.23375
0.09042
0.10185
0.24188
0.28847
0.11530
0.12046
0.24093
0.17308
0.09215
0.19647
0.25554
0.26409
0.25644
0.17603
0.20099
0.12596
0.14796
0.15562
0.18786
0.27198
0.23224
0.18976
0.11362
0.28705
0.25215
0.19483
0.23920
0.16211
0.10584
0.27449
0.17399
0.24674
0.25935
0.16832
0.29328
0.25689
0.16237
0.26213
0.25543
0.21918
0.14351
0.28963
0.24691
0.35213
0.14642
0.21079
0.17451
0.13642
0.12197
0.10696
0.21430
0.21492
0.20498
0.12738
0.25584
0.17471
0.27646
0.16948
0.09481
0.28199
0.12229
0.10449
0.12420
0.24952
0.15928
0.29636
0.16776
0.13522
0.19528
0.22015
0.11250
0.07625
0.19045
0.10671
0.11807
0.18684
0.16105
0.29264
0.15931
0.18404
0.20504
0.12462
0.08667
0.15169
0.25240
0.18567
0.20920
0.19594
0.18322
0.24740
0.29185
0.10189
0.22964
0.12402
0.11896
0.14671
0.10400
0.09653
0.36116
0.16616
0.09534
0.20840
0.18163
0.10967
0.15712
0.35374
0.13863
0.14373
0.30855
0.15607
0.22018
0.23565
0.21029
0.21762
0.11352
0.14213
0.22752
0.25224
0.23124
0.11094
0.20798
0.21751
0.18946
0.23697
0.31881
0.31316
0.26807
0.19664
0.14947
0.31138
0.32625
0.34118
0.07419
0.27220
0.17243
0.28963
0.21907
0.17977
0.15338
0.18542
0.12324
0.22359
0.24555
0.14395
0.13325
0.14167
0.30307
0.25306
0.27181
0.19848
0.26297
0.24931
0.14803
0.08291
0.28494
0.26018
0.33687
0.28395
0.31081
0.24456
0.25759
0.28803
0.25194
0.26934
0.09277
0.18043
0.20774
0.24260
0.11399
0.11669
0.24522
0.20166
0.27076
0.15155
0.20847
0.13653
0.28833
0.28385
0.24422
0.22201
0.28030
0.20265
0.15622
0.32407
0.11613
0.21569
0.12655
0.13896
0.25147
0.09341
0.25494
0.34620
0.10019
0.13234
0.13942
0.25149
0.12779
0.09651
0.13972
0.09143
0.12422
0.19446
0.23147
0.15270
0.27019
0.21220
0.22214
0.12654
0.19422
0.29075
0.21752
0.26900
0.33802
0.14710
0.28887
0.29911
0.29478
0.34069
0.28327
0.28215
0.33438
0.28404
0.22204
0.26084
0.21662
0.30252
0.17545
0.37522
0.30706
0.25278
0.29266
0.24825
0.28118
0.33534
0.30085
0.25194
0.31146
0.32061
0.22806
0.25991
0.30217
0.24936
0.22278
0.25294
0.30918
0.30676
0.29128
0.21436
0.34567
0.25694
0.23851
0.32987
0.16360
0.30014
0.33773
0.25743
0.30276
0.31117
0.31162
0.24007
0.29624
0.33974
0.23000
0.29103
0.32065
0.26495
0.27146
0.30555
0.16029
0.31197
0.27494
0.26287
0.30652
0.29935
0.30976
0.17546
0.29498
0.35859
0.15370
0.25763
0.25552
0.20519
0.20159
0.36747
0.29099
0.32210
0.13934
0.35967
0.26180
0.25032
0.37187
0.30967
0.31362
0.28663
0.24595
0.28076
0.16953
0.34867
0.29508
0.25980
0.14604
0.29650
0.18974
0.24337
0.28696
0.25016
0.34757
0.32308
0.18664
0.29131
0.31675
0.16250
0.19147
0.30672
0.15823
0.15360
0.13387
0.30283
0.33663
0.27878
0.28613
0.23782
0.32287
0.21766
0.29820
0.29835
0.29091
0.17749
0.28238
0.30847
0.19947
0.16393
0.36873
0.29118
0.21988
0.32106
0.31509
0.23088
0.35092
0.31809
0.24398
0.30888
0.19286
0.30043
0.28802
0.26390
0.28703
0.25797
0.12645
0.33492
0.19499
0.28688
0.22818
0.30073
0.31269
0.29634
0.17118
0.22257
0.27815
0.21833
0.31868
0.17414
0.20299
0.20982
0.20743
0.17979
0.31838
0.31938
0.32256
0.26126
0.21367
0.34093
0.19515
0.21743
0.22033
0.29037
0.29085
0.15095
0.16268
0.24443
0.29554
0.23687
0.13438
0.19583
0.28603
0.23763
0.22735
0.27950
0.32972
0.15116
0.23661
0.28148
0.30115
0.17725
0.29814
0.27976
0.23225
0.35134
0.16227
0.28891
0.22284
0.35607
0.28945
0.26717
0.25640
0.29075
0.28627
0.18939
0.31940
0.26894
0.25568
0.28750
0.26847
0.33484
0.23034
0.27348
0.19591
0.34873
0.25770
0.31122
0.20098
0.23786
0.28226
0.23557
0.21840
0.27513
0.21334
0.31102
0.19181
0.28946
0.23506
0.28211
0.27954
0.27246
0.30521
0.11731
0.21242
0.32153
0.33321
0.27531
0.29809
0.31244
0.26073
0.23425
0.20342
0.30220
0.30035
0.27725
0.20119
0.17356
0.28646
0.31566
0.24911
0.27589
0.21646
0.32870
0.30252
0.22815
0.18984
0.29460
0.31257
0.31407
0.28224
0.23539
0.33538
0.35145
0.12413
0.21423
0.31840
0.27601
0.29141
0.28966
0.34157
0.20507
0.19783
0.18638
0.29348
0.29289
0.34618
0.26084
0.27052
0.29407
0.19107
0.23588
0.29084
0.28153
0.15641
0.32545
0.20015
0.22812
0.34903
0.29943
0.27522
0.19432
0.27211
0.28904
0.34416
0.33603
0.23577
0.26425
0.19205
0.29563
0.31554
0.09730
0.28282
0.20813
0.24847
0.28581
0.20003
0.29768
0.25273
0.24956
0.18854
0.25594
0.20413
0.32782
0.26661
0.30184
0.16090
0.30434
0.24693
0.22685
0.21626
0.33494
0.28597
0.32964
0.25368
0.25783
0.28455
0.22365
0.24041
0.28116
0.16915
0.32784
0.22720
0.33137
0.24504
0.30944
0.35013
0.27640
0.28442
0.30628
0.14890
0.20172
0.30649
0.24226
0.31725
0.31495
0.29293
0.32253
0.36942
0.32640
0.33046
0.25041
0.31237
0.30854
0.35762
0.26451
0.25345
0.32335
0.32629
0.30958
0.33867
0.39104
0.21223
0.26959
0.33639
0.22108
0.31882
0.33303
0.23926
0.26861
0.35856
0.23043
0.27662
0.30316
0.30165
0.23516
0.26850
0.26657
0.26627
0.29460
0.33217
0.29494
0.24457
0.28658
0.27768
0.29899
0.29235
0.27158
0.12851
0.31794
0.32287
0.35590
0.29930
0.28701
0.38654
0.39356
0.27435
0.16722
0.29490
0.40626
0.28796
0.20244
0.30347
0.31906
0.22378
0.25942
0.30904
0.25882
0.27705
0.26297
0.33338
0.34449
0.40699
0.30196
0.31180
0.27346
0.37533
0.31523
0.29296
0.30038
0.36971
0.25620
0.17050
0.32304
0.44363
0.22174
0.38334
0.41148
0.17176
0.27940
0.38744
0.31868
0.28678
0.25798
0.27746
0.24690
0.30329
0.30177
0.28369
0.29513
0.35309
0.26689
0.29061
0.23764
0.20707
0.24906
0.38726
0.21246
0.11734
0.31420
0.18389
0.17401
0.41040
0.10389
0.22151
0.18014
0.26895
0.23207
0.45042
0.17410
0.31438
0.38210
0.27154
0.22773
0.22487
0.28475
0.22190
0.36806
0.14494
0.35738
0.34443
0.22501
0.23941
0.23631
0.33604
0.28173
0.18359
0.34327
0.44547
0.33238
0.30347
0.33905
0.34719
0.21663
0.23492
0.28571
0.37236
0.20122
0.20767
0.22374
0.35663
0.29144
0.26155
0.26433
0.34462
0.36324
0.21715
0.30782
0.31614
0.30431
0.30137
0.24500
0.41261
0.28414
0.28346
0.26301
0.29864
0.33811
0.27596
0.30853
0.23162
0.32131
0.23918
0.24436
0.32394
0.30420
0.23260
0.28678
0.19734
0.32015
0.19401
0.05262
0.16147
0.22876
0.18501
0.28323
0.22662
0.26637
0.33255
0.25883
0.06023
0.22800
0.04000
0.27115
0.22260
0.18059
0.28395
0.15170
0.11499
0.19456
0.15631
0.12529
0.21517
0.24195
0.24732
0.22635
0.23361
0.23851
0.15801
0.33762
0.21657
0.04706
0.13253
0.09620
0.27372
0.13753
0.18627
0.19773
0.29827
0.07551
0.09613
0.11261
0.07422
0.26480
0.15856
0.14681
0.20492
0.29780
0.22896
0.26860
0.21945
0.08626
0.26789
0.08365
0.05461
0.30747
0.17718
0.22235
0.09308
0.07853
0.20100
0.20329
0.27514
0.24855
0.09038
0.11700
0.15010
0.20345
0.23318
0.19298
0.13095
0.23252
0.14122
0.18740
0.24035
0.30707
0.19562
0.14912
0.09858
0.07836
0.09113
0.20897
0.18154
0.18301
0.20144
0.21894
0.18960
0.31561
0.27131
0.28668
0.27359
0.17590
0.18911
0.02006
0.23953
0.14168
0.12365
0.23768
0.21153
0.30538
0.19741
0.12757
0.07034
0.15478
0.24646
0.23804
0.27801
0.10859
0.22761
0.32106
0.15922
0.19729
0.07531
0.07631
0.06241
0.13027
0.08486
0.16362
0.24595
0.31604
0.12897
0.14162
0.06776
0.09307
0.08292
0.21238
