0.09328
0.11288
0.06050
0.24803
0.07730
0.16075
0.20953
0.17424
0.18901
0.07290
0.17719
0.13585
0.12844
0.11469
0.12744
0.23397
0.15209
0.12254
0.10647
0.14222
0.30410
0.18573
0.14032
0.05462
0.22031
0.14618
0.19289
0.26583
0.09924
0.15335
0.15938
0.26497
0.13965
0.11679
0.10316
0.09593
0.14343
0.08534
0.11237
0.13348
0.30087
0.25919
0.06684
0.16507
0.28846
0.26596
0.18105
0.24346
0.16701
0.16036
0.10098
0.16258
0.14778
0.28954
0.09024
0.24925
0.22232
0.13467
0.13029
0.10015
0.28501
0.28818
0.14097
0.19865
0.29653
0.31167
0.05442
0.19531
0.12439
0.06187
0.11566
0.31206
0.32268
0.19843
0.26982
0.14037
0.09821
0.06324
0.25505
0.14035
0.28476
0.22779
0.35286
0.25296
0.30997
0.36360
0.09492
0.11408
0.14632
0.25668
0.29538
0.20422
0.07659
0.27945
0.08290
0.18037
0.20126
0.19862
0.19556
0.14844
0.09213
0.19067
0.12783
0.13105
0.23911
0.30035
0.15474
0.16125
0.17286
0.30019
0.03293
0.24859
0.08135
0.22829
0.14739
0.15058
0.26867
0.07938
0.05960
0.18840
0.22069
0.10843
0.25490
0.04767
0.11179
0.17132
0.31267
0.28605
0.18240
0.22922
0.12107
0.13718
0.33996
0.32324
0.10955
0.13410
0.11472
0.30536
0.27009
0.07192
0.19624
0.09178
0.27664
0.20512
0.15586
0.23035
0.10963
0.33953
0.17983
0.08849
0.17423
0.22748
0.12662
0.30581
0.30270
0.31733
0.10216
0.15195
0.14585
0.18227
0.28505
0.30691
0.29506
0.31986
0.11285
0.12111
0.33321
0.26037
0.10880
0.27399
0.05768
0.24799
0.23054
0.03390
0.09418
0.19452
0.07023
0.08774
0.17676
0.22045
0.09334
0.10008
0.25344
0.16434
0.09467
0.18341
0.21857
0.23802
0.25807
0.20018
0.12160
0.07129
0.05982
0.12109
0.13490
0.25898
0.21358
0.13589
0.11442
0.25898
0.23883
0.09508
0.22684
0.14365
0.07825
0.25274
0.09060
0.17175
0.25359
0.11252
0.26468
0.21655
0.11614
0.26689
0.28386
0.27130
0.12237
0.25793
0.19721
0.29897
0.12384
0.21682
0.13116
0.07876
0.08264
0.05001
0.17213
0.18605
0.12055
0.11422
0.28007
0.15219
0.28623
0.14437
0.07202
0.28301
0.12740
0.06492
0.14695
0.27530
0.06544
0.25906
0.13575
0.11056
0.20645
0.21701
0.11193
0.05362
0.11497
0.10340
0.13190
0.12910
0.11049
0.28254
0.13716
0.17185
0.19455
0.09969
0.09262
0.14112
0.14205
0.13803
0.19352
0.16560
0.17088
0.24547
0.27319
0.09204
0.19893
0.10867
0.07959
0.13033
0.08794
0.03756
0.36318
0.18259
0.09620
0.23487
0.13614
0.06248
0.11455
0.31181
0.14188
0.08322
0.28491
0.13717
0.21601
0.19500
0.12544
0.21491
0.06768
0.06347
0.15288
0.22825
0.18874
0.10067
0.20328
0.20522
0.18651
0.15428
0.32172
0.25852
0.27529
0.15251
0.11332
0.28389
0.33311
0.30170
0.05772
0.26032
0.12935
0.26402
0.11946
0.11244
0.12984
0.17460
0.12874
0.18827
0.26265
0.09211
0.08440
0.13780
0.26933
0.20984
0.22722
0.18498
0.24091
0.19872
0.18107
0.05764
0.26498
0.25293
0.35283
0.29020
0.29555
0.23896
0.25921
0.27765
0.27876
0.26927
0.06701
0.10096
0.13055
0.23444
0.03159
0.06958
0.20682
0.16311
0.19870
0.09874
0.15096
0.15761
0.26570
0.23930
0.25747
0.20593
0.32197
0.12068
0.11638
0.29267
0.08930
0.16083
0.09280
0.09553
0.16944
0.05474
0.24435
0.33447
0.07906
0.07340
0.14550
0.25088
0.10791
0.08468
0.07906
0.08689
0.07683
0.09856
0.18401
0.07838
0.29160
0.16117
0.18950
0.09737
0.21318
0.29759
0.20103
0.29638
0.35737
0.17390
0.28699
0.30790
0.29367
0.31509
0.28482
0.24239
0.35307
0.23554
0.24744
0.24760
0.22425
0.29343
0.17466
0.37783
0.33036
0.26684
0.27086
0.22573
0.22925
0.33504
0.28302
0.21902
0.31187
0.33681
0.21394
0.26695
0.33369
0.24988
0.25703
0.26555
0.25926
0.32347
0.23576
0.19202
0.35126
0.22883
0.22841
0.30553
0.17880
0.30091
0.35550
0.29411
0.29283
0.29839
0.25994
0.23911
0.28891
0.33171
0.19825
0.28874
0.32297
0.24271
0.25854
0.30455
0.17253
0.29561
0.24750
0.28796
0.30855
0.30098
0.27934
0.14859
0.29869
0.35491
0.14641
0.28427
0.20478
0.19538
0.21787
0.35433
0.29730
0.33014
0.16181
0.35325
0.26829
0.24924
0.36718
0.30692
0.29682
0.28260
0.23700
0.29299
0.18208
0.36922
0.30614
0.23426
0.15564
0.32267
0.19615
0.25686
0.29858
0.26305
0.35035
0.31379
0.19603
0.33070
0.31396
0.13829
0.15202
0.26836
0.19996
0.15246
0.16639
0.29467
0.33767
0.26972
0.26249
0.24135
0.28903
0.21675
0.30141
0.21320
0.27569
0.19287
0.28990
0.28375
0.18194
0.16756
0.33369
0.30269
0.18731
0.29217
0.32507
0.26473
0.36234
0.31409
0.19698
0.26539
0.18564
0.29788
0.32516
0.26926
0.27259
0.22893
0.16299
0.32129
0.22055
0.28962
0.21322
0.29007
0.29398
0.29782
0.19734
0.23486
0.28004
0.21898
0.27065
0.18870
0.24335
0.20850
0.21860
0.20509
0.31335
0.32677
0.32589
0.23246
0.21441
0.33009
0.18447
0.18196
0.17139
0.30744
0.29616
0.15951
0.17422
0.26461
0.26595
0.16527
0.15296
0.19986
0.26718
0.19765
0.26268
0.26052
0.29998
0.15553
0.23987
0.28410
0.25930
0.19161
0.26031
0.25845
0.24492
0.36104
0.17607
0.28131
0.20980
0.36268
0.31342
0.24158
0.26769
0.26401
0.26390
0.17872
0.31350
0.25729
0.24035
0.28764
0.26200
0.33670
0.19670
0.28050
0.24064
0.34414
0.21265
0.25407
0.21591
0.23729
0.27636
0.24738
0.20757
0.25694
0.23886
0.28608
0.19840
0.28770
0.19858
0.26689
0.29203
0.29466
0.31150
0.13124
0.22362
0.32361
0.33205
0.24433
0.25397
0.29198
0.27445
0.23440
0.19903
0.30868
0.26975
0.27851
0.23905
0.18692
0.27904
0.31583
0.22309
0.26056
0.23516
0.33540
0.26939
0.18752
0.18075
0.30317
0.27673
0.27906
0.26855
0.25792
0.35579
0.35266
0.12424
0.19538
0.32965
0.25580
0.25825
0.29177
0.33928
0.23931
0.19060
0.20997
0.26404
0.27666
0.35777
0.27765
0.26789
0.27457
0.22409
0.26373
0.29224
0.28451
0.16709
0.33675
0.23543
0.22434
0.34815
0.28953
0.27432
0.25242
0.24235
0.30626
0.33808
0.34322
0.22018
0.29223
0.19631
0.30435
0.31246
0.12948
0.26598
0.20616
0.23297
0.27621
0.21072
0.27078
0.23802
0.28014
0.23857
0.20710
0.21618
0.34567
0.25791
0.25394
0.18182
0.29191
0.23816
0.23376
0.15611
0.33408
0.28545
0.31427
0.26288
0.22955
0.26988
0.26857
0.22974
0.27858
0.16212
0.31193
0.25455
0.34373
0.27339
0.29514
0.36231
0.29164
0.24624
0.30881
0.14834
0.18328
0.28275
0.19989
0.28047
0.30277
0.24645
0.31869
0.37868
0.30195
0.33578
0.28158
0.31569
0.30462
0.35346
0.25727
0.27264
0.31070
0.32688
0.27064
0.33155
0.38700
0.22651
0.23765
0.29781
0.19991
0.32768
0.32236
0.23489
0.24403
0.35745
0.22537
0.26672
0.32703
0.25667
0.24102
0.23371
0.28534
0.26448
0.30647
0.27016
0.28623
0.24828
0.31084
0.27380
0.30921
0.26230
0.24538
0.12426
0.31926
0.33068
0.35648
0.24852
0.30315
0.38095
0.39410
0.27796
0.18277
0.28178
0.38526
0.28472
0.19974
0.29340
0.35602
0.26224
0.21594
0.33808
0.23736
0.27838
0.23350
0.32096
0.36632
0.43891
0.30407
0.28198
0.20352
0.37295
0.30499
0.26684
0.28386
0.34609
0.27379
0.13583
0.32748
0.44170
0.23275
0.39850
0.39678
0.21426
0.30793
0.32208
0.32023
0.30898
0.24700
0.23560
0.19888
0.28177
0.27710
0.30649
0.33271
0.36054
0.24055
0.25470
0.23464
0.20843
0.23634
0.36708
0.23151
0.15837
0.33595
0.16494
0.15639
0.39999
0.18540
0.24292
0.20364
0.25388
0.24440
0.42321
0.19115
0.30314
0.37774
0.23616
0.15034
0.24615
0.23368
0.23457
0.34879
0.21283
0.37874
0.35863
0.24402
0.24028
0.20750
0.34667
0.25074
0.18339
0.35697
0.40801
0.31325
0.28186
0.33995
0.36520
0.21620
0.26047
0.27896
0.38767
0.18165
0.24230
0.22542
0.34796
0.24598
0.24899
0.25126
0.31823
0.37973
0.21591
0.27096
0.33153
0.32146
0.28578
0.23865
0.37031
0.29102
0.27721
0.27748
0.28540
0.30387
0.25473
0.27539
0.24836
0.32767
0.26701
0.21997
0.29579
0.25204
0.23592
0.27447
0.19645
0.28702
0.23892
0.05637
0.08350
0.14219
0.25222
0.27892
0.23089
0.24711
0.37576
0.17682
0.06811
0.19081
0.03126
0.29655
0.24511
0.19233
0.28323
0.06056
0.14996
0.18124
0.25310
0.10856
0.15298
0.18651
0.29788
0.26259
0.21517
0.28879
0.10520
0.34252
0.20268
0.09552
0.08450
0.12103
0.27268
0.19547
0.25460
0.19384
0.27699
0.03524
0.04561
0.09167
0.10331
0.28487
0.08949
0.08511
0.20412
0.24682
0.12553
0.24008
0.20938
0.03673
0.26835
0.06833
0.05796
0.27203
0.17678
0.21061
0.02845
0.08103
0.20701
0.20098
0.29533
0.23650
0.04075
0.10544
0.14794
0.21959
0.14369
0.20036
0.12542
0.25154
0.21118
0.12801
0.24320
0.28469
0.08296
0.10734
0.14988
0.09456
0.06871
0.20372
0.15364
0.20194
0.22944
0.29749
0.20672
0.32880
0.16905
0.25401
0.16298
0.19778
0.22855
0.03849
0.25374
0.11458
0.05747
0.13806
0.25673
0.31744
0.24712
0.14223
0.10790
0.14667
0.23725
0.22893
0.26302
0.07692
0.16195
0.27972
0.21956
0.22800
0.09264
0.02063
0.04150
0.10577
0.05647
0.10509
0.26452
0.25429
0.10642
0.10453
0.07175
0.08010
0.10547
0.16952
