0.06647
0.09266
0.03757
0.20713
0.09217
0.13311
0.18981
0.13765
0.15068
0.05924
0.18952
0.12053
0.11349
0.10654
0.08581
0.22333
0.12904
0.08269
0.04872
0.14325
0.29247
0.10890
0.11904
0.09142
0.17013
0.13351
0.11621
0.23407
0.07982
0.15167
0.14777
0.24661
0.12510
0.09046
0.06593
0.09192
0.12942
0.04769
0.10454
0.14946
0.29456
0.21401
0.08989
0.08973
0.27971
0.23565
0.14804
0.18626
0.16244
0.15606
0.09599
0.13870
0.11326
0.31692
0.08646
0.19195
0.18253
0.11476
0.07996
0.08071
0.27365
0.25955
0.12237
0.19925
0.27956
0.31175
0.02630
0.14500
0.08739
0.04709
0.10983
0.29125
0.32622
0.15716
0.26137
0.11332
0.06195
0.05594
0.20200
0.16513
0.27650
0.17051
0.25494
0.27366
0.23683
0.37293
0.09626
0.08600
0.13326
0.22731
0.28764
0.16590
0.06830
0.27204
0.07964
0.13388
0.20381
0.20860
0.19328
0.15372
0.08962
0.17051
0.10012
0.11325
0.20816
0.30092
0.11804
0.14439
0.15386
0.29280
0.01593
0.22172
0.07534
0.21269
0.10527
0.16936
0.26640
0.04258
0.06228
0.15073
0.22571
0.06767
0.24880
0.01510
0.08515
0.12024
0.32398
0.27041
0.17283
0.24571
0.10584
0.12489
0.31123
0.33163
0.10111
0.11245
0.05726
0.26871
0.24857
0.07030
0.14086
0.02724
0.25040
0.16910
0.10095
0.27545
0.07562
0.32183
0.17124
0.08631
0.14592
0.24004
0.10923
0.28405
0.30299
0.32704
0.08456
0.14046
0.14194
0.16611
0.26594
0.25298
0.28496
0.29671
0.09539
0.11734
0.30828
0.29886
0.06579
0.26185
0.03410
0.20004
0.21815
0.01630
0.08713
0.20204
0.04053
0.08069
0.13278
0.24699
0.10450
0.09638
0.22206
0.12525
0.06158
0.19019
0.19664
0.23518
0.23740
0.17588
0.09855
0.05634
0.03393
0.15779
0.10149
0.26296
0.18472
0.10411
0.06944
0.28060
0.21768
0.09874
0.17347
0.11598
0.04868
0.22160
0.08273
0.15257
0.26477
0.06762
0.26031
0.22112
0.08551
0.23781
0.27374
0.22685
0.11337
0.22603
0.19207
0.32069
0.06667
0.20029
0.12440
0.04445
0.07891
0.06162
0.14526
0.17561
0.13394
0.09830
0.28110
0.09547
0.21053
0.08880
0.07199
0.23441
0.11009
0.06353
0.10289
0.26068
0.08757
0.27156
0.07966
0.10840
0.13767
0.19574
0.10634
0.08372
0.09242
0.09537
0.10219
0.08599
0.08032
0.23892
0.14397
0.16570
0.17557
0.09507
0.07562
0.13887
0.23558
0.15469
0.21254
0.12610
0.14161
0.26589
0.27340
0.08767
0.16342
0.04927
0.08792
0.11995
0.06054
0.04903
0.37115
0.14048
0.07088
0.18988
0.14551
0.06965
0.12765
0.29144
0.10605
0.05822
0.29953
0.11506
0.13781
0.17638
0.12310
0.14118
0.09109
0.07661
0.15794
0.19244
0.19516
0.10059
0.17114
0.16897
0.15855
0.13280
0.31734
0.24393
0.26590
0.14090
0.11794
0.29858
0.29692
0.28111
0.02333
0.27470
0.10471
0.28575
0.10270
0.08959
0.11903
0.10057
0.08759
0.15791
0.23481
0.07809
0.09412
0.05149
0.25913
0.17387
0.18343
0.16562
0.23045
0.23096
0.09481
0.06505
0.25250
0.27526
0.37777
0.24251
0.30740
0.23067
0.22665
0.26103
0.27380
0.29816
0.07637
0.06804
0.13045
0.22433
0.04248
0.04650
0.18453
0.10375
0.20017
0.10207
0.13568
0.09975
0.22307
0.25028
0.25265
0.17141
0.27155
0.10994
0.11223
0.28064
0.08959
0.18436
0.05447
0.05949
0.17420
0.04900
0.20709
0.33735
0.06978
0.05842
0.11876
0.25075
0.11032
0.03940
0.05215
0.06168
0.04603
0.07475
0.15254
0.06686
0.27294
0.14152
0.14906
0.08716
0.16718
0.28831
0.22913
0.27653
0.35007
0.19460
0.25900
0.31701
0.27907
0.30447
0.29214
0.24045
0.35915
0.27561
0.25472
0.25057
0.22180
0.28486
0.18433
0.37549
0.31425
0.25433
0.23931
0.23713
0.24731
0.35896
0.29688
0.22729
0.29106
0.32731
0.21773
0.25009
0.31475
0.25901
0.25129
0.25848
0.28753
0.29487
0.26543
0.24068
0.34902
0.22651
0.25937
0.32602
0.22342
0.30287
0.35609
0.29361
0.31011
0.27612
0.26484
0.24126
0.24668
0.33493
0.22426
0.28052
0.32034
0.23777
0.26245
0.28729
0.17239
0.29275
0.25551
0.28124
0.31554
0.28704
0.25898
0.16075
0.28396
0.37401
0.12406
0.28831
0.24464
0.17161
0.16136
0.37257
0.31242
0.31479
0.15830
0.34566
0.27569
0.27519
0.34921
0.30384
0.28348
0.30158
0.25169
0.26620
0.17732
0.35817
0.26055
0.23952
0.18234
0.34535
0.19026
0.25782
0.29150
0.26482
0.33999
0.30648
0.21897
0.31072
0.29832
0.15738
0.20111
0.27011
0.16231
0.19166
0.17298
0.28517
0.35149
0.27725
0.23789
0.24876
0.26725
0.21460
0.28178
0.25494
0.26143
0.22338
0.28237
0.26902
0.20094
0.15825
0.36218
0.28998
0.23661
0.29761
0.32093
0.24609
0.36632
0.29228
0.20242
0.27962
0.17182
0.28003
0.32019
0.28191
0.26399
0.24747
0.15615
0.28519
0.19493
0.29463
0.19225
0.26728
0.30614
0.29454
0.19206
0.22214
0.30919
0.22001
0.27695
0.19011
0.24020
0.20622
0.21638
0.21943
0.31746
0.29122
0.32583
0.25053
0.23539
0.30707
0.21929
0.21064
0.24874
0.28914
0.31034
0.15155
0.17911
0.28785
0.24210
0.20536
0.14552
0.21895
0.25798
0.22260
0.21766
0.25587
0.30596
0.17645
0.25997
0.28027
0.26791
0.17118
0.28035
0.26033
0.22970
0.40221
0.18663
0.29214
0.20432
0.36704
0.30055
0.29753
0.29124
0.26377
0.26554
0.17960
0.32476
0.28386
0.25211
0.26612
0.26535
0.32478
0.22463
0.27096
0.22857
0.34144
0.24164
0.27366
0.22283
0.23850
0.29560
0.26862
0.22806
0.23055
0.23370
0.31379
0.23269
0.30081
0.21499
0.26436
0.30343
0.27013
0.26578
0.15623
0.26248
0.31531
0.31630
0.26094
0.26039
0.29937
0.25857
0.26050
0.24247
0.29916
0.28652
0.24507
0.24464
0.17174
0.26314
0.29994
0.23796
0.27160
0.20340
0.31412
0.29513
0.22078
0.21709
0.28235
0.30044
0.28124
0.26745
0.25127
0.36497
0.33311
0.14560
0.22043
0.31453
0.26547
0.25653
0.30154
0.32814
0.20174
0.22640
0.15558
0.24581
0.24292
0.34782
0.27747
0.27756
0.28713
0.23717
0.23512
0.29138
0.28490
0.17556
0.33293
0.21417
0.22339
0.32650
0.31318
0.27904
0.24830
0.26924
0.26917
0.31119
0.32846
0.23657
0.27820
0.18965
0.28946
0.32776
0.11978
0.24867
0.17286
0.23876
0.26318
0.21679
0.26464
0.22393
0.25118
0.23520
0.27060
0.22757
0.31225
0.29113
0.26437
0.19081
0.28463
0.25386
0.21746
0.23754
0.33849
0.28460
0.33227
0.26739
0.25701
0.25579
0.27442
0.21943
0.30571
0.17681
0.31884
0.25355
0.31463
0.25286
0.28879
0.33889
0.27108
0.27283
0.29344
0.19168
0.22216
0.28011
0.24750
0.30337
0.29796
0.28873
0.31408
0.38364
0.30538
0.33009
0.28032
0.31900
0.29292
0.36126
0.27461
0.26831
0.32900
0.31726
0.27138
0.31776
0.37381
0.21293
0.23690
0.32318
0.24045
0.28703
0.32703
0.20515
0.25434
0.33425
0.23683
0.29539
0.29670
0.29172
0.26048
0.24470
0.24217
0.26865
0.28722
0.31365
0.31012
0.24098
0.27732
0.27773
0.27760
0.26329
0.28835
0.12894
0.33200
0.31476
0.34597
0.29806
0.29029
0.39682
0.39883
0.25212
0.17580
0.27681
0.36762
0.26521
0.22077
0.30439
0.32451
0.22626
0.23856
0.32411
0.25263
0.28348
0.25293
0.33033
0.35027
0.40189
0.31104
0.30847
0.28630
0.38438
0.26377
0.28997
0.31118
0.34844
0.29024
0.16782
0.31450
0.43430
0.23454
0.38909
0.40531
0.17775
0.30416
0.34690
0.31413
0.26158
0.25536
0.25227
0.23468
0.29062
0.30205
0.28804
0.29994
0.36728
0.28909
0.27695
0.21668
0.20837
0.21127
0.38198
0.20358
0.10214
0.31180
0.15677
0.17818
0.36491
0.14005
0.24623
0.18599
0.28132
0.22133
0.45857
0.18307
0.30820
0.38942
0.22997
0.26470
0.23521
0.25785
0.21439
0.32340
0.18802
0.36035
0.34459
0.26499
0.24217
0.21646
0.33253
0.27128
0.19178
0.32113
0.40967
0.32064
0.29480
0.36046
0.36129
0.14262
0.24873
0.27939
0.37443
0.20034
0.22094
0.19524
0.32777
0.22595
0.25088
0.25305
0.32684
0.35691
0.20006
0.30230
0.33151
0.30029
0.27901
0.23963
0.36631
0.27809
0.24597
0.23771
0.31043
0.32567
0.25316
0.30531
0.24411
0.34199
0.25607
0.22708
0.30366
0.26314
0.26247
0.25533
0.19625
0.23533
0.17788
0.04535
0.09186
0.16986
0.25095
0.26526
0.18944
0.25586
0.32138
0.17259
0.06479
0.17165
0.07623
0.26617
0.26680
0.19069
0.23363
0.06260
0.16580
0.24290
0.18780
0.06253
0.09704
0.20064
0.30247
0.22765
0.20888
0.29651
0.05846
0.29216
0.22807
0.06605
0.07484
0.08616
0.24941
0.15304
0.26131
0.19187
0.24832
0.03872
0.08100
0.05366
0.09844
0.27578
0.09937
0.12864
0.18784
0.24510
0.14045
0.20764
0.22186
0.08986
0.24486
0.05968
0.14149
0.13323
0.18834
0.19523
0.05830
0.05033
0.20124
0.20492
0.28220
0.28020
0.03325
0.06095
0.20476
0.19685
0.10903
0.15034
0.15826
0.22638
0.18706
0.11087
0.27528
0.26170
0.09964
0.11235
0.10705
0.01571
0.02667
0.14866
0.14266
0.19928
0.24066
0.27469
0.19534
0.30741
0.24736
0.17643
0.21774
0.19093
0.17896
0.02017
0.24571
0.08119
0.03612
0.22685
0.22507
0.29807
0.26517
0.04520
0.05270
0.15371
0.23721
0.20275
0.20133
0.13043
0.12050
0.28765
0.19884
0.20826
0.08611
0.04295
0.07806
0.14405
0.06685
0.10349
0.23776
0.29110
0.06918
0.07145
0.02035
0.04704
0.05120
0.15421
