0.11299
0.09341
0.05475
0.22919
0.09592
0.14436
0.20160
0.14465
0.18214
0.06548
0.22512
0.10889
0.14761
0.09598
0.13138
0.22968
0.14791
0.11103
0.06072
0.13696
0.28029
0.14601
0.17381
0.07920
0.25091
0.17765
0.14359
0.25546
0.11701
0.21125
0.16710
0.27141
0.11921
0.09592
0.12682
0.08545
0.12236
0.08895
0.12475
0.19954
0.28841
0.26726
0.08609
0.15655
0.28570
0.25200
0.17941
0.19662
0.17231
0.18610
0.09272
0.14462
0.15772
0.29492
0.08677
0.22487
0.22278
0.14869
0.14073
0.10020
0.29813
0.26548
0.18043
0.19190
0.28004
0.33719
0.06039
0.16171
0.10981
0.05570
0.14983
0.29640
0.30653
0.21130
0.26875
0.17022
0.11733
0.03655
0.23594
0.15102
0.29800
0.18936
0.32843
0.28127
0.27342
0.36353
0.09631
0.08098
0.13009
0.26944
0.32961
0.15595
0.09330
0.23292
0.08087
0.16898
0.26576
0.22475
0.20252
0.17562
0.09247
0.17880
0.11536
0.13128
0.25098
0.29829
0.15423
0.15990
0.18953
0.28104
0.03396
0.25768
0.10922
0.26782
0.13820
0.17781
0.27763
0.05160
0.07606
0.19828
0.24274
0.06969
0.27821
0.02583
0.12435
0.13012
0.30057
0.28764
0.20306
0.25857
0.09024
0.12019
0.29090
0.35436
0.10068
0.13247
0.07370
0.29421
0.26298
0.09459
0.18719
0.06116
0.29225
0.24710
0.15286
0.17442
0.09963
0.34350
0.18676
0.08754
0.17218
0.25771
0.10526
0.31049
0.32103
0.32669
0.12594
0.18353
0.12975
0.22118
0.25666
0.21010
0.28731
0.30534
0.09372
0.11707
0.30669
0.28063
0.07633
0.22551
0.05346
0.23022
0.26483
0.03176
0.11046
0.17819
0.10582
0.07749
0.18893
0.26808
0.12212
0.09711
0.24288
0.14359
0.08065
0.18910
0.21793
0.24423
0.26722
0.18618
0.13087
0.09112
0.06333
0.16007
0.16682
0.26263
0.20760
0.16540
0.09123
0.28505
0.25185
0.06169
0.20143
0.15296
0.05736
0.24814
0.12987
0.21104
0.26830
0.11869
0.25000
0.21320
0.14428
0.26710
0.27002
0.26962
0.11407
0.25684
0.20539
0.34231
0.12939
0.27414
0.10403
0.08753
0.09887
0.06787
0.16822
0.19349
0.17739
0.07550
0.25437
0.13351
0.22117
0.14870
0.09333
0.27455
0.11337
0.07042
0.09858
0.23667
0.09665
0.28749
0.11712
0.09556
0.16818
0.22027
0.11000
0.04916
0.08900
0.09802
0.10970
0.15479
0.11740
0.27762
0.12330
0.15532
0.16335
0.08161
0.06902
0.13374
0.24010
0.16692
0.20705
0.15953
0.18699
0.28052
0.29181
0.10565
0.16249
0.07230
0.11298
0.11211
0.07438
0.04956
0.35711
0.18631
0.07136
0.18942
0.18190
0.08453
0.13759
0.33206
0.11825
0.08586
0.27697
0.11790
0.19247
0.18121
0.15657
0.16167
0.10327
0.08236
0.15942
0.23187
0.17400
0.09669
0.20422
0.17665
0.17697
0.12652
0.31414
0.26115
0.27614
0.21946
0.11851
0.29961
0.30045
0.32405
0.04985
0.26588
0.15876
0.27531
0.15213
0.11285
0.14896
0.13096
0.09260
0.19639
0.25990
0.07809
0.12183
0.08975
0.27397
0.15438
0.23209
0.20667
0.26430
0.25850
0.15505
0.06351
0.26401
0.25965
0.37962
0.26169
0.33337
0.22926
0.26076
0.27536
0.29471
0.27802
0.05572
0.09564
0.14709
0.25579
0.06474
0.06349
0.18353
0.16775
0.21589
0.12420
0.16055
0.11813
0.27246
0.25965
0.26154
0.24334
0.28130
0.14381
0.11710
0.29757
0.09389
0.19352
0.10892
0.07795
0.21003
0.07944
0.24108
0.34276
0.06048
0.08575
0.14626
0.26435
0.11130
0.05314
0.08595
0.07073
0.07066
0.07147
0.19060
0.12423
0.28948
0.20311
0.20747
0.07722
0.19771
0.29151
0.21165
0.28328
0.36040
0.20234
0.29151
0.30143
0.28062
0.32011
0.28581
0.25874
0.35134
0.23631
0.24272
0.26503
0.21357
0.28540
0.20296
0.36979
0.32699
0.26039
0.26823
0.25286
0.25050
0.35216
0.30500
0.26145
0.30819
0.33513
0.21307
0.26909
0.30972
0.27017
0.24203
0.25361
0.29705
0.30732
0.24934
0.19870
0.35832
0.26384
0.23375
0.32052
0.19563
0.31149
0.35841
0.29321
0.30059
0.29180
0.29962
0.23968
0.26987
0.32586
0.22152
0.30645
0.33200
0.26779
0.28880
0.30363
0.18483
0.30661
0.27539
0.27482
0.32511
0.29848
0.27985
0.19788
0.29273
0.35726
0.16502
0.27705
0.22272
0.19040
0.20022
0.36038
0.30763
0.31256
0.15883
0.36206
0.26999
0.26037
0.37169
0.31732
0.30279
0.27588
0.23247
0.27394
0.21156
0.36943
0.28042
0.22706
0.14965
0.31690
0.20868
0.26021
0.28962
0.26439
0.35271
0.30972
0.22294
0.32944
0.29839
0.16923
0.19652
0.30118
0.17608
0.20156
0.16265
0.29063
0.33294
0.26862
0.27519
0.24079
0.29418
0.22170
0.28506
0.27408
0.29281
0.21928
0.28178
0.28180
0.21551
0.16221
0.36020
0.26475
0.18632
0.28699
0.30932
0.24727
0.34768
0.32019
0.23527
0.29485
0.21161
0.27965
0.30287
0.28057
0.25534
0.25076
0.15179
0.30668
0.22481
0.29114
0.21194
0.27699
0.29787
0.28611
0.19685
0.24938
0.28848
0.20318
0.28491
0.20113
0.23251
0.24241
0.22325
0.19993
0.31667
0.32202
0.33117
0.24750
0.23080
0.33044
0.21651
0.20495
0.22505
0.30431
0.29080
0.18248
0.18148
0.27569
0.28076
0.20570
0.15824
0.22551
0.26379
0.23470
0.25568
0.27773
0.30279
0.18414
0.22498
0.27752
0.28755
0.19530
0.31100
0.28206
0.27134
0.37369
0.18396
0.27749
0.22917
0.36726
0.31743
0.26762
0.26837
0.28384
0.28369
0.19623
0.31728
0.26412
0.25072
0.28982
0.26707
0.34207
0.24330
0.29365
0.22453
0.34954
0.23045
0.28021
0.22773
0.24816
0.27861
0.26135
0.23473
0.23905
0.21280
0.32084
0.22007
0.28838
0.22180
0.27584
0.30074
0.28760
0.27684
0.15149
0.22741
0.32668
0.32427
0.27589
0.28071
0.30122
0.26870
0.27125
0.19347
0.30833
0.29070
0.26201
0.23671
0.19878
0.30591
0.31674
0.25313
0.26518
0.20859
0.33882
0.27851
0.19659
0.19879
0.29258
0.28588
0.30491
0.29094
0.24424
0.34982
0.36409
0.14756
0.23809
0.32101
0.28832
0.27294
0.30590
0.33280
0.23752
0.18914
0.22817
0.27352
0.28485
0.35738
0.28141
0.29125
0.27747
0.21853
0.26477
0.30922
0.27936
0.16152
0.32962
0.18884
0.25148
0.33750
0.30432
0.27604
0.22223
0.27234
0.29752
0.34915
0.34096
0.26375
0.27503
0.20693
0.29864
0.30504
0.12989
0.26385
0.20584
0.24387
0.27826
0.22790
0.25495
0.26421
0.28651
0.22465
0.22603
0.22036
0.32908
0.25839
0.26369
0.20626
0.30790
0.26064
0.22290
0.21912
0.32329
0.29518
0.32248
0.25981
0.25231
0.29601
0.24914
0.25524
0.27335
0.17552
0.31539
0.26114
0.33216
0.27056
0.29851
0.34089
0.28504
0.26781
0.29581
0.18418
0.19068
0.28712
0.23089
0.30896
0.31304
0.27700
0.32419
0.38780
0.31796
0.32090
0.26988
0.31554
0.29240
0.36104
0.26748
0.27076
0.32989
0.32237
0.28368
0.33384
0.38735
0.23890
0.28910
0.31457
0.24615
0.31915
0.34381
0.22520
0.25819
0.32305
0.23327
0.29551
0.31066
0.28519
0.24208
0.26733
0.28064
0.26653
0.28374
0.33968
0.30072
0.24775
0.30965
0.27423
0.29135
0.27472
0.26198
0.14123
0.33029
0.32751
0.33133
0.31710
0.31141
0.36369
0.37178
0.24956
0.20615
0.28764
0.37177
0.27786
0.19010
0.30553
0.36533
0.24463
0.23676
0.33375
0.23798
0.28075
0.24655
0.34212
0.35762
0.41667
0.28141
0.28405
0.26516
0.36613
0.29602
0.31220
0.27957
0.37073
0.28311
0.18102
0.30395
0.44189
0.25455
0.39207
0.38331
0.23880
0.29245
0.32902
0.30197
0.30136
0.25228
0.26587
0.19755
0.29551
0.28491
0.30694
0.30253
0.38556
0.29512
0.29222
0.23218
0.19333
0.23428
0.36212
0.23527
0.14526
0.35346
0.15335
0.19346
0.43121
0.14617
0.26155
0.22538
0.26986
0.22452
0.45564
0.20113
0.35026
0.36254
0.24630
0.23920
0.23887
0.25744
0.21308
0.36205
0.19146
0.36768
0.36719
0.23081
0.24200
0.24986
0.34742
0.27080
0.20862
0.35372
0.40787
0.30303
0.29266
0.33951
0.37299
0.19709
0.26929
0.29785
0.38303
0.19263
0.24575
0.23279
0.35005
0.26091
0.23391
0.26080
0.32582
0.38102
0.23970
0.26916
0.32501
0.32920
0.27683
0.22059
0.38912
0.27622
0.27871
0.29873
0.27431
0.35689
0.24492
0.30392
0.24136
0.33879
0.26727
0.25840
0.32018
0.28393
0.22599
0.28933
0.19112
0.32593
0.23992
0.05450
0.11761
0.19431
0.26671
0.30538
0.21479
0.22478
0.33062
0.18229
0.07324
0.24380
0.02543
0.27046
0.22591
0.19511
0.31063
0.04590
0.10489
0.21081
0.20479
0.07909
0.16099
0.25873
0.26948
0.22696
0.20819
0.31457
0.08878
0.30613
0.23689
0.05163
0.07747
0.07715
0.23264
0.14648
0.19667
0.22598
0.29144
0.05647
0.10731
0.11189
0.06605
0.27382
0.11164
0.21388
0.23017
0.30230
0.19189
0.29377
0.21570
0.05763
0.24236
0.08602
0.07083
0.22404
0.17973
0.19188
0.05997
0.05142
0.19111
0.20432
0.27125
0.26089
0.05624
0.02022
0.19463
0.21543
0.18230
0.18453
0.08748
0.22201
0.14718
0.13758
0.26609
0.21417
0.11657
0.11377
0.12348
0.11561
0.03588
0.23405
0.17451
0.20531
0.22075
0.23641
0.19398
0.29681
0.19934
0.21977
0.19243
0.20216
0.21125
0.03688
0.28840
0.04770
0.05358
0.23172
0.23313
0.32093
0.23448
0.07087
0.10805
0.14298
0.22066
0.26573
0.29659
0.08778
0.18928
0.27801
0.12247
0.19973
0.10311
0.03429
0.04589
0.21117
0.03263
0.12110
0.25573
0.23631
0.10045
0.12836
0.01466
0.06201
0.06377
0.23794
