0.07699
0.11407
0.05307
0.26479
0.07765
0.15655
0.21120
0.17826
0.16071
0.06128
0.21443
0.15769
0.16471
0.10960
0.08929
0.21025
0.14509
0.10435
0.05767
0.15708
0.30708
0.13707
0.14651
0.08194
0.18019
0.17041
0.14200
0.26350
0.09165
0.15250
0.12140
0.24601
0.13532
0.10234
0.08811
0.09111
0.10703
0.09520
0.12110
0.15869
0.29625
0.27557
0.05306
0.15421
0.27992
0.20601
0.16175
0.20580
0.17122
0.15333
0.09227
0.15332
0.13725
0.30901
0.09381
0.24392
0.22346
0.10755
0.13600
0.09294
0.24614
0.29466
0.15020
0.19571
0.26918
0.31635
0.05058
0.18383
0.12286
0.06227
0.12703
0.29169
0.34468
0.22022
0.25964
0.18425
0.12255
0.02918
0.23903
0.13851
0.27979
0.18556
0.29956
0.27295
0.28123
0.35398
0.09872
0.08995
0.12572
0.24217
0.30434
0.18280
0.10740
0.25666
0.05518
0.16390
0.21527
0.19844
0.19759
0.17836
0.09315
0.17212
0.11405
0.10719
0.22347
0.30007
0.16118
0.17057
0.18902
0.26074
0.04021
0.23410
0.06876
0.21631
0.13450
0.20551
0.26787
0.04535
0.08576
0.17905
0.20106
0.08187
0.26212
0.03216
0.10367
0.16170
0.30852
0.27000
0.21251
0.26261
0.07975
0.13562
0.32786
0.36265
0.12136
0.15630
0.07420
0.29605
0.24290
0.07023
0.19115
0.05683
0.27735
0.20462
0.14097
0.25499
0.08615
0.32328
0.20696
0.08761
0.17276
0.25248
0.13445
0.30186
0.31739
0.34046
0.10700
0.12362
0.18169
0.18574
0.28255
0.26502
0.27141
0.31958
0.09202
0.13096
0.30528
0.27748
0.07496
0.26078
0.04675
0.22480
0.25338
0.01679
0.08809
0.19486
0.06172
0.08596
0.15539
0.25490
0.11072
0.10534
0.21774
0.14646
0.09502
0.17763
0.22038
0.20451
0.22314
0.16732
0.13431
0.06593
0.05166
0.14209
0.15565
0.26376
0.23898
0.16960
0.09556
0.28943
0.20459
0.08273
0.16298
0.14002
0.06396
0.20839
0.16714
0.19459
0.26787
0.09623
0.25297
0.23964
0.09745
0.25794
0.24401
0.25581
0.12845
0.28987
0.19565
0.32578
0.12070
0.22654
0.09213
0.07093
0.06882
0.07407
0.18415
0.22838
0.15216
0.07360
0.25263
0.14553
0.20513
0.13515
0.04048
0.27545
0.10784
0.03071
0.14472
0.26295
0.06068
0.28356
0.07698
0.11178
0.16259
0.21743
0.11275
0.03317
0.10023
0.09941
0.12179
0.13099
0.10434
0.29565
0.14389
0.15998
0.19396
0.07444
0.05938
0.14494
0.17570
0.15755
0.18505
0.14537
0.13157
0.25271
0.24048
0.09114
0.16366
0.09287
0.12306
0.12942
0.07438
0.03991
0.35468
0.18629
0.10536
0.18666
0.16872
0.07173
0.12507
0.34363
0.14497
0.09798
0.28267
0.12268
0.21742
0.18681
0.17750
0.15127
0.10203
0.07067
0.16358
0.24343
0.21152
0.10334
0.23835
0.18480
0.16976
0.15597
0.31366
0.23655
0.22193
0.14854
0.12255
0.28989
0.30562
0.32364
0.06617
0.26879
0.11379
0.27168
0.13768
0.08648
0.12963
0.14349
0.09546
0.22174
0.23682
0.06531
0.09230
0.04840
0.25659
0.17963
0.25590
0.15555
0.21263
0.24808
0.15283
0.08556
0.22718
0.30484
0.35568
0.28301
0.31173
0.18778
0.26791
0.27941
0.27286
0.26124
0.06050
0.05851
0.13225
0.23844
0.05851
0.09718
0.22073
0.12014
0.22536
0.09697
0.18745
0.14294
0.26298
0.26748
0.25870
0.20292
0.29697
0.14233
0.14944
0.30482
0.10935
0.17573
0.05195
0.08142
0.23798
0.06981
0.21321
0.33696
0.08917
0.08775
0.14806
0.24592
0.10530
0.05776
0.08255
0.07359
0.07800
0.09111
0.20100
0.12348
0.25185
0.15599
0.16772
0.08299
0.18972
0.29312
0.18465
0.26440
0.33699
0.18886
0.29872
0.28613
0.29156
0.32319
0.28338
0.21863
0.35286
0.22862
0.22781
0.25729
0.20413
0.28269
0.19172
0.37187
0.30622
0.25646
0.24758
0.24867
0.23684
0.34645
0.27375
0.23425
0.31311
0.32607
0.23113
0.23065
0.31085
0.25519
0.22494
0.24976
0.28281
0.28828
0.22144
0.23240
0.34496
0.20319
0.22601
0.28105
0.16617
0.27512
0.34264
0.28088
0.27813
0.30446
0.26349
0.22518
0.27709
0.33163
0.19925
0.26139
0.30630
0.25978
0.27868
0.31724
0.18456
0.29679
0.27435
0.28847
0.32088
0.29305
0.25146
0.18611
0.26280
0.32640
0.14000
0.25361
0.16566
0.16263
0.18193
0.35880
0.29087
0.32286
0.15708
0.34664
0.26761
0.25655
0.35290
0.29098
0.27863
0.27275
0.23036
0.25953
0.18360
0.34384
0.27413
0.24008
0.17110
0.29226
0.20568
0.24813
0.28305
0.25258
0.34914
0.31712
0.18369
0.32652
0.32582
0.14100
0.16759
0.26904
0.18642
0.18901
0.15245
0.29664
0.33800
0.23749
0.25739
0.24087
0.28766
0.20771
0.28978
0.23944
0.24328
0.22288
0.27273
0.27847
0.20927
0.15737
0.34579
0.30360
0.16334
0.31872
0.32007
0.23930
0.33559
0.32190
0.23703
0.29820
0.22034
0.29647
0.29634
0.23653
0.28942
0.22880
0.16788
0.30595
0.22087
0.27431
0.22999
0.27620
0.31049
0.27607
0.20146
0.22514
0.25988
0.21655
0.29451
0.18485
0.23554
0.20278
0.22127
0.20827
0.28144
0.29040
0.32628
0.22498
0.13711
0.32947
0.20389
0.14989
0.17001
0.31095
0.32096
0.15247
0.18284
0.27198
0.27238
0.16733
0.16980
0.20274
0.25209
0.20379
0.22625
0.25997
0.29961
0.16279
0.20710
0.26867
0.25125
0.19293
0.27577
0.28728
0.24879
0.35533
0.20950
0.31027
0.22906
0.35715
0.30403
0.21914
0.26075
0.28553
0.24708
0.19765
0.30227
0.26202
0.24002
0.27674
0.27367
0.34017
0.20555
0.31485
0.24229
0.32756
0.22329
0.27478
0.23032
0.22091
0.26321
0.27167
0.21448
0.21995
0.23959
0.25617
0.20753
0.27691
0.24038
0.23559
0.30429
0.29416
0.28919
0.14867
0.20880
0.33325
0.31979
0.23083
0.26921
0.27489
0.25135
0.19656
0.17499
0.30095
0.25184
0.26071
0.23622
0.19868
0.29522
0.30521
0.23325
0.25402
0.25052
0.33244
0.25186
0.18514
0.17143
0.28816
0.27596
0.28572
0.25782
0.27486
0.34927
0.34090
0.15688
0.21637
0.29031
0.25451
0.25531
0.28163
0.32570
0.20860
0.20748
0.18752
0.25865
0.25648
0.34248
0.30109
0.28964
0.26470
0.20883
0.24321
0.31951
0.28057
0.18856
0.31904
0.21616
0.25127
0.32428
0.29546
0.24207
0.21797
0.23103
0.28096
0.32677
0.31266
0.22825
0.27695
0.21603
0.27754
0.28927
0.13541
0.24800
0.18303
0.23174
0.27125
0.22308
0.23529
0.23171
0.23796
0.23034
0.20667
0.26138
0.32141
0.25309
0.24534
0.19526
0.30782
0.24917
0.21483
0.17466
0.30542
0.28785
0.33099
0.27560
0.20442
0.26648
0.26865
0.21109
0.25859
0.19418
0.32781
0.25976
0.31888
0.30615
0.26980
0.33510
0.24039
0.23076
0.29255
0.16109
0.18533
0.27508
0.20648
0.27079
0.31150
0.24536
0.30307
0.36335
0.28898
0.29871
0.24055
0.27899
0.24366
0.35769
0.22041
0.26664
0.32604
0.30666
0.27643
0.33168
0.36287
0.23781
0.25770
0.29271
0.22821
0.31301
0.30042
0.21140
0.25769
0.34369
0.23166
0.26433
0.32921
0.23751
0.22602
0.23773
0.22885
0.27536
0.29549
0.29030
0.27499
0.23309
0.29058
0.26848
0.29470
0.27074
0.29821
0.14364
0.33968
0.34060
0.32603
0.30131
0.30798
0.39503
0.39417
0.26164
0.20645
0.29324
0.35409
0.29026
0.21820
0.31591
0.32228
0.23381
0.24136
0.33665
0.23720
0.28216
0.24393
0.32161
0.35191
0.42775
0.32144
0.30295
0.27484
0.40124
0.29943
0.30103
0.30074
0.36363
0.29389
0.16048
0.31101
0.46439
0.25694
0.41950
0.40735
0.22563
0.31634
0.33966
0.32159
0.30558
0.25498
0.27518
0.17741
0.28952
0.32808
0.31259
0.29859
0.38225
0.28965
0.27758
0.23392
0.21499
0.25827
0.37808
0.25311
0.12866
0.33482
0.20251
0.18819
0.41823
0.13643
0.27745
0.20872
0.26748
0.25580
0.42427
0.18496
0.33445
0.38299
0.25265
0.18917
0.24804
0.26135
0.21298
0.36622
0.19121
0.35182
0.34726
0.26373
0.25797
0.22735
0.32742
0.25141
0.21760
0.30386
0.41857
0.32973
0.28908
0.34958
0.35665
0.21268
0.27558
0.29125
0.37881
0.18009
0.24077
0.23035
0.33431
0.28130
0.25744
0.26435
0.31420
0.38081
0.24873
0.29578
0.33938
0.29095
0.29105
0.25512
0.40210
0.27044
0.25861
0.28356
0.31326
0.33348
0.25785
0.29238
0.23613
0.35194
0.27506
0.24601
0.31227
0.27624
0.25120
0.28978
0.19668
0.28303
0.19516
0.05772
0.09094
0.21387
0.23586
0.30368
0.19006
0.24822
0.33765
0.13790
0.04916
0.15353
0.03057
0.28940
0.25870
0.17641
0.30126
0.05412
0.09924
0.13307
0.18781
0.11088
0.12744
0.20339
0.27791
0.17740
0.21123
0.27311
0.08467
0.32130
0.18459
0.05533
0.09852
0.21078
0.30078
0.16638
0.22473
0.20707
0.26918
0.05734
0.05079
0.09166
0.05890
0.25493
0.12814
0.10312
0.15689
0.25027
0.19448
0.28942
0.20682
0.02807
0.30714
0.06828
0.04777
0.24344
0.19433
0.23141
0.03937
0.11536
0.20904
0.20982
0.32528
0.22301
0.03051
0.06374
0.19790
0.19542
0.14772
0.22002
0.10874
0.26253
0.13107
0.11578
0.23479
0.28977
0.11698
0.12136
0.12763
0.05697
0.05767
0.15696
0.14246
0.20052
0.24023
0.28252
0.20227
0.30876
0.25016
0.18989
0.18348
0.23218
0.15904
0.07379
0.25508
0.16331
0.05604
0.21870
0.22052
0.31260
0.26048
0.09507
0.08230
0.14664
0.26895
0.17175
0.20848
0.07379
0.16883
0.27631
0.13675
0.22962
0.08861
0.04104
0.07983
0.16746
0.08642
0.10268
0.29251
0.27220
0.08783
0.11804
0.00968
0.09168
0.04018
0.23188
