0.11776
0.13419
0.11634
0.25576
0.12977
0.17871
0.20088
0.15977
0.22220
0.11303
0.21151
0.13327
0.16318
0.13570
0.11333
0.22595
0.13548
0.16972
0.09085
0.14416
0.28341
0.15568
0.21845
0.07577
0.22664
0.16879
0.13065
0.27242
0.09271
0.17169
0.19844
0.27026
0.16792
0.09587
0.10219
0.11035
0.13024
0.10637
0.14572
0.15649
0.28958
0.24894
0.13314
0.18087
0.28872
0.22772
0.19943
0.28327
0.21142
0.17780
0.11425
0.14120
0.17454
0.27969
0.10200
0.29561
0.23620
0.14845
0.17235
0.08260
0.28878
0.29564
0.16535
0.24490
0.31305
0.31733
0.09300
0.18105
0.17028
0.04438
0.13933
0.30494
0.28292
0.21179
0.24891
0.13773
0.09657
0.07105
0.22998
0.17201
0.32913
0.16351
0.32850
0.26709
0.26008
0.34688
0.11664
0.08926
0.20297
0.24466
0.35047
0.22407
0.06859
0.27113
0.07010
0.19745
0.22091
0.23540
0.20217
0.16575
0.12276
0.18658
0.13829
0.13259
0.20125
0.30534
0.15016
0.17174
0.17228
0.28555
0.05749
0.27117
0.07197
0.24407
0.11880
0.12001
0.27778
0.06592
0.10529
0.15902
0.23206
0.08234
0.28456
0.06029
0.12015
0.19996
0.27338
0.28495
0.21214
0.27091
0.12614
0.14354
0.33449
0.33575
0.13489
0.16346
0.11722
0.29383
0.29282
0.08790
0.17403
0.03485
0.28991
0.15886
0.19629
0.30306
0.10573
0.35571
0.18053
0.09091
0.17421
0.25112
0.11957
0.32621
0.31456
0.31795
0.13371
0.15083
0.16723
0.16831
0.29297
0.27404
0.25692
0.35124
0.09238
0.12432
0.31538
0.26440
0.10055
0.23140
0.05284
0.25236
0.22113
0.05743
0.12164
0.21687
0.08400
0.12167
0.14846
0.28008
0.10034
0.11511
0.19875
0.16827
0.16188
0.22577
0.23891
0.26123
0.26675
0.20825
0.16789
0.12945
0.09200
0.13047
0.14391
0.26049
0.23540
0.20514
0.15056
0.29180
0.21919
0.11556
0.19338
0.17524
0.09460
0.23505
0.12240
0.23000
0.25891
0.10678
0.26925
0.22558
0.12190
0.25104
0.23153
0.25907
0.16141
0.29241
0.21791
0.34036
0.12089
0.22811
0.11444
0.09050
0.10566
0.07869
0.18038
0.18864
0.16348
0.12452
0.24387
0.15062
0.28294
0.16628
0.08346
0.29640
0.12023
0.11695
0.10545
0.28981
0.09575
0.30886
0.12658
0.13571
0.16629
0.22127
0.10440
0.08599
0.14046
0.11521
0.13895
0.17211
0.11491
0.23008
0.15253
0.16733
0.18208
0.09873
0.10468
0.15737
0.18527
0.16830
0.19266
0.19077
0.18415
0.26373
0.28245
0.10253
0.19120
0.10212
0.09070
0.13045
0.09314
0.05800
0.38348
0.21400
0.11935
0.16656
0.15029
0.09363
0.13413
0.34600
0.15576
0.13662
0.29694
0.11612
0.21349
0.17993
0.20913
0.15177
0.11762
0.11845
0.19454
0.23160
0.21869
0.10622
0.15333
0.19090
0.20454
0.16883
0.34203
0.27174
0.27788
0.17433
0.14792
0.29050
0.27608
0.30340
0.05897
0.26099
0.15530
0.30091
0.17108
0.11371
0.14509
0.16389
0.11900
0.26397
0.18426
0.14286
0.12823
0.10030
0.27795
0.22189
0.25144
0.18814
0.21539
0.22883
0.17986
0.06210
0.27821
0.27831
0.38440
0.30042
0.32985
0.23199
0.24734
0.29863
0.29529
0.22186
0.06140
0.10767
0.17362
0.23408
0.07867
0.09002
0.29592
0.15156
0.24158
0.10282
0.17083
0.16232
0.27589
0.27412
0.25176
0.21732
0.29010
0.16031
0.21609
0.31446
0.10982
0.21733
0.07903
0.11071
0.23489
0.09139
0.26012
0.33560
0.13237
0.10869
0.16255
0.27320
0.11730
0.07136
0.08141
0.09168
0.10336
0.15938
0.18059
0.10507
0.26274
0.20290
0.17499
0.08991
0.22034
0.29596
0.17937
0.25055
0.35986
0.16677
0.29647
0.29709
0.28216
0.30226
0.29814
0.23386
0.35798
0.23664
0.23346
0.26023
0.21919
0.27066
0.20433
0.36580
0.33495
0.29014
0.25261
0.24691
0.24720
0.33359
0.31157
0.22839
0.32192
0.34750
0.22120
0.23717
0.34522
0.24962
0.24920
0.25397
0.27085
0.32591
0.26318
0.24038
0.36093
0.25644
0.25479
0.29374
0.18589
0.30119
0.35357
0.28850
0.28781
0.29369
0.26578
0.22768
0.28373
0.33744
0.19340
0.26527
0.32668
0.25283
0.28046
0.29375
0.18733
0.29406
0.25451
0.29936
0.32524
0.29076
0.27474
0.19168
0.29350
0.37290
0.13317
0.26996
0.21116
0.17956
0.20848
0.35255
0.30847
0.32159
0.18662
0.35173
0.26339
0.25338
0.37166
0.32434
0.27735
0.27321
0.24013
0.27760
0.19812
0.36165
0.27164
0.24368
0.16983
0.30447
0.21877
0.23886
0.28958
0.24934
0.35371
0.33250
0.20766
0.32752
0.31004
0.17885
0.18258
0.27556
0.18531
0.19778
0.18038
0.29981
0.34247
0.26272
0.26513
0.24922
0.27442
0.21492
0.27247
0.24881
0.26919
0.20684
0.28371
0.28414
0.22393
0.19308
0.33623
0.30930
0.16803
0.30196
0.32487
0.27213
0.34544
0.32134
0.22075
0.26691
0.21093
0.29514
0.30556
0.28312
0.27496
0.23683
0.16552
0.30099
0.23665
0.28260
0.21483
0.27595
0.28707
0.30499
0.20428
0.23716
0.28138
0.21304
0.25951
0.20890
0.23864
0.21935
0.25356
0.21262
0.29600
0.33492
0.33361
0.25364
0.19538
0.34267
0.22561
0.19164
0.20532
0.31701
0.29696
0.18474
0.18878
0.26925
0.27991
0.18874
0.16684
0.24070
0.26850
0.20284
0.25225
0.25769
0.29492
0.18464
0.24059
0.28329
0.27732
0.18616
0.26545
0.29121
0.26279
0.36181
0.20306
0.30769
0.21850
0.36032
0.31833
0.23491
0.26145
0.29465
0.26911
0.20237
0.30525
0.27324
0.26772
0.30246
0.26930
0.34878
0.24777
0.30447
0.22266
0.34381
0.23481
0.27694
0.22408
0.25213
0.27454
0.26004
0.18847
0.21893
0.25508
0.29401
0.20939
0.28842
0.23376
0.25193
0.30878
0.30305
0.31756
0.15461
0.21353
0.34035
0.32345
0.24074
0.26732
0.26726
0.26514
0.20824
0.18874
0.32131
0.27387
0.28434
0.26291
0.22324
0.30859
0.32965
0.25541
0.23444
0.22581
0.34236
0.27569
0.19337
0.21464
0.30136
0.29483
0.27796
0.26170
0.23383
0.36036
0.36580
0.14752
0.24494
0.32378
0.25187
0.24737
0.28758
0.34982
0.23378
0.20929
0.21220
0.26667
0.26264
0.36901
0.28629
0.30416
0.26390
0.23388
0.26818
0.31601
0.28596
0.18084
0.33816
0.23763
0.26074
0.35305
0.29451
0.23030
0.24467
0.24320
0.30808
0.31230
0.34513
0.27080
0.28688
0.22289
0.29582
0.32253
0.14361
0.25242
0.22806
0.21599
0.25104
0.24896
0.27902
0.23274
0.24727
0.23687
0.22566
0.25774
0.34586
0.26448
0.25114
0.20415
0.31261
0.24947
0.23196
0.20263
0.32690
0.29488
0.31672
0.25868
0.23255
0.27871
0.23736
0.23171
0.27106
0.17323
0.32582
0.25411
0.34746
0.29057
0.30898
0.35262
0.26960
0.25520
0.25076
0.15770
0.18573
0.25467
0.20682
0.30662
0.31843
0.25555
0.32049
0.38168
0.30596
0.33970
0.26622
0.32507
0.28841
0.36154
0.22225
0.26590
0.33571
0.32870
0.26781
0.33360
0.39267
0.22700
0.25468
0.34029
0.21824
0.33477
0.31143
0.25248
0.22578
0.35754
0.23012
0.27268
0.33244
0.27316
0.26520
0.24394
0.23387
0.26167
0.30314
0.29688
0.29051
0.24166
0.29479
0.26945
0.27611
0.25933
0.26833
0.12959
0.31068
0.31878
0.37308
0.31642
0.29841
0.41196
0.39209
0.27458
0.21553
0.29817
0.38995
0.26702
0.19578
0.29382
0.34816
0.27068
0.25543
0.33514
0.23907
0.27587
0.19356
0.32244
0.36491
0.41124
0.29846
0.29935
0.26753
0.38886
0.30353
0.28723
0.27967
0.34904
0.25564
0.19649
0.32260
0.44040
0.28065
0.38971
0.42665
0.21616
0.29612
0.32027
0.29563
0.30058
0.23259
0.26778
0.21150
0.28602
0.27403
0.29303
0.31813
0.34923
0.27559
0.26883
0.26830
0.21305
0.25905
0.38391
0.22771
0.14810
0.34961
0.15000
0.21449
0.38374
0.16683
0.23367
0.24300
0.26328
0.24641
0.42285
0.20952
0.31728
0.37805
0.25214
0.25050
0.26516
0.25074
0.21618
0.35508
0.19185
0.36537
0.35379
0.25051
0.24944
0.22639
0.34311
0.27538
0.22204
0.35074
0.43020
0.30504
0.29641
0.35482
0.36650
0.20742
0.26018
0.30279
0.39460
0.19979
0.23527
0.25491
0.36155
0.26345
0.24724
0.27347
0.31122
0.36941
0.23405
0.27191
0.35482
0.29649
0.27555
0.24916
0.38574
0.26188
0.27600
0.26399
0.31288
0.34335
0.26235
0.30485
0.23196
0.33407
0.26944
0.24198
0.30898
0.26762
0.24700
0.28612
0.20618
0.33672
0.22098
0.05678
0.13680
0.24525
0.24626
0.24261
0.19921
0.25418
0.35991
0.21363
0.08742
0.18605
0.05141
0.25227
0.22603
0.18724
0.30251
0.06410
0.15936
0.20308
0.26888
0.11685
0.15580
0.26044
0.25260
0.16962
0.21444
0.27823
0.08964
0.28835
0.23462
0.05583
0.08342
0.15367
0.29231
0.19414
0.23516
0.17045
0.26896
0.08198
0.07573
0.09870
0.10915
0.24197
0.13285
0.18026
0.12501
0.28765
0.17461
0.29930
0.20361
0.06396
0.29947
0.07366
0.14669
0.24051
0.18611
0.31994
0.07343
0.11606
0.21921
0.18137
0.25095
0.25330
0.06852
0.05919
0.20458
0.25374
0.15295
0.21851
0.14655
0.22163
0.21287
0.15908
0.22409
0.27928
0.08567
0.12674
0.22896
0.08379
0.04720
0.30187
0.19042
0.19177
0.26811
0.28481
0.19012
0.33254
0.24627
0.28213
0.19930
0.23208
0.18111
0.04445
0.24876
0.11096
0.16166
0.19730
0.26024
0.26900
0.21222
0.19174
0.04879
0.14352
0.24053
0.18197
0.24445
0.11049
0.26695
0.34714
0.14111
0.23051
0.11516
0.04887
0.11943
0.19068
0.08106
0.11528
0.26995
0.28610
0.13636
0.09471
0.08018
0.09938
0.07395
0.21477
