0.06700
0.10577
0.04468
0.21089
0.08739
0.12768
0.19253
0.14828
0.17562
0.04353
0.14078
0.10867
0.10932
0.10838
0.12056
0.23186
0.11312
0.06933
0.04772
0.12613
0.27914
0.10939
0.13181
0.05239
0.22434
0.11600
0.09017
0.17836
0.11459
0.12866
0.16470
0.24102
0.13022
0.10089
0.05849
0.09311
0.14022
0.05376
0.08453
0.12750
0.26286
0.21690
0.07690
0.09106
0.29327
0.21313
0.15987
0.20583
0.16793
0.12802
0.09229
0.10955
0.12979
0.28256
0.09087
0.21408
0.21002
0.10167
0.10333
0.07267
0.26416
0.26595
0.09075
0.18054
0.27983
0.34124
0.05985
0.13444
0.07033
0.03377
0.15994
0.30888
0.23597
0.14843
0.24819
0.09285
0.04105
0.03513
0.15339
0.14511
0.28542
0.17043
0.32745
0.23913
0.24357
0.32522
0.09973
0.04984
0.12415
0.25518
0.28798
0.16689
0.03497
0.23675
0.08658
0.11066
0.22503
0.22295
0.19613
0.14526
0.09464
0.16771
0.09991
0.10582
0.17246
0.27748
0.13699
0.14334
0.11380
0.29550
0.02271
0.27141
0.07899
0.20586
0.10799
0.14037
0.27651
0.05109
0.06982
0.13024
0.22135
0.05429
0.25688
0.00657
0.06231
0.10312
0.30631
0.26109
0.12579
0.24053
0.07664
0.07659
0.25001
0.35172
0.09105
0.10646
0.04027
0.27819
0.26928
0.02824
0.14756
0.02087
0.27324
0.17633
0.10165
0.24962
0.05633
0.32169
0.14578
0.09120
0.16472
0.23848
0.10205
0.30423
0.30530
0.32437
0.10616
0.19988
0.13633
0.16584
0.26999
0.23939
0.26051
0.32623
0.09489
0.10549
0.22677
0.24546
0.07884
0.23602
0.04550
0.18989
0.23308
0.03218
0.10632
0.22047
0.07610
0.07019
0.16983
0.28114
0.05367
0.10596
0.19629
0.11386
0.06551
0.17093
0.18191
0.20984
0.26220
0.17824
0.08724
0.05572
0.04132
0.13797
0.10727
0.17752
0.12292
0.17184
0.05671
0.27172
0.20843
0.09472
0.16599
0.17613
0.04606
0.15671
0.07861
0.18166
0.22189
0.06508
0.27254
0.20093
0.09906
0.26730
0.27179
0.22267
0.11964
0.17808
0.19875
0.33778
0.10628
0.22171
0.08806
0.06934
0.05544
0.05103
0.15942
0.14175
0.13690
0.03080
0.26624
0.08092
0.18520
0.07727
0.04314
0.24574
0.11144
0.02496
0.09057
0.29582
0.03557
0.29943
0.10545
0.10650
0.11255
0.22631
0.10831
0.04665
0.11012
0.09611
0.09313
0.12715
0.10470
0.20036
0.14667
0.15754
0.18681
0.07285
0.01992
0.14464
0.23389
0.12165
0.22280
0.13304
0.11715
0.21402
0.28072
0.09444
0.16679
0.01989
0.04474
0.11592
0.04892
0.03466
0.34795
0.13624
0.03942
0.20936
0.14760
0.08019
0.09051
0.32615
0.12012
0.02960
0.30700
0.13506
0.14001
0.14324
0.15097
0.10470
0.08141
0.05807
0.19097
0.21847
0.18161
0.09516
0.10529
0.12958
0.18696
0.11115
0.33044
0.26208
0.27590
0.14479
0.08537
0.30021
0.27942
0.28341
0.02728
0.26817
0.08885
0.30246
0.12651
0.08167
0.09534
0.08296
0.10923
0.14016
0.20122
0.05232
0.06528
0.08974
0.24034
0.09783
0.20997
0.12021
0.22575
0.21407
0.09690
0.03778
0.20307
0.25668
0.35705
0.22263
0.30024
0.20658
0.20793
0.24918
0.28284
0.24833
0.06014
0.06443
0.07757
0.23194
0.02340
0.05494
0.18111
0.07821
0.17629
0.09391
0.14284
0.06590
0.26403
0.27545
0.21115
0.18255
0.30351
0.10545
0.14927
0.29464
0.03426
0.16210
0.06882
0.06686
0.13408
0.04094
0.22638
0.34398
0.03224
0.06805
0.13333
0.23807
0.09453
0.04501
0.08680
0.04273
0.03798
0.08743
0.15596
0.09855
0.25891
0.13860
0.18308
0.07420
0.20283
0.29210
0.17910
0.24366
0.34828
0.18855
0.28566
0.30327
0.28995
0.29476
0.28283
0.22018
0.34678
0.22872
0.21509
0.23883
0.22056
0.29804
0.16296
0.37188
0.31727
0.22609
0.21786
0.22386
0.21376
0.34538
0.29021
0.22241
0.32177
0.34073
0.19966
0.25051
0.30407
0.25651
0.24918
0.25985
0.27852
0.30425
0.21559
0.20214
0.35113
0.22105
0.21632
0.30797
0.14896
0.30209
0.35049
0.27357
0.28164
0.30612
0.28530
0.20403
0.29653
0.33498
0.19580
0.28300
0.31805
0.20425
0.25702
0.27769
0.15382
0.31492
0.24783
0.25863
0.31380
0.30010
0.23323
0.15383
0.29928
0.34559
0.10201
0.27466
0.18581
0.17658
0.18592
0.35926
0.28935
0.32323
0.13478
0.35111
0.25463
0.28082
0.35533
0.32564
0.29904
0.28601
0.21546
0.26642
0.15234
0.36248
0.28182
0.24289
0.17938
0.30791
0.18458
0.26760
0.28199
0.24556
0.34104
0.31953
0.20789
0.31903
0.30805
0.13600
0.14993
0.26884
0.16504
0.18440
0.12146
0.26260
0.32476
0.25351
0.25183
0.23364
0.28983
0.20923
0.29884
0.22584
0.27338
0.22034
0.27131
0.27972
0.18090
0.15766
0.35459
0.30375
0.18782
0.28363
0.32104
0.26078
0.33354
0.30693
0.21776
0.27932
0.17212
0.29494
0.30139
0.29231
0.25729
0.23237
0.11518
0.27543
0.20106
0.25929
0.21397
0.27148
0.30945
0.28834
0.17801
0.21802
0.28055
0.21308
0.27880
0.17286
0.23121
0.20713
0.21103
0.18555
0.29535
0.31708
0.32356
0.21061
0.21317
0.32026
0.16690
0.21014
0.16911
0.29563
0.28547
0.14571
0.18589
0.26317
0.27903
0.19076
0.12598
0.17840
0.27931
0.19499
0.18981
0.20723
0.31257
0.16060
0.26687
0.26686
0.27925
0.20373
0.26647
0.24997
0.26393
0.36381
0.16511
0.28985
0.21208
0.36293
0.31467
0.22542
0.26339
0.30411
0.27525
0.15934
0.29708
0.26659
0.23944
0.28848
0.26809
0.34208
0.21269
0.26941
0.22451
0.34575
0.20837
0.27237
0.21241
0.22817
0.28844
0.26016
0.21268
0.25224
0.21465
0.31943
0.18892
0.28708
0.21268
0.22810
0.29526
0.28675
0.30351
0.12172
0.20867
0.33007
0.32677
0.23028
0.28503
0.28581
0.23870
0.21883
0.23516
0.28774
0.27944
0.25592
0.21262
0.15970
0.28048
0.32198
0.25122
0.28068
0.19422
0.33327
0.24790
0.17866
0.16588
0.28600
0.28497
0.28015
0.23900
0.21796
0.35128
0.34687
0.13593
0.20683
0.31442
0.26670
0.25579
0.29793
0.33799
0.19106
0.18181
0.16116
0.23635
0.26883
0.34995
0.28462
0.26371
0.29728
0.22035
0.22984
0.30529
0.28420
0.15543
0.33647
0.20547
0.20909
0.34413
0.29961
0.24087
0.22714
0.21365
0.30432
0.34778
0.33328
0.23636
0.27884
0.17188
0.29017
0.32573
0.10719
0.24239
0.15638
0.21978
0.28439
0.19096
0.24566
0.22976
0.24449
0.19410
0.20011
0.22438
0.32760
0.26814
0.23101
0.18006
0.30513
0.24625
0.21754
0.16179
0.32543
0.28923
0.32732
0.26035
0.21569
0.29520
0.25597
0.21979
0.26693
0.15905
0.33591
0.25487
0.32728
0.27819
0.28060
0.33625
0.26533
0.26345
0.30100
0.14315
0.19206
0.28305
0.17901
0.27148
0.31647
0.24509
0.32322
0.37694
0.31557
0.32986
0.24794
0.30320
0.28642
0.35198
0.23169
0.25790
0.31299
0.31793
0.29076
0.33016
0.38042
0.20281
0.24450
0.32620
0.20508
0.30807
0.31668
0.22025
0.24198
0.34541
0.22687
0.24830
0.30653
0.27970
0.21370
0.21494
0.23375
0.28123
0.28754
0.28784
0.29052
0.23498
0.30821
0.26457
0.29787
0.28975
0.27849
0.12107
0.31439
0.30169
0.35982
0.31223
0.26909
0.39802
0.36466
0.26442
0.14953
0.29722
0.38680
0.29012
0.22678
0.29429
0.31617
0.20222
0.23216
0.32441
0.24029
0.27210
0.21095
0.33022
0.35354
0.43219
0.32970
0.29370
0.26807
0.36237
0.32029
0.29465
0.27212
0.34329
0.27740
0.13250
0.31625
0.45908
0.20492
0.41007
0.41305
0.17889
0.28047
0.36919
0.31585
0.29346
0.25858
0.25972
0.21590
0.29006
0.25102
0.27876
0.31650
0.38737
0.27471
0.25093
0.20480
0.16428
0.24013
0.38324
0.25450
0.13009
0.29535
0.16866
0.15330
0.38252
0.16919
0.27411
0.18195
0.28552
0.23057
0.43643
0.18651
0.33052
0.39563
0.22736
0.14940
0.23112
0.28092
0.18303
0.34305
0.13812
0.34285
0.32850
0.23947
0.24948
0.22618
0.30571
0.21938
0.20052
0.35302
0.41860
0.29359
0.28706
0.34765
0.35246
0.20073
0.25438
0.27612
0.35872
0.16979
0.18323
0.21897
0.33719
0.25039
0.23988
0.25816
0.32555
0.35115
0.24646
0.29006
0.35055
0.30265
0.27024
0.24226
0.36179
0.28196
0.26101
0.28095
0.28473
0.32501
0.25662
0.30254
0.23347
0.30600
0.23466
0.24354
0.29209
0.25530
0.23144
0.25356
0.17900
0.30227
0.21365
0.05649
0.09570
0.13950
0.24879
0.30249
0.20616
0.21664
0.33154
0.14095
0.07069
0.11499
0.02707
0.27897
0.21881
0.16591
0.26442
0.06330
0.08445
0.22841
0.15248
0.05629
0.14900
0.25142
0.25088
0.20590
0.21650
0.23179
0.02806
0.28391
0.24198
0.02893
0.05905
0.14744
0.27224
0.11726
0.24218
0.18163
0.28922
0.01623
0.05232
0.02263
0.03901
0.19455
0.11864
0.06560
0.14074
0.20956
0.11653
0.28633
0.23747
0.05487
0.26369
0.12304
0.02434
0.24380
0.19280
0.15271
0.06479
0.07193
0.20595
0.21672
0.27158
0.24076
0.01084
0.07571
0.15825
0.20110
0.18211
0.17831
0.07405
0.16338
0.16282
0.10266
0.26388
0.23804
0.08324
0.11219
0.17371
0.04724
0.03550
0.17748
0.11268
0.20716
0.22792
0.28023
0.21030
0.32622
0.22377
0.28181
0.19653
0.19533
0.13674
0.03275
0.25365
0.05671
0.03635
0.21577
0.25111
0.30432
0.22876
0.02533
0.01952
0.13068
0.11856
0.24172
0.29121
0.04879
0.10742
0.28458
0.12691
0.22383
0.09189
0.03228
0.01837
0.18080
0.03483
0.05516
0.29710
0.26725
0.06050
0.10524
0.01749
0.06778
0.07214
0.17862
