0.20102
0.11535
0.11669
0.27460
0.16522
0.13666
0.26082
0.18445
0.18703
0.08171
0.23135
0.15086
0.21155
0.11069
0.18854
0.22887
0.12687
0.22992
0.15610
0.16042
0.27421
0.17266
0.22049
0.13653
0.25990
0.17813
0.16913
0.30412
0.14067
0.23425
0.20491
0.29820
0.15411
0.10971
0.18212
0.09254
0.13698
0.15312
0.12780
0.21047
0.30048
0.25705
0.17493
0.21549
0.30149
0.25019
0.18028
0.23595
0.20575
0.20202
0.09748
0.22298
0.11435
0.31183
0.11153
0.19085
0.24488
0.20304
0.18952
0.13305
0.24295
0.32997
0.16968
0.25310
0.28000
0.32548
0.09281
0.18244
0.16200
0.15340
0.16007
0.32882
0.32291
0.19420
0.22976
0.17897
0.15718
0.09195
0.23360
0.16274
0.32123
0.26489
0.33853
0.28980
0.26988
0.37603
0.12248
0.17953
0.19041
0.26552
0.34911
0.14491
0.14553
0.29004
0.16862
0.17312
0.22644
0.20022
0.20492
0.19788
0.09300
0.21395
0.13124
0.11270
0.28158
0.29782
0.19750
0.14160
0.24588
0.26903
0.09796
0.28942
0.13704
0.24600
0.11619
0.22680
0.28250
0.07599
0.10684
0.22499
0.24782
0.13400
0.29948
0.05592
0.15131
0.15293
0.30646
0.28952
0.20613
0.25714
0.13296
0.16303
0.32235
0.34334
0.10400
0.17889
0.13933
0.26164
0.27605
0.10799
0.20776
0.14149
0.30074
0.20210
0.15555
0.25831
0.18097
0.35216
0.19260
0.09911
0.19235
0.30641
0.12004
0.34178
0.28465
0.33542
0.19221
0.24008
0.14237
0.23099
0.29057
0.29186
0.26052
0.35531
0.08834
0.15248
0.30782
0.27155
0.14781
0.26712
0.07270
0.30086
0.23540
0.07710
0.18715
0.21473
0.12411
0.07629
0.23280
0.26728
0.11545
0.12272
0.25490
0.21701
0.12958
0.17794
0.23483
0.26798
0.26246
0.22757
0.17859
0.09962
0.09257
0.17893
0.19599
0.24640
0.25268
0.21057
0.10348
0.28487
0.22624
0.15375
0.24922
0.14604
0.10099
0.28562
0.17219
0.24031
0.26850
0.16407
0.25195
0.23036
0.15984
0.23350
0.26033
0.21795
0.14299
0.31984
0.21070
0.31911
0.21680
0.20972
0.15401
0.14426
0.14654
0.06915
0.21010
0.23147
0.23093
0.11779
0.25558
0.16876
0.24336
0.17965
0.07392
0.27107
0.12241
0.06256
0.11887
0.26794
0.12073
0.32273
0.18364
0.15115
0.13687
0.20763
0.11584
0.09641
0.21204
0.11793
0.12527
0.19718
0.14398
0.25717
0.15757
0.19301
0.18838
0.17496
0.10179
0.13767
0.23224
0.17856
0.23798
0.23028
0.18860
0.24813
0.29661
0.10618
0.22591
0.11560
0.14282
0.15807
0.15755
0.05657
0.37646
0.18382
0.13821
0.19919
0.19801
0.10701
0.20497
0.34940
0.16409
0.15449
0.34049
0.12084
0.19344
0.23007
0.16036
0.18886
0.13773
0.11797
0.22524
0.26114
0.20918
0.09662
0.16241
0.20440
0.20400
0.19650
0.33771
0.28718
0.30374
0.21981
0.18756
0.31523
0.31044
0.32849
0.05016
0.23797
0.13266
0.29933
0.24028
0.16774
0.17942
0.23627
0.11010
0.24290
0.24160
0.14576
0.11651
0.10726
0.22873
0.23873
0.29096
0.24292
0.23693
0.24816
0.17279
0.13152
0.29557
0.30081
0.32935
0.28828
0.32696
0.23350
0.22132
0.29695
0.28472
0.25727
0.10420
0.20749
0.17226
0.21549
0.15233
0.10567
0.25025
0.16327
0.25003
0.16153
0.18755
0.13865
0.28163
0.24662
0.24942
0.24471
0.28503
0.18508
0.11836
0.33269
0.10207
0.24149
0.14906
0.14390
0.22158
0.12332
0.25567
0.28300
0.13843
0.11768
0.14167
0.23814
0.12125
0.12516
0.14108
0.10586
0.12821
0.17404
0.21759
0.13855
0.29827
0.20944
0.24807
0.14197
0.21095
0.30044
0.19242
0.25088
0.35521
0.16574
0.29869
0.31039
0.27449
0.28069
0.29150
0.24841
0.33473
0.23182
0.23858
0.25104
0.22575
0.31145
0.20703
0.37151
0.33143
0.27360
0.20903
0.26259
0.24779
0.34442
0.27033
0.25732
0.31703
0.33256
0.21640
0.22947
0.33678
0.27994
0.24503
0.25402
0.27895
0.31945
0.21852
0.21618
0.34618
0.24240
0.20940
0.32133
0.18714
0.30346
0.34656
0.29077
0.26119
0.29972
0.26033
0.25181
0.27895
0.33626
0.17439
0.27516
0.31934
0.22335
0.28217
0.30254
0.19987
0.28554
0.26522
0.28131
0.31088
0.30008
0.23780
0.21145
0.29948
0.36436
0.16311
0.28867
0.18811
0.17872
0.19112
0.35390
0.30359
0.30948
0.16638
0.34974
0.27092
0.28304
0.35798
0.30418
0.27868
0.29782
0.23684
0.27594
0.20691
0.35567
0.28087
0.24833
0.17416
0.31825
0.22254
0.26175
0.30147
0.26024
0.35355
0.33392
0.21837
0.31262
0.30859
0.18752
0.14898
0.25931
0.18017
0.20746
0.16263
0.29418
0.34086
0.27471
0.25352
0.24865
0.27435
0.23299
0.28527
0.26208
0.27115
0.18859
0.27970
0.26663
0.24209
0.15994
0.33910
0.30614
0.18330
0.31001
0.32529
0.25181
0.34508
0.31023
0.22999
0.26531
0.22439
0.30036
0.31145
0.25028
0.28118
0.23471
0.15953
0.30165
0.23248
0.27523
0.22692
0.24788
0.30070
0.29593
0.21738
0.24647
0.26677
0.20583
0.24676
0.21435
0.23435
0.23135
0.24054
0.22044
0.31313
0.32352
0.32476
0.23370
0.19392
0.32837
0.18257
0.18723
0.19893
0.28313
0.30160
0.18502
0.18746
0.28093
0.27714
0.20696
0.16761
0.23697
0.26113
0.19296
0.26505
0.24835
0.31555
0.19876
0.24764
0.26114
0.27069
0.20208
0.28965
0.24105
0.24180
0.36528
0.19130
0.30449
0.25285
0.36343
0.32156
0.26245
0.27617
0.24330
0.25216
0.21363
0.30878
0.28531
0.25404
0.27874
0.28074
0.34065
0.24750
0.28901
0.21867
0.33860
0.20890
0.25588
0.23310
0.24268
0.27556
0.26550
0.22537
0.22944
0.23795
0.29921
0.20000
0.30984
0.26346
0.24125
0.28756
0.29727
0.29766
0.14281
0.21949
0.32376
0.33475
0.23355
0.28535
0.28026
0.27574
0.22648
0.20696
0.30861
0.28580
0.27092
0.23910
0.19857
0.27034
0.31952
0.26533
0.27562
0.21664
0.33101
0.25031
0.16679
0.19942
0.28797
0.29582
0.27833
0.24128
0.24782
0.33550
0.33861
0.15946
0.24282
0.29903
0.29698
0.26487
0.30515
0.33282
0.25268
0.21231
0.21238
0.22073
0.27528
0.35777
0.29521
0.29469
0.27370
0.24673
0.26199
0.30076
0.28082
0.17503
0.32941
0.18447
0.24575
0.34197
0.29277
0.24929
0.25102
0.23350
0.31048
0.29761
0.34429
0.24670
0.29045
0.19478
0.30260
0.31572
0.12880
0.26361
0.22069
0.20819
0.25883
0.24891
0.24812
0.23827
0.24188
0.22103
0.20225
0.23229
0.33594
0.24257
0.24579
0.19968
0.30035
0.24604
0.20979
0.18102
0.32449
0.28515
0.31928
0.25418
0.25608
0.26497
0.25701
0.21259
0.27721
0.17968
0.31877
0.24679
0.34076
0.28284
0.30113
0.35573
0.26181
0.22429
0.26535
0.19232
0.21719
0.27802
0.22489
0.26188
0.32104
0.28051
0.31210
0.38372
0.31920
0.32099
0.27543
0.30860
0.28176
0.35585
0.24184
0.27499
0.32460
0.32436
0.28623
0.32378
0.38947
0.24863
0.23632
0.29544
0.24687
0.33139
0.32012
0.23978
0.23970
0.34563
0.23818
0.24169
0.29720
0.23692
0.23138
0.22896
0.25335
0.28036
0.28442
0.30654
0.28861
0.22805
0.27239
0.27229
0.27239
0.27713
0.27303
0.14624
0.34038
0.31894
0.36746
0.29583
0.30247
0.37520
0.39169
0.28473
0.21669
0.29976
0.39642
0.28380
0.21713
0.30145
0.34896
0.26655
0.17831
0.31222
0.24541
0.28245
0.21279
0.33570
0.33521
0.38976
0.29173
0.30259
0.26368
0.35833
0.29015
0.31278
0.26847
0.33098
0.23866
0.21494
0.32476
0.41913
0.27160
0.37907
0.38770
0.19254
0.27134
0.31775
0.25196
0.28819
0.24975
0.27346
0.20380
0.29717
0.27901
0.30470
0.32450
0.35147
0.28211
0.28300
0.26981
0.19206
0.26761
0.35130
0.23850
0.11797
0.33792
0.10330
0.21223
0.37965
0.17755
0.26437
0.23394
0.25166
0.19557
0.45111
0.19824
0.31935
0.38254
0.22083
0.21258
0.24017
0.21874
0.15784
0.35021
0.17577
0.37071
0.35237
0.23808
0.23513
0.22736
0.35330
0.27176
0.20718
0.36155
0.42645
0.30654
0.24861
0.32627
0.35596
0.22388
0.27130
0.27206
0.39137
0.18279
0.24321
0.24052
0.32276
0.28824
0.25127
0.25794
0.30550
0.33883
0.24637
0.27888
0.32910
0.29098
0.27713
0.21149
0.36897
0.29261
0.27736
0.26406
0.29409
0.33812
0.26122
0.30151
0.24488
0.32236
0.21637
0.23632
0.30405
0.28382
0.19247
0.26396
0.18700
0.32200
0.21460
0.08619
0.20857
0.21306
0.21457
0.21166
0.23530
0.26560
0.35404
0.26715
0.10211
0.18308
0.04737
0.31128
0.26462
0.17110
0.26432
0.04008
0.10893
0.15009
0.25701
0.12464
0.10213
0.23683
0.26423
0.16855
0.20953
0.25763
0.13857
0.30165
0.21611
0.11545
0.11719
0.15002
0.27353
0.15533
0.27940
0.20242
0.27280
0.05490
0.07613
0.13451
0.14824
0.31214
0.13541
0.21000
0.22183
0.27512
0.17882
0.27109
0.24267
0.10127
0.30295
0.13495
0.06969
0.30363
0.10038
0.20353
0.09587
0.16653
0.21837
0.16741
0.28280
0.21986
0.10219
0.06593
0.12449
0.20836
0.23861
0.23739
0.13066
0.27230
0.20207
0.13508
0.25543
0.25720
0.17660
0.19246
0.21494
0.10045
0.08318
0.28348
0.16128
0.19715
0.24069
0.21157
0.19282
0.32862
0.26756
0.25905
0.23683
0.20383
0.22530
0.07270
0.26341
0.11464
0.09902
0.23382
0.25168
0.27071
0.24959
0.05948
0.11227
0.17998
0.23840
0.27775
0.25459
0.13971
0.17542
0.32718
0.15783
0.22913
0.13963
0.08103
0.06366
0.19018
0.07738
0.15421
0.24778
0.28221
0.10976
0.11060
0.12930
0.11802
0.09106
0.27131
