0.13773
0.09210
0.07026
0.27653
0.08193
0.14336
0.20100
0.16835
0.18969
0.03090
0.20555
0.13152
0.17725
0.11678
0.14589
0.23586
0.12259
0.11522
0.06340
0.14163
0.28506
0.14132
0.13965
0.09119
0.24766
0.17158
0.13750
0.29344
0.10738
0.17587
0.15164
0.26400
0.12109
0.09455
0.12474
0.09081
0.11054
0.08416
0.12291
0.16049
0.29891
0.25876
0.08848
0.12859
0.29029
0.21677
0.15911
0.18996
0.15556
0.16585
0.10397
0.15580
0.12725
0.29431
0.08808
0.21571
0.20599
0.13830
0.13354
0.08489
0.28426
0.29629
0.11959
0.17512
0.29138
0.31728
0.05470
0.15601
0.11115
0.04006
0.12293
0.27926
0.30438
0.18767
0.25644
0.17762
0.06798
0.03506
0.21849
0.16284
0.30382
0.15724
0.35905
0.28251
0.28609
0.35049
0.09719
0.05143
0.13487
0.27227
0.33067
0.16870
0.10333
0.25649
0.09972
0.19652
0.23180
0.21873
0.21399
0.17295
0.09378
0.17650
0.11394
0.11340
0.24789
0.32428
0.12326
0.15060
0.17354
0.27262
0.03946
0.27267
0.10189
0.19934
0.11180
0.18531
0.29071
0.06514
0.05377
0.19627
0.26131
0.08684
0.23369
0.01694
0.10229
0.13303
0.30447
0.25735
0.16744
0.25194
0.10978
0.15209
0.31836
0.31820
0.11162
0.14383
0.08912
0.27633
0.23566
0.05095
0.20480
0.05250
0.29683
0.13749
0.15087
0.27077
0.07305
0.33276
0.16727
0.08476
0.12876
0.22844
0.10882
0.29704
0.30758
0.33445
0.14526
0.14985
0.15222
0.23739
0.24819
0.21714
0.26250
0.31833
0.08998
0.12579
0.32629
0.30379
0.08909
0.23263
0.03902
0.22748
0.23472
0.05676
0.12069
0.19693
0.11109
0.06993
0.14278
0.26394
0.06211
0.10940
0.19322
0.15576
0.09498
0.14834
0.23971
0.24298
0.27008
0.22675
0.12089
0.08756
0.03642
0.18404
0.16301
0.25126
0.20501
0.18425
0.09968
0.25946
0.22176
0.07929
0.19791
0.13136
0.07197
0.18891
0.11335
0.20597
0.25687
0.12455
0.27471
0.21959
0.11611
0.27890
0.26158
0.27300
0.11417
0.28530
0.17478
0.36183
0.13341
0.24407
0.11340
0.08155
0.09662
0.10568
0.16859
0.20906
0.14570
0.04748
0.24576
0.11397
0.21600
0.12776
0.07701
0.28587
0.11079
0.05552
0.10350
0.26949
0.08061
0.29809
0.10344
0.11461
0.13365
0.22058
0.10344
0.04154
0.10970
0.09579
0.10425
0.16424
0.17250
0.25224
0.13903
0.15486
0.20306
0.06477
0.07145
0.13895
0.16603
0.17835
0.21806
0.22993
0.13697
0.19871
0.25572
0.09002
0.18851
0.05217
0.11393
0.13352
0.10606
0.05699
0.36819
0.16984
0.07454
0.17059
0.15271
0.07635
0.18313
0.32604
0.10345
0.08688
0.29264
0.11559
0.21065
0.16322
0.12444
0.15656
0.13484
0.09189
0.17827
0.25201
0.15729
0.09692
0.20030
0.15075
0.19114
0.16107
0.32168
0.25147
0.25217
0.15966
0.18227
0.28472
0.31444
0.31832
0.04191
0.27381
0.11940
0.27186
0.12307
0.10078
0.12068
0.14755
0.09319
0.18026
0.25782
0.06549
0.09334
0.12370
0.24588
0.18341
0.19681
0.15200
0.24054
0.24301
0.15355
0.06635
0.25014
0.26813
0.34545
0.20273
0.33288
0.19467
0.24475
0.30373
0.27082
0.28177
0.08518
0.08881
0.09934
0.23819
0.06320
0.07162
0.20706
0.13605
0.26360
0.15062
0.15932
0.12814
0.28187
0.27138
0.27046
0.21670
0.30755
0.11824
0.13959
0.32905
0.08839
0.21798
0.07234
0.11452
0.17969
0.05949
0.24227
0.34788
0.06394
0.11766
0.16028
0.22841
0.10283
0.06500
0.07642
0.08957
0.06251
0.06794
0.19901
0.08789
0.28493
0.16963
0.19583
0.12140
0.16602
0.29675
0.21278
0.28319
0.35373
0.18563
0.27228
0.31531
0.29775
0.31313
0.28409
0.27228
0.34557
0.26453
0.25254
0.26506
0.23899
0.30318
0.18810
0.38653
0.30030
0.24374
0.27263
0.25706
0.27504
0.34936
0.30907
0.25029
0.29032
0.33937
0.23138
0.27187
0.32425
0.28076
0.27409
0.25816
0.29814
0.29822
0.26741
0.22034
0.34335
0.24680
0.25652
0.31676
0.18486
0.31214
0.35743
0.29292
0.30434
0.30940
0.27223
0.22715
0.28193
0.33407
0.25024
0.29029
0.30863
0.26159
0.27957
0.31201
0.19582
0.32335
0.26402
0.27883
0.30599
0.28284
0.26584
0.18134
0.28245
0.35694
0.16057
0.28177
0.23295
0.19688
0.19453
0.36643
0.31976
0.31613
0.18600
0.34756
0.27790
0.26762
0.35569
0.30585
0.28259
0.29689
0.26040
0.27318
0.19447
0.35167
0.30028
0.22736
0.18323
0.33834
0.19437
0.26767
0.27750
0.24083
0.34307
0.29885
0.22976
0.30861
0.28537
0.13162
0.19100
0.29212
0.19429
0.17918
0.19095
0.29312
0.32501
0.27768
0.26413
0.24611
0.29946
0.22015
0.30533
0.25626
0.27810
0.22152
0.27292
0.29580
0.23118
0.17826
0.34534
0.30393
0.21031
0.28666
0.32129
0.26633
0.36173
0.28282
0.21939
0.26574
0.20673
0.28551
0.30897
0.28032
0.25207
0.22518
0.17063
0.30523
0.22940
0.27824
0.22644
0.27364
0.31973
0.28269
0.20320
0.23394
0.29727
0.22329
0.29614
0.19376
0.23844
0.24734
0.24327
0.20959
0.32284
0.31786
0.32437
0.24885
0.24153
0.32292
0.23512
0.21147
0.23195
0.27390
0.29606
0.17419
0.19113
0.30591
0.29536
0.20741
0.17698
0.20775
0.27196
0.22466
0.25742
0.25317
0.31176
0.17621
0.25661
0.27330
0.26631
0.19395
0.30664
0.26007
0.26302
0.38595
0.21878
0.27801
0.21438
0.36563
0.30506
0.26070
0.28174
0.29425
0.28014
0.20516
0.30103
0.27384
0.26344
0.27538
0.28215
0.34051
0.23830
0.28054
0.22227
0.34335
0.25095
0.28612
0.23847
0.27147
0.28452
0.26392
0.20586
0.26771
0.24040
0.31985
0.19537
0.31649
0.23977
0.27905
0.29551
0.27819
0.27227
0.16513
0.22562
0.32881
0.31736
0.26648
0.27037
0.28957
0.27149
0.26442
0.25193
0.30297
0.29319
0.28122
0.26169
0.16631
0.28899
0.30106
0.26397
0.27614
0.24949
0.32912
0.28041
0.20543
0.21410
0.29073
0.28209
0.29010
0.26247
0.24843
0.34642
0.33031
0.16564
0.22836
0.30448
0.29637
0.27105
0.29907
0.33224
0.25190
0.20744
0.20195
0.24953
0.29603
0.35516
0.27938
0.30543
0.30031
0.24160
0.26590
0.28436
0.28445
0.18875
0.32885
0.22669
0.26584
0.34525
0.30034
0.26593
0.24924
0.24713
0.28615
0.34125
0.33816
0.26729
0.27463
0.18775
0.32270
0.32030
0.15799
0.26783
0.20427
0.24602
0.26851
0.26735
0.28415
0.25978
0.28373
0.22343
0.24568
0.24583
0.32561
0.29614
0.26201
0.21583
0.29276
0.25972
0.24624
0.21775
0.32543
0.27226
0.32987
0.26206
0.25171
0.29385
0.28055
0.26121
0.27750
0.20815
0.31662
0.27939
0.31826
0.27593
0.28922
0.34444
0.29518
0.27673
0.31008
0.17359
0.20501
0.29747
0.23695
0.28637
0.29010
0.29727
0.32528
0.38132
0.27930
0.32137
0.28118
0.28071
0.28532
0.34722
0.27104
0.27814
0.32311
0.32322
0.30321
0.32836
0.37499
0.20495
0.25726
0.31454
0.22237
0.31717
0.32768
0.25352
0.24932
0.34857
0.24248
0.27419
0.32105
0.30900
0.24509
0.24860
0.28723
0.25383
0.28878
0.31562
0.28951
0.25801
0.30241
0.27317
0.31744
0.29946
0.27150
0.15769
0.33729
0.31313
0.32401
0.32472
0.30964
0.40773
0.38798
0.26718
0.20246
0.31093
0.37647
0.29005
0.19252
0.30981
0.34743
0.27046
0.23221
0.31989
0.25838
0.27691
0.22256
0.35342
0.35790
0.40651
0.33529
0.28045
0.24618
0.38887
0.28122
0.28429
0.32056
0.36588
0.27454
0.19706
0.31662
0.45811
0.27071
0.41454
0.42911
0.16666
0.30891
0.35398
0.31123
0.29238
0.24306
0.28071
0.22380
0.28290
0.29949
0.29442
0.28176
0.36292
0.30311
0.29676
0.26498
0.19131
0.25950
0.37715
0.24734
0.12863
0.35340
0.16965
0.22167
0.38309
0.17686
0.23341
0.23412
0.28625
0.23406
0.44945
0.19233
0.33211
0.38029
0.23608
0.24575
0.24797
0.24813
0.21795
0.34369
0.19427
0.35313
0.32638
0.23503
0.24912
0.25217
0.31945
0.28795
0.21233
0.33077
0.41874
0.32821
0.27170
0.34190
0.36162
0.23023
0.28965
0.27085
0.37073
0.18942
0.21596
0.26627
0.35263
0.28848
0.24115
0.29534
0.33998
0.34205
0.23478
0.29027
0.35628
0.28364
0.27767
0.25538
0.41011
0.29279
0.27040
0.27117
0.32204
0.32964
0.26582
0.31338
0.24781
0.34131
0.24257
0.25852
0.31353
0.30477
0.24891
0.28495
0.23756
0.32683
0.22318
0.05911
0.12695
0.20431
0.24571
0.29039
0.20303
0.23700
0.35868
0.12791
0.07477
0.26457
0.03182
0.26607
0.24101
0.18241
0.26791
0.07271
0.05908
0.19273
0.22826
0.10403
0.17267
0.19123
0.26953
0.21784
0.21045
0.26217
0.05154
0.29218
0.24886
0.05106
0.11608
0.15186
0.27757
0.17447
0.26011
0.18908
0.30677
0.09469
0.04922
0.03956
0.11529
0.30169
0.06735
0.09136
0.18776
0.26407
0.16940
0.28383
0.21071
0.01911
0.30518
0.04159
0.11137
0.28176
0.22072
0.23940
0.07436
0.08028
0.21621
0.21039
0.29713
0.25343
0.03744
0.05168
0.19000
0.20138
0.20698
0.21059
0.08039
0.23932
0.19926
0.11537
0.26027
0.30073
0.10513
0.16474
0.16022
0.06576
0.06442
0.23403
0.07628
0.19947
0.24166
0.23545
0.19951
0.33309
0.27605
0.18271
0.19715
0.23577
0.25221
0.02303
0.26977
0.10264
0.06886
0.19649
0.23049
0.29761
0.25587
0.06474
0.07264
0.14411
0.23728
0.23552
0.22191
0.07837
0.21498
0.30765
0.18011
0.23195
0.08617
0.04423
0.07094
0.17048
0.05128
0.06189
0.27138
0.23704
0.07656
0.10239
0.03844
0.10712
0.09419
0.26284
