0.18235
0.13924
0.13324
0.26394
0.11676
0.15372
0.20749
0.16920
0.22971
0.07685
0.23036
0.16369
0.20504
0.14196
0.16614
0.22909
0.17510
0.15956
0.11260
0.20803
0.28303
0.20111
0.20685
0.10108
0.24906
0.19973
0.15193
0.22280
0.11786
0.20003
0.18395
0.27858
0.22209
0.11186
0.13987
0.09064
0.14264
0.14376
0.18956
0.19449
0.28434
0.27457
0.17894
0.20311
0.27632
0.23821
0.18790
0.28550
0.24494
0.19535
0.09501
0.18355
0.14094
0.31366
0.09584
0.24535
0.26982
0.15463
0.15384
0.12860
0.28752
0.29995
0.17371
0.21333
0.28665
0.31594
0.07640
0.22482
0.15182
0.06730
0.14903
0.33511
0.29684
0.18997
0.27015
0.18726
0.14543
0.04892
0.19292
0.19445
0.29256
0.18508
0.33845
0.28152
0.27709
0.36320
0.09852
0.12327
0.17995
0.28198
0.33313
0.18942
0.14075
0.28130
0.12314
0.20269
0.21131
0.22915
0.18619
0.16683
0.11000
0.19110
0.11256
0.14739
0.24591
0.30932
0.17074
0.16312
0.18695
0.29572
0.03002
0.28729
0.16055
0.23936
0.10982
0.22288
0.27060
0.06687
0.07608
0.20283
0.27059
0.11783
0.27147
0.04505
0.12460
0.15068
0.30254
0.26418
0.19419
0.27377
0.12635
0.16962
0.31900
0.33288
0.10474
0.16859
0.12691
0.28504
0.24648
0.10265
0.20263
0.06653
0.29759
0.18511
0.16807
0.24732
0.14027
0.36684
0.23013
0.10249
0.15627
0.30921
0.11588
0.28661
0.29504
0.34377
0.15090
0.21870
0.15382
0.22322
0.26101
0.25446
0.26209
0.34317
0.08965
0.16286
0.26844
0.28696
0.15030
0.26779
0.10383
0.23391
0.23885
0.06294
0.10923
0.23248
0.14783
0.09991
0.18715
0.28582
0.13242
0.11912
0.22987
0.21931
0.15870
0.18306
0.25109
0.26278
0.24487
0.23396
0.15049
0.11623
0.10337
0.18063
0.19376
0.26111
0.23525
0.20808
0.16556
0.27768
0.21978
0.15977
0.21720
0.13924
0.07599
0.27420
0.10045
0.25630
0.26596
0.16832
0.28548
0.25359
0.12515
0.24428
0.28408
0.27094
0.12221
0.24208
0.24774
0.34481
0.16144
0.22257
0.14270
0.10749
0.08630
0.10337
0.23514
0.20756
0.18833
0.07684
0.25287
0.10662
0.27168
0.18310
0.05640
0.26946
0.13191
0.12978
0.10292
0.28756
0.13544
0.30109
0.17366
0.14790
0.12855
0.21543
0.12507
0.05976
0.15496
0.12649
0.11674
0.15332
0.12197
0.30100
0.17246
0.17395
0.19264
0.12142
0.11209
0.13107
0.24648
0.20054
0.27845
0.18663
0.23102
0.25642
0.30106
0.10535
0.21547
0.09170
0.14120
0.13882
0.08201
0.08491
0.32993
0.19711
0.12601
0.19194
0.14933
0.13079
0.14070
0.31433
0.14915
0.12236
0.29454
0.12833
0.23342
0.19891
0.23649
0.19921
0.13287
0.08753
0.22203
0.24257
0.16642
0.11633
0.20530
0.20223
0.20904
0.23413
0.31719
0.30480
0.29116
0.19947
0.12494
0.28938
0.32142
0.33237
0.07851
0.23614
0.14954
0.32296
0.16811
0.09911
0.19451
0.20486
0.11847
0.19363
0.23772
0.09095
0.12003
0.10854
0.30372
0.14840
0.25609
0.22201
0.26449
0.26590
0.20125
0.09510
0.29377
0.24964
0.36647
0.26474
0.32890
0.24831
0.26200
0.32533
0.27039
0.27560
0.09518
0.09740
0.18171
0.23481
0.10302
0.08703
0.23158
0.14411
0.27453
0.12140
0.20302
0.12108
0.26854
0.26751
0.24838
0.23274
0.29309
0.19847
0.16634
0.31668
0.10412
0.23267
0.09648
0.16378
0.20583
0.06232
0.26380
0.32491
0.09715
0.13106
0.15986
0.25953
0.11729
0.08218
0.07377
0.09656
0.09828
0.15140
0.22083
0.09515
0.25257
0.22855
0.25780
0.11923
0.21278
0.30666
0.21359
0.25775
0.36348
0.18381
0.30217
0.29218
0.28452
0.30307
0.28565
0.24885
0.35490
0.22543
0.24537
0.23991
0.23173
0.30150
0.19387
0.37771
0.33226
0.27306
0.20839
0.23803
0.23853
0.32898
0.28924
0.24132
0.30777
0.34267
0.18470
0.26629
0.33445
0.26053
0.24974
0.25610
0.27927
0.31988
0.21150
0.21958
0.35089
0.25336
0.22703
0.32002
0.18310
0.29066
0.34837
0.26551
0.27728
0.30845
0.29606
0.22730
0.27262
0.35514
0.20038
0.26201
0.32025
0.27225
0.30067
0.29587
0.17875
0.29610
0.25755
0.28384
0.31020
0.29710
0.25522
0.18572
0.29328
0.36532
0.14840
0.27283
0.18972
0.19198
0.22743
0.33770
0.28550
0.32844
0.15799
0.35352
0.25794
0.25221
0.37315
0.30959
0.28109
0.29778
0.23711
0.27509
0.19170
0.37408
0.28250
0.25051
0.14293
0.31453
0.18893
0.21392
0.29694
0.26994
0.35488
0.33499
0.23504
0.32428
0.32360
0.17047
0.17716
0.27373
0.16729
0.19189
0.15647
0.30221
0.34472
0.28290
0.25812
0.24871
0.30048
0.19728
0.29896
0.25205
0.25610
0.21323
0.28728
0.26556
0.21009
0.18306
0.34120
0.30312
0.19235
0.29948
0.32787
0.26901
0.33678
0.31738
0.23571
0.27516
0.19267
0.29032
0.30151
0.26998
0.25701
0.21991
0.16954
0.28839
0.21361
0.28326
0.22857
0.25627
0.30998
0.28791
0.17474
0.24057
0.28978
0.21642
0.28772
0.19950
0.23330
0.25164
0.23231
0.22810
0.30751
0.32271
0.32753
0.22838
0.20008
0.32585
0.22575
0.20839
0.20930
0.30280
0.29658
0.18222
0.19180
0.27658
0.26624
0.17953
0.16100
0.24023
0.26782
0.20496
0.25085
0.25638
0.30607
0.19163
0.26057
0.28301
0.27428
0.19756
0.28388
0.26608
0.25353
0.35986
0.17774
0.30687
0.21676
0.37150
0.32095
0.25266
0.25908
0.27956
0.27278
0.21021
0.30085
0.27680
0.23422
0.29484
0.27371
0.34393
0.24607
0.30598
0.23222
0.34328
0.22293
0.28077
0.22294
0.27239
0.28369
0.24925
0.22815
0.25279
0.24487
0.32337
0.20555
0.31081
0.22823
0.22676
0.29548
0.29238
0.29409
0.15498
0.21682
0.33289
0.33251
0.25854
0.27741
0.27276
0.26650
0.25591
0.22258
0.30970
0.28957
0.27757
0.22101
0.18334
0.28152
0.32157
0.24816
0.28576
0.20211
0.34006
0.25898
0.20292
0.19973
0.29260
0.28463
0.27166
0.27418
0.27889
0.35142
0.37126
0.14674
0.24237
0.32500
0.26944
0.26681
0.31863
0.33813
0.23740
0.18410
0.20291
0.26571
0.27444
0.36524
0.29092
0.28309
0.28261
0.21026
0.24571
0.30239
0.28013
0.17014
0.34012
0.21871
0.24331
0.34864
0.29368
0.23638
0.24835
0.24686
0.30169
0.32802
0.34376
0.26547
0.28842
0.21456
0.27066
0.32540
0.14587
0.25691
0.18413
0.26443
0.26845
0.23743
0.25579
0.24146
0.25895
0.22962
0.19954
0.24309
0.35604
0.24853
0.27108
0.20324
0.29768
0.25225
0.21302
0.21303
0.32802
0.30784
0.32536
0.24252
0.23043
0.25117
0.23607
0.22205
0.28687
0.18472
0.33539
0.24986
0.34559
0.28524
0.33220
0.34641
0.28285
0.22940
0.28936
0.19829
0.19701
0.28561
0.23329
0.30882
0.31926
0.29689
0.30059
0.38402
0.31476
0.33276
0.24951
0.32889
0.31036
0.36831
0.25296
0.26339
0.33226
0.32946
0.29263
0.33508
0.39532
0.24427
0.23965
0.32978
0.23451
0.31989
0.32202
0.23644
0.26335
0.34258
0.22791
0.28465
0.31787
0.24368
0.23605
0.25726
0.25373
0.28035
0.28968
0.31103
0.28750
0.25282
0.28168
0.28043
0.30529
0.27326
0.27136
0.13589
0.34247
0.35607
0.36421
0.28669
0.30515
0.40581
0.38932
0.30650
0.18263
0.33441
0.39200
0.28491
0.20353
0.32008
0.34588
0.25308
0.22635
0.33559
0.26890
0.27692
0.23419
0.32894
0.35701
0.41426
0.31427
0.33702
0.29167
0.40143
0.30536
0.30343
0.30041
0.37052
0.31295
0.17214
0.31983
0.47445
0.24467
0.40349
0.41102
0.20612
0.29605
0.37871
0.29719
0.29084
0.27147
0.30207
0.22754
0.29569
0.29813
0.29871
0.29954
0.38638
0.28927
0.30782
0.24179
0.19426
0.27340
0.40077
0.25411
0.11427
0.36056
0.17659
0.23923
0.42640
0.16050
0.25965
0.23580
0.28575
0.25770
0.46318
0.20394
0.35745
0.41251
0.24500
0.27602
0.28622
0.26434
0.20888
0.38447
0.15280
0.37506
0.34139
0.26442
0.22716
0.25014
0.36310
0.29631
0.21316
0.34368
0.43018
0.32886
0.29316
0.39341
0.37949
0.25582
0.27599
0.28834
0.38163
0.21436
0.22919
0.23745
0.37426
0.30197
0.27046
0.28967
0.32192
0.37191
0.23219
0.30911
0.34454
0.30367
0.29721
0.27049
0.39694
0.26896
0.29212
0.30204
0.32171
0.36119
0.28609
0.29830
0.23724
0.31974
0.27969
0.25323
0.32012
0.29572
0.25149
0.29288
0.23194
0.37448
0.21412
0.06886
0.09972
0.26484
0.20606
0.24758
0.21940
0.27789
0.32854
0.27172
0.08727
0.22338
0.06413
0.29443
0.22190
0.17681
0.29177
0.07857
0.18645
0.20371
0.24947
0.12408
0.12545
0.25606
0.27240
0.15724
0.19501
0.27679
0.07557
0.30106
0.24332
0.11571
0.09285
0.10512
0.29636
0.16185
0.25757
0.19236
0.26065
0.07206
0.13443
0.03427
0.08103
0.24943
0.14154
0.17132
0.27559
0.30062
0.18497
0.32376
0.20305
0.16723
0.26668
0.13372
0.11145
0.26847
0.18506
0.29515
0.14315
0.10483
0.19128
0.17239
0.31041
0.23747
0.03491
0.10724
0.18419
0.21887
0.19916
0.17646
0.12937
0.29172
0.17443
0.13900
0.23308
0.27060
0.13768
0.08951
0.17329
0.17509
0.07314
0.26157
0.19653
0.19452
0.28089
0.29937
0.19622
0.35626
0.23340
0.29800
0.17223
0.21726
0.16403
0.06759
0.23948
0.08664
0.04445
0.18580
0.24803
0.26072
0.25552
0.06736
0.07289
0.16870
0.20550
0.22971
0.25914
0.12520
0.29642
0.30575
0.19106
0.25246
0.13720
0.06159
0.14232
0.15056
0.05449
0.10034
0.26973
0.25333
0.13047
0.14713
0.06521
0.06410
0.12664
0.25277
