0.18000
0.09185
0.09279
0.28056
0.11963
0.13267
0.25764
0.16986
0.22527
0.09064
0.22046
0.14781
0.19578
0.11728
0.13915
0.23392
0.15804
0.18453
0.12782
0.17617
0.27429
0.17389
0.18240
0.12166
0.24810
0.17649
0.17280
0.22893
0.12400
0.16420
0.16800
0.27291
0.14396
0.10954
0.11013
0.09543
0.10767
0.14382
0.14660
0.16347
0.26544
0.27232
0.11967
0.19261
0.26757
0.21309
0.18708
0.27467
0.22268
0.16304
0.09391
0.18931
0.12206
0.28485
0.09949
0.21274
0.19516
0.15503
0.16460
0.08394
0.27011
0.30321
0.16250
0.22312
0.26617
0.30591
0.08725
0.18404
0.17159
0.08942
0.12512
0.32993
0.32077
0.18599
0.25786
0.15740
0.11095
0.05140
0.21221
0.16805
0.30101
0.19943
0.30765
0.26505
0.25446
0.32931
0.10311
0.09583
0.16573
0.28470
0.32070
0.20270
0.08528
0.26742
0.08533
0.16579
0.22139
0.20089
0.21446
0.18322
0.10886
0.21114
0.12852
0.12341
0.25192
0.28618
0.17292
0.18595
0.22899
0.28341
0.04622
0.28717
0.14923
0.24097
0.11015
0.14835
0.28547
0.08315
0.08493
0.20497
0.24637
0.11450
0.32631
0.06134
0.12810
0.15819
0.28390
0.25970
0.22037
0.25102
0.13119
0.16319
0.28289
0.32160
0.14618
0.15327
0.12817
0.27769
0.24484
0.06984
0.17867
0.05288
0.30293
0.16695
0.13461
0.28988
0.12223
0.33942
0.23757
0.10455
0.14623
0.29646
0.11161
0.31274
0.27742
0.32722
0.12644
0.18575
0.17395
0.25655
0.26550
0.28041
0.28711
0.30945
0.10098
0.15119
0.28130
0.24541
0.14615
0.23204
0.10315
0.25704
0.22273
0.06690
0.09119
0.20010
0.06294
0.08414
0.17381
0.28626
0.10909
0.12454
0.23240
0.18536
0.10112
0.14070
0.24073
0.25860
0.26136
0.22412
0.15153
0.09596
0.05166
0.19259
0.17387
0.23201
0.22198
0.20518
0.11086
0.27228
0.19910
0.16477
0.19423
0.14585
0.10410
0.22064
0.12324
0.26073
0.26412
0.06468
0.25562
0.24778
0.14298
0.23912
0.25524
0.27047
0.15417
0.25876
0.26429
0.34288
0.15429
0.18855
0.10373
0.10777
0.12116
0.11643
0.19366
0.21126
0.17886
0.08455
0.23758
0.14733
0.27848
0.16412
0.10460
0.25018
0.11372
0.06048
0.11537
0.25669
0.08590
0.30046
0.12950
0.12524
0.15845
0.22551
0.11084
0.06259
0.18287
0.11852
0.12681
0.14579
0.17469
0.22766
0.12606
0.17932
0.20977
0.08849
0.09057
0.12573
0.22759
0.20843
0.24159
0.16818
0.19030
0.24226
0.30982
0.11773
0.18244
0.08115
0.13590
0.15439
0.08855
0.07356
0.34768
0.19413
0.12144
0.19960
0.17025
0.10786
0.16660
0.33076
0.12357
0.12766
0.28380
0.12186
0.20848
0.20574
0.20040
0.16115
0.13419
0.08687
0.25297
0.24029
0.19761
0.09201
0.17547
0.19398
0.19836
0.18889
0.32746
0.31537
0.27570
0.15546
0.14059
0.29674
0.26535
0.33289
0.05333
0.26258
0.10587
0.26466
0.16475
0.08503
0.19698
0.19791
0.12448
0.21411
0.23322
0.13043
0.16773
0.10882
0.26340
0.19845
0.27697
0.17929
0.21997
0.24512
0.19280
0.10544
0.25135
0.24851
0.35719
0.27608
0.27609
0.24422
0.25148
0.28983
0.26719
0.25733
0.10964
0.12383
0.15231
0.23711
0.10298
0.11122
0.23857
0.17855
0.27960
0.16152
0.20053
0.17588
0.28978
0.26375
0.24312
0.21068
0.27949
0.14322
0.16738
0.32453
0.10267
0.23444
0.09054
0.11215
0.24408
0.07896
0.26373
0.32733
0.08597
0.14241
0.16157
0.22996
0.11947
0.07975
0.07446
0.09784
0.11551
0.14053
0.20728
0.11729
0.29928
0.19239
0.19860
0.12708
0.18462
0.29797
0.18789
0.24603
0.34527
0.16605
0.28370
0.30447
0.26487
0.30666
0.27091
0.25775
0.34336
0.22956
0.23278
0.23094
0.23926
0.27735
0.20651
0.37594
0.31253
0.27128
0.24106
0.25961
0.25808
0.35172
0.28970
0.19901
0.31349
0.32382
0.19952
0.24405
0.34245
0.28180
0.24638
0.25543
0.26346
0.30028
0.23560
0.22338
0.34459
0.23201
0.21911
0.28233
0.18697
0.30473
0.34593
0.28448
0.26337
0.28220
0.27508
0.25672
0.27271
0.33965
0.18241
0.26436
0.31236
0.25306
0.26019
0.29984
0.21712
0.27465
0.26828
0.27770
0.27493
0.28922
0.24200
0.19715
0.30034
0.35027
0.16609
0.28383
0.19352
0.18437
0.24151
0.36370
0.29681
0.33556
0.17205
0.34177
0.27798
0.25077
0.35475
0.30806
0.28715
0.29926
0.24804
0.27340
0.19816
0.36714
0.26231
0.20001
0.18954
0.31639
0.20883
0.25432
0.28293
0.24869
0.33801
0.32664
0.21975
0.30976
0.30519
0.20085
0.17282
0.28326
0.18506
0.17996
0.14645
0.29166
0.35445
0.24223
0.24616
0.25699
0.27542
0.22186
0.28178
0.26113
0.27234
0.22320
0.27714
0.27406
0.23318
0.16421
0.36388
0.29813
0.17260
0.28747
0.30687
0.25424
0.34841
0.30074
0.24978
0.27080
0.19924
0.29320
0.30364
0.26036
0.26688
0.23568
0.16738
0.27029
0.23800
0.26365
0.22681
0.26252
0.30574
0.27889
0.21588
0.25482
0.28572
0.21205
0.27320
0.21039
0.24147
0.24529
0.23783
0.16571
0.29325
0.31292
0.30727
0.21046
0.19715
0.31869
0.21952
0.17345
0.18276
0.27903
0.31565
0.17001
0.20564
0.29365
0.26784
0.19360
0.17581
0.20317
0.25413
0.21756
0.26070
0.23463
0.30149
0.18456
0.18819
0.26642
0.26997
0.18197
0.26081
0.25569
0.25255
0.35695
0.20206
0.30923
0.24259
0.37078
0.31349
0.23370
0.27184
0.27022
0.26179
0.20418
0.31576
0.29504
0.21171
0.27519
0.25315
0.33158
0.24854
0.27748
0.22762
0.33622
0.21490
0.27457
0.22603
0.24288
0.26514
0.26427
0.21891
0.24817
0.25619
0.32133
0.21458
0.31045
0.26360
0.25686
0.29145
0.26913
0.29119
0.15462
0.17895
0.30860
0.31793
0.24229
0.27502
0.27769
0.25304
0.19371
0.16974
0.29639
0.27879
0.27868
0.25687
0.18425
0.26810
0.30925
0.26112
0.28333
0.20846
0.32862
0.26873
0.16487
0.19543
0.29233
0.29111
0.28479
0.24334
0.25760
0.34999
0.34136
0.16829
0.26621
0.30680
0.25228
0.26613
0.30432
0.33494
0.24366
0.20843
0.19932
0.25225
0.25236
0.35816
0.31868
0.29946
0.27795
0.24468
0.24427
0.29020
0.27979
0.18581
0.33289
0.21122
0.25304
0.32517
0.29086
0.23283
0.23365
0.20924
0.29238
0.31908
0.33541
0.24535
0.26564
0.21509
0.27707
0.29647
0.12847
0.25399
0.17037
0.23090
0.27129
0.25651
0.26219
0.24123
0.24394
0.21551
0.19873
0.23268
0.33162
0.26007
0.26691
0.21185
0.29818
0.24800
0.23022
0.19514
0.29911
0.25752
0.33976
0.25929
0.21388
0.25930
0.26129
0.22052
0.26651
0.18981
0.32407
0.25965
0.32605
0.28569
0.29552
0.34387
0.24915
0.23720
0.28899
0.19055
0.19873
0.29256
0.18485
0.27901
0.30495
0.25187
0.30886
0.37537
0.30286
0.31178
0.26493
0.29407
0.29594
0.33628
0.24650
0.25762
0.31629
0.32654
0.29555
0.33863
0.37889
0.23632
0.25466
0.33831
0.24625
0.30001
0.33837
0.24671
0.24127
0.35639
0.24192
0.25848
0.31247
0.25932
0.21660
0.24204
0.25092
0.26777
0.28070
0.30141
0.28827
0.22995
0.27493
0.28238
0.30408
0.27168
0.25760
0.14739
0.32493
0.33439
0.33886
0.32042
0.31011
0.37880
0.40527
0.26317
0.19213
0.30563
0.37215
0.26876
0.18660
0.31396
0.35670
0.26029
0.26759
0.32625
0.24021
0.25798
0.26762
0.34255
0.35177
0.37690
0.29782
0.31837
0.28437
0.38527
0.25132
0.29187
0.31453
0.34094
0.27430
0.17786
0.31950
0.43189
0.24252
0.39551
0.39974
0.19723
0.30311
0.32733
0.31746
0.29247
0.22177
0.29273
0.20918
0.28077
0.29527
0.28111
0.31927
0.38269
0.31753
0.29543
0.25754
0.24541
0.26924
0.39390
0.23782
0.15486
0.33439
0.13645
0.19613
0.39490
0.16315
0.25117
0.23111
0.27358
0.22399
0.43164
0.19737
0.33996
0.34713
0.23974
0.26690
0.24402
0.23096
0.18655
0.35856
0.18473
0.37727
0.34328
0.27083
0.25440
0.25818
0.33808
0.26799
0.21640
0.32974
0.41728
0.29745
0.28786
0.35610
0.36231
0.22255
0.25644
0.28044
0.37680
0.19881
0.23250
0.24647
0.34203
0.29325
0.25941
0.27808
0.32891
0.34386
0.21014
0.31904
0.32880
0.29575
0.29825
0.25134
0.36043
0.31589
0.27016
0.31212
0.32259
0.32177
0.26049
0.28199
0.24266
0.32602
0.25895
0.25975
0.32909
0.28439
0.24091
0.29928
0.23330
0.26061
0.25418
0.02604
0.16927
0.22841
0.20891
0.23271
0.20221
0.24536
0.31152
0.26890
0.06190
0.21237
0.03939
0.29116
0.25492
0.22007
0.26339
0.11768
0.12460
0.18354
0.16289
0.13355
0.08501
0.20850
0.30763
0.19379
0.21782
0.21269
0.09690
0.31597
0.21848
0.05627
0.10874
0.12064
0.34496
0.14898
0.24702
0.23090
0.31504
0.05544
0.16434
0.05936
0.06520
0.28371
0.06838
0.12291
0.18769
0.31634
0.20086
0.28707
0.21468
0.11444
0.27384
0.08697
0.11373
0.29534
0.18622
0.27547
0.11445
0.09076
0.23535
0.19454
0.28210
0.24681
0.09717
0.10884
0.16381
0.21264
0.21268
0.21051
0.11358
0.24716
0.18875
0.16322
0.25613
0.29985
0.12671
0.14744
0.24348
0.10075
0.08170
0.27155
0.16852
0.20625
0.25645
0.24887
0.18382
0.33787
0.30305
0.29304
0.13426
0.18257
0.21972
0.03801
0.24268
0.10826
0.08502
0.21626
0.24943
0.27491
0.22804
0.09451
0.07405
0.12041
0.22826
0.24028
0.29595
0.13484
0.20151
0.31063
0.12593
0.24118
0.15264
0.02412
0.06717
0.14916
0.15774
0.10227
0.29570
0.29331
0.16907
0.13318
0.07379
0.08527
0.12628
0.25472
