0.07007
0.10540
0.05651
0.24938
0.08216
0.15178
0.22557
0.12248
0.18412
0.06728
0.17280
0.12043
0.12033
0.11748
0.08794
0.21555
0.09698
0.12988
0.05672
0.17223
0.28160
0.11372
0.13132
0.05681
0.16223
0.13057
0.11201
0.20513
0.10408
0.12326
0.07454
0.18918
0.16773
0.10284
0.08177
0.09650
0.12148
0.09108
0.13385
0.13685
0.25403
0.22633
0.07109
0.11527
0.26362
0.22176
0.13904
0.24303
0.18101
0.16555
0.11780
0.13338
0.12297
0.28758
0.09870
0.24980
0.24856
0.10486
0.11366
0.07013
0.24824
0.26359
0.14093
0.24384
0.28919
0.28068
0.04067
0.19563
0.09974
0.01707
0.15348
0.24534
0.29956
0.18293
0.25784
0.08731
0.07827
0.04033
0.23685
0.19898
0.28592
0.18775
0.30284
0.27546
0.28336
0.33743
0.10638
0.06160
0.13731
0.18652
0.31429
0.13060
0.05562
0.27819
0.04583
0.18218
0.15753
0.20183
0.17890
0.13034
0.09692
0.16380
0.14354
0.10660
0.19397
0.30323
0.14159
0.17822
0.15396
0.29300
0.04069
0.24852
0.08225
0.23430
0.12921
0.10614
0.27215
0.06271
0.09648
0.12696
0.18880
0.07395
0.27753
0.03237
0.07096
0.11565
0.32859
0.26843
0.15900
0.22132
0.07222
0.11417
0.29326
0.32984
0.11061
0.13670
0.08219
0.28057
0.23617
0.03942
0.15325
0.02788
0.27453
0.15856
0.14652
0.33484
0.06256
0.33935
0.17875
0.09213
0.16489
0.26308
0.12220
0.27759
0.30149
0.30981
0.08461
0.14661
0.17265
0.11258
0.25311
0.21142
0.26848
0.29871
0.08794
0.10345
0.27069
0.29005
0.05212
0.29000
0.05800
0.20056
0.25010
0.05473
0.06643
0.17517
0.06163
0.06206
0.17862
0.26052
0.04144
0.10705
0.17827
0.12519
0.07497
0.20321
0.23419
0.22624
0.23559
0.14535
0.12421
0.05271
0.04793
0.15242
0.13546
0.22801
0.12628
0.15940
0.08550
0.27735
0.23153
0.09942
0.13248
0.15499
0.04536
0.18555
0.10832
0.17330
0.23814
0.09001
0.20778
0.21079
0.11658
0.23760
0.24197
0.23366
0.13584
0.23296
0.18997
0.31570
0.09843
0.21782
0.13560
0.03356
0.06270
0.05499
0.17795
0.16744
0.15043
0.06553
0.26028
0.10341
0.23000
0.09022
0.04049
0.26550
0.11755
0.02317
0.10462
0.27772
0.03560
0.28211
0.07659
0.11217
0.17553
0.19882
0.11201
0.02010
0.10033
0.12054
0.10832
0.09724
0.10588
0.22943
0.14537
0.18737
0.21288
0.05567
0.05669
0.14422
0.20574
0.12294
0.22078
0.15427
0.09424
0.25754
0.27860
0.09713
0.18016
0.03132
0.07236
0.12997
0.05625
0.03506
0.37605
0.14873
0.04601
0.17167
0.11337
0.09488
0.09154
0.32120
0.11596
0.04548
0.29322
0.12714
0.15249
0.15680
0.16724
0.15002
0.07463
0.09354
0.19587
0.21209
0.13153
0.09628
0.16990
0.16176
0.18567
0.14235
0.33545
0.26534
0.22521
0.13710
0.14030
0.29164
0.32254
0.31688
0.03325
0.26739
0.10568
0.30665
0.11143
0.07840
0.14692
0.11988
0.11890
0.19392
0.19660
0.05618
0.06618
0.04923
0.27402
0.14932
0.22973
0.13093
0.22794
0.21338
0.09779
0.06038
0.22911
0.28073
0.36508
0.20942
0.30474
0.21545
0.21600
0.25507
0.21411
0.22465
0.04055
0.08628
0.10432
0.23345
0.03980
0.07013
0.18504
0.09844
0.20897
0.09160
0.15777
0.09725
0.26953
0.25679
0.23645
0.15550
0.30831
0.11869
0.16317
0.30366
0.03355
0.17131
0.04906
0.09248
0.17618
0.07346
0.22616
0.34838
0.06544
0.07020
0.15129
0.25204
0.13053
0.04402
0.06191
0.04518
0.07217
0.08555
0.20376
0.08039
0.26444
0.16638
0.14542
0.07436
0.17593
0.26807
0.23946
0.26829
0.34039
0.19147
0.23720
0.31241
0.29355
0.31052
0.26983
0.23921
0.31826
0.25407
0.21313
0.26393
0.18639
0.29724
0.16614
0.33589
0.29425
0.24964
0.21863
0.23325
0.25701
0.35085
0.29154
0.23630
0.30869
0.29055
0.24255
0.26394
0.28287
0.26138
0.22250
0.23246
0.27324
0.29968
0.27443
0.19216
0.31466
0.27744
0.24093
0.33995
0.20531
0.26873
0.32630
0.28189
0.30825
0.30005
0.29163
0.21234
0.28513
0.30278
0.22349
0.28431
0.28996
0.25347
0.27721
0.28517
0.18575
0.30487
0.24228
0.25505
0.28272
0.27261
0.27586
0.16290
0.29674
0.32377
0.13973
0.27464
0.23697
0.21446
0.15036
0.36976
0.30102
0.27604
0.16843
0.35113
0.27094
0.26750
0.33157
0.28021
0.27874
0.26681
0.25673
0.26524
0.15706
0.33812
0.28928
0.24241
0.17393
0.30914
0.18872
0.25400
0.28283
0.22533
0.33193
0.29417
0.18610
0.30084
0.26879
0.13648
0.19293
0.28732
0.15304
0.18483
0.13705
0.31419
0.31411
0.27273
0.27406
0.24045
0.28523
0.16891
0.29922
0.28714
0.28246
0.20532
0.27278
0.28615
0.19688
0.16650
0.34610
0.26963
0.22228
0.30760
0.28893
0.25124
0.34941
0.27120
0.19730
0.30451
0.17662
0.27258
0.30575
0.29105
0.27478
0.24633
0.18177
0.32287
0.21817
0.30724
0.19558
0.27385
0.31209
0.26020
0.17156
0.22106
0.28833
0.20053
0.26934
0.18159
0.24386
0.23458
0.20864
0.22763
0.26944
0.30264
0.28517
0.25172
0.24361
0.29940
0.20545
0.24969
0.22191
0.27368
0.30555
0.14341
0.18487
0.27462
0.28195
0.22446
0.14947
0.17531
0.25577
0.24230
0.23831
0.28378
0.31157
0.15620
0.25063
0.27415
0.27715
0.16405
0.26580
0.28318
0.24933
0.36662
0.18444
0.29668
0.20791
0.32192
0.28343
0.28099
0.26105
0.29466
0.27762
0.18359
0.28087
0.27906
0.26527
0.26645
0.23009
0.34000
0.20078
0.25044
0.21813
0.35028
0.23382
0.29365
0.23265
0.27188
0.27824
0.28066
0.21862
0.25264
0.25811
0.28842
0.21788
0.30323
0.22248
0.27969
0.24679
0.26120
0.26419
0.15061
0.23860
0.29451
0.29092
0.25187
0.29071
0.31133
0.23111
0.23573
0.24907
0.28004
0.25968
0.28024
0.22592
0.19714
0.29771
0.29429
0.23599
0.28340
0.23049
0.31409
0.29992
0.22935
0.18617
0.26623
0.29581
0.29187
0.27028
0.26408
0.32506
0.33352
0.13762
0.22443
0.29640
0.27865
0.26774
0.29040
0.30270
0.22361
0.21505
0.17001
0.24677
0.27455
0.32188
0.29627
0.27635
0.29846
0.20898
0.23350
0.25282
0.23238
0.19470
0.31015
0.23948
0.22184
0.34741
0.29849
0.26756
0.23430
0.26474
0.28863
0.32905
0.30525
0.23939
0.24805
0.16926
0.31943
0.29139
0.12768
0.25961
0.17521
0.25905
0.28139
0.20032
0.27965
0.20888
0.27021
0.23416
0.24932
0.26940
0.30119
0.26336
0.27470
0.19036
0.25615
0.25187
0.20996
0.22591
0.27971
0.26626
0.34285
0.25906
0.27443
0.27749
0.25945
0.24040
0.26088
0.17279
0.30952
0.23899
0.30788
0.23623
0.25532
0.33032
0.26748
0.26990
0.29726
0.20069
0.23847
0.29495
0.24807
0.30601
0.28691
0.28674
0.33106
0.35390
0.27334
0.30420
0.25480
0.28680
0.25201
0.32388
0.27144
0.25641
0.30606
0.30589
0.29091
0.28756
0.36913
0.22406
0.24685
0.29064
0.26762
0.28676
0.31314
0.21520
0.25359
0.34252
0.21687
0.30393
0.27647
0.29677
0.25653
0.26827
0.27511
0.27698
0.29756
0.32350
0.28669
0.25431
0.28987
0.27695
0.30060
0.26923
0.27973
0.15454
0.31309
0.31740
0.36149
0.33449
0.29687
0.39251
0.39208
0.27593
0.17220
0.30793
0.34056
0.25889
0.16145
0.32239
0.32439
0.21797
0.23961
0.30950
0.25581
0.23949
0.25037
0.33193
0.34797
0.38939
0.27708
0.29973
0.24986
0.37819
0.23858
0.28531
0.32816
0.32970
0.27261
0.14860
0.29941
0.42821
0.24154
0.38832
0.39644
0.15607
0.30105
0.36651
0.30935
0.25397
0.26268
0.27258
0.23018
0.24930
0.32213
0.27920
0.28046
0.36334
0.30173
0.28840
0.23059
0.22929
0.26354
0.39151
0.21975
0.10542
0.31456
0.09993
0.21220
0.38546
0.12768
0.25444
0.19115
0.26533
0.24759
0.42671
0.16456
0.33099
0.40002
0.24055
0.17854
0.25193
0.22201
0.18042
0.35048
0.14117
0.33905
0.32047
0.26777
0.24839
0.23878
0.32810
0.28288
0.18972
0.36367
0.40824
0.31805
0.27483
0.36073
0.37942
0.23007
0.23896
0.26490
0.37105
0.19583
0.18154
0.26043
0.33423
0.27898
0.25125
0.28228
0.31111
0.35555
0.17854
0.29916
0.34661
0.26015
0.29682
0.25434
0.37627
0.30079
0.24158
0.28326
0.30697
0.32714
0.26326
0.32143
0.22713
0.30356
0.24606
0.26401
0.31472
0.32454
0.23837
0.30298
0.12502
0.29916
0.18628
0.02025
0.08507
0.22269
0.22028
0.23375
0.21898
0.25014
0.31495
0.18528
0.02805
0.14929
0.06187
0.29272
0.28806
0.20264
0.23634
0.10323
0.11877
0.18203
0.12841
0.06848
0.08586
0.20288
0.29956
0.25361
0.21825
0.26269
0.05582
0.28034
0.26745
0.06973
0.08165
0.14257
0.27074
0.12829
0.20547
0.21143
0.23918
0.08220
0.06145
0.09251
0.04048
0.29701
0.11307
0.18734
0.19702
0.23647
0.13262
0.24092
0.21079
0.04031
0.28837
0.10359
0.04502
0.21127
0.18765
0.22184
0.06572
0.07199
0.22452
0.22656
0.28778
0.21565
0.02624
0.06017
0.16898
0.20949
0.13224
0.18438
0.11714
0.26349
0.16413
0.08107
0.26859
0.28034
0.12361
0.17954
0.14150
0.08419
0.03522
0.22697
0.17083
0.20507
0.23588
0.27508
0.19481
0.31447
0.22925
0.23200
0.19806
0.26449
0.18057
0.02350
0.25436
0.13919
0.06280
0.19447
0.25270
0.28088
0.20389
0.02758
0.05638
0.14907
0.21470
0.16754
0.28727
0.08613
0.18418
0.27107
0.16229
0.22529
0.10769
0.04314
0.06012
0.16150
0.05403
0.06604
0.27474
0.28783
0.11269
0.10449
0.01557
0.05103
0.03804
0.26248
