0.07283
0.11352
0.05223
0.25878
0.07465
0.15051
0.23475
0.13876
0.18828
0.06391
0.17558
0.11791
0.12221
0.11697
0.08751
0.21317
0.09131
0.14003
0.05734
0.16854
0.29304
0.11061
0.11746
0.06345
0.18312
0.13294
0.11679
0.21574
0.09300
0.13239
0.08404
0.21161
0.15899
0.09933
0.06530
0.09976
0.11598
0.09798
0.14397
0.13492
0.27575
0.23082
0.07351
0.12769
0.25776
0.24402
0.14894
0.23793
0.18086
0.16033
0.11581
0.12677
0.12064
0.31071
0.10238
0.23869
0.26869
0.09857
0.12524
0.06068
0.25521
0.28551
0.12481
0.25218
0.29078
0.29420
0.03757
0.19684
0.10509
0.02104
0.15085
0.26670
0.31340
0.18710
0.24633
0.10588
0.08332
0.03466
0.22427
0.18699
0.29085
0.20713
0.30372
0.26859
0.28254
0.34951
0.10217
0.07067
0.13162
0.18665
0.32245
0.14166
0.06487
0.27871
0.04204
0.18323
0.15029
0.20196
0.18438
0.14093
0.09348
0.17668
0.15270
0.10731
0.19581
0.30363
0.12359
0.16826
0.21087
0.28940
0.04788
0.25500
0.07638
0.23823
0.13110
0.12480
0.27132
0.07689
0.08481
0.12963
0.21473
0.06818
0.27827
0.03465
0.07538
0.11489
0.32039
0.26221
0.18250
0.23161
0.06537
0.11187
0.30512
0.33582
0.10161
0.14894
0.08927
0.27387
0.23777
0.03885
0.18471
0.02348
0.28741
0.16299
0.14664
0.34152
0.07088
0.33454
0.17012
0.09623
0.17223
0.25912
0.11881
0.30007
0.29682
0.31518
0.08892
0.16165
0.16471
0.12892
0.27759
0.23095
0.26967
0.32297
0.08807
0.11490
0.27817
0.27177
0.05319
0.28467
0.06382
0.20609
0.28270
0.06088
0.07599
0.17864
0.05981
0.05972
0.17675
0.27168
0.05534
0.10600
0.17427
0.13379
0.06951
0.22446
0.23747
0.24135
0.23409
0.15781
0.12458
0.05254
0.05150
0.14730
0.14293
0.23900
0.13142
0.15442
0.08863
0.28686
0.20604
0.09355
0.13658
0.15061
0.04280
0.17496
0.11744
0.17446
0.23822
0.09783
0.21042
0.22414
0.11398
0.24510
0.24212
0.23772
0.13550
0.24298
0.20207
0.31060
0.10803
0.22058
0.12053
0.03714
0.06369
0.05356
0.18551
0.17513
0.14892
0.07081
0.26982
0.11138
0.23085
0.08746
0.03677
0.28813
0.11653
0.02927
0.10431
0.27315
0.04508
0.29735
0.08326
0.10667
0.17291
0.19828
0.11151
0.02928
0.11110
0.11812
0.12514
0.09545
0.10804
0.25341
0.14371
0.17816
0.21028
0.07172
0.06136
0.14381
0.20510
0.12317
0.21840
0.16434
0.10017
0.25452
0.28977
0.10086
0.17613
0.03210
0.07167
0.13015
0.04626
0.03682
0.37236
0.15398
0.04596
0.17252
0.11226
0.09619
0.08937
0.33550
0.12478
0.05699
0.31407
0.12155
0.16233
0.16360
0.16086
0.16940
0.07363
0.08909
0.20790
0.19766
0.13394
0.10093
0.18458
0.16699
0.19145
0.14516
0.33495
0.27171
0.23959
0.11809
0.13365
0.29386
0.30000
0.31935
0.03913
0.25647
0.09938
0.31837
0.11992
0.08011
0.13762
0.12374
0.13175
0.19520
0.20405
0.06670
0.08152
0.04359
0.27125
0.15618
0.22476
0.14486
0.23350
0.20137
0.09902
0.05766
0.26492
0.27115
0.36657
0.22962
0.31291
0.23334
0.22105
0.28091
0.23969
0.24299
0.04789
0.08572
0.09511
0.22353
0.03048
0.07440
0.19433
0.11084
0.22526
0.10273
0.16010
0.12272
0.25684
0.26231
0.23339
0.17101
0.29648
0.13476
0.15875
0.31279
0.04618
0.17635
0.03310
0.09926
0.18571
0.07277
0.21986
0.34114
0.07704
0.08212
0.16543
0.25280
0.13001
0.04672
0.06993
0.05188
0.06665
0.07598
0.20673
0.07674
0.27151
0.16434
0.14436
0.08783
0.18608
0.28643
0.23536
0.27422
0.33353
0.20899
0.23371
0.31832
0.29558
0.32497
0.26974
0.25951
0.32700
0.26241
0.20940
0.25943
0.18972
0.30050
0.17639
0.34205
0.31400
0.25145
0.25239
0.24062
0.26339
0.35309
0.29494
0.25955
0.29949
0.29951
0.24017
0.26667
0.30613
0.27026
0.22861
0.23933
0.29267
0.30183
0.27390
0.20849
0.30959
0.28195
0.26676
0.34744
0.21421
0.27444
0.32363
0.28520
0.31407
0.30340
0.29893
0.22079
0.28367
0.30860
0.23221
0.30204
0.29194
0.26505
0.28836
0.30524
0.20969
0.31401
0.24369
0.25797
0.30423
0.25687
0.28894
0.16420
0.27763
0.34014
0.13160
0.27294
0.21456
0.22074
0.16155
0.36310
0.30390
0.29086
0.17165
0.34471
0.26925
0.25938
0.34501
0.27798
0.30957
0.27957
0.25191
0.27747
0.16145
0.32157
0.29151
0.24643
0.18321
0.31095
0.18923
0.25341
0.29482
0.24655
0.34026
0.28787
0.19340
0.29696
0.28354
0.14931
0.18962
0.29608
0.15367
0.18037
0.14443
0.31686
0.32312
0.27821
0.28272
0.24289
0.30423
0.17932
0.29771
0.29191
0.29368
0.20594
0.29366
0.29262
0.20515
0.17753
0.34327
0.28369
0.22369
0.33103
0.30395
0.25784
0.34860
0.28782
0.20643
0.30589
0.17954
0.28612
0.30166
0.30162
0.28196
0.25581
0.19154
0.33238
0.22497
0.31062
0.19479
0.28336
0.31760
0.26246
0.17172
0.22496
0.29647
0.20714
0.30282
0.18492
0.25974
0.24477
0.21218
0.23637
0.27843
0.30721
0.29671
0.24129
0.24554
0.30195
0.21103
0.22514
0.22221
0.26972
0.31819
0.14576
0.19475
0.27155
0.28168
0.24113
0.15554
0.18755
0.25682
0.24846
0.23562
0.28880
0.31848
0.16581
0.26982
0.27794
0.28777
0.17804
0.28147
0.29729
0.25240
0.36297
0.19722
0.31060
0.21479
0.32641
0.29714
0.28103
0.26184
0.29710
0.27258
0.19701
0.28601
0.29979
0.27240
0.27154
0.23666
0.33645
0.20614
0.26020
0.24405
0.32942
0.24177
0.30728
0.23536
0.28862
0.27680
0.28188
0.21747
0.25722
0.27684
0.29315
0.25023
0.30381
0.23267
0.28321
0.24188
0.27481
0.28010
0.15686
0.24887
0.30633
0.30886
0.26333
0.30149
0.30643
0.24666
0.26055
0.24953
0.26909
0.27655
0.29215
0.22500
0.19274
0.31121
0.28635
0.24676
0.28274
0.22936
0.30738
0.30172
0.22087
0.18556
0.26196
0.28349
0.29891
0.29392
0.27363
0.31248
0.34120
0.14453
0.22835
0.29641
0.28531
0.28636
0.29414
0.31417
0.22843
0.21788
0.18166
0.27044
0.28318
0.34457
0.31059
0.28051
0.29283
0.21256
0.24367
0.26987
0.24281
0.20128
0.29894
0.23904
0.23000
0.34502
0.29795
0.27596
0.24541
0.28624
0.30296
0.32748
0.31799
0.25511
0.26465
0.17610
0.31481
0.30118
0.13876
0.28392
0.17192
0.26577
0.29201
0.21332
0.29334
0.21609
0.27611
0.24175
0.25582
0.27809
0.32936
0.28813
0.27878
0.19424
0.23742
0.24710
0.22211
0.20676
0.30895
0.28331
0.34160
0.27624
0.27616
0.28796
0.27086
0.24394
0.25750
0.17715
0.29962
0.25985
0.33933
0.24168
0.27336
0.34812
0.27057
0.27353
0.30439
0.21413
0.23459
0.29848
0.25971
0.32069
0.30027
0.28964
0.32947
0.36804
0.28755
0.31497
0.25417
0.28924
0.25547
0.33365
0.27363
0.26790
0.31567
0.31680
0.30024
0.30712
0.38089
0.22638
0.26668
0.28064
0.28430
0.30090
0.32001
0.23032
0.25969
0.34409
0.20424
0.30003
0.29382
0.28930
0.25507
0.26921
0.27595
0.26156
0.29399
0.33116
0.28497
0.26496
0.30035
0.28701
0.30689
0.28157
0.29092
0.16397
0.31876
0.32354
0.34756
0.33929
0.30625
0.40930
0.40462
0.28213
0.16109
0.30768
0.33695
0.26993
0.18691
0.31114
0.32637
0.22200
0.24784
0.30504
0.25782
0.23805
0.23868
0.32312
0.35059
0.39780
0.26527
0.30626
0.26613
0.37433
0.24952
0.29757
0.32105
0.33008
0.27242
0.16305
0.27665
0.43558
0.24236
0.38808
0.41521
0.17521
0.28900
0.36114
0.30750
0.28642
0.27037
0.27722
0.24396
0.26991
0.31758
0.27591
0.27617
0.36609
0.29972
0.28838
0.24383
0.24362
0.26557
0.39782
0.23363
0.09848
0.32572
0.11218
0.22029
0.39173
0.12872
0.23987
0.20108
0.26871
0.25240
0.42650
0.16851
0.33557
0.39190
0.25047
0.18284
0.25682
0.22556
0.18789
0.35246
0.15112
0.33970
0.32289
0.25526
0.25259
0.24605
0.33741
0.28434
0.20295
0.34410
0.40111
0.32563
0.27849
0.35558
0.38141
0.22561
0.23035
0.27095
0.37175
0.18118
0.19450
0.26893
0.33873
0.28228
0.25400
0.27936
0.30268
0.36326
0.19868
0.30609
0.33646
0.26679
0.29566
0.26960
0.37754
0.29669
0.22785
0.28580
0.30474
0.33430
0.27220
0.32310
0.23078
0.30592
0.24247
0.27149
0.31664
0.30672
0.24883
0.29853
0.17042
0.31605
0.19240
0.03004
0.07449
0.22503
0.23975
0.24608
0.23683
0.23307
0.34360
0.17979
0.03599
0.15818
0.04121
0.25862
0.29533
0.20526
0.26136
0.08770
0.08617
0.22131
0.13233
0.06398
0.07789
0.21298
0.29845
0.22978
0.21474
0.24450
0.06845
0.29316
0.24899
0.04623
0.08886
0.13558
0.27964
0.11642
0.22038
0.19395
0.22302
0.06834
0.04796
0.10723
0.02509
0.30759
0.10073
0.16396
0.19802
0.25567
0.10972
0.26074
0.21209
0.03761
0.26520
0.09220
0.05108
0.20379
0.18483
0.23459
0.05737
0.06298
0.24806
0.22407
0.29383
0.23062
0.03841
0.07455
0.17696
0.21211
0.11801
0.20319
0.10814
0.27119
0.19701
0.09597
0.26676
0.29330
0.11628
0.16447
0.14187
0.06515
0.04476
0.23163
0.16862
0.19537
0.25710
0.27252
0.19207
0.29131
0.22919
0.22774
0.17048
0.23745
0.18128
0.03272
0.25841
0.12538
0.07691
0.23326
0.25292
0.27507
0.22258
0.02498
0.04804
0.15477
0.21859
0.14718
0.27887
0.08935
0.21609
0.30236
0.13802
0.22016
0.08325
0.03310
0.04638
0.13815
0.05803
0.08893
0.22419
0.27978
0.10013
0.08902
0.02232
0.06201
0.05608
0.25043
