0.13194
0.09456
0.06177
0.22036
0.06691
0.13866
0.20831
0.14046
0.18740
0.05476
0.22614
0.12508
0.08717
0.11266
0.11689
0.23256
0.13350
0.08482
0.07990
0.14864
0.28594
0.12257
0.13380
0.09952
0.19322
0.12940
0.16372
0.28618
0.10097
0.17557
0.10913
0.31139
0.12466
0.09856
0.04975
0.09325
0.15172
0.08883
0.09973
0.14050
0.32831
0.23871
0.10549
0.11190
0.27865
0.25247
0.15115
0.19719
0.16813
0.15969
0.09496
0.13469
0.12659
0.30472
0.08778
0.25234
0.22592
0.09618
0.11235
0.07897
0.28426
0.26715
0.11028
0.23053
0.28355
0.32272
0.04412
0.18699
0.08672
0.04331
0.11066
0.29400
0.32767
0.14805
0.26056
0.12845
0.07713
0.06051
0.23210
0.13541
0.23907
0.21084
0.28831
0.27778
0.30893
0.37152
0.09614
0.06728
0.12151
0.23789
0.26386
0.19043
0.06222
0.28263
0.05476
0.12132
0.22305
0.24464
0.19730
0.17402
0.09159
0.17157
0.10113
0.11111
0.16888
0.30895
0.15557
0.14836
0.17476
0.28437
0.03058
0.25533
0.06308
0.27015
0.09718
0.17213
0.27640
0.04216
0.06945
0.20461
0.22514
0.07390
0.27456
0.02318
0.10378
0.15069
0.35824
0.26907
0.15291
0.25914
0.07482
0.12051
0.31870
0.34063
0.09239
0.14971
0.07134
0.28192
0.25330
0.03129
0.21982
0.03252
0.27218
0.19035
0.10784
0.31285
0.08264
0.35526
0.17946
0.09325
0.13931
0.22459
0.09526
0.30709
0.28646
0.32552
0.15780
0.14775
0.16385
0.20182
0.30127
0.29625
0.32285
0.31855
0.08324
0.10337
0.33713
0.30069
0.08161
0.28822
0.02728
0.22567
0.28243
0.03007
0.12357
0.22066
0.05806
0.08165
0.15009
0.24172
0.12587
0.10355
0.22309
0.13711
0.08330
0.21342
0.18140
0.22590
0.24296
0.19176
0.11123
0.07767
0.03904
0.15008
0.11460
0.23118
0.20507
0.14988
0.09576
0.26681
0.19755
0.12611
0.18204
0.14993
0.04642
0.25479
0.09722
0.17743
0.25251
0.08453
0.25074
0.20070
0.09920
0.26402
0.28490
0.20720
0.11668
0.25675
0.18218
0.35901
0.13464
0.22051
0.12007
0.05531
0.07403
0.03571
0.16798
0.19242
0.14508
0.02595
0.26824
0.10657
0.17059
0.10200
0.07644
0.27180
0.11716
0.03570
0.08734
0.27553
0.06674
0.30247
0.12250
0.11896
0.14290
0.19192
0.11196
0.08206
0.10019
0.10289
0.09742
0.11851
0.08804
0.27415
0.13962
0.15776
0.20953
0.07829
0.06100
0.14076
0.22081
0.14868
0.24720
0.11950
0.20676
0.27718
0.24330
0.08602
0.19444
0.09949
0.12345
0.11934
0.07167
0.05959
0.39807
0.16335
0.05372
0.23526
0.15701
0.11460
0.14699
0.34701
0.11809
0.08542
0.30423
0.11917
0.16434
0.19890
0.17559
0.14424
0.07107
0.08751
0.21135
0.22805
0.18374
0.10780
0.22715
0.18527
0.20213
0.14450
0.32907
0.24444
0.26533
0.15331
0.13907
0.28793
0.32607
0.27700
0.04150
0.27214
0.09764
0.31571
0.10865
0.12820
0.13918
0.11233
0.09456
0.17277
0.23653
0.06372
0.09533
0.04261
0.25773
0.16678
0.24243
0.22532
0.26767
0.24389
0.11671
0.06616
0.20238
0.30014
0.38245
0.28114
0.33727
0.21620
0.25868
0.30271
0.27425
0.29106
0.06815
0.06485
0.11569
0.24058
0.03559
0.11030
0.16648
0.11073
0.12842
0.11306
0.16239
0.13200
0.26738
0.29447
0.27252
0.23980
0.33735
0.11123
0.11969
0.31806
0.06542
0.18889
0.08919
0.07134
0.15749
0.04863
0.25205
0.36115
0.08098
0.07509
0.13609
0.24852
0.09999
0.04977
0.08659
0.04732
0.04086
0.05572
0.13129
0.09605
0.29745
0.12482
0.20471
0.09651
0.19691
0.30129
0.20202
0.26651
0.35417
0.16417
0.30082
0.30877
0.28555
0.32731
0.29919
0.25613
0.35637
0.25046
0.23473
0.21929
0.23315
0.30855
0.15632
0.37230
0.33596
0.26678
0.26313
0.24491
0.25064
0.33865
0.27421
0.22370
0.30915
0.33823
0.22296
0.25036
0.32242
0.27875
0.26643
0.26699
0.29224
0.31903
0.25226
0.23384
0.34930
0.24520
0.23222
0.31591
0.18917
0.31516
0.34999
0.30820
0.29147
0.29900
0.27086
0.24988
0.28816
0.33731
0.21842
0.30894
0.32479
0.24644
0.28419
0.30785
0.18201
0.29078
0.26435
0.29083
0.31667
0.29511
0.26536
0.19637
0.29448
0.36196
0.14116
0.28485
0.20633
0.19520
0.20611
0.35781
0.31677
0.33168
0.17777
0.35771
0.27133
0.27882
0.37200
0.32039
0.30399
0.29486
0.22335
0.29208
0.19137
0.35966
0.28964
0.23901
0.17748
0.33077
0.18270
0.26151
0.28959
0.26289
0.35656
0.33287
0.22669
0.32856
0.32316
0.20934
0.17434
0.28547
0.19089
0.18672
0.15991
0.30742
0.35014
0.26469
0.26155
0.24642
0.31498
0.23529
0.31702
0.24080
0.26576
0.21043
0.28830
0.27709
0.20478
0.19235
0.34369
0.30135
0.19454
0.27162
0.31822
0.28747
0.35060
0.31567
0.23163
0.26994
0.19236
0.28757
0.32112
0.26982
0.27555
0.19940
0.17513
0.30312
0.22800
0.28737
0.23602
0.26372
0.30882
0.29441
0.19816
0.22270
0.29490
0.20298
0.29291
0.18310
0.24184
0.20906
0.25466
0.18948
0.32178
0.32451
0.32937
0.21914
0.19334
0.32670
0.21145
0.20286
0.20357
0.31106
0.30828
0.16418
0.18108
0.26260
0.27349
0.19808
0.16086
0.23998
0.27732
0.22000
0.25473
0.25496
0.31681
0.17925
0.23295
0.27590
0.27184
0.20353
0.30101
0.26509
0.24701
0.37406
0.19419
0.28830
0.22936
0.36739
0.32471
0.26269
0.27267
0.26099
0.27270
0.18923
0.29908
0.28755
0.26438
0.29070
0.28457
0.34109
0.25024
0.30408
0.22365
0.34533
0.21837
0.28251
0.22582
0.24765
0.28291
0.25998
0.22366
0.23379
0.24003
0.31695
0.21954
0.33399
0.22625
0.25285
0.29993
0.30107
0.30706
0.14597
0.22688
0.32901
0.33046
0.25141
0.28265
0.28760
0.28294
0.23491
0.22435
0.30823
0.29107
0.25534
0.24849
0.17621
0.28282
0.31526
0.25829
0.24795
0.23174
0.33563
0.27529
0.19231
0.19473
0.29439
0.28856
0.28720
0.26646
0.24979
0.34880
0.35975
0.16731
0.22900
0.31969
0.25303
0.27333
0.30918
0.34328
0.22031
0.19028
0.20982
0.24279
0.27798
0.36592
0.28768
0.30169
0.27194
0.24079
0.29129
0.30495
0.28468
0.17105
0.33988
0.20897
0.23625
0.33799
0.30595
0.25096
0.25733
0.25046
0.29975
0.33770
0.34306
0.23638
0.28433
0.21313
0.29480
0.31234
0.10811
0.26591
0.22733
0.22745
0.29134
0.23416
0.27109
0.24621
0.24969
0.26491
0.23833
0.25640
0.34149
0.28489
0.26137
0.19129
0.30506
0.25050
0.24786
0.20478
0.34271
0.28029
0.32974
0.26096
0.23744
0.27535
0.26952
0.24055
0.26561
0.15628
0.33210
0.27135
0.34801
0.28235
0.31080
0.35131
0.29412
0.24746
0.30374
0.14638
0.18507
0.28996
0.21345
0.29503
0.31387
0.27667
0.32251
0.38700
0.31973
0.32977
0.27866
0.32308
0.29572
0.36146
0.24841
0.28204
0.32472
0.32207
0.30269
0.33374
0.39894
0.23599
0.24635
0.34184
0.23192
0.32835
0.32540
0.26158
0.22173
0.35493
0.23235
0.27158
0.31800
0.27618
0.23373
0.23766
0.26247
0.28943
0.29685
0.31540
0.28913
0.24755
0.27942
0.27764
0.31935
0.27045
0.29002
0.12193
0.34305
0.32273
0.37308
0.30405
0.32702
0.40833
0.41006
0.26493
0.20837
0.29822
0.39056
0.28868
0.23987
0.28421
0.35071
0.25504
0.24113
0.32848
0.22145
0.29239
0.23904
0.33344
0.37734
0.41346
0.31854
0.30885
0.25171
0.40586
0.32999
0.26368
0.28232
0.37048
0.26104
0.21030
0.33791
0.47478
0.25785
0.42170
0.42631
0.22358
0.27355
0.37147
0.29450
0.31296
0.22479
0.27414
0.20855
0.30580
0.28783
0.31365
0.32070
0.38424
0.27467
0.26760
0.27131
0.22522
0.23870
0.40917
0.25330
0.16000
0.31376
0.21892
0.22391
0.42442
0.18147
0.28945
0.23129
0.25404
0.27524
0.44685
0.21388
0.34201
0.40518
0.23352
0.23876
0.24240
0.28608
0.24018
0.36484
0.23243
0.35398
0.35539
0.24438
0.27250
0.22792
0.35160
0.27842
0.24111
0.36560
0.42352
0.32796
0.27698
0.37390
0.37758
0.18961
0.27571
0.26568
0.38843
0.22891
0.25797
0.25268
0.34716
0.26047
0.27248
0.26081
0.33879
0.37821
0.25367
0.28137
0.33886
0.31147
0.28817
0.25157
0.39716
0.28342
0.31021
0.27417
0.29171
0.34798
0.27393
0.29395
0.25621
0.33601
0.27071
0.24061
0.29984
0.29407
0.20783
0.27763
0.19412
0.24469
0.18630
0.05366
0.10350
0.16921
0.20700
0.26929
0.19560
0.26491
0.36387
0.18922
0.08273
0.20694
0.06396
0.30533
0.25769
0.20935
0.28162
0.04965
0.06040
0.17968
0.24897
0.08554
0.12497
0.19035
0.30459
0.22446
0.21266
0.30461
0.01767
0.32156
0.24600
0.02250
0.04244
0.13769
0.28153
0.15263
0.25059
0.22247
0.29622
0.01107
0.04537
0.04109
0.05315
0.27679
0.10837
0.13763
0.13101
0.25266
0.07827
0.25769
0.23039
0.07242
0.24283
0.11483
0.09336
0.26475
0.19066
0.12208
0.10823
0.08730
0.20776
0.21753
0.31407
0.24629
0.02247
0.11859
0.16540
0.20619
0.08805
0.17755
0.09889
0.24361
0.14318
0.10560
0.27916
0.30869
0.09949
0.14816
0.13575
0.04921
0.01492
0.16776
0.16712
0.21383
0.24757
0.30758
0.20733
0.34616
0.24746
0.25954
0.15602
0.21190
0.19434
0.01639
0.26036
0.09119
0.01866
0.20445
0.27116
0.29271
0.25260
0.06578
0.09213
0.06190
0.23577
0.18471
0.27345
0.10841
0.12343
0.28633
0.18640
0.23644
0.08596
0.06431
0.04028
0.20922
0.03552
0.12953
0.27060
0.29070
0.06255
0.16804
0.04830
0.04794
0.05827
0.25479
