0.17841
0.13687
0.07346
0.25368
0.09158
0.13461
0.20938
0.18162
0.17702
0.07239
0.22382
0.15461
0.18385
0.13506
0.13675
0.22538
0.15646
0.15601
0.08709
0.17085
0.30072
0.14885
0.21457
0.11505
0.24514
0.16617
0.17060
0.28522
0.09108
0.19751
0.16801
0.30211
0.16875
0.11142
0.12367
0.09404
0.12960
0.10945
0.14899
0.18680
0.31390
0.24939
0.11962
0.17106
0.27959
0.26171
0.19139
0.26680
0.20949
0.18612
0.09677
0.14453
0.16618
0.30282
0.09865
0.23085
0.29600
0.12869
0.17155
0.11107
0.28699
0.27393
0.11995
0.23007
0.29849
0.30707
0.08796
0.17653
0.15124
0.06247
0.12166
0.30428
0.32432
0.20855
0.26674
0.15574
0.10811
0.04999
0.21909
0.15940
0.29862
0.27850
0.32826
0.26626
0.30528
0.36734
0.09904
0.13631
0.17297
0.27993
0.32779
0.18040
0.10121
0.26004
0.07840
0.18483
0.20748
0.22301
0.21911
0.17866
0.10255
0.18683
0.15861
0.14780
0.23421
0.30488
0.17703
0.19676
0.20262
0.30996
0.03983
0.26003
0.09911
0.27449
0.14069
0.18893
0.26642
0.08445
0.08232
0.21384
0.21521
0.11200
0.27821
0.05617
0.14378
0.14858
0.34665
0.25374
0.22680
0.28580
0.11161
0.16766
0.29672
0.34380
0.11037
0.20292
0.09993
0.28662
0.25778
0.12516
0.18126
0.08644
0.30341
0.19886
0.17130
0.31306
0.13973
0.36304
0.19447
0.09600
0.18304
0.26307
0.13368
0.31605
0.30797
0.31074
0.16219
0.13158
0.14810
0.26413
0.29959
0.28731
0.28985
0.32757
0.09290
0.10499
0.29483
0.29167
0.14937
0.28091
0.07340
0.25090
0.29297
0.08353
0.15593
0.24031
0.09494
0.09821
0.19577
0.25350
0.08439
0.11439
0.24204
0.15740
0.12851
0.24494
0.23368
0.27889
0.26414
0.18976
0.17944
0.10217
0.10388
0.17086
0.17154
0.26146
0.24573
0.17043
0.13828
0.29502
0.26594
0.12215
0.18876
0.17411
0.07467
0.24807
0.15214
0.23739
0.26606
0.15882
0.24030
0.24115
0.13917
0.27960
0.26220
0.27888
0.13864
0.30008
0.21706
0.35903
0.10557
0.25224
0.17205
0.08421
0.09474
0.11833
0.23392
0.21794
0.18424
0.09479
0.26736
0.16836
0.28907
0.16991
0.08639
0.29614
0.11212
0.09193
0.12925
0.26920
0.15141
0.28744
0.11510
0.12643
0.16446
0.21345
0.11059
0.06168
0.16694
0.13962
0.15184
0.15573
0.13294
0.28793
0.14937
0.18002
0.17419
0.14322
0.10655
0.16232
0.15495
0.17323
0.21172
0.20403
0.20262
0.27159
0.28315
0.10242
0.21235
0.06749
0.16036
0.14867
0.09425
0.09678
0.39693
0.20001
0.10634
0.19340
0.17051
0.09741
0.15892
0.32591
0.13666
0.11491
0.30307
0.11918
0.20129
0.20086
0.18910
0.16354
0.12185
0.08530
0.24723
0.23111
0.18802
0.10223
0.21379
0.24563
0.21854
0.18360
0.33524
0.31836
0.27880
0.17199
0.13805
0.30541
0.35935
0.34555
0.06819
0.28067
0.16006
0.28401
0.15531
0.11828
0.17232
0.16277
0.11769
0.28559
0.25403
0.09432
0.13032
0.11357
0.27903
0.23755
0.24541
0.20760
0.25944
0.23962
0.18897
0.13751
0.29177
0.29688
0.39323
0.28517
0.32000
0.25294
0.26386
0.30386
0.26065
0.29264
0.09944
0.10525
0.16613
0.25458
0.09109
0.13771
0.24459
0.15703
0.20063
0.10341
0.16062
0.17048
0.27189
0.26428
0.24231
0.20255
0.32129
0.17828
0.14699
0.29981
0.09189
0.20885
0.07145
0.11122
0.22525
0.07626
0.25110
0.36672
0.09322
0.11979
0.18925
0.25619
0.12899
0.10285
0.07315
0.07121
0.10031
0.17513
0.21278
0.10605
0.29297
0.19257
0.19497
0.10937
0.19142
0.29250
0.21295
0.24427
0.34544
0.16081
0.29447
0.32377
0.30047
0.31356
0.28684
0.24692
0.35470
0.24755
0.28009
0.23504
0.24738
0.29805
0.20289
0.37176
0.32047
0.25405
0.25349
0.26497
0.25026
0.34885
0.27197
0.23965
0.31822
0.32709
0.21613
0.26153
0.33898
0.28372
0.23635
0.25987
0.29808
0.30658
0.24673
0.23217
0.34170
0.27370
0.23774
0.33576
0.20917
0.30187
0.35841
0.31618
0.27339
0.29774
0.29092
0.26472
0.28763
0.34189
0.20498
0.29234
0.31697
0.23348
0.26152
0.30725
0.20536
0.29752
0.27922
0.27755
0.31218
0.29022
0.24476
0.20628
0.27753
0.36513
0.13655
0.29844
0.22273
0.21099
0.20892
0.37054
0.31042
0.32876
0.16606
0.34956
0.27453
0.29856
0.37626
0.31833
0.29653
0.29548
0.25624
0.30012
0.20303
0.36886
0.28302
0.21743
0.17227
0.34157
0.20845
0.28058
0.29665
0.26695
0.34287
0.32972
0.23343
0.32575
0.32294
0.18077
0.16862
0.28741
0.20375
0.20559
0.13422
0.31425
0.35007
0.26569
0.25951
0.24878
0.28971
0.22232
0.29624
0.28092
0.26426
0.19389
0.28002
0.28466
0.21261
0.18711
0.35288
0.30134
0.22190
0.30538
0.31024
0.27727
0.37175
0.31415
0.23979
0.25072
0.22634
0.28056
0.30895
0.28416
0.28392
0.24988
0.17105
0.28537
0.24254
0.28889
0.24626
0.26837
0.30800
0.29777
0.20457
0.23419
0.29241
0.22159
0.27735
0.20914
0.23558
0.24353
0.24198
0.18660
0.32297
0.31164
0.33081
0.25129
0.21401
0.32048
0.23274
0.23250
0.23378
0.30298
0.31804
0.17335
0.18727
0.28923
0.26337
0.19902
0.16887
0.24236
0.26339
0.22954
0.26260
0.25096
0.30032
0.19068
0.25539
0.26358
0.26511
0.19643
0.28805
0.29255
0.25279
0.38661
0.19887
0.30659
0.25311
0.37610
0.31031
0.26654
0.28589
0.27902
0.27956
0.20466
0.31897
0.29291
0.26095
0.27701
0.29356
0.33886
0.25727
0.28454
0.23129
0.34238
0.22148
0.27550
0.23462
0.27575
0.27996
0.26263
0.22918
0.23729
0.27297
0.31321
0.21081
0.33672
0.26658
0.26750
0.29464
0.27361
0.31188
0.14207
0.21925
0.32902
0.32874
0.25939
0.26865
0.29305
0.28269
0.25592
0.23558
0.29578
0.29214
0.25957
0.25795
0.21795
0.28150
0.30597
0.27080
0.26357
0.24251
0.33294
0.28461
0.19670
0.22495
0.28292
0.28712
0.27912
0.27055
0.26461
0.35848
0.35837
0.15435
0.24987
0.30493
0.28516
0.27220
0.31149
0.34035
0.24980
0.19535
0.19679
0.24508
0.28255
0.35209
0.30347
0.30257
0.28460
0.25205
0.26190
0.30387
0.27405
0.18676
0.34540
0.23596
0.24632
0.33676
0.31377
0.24417
0.27013
0.23338
0.29334
0.32666
0.33560
0.25351
0.28164
0.22019
0.32247
0.30899
0.14002
0.25576
0.20506
0.26323
0.27543
0.23643
0.27542
0.25489
0.28056
0.24453
0.23883
0.25886
0.34588
0.27516
0.26399
0.19593
0.29206
0.25230
0.25262
0.20723
0.32595
0.27874
0.34950
0.27477
0.25855
0.29372
0.28101
0.24148
0.28478
0.20135
0.32871
0.28907
0.33225
0.27778
0.30797
0.34135
0.27494
0.25980
0.29961
0.19073
0.22464
0.27709
0.24113
0.29230
0.31183
0.29187
0.33331
0.37947
0.31280
0.33045
0.28113
0.31164
0.29596
0.35094
0.26860
0.29497
0.32638
0.31957
0.28570
0.33094
0.39746
0.26806
0.24418
0.35178
0.23243
0.31552
0.32800
0.24931
0.24214
0.34482
0.24010
0.25700
0.31127
0.27844
0.22773
0.25160
0.25404
0.26706
0.27843
0.32357
0.29328
0.23586
0.30917
0.27751
0.28882
0.27292
0.27247
0.14009
0.34698
0.32775
0.37344
0.29785
0.31512
0.37647
0.39874
0.28537
0.21050
0.31763
0.40450
0.29452
0.21249
0.31416
0.33665
0.24698
0.21813
0.33582
0.24475
0.27918
0.24447
0.33995
0.36490
0.41782
0.30686
0.31582
0.26624
0.39746
0.31202
0.29449
0.29821
0.36355
0.28885
0.20671
0.31974
0.45333
0.24690
0.41134
0.40380
0.23314
0.28924
0.35748
0.31241
0.29873
0.25986
0.29815
0.22356
0.28540
0.29158
0.31726
0.31552
0.38015
0.27152
0.29704
0.26740
0.21631
0.26982
0.38452
0.23028
0.13564
0.33676
0.16401
0.19905
0.41025
0.16423
0.28432
0.23185
0.26635
0.27047
0.44469
0.19941
0.33603
0.38524
0.23869
0.23538
0.25398
0.25504
0.23999
0.37560
0.20112
0.37257
0.33910
0.26309
0.26248
0.24041
0.35576
0.28725
0.23339
0.36818
0.42929
0.33493
0.27621
0.35307
0.37468
0.22884
0.28836
0.29690
0.38968
0.23198
0.22655
0.25757
0.37870
0.28503
0.26259
0.28628
0.35316
0.38158
0.24813
0.28528
0.34311
0.29614
0.28703
0.25526
0.39916
0.29338
0.26577
0.29739
0.31422
0.34532
0.27808
0.29067
0.24061
0.34992
0.25712
0.24468
0.31433
0.30040
0.20653
0.26770
0.19424
0.31503
0.24305
0.06786
0.15332
0.22274
0.25060
0.24997
0.21717
0.26367
0.33091
0.22108
0.11668
0.14977
0.02173
0.30323
0.25637
0.21301
0.26047
0.12007
0.11875
0.20121
0.22949
0.07586
0.17502
0.23612
0.24542
0.20970
0.21167
0.26975
0.09619
0.32352
0.22908
0.03795
0.07810
0.18591
0.23638
0.14719
0.26041
0.14425
0.32036
0.05368
0.04403
0.08749
0.10916
0.25982
0.13269
0.17789
0.21667
0.25414
0.13265
0.30610
0.21641
0.05952
0.28661
0.07941
0.06079
0.30129
0.19834
0.23191
0.10666
0.02476
0.23250
0.20602
0.30678
0.27692
0.06655
0.10810
0.16051
0.19865
0.16753
0.19955
0.14069
0.23789
0.15396
0.12575
0.26271
0.27761
0.09324
0.17104
0.18071
0.11758
0.05607
0.16404
0.16138
0.20171
0.27062
0.27942
0.20192
0.31863
0.22853
0.22631
0.21925
0.24450
0.18450
0.07498
0.25254
0.09588
0.05183
0.21603
0.23364
0.31993
0.21792
0.07339
0.09266
0.13914
0.26673
0.22758
0.28481
0.08857
0.22565
0.30397
0.12967
0.23627
0.07499
0.03246
0.09462
0.16501
0.07808
0.16285
0.26961
0.30320
0.13148
0.11933
0.07703
0.06072
0.17758
0.22892
