0.14791
0.10884
0.10652
0.26383
0.11322
0.13442
0.24031
0.15411
0.19812
0.07546
0.17731
0.13456
0.18443
0.12128
0.14354
0.21164
0.13314
0.11658
0.09797
0.14437
0.31266
0.11986
0.19133
0.07202
0.22882
0.17522
0.14483
0.27592
0.09293
0.17873
0.12309
0.28224
0.15736
0.10078
0.10442
0.09668
0.12279
0.12245
0.14002
0.17132
0.29210
0.26814
0.09396
0.16734
0.28126
0.25610
0.18298
0.27236
0.20878
0.17010
0.08910
0.19374
0.13759
0.31847
0.09538
0.23562
0.21804
0.14763
0.16291
0.10161
0.30839
0.26878
0.20007
0.18318
0.28114
0.31112
0.04547
0.19977
0.11313
0.05456
0.14058
0.31937
0.29695
0.20871
0.25895
0.11830
0.10684
0.03690
0.24732
0.14319
0.31420
0.22831
0.30735
0.28933
0.27930
0.37308
0.09368
0.07886
0.17784
0.28473
0.35368
0.15644
0.07385
0.29010
0.06856
0.15307
0.19433
0.21723
0.23075
0.19495
0.09887
0.18834
0.10490
0.12749
0.22414
0.24877
0.16415
0.16130
0.20342
0.27336
0.03923
0.25024
0.11181
0.27844
0.12138
0.13008
0.27892
0.08098
0.09692
0.19588
0.25300
0.09646
0.28452
0.05794
0.13912
0.15178
0.32424
0.27563
0.17145
0.27718
0.10835
0.20927
0.30886
0.35978
0.12145
0.18273
0.07974
0.28530
0.26664
0.06803
0.14144
0.03578
0.31287
0.18200
0.12527
0.29188
0.14023
0.34595
0.17090
0.08521
0.15102
0.28994
0.11151
0.32983
0.28832
0.34233
0.17117
0.17957
0.15636
0.23500
0.26299
0.30573
0.26062
0.33377
0.09789
0.13673
0.27812
0.29470
0.09064
0.28139
0.07704
0.24414
0.22628
0.05379
0.14341
0.24539
0.07075
0.08070
0.15231
0.28893
0.08175
0.10706
0.25942
0.20039
0.12579
0.12899
0.25119
0.25360
0.27442
0.20711
0.13028
0.08287
0.05558
0.13593
0.13928
0.27763
0.21591
0.16468
0.09419
0.27058
0.19901
0.11416
0.19819
0.14761
0.06184
0.24019
0.11353
0.23688
0.26903
0.09022
0.26118
0.23180
0.12122
0.24899
0.28149
0.22751
0.15129
0.28728
0.18161
0.34360
0.09780
0.20078
0.16308
0.08371
0.11124
0.06913
0.18572
0.18099
0.17266
0.06661
0.24419
0.10432
0.25805
0.16220
0.04973
0.29189
0.10964
0.06940
0.09706
0.29058
0.09238
0.28056
0.12210
0.11269
0.14272
0.23253
0.11005
0.06725
0.14304
0.09788
0.11026
0.13271
0.11171
0.20487
0.14041
0.15728
0.17993
0.09943
0.09636
0.12020
0.19633
0.18695
0.19955
0.19262
0.18170
0.25679
0.30609
0.10221
0.15985
0.07273
0.11804
0.11735
0.08199
0.04202
0.37909
0.20800
0.11386
0.15644
0.14482
0.09133
0.18212
0.35431
0.11991
0.13607
0.32653
0.11346
0.20436
0.18685
0.17678
0.12439
0.13184
0.07053
0.24191
0.22740
0.16780
0.12148
0.19518
0.17104
0.17775
0.18339
0.34037
0.26768
0.27633
0.19527
0.09359
0.30898
0.31549
0.32522
0.05429
0.26236
0.15780
0.28739
0.14163
0.10701
0.17630
0.16256
0.09920
0.20471
0.23997
0.07453
0.11301
0.09545
0.27335
0.16870
0.26559
0.13465
0.21188
0.24617
0.17511
0.05231
0.26337
0.25456
0.36138
0.28482
0.33957
0.24486
0.25233
0.30567
0.27612
0.29656
0.09016
0.09454
0.15503
0.22355
0.09472
0.10064
0.22998
0.15005
0.26088
0.13321
0.18555
0.13074
0.28449
0.27169
0.24141
0.19580
0.24753
0.15158
0.12154
0.31217
0.11072
0.22726
0.05748
0.12221
0.22575
0.05390
0.24096
0.33727
0.09713
0.04484
0.14490
0.24604
0.11896
0.06220
0.07673
0.08657
0.10991
0.13576
0.19903
0.10217
0.29513
0.19458
0.19576
0.10390
0.21294
0.30133
0.20211
0.29459
0.34428
0.16688
0.29512
0.30043
0.31109
0.31211
0.27935
0.24137
0.34709
0.22928
0.23867
0.26795
0.23273
0.28431
0.20414
0.37438
0.32228
0.26334
0.27092
0.25763
0.26820
0.34489
0.28488
0.22606
0.31280
0.33031
0.26538
0.24700
0.33001
0.26203
0.25487
0.25169
0.28592
0.30304
0.24700
0.21684
0.34117
0.23485
0.24897
0.29602
0.15410
0.30912
0.35093
0.28482
0.28624
0.30313
0.25468
0.23595
0.24894
0.33267
0.24523
0.28305
0.32629
0.22510
0.28960
0.31400
0.17614
0.27680
0.24169
0.28601
0.30966
0.29093
0.25918
0.20424
0.28070
0.35067
0.14986
0.27752
0.19864
0.16658
0.20213
0.36660
0.29719
0.33289
0.15545
0.34557
0.26294
0.28056
0.36035
0.29729
0.27597
0.28145
0.25742
0.26641
0.20479
0.35788
0.27284
0.23512
0.17890
0.30909
0.22768
0.25755
0.28003
0.26629
0.35044
0.29971
0.17962
0.32387
0.30554
0.20952
0.19694
0.26767
0.18544
0.19078
0.17035
0.31379
0.33702
0.22512
0.24254
0.24617
0.29857
0.22147
0.27948
0.24040
0.28479
0.21197
0.29050
0.26426
0.22189
0.17553
0.35835
0.29005
0.18993
0.33141
0.31328
0.27214
0.34304
0.29921
0.22760
0.29225
0.20594
0.29876
0.30314
0.23518
0.28993
0.26943
0.17601
0.31836
0.23450
0.28405
0.23285
0.31078
0.31747
0.29256
0.20324
0.25266
0.28611
0.21808
0.30085
0.19600
0.23608
0.23189
0.23586
0.20390
0.31212
0.31088
0.32445
0.25019
0.17011
0.33094
0.23762
0.20746
0.20343
0.27415
0.31862
0.16411
0.18343
0.27934
0.28779
0.20023
0.15635
0.22675
0.26325
0.21494
0.27554
0.24952
0.31047
0.17927
0.19549
0.27730
0.28394
0.19946
0.27955
0.27341
0.23615
0.35838
0.19285
0.31496
0.21753
0.35493
0.31677
0.28622
0.27565
0.25608
0.25560
0.20721
0.30959
0.29229
0.23117
0.27798
0.27635
0.33955
0.24388
0.31208
0.22732
0.33657
0.23632
0.26025
0.23093
0.21208
0.29212
0.25820
0.23251
0.23346
0.25895
0.30118
0.18901
0.31632
0.25136
0.27369
0.30363
0.27628
0.30515
0.15186
0.23435
0.32824
0.32772
0.23493
0.29339
0.28941
0.25253
0.24166
0.22523
0.30310
0.27365
0.25119
0.23918
0.20195
0.28264
0.31007
0.25131
0.23310
0.24761
0.33398
0.22162
0.21441
0.19887
0.27905
0.26901
0.28295
0.26110
0.24248
0.34587
0.34070
0.15508
0.24653
0.32050
0.25856
0.25971
0.29421
0.32751
0.24368
0.20780
0.21809
0.27618
0.23093
0.35748
0.27866
0.30462
0.26321
0.22375
0.26431
0.29559
0.28763
0.17503
0.33361
0.23032
0.24746
0.34615
0.30964
0.26390
0.21063
0.25316
0.28886
0.31909
0.34717
0.26070
0.28077
0.21500
0.30099
0.31264
0.11964
0.23284
0.20743
0.21560
0.26989
0.24370
0.24114
0.24051
0.22417
0.22662
0.22291
0.26124
0.32181
0.29909
0.26724
0.20078
0.29928
0.24344
0.24067
0.18578
0.30528
0.27828
0.33994
0.26058
0.24056
0.25842
0.26100
0.24169
0.27280
0.18141
0.34560
0.26028
0.32309
0.28249
0.29116
0.34611
0.27249
0.26807
0.30461
0.15282
0.19208
0.28698
0.22891
0.32526
0.30235
0.23433
0.29902
0.37398
0.29076
0.32113
0.26683
0.28926
0.30722
0.36398
0.22306
0.27732
0.33337
0.32436
0.28988
0.32966
0.37788
0.23350
0.28048
0.33673
0.23617
0.31476
0.33153
0.24238
0.25313
0.33297
0.23083
0.29064
0.31071
0.24443
0.23401
0.23436
0.25138
0.31147
0.29419
0.29194
0.30293
0.27594
0.27984
0.28110
0.29401
0.26693
0.27491
0.12766
0.33565
0.32607
0.37303
0.30676
0.28771
0.40872
0.35905
0.25218
0.17926
0.27209
0.41054
0.29421
0.23197
0.29954
0.34287
0.22928
0.22706
0.32834
0.24604
0.29501
0.25746
0.33019
0.36161
0.43032
0.30610
0.28552
0.25337
0.39966
0.29952
0.31002
0.30242
0.36090
0.26350
0.18827
0.33300
0.47174
0.25898
0.40937
0.42519
0.22765
0.30122
0.36462
0.32565
0.30081
0.22026
0.29311
0.19170
0.30258
0.27722
0.29267
0.32527
0.37480
0.26077
0.26174
0.22655
0.17578
0.24935
0.38068
0.25389
0.12257
0.33365
0.19951
0.19345
0.40974
0.14736
0.24932
0.21563
0.28322
0.25627
0.43082
0.19160
0.32747
0.38514
0.25455
0.18096
0.23284
0.27332
0.23460
0.35265
0.20586
0.35772
0.34543
0.24875
0.25242
0.24904
0.34988
0.28592
0.20227
0.34368
0.44268
0.33189
0.32534
0.35437
0.34049
0.22396
0.27454
0.29937
0.40046
0.20404
0.23216
0.21363
0.36384
0.27947
0.26682
0.27287
0.34343
0.38286
0.25541
0.29523
0.32179
0.31943
0.28819
0.26445
0.39203
0.30235
0.29829
0.28650
0.30327
0.35334
0.27763
0.29789
0.24566
0.34071
0.25766
0.25985
0.28752
0.26596
0.24682
0.29439
0.20374
0.31428
0.19571
0.04357
0.14897
0.17154
0.21824
0.29953
0.20367
0.25343
0.36184
0.22372
0.07714
0.20429
0.02391
0.27348
0.26596
0.20971
0.20896
0.05338
0.09150
0.20101
0.25325
0.09930
0.19543
0.24025
0.25869
0.17285
0.21516
0.27349
0.07430
0.30036
0.20598
0.06530
0.07275
0.13284
0.25267
0.15226
0.24732
0.19485
0.29165
0.09643
0.10073
0.06547
0.10732
0.29631
0.05872
0.09716
0.15542
0.24615
0.15832
0.29628
0.21445
0.05655
0.22975
0.05593
0.06126
0.30130
0.19422
0.22837
0.04621
0.05937
0.18367
0.20074
0.29270
0.24154
0.05732
0.07406
0.17556
0.21104
0.19701
0.16318
0.08368
0.23108
0.22346
0.13293
0.26079
0.31376
0.08552
0.10191
0.11618
0.05977
0.03409
0.21996
0.12693
0.18283
0.22862
0.30670
0.19821
0.36818
0.26041
0.21169
0.12738
0.16698
0.19422
0.04401
0.23515
0.12301
0.06473
0.20206
0.25419
0.30086
0.23841
0.05111
0.07700
0.18608
0.18233
0.25915
0.24853
0.07456
0.23385
0.30013
0.17315
0.22691
0.13013
0.07280
0.05451
0.09398
0.06623
0.11093
0.27343
0.27571
0.08332
0.10996
0.04084
0.08924
0.09243
0.25330
