0.16978
0.10593
0.10544
0.24363
0.14019
0.15181
0.22476
0.17435
0.21189
0.08006
0.22186
0.12656
0.20926
0.11296
0.14942
0.22964
0.11253
0.14835
0.11156
0.15354
0.28353
0.15290
0.18617
0.07164
0.22345
0.18996
0.15036
0.23220
0.11564
0.19824
0.16257
0.26324
0.17641
0.10333
0.09826
0.09106
0.11422
0.16336
0.18589
0.19514
0.30436
0.26495
0.12910
0.17494
0.27435
0.21431
0.18594
0.27000
0.20067
0.17072
0.10055
0.16720
0.14078
0.27464
0.09277
0.23517
0.23310
0.18173
0.16368
0.11702
0.26625
0.29334
0.15685
0.17056
0.27127
0.31026
0.06373
0.16574
0.13567
0.07669
0.18138
0.31639
0.29030
0.15338
0.27796
0.12761
0.10303
0.05195
0.22247
0.15613
0.29557
0.19892
0.37090
0.25859
0.27222
0.34466
0.09194
0.10210
0.17128
0.29417
0.34621
0.20268
0.08692
0.28339
0.12749
0.19338
0.20799
0.22084
0.18345
0.18340
0.10049
0.19073
0.10788
0.11547
0.20416
0.28124
0.19103
0.14593
0.17440
0.27892
0.04347
0.28093
0.18608
0.24194
0.10972
0.18983
0.25895
0.08907
0.07981
0.23894
0.25672
0.11413
0.27389
0.02848
0.12673
0.15869
0.34205
0.27522
0.17927
0.24839
0.11742
0.13959
0.31221
0.34061
0.09551
0.15865
0.09535
0.27962
0.25643
0.11784
0.16526
0.05923
0.30008
0.19535
0.11629
0.28029
0.12456
0.33242
0.18692
0.08567
0.14216
0.31316
0.10030
0.29752
0.28035
0.31802
0.19345
0.19900
0.14807
0.19564
0.26642
0.27286
0.29785
0.34528
0.08531
0.14036
0.27449
0.27845
0.10993
0.23593
0.13200
0.27051
0.26188
0.06227
0.12818
0.19177
0.09990
0.13377
0.17817
0.28315
0.12710
0.09729
0.24230
0.20111
0.14709
0.17096
0.22951
0.24172
0.26101
0.22220
0.14125
0.08722
0.07326
0.16048
0.18637
0.25426
0.22818
0.24425
0.13167
0.28492
0.23090
0.14586
0.21967
0.15021
0.10942
0.23526
0.12593
0.22137
0.26083
0.10116
0.25876
0.21660
0.11131
0.26767
0.27178
0.26520
0.15732
0.26871
0.22744
0.35127
0.14982
0.21903
0.17850
0.13522
0.11653
0.07814
0.21271
0.22279
0.18246
0.11063
0.25797
0.13619
0.25958
0.16971
0.14373
0.27517
0.11418
0.08080
0.10302
0.26365
0.10319
0.24205
0.13450
0.10428
0.11822
0.22694
0.10444
0.06373
0.14087
0.10869
0.10800
0.19791
0.15334
0.22631
0.11839
0.16226
0.20889
0.09064
0.08194
0.13759
0.24576
0.20761
0.23636
0.22284
0.16588
0.27385
0.26836
0.09630
0.19376
0.06884
0.13892
0.12900
0.07157
0.06482
0.34843
0.19761
0.13488
0.19333
0.16030
0.10383
0.18318
0.31277
0.15942
0.14833
0.30482
0.11886
0.21009
0.17822
0.21166
0.13308
0.15325
0.13955
0.24855
0.23546
0.18057
0.10188
0.19717
0.17173
0.19751
0.18532
0.31896
0.30732
0.27950
0.18406
0.14203
0.30018
0.31237
0.32144
0.05743
0.28660
0.10741
0.30605
0.17011
0.11522
0.15006
0.16393
0.10500
0.17737
0.25204
0.11080
0.12977
0.09112
0.27588
0.14736
0.27704
0.20960
0.25503
0.26791
0.14850
0.10608
0.23229
0.26002
0.36256
0.29319
0.28475
0.24469
0.24547
0.27234
0.26115
0.25049
0.09961
0.11755
0.14630
0.25229
0.11808
0.09444
0.21129
0.14494
0.24517
0.14495
0.19030
0.12018
0.28057
0.26689
0.24557
0.23322
0.31159
0.16653
0.13922
0.31251
0.10462
0.22441
0.08472
0.10410
0.18697
0.06481
0.26518
0.30963
0.05997
0.15008
0.19580
0.26930
0.10780
0.05662
0.11261
0.07910
0.08608
0.10462
0.18099
0.11239
0.26147
0.23514
0.18435
0.12480
0.20003
0.30933
0.18306
0.26437
0.35566
0.16426
0.30102
0.29766
0.26036
0.29422
0.28769
0.20585
0.35728
0.22784
0.24258
0.24464
0.24580
0.27549
0.18890
0.36825
0.33687
0.27927
0.23781
0.25105
0.24182
0.34642
0.25006
0.19724
0.32222
0.34255
0.20819
0.23038
0.32530
0.26642
0.25690
0.25884
0.25184
0.32299
0.19985
0.20225
0.35442
0.23928
0.20985
0.30301
0.16334
0.29459
0.35535
0.28306
0.27301
0.28196
0.26673
0.23481
0.26634
0.34636
0.15588
0.26263
0.33032
0.23577
0.27795
0.29889
0.18126
0.27920
0.25289
0.28839
0.31732
0.29976
0.25086
0.21297
0.29084
0.36190
0.18274
0.28079
0.19524
0.16873
0.23621
0.35359
0.30830
0.34005
0.16714
0.35610
0.26660
0.26951
0.37696
0.31282
0.29103
0.29412
0.24033
0.27865
0.20278
0.36195
0.26606
0.22990
0.15124
0.30954
0.22396
0.25457
0.29120
0.25440
0.35984
0.32748
0.22262
0.32291
0.31757
0.17924
0.14912
0.26597
0.20714
0.20540
0.17913
0.29531
0.35596
0.23218
0.24413
0.24280
0.28470
0.21811
0.27812
0.22161
0.25443
0.19682
0.29242
0.25545
0.23012
0.19400
0.34146
0.30036
0.15878
0.29577
0.32759
0.26422
0.33961
0.31660
0.23557
0.23323
0.21477
0.29430
0.30452
0.25090
0.25632
0.25607
0.16512
0.29507
0.21922
0.24966
0.24947
0.24631
0.31170
0.28976
0.20290
0.22458
0.28734
0.21754
0.26059
0.19472
0.23876
0.23881
0.24060
0.17861
0.29871
0.33322
0.32558
0.21167
0.17965
0.33842
0.21766
0.19211
0.20623
0.30704
0.30265
0.17766
0.18354
0.28784
0.26819
0.17445
0.15236
0.23017
0.25559
0.17310
0.26346
0.23532
0.28757
0.18245
0.20162
0.28693
0.26690
0.19600
0.29447
0.28169
0.27613
0.36690
0.19626
0.30405
0.23622
0.36869
0.30934
0.23324
0.27518
0.26292
0.27577
0.21526
0.31735
0.28887
0.23592
0.29347
0.29716
0.35164
0.26920
0.30184
0.22873
0.35004
0.20382
0.24385
0.22158
0.23429
0.27471
0.25693
0.23394
0.20369
0.25253
0.30930
0.19188
0.31490
0.26623
0.23474
0.29534
0.29823
0.30683
0.15103
0.19581
0.32914
0.34369
0.22868
0.25224
0.28198
0.26721
0.22452
0.18176
0.30405
0.27211
0.24520
0.25279
0.20942
0.27205
0.32010
0.26340
0.24895
0.18784
0.34375
0.26398
0.18111
0.20894
0.28660
0.28259
0.26446
0.26264
0.24432
0.33906
0.36525
0.15951
0.23991
0.31730
0.27803
0.23835
0.28935
0.33879
0.26400
0.19140
0.19355
0.21981
0.25085
0.36618
0.29912
0.29699
0.26236
0.23988
0.25154
0.30405
0.29097
0.17136
0.33750
0.22004
0.25338
0.34384
0.29552
0.22081
0.23267
0.20632
0.30891
0.32128
0.34084
0.25766
0.27986
0.21158
0.28237
0.32210
0.12398
0.22733
0.21732
0.21171
0.23460
0.24496
0.24883
0.25953
0.23156
0.21304
0.20600
0.25845
0.35040
0.23200
0.23746
0.19714
0.30914
0.24730
0.22397
0.14936
0.33555
0.29806
0.32594
0.25228
0.22161
0.26086
0.26016
0.20033
0.27564
0.17611
0.32352
0.25812
0.34440
0.29196
0.30697
0.35369
0.28609
0.21279
0.26878
0.17554
0.21235
0.26837
0.19961
0.27077
0.32163
0.25240
0.30219
0.38681
0.31517
0.33582
0.27683
0.30064
0.30312
0.35925
0.23257
0.28212
0.32902
0.32897
0.27222
0.34713
0.38468
0.24007
0.22961
0.32794
0.21731
0.32290
0.32377
0.25522
0.24393
0.34528
0.23715
0.23636
0.32291
0.22321
0.22590
0.20933
0.23319
0.27232
0.29635
0.29683
0.28738
0.24721
0.29047
0.27134
0.26936
0.24302
0.28346
0.14684
0.35390
0.31848
0.34910
0.30099
0.32339
0.38126
0.36127
0.27487
0.19763
0.27628
0.38687
0.27786
0.19630
0.30738
0.37283
0.24687
0.23773
0.33082
0.19548
0.27612
0.26705
0.34163
0.36170
0.40654
0.29412
0.29976
0.27545
0.37487
0.28792
0.27518
0.29839
0.34809
0.29362
0.16439
0.31803
0.42038
0.25185
0.38752
0.40258
0.22265
0.30622
0.31120
0.32069
0.30207
0.22981
0.26494
0.20983
0.29446
0.28047
0.31329
0.29707
0.36965
0.29440
0.26103
0.27118
0.25004
0.25056
0.37011
0.25692
0.12718
0.34773
0.21027
0.19380
0.37556
0.17856
0.23254
0.23404
0.26773
0.24352
0.42575
0.19274
0.31636
0.36945
0.25185
0.25372
0.24993
0.25304
0.21775
0.34923
0.20464
0.36603
0.35056
0.25462
0.25860
0.24042
0.35574
0.26699
0.21304
0.33320
0.42092
0.29507
0.29765
0.35765
0.35498
0.22549
0.28289
0.29259
0.38821
0.21135
0.23813
0.22717
0.38203
0.26538
0.23838
0.26893
0.31931
0.35276
0.23794
0.29543
0.32505
0.31625
0.28592
0.26758
0.40423
0.26367
0.25672
0.29890
0.28515
0.32356
0.26816
0.31202
0.23560
0.34840
0.26895
0.26200
0.31378
0.29344
0.23875
0.27618
0.15076
0.31362
0.22556
0.12410
0.22340
0.25907
0.24402
0.29072
0.19847
0.22785
0.30325
0.21491
0.06813
0.24185
0.02604
0.29386
0.22751
0.16905
0.27899
0.11775
0.10077
0.20458
0.24837
0.10231
0.13325
0.24963
0.25045
0.14701
0.20695
0.26356
0.10592
0.34507
0.22999
0.04314
0.11596
0.16872
0.27843
0.15360
0.25660
0.24683
0.31612
0.03886
0.19024
0.07343
0.15877
0.30283
0.09800
0.16298
0.19284
0.29902
0.19885
0.29259
0.21260
0.13046
0.28028
0.08240
0.10723
0.29958
0.18068
0.26591
0.08556
0.11097
0.17533
0.22364
0.28901
0.25855
0.09110
0.05968
0.15506
0.20866
0.18052
0.22215
0.12190
0.24219
0.20208
0.14084
0.28999
0.31281
0.10826
0.15018
0.16566
0.07295
0.06559
0.22497
0.20089
0.18499
0.19433
0.27049
0.19783
0.35429
0.27690
0.25759
0.16737
0.21474
0.17684
0.05576
0.25052
0.09859
0.08072
0.21812
0.22076
0.21837
0.25317
0.09291
0.03585
0.14713
0.25925
0.25716
0.33648
0.15299
0.21099
0.32753
0.16364
0.28036
0.13166
0.06114
0.07636
0.19633
0.09704
0.17476
0.26617
0.27004
0.14472
0.16400
0.01308
0.11006
0.12338
0.26644
