0.20593
0.12859
0.10467
0.26128
0.11323
0.17134
0.20475
0.15904
0.19383
0.08569
0.22902
0.12539
0.20925
0.13390
0.18719
0.22146
0.15350
0.15955
0.09473
0.16450
0.31520
0.20157
0.18210
0.12532
0.27692
0.19102
0.15461
0.23377
0.13393
0.17972
0.17406
0.28250
0.22387
0.10378
0.18810
0.11423
0.16561
0.16316
0.22551
0.23382
0.26603
0.29592
0.13449
0.18113
0.28813
0.21639
0.16849
0.26086
0.20202
0.17702
0.11133
0.18256
0.17048
0.30624
0.10945
0.22093
0.23576
0.17026
0.15183
0.13761
0.26863
0.31015
0.16241
0.19877
0.27120
0.30153
0.12321
0.17052
0.16596
0.10725
0.16953
0.34437
0.32955
0.22832
0.23718
0.19033
0.15948
0.05706
0.21084
0.15734
0.30322
0.23922
0.30711
0.27021
0.27652
0.34398
0.10044
0.13501
0.20162
0.24698
0.32724
0.22178
0.11470
0.27953
0.11940
0.20997
0.21649
0.22853
0.18087
0.19929
0.11948
0.21272
0.13898
0.18391
0.23609
0.26414
0.18746
0.21730
0.23061
0.29802
0.09871
0.25399
0.18212
0.24348
0.16328
0.19468
0.26141
0.14634
0.12077
0.20039
0.22818
0.13237
0.31438
0.07232
0.15039
0.17805
0.28396
0.27212
0.19599
0.25615
0.14950
0.15429
0.28052
0.33840
0.11608
0.20096
0.12745
0.29107
0.26008
0.07384
0.19686
0.07002
0.29968
0.21518
0.19943
0.26213
0.11084
0.35845
0.21364
0.10780
0.22524
0.25686
0.13240
0.32247
0.32264
0.33082
0.17824
0.15093
0.18670
0.25155
0.28768
0.28226
0.28181
0.31403
0.09731
0.19038
0.28564
0.26618
0.16084
0.28217
0.11506
0.25859
0.21900
0.09681
0.14660
0.22435
0.11623
0.13138
0.20718
0.27734
0.14479
0.11541
0.24704
0.20048
0.13878
0.20224
0.25190
0.25678
0.24356
0.23981
0.17688
0.10194
0.08635
0.14315
0.19667
0.23849
0.24199
0.16995
0.13226
0.27967
0.24245
0.12956
0.19784
0.13981
0.09910
0.24822
0.14724
0.26551
0.29175
0.17872
0.24504
0.24586
0.19122
0.25829
0.24747
0.26211
0.19129
0.29625
0.23835
0.34622
0.12168
0.21883
0.09646
0.12939
0.14864
0.14427
0.20435
0.23786
0.21716
0.11077
0.25508
0.16014
0.23194
0.15022
0.10326
0.26154
0.11613
0.10499
0.14897
0.25957
0.09855
0.28783
0.15243
0.11716
0.17995
0.22001
0.11868
0.11434
0.15139
0.13708
0.11398
0.20441
0.17515
0.29757
0.12372
0.19493
0.21726
0.14125
0.10990
0.15569
0.20480
0.19614
0.22631
0.21326
0.14361
0.24284
0.28235
0.11447
0.20803
0.14065
0.16659
0.14978
0.10693
0.08222
0.36119
0.20131
0.09726
0.22179
0.17853
0.11450
0.16848
0.33030
0.13963
0.13450
0.30024
0.13390
0.21016
0.22053
0.22042
0.19562
0.14478
0.10488
0.23906
0.24314
0.19291
0.10334
0.22093
0.20004
0.19039
0.21994
0.34238
0.26738
0.26289
0.16933
0.15327
0.29673
0.32732
0.34398
0.05704
0.26227
0.14444
0.29292
0.19730
0.14414
0.19358
0.17489
0.10481
0.27017
0.23587
0.12923
0.16438
0.12048
0.26981
0.18492
0.26216
0.21512
0.24435
0.25099
0.19106
0.10551
0.29144
0.26019
0.36018
0.24657
0.32000
0.24056
0.26641
0.30706
0.27393
0.25563
0.08893
0.14961
0.18857
0.26254
0.12505
0.16986
0.23688
0.20238
0.26162
0.14393
0.20460
0.19228
0.29778
0.25181
0.25741
0.22465
0.29939
0.17945
0.19995
0.32984
0.12710
0.22509
0.10668
0.19132
0.23287
0.12020
0.25932
0.30728
0.11052
0.12116
0.19435
0.23554
0.12245
0.12251
0.09884
0.10959
0.13189
0.15681
0.18434
0.16559
0.27562
0.22171
0.18597
0.16049
0.20995
0.30200
0.22700
0.29262
0.36048
0.16359
0.29689
0.31399
0.27819
0.29934
0.28897
0.25421
0.36168
0.25042
0.25264
0.25311
0.23851
0.27930
0.19895
0.37486
0.34409
0.27606
0.24562
0.26027
0.23855
0.35122
0.29047
0.22744
0.31330
0.32983
0.23724
0.23402
0.32681
0.27409
0.25228
0.26177
0.26886
0.30342
0.26668
0.21836
0.35163
0.27013
0.26103
0.32804
0.16229
0.31309
0.35614
0.29910
0.26750
0.28807
0.24862
0.25211
0.28074
0.35435
0.20994
0.25748
0.34083
0.23999
0.26750
0.31104
0.20280
0.29073
0.27276
0.28345
0.31785
0.28934
0.26442
0.19205
0.30185
0.37425
0.15371
0.28755
0.22369
0.20454
0.18984
0.36420
0.31577
0.33663
0.16206
0.36702
0.27384
0.28618
0.38731
0.31784
0.28132
0.29759
0.23980
0.28370
0.19160
0.36518
0.28280
0.22168
0.15355
0.32070
0.21899
0.25938
0.28973
0.26490
0.35106
0.33872
0.21221
0.32705
0.33170
0.18335
0.18231
0.25703
0.18540
0.18742
0.16252
0.30155
0.35519
0.25210
0.25764
0.24194
0.26630
0.21972
0.27636
0.26536
0.26645
0.21635
0.28803
0.28028
0.23705
0.17699
0.35661
0.29869
0.22243
0.33699
0.32807
0.26596
0.36111
0.31538
0.24182
0.28546
0.22962
0.30530
0.30754
0.28609
0.28864
0.27029
0.16624
0.32795
0.24734
0.28202
0.25067
0.28963
0.29127
0.29099
0.21491
0.22503
0.30481
0.22673
0.24800
0.19590
0.26551
0.24081
0.22025
0.20407
0.31073
0.32745
0.32970
0.25254
0.22207
0.33476
0.20026
0.21872
0.23642
0.29941
0.32195
0.15081
0.18683
0.27991
0.26061
0.21296
0.16017
0.23299
0.26369
0.23034
0.23809
0.24728
0.29648
0.16808
0.24554
0.28751
0.28847
0.20872
0.29405
0.29197
0.25098
0.37132
0.18737
0.30881
0.23423
0.37808
0.31548
0.26509
0.27863
0.26183
0.28907
0.18625
0.32888
0.27561
0.26017
0.28921
0.27045
0.35540
0.24668
0.30980
0.25274
0.35573
0.22458
0.26172
0.22805
0.26212
0.28483
0.25541
0.21919
0.23712
0.27256
0.32723
0.20683
0.33530
0.25775
0.26303
0.29678
0.28428
0.30568
0.14766
0.23211
0.33530
0.33325
0.23020
0.29814
0.27442
0.28806
0.23375
0.22011
0.30275
0.28939
0.27578
0.24427
0.17323
0.28090
0.31804
0.27099
0.25377
0.23018
0.33015
0.29584
0.20589
0.21953
0.29404
0.28122
0.29106
0.26927
0.25905
0.34645
0.36855
0.15372
0.25468
0.33110
0.26876
0.27333
0.31815
0.34350
0.24571
0.19852
0.19004
0.24236
0.27283
0.35922
0.30004
0.30591
0.27302
0.24570
0.27061
0.31390
0.28759
0.17818
0.33711
0.20941
0.22968
0.34686
0.30849
0.27065
0.24672
0.25321
0.28675
0.31423
0.34506
0.24789
0.27514
0.22941
0.29486
0.32970
0.12206
0.27268
0.21384
0.22264
0.27689
0.23467
0.26351
0.25268
0.25343
0.25771
0.24984
0.25488
0.35281
0.28176
0.26265
0.19104
0.30058
0.25328
0.22735
0.21086
0.34921
0.29827
0.34330
0.25971
0.25002
0.28191
0.21838
0.22205
0.28981
0.19351
0.34095
0.23740
0.33032
0.28576
0.31360
0.35554
0.28882
0.24303
0.28901
0.18269
0.23670
0.26797
0.24038
0.30814
0.31741
0.28654
0.31282
0.39184
0.33229
0.32781
0.27978
0.32041
0.30155
0.36952
0.26728
0.27598
0.33357
0.31336
0.26827
0.34284
0.40225
0.24483
0.25128
0.32397
0.24778
0.32378
0.33711
0.24725
0.23577
0.36051
0.23857
0.27037
0.31765
0.24887
0.26540
0.24212
0.25146
0.29738
0.29441
0.30959
0.30520
0.25376
0.29400
0.28858
0.26623
0.25977
0.27923
0.14707
0.33812
0.32355
0.37610
0.31163
0.33404
0.37655
0.39965
0.24679
0.21421
0.29140
0.39972
0.26667
0.21886
0.29214
0.35543
0.25422
0.23296
0.33189
0.25422
0.28633
0.24184
0.33099
0.37145
0.43360
0.34057
0.28515
0.25697
0.38796
0.32781
0.29333
0.27472
0.38629
0.26592
0.18403
0.32956
0.46049
0.28555
0.41925
0.38115
0.24080
0.27641
0.33949
0.29972
0.31906
0.22784
0.27733
0.22758
0.30194
0.29346
0.30401
0.32674
0.37738
0.26808
0.27574
0.28211
0.19606
0.25220
0.37155
0.24704
0.14968
0.35037
0.17339
0.18523
0.41722
0.17050
0.25054
0.25871
0.27495
0.24263
0.46791
0.19996
0.31136
0.39705
0.25941
0.20913
0.23897
0.27595
0.22730
0.36780
0.20841
0.38349
0.34398
0.25677
0.23480
0.23922
0.35082
0.28731
0.23119
0.35847
0.43737
0.33790
0.31496
0.35734
0.37334
0.22422
0.29645
0.29061
0.40040
0.21564
0.24889
0.23764
0.35695
0.27149
0.24420
0.24403
0.34311
0.37348
0.22663
0.29085
0.36312
0.30434
0.31038
0.21666
0.39270
0.30213
0.29791
0.28187
0.29924
0.35482
0.27117
0.30469
0.25165
0.33156
0.27500
0.24037
0.32562
0.29764
0.22996
0.28105
0.18638
0.32349
0.19474
0.06274
0.18245
0.24527
0.24490
0.24064
0.19195
0.26766
0.35687
0.22464
0.08642
0.20351
0.06761
0.26508
0.24022
0.18242
0.31939
0.15234
0.17845
0.21001
0.19460
0.10068
0.14280
0.22228
0.26727
0.15886
0.23349
0.26768
0.14802
0.33607
0.23974
0.11309
0.11216
0.11878
0.24973
0.20511
0.23116
0.15182
0.26484
0.09407
0.12337
0.09080
0.15251
0.30990
0.11767
0.22898
0.23484
0.29956
0.19928
0.27906
0.22861
0.09739
0.25447
0.08651
0.07950
0.27642
0.18022
0.32219
0.12380
0.10554
0.22697
0.21812
0.26975
0.25973
0.08110
0.08031
0.19834
0.21767
0.22744
0.22757
0.14997
0.31432
0.20600
0.16715
0.26919
0.29014
0.12557
0.22213
0.17000
0.09320
0.07619
0.22757
0.19235
0.17676
0.27344
0.24685
0.20519
0.32627
0.28218
0.25819
0.26141
0.20537
0.23973
0.07018
0.20988
0.15959
0.12171
0.21152
0.21923
0.27567
0.23366
0.06864
0.11900
0.19775
0.22186
0.23417
0.32558
0.20782
0.29058
0.32412
0.17376
0.21463
0.17465
0.05081
0.03963
0.18410
0.11122
0.11269
0.23330
0.30041
0.10353
0.12776
0.08749
0.18337
0.18596
0.25076
