0.08427
0.10557
0.06516
0.25166
0.08494
0.12939
0.22774
0.11949
0.18897
0.03283
0.14284
0.12057
0.12185
0.10715
0.07593
0.22603
0.11358
0.09908
0.08230
0.13195
0.28585
0.10895
0.15711
0.07632
0.23928
0.11490
0.08677
0.20094
0.12207
0.12366
0.13958
0.21036
0.11924
0.09243
0.07340
0.09175
0.13118
0.05826
0.07193
0.12644
0.24604
0.24806
0.08863
0.11952
0.29814
0.19576
0.13912
0.23118
0.17832
0.13484
0.09682
0.15636
0.11072
0.25609
0.11176
0.23696
0.18956
0.12425
0.06836
0.06490
0.23473
0.27962
0.11524
0.21157
0.28872
0.35023
0.04282
0.16883
0.07046
0.02986
0.10071
0.32901
0.24706
0.16414
0.22784
0.09445
0.05681
0.04605
0.16932
0.17571
0.29419
0.12430
0.34189
0.24798
0.23004
0.31349
0.09019
0.06606
0.12930
0.27674
0.31814
0.19498
0.03770
0.24769
0.05976
0.14261
0.17690
0.18962
0.18361
0.15202
0.09566
0.15623
0.09625
0.12657
0.16259
0.29899
0.14714
0.14491
0.10541
0.29689
0.02107
0.25544
0.06086
0.22726
0.10903
0.13472
0.25581
0.04933
0.09795
0.14702
0.22873
0.07151
0.28397
0.01846
0.06459
0.10572
0.26868
0.24088
0.12432
0.24800
0.08816
0.08507
0.27877
0.31717
0.10002
0.10965
0.03311
0.28864
0.29248
0.06523
0.14527
0.02313
0.27377
0.12660
0.10560
0.30156
0.04853
0.34700
0.13815
0.09302
0.15474
0.25473
0.10231
0.29204
0.26862
0.31427
0.07767
0.14899
0.15747
0.13579
0.22998
0.22349
0.25012
0.29050
0.08951
0.11417
0.19075
0.26407
0.06185
0.27056
0.02643
0.19790
0.15050
0.03765
0.07900
0.19413
0.04967
0.06563
0.17197
0.27964
0.09492
0.09334
0.13729
0.14609
0.08613
0.15109
0.20976
0.26032
0.24932
0.15614
0.09089
0.02521
0.04317
0.18768
0.12073
0.21749
0.13528
0.17154
0.09203
0.27151
0.17968
0.06597
0.16321
0.12500
0.05515
0.18192
0.05546
0.17358
0.21996
0.06407
0.26687
0.17994
0.08722
0.24872
0.22746
0.25822
0.11471
0.19002
0.20467
0.32518
0.08436
0.14709
0.07591
0.07497
0.07816
0.05542
0.09568
0.16834
0.15967
0.02693
0.22453
0.09021
0.22203
0.09540
0.08505
0.23130
0.10587
0.02413
0.09534
0.25760
0.06888
0.25312
0.11072
0.11138
0.12382
0.18726
0.11593
0.04112
0.07001
0.11165
0.09459
0.11087
0.12588
0.21173
0.14273
0.15457
0.19310
0.06367
0.06705
0.13990
0.20700
0.14972
0.24241
0.13603
0.11761
0.18693
0.28752
0.08682
0.17137
0.03572
0.10156
0.11479
0.05242
0.04391
0.34368
0.13152
0.04871
0.20735
0.14498
0.05230
0.11394
0.31366
0.12160
0.10082
0.29727
0.11759
0.13600
0.13909
0.16602
0.12334
0.07058
0.04926
0.14975
0.19762
0.14526
0.09509
0.14640
0.11256
0.18529
0.13608
0.32402
0.26148
0.29858
0.12469
0.07926
0.27679
0.26718
0.32631
0.02445
0.25028
0.10942
0.25164
0.09563
0.07384
0.15580
0.08329
0.07826
0.13616
0.22192
0.05519
0.08112
0.01979
0.25314
0.16162
0.27079
0.11345
0.20900
0.23017
0.13236
0.03694
0.21317
0.20336
0.33637
0.20727
0.28593
0.21696
0.23457
0.25261
0.28034
0.25052
0.06783
0.04498
0.10376
0.24844
0.05416
0.06987
0.19253
0.08443
0.22095
0.09133
0.16863
0.08705
0.26743
0.20638
0.23428
0.19276
0.29152
0.11407
0.13552
0.28130
0.09477
0.20933
0.03816
0.07546
0.19551
0.09229
0.25309
0.26939
0.05083
0.05757
0.13000
0.28140
0.09994
0.06074
0.06701
0.06573
0.04842
0.09323
0.15545
0.06096
0.26069
0.17154
0.18444
0.08667
0.16201
0.29759
0.21220
0.29182
0.34671
0.19032
0.27428
0.31548
0.31992
0.33695
0.28486
0.27400
0.35344
0.29847
0.25649
0.27489
0.23284
0.32031
0.19718
0.37003
0.32397
0.25917
0.27509
0.26090
0.28352
0.35012
0.31024
0.26638
0.31564
0.33472
0.25578
0.26965
0.31448
0.27480
0.25718
0.26823
0.30627
0.30583
0.29332
0.24936
0.34066
0.28223
0.28215
0.32354
0.19919
0.31836
0.35226
0.29609
0.32380
0.32602
0.30594
0.23938
0.31465
0.32626
0.24398
0.31492
0.32947
0.27740
0.29393
0.29774
0.21345
0.31641
0.26823
0.28779
0.31599
0.27849
0.28914
0.18062
0.28583
0.35888
0.13212
0.28817
0.24635
0.21276
0.21499
0.37207
0.30187
0.31814
0.17429
0.34797
0.27209
0.28889
0.37966
0.29971
0.31776
0.30102
0.25182
0.28305
0.19355
0.34878
0.30886
0.26478
0.19964
0.35104
0.21750
0.26794
0.29163
0.27345
0.34744
0.30721
0.21394
0.31030
0.32194
0.15641
0.20298
0.31775
0.20391
0.16138
0.14647
0.30645
0.34569
0.30911
0.28897
0.24699
0.31405
0.22928
0.32335
0.29301
0.30524
0.19893
0.27815
0.31463
0.20592
0.19095
0.36737
0.27771
0.20936
0.31834
0.30521
0.25429
0.37780
0.29745
0.23667
0.29412
0.19610
0.29248
0.32144
0.30986
0.27374
0.22898
0.15947
0.34193
0.21257
0.30511
0.21677
0.31916
0.34217
0.27844
0.20884
0.22486
0.29939
0.22040
0.31868
0.18619
0.26583
0.23493
0.22011
0.22447
0.31449
0.32390
0.31576
0.26341
0.20077
0.32953
0.20386
0.22005
0.22417
0.30197
0.31655
0.16640
0.19144
0.28573
0.29267
0.24997
0.15974
0.17394
0.28074
0.23279
0.24481
0.27571
0.32254
0.17999
0.26023
0.25607
0.30315
0.19189
0.31236
0.26929
0.25043
0.38425
0.19466
0.31120
0.24010
0.36149
0.31172
0.27604
0.27496
0.31455
0.28030
0.17734
0.32495
0.29805
0.27612
0.27495
0.28731
0.33644
0.24717
0.28216
0.22052
0.34735
0.27139
0.30447
0.21003
0.28976
0.29290
0.27039
0.23209
0.27707
0.24483
0.32847
0.22086
0.33704
0.24044
0.30041
0.28337
0.27957
0.29640
0.15599
0.26529
0.32764
0.32637
0.28057
0.29611
0.31860
0.26871
0.27176
0.24642
0.31203
0.31456
0.28544
0.22512
0.17274
0.32144
0.31478
0.27089
0.27702
0.25744
0.34262
0.29779
0.20293
0.20662
0.28162
0.29563
0.31156
0.28101
0.23768
0.35120
0.35722
0.14340
0.23294
0.31874
0.27503
0.29570
0.32325
0.33922
0.23656
0.20444
0.20004
0.28387
0.29771
0.36522
0.30642
0.29780
0.29790
0.24813
0.26568
0.30258
0.27416
0.17528
0.33185
0.24446
0.22284
0.33218
0.31599
0.29434
0.22126
0.28014
0.28413
0.35738
0.34008
0.25033
0.27292
0.18443
0.32868
0.31519
0.14281
0.30401
0.19591
0.27087
0.30485
0.23714
0.28461
0.23877
0.27739
0.23771
0.26521
0.25034
0.34945
0.28183
0.28642
0.21191
0.30142
0.25210
0.25713
0.22996
0.34441
0.27722
0.33300
0.25324
0.28057
0.30113
0.26617
0.25875
0.27957
0.17659
0.33038
0.26279
0.33125
0.28013
0.30624
0.35015
0.29658
0.27402
0.31326
0.19409
0.22724
0.31015
0.25495
0.31161
0.30886
0.29948
0.34080
0.39387
0.31139
0.32786
0.27019
0.31070
0.28683
0.36576
0.28315
0.27138
0.32290
0.31925
0.31558
0.32158
0.39161
0.20104
0.29400
0.32670
0.24750
0.32545
0.33846
0.23973
0.24931
0.33091
0.24003
0.28817
0.30576
0.30137
0.27142
0.28015
0.28936
0.27606
0.28549
0.33595
0.29555
0.28174
0.32614
0.28684
0.33455
0.29276
0.30959
0.14159
0.32957
0.34353
0.35604
0.32112
0.32419
0.37835
0.38403
0.29215
0.18180
0.30014
0.39560
0.29145
0.21848
0.30638
0.34854
0.23735
0.26614
0.34008
0.24929
0.28279
0.25166
0.33752
0.36162
0.41651
0.32042
0.28904
0.26314
0.38314
0.29158
0.28279
0.30499
0.36249
0.26516
0.16450
0.32111
0.47336
0.25220
0.42565
0.39128
0.22545
0.30637
0.35887
0.32925
0.30880
0.24552
0.27809
0.20553
0.29877
0.28036
0.32170
0.31971
0.39558
0.29486
0.28799
0.25171
0.21052
0.25727
0.36162
0.23306
0.12463
0.34202
0.15146
0.19625
0.41325
0.15591
0.26829
0.19154
0.26746
0.22341
0.45100
0.18715
0.32400
0.38721
0.23885
0.17977
0.21297
0.25496
0.17246
0.36444
0.18177
0.36673
0.34597
0.26708
0.27265
0.26294
0.34466
0.29868
0.21738
0.33784
0.42677
0.31151
0.28719
0.35853
0.36254
0.22609
0.24016
0.28765
0.38855
0.21992
0.22487
0.20210
0.37212
0.27169
0.26008
0.28368
0.31686
0.37212
0.24670
0.30013
0.33731
0.29536
0.28903
0.25452
0.38435
0.29963
0.26624
0.30530
0.32239
0.33625
0.26561
0.30315
0.24320
0.33748
0.26166
0.25860
0.33205
0.29247
0.23417
0.28657
0.20898
0.33356
0.20973
0.04313
0.18625
0.19802
0.12234
0.29693
0.16072
0.28832
0.34076
0.29801
0.11021
0.12558
0.04269
0.28195
0.18454
0.15020
0.30446
0.02387
0.16554
0.15192
0.19234
0.08147
0.14114
0.18936
0.31539
0.19959
0.21137
0.23295
0.02644
0.34743
0.22581
0.03116
0.09297
0.14317
0.29469
0.10567
0.22308
0.22231
0.27025
0.05235
0.06080
0.05215
0.03831
0.22170
0.12552
0.10023
0.15415
0.31302
0.09615
0.28595
0.22749
0.03893
0.30016
0.08237
0.03331
0.29261
0.19396
0.20558
0.06656
0.09779
0.22183
0.18231
0.28722
0.21720
0.00764
0.07301
0.17844
0.19624
0.15840
0.20154
0.08674
0.26348
0.16430
0.14296
0.28923
0.28660
0.06938
0.14899
0.16317
0.06851
0.03460
0.21928
0.14192
0.21000
0.21211
0.27576
0.20172
0.31935
0.22555
0.21967
0.18543
0.20827
0.12980
0.01357
0.25024
0.09249
0.02590
0.17792
0.24281
0.29040
0.24322
0.04026
0.06519
0.11226
0.16900
0.19780
0.27257
0.12155
0.22942
0.30965
0.10709
0.21412
0.15552
0.03148
0.03116
0.18294
0.03731
0.06251
0.26781
0.31465
0.05578
0.10712
0.02747
0.05894
0.05738
0.25547
