0.07113
0.10708
0.04413
0.24062
0.08150
0.13544
0.22553
0.13150
0.13980
0.05717
0.19203
0.14611
0.12692
0.11750
0.14849
0.23025
0.14954
0.12453
0.07005
0.13533
0.28628
0.11081
0.13176
0.04746
0.19284
0.14177
0.15094
0.21141
0.07641
0.11406
0.15521
0.18016
0.16336
0.10718
0.08622
0.09193
0.14597
0.09750
0.09478
0.14133
0.25577
0.21423
0.07937
0.10874
0.26663
0.23176
0.11115
0.22790
0.19926
0.16126
0.09666
0.10304
0.12471
0.25317
0.09439
0.21901
0.19662
0.11985
0.13182
0.08523
0.29463
0.27995
0.10908
0.21168
0.29752
0.31030
0.06669
0.17395
0.11070
0.04383
0.13358
0.29289
0.23080
0.19477
0.26664
0.11461
0.09523
0.04253
0.23622
0.16407
0.29393
0.13761
0.29889
0.28383
0.19715
0.35676
0.09485
0.06294
0.10510
0.22864
0.32311
0.18598
0.06063
0.24657
0.06772
0.12963
0.19861
0.24655
0.20253
0.11824
0.09500
0.18343
0.11533
0.11936
0.21004
0.31153
0.10950
0.15879
0.20523
0.30493
0.03094
0.23746
0.07156
0.24812
0.11453
0.10806
0.28170
0.05302
0.08931
0.17633
0.20519
0.06185
0.22359
0.05608
0.08228
0.10938
0.29686
0.26025
0.15422
0.24376
0.09637
0.10722
0.28376
0.31364
0.09894
0.10057
0.06877
0.28808
0.26320
0.03986
0.16788
0.04123
0.28488
0.17827
0.15257
0.22364
0.06250
0.32571
0.17281
0.08666
0.15363
0.24278
0.10851
0.31203
0.30595
0.34463
0.08571
0.11428
0.13805
0.21508
0.21060
0.25263
0.27631
0.31347
0.09079
0.09549
0.28653
0.27722
0.03946
0.21424
0.06391
0.21113
0.23650
0.02814
0.07911
0.19610
0.07238
0.05567
0.17280
0.30394
0.06667
0.11035
0.21333
0.15919
0.07522
0.15629
0.22832
0.23152
0.23911
0.17710
0.10639
0.09092
0.02158
0.16257
0.14264
0.22405
0.15492
0.15849
0.08913
0.27394
0.23015
0.07122
0.16124
0.16446
0.03522
0.19765
0.11200
0.21709
0.25833
0.09375
0.23929
0.23688
0.10335
0.25927
0.26663
0.24655
0.12729
0.21525
0.20744
0.34259
0.09871
0.20671
0.10034
0.08381
0.06121
0.04057
0.19788
0.16709
0.15996
0.07066
0.25209
0.05679
0.20245
0.11237
0.04553
0.24168
0.12051
0.04116
0.10762
0.25805
0.09134
0.29767
0.11235
0.12151
0.13952
0.19329
0.10679
0.04449
0.11081
0.10285
0.10721
0.07921
0.09335
0.22135
0.13569
0.15997
0.18073
0.05629
0.05909
0.13365
0.20263
0.14535
0.20656
0.18460
0.12715
0.22573
0.26873
0.09184
0.16388
0.05195
0.07091
0.12715
0.05625
0.03429
0.35148
0.12509
0.06039
0.14289
0.16967
0.09748
0.13077
0.31661
0.10659
0.06849
0.30480
0.11458
0.18075
0.21930
0.17722
0.16041
0.09467
0.06685
0.17946
0.21737
0.14322
0.10305
0.18376
0.15225
0.15806
0.11330
0.32512
0.29622
0.26299
0.13257
0.10808
0.29298
0.28172
0.32614
0.03407
0.28676
0.12612
0.27635
0.12824
0.05132
0.13589
0.12872
0.10160
0.18643
0.21930
0.03564
0.08526
0.07939
0.30011
0.16572
0.19601
0.17583
0.21639
0.22143
0.10439
0.04211
0.24119
0.27122
0.34012
0.17849
0.31439
0.22911
0.22890
0.28523
0.27528
0.25172
0.06803
0.07260
0.10848
0.21112
0.03718
0.04224
0.15708
0.11944
0.23669
0.12496
0.18603
0.12248
0.29454
0.27827
0.23025
0.17690
0.29795
0.14030
0.12561
0.34526
0.04961
0.24153
0.07449
0.09661
0.15316
0.08069
0.23305
0.34073
0.08084
0.07228
0.12839
0.27436
0.12141
0.04680
0.03900
0.05076
0.08193
0.07817
0.20041
0.07401
0.26237
0.11783
0.17768
0.09084
0.14662
0.28788
0.21821
0.28891
0.34029
0.14961
0.30323
0.30618
0.31052
0.33234
0.26355
0.26739
0.33021
0.26141
0.25395
0.26676
0.20211
0.33098
0.18765
0.36662
0.30282
0.23916
0.27652
0.24477
0.29095
0.34125
0.31835
0.26849
0.28661
0.31916
0.24585
0.28029
0.30295
0.27099
0.22022
0.22713
0.32207
0.29872
0.26264
0.23319
0.33095
0.29455
0.25719
0.32571
0.19972
0.29422
0.34166
0.30033
0.31546
0.33721
0.29578
0.24342
0.29060
0.31561
0.22140
0.31816
0.30511
0.27571
0.31550
0.28552
0.20219
0.33142
0.23794
0.26465
0.29684
0.28733
0.29235
0.19357
0.27047
0.34026
0.14520
0.27905
0.22699
0.21408
0.18828
0.36625
0.29642
0.32306
0.16503
0.34016
0.26752
0.28382
0.36911
0.28957
0.31458
0.29203
0.25128
0.27584
0.17351
0.34160
0.31741
0.25457
0.16901
0.33930
0.20657
0.25833
0.28015
0.23357
0.33882
0.30773
0.21761
0.31229
0.29385
0.15893
0.19397
0.31495
0.17893
0.20205
0.16766
0.28734
0.32947
0.28887
0.30084
0.23894
0.31762
0.18991
0.31663
0.30773
0.29933
0.22897
0.27191
0.30527
0.23251
0.18706
0.36307
0.26176
0.21262
0.33127
0.30818
0.22940
0.37291
0.29860
0.22285
0.29923
0.21023
0.29757
0.31379
0.29153
0.24596
0.22132
0.16130
0.33036
0.22136
0.29127
0.23045
0.28614
0.33504
0.25896
0.18749
0.21321
0.26554
0.22048
0.31481
0.18370
0.24801
0.22624
0.21227
0.23936
0.31454
0.30737
0.30084
0.27333
0.24394
0.30881
0.19629
0.23538
0.20051
0.29130
0.30196
0.16624
0.18934
0.30174
0.30096
0.23332
0.15582
0.21698
0.27586
0.25935
0.23553
0.27694
0.32669
0.16739
0.25730
0.26954
0.31780
0.19298
0.31828
0.25498
0.24174
0.38807
0.18530
0.28833
0.22732
0.36494
0.29084
0.27037
0.27518
0.31269
0.27487
0.17965
0.31326
0.27773
0.29064
0.27752
0.27632
0.32739
0.23469
0.26431
0.23088
0.34532
0.25208
0.29643
0.23654
0.29782
0.26100
0.26032
0.21182
0.28559
0.24079
0.31158
0.22022
0.31175
0.23264
0.29029
0.26911
0.26747
0.27563
0.14620
0.26313
0.31387
0.30429
0.27463
0.30947
0.31957
0.25826
0.26139
0.22073
0.29148
0.30183
0.29380
0.24681
0.17749
0.31036
0.30294
0.25086
0.30357
0.22995
0.30996
0.29736
0.19407
0.21203
0.27239
0.28187
0.31777
0.25946
0.25061
0.34063
0.33744
0.15387
0.23973
0.32171
0.28544
0.29414
0.31110
0.33412
0.23163
0.21003
0.18119
0.27983
0.31435
0.33157
0.27817
0.28578
0.31238
0.23814
0.26911
0.29088
0.26576
0.17343
0.32594
0.23566
0.22784
0.33912
0.31437
0.28850
0.22632
0.25767
0.28608
0.34455
0.33720
0.25380
0.26110
0.19891
0.32477
0.29083
0.13907
0.28666
0.19787
0.25864
0.30777
0.21180
0.29500
0.25493
0.29530
0.21211
0.26097
0.21804
0.31710
0.28322
0.28624
0.20261
0.28703
0.24372
0.22540
0.21399
0.31432
0.28027
0.32913
0.24950
0.26578
0.31130
0.26337
0.26772
0.27342
0.17780
0.30832
0.25270
0.34065
0.24883
0.27903
0.34557
0.25604
0.29746
0.31711
0.19995
0.20968
0.31639
0.19455
0.31166
0.29624
0.27410
0.34168
0.36480
0.29557
0.29521
0.26387
0.29061
0.27653
0.34346
0.27160
0.26407
0.30255
0.31211
0.32286
0.32230
0.39260
0.22724
0.28753
0.32269
0.24580
0.30331
0.31859
0.23862
0.26802
0.32897
0.22865
0.28299
0.30693
0.27435
0.25122
0.24840
0.29506
0.27113
0.27321
0.33894
0.29282
0.26081
0.30716
0.28664
0.31046
0.30408
0.27760
0.14996
0.31039
0.33167
0.35808
0.33998
0.31653
0.38750
0.39270
0.28177
0.17767
0.32109
0.40939
0.26778
0.21848
0.33069
0.33105
0.24880
0.26285
0.32860
0.24836
0.27560
0.26244
0.33211
0.34011
0.40269
0.31339
0.30532
0.29245
0.34706
0.30582
0.29341
0.28704
0.34403
0.27891
0.20089
0.34005
0.43730
0.25843
0.37754
0.39530
0.21582
0.27364
0.36467
0.30714
0.31291
0.26257
0.27433
0.17647
0.26818
0.27081
0.30279
0.31056
0.36558
0.28111
0.30557
0.23529
0.21387
0.24625
0.39491
0.21591
0.11501
0.33493
0.17783
0.18992
0.38067
0.16219
0.23405
0.22981
0.28520
0.24094
0.44721
0.17783
0.33425
0.38726
0.25318
0.20564
0.26767
0.25588
0.21935
0.35336
0.17083
0.36090
0.35243
0.27814
0.22077
0.26110
0.35426
0.26454
0.21493
0.32418
0.43131
0.30131
0.30001
0.36059
0.36668
0.22369
0.24997
0.28652
0.40312
0.19383
0.24051
0.22834
0.36645
0.28621
0.25374
0.28870
0.31703
0.35076
0.25346
0.31959
0.34262
0.30330
0.29409
0.24827
0.36437
0.29975
0.24376
0.28944
0.29758
0.34224
0.26172
0.31076
0.24581
0.33294
0.26090
0.25747
0.32008
0.29618
0.21669
0.28758
0.20359
0.31968
0.23027
0.02345
0.11711
0.22352
0.22663
0.30120
0.20818
0.24176
0.33760
0.13809
0.04567
0.14720
0.03323
0.29333
0.21628
0.16102
0.28906
0.08708
0.16545
0.22699
0.21736
0.08414
0.07703
0.20860
0.30590
0.17939
0.21116
0.23841
0.03385
0.31213
0.24606
0.05825
0.06638
0.09706
0.24381
0.19543
0.16967
0.23428
0.24908
0.04756
0.02908
0.02763
0.06458
0.22396
0.04734
0.16370
0.21718
0.29892
0.10754
0.22861
0.21865
0.04435
0.28014
0.06876
0.08304
0.23698
0.20118
0.19224
0.04890
0.06972
0.22584
0.20873
0.25861
0.23633
0.02902
0.03442
0.17065
0.20752
0.12866
0.17948
0.09200
0.24560
0.16904
0.11588
0.25709
0.29690
0.11427
0.13944
0.14281
0.08041
0.04515
0.23702
0.09933
0.19358
0.26214
0.22788
0.19589
0.31241
0.23212
0.23678
0.17652
0.23596
0.22346
0.03045
0.24826
0.13972
0.03965
0.22682
0.23977
0.27182
0.26705
0.04883
0.04778
0.15887
0.19107
0.12043
0.21407
0.05301
0.17185
0.29009
0.19480
0.23334
0.07575
0.04401
0.07428
0.17995
0.07810
0.09566
0.24431
0.29486
0.06266
0.08445
0.01262
0.06567
0.04445
0.24502
