0.10359
0.11291
0.07097
0.20907
0.07576
0.14731
0.21715
0.14228
0.11812
0.04155
0.21311
0.15944
0.13734
0.11381
0.10353
0.21965
0.15948
0.13074
0.06186
0.14446
0.28315
0.10832
0.14069
0.04495
0.24313
0.13095
0.13426
0.24561
0.11301
0.16942
0.17113
0.18836
0.12514
0.09968
0.06051
0.10056
0.16216
0.05063
0.09467
0.11867
0.26769
0.26217
0.14295
0.11991
0.27554
0.19305
0.18440
0.25023
0.16768
0.12424
0.10279
0.11522
0.13942
0.26336
0.09069
0.25551
0.18135
0.12302
0.16907
0.05885
0.27427
0.27350
0.09826
0.24035
0.25798
0.30814
0.05242
0.14012
0.07442
0.05815
0.11676
0.30111
0.25653
0.19056
0.26756
0.09494
0.06429
0.04544
0.22591
0.15689
0.30991
0.19187
0.33393
0.25673
0.28048
0.33668
0.10425
0.09467
0.11507
0.25132
0.32952
0.18368
0.07398
0.23479
0.03926
0.13174
0.20238
0.23404
0.21254
0.13924
0.09798
0.17248
0.14915
0.12795
0.19229
0.30013
0.14935
0.16752
0.19597
0.28082
0.01538
0.25717
0.08666
0.26014
0.11429
0.16912
0.26378
0.07203
0.05267
0.18268
0.21342
0.03674
0.28706
0.03859
0.09118
0.15653
0.27423
0.27370
0.17930
0.26066
0.07966
0.11516
0.29941
0.33594
0.11942
0.11313
0.05477
0.28328
0.27289
0.05039
0.15462
0.03957
0.28023
0.17456
0.14221
0.21700
0.10470
0.31762
0.14210
0.10138
0.16989
0.22384
0.10078
0.29807
0.30850
0.32688
0.10999
0.17855
0.15367
0.19155
0.18896
0.23052
0.27762
0.31606
0.09572
0.08063
0.26673
0.30160
0.04314
0.23157
0.04738
0.21057
0.21227
0.02640
0.06922
0.25327
0.09447
0.05170
0.18439
0.27199
0.09254
0.10544
0.23830
0.16497
0.11155
0.12748
0.20061
0.26643
0.25612
0.18738
0.12270
0.06507
0.03581
0.15209
0.15396
0.24176
0.20367
0.17655
0.06733
0.26615
0.21298
0.11646
0.19485
0.17070
0.05905
0.23608
0.07788
0.18874
0.24924
0.12709
0.22953
0.22276
0.09129
0.27664
0.25802
0.25510
0.11939
0.24245
0.20184
0.34266
0.12332
0.17032
0.08587
0.08504
0.09380
0.03451
0.16862
0.18481
0.11076
0.04815
0.18483
0.09887
0.18957
0.12838
0.03807
0.30312
0.10907
0.04372
0.10889
0.27056
0.07250
0.27858
0.09379
0.13714
0.14622
0.20817
0.11029
0.03994
0.09819
0.10496
0.10145
0.11324
0.08364
0.25559
0.17384
0.15635
0.19756
0.04436
0.05311
0.13665
0.23800
0.14629
0.22627
0.18443
0.12539
0.20973
0.29093
0.09541
0.14851
0.05879
0.10254
0.11427
0.06987
0.04470
0.34128
0.16709
0.06375
0.20707
0.17115
0.06802
0.16696
0.31180
0.12411
0.09451
0.29561
0.12099
0.23847
0.14589
0.18880
0.11390
0.07719
0.08945
0.17893
0.18368
0.15331
0.11307
0.14027
0.14479
0.16253
0.12189
0.32238
0.24519
0.27828
0.13541
0.09557
0.29668
0.31678
0.33063
0.03409
0.26779
0.14059
0.27520
0.10536
0.10222
0.10802
0.10887
0.10660
0.19222
0.25242
0.06685
0.06468
0.03767
0.27599
0.16296
0.25106
0.13585
0.25430
0.20477
0.14421
0.06074
0.25103
0.24038
0.38794
0.22788
0.28963
0.21858
0.22357
0.26414
0.26723
0.27280
0.07017
0.08183
0.10796
0.24181
0.05535
0.05130
0.18901
0.10785
0.22125
0.08663
0.15312
0.09935
0.24913
0.28269
0.23415
0.18019
0.29276
0.13335
0.12989
0.29512
0.07064
0.22796
0.03704
0.07689
0.15191
0.07721
0.25066
0.31527
0.07242
0.08818
0.12748
0.23717
0.10045
0.05209
0.09572
0.07633
0.05938
0.07639
0.17101
0.07905
0.29010
0.13571
0.16593
0.08259
0.20007
0.29176
0.21737
0.25958
0.34665
0.18178
0.28229
0.30883
0.27547
0.28850
0.27525
0.24494
0.35617
0.24358
0.24105
0.23685
0.23719
0.26978
0.20089
0.36194
0.31458
0.24875
0.23855
0.25650
0.23422
0.34684
0.27537
0.23279
0.31479
0.33168
0.20096
0.23404
0.31639
0.28745
0.25928
0.25902
0.27469
0.30952
0.25054
0.22089
0.33728
0.24632
0.24269
0.31299
0.19518
0.31527
0.34477
0.29734
0.28035
0.27598
0.27179
0.25390
0.27134
0.32330
0.21516
0.27690
0.31540
0.22410
0.27938
0.30201
0.21211
0.28240
0.27811
0.28338
0.31058
0.28613
0.25649
0.18883
0.25426
0.36798
0.15741
0.27879
0.20792
0.19897
0.19312
0.35861
0.31427
0.32682
0.19672
0.35638
0.27449
0.28963
0.37070
0.30497
0.26788
0.29488
0.23380
0.28760
0.19492
0.33683
0.26351
0.22381
0.18996
0.32708
0.21167
0.26992
0.29038
0.26696
0.35236
0.31636
0.22725
0.30016
0.30405
0.18786
0.17062
0.27287
0.19698
0.18536
0.16007
0.28317
0.34309
0.25496
0.23963
0.25237
0.28486
0.22731
0.27141
0.25633
0.26203
0.21106
0.28826
0.25938
0.22672
0.17877
0.35292
0.29321
0.17903
0.28040
0.32201
0.25859
0.35512
0.30528
0.23712
0.27072
0.23183
0.28109
0.30969
0.26595
0.26285
0.23161
0.18430
0.29664
0.23312
0.28002
0.23193
0.25088
0.29412
0.28424
0.22081
0.23258
0.29210
0.20032
0.27732
0.20110
0.21397
0.20702
0.23748
0.20497
0.30612
0.32420
0.31309
0.21428
0.20539
0.32765
0.21777
0.21875
0.22022
0.30194
0.30767
0.18875
0.20056
0.28074
0.26034
0.21443
0.16028
0.23008
0.27445
0.21358
0.23993
0.24891
0.29017
0.19970
0.24759
0.26724
0.27100
0.20155
0.27543
0.24822
0.27723
0.37472
0.19661
0.26611
0.22646
0.35194
0.31230
0.24811
0.27910
0.26541
0.26922
0.19404
0.30181
0.27384
0.23804
0.28425
0.26447
0.33771
0.27086
0.29161
0.22406
0.34896
0.21276
0.27582
0.23041
0.24313
0.28230
0.28137
0.22918
0.21943
0.22716
0.32235
0.22085
0.30902
0.24947
0.25385
0.28742
0.28015
0.22954
0.16758
0.21582
0.32533
0.31618
0.23469
0.26917
0.29049
0.26984
0.24078
0.21668
0.30564
0.30013
0.24704
0.24810
0.18535
0.27220
0.30789
0.27300
0.26205
0.20513
0.32848
0.27003
0.19351
0.16524
0.27423
0.28819
0.26634
0.27137
0.24526
0.34503
0.35049
0.17907
0.24587
0.32044
0.26160
0.25880
0.30570
0.34156
0.23253
0.20515
0.18361
0.24010
0.24957
0.35984
0.28782
0.30488
0.26503
0.24836
0.27142
0.29814
0.27609
0.18642
0.32430
0.21338
0.24118
0.33811
0.30741
0.25515
0.25420
0.25115
0.29318
0.30580
0.34512
0.25618
0.28276
0.20233
0.27804
0.29227
0.13804
0.23938
0.21814
0.24345
0.25178
0.24357
0.26167
0.24631
0.22927
0.23442
0.23767
0.24298
0.33560
0.26572
0.24063
0.21206
0.28828
0.25621
0.24768
0.20968
0.31975
0.26923
0.32988
0.26381
0.25142
0.25835
0.26672
0.22620
0.26778
0.16828
0.30670
0.26478
0.33516
0.27635
0.29229
0.34712
0.27135
0.23686
0.28057
0.18334
0.19699
0.27639
0.21670
0.28773
0.31180
0.26258
0.29226
0.38753
0.30522
0.32121
0.28196
0.30075
0.30469
0.35699
0.25572
0.28541
0.31812
0.32013
0.27754
0.32406
0.39102
0.24092
0.22997
0.32157
0.21107
0.31458
0.33769
0.24761
0.24923
0.32517
0.23344
0.25793
0.31775
0.27568
0.25281
0.24748
0.24555
0.27360
0.28312
0.30721
0.29057
0.24271
0.27548
0.27353
0.27386
0.26014
0.26083
0.13438
0.33244
0.29678
0.34560
0.29252
0.31474
0.37742
0.36845
0.24512
0.21419
0.28435
0.37113
0.26978
0.16818
0.29600
0.34942
0.26409
0.21978
0.31034
0.24685
0.24640
0.22193
0.29845
0.35701
0.38528
0.28793
0.28314
0.25648
0.36029
0.25534
0.29254
0.25198
0.33859
0.28620
0.19445
0.32325
0.40561
0.23945
0.37197
0.38826
0.17805
0.28787
0.35040
0.31343
0.28218
0.24363
0.24453
0.19417
0.27169
0.27009
0.26743
0.27089
0.34184
0.24244
0.24457
0.25726
0.22667
0.25102
0.36205
0.21945
0.14601
0.32180
0.17510
0.19532
0.37785
0.19138
0.23618
0.21973
0.25135
0.24535
0.43399
0.21260
0.30192
0.37252
0.22854
0.21232
0.23721
0.22151
0.19909
0.33879
0.21362
0.36598
0.34975
0.25472
0.23592
0.23227
0.34155
0.26350
0.23355
0.34039
0.40322
0.29255
0.26817
0.33071
0.34433
0.20349
0.28697
0.26523
0.37055
0.19686
0.23419
0.20908
0.35137
0.24475
0.23583
0.25251
0.30166
0.35949
0.23584
0.25624
0.32893
0.30015
0.25925
0.24180
0.35172
0.26982
0.23619
0.27255
0.27431
0.31209
0.24083
0.28874
0.25134
0.33390
0.25794
0.24384
0.28980
0.27497
0.22690
0.27325
0.21914
0.27465
0.21058
0.09122
0.15982
0.24630
0.25471
0.27807
0.21886
0.22548
0.37297
0.20598
0.09460
0.20014
0.04945
0.24443
0.28924
0.16825
0.25937
0.02564
0.04757
0.17866
0.25874
0.08377
0.15191
0.26196
0.26130
0.21105
0.21451
0.25365
0.03982
0.31138
0.22386
0.04818
0.04253
0.09519
0.28793
0.10577
0.22728
0.19176
0.26757
0.09544
0.05666
0.05765
0.09615
0.27647
0.08959
0.07364
0.22594
0.25368
0.16830
0.26240
0.22572
0.03532
0.24280
0.05778
0.04450
0.27361
0.19169
0.19704
0.05945
0.10127
0.20457
0.20376
0.26520
0.25781
0.03564
0.03985
0.19582
0.21277
0.24096
0.23180
0.11383
0.24686
0.18845
0.17792
0.25584
0.29266
0.07941
0.14354
0.16803
0.04647
0.01838
0.22701
0.10577
0.20208
0.26598
0.23057
0.21105
0.28898
0.24517
0.21602
0.16932
0.24070
0.22930
0.02764
0.27461
0.07102
0.11836
0.24321
0.23552
0.29542
0.26161
0.03807
0.07942
0.14271
0.17086
0.23611
0.28707
0.08867
0.19660
0.31770
0.18290
0.22378
0.12147
0.03729
0.06766
0.20055
0.07229
0.08866
0.25906
0.28148
0.09125
0.10688
0.03687
0.10857
0.07067
0.26771
