0.10862
0.10546
0.04527
0.23370
0.10055
0.13969
0.20463
0.16643
0.20122
0.04838
0.18947
0.16176
0.16290
0.12026
0.13379
0.24299
0.11544
0.11761
0.06523
0.14759
0.28056
0.16125
0.16996
0.04987
0.23491
0.15332
0.12695
0.23133
0.08863
0.14543
0.18430
0.27370
0.14963
0.10192
0.11772
0.09564
0.11620
0.08069
0.11881
0.16149
0.30985
0.23775
0.08909
0.14583
0.28904
0.24192
0.14679
0.22896
0.19280
0.14243
0.11024
0.12089
0.12668
0.31326
0.09321
0.24638
0.20699
0.14671
0.11809
0.12235
0.26421
0.25239
0.12187
0.16227
0.29590
0.29437
0.05324
0.16295
0.08773
0.02095
0.11599
0.31516
0.30070
0.21066
0.26050
0.11680
0.08507
0.02797
0.20419
0.15604
0.32002
0.20493
0.28117
0.26760
0.26706
0.37056
0.09795
0.06916
0.13711
0.26519
0.30375
0.16831
0.06047
0.26838
0.05349
0.14553
0.18625
0.22080
0.18683
0.16804
0.09024
0.19344
0.10929
0.11808
0.21033
0.28413
0.13452
0.17995
0.20369
0.28353
0.02390
0.25771
0.09283
0.24236
0.10821
0.13470
0.27239
0.07169
0.06957
0.20554
0.23498
0.04323
0.26408
0.02892
0.09463
0.14082
0.30810
0.26247
0.17252
0.25297
0.10399
0.13009
0.29170
0.32445
0.10753
0.15545
0.09911
0.27906
0.22919
0.04974
0.17708
0.03278
0.28971
0.14260
0.13945
0.27977
0.12562
0.34234
0.19564
0.09324
0.15379
0.24266
0.10735
0.32195
0.28880
0.30882
0.07743
0.14271
0.17447
0.24317
0.24922
0.26277
0.27722
0.30084
0.09138
0.13168
0.27020
0.27501
0.07371
0.29063
0.05241
0.22091
0.22872
0.06618
0.12978
0.19460
0.09715
0.07803
0.17974
0.28974
0.07775
0.10986
0.17288
0.13215
0.10471
0.14604
0.22044
0.23548
0.27164
0.17496
0.12845
0.08926
0.04963
0.15727
0.11133
0.21804
0.18860
0.18748
0.08785
0.28978
0.23791
0.07882
0.16271
0.14988
0.05671
0.15127
0.12825
0.21577
0.23885
0.09898
0.25999
0.20494
0.07884
0.27322
0.23122
0.26341
0.13335
0.26083
0.21978
0.31604
0.09041
0.16338
0.12039
0.06647
0.05694
0.07104
0.21700
0.19518
0.15092
0.08167
0.23318
0.07193
0.22939
0.13342
0.07023
0.28067
0.11528
0.03636
0.10448
0.27758
0.09152
0.27031
0.09853
0.11722
0.15097
0.22087
0.11750
0.03807
0.13112
0.11578
0.11562
0.12453
0.12898
0.22119
0.16387
0.15981
0.19853
0.09974
0.09452
0.12861
0.17192
0.18464
0.19895
0.18147
0.16100
0.24920
0.26918
0.09615
0.20375
0.05033
0.09538
0.12686
0.07519
0.05540
0.35322
0.16931
0.06236
0.22051
0.15003
0.09834
0.15969
0.34016
0.13172
0.06703
0.31215
0.13111
0.16713
0.19484
0.15637
0.15973
0.12330
0.07574
0.21866
0.22800
0.13738
0.09525
0.19839
0.15061
0.22595
0.15743
0.30614
0.30910
0.26822
0.13002
0.11432
0.29914
0.33444
0.31129
0.02833
0.27129
0.11076
0.29329
0.12549
0.09045
0.14657
0.11461
0.10345
0.18223
0.25975
0.06859
0.06002
0.10190
0.26625
0.14412
0.25613
0.16544
0.24626
0.25174
0.11503
0.07112
0.26511
0.21916
0.38558
0.26993
0.32160
0.24359
0.25286
0.28758
0.27807
0.25796
0.07311
0.07016
0.11577
0.21975
0.04642
0.04979
0.20614
0.11633
0.22076
0.10533
0.18378
0.12197
0.27242
0.25982
0.25822
0.19846
0.27171
0.13520
0.18581
0.33650
0.05953
0.23615
0.05988
0.09614
0.20995
0.06307
0.26064
0.34764
0.05899
0.08354
0.14872
0.25884
0.11743
0.05921
0.05999
0.05745
0.09312
0.06835
0.18875
0.10390
0.27537
0.15974
0.21687
0.08351
0.18846
0.29569
0.19259
0.27660
0.35781
0.18037
0.29331
0.29256
0.29269
0.32586
0.27708
0.24684
0.34551
0.24036
0.22312
0.25813
0.21433
0.27958
0.18758
0.37856
0.31957
0.26060
0.26083
0.25030
0.27154
0.34364
0.29725
0.25203
0.31682
0.33830
0.22599
0.29264
0.30553
0.26018
0.24402
0.24371
0.29541
0.31141
0.23166
0.23223
0.34595
0.22090
0.25357
0.29621
0.19891
0.31404
0.35555
0.27368
0.29555
0.30043
0.29898
0.20856
0.27439
0.34163
0.23888
0.27614
0.33024
0.26090
0.29262
0.28490
0.17017
0.31681
0.25998
0.28252
0.30864
0.27637
0.27584
0.19874
0.25983
0.35078
0.15148
0.26082
0.19674
0.21564
0.18434
0.36667
0.30873
0.33702
0.16009
0.34949
0.26083
0.27288
0.37491
0.31146
0.29191
0.27906
0.24917
0.25439
0.19042
0.35163
0.27560
0.23142
0.16717
0.31173
0.21020
0.25287
0.28867
0.25131
0.34855
0.31886
0.19574
0.32996
0.31069
0.16499
0.18490
0.30535
0.17611
0.17508
0.15077
0.27706
0.32594
0.29289
0.27898
0.24305
0.30415
0.17909
0.28770
0.25450
0.29989
0.20406
0.28635
0.29063
0.20989
0.16207
0.35527
0.27161
0.15725
0.31973
0.32280
0.23403
0.34913
0.31594
0.23910
0.24969
0.19691
0.28786
0.30468
0.25065
0.27399
0.23359
0.14448
0.32740
0.21406
0.27882
0.20615
0.29404
0.31877
0.28264
0.19356
0.23501
0.28272
0.21545
0.29769
0.18782
0.22797
0.23678
0.21822
0.20345
0.28824
0.31403
0.31257
0.26388
0.21152
0.32325
0.19831
0.19161
0.21134
0.28778
0.29337
0.16198
0.17438
0.26951
0.27067
0.20382
0.15530
0.22959
0.26270
0.20997
0.25865
0.26358
0.30219
0.18063
0.19300
0.26634
0.27713
0.16669
0.26350
0.25556
0.23807
0.36464
0.17545
0.29156
0.19786
0.36107
0.30860
0.25149
0.26290
0.30058
0.27291
0.19631
0.32388
0.26239
0.26720
0.29051
0.25574
0.34467
0.20952
0.29202
0.20763
0.34634
0.24051
0.27315
0.21594
0.22508
0.27158
0.25480
0.22028
0.26842
0.22161
0.29213
0.20194
0.29804
0.22547
0.28955
0.30366
0.28840
0.26261
0.14834
0.21638
0.32773
0.33993
0.25376
0.28169
0.28193
0.24321
0.22987
0.17671
0.29959
0.27463
0.26684
0.25468
0.19727
0.31027
0.30100
0.26188
0.26951
0.24722
0.33146
0.26674
0.16045
0.21409
0.28894
0.26739
0.31191
0.25390
0.25029
0.35735
0.34451
0.13582
0.22303
0.32068
0.27352
0.28687
0.28701
0.32780
0.23479
0.18549
0.19711
0.27002
0.26758
0.35433
0.27315
0.29131
0.28448
0.21934
0.23929
0.28918
0.27958
0.16162
0.33021
0.20991
0.24991
0.32563
0.30162
0.25266
0.21288
0.25698
0.28612
0.32861
0.34832
0.24697
0.27380
0.19698
0.30229
0.31044
0.12321
0.27877
0.19237
0.22945
0.29222
0.23024
0.25234
0.24449
0.27656
0.21365
0.23593
0.22418
0.34591
0.28564
0.27301
0.19316
0.29915
0.25744
0.21821
0.18124
0.31144
0.29825
0.33775
0.25625
0.24138
0.25937
0.22385
0.26491
0.27556
0.17541
0.31151
0.24123
0.31994
0.27080
0.27484
0.34947
0.27017
0.28231
0.31486
0.17539
0.21180
0.27602
0.20810
0.29294
0.30183
0.28190
0.34017
0.37763
0.31157
0.33089
0.26255
0.31633
0.30745
0.35078
0.22018
0.26029
0.32343
0.32306
0.28350
0.32194
0.38161
0.23777
0.26026
0.31482
0.21538
0.30507
0.32039
0.23591
0.25942
0.30056
0.23356
0.26862
0.30633
0.25206
0.26322
0.24010
0.25746
0.28189
0.28742
0.29117
0.29590
0.25448
0.29454
0.27231
0.30575
0.28333
0.25846
0.11670
0.32459
0.33547
0.35036
0.33176
0.29073
0.38945
0.41243
0.25001
0.19854
0.30610
0.39499
0.28828
0.18578
0.28533
0.34101
0.23358
0.25023
0.32862
0.24550
0.25008
0.26563
0.32643
0.36234
0.43048
0.26831
0.30563
0.23093
0.37790
0.29807
0.31227
0.30061
0.35451
0.24569
0.20608
0.32543
0.43604
0.24393
0.37136
0.39607
0.21231
0.30022
0.36401
0.32375
0.30651
0.22781
0.26550
0.17668
0.27219
0.30017
0.30138
0.31300
0.38210
0.28055
0.27778
0.23738
0.20266
0.22172
0.40586
0.20889
0.12649
0.34819
0.15589
0.21933
0.40270
0.17123
0.26146
0.21408
0.26570
0.21479
0.44303
0.18319
0.30667
0.37188
0.25747
0.26942
0.23859
0.26210
0.23371
0.34754
0.18611
0.37213
0.34863
0.25872
0.25921
0.22311
0.33432
0.28972
0.19231
0.35279
0.42825
0.32394
0.29142
0.35526
0.34358
0.21410
0.27707
0.28303
0.41173
0.22129
0.23093
0.24877
0.35465
0.22401
0.25677
0.26403
0.31576
0.35849
0.22500
0.27360
0.33072
0.30853
0.26109
0.23114
0.38851
0.30502
0.27074
0.26245
0.28399
0.35501
0.27475
0.30942
0.25061
0.34192
0.25315
0.23366
0.30191
0.28662
0.21598
0.27994
0.12983
0.31776
0.17467
0.04058
0.14455
0.20767
0.25200
0.26445
0.19981
0.29642
0.34302
0.15944
0.03151
0.22676
0.04806
0.29791
0.26543
0.14488
0.26972
0.07063
0.14156
0.22039
0.25622
0.10992
0.10583
0.22811
0.27980
0.18653
0.21331
0.24457
0.09714
0.29664
0.25446
0.03891
0.08611
0.13648
0.26514
0.10445
0.23398
0.23979
0.31753
0.03973
0.06463
0.04360
0.09482
0.28869
0.10044
0.16780
0.15972
0.27298
0.15006
0.25207
0.20632
0.07302
0.25239
0.06361
0.07914
0.19341
0.19994
0.24026
0.05565
0.07648
0.21645
0.19589
0.28833
0.28014
0.03288
0.07917
0.17425
0.21663
0.15571
0.21725
0.16005
0.24952
0.21328
0.10669
0.26896
0.27965
0.05327
0.15750
0.14549
0.12684
0.06316
0.24272
0.08097
0.18680
0.25996
0.27026
0.18926
0.30670
0.26361
0.15701
0.20302
0.19087
0.20817
0.08390
0.26455
0.12130
0.05709
0.22292
0.24686
0.30787
0.23830
0.11262
0.07617
0.13470
0.23338
0.19161
0.27576
0.10807
0.25076
0.25138
0.11555
0.23500
0.13657
0.03490
0.02797
0.19205
0.05796
0.14325
0.27461
0.28780
0.11313
0.09234
0.03062
0.06805
0.08221
0.19998
