0.09000
0.11675
0.05682
0.20721
0.07978
0.12337
0.24321
0.14689
0.16882
0.03136
0.20138
0.15294
0.15406
0.11653
0.12078
0.22637
0.09184
0.13595
0.07535
0.14463
0.28130
0.11699
0.15938
0.03710
0.25727
0.14567
0.13241
0.15719
0.07401
0.10300
0.15050
0.22276
0.13926
0.10561
0.08160
0.10434
0.13880
0.06548
0.12680
0.13562
0.25874
0.23813
0.12216
0.11144
0.29303
0.19973
0.14390
0.22786
0.17551
0.13221
0.10196
0.10321
0.18504
0.26523
0.08901
0.23777
0.20546
0.12435
0.16981
0.06490
0.29215
0.26743
0.08608
0.22198
0.26428
0.31889
0.04929
0.15109
0.07952
0.03924
0.12425
0.29935
0.23950
0.16997
0.23304
0.06849
0.06867
0.03784
0.20177
0.17062
0.30442
0.14359
0.33408
0.25757
0.24143
0.35701
0.09703
0.11637
0.11786
0.24921
0.33454
0.21817
0.06266
0.24374
0.05006
0.16603
0.17756
0.21175
0.19161
0.13841
0.09329
0.15471
0.10358
0.12188
0.23838
0.29097
0.12548
0.15135
0.12788
0.26125
0.01723
0.25052
0.11685
0.22472
0.10077
0.14812
0.26883
0.05314
0.03720
0.17521
0.20109
0.09103
0.29398
0.03427
0.07025
0.13146
0.26789
0.27637
0.18222
0.25136
0.08991
0.08142
0.27510
0.33739
0.10896
0.10373
0.08180
0.25916
0.26376
0.08715
0.16006
0.04495
0.28072
0.18183
0.13488
0.24060
0.08905
0.34032
0.14043
0.09189
0.19550
0.25030
0.10993
0.32062
0.31048
0.32721
0.08909
0.15839
0.14726
0.15636
0.23408
0.20582
0.26526
0.31737
0.09791
0.10290
0.28005
0.27373
0.07055
0.21356
0.05931
0.21327
0.20147
0.04716
0.07612
0.22882
0.08201
0.05582
0.14321
0.25592
0.13312
0.11283
0.23057
0.10657
0.13081
0.18186
0.23290
0.26042
0.24286
0.18498
0.09963
0.07366
0.04916
0.12430
0.12588
0.20967
0.19053
0.20050
0.09597
0.25772
0.17378
0.08912
0.17911
0.13394
0.05657
0.21734
0.05451
0.18204
0.24011
0.07205
0.22842
0.20638
0.07430
0.25882
0.24465
0.23594
0.11628
0.23399
0.17680
0.33858
0.13288
0.14044
0.10615
0.08622
0.08378
0.05874
0.14553
0.16707
0.11567
0.08823
0.20782
0.07751
0.23253
0.11472
0.04857
0.25819
0.14787
0.03065
0.10663
0.25914
0.06601
0.28654
0.09800
0.12500
0.16672
0.23521
0.11575
0.03284
0.10920
0.10440
0.11483
0.11112
0.10428
0.23574
0.15983
0.15361
0.18594
0.05522
0.08999
0.13238
0.22610
0.14457
0.19616
0.16741
0.13829
0.22436
0.28618
0.09356
0.17549
0.05081
0.04588
0.11359
0.06621
0.03100
0.35038
0.18647
0.07492
0.21699
0.17797
0.09018
0.15406
0.34034
0.15416
0.06836
0.27722
0.11756
0.16999
0.15838
0.17666
0.13604
0.11809
0.08958
0.17272
0.19308
0.14503
0.10448
0.09291
0.10366
0.14828
0.13934
0.31774
0.27201
0.25991
0.09497
0.10660
0.27171
0.27601
0.31468
0.02421
0.25087
0.14779
0.23441
0.10124
0.04879
0.14170
0.09881
0.10732
0.15342
0.25163
0.09842
0.06406
0.05039
0.25019
0.12291
0.26594
0.13473
0.21171
0.18216
0.08815
0.02591
0.24470
0.23911
0.33259
0.24326
0.26758
0.24156
0.23198
0.27655
0.28056
0.22481
0.05266
0.06284
0.11510
0.22357
0.08429
0.04564
0.21535
0.11879
0.17616
0.08107
0.15187
0.09417
0.25901
0.27349
0.26573
0.21371
0.33807
0.10532
0.10923
0.30920
0.09546
0.19055
0.07138
0.08850
0.23166
0.06842
0.24368
0.29904
0.07152
0.06923
0.12763
0.25960
0.13127
0.04417
0.07025
0.09348
0.06748
0.07968
0.16295
0.04241
0.25249
0.14126
0.17703
0.06508
0.18498
0.28855
0.18435
0.23823
0.35631
0.16185
0.29805
0.30034
0.26640
0.26537
0.29242
0.21749
0.35632
0.21143
0.25931
0.24095
0.23357
0.25324
0.18355
0.37791
0.32356
0.27079
0.22141
0.24876
0.21573
0.33942
0.26102
0.18414
0.31831
0.34165
0.17484
0.21065
0.32009
0.27165
0.26744
0.24704
0.24745
0.31127
0.20593
0.21860
0.34851
0.19788
0.17703
0.28473
0.19429
0.30466
0.35658
0.27882
0.26291
0.27077
0.24401
0.24002
0.25887
0.33743
0.18079
0.24330
0.32182
0.21092
0.23920
0.27619
0.20206
0.24509
0.26601
0.28633
0.32074
0.29790
0.23144
0.18317
0.28200
0.35465
0.15389
0.26471
0.17839
0.16507
0.17966
0.35245
0.29842
0.32848
0.15870
0.35608
0.26836
0.28701
0.36473
0.31679
0.24519
0.27813
0.21799
0.27263
0.19725
0.35627
0.23796
0.19953
0.17817
0.32414
0.19893
0.26779
0.29980
0.24857
0.35427
0.32602
0.23603
0.34215
0.30410
0.17157
0.15481
0.25145
0.18538
0.15799
0.14685
0.27045
0.32938
0.24447
0.22156
0.24695
0.26374
0.22412
0.29321
0.21570
0.24053
0.19302
0.28180
0.23444
0.24198
0.15084
0.34031
0.30193
0.14271
0.24772
0.32858
0.27228
0.34208
0.32070
0.22292
0.23181
0.20773
0.30109
0.30002
0.24274
0.21631
0.21340
0.15678
0.28121
0.21824
0.25122
0.21729
0.23021
0.28887
0.28092
0.21706
0.25751
0.28993
0.21357
0.26275
0.19673
0.22196
0.20762
0.22321
0.16726
0.30245
0.33304
0.32569
0.20247
0.19632
0.33225
0.18691
0.16881
0.19175
0.30288
0.29379
0.16996
0.19256
0.24662
0.26340
0.17078
0.15109
0.24200
0.25993
0.17439
0.23206
0.21272
0.27044
0.20147
0.17987
0.27330
0.25069
0.18964
0.24208
0.23184
0.24886
0.35668
0.18575
0.27864
0.22591
0.36613
0.32369
0.23059
0.27524
0.25433
0.25998
0.19825
0.30204
0.27148
0.19450
0.29827
0.28183
0.34424
0.20700
0.29038
0.19557
0.34297
0.15739
0.25025
0.22785
0.18699
0.27167
0.25523
0.23266
0.20573
0.22480
0.30422
0.17946
0.30495
0.22728
0.22626
0.30085
0.29149
0.30030
0.14585
0.18466
0.32934
0.33565
0.19506
0.23640
0.26728
0.26766
0.22971
0.17471
0.31833
0.28983
0.21619
0.25046
0.19745
0.27144
0.30164
0.26608
0.20848
0.24810
0.32856
0.24162
0.16437
0.16750
0.29431
0.28886
0.23547
0.23916
0.21822
0.35517
0.35227
0.14860
0.23201
0.31127
0.24032
0.21365
0.29682
0.33573
0.21313
0.17959
0.15465
0.23020
0.23213
0.36263
0.28932
0.28859
0.23963
0.23933
0.26865
0.29780
0.27871
0.18192
0.33439
0.20703
0.23391
0.34920
0.29990
0.22655
0.26477
0.21874
0.29989
0.29700
0.34876
0.21546
0.28684
0.21864
0.27724
0.32028
0.13083
0.20476
0.21316
0.18923
0.20489
0.23778
0.22888
0.26178
0.22071
0.23673
0.19313
0.24435
0.34758
0.22289
0.22087
0.18319
0.29723
0.24391
0.22233
0.16714
0.32624
0.30406
0.31436
0.25877
0.22727
0.22927
0.25668
0.20758
0.26996
0.17642
0.30636
0.25854
0.34183
0.28711
0.28786
0.34290
0.27920
0.20722
0.24706
0.14545
0.17975
0.23683
0.19412
0.24241
0.30782
0.23897
0.27050
0.38208
0.30009
0.32538
0.27692
0.31147
0.28732
0.35860
0.20724
0.26893
0.32097
0.32627
0.26658
0.32735
0.37491
0.21862
0.21834
0.31842
0.22110
0.31972
0.32708
0.24175
0.23021
0.34427
0.22801
0.21760
0.31878
0.23052
0.20821
0.18602
0.22187
0.29663
0.28407
0.26913
0.29337
0.23704
0.25213
0.26602
0.27956
0.23538
0.26791
0.12185
0.32568
0.28930
0.35973
0.26376
0.30745
0.36841
0.38161
0.25428
0.19648
0.29119
0.38605
0.27883
0.20948
0.28632
0.34208
0.25215
0.17864
0.32953
0.24384
0.28418
0.22932
0.30335
0.32918
0.39146
0.28194
0.25737
0.25649
0.34911
0.28962
0.29369
0.29112
0.33397
0.25260
0.15995
0.32807
0.41003
0.25328
0.35977
0.38862
0.23120
0.27055
0.31377
0.29888
0.29548
0.24148
0.27080
0.20304
0.28858
0.28969
0.26211
0.29045
0.34052
0.25449
0.27368
0.24057
0.19532
0.23871
0.34203
0.20124
0.13336
0.34146
0.16936
0.23472
0.36940
0.19028
0.25133
0.22645
0.23568
0.22662
0.44928
0.21628
0.28129
0.32187
0.23887
0.25605
0.21782
0.23367
0.24175
0.32125
0.19938
0.35200
0.35731
0.24828
0.23975
0.19026
0.34277
0.27220
0.20883
0.34529
0.42534
0.30643
0.29826
0.33804
0.34721
0.21530
0.28656
0.30343
0.38463
0.21050
0.22690
0.21193
0.36483
0.24678
0.23012
0.25733
0.31018
0.36118
0.22443
0.26914
0.31250
0.30442
0.25542
0.26194
0.36114
0.27614
0.30004
0.26815
0.29394
0.32509
0.25926
0.27368
0.23664
0.33259
0.26473
0.24437
0.29021
0.24360
0.22131
0.25498
0.15706
0.28857
0.21207
0.02430
0.18766
0.19588
0.23412
0.26474
0.18544
0.27837
0.34784
0.16324
0.03390
0.18898
0.03269
0.31190
0.25896
0.17568
0.31958
0.05273
0.12697
0.19264
0.19621
0.05160
0.10521
0.27166
0.27630
0.16946
0.21032
0.25594
0.04671
0.29895
0.22953
0.05343
0.12136
0.08044
0.26207
0.16960
0.25609
0.18857
0.26947
0.06137
0.05505
0.02696
0.05861
0.28029
0.08735
0.13697
0.13435
0.28176
0.12183
0.25551
0.20187
0.06990
0.30820
0.06691
0.01909
0.29535
0.19642
0.27004
0.06192
0.04756
0.20288
0.20107
0.30988
0.26756
0.04372
0.08769
0.16793
0.21068
0.20428
0.20550
0.12721
0.24184
0.14258
0.15732
0.30585
0.26633
0.06608
0.13429
0.17310
0.06757
0.02551
0.23666
0.18494
0.19030
0.22414
0.25695
0.20182
0.31766
0.23970
0.22301
0.14536
0.22188
0.17586
0.03435
0.24853
0.07379
0.06338
0.19869
0.25197
0.28480
0.28086
0.03177
0.03658
0.14780
0.18042
0.20650
0.29163
0.07835
0.19033
0.32880
0.17748
0.21489
0.05435
0.03280
0.04531
0.12996
0.05111
0.03649
0.25984
0.27854
0.07564
0.09663
0.03068
0.07854
0.04862
0.28745
