0.14098
0.09917
0.06188
0.25827
0.09643
0.12878
0.24919
0.18254
0.18986
0.05222
0.17711
0.13221
0.15736
0.11702
0.15620
0.23209
0.12420
0.16713
0.16705
0.14522
0.26062
0.12839
0.18435
0.07715
0.25003
0.16506
0.16534
0.27488
0.15891
0.19599
0.16672
0.29373
0.16236
0.10663
0.08091
0.09868
0.15291
0.10548
0.11300
0.16811
0.29814
0.27218
0.10034
0.12669
0.28779
0.22519
0.14717
0.23306
0.21348
0.18742
0.10023
0.15373
0.14116
0.28495
0.09453
0.24357
0.23175
0.15832
0.09904
0.12186
0.25215
0.29108
0.14581
0.19733
0.28690
0.29708
0.08822
0.21569
0.11802
0.04031
0.13716
0.29248
0.33397
0.21016
0.26450
0.16118
0.10761
0.07430
0.24139
0.14264
0.30863
0.22256
0.30198
0.27500
0.27330
0.34693
0.09461
0.07457
0.16484
0.28797
0.31218
0.20216
0.06992
0.27869
0.11671
0.13221
0.18871
0.22978
0.19588
0.16228
0.09705
0.20391
0.11100
0.13023
0.22236
0.27797
0.17350
0.17785
0.22338
0.29590
0.05454
0.28207
0.11407
0.23564
0.10699
0.16284
0.26934
0.07445
0.09981
0.21775
0.21528
0.09626
0.30454
0.03753
0.12162
0.17110
0.30911
0.25246
0.18358
0.24102
0.11772
0.15735
0.27577
0.33292
0.12184
0.18823
0.08936
0.28674
0.25783
0.06898
0.18574
0.05606
0.30318
0.17715
0.14778
0.29902
0.07998
0.33943
0.19437
0.09243
0.21677
0.27284
0.11188
0.32330
0.31663
0.34023
0.14721
0.15532
0.15735
0.24508
0.27451
0.30266
0.27255
0.32019
0.08428
0.17327
0.30941
0.26700
0.12723
0.29282
0.08179
0.24210
0.26165
0.06347
0.14869
0.21719
0.09098
0.10433
0.19173
0.26506
0.09935
0.11462
0.19421
0.16883
0.10962
0.22006
0.23327
0.23343
0.23875
0.18042
0.18232
0.11521
0.04204
0.14816
0.16132
0.23659
0.20151
0.17171
0.11181
0.28581
0.26076
0.06819
0.17764
0.16037
0.07085
0.21499
0.14719
0.22073
0.25137
0.13750
0.27012
0.23796
0.15991
0.26231
0.23381
0.26527
0.13855
0.28649
0.19879
0.31290
0.13531
0.20187
0.14369
0.08698
0.08636
0.09504
0.19908
0.20467
0.19464
0.07971
0.26630
0.12662
0.24667
0.15623
0.08461
0.26399
0.12406
0.04849
0.11507
0.22277
0.06656
0.30744
0.10549
0.12055
0.17610
0.22166
0.12151
0.08839
0.12982
0.10408
0.10144
0.17020
0.14921
0.24113
0.13959
0.17132
0.17991
0.09352
0.08591
0.12790
0.17998
0.17974
0.21673
0.22142
0.14613
0.26768
0.26938
0.09846
0.18104
0.05684
0.12456
0.13981
0.08605
0.05037
0.31281
0.19309
0.08497
0.21577
0.14832
0.10862
0.19395
0.35617
0.11680
0.14153
0.29349
0.13213
0.14487
0.19277
0.16697
0.18745
0.13824
0.09360
0.21219
0.22755
0.16931
0.10299
0.17621
0.22979
0.17556
0.18795
0.33958
0.29120
0.24957
0.16333
0.12656
0.29924
0.30886
0.33988
0.05030
0.26588
0.18665
0.28940
0.15343
0.11261
0.17182
0.14710
0.10747
0.21048
0.21525
0.08925
0.14382
0.09985
0.26784
0.16328
0.26540
0.16562
0.26754
0.24448
0.14139
0.10045
0.22916
0.26299
0.35153
0.27851
0.30916
0.24019
0.23210
0.30501
0.27549
0.24289
0.08156
0.11027
0.14045
0.21885
0.08196
0.09462
0.21596
0.15411
0.25017
0.13733
0.19139
0.12471
0.30619
0.28106
0.24235
0.20782
0.30076
0.17565
0.16511
0.35797
0.08334
0.23487
0.07193
0.11480
0.22498
0.07086
0.24608
0.33318
0.07883
0.06434
0.17125
0.26393
0.10729
0.08577
0.10734
0.08425
0.10911
0.11272
0.17965
0.14357
0.27121
0.20957
0.23938
0.12239
0.14699
0.30282
0.19438
0.27009
0.33268
0.17160
0.26765
0.29187
0.29212
0.31213
0.28039
0.25585
0.32189
0.27727
0.25067
0.26841
0.20955
0.30123
0.20234
0.36582
0.31200
0.23163
0.25680
0.25130
0.27730
0.35031
0.30309
0.24921
0.26307
0.31088
0.22946
0.26337
0.33493
0.26222
0.22391
0.22655
0.28785
0.30482
0.26793
0.19556
0.32959
0.25461
0.24517
0.30595
0.19525
0.29531
0.32828
0.28599
0.29172
0.29595
0.30502
0.22854
0.29910
0.33051
0.22506
0.30035
0.31200
0.26713
0.27166
0.29229
0.18698
0.31019
0.25535
0.28469
0.30062
0.29613
0.25505
0.17850
0.26501
0.36215
0.12945
0.27100
0.23756
0.22034
0.19952
0.37383
0.30276
0.27610
0.16632
0.35295
0.27746
0.25653
0.34473
0.28060
0.30705
0.28619
0.25394
0.25033
0.17060
0.37099
0.27635
0.23249
0.17287
0.32870
0.19307
0.25660
0.28134
0.23931
0.34477
0.29921
0.20131
0.30157
0.33337
0.20124
0.20434
0.30739
0.17295
0.16094
0.16167
0.30074
0.32260
0.30214
0.25998
0.24715
0.29384
0.18114
0.29519
0.28676
0.28000
0.21456
0.27565
0.27840
0.23347
0.15254
0.34977
0.30696
0.19921
0.33201
0.32342
0.20460
0.36181
0.29861
0.23102
0.31501
0.19725
0.27691
0.30872
0.27908
0.25762
0.24677
0.15902
0.33332
0.22331
0.27773
0.21070
0.28153
0.30388
0.27436
0.18790
0.19306
0.26231
0.20729
0.31335
0.17791
0.25092
0.23888
0.21101
0.20776
0.28740
0.30040
0.31574
0.24556
0.19594
0.33218
0.21579
0.19611
0.21428
0.28503
0.29642
0.15834
0.19666
0.29084
0.28296
0.22829
0.15977
0.21938
0.25129
0.20797
0.22649
0.26479
0.30037
0.17419
0.23440
0.25368
0.27749
0.18381
0.29527
0.27948
0.25029
0.38426
0.19447
0.29349
0.23934
0.34536
0.29197
0.29354
0.26870
0.28539
0.25751
0.17358
0.31496
0.28113
0.24538
0.26953
0.23468
0.32181
0.23144
0.25111
0.24414
0.33714
0.24649
0.30471
0.22528
0.25603
0.28391
0.26268
0.22422
0.26698
0.26750
0.30322
0.23533
0.29571
0.22492
0.26906
0.28485
0.27439
0.29257
0.15624
0.22426
0.31776
0.32920
0.26015
0.28562
0.32934
0.23644
0.25601
0.21518
0.29375
0.28735
0.28402
0.22166
0.16963
0.28271
0.29776
0.25281
0.28258
0.18719
0.31740
0.28243
0.22865
0.21403
0.29321
0.29472
0.27734
0.26235
0.26642
0.32881
0.34891
0.14941
0.24744
0.29837
0.27242
0.28421
0.28483
0.33158
0.21099
0.21304
0.19820
0.29706
0.29701
0.35329
0.29636
0.29322
0.28768
0.24192
0.25647
0.29162
0.26829
0.18095
0.32798
0.23337
0.22364
0.33457
0.31236
0.27055
0.23292
0.25897
0.27019
0.33339
0.34760
0.24637
0.26517
0.17484
0.29991
0.30542
0.13526
0.26238
0.17248
0.24317
0.28729
0.22116
0.29004
0.23179
0.25389
0.22716
0.24266
0.23027
0.32143
0.27705
0.27020
0.19891
0.28553
0.25679
0.22359
0.20389
0.33916
0.26781
0.31912
0.26142
0.27029
0.27583
0.24640
0.22255
0.25600
0.20403
0.35129
0.25580
0.34863
0.26063
0.30771
0.35466
0.22639
0.27419
0.30444
0.19141
0.23426
0.29585
0.23260
0.30586
0.30180
0.27351
0.31350
0.36872
0.30407
0.32865
0.26334
0.30414
0.25592
0.36211
0.27010
0.25256
0.32385
0.32102
0.28598
0.32649
0.38121
0.21659
0.25849
0.30453
0.25625
0.32142
0.32519
0.22968
0.25887
0.35253
0.22478
0.26385
0.31299
0.28344
0.28886
0.24827
0.27948
0.27219
0.28525
0.30792
0.30405
0.24607
0.28850
0.28171
0.30641
0.27682
0.27098
0.14513
0.27590
0.33425
0.35540
0.31813
0.28958
0.37162
0.41683
0.27611
0.20202
0.29848
0.38616
0.28045
0.20424
0.30338
0.34130
0.25328
0.25101
0.31914
0.27292
0.24552
0.25319
0.32222
0.34121
0.39679
0.27012
0.29966
0.26176
0.37525
0.28755
0.30573
0.29940
0.36928
0.28452
0.18055
0.29403
0.42503
0.26013
0.38829
0.38044
0.19598
0.29408
0.36483
0.31705
0.31061
0.26818
0.27250
0.21828
0.29310
0.30110
0.31690
0.28322
0.37450
0.27371
0.28560
0.24422
0.19570
0.25196
0.38682
0.17299
0.14187
0.33600
0.12190
0.18872
0.39174
0.14711
0.23995
0.23369
0.26321
0.22931
0.44056
0.19108
0.32240
0.39148
0.24114
0.22249
0.24593
0.24211
0.19640
0.34569
0.16693
0.36553
0.34610
0.25752
0.25035
0.23803
0.34033
0.27232
0.20008
0.34750
0.42385
0.32634
0.28763
0.34186
0.36456
0.22064
0.25011
0.28402
0.39575
0.21885
0.22104
0.24555
0.35751
0.27066
0.22395
0.26743
0.33198
0.33751
0.20208
0.31153
0.32962
0.28101
0.30349
0.24582
0.39591
0.30726
0.27200
0.29230
0.29427
0.31788
0.27177
0.30003
0.23025
0.34984
0.26394
0.26761
0.30440
0.30326
0.26251
0.30185
0.19502
0.36445
0.21140
0.04885
0.10920
0.26219
0.20671
0.29037
0.23830
0.27019
0.30016
0.23513
0.07120
0.15589
0.06819
0.29040
0.26635
0.21110
0.29544
0.11472
0.09597
0.19694
0.24743
0.10638
0.19839
0.20378
0.27642
0.21110
0.20412
0.27837
0.08187
0.30368
0.21014
0.02547
0.11401
0.12360
0.24880
0.11585
0.15679
0.13838
0.30932
0.07315
0.05412
0.03425
0.11132
0.30400
0.14654
0.13849
0.24401
0.29349
0.22581
0.31179
0.21445
0.06371
0.28443
0.06611
0.08440
0.25130
0.19111
0.21098
0.04967
0.09981
0.19658
0.21571
0.29145
0.22984
0.06171
0.07585
0.20717
0.21475
0.16470
0.24751
0.11169
0.25870
0.18860
0.09933
0.26568
0.30439
0.11402
0.13890
0.12195
0.06462
0.06841
0.21894
0.06811
0.21802
0.28958
0.25998
0.20397
0.31731
0.23971
0.24879
0.21200
0.21073
0.17374
0.04719
0.23513
0.13537
0.08809
0.22348
0.24585
0.24340
0.19964
0.09448
0.07273
0.21787
0.16460
0.27977
0.27962
0.14209
0.23148
0.31261
0.13711
0.24972
0.11384
0.03043
0.05591
0.19852
0.07131
0.10646
0.22429
0.26279
0.12186
0.09121
0.03302
0.06906
0.08961
0.24174
