0.06991
0.10224
0.04244
0.19125
0.06762
0.13347
0.25127
0.10001
0.15333
0.04648
0.15047
0.15272
0.13175
0.11503
0.10957
0.22014
0.18062
0.07897
0.06706
0.14563
0.29097
0.09700
0.12398
0.04198
0.25751
0.10899
0.10209
0.20395
0.07371
0.15083
0.21194
0.20146
0.14631
0.09559
0.03956
0.10285
0.16182
0.07520
0.10772
0.15970
0.30558
0.24965
0.06090
0.13597
0.27707
0.16698
0.12127
0.21675
0.12951
0.12506
0.10015
0.08380
0.13096
0.27986
0.08841
0.21778
0.21155
0.08554
0.11832
0.04639
0.26740
0.27199
0.11373
0.22312
0.26709
0.30676
0.03642
0.16133
0.07298
0.04252
0.11880
0.28958
0.26658
0.19174
0.25289
0.09584
0.05823
0.05220
0.20235
0.15117
0.31749
0.15413
0.31365
0.24848
0.20707
0.34969
0.08725
0.05889
0.09002
0.26741
0.28436
0.14844
0.05414
0.22036
0.04120
0.16059
0.17310
0.22819
0.21509
0.12933
0.10095
0.14719
0.13939
0.13669
0.18072
0.29321
0.12271
0.16127
0.13534
0.27380
0.04523
0.25015
0.04581
0.25962
0.11324
0.15329
0.25168
0.04704
0.06713
0.18800
0.18880
0.03187
0.24092
0.02805
0.07183
0.09880
0.31467
0.23192
0.10876
0.25017
0.09383
0.11300
0.32477
0.33381
0.12405
0.10919
0.03540
0.24627
0.25845
0.03924
0.14705
0.02714
0.25381
0.20585
0.13199
0.26984
0.08928
0.30957
0.16282
0.08897
0.19591
0.22822
0.10788
0.28352
0.29524
0.30508
0.08341
0.15104
0.14883
0.18707
0.25700
0.24099
0.26812
0.31092
0.09930
0.08057
0.26806
0.31045
0.04012
0.23824
0.03375
0.16639
0.18359
0.02772
0.07208
0.21887
0.06590
0.04668
0.14799
0.25361
0.06870
0.10127
0.18804
0.10896
0.08839
0.17859
0.19485
0.25079
0.24091
0.14538
0.15012
0.06523
0.02990
0.17921
0.12071
0.24195
0.18554
0.16972
0.07120
0.25497
0.21660
0.04961
0.17234
0.16122
0.03694
0.24061
0.07515
0.18989
0.23402
0.11739
0.25452
0.21176
0.07644
0.21513
0.24503
0.20832
0.12658
0.26677
0.21849
0.32930
0.09512
0.19297
0.09751
0.05119
0.05711
0.03974
0.11604
0.16352
0.14219
0.05640
0.20495
0.06932
0.19657
0.08397
0.04302
0.22367
0.11404
0.04532
0.10675
0.25372
0.05951
0.30932
0.11200
0.11523
0.15030
0.19016
0.11201
0.02509
0.08728
0.10513
0.12413
0.07998
0.06849
0.23584
0.13616
0.16672
0.20348
0.06191
0.02931
0.15035
0.21629
0.13504
0.19673
0.14262
0.12299
0.23335
0.29925
0.09249
0.12290
0.06765
0.08655
0.12579
0.06655
0.01631
0.33895
0.12887
0.05009
0.22189
0.14979
0.06213
0.15054
0.29876
0.11441
0.05803
0.25940
0.11954
0.21229
0.15717
0.16240
0.14785
0.07637
0.07146
0.16220
0.21661
0.11250
0.09504
0.13388
0.14448
0.17027
0.10316
0.29747
0.23826
0.25983
0.10204
0.09394
0.29010
0.30849
0.31536
0.04384
0.27372
0.12386
0.21711
0.12760
0.06931
0.14354
0.10828
0.08623
0.19489
0.24730
0.06654
0.08575
0.05917
0.26421
0.17537
0.19695
0.12974
0.21499
0.25435
0.08648
0.05060
0.23615
0.27221
0.34545
0.24131
0.31262
0.22187
0.21022
0.28743
0.28103
0.23647
0.04078
0.06926
0.08684
0.23755
0.04596
0.04410
0.18677
0.10973
0.23760
0.07364
0.16413
0.10787
0.26890
0.25025
0.26257
0.17620
0.24907
0.10766
0.15778
0.29753
0.05132
0.19651
0.06388
0.07486
0.18917
0.07294
0.22884
0.28257
0.04838
0.12113
0.12273
0.23721
0.11677
0.04186
0.06473
0.05671
0.05525
0.08346
0.16772
0.06331
0.29218
0.16785
0.20158
0.07866
0.12456
0.25396
0.21118
0.29149
0.33596
0.18430
0.25536
0.30302
0.29523
0.31597
0.27077
0.26431
0.33573
0.25772
0.24159
0.25758
0.20156
0.30137
0.17443
0.35281
0.28852
0.21108
0.26408
0.25468
0.25878
0.35373
0.27720
0.24209
0.30279
0.31586
0.22190
0.26487
0.29568
0.27491
0.23483
0.24904
0.28298
0.28593
0.26648
0.17958
0.32880
0.25133
0.26220
0.29247
0.19754
0.30675
0.32744
0.30592
0.29745
0.30597
0.27749
0.25500
0.28550
0.29981
0.23384
0.29108
0.28203
0.25183
0.28181
0.28062
0.19585
0.30852
0.25208
0.27059
0.28929
0.26627
0.28681
0.19526
0.26169
0.33591
0.11697
0.27564
0.23337
0.21235
0.15725
0.37571
0.30232
0.30364
0.17098
0.33675
0.27660
0.28365
0.34504
0.26993
0.29639
0.27790
0.24432
0.27945
0.13349
0.32405
0.29909
0.24401
0.16464
0.33028
0.18211
0.26733
0.28072
0.24611
0.33763
0.29732
0.21031
0.29307
0.30247
0.10538
0.17885
0.28413
0.17914
0.17904
0.14703
0.24893
0.31737
0.26239
0.28161
0.23907
0.30295
0.20621
0.30485
0.26644
0.29380
0.19645
0.26518
0.28603
0.20526
0.18020
0.33449
0.24918
0.22160
0.24848
0.28057
0.22021
0.35432
0.28628
0.22619
0.27589
0.18241
0.26255
0.29988
0.27753
0.21118
0.20432
0.17470
0.30088
0.23206
0.27753
0.20374
0.28508
0.32713
0.26759
0.19716
0.17791
0.27533
0.19254
0.29158
0.17312
0.20099
0.23077
0.19102
0.21862
0.30649
0.31442
0.28197
0.24723
0.22648
0.29936
0.20932
0.24653
0.23389
0.28063
0.25539
0.15213
0.17820
0.27209
0.27682
0.21797
0.13326
0.20182
0.25061
0.23880
0.17937
0.27469
0.30341
0.12979
0.24219
0.25218
0.28246
0.18996
0.28593
0.22163
0.24122
0.37293
0.19113
0.24614
0.22357
0.33519
0.29533
0.23541
0.28454
0.30025
0.25446
0.15573
0.28863
0.24665
0.25988
0.26232
0.23886
0.31992
0.24710
0.25130
0.19795
0.31539
0.24349
0.28345
0.21893
0.27133
0.27858
0.24947
0.15326
0.23897
0.20834
0.31115
0.20233
0.30725
0.23274
0.27733
0.26769
0.25548
0.25324
0.14309
0.22556
0.30712
0.28990
0.26077
0.26639
0.29046
0.27221
0.24743
0.23740
0.28964
0.29355
0.27350
0.24787
0.11493
0.29034
0.27419
0.25594
0.26689
0.16328
0.30197
0.28052
0.20106
0.17830
0.25680
0.24828
0.29593
0.26077
0.20822
0.32208
0.33048
0.15044
0.24656
0.28633
0.25733
0.27267
0.30399
0.31203
0.16025
0.19024
0.13396
0.27235
0.27920
0.34146
0.24763
0.28019
0.27504
0.24421
0.27002
0.27841
0.25360
0.16724
0.29876
0.20869
0.21947
0.30614
0.29110
0.26339
0.21953
0.25695
0.26243
0.32333
0.32719
0.24950
0.26460
0.14877
0.30100
0.27484
0.13141
0.26417
0.16325
0.25218
0.29825
0.21196
0.26801
0.23981
0.25629
0.19147
0.23690
0.22370
0.31469
0.27352
0.26338
0.20927
0.26905
0.25270
0.24235
0.22780
0.28297
0.27494
0.32474
0.23574
0.23210
0.28472
0.26517
0.25222
0.24354
0.17284
0.30310
0.25795
0.31748
0.26853
0.24270
0.32437
0.25900
0.26735
0.29230
0.15033
0.21274
0.28136
0.23202
0.29625
0.27920
0.27030
0.29785
0.36323
0.28102
0.31238
0.26765
0.28803
0.25622
0.34512
0.25300
0.26474
0.29871
0.29545
0.29964
0.29188
0.36385
0.17308
0.26634
0.30243
0.19946
0.29942
0.32514
0.22103
0.25956
0.30345
0.22062
0.27562
0.28628
0.27587
0.25323
0.25917
0.28169
0.25809
0.26361
0.30061
0.27583
0.24788
0.30417
0.26627
0.31695
0.27354
0.23664
0.13192
0.30635
0.32373
0.32674
0.30360
0.28065
0.35240
0.36526
0.28310
0.18001
0.31475
0.35779
0.24526
0.12949
0.31740
0.32880
0.25084
0.23799
0.31553
0.26628
0.24570
0.22877
0.31871
0.29823
0.32685
0.25933
0.29097
0.26308
0.35158
0.27117
0.24552
0.30973
0.29126
0.29309
0.19456
0.31099
0.40605
0.26091
0.35944
0.36869
0.18032
0.30031
0.33430
0.29631
0.27540
0.26188
0.28527
0.21036
0.25876
0.29161
0.24963
0.27318
0.35282
0.27161
0.29159
0.24139
0.19986
0.27710
0.37147
0.18622
0.09271
0.33536
0.08064
0.20698
0.36884
0.18227
0.18377
0.20847
0.28240
0.22878
0.41397
0.18211
0.31510
0.35663
0.21370
0.22988
0.26618
0.20575
0.19518
0.33750
0.16645
0.33764
0.32224
0.26163
0.22291
0.25989
0.33174
0.24409
0.18830
0.31491
0.39535
0.26438
0.26940
0.34893
0.34266
0.24681
0.25619
0.27161
0.34793
0.17697
0.20346
0.25017
0.30616
0.28048
0.22986
0.29567
0.26110
0.29237
0.14030
0.31113
0.32290
0.28140
0.29013
0.23539
0.34514
0.27826
0.24129
0.27466
0.31400
0.27589
0.24450
0.28986
0.23535
0.33429
0.20276
0.25791
0.30833
0.28877
0.25829
0.29712
0.18821
0.33411
0.22477
0.03046
0.13757
0.27219
0.22152
0.24022
0.15093
0.23834
0.35237
0.23481
0.07131
0.18418
0.05643
0.30128
0.21624
0.19036
0.30227
0.06064
0.11417
0.21353
0.20054
0.05712
0.12977
0.19527
0.28269
0.19321
0.22809
0.27446
0.01892
0.33110
0.22743
0.06895
0.07539
0.07683
0.29559
0.15349
0.20478
0.19694
0.31575
0.04265
0.05137
0.09590
0.06368
0.25024
0.09887
0.11289
0.17244
0.30783
0.07052
0.28881
0.23432
0.07285
0.28219
0.05264
0.06263
0.31239
0.20872
0.27817
0.10799
0.06324
0.20159
0.21233
0.27605
0.26936
0.02631
0.04777
0.16286
0.21708
0.18493
0.14983
0.10904
0.27405
0.15798
0.11438
0.27824
0.28797
0.09912
0.12385
0.19597
0.11055
0.05161
0.26003
0.13449
0.20308
0.23436
0.25519
0.20672
0.31005
0.23222
0.28506
0.15738
0.23886
0.18082
0.03376
0.21019
0.09595
0.11035
0.23288
0.22609
0.29251
0.19414
0.01980
0.05668
0.09839
0.17747
0.25483
0.29539
0.05906
0.23288
0.31576
0.09886
0.24689
0.07580
0.00439
0.05844
0.12062
0.04056
0.11352
0.22529
0.25997
0.06145
0.10717
0.04352
0.06897
0.08473
0.28335
