0.19929
0.17726
0.13909
0.27274
0.13271
0.16886
0.25327
0.17013
0.22300
0.12034
0.23005
0.15018
0.22197
0.15313
0.14362
0.24306
0.15618
0.20607
0.14418
0.17073
0.28998
0.17511
0.22015
0.11564
0.25640
0.22245
0.17139
0.28874
0.19588
0.18122
0.18597
0.29855
0.18693
0.12993
0.12310
0.12040
0.17850
0.14752
0.17307
0.19520
0.30022
0.28232
0.17037
0.19526
0.27680
0.24276
0.18050
0.28565
0.25389
0.19824
0.12050
0.20360
0.12874
0.31297
0.12743
0.25584
0.26590
0.15401
0.17895
0.13164
0.27547
0.31532
0.18111
0.26466
0.26834
0.31939
0.15027
0.19833
0.23964
0.09688
0.16947
0.31492
0.33566
0.21672
0.25844
0.15349
0.15710
0.08384
0.23009
0.19333
0.31020
0.20642
0.35511
0.25778
0.27765
0.35466
0.11328
0.14343
0.23115
0.25678
0.33364
0.20890
0.10863
0.26437
0.15457
0.24803
0.20391
0.22550
0.20436
0.20700
0.12263
0.21937
0.20030
0.19019
0.25556
0.27298
0.23515
0.21478
0.25260
0.30507
0.10832
0.23622
0.20451
0.22998
0.13194
0.21096
0.26435
0.11963
0.09987
0.22171
0.23799
0.13244
0.29205
0.10137
0.15574
0.18064
0.30626
0.27545
0.21930
0.24151
0.18609
0.18360
0.28870
0.33455
0.15304
0.17728
0.13219
0.29343
0.28355
0.14670
0.22587
0.09365
0.28900
0.20344
0.23949
0.34226
0.17231
0.34834
0.21314
0.09538
0.19346
0.32736
0.11817
0.32934
0.31339
0.32458
0.16897
0.15189
0.19307
0.23736
0.26457
0.25195
0.30083
0.31662
0.10529
0.21350
0.32932
0.27559
0.16995
0.28594
0.14806
0.28119
0.26280
0.07275
0.16458
0.24788
0.12060
0.14860
0.23484
0.29832
0.17296
0.12691
0.26065
0.21838
0.17284
0.27992
0.26974
0.25413
0.26206
0.22862
0.16213
0.18096
0.12483
0.16624
0.19703
0.24904
0.24254
0.25127
0.12012
0.30920
0.21627
0.16785
0.19731
0.17160
0.10753
0.28743
0.16734
0.27957
0.27560
0.19542
0.24860
0.22579
0.20507
0.26879
0.27232
0.27063
0.16421
0.32021
0.25744
0.35464
0.15302
0.28123
0.12654
0.15064
0.15311
0.16593
0.23861
0.22931
0.19544
0.14088
0.26341
0.17704
0.26514
0.14766
0.10474
0.31603
0.13119
0.15591
0.18296
0.25475
0.16887
0.30234
0.19924
0.13425
0.17075
0.20184
0.12534
0.11978
0.15689
0.14463
0.14630
0.18857
0.19102
0.27227
0.20459
0.19795
0.23145
0.10309
0.14081
0.14949
0.23120
0.22336
0.25763
0.24523
0.20183
0.29160
0.27812
0.12402
0.19902
0.12961
0.17748
0.15266
0.09661
0.12270
0.35426
0.17132
0.09883
0.22663
0.22200
0.18554
0.18192
0.34043
0.13929
0.14530
0.28845
0.17925
0.21778
0.21606
0.26650
0.24062
0.17441
0.13571
0.26116
0.22726
0.20053
0.13266
0.17146
0.22111
0.21215
0.25007
0.35090
0.30918
0.29519
0.20385
0.14252
0.31485
0.33502
0.34502
0.11159
0.27275
0.13917
0.28936
0.17942
0.11737
0.19652
0.26146
0.17247
0.24357
0.23823
0.11241
0.16059
0.14405
0.26154
0.20239
0.27893
0.18731
0.26070
0.27037
0.17659
0.11879
0.28177
0.32970
0.34285
0.24497
0.33274
0.25886
0.26058
0.30848
0.27821
0.24306
0.11759
0.13356
0.18108
0.23918
0.13978
0.14282
0.22118
0.21679
0.25472
0.13669
0.21136
0.18595
0.28280
0.27326
0.25883
0.20523
0.31528
0.23088
0.19987
0.31061
0.18392
0.25853
0.10110
0.20344
0.19839
0.11268
0.25317
0.34999
0.16187
0.12625
0.20889
0.27399
0.12041
0.09126
0.14457
0.13504
0.09649
0.16866
0.21966
0.14195
0.27311
0.19726
0.26094
0.12947
0.18552
0.28370
0.22629
0.29745
0.33323
0.17973
0.27749
0.31753
0.30734
0.33548
0.28176
0.26981
0.31939
0.26590
0.21701
0.27405
0.20208
0.31191
0.19288
0.36065
0.30361
0.22993
0.27866
0.25503
0.28313
0.35280
0.30492
0.25380
0.29751
0.32105
0.23810
0.27680
0.30356
0.26570
0.23474
0.24477
0.31149
0.27233
0.27503
0.22584
0.31978
0.26238
0.27729
0.32587
0.18729
0.32914
0.32440
0.30215
0.31726
0.30358
0.30960
0.23490
0.29716
0.32142
0.23670
0.29177
0.28954
0.24293
0.31825
0.28366
0.17846
0.30845
0.24493
0.27548
0.29961
0.26911
0.29023
0.17606
0.27535
0.32278
0.12094
0.28218
0.23672
0.20216
0.14952
0.35985
0.29901
0.29165
0.16093
0.34678
0.26893
0.27079
0.35845
0.28843
0.31491
0.28965
0.23064
0.28632
0.16992
0.34346
0.29165
0.25492
0.17606
0.34672
0.20997
0.25787
0.28821
0.26926
0.33379
0.31141
0.21444
0.27760
0.30019
0.14504
0.19128
0.29986
0.18299
0.17318
0.13838
0.28744
0.33258
0.27761
0.29465
0.24536
0.32242
0.23117
0.30153
0.29248
0.29668
0.22409
0.27111
0.29563
0.22115
0.15834
0.36538
0.28621
0.21965
0.29266
0.29658
0.22772
0.36926
0.29288
0.21233
0.30555
0.20834
0.28622
0.31914
0.29689
0.26432
0.22670
0.16366
0.33857
0.19359
0.28786
0.23698
0.29597
0.31979
0.28911
0.17790
0.20621
0.29242
0.19086
0.31029
0.19004
0.22436
0.20736
0.20636
0.21663
0.31813
0.30016
0.31941
0.27448
0.21464
0.32909
0.17487
0.23800
0.23352
0.28632
0.29080
0.15812
0.19321
0.26834
0.29587
0.24017
0.15326
0.20437
0.28455
0.23040
0.23845
0.27034
0.32660
0.17992
0.25337
0.26166
0.28873
0.18967
0.29490
0.28069
0.26438
0.40301
0.18172
0.30085
0.23220
0.35271
0.29338
0.27476
0.27892
0.29263
0.26285
0.17513
0.31458
0.27763
0.27708
0.29033
0.24167
0.32853
0.22776
0.29440
0.21116
0.33425
0.26703
0.30166
0.20890
0.28854
0.30172
0.26139
0.18591
0.27507
0.21804
0.32006
0.18726
0.31121
0.24690
0.27780
0.24913
0.26420
0.25388
0.14530
0.26252
0.31876
0.31192
0.27401
0.30574
0.31573
0.27212
0.24909
0.24816
0.29638
0.29662
0.28320
0.24607
0.17544
0.29812
0.29162
0.26257
0.27933
0.24736
0.33247
0.30176
0.22243
0.19317
0.28095
0.26757
0.29890
0.27492
0.24940
0.33831
0.33660
0.16000
0.22926
0.31596
0.27807
0.29575
0.31663
0.33070
0.21920
0.20070
0.15835
0.27823
0.28260
0.35035
0.27716
0.29045
0.28570
0.22684
0.24303
0.27602
0.27247
0.17132
0.31486
0.20777
0.22244
0.34107
0.32188
0.27416
0.22355
0.27312
0.28242
0.31650
0.32826
0.22722
0.25241
0.19256
0.31007
0.31634
0.11825
0.29751
0.18715
0.26161
0.31259
0.21079
0.27981
0.26006
0.25576
0.21163
0.24946
0.21792
0.30647
0.27726
0.29303
0.18920
0.30072
0.25083
0.25779
0.22680
0.30144
0.26008
0.34445
0.23443
0.27522
0.29439
0.26417
0.25270
0.27340
0.18433
0.30244
0.27949
0.31228
0.27814
0.27753
0.32552
0.27763
0.29167
0.31500
0.15597
0.18555
0.30873
0.22045
0.32412
0.31493
0.30202
0.32155
0.37311
0.28470
0.30516
0.26423
0.29569
0.29281
0.35383
0.27124
0.27334
0.31057
0.30498
0.30120
0.33395
0.36729
0.21002
0.27661
0.32037
0.24820
0.31237
0.33946
0.23607
0.25182
0.32352
0.23601
0.30433
0.30847
0.27897
0.28080
0.27467
0.29114
0.27047
0.28678
0.32790
0.29284
0.26985
0.30260
0.27568
0.32110
0.29445
0.25596
0.12744
0.26795
0.32913
0.35607
0.32003
0.31763
0.36760
0.39109
0.29747
0.20279
0.31516
0.38855
0.29067
0.23819
0.30518
0.34169
0.23537
0.25875
0.31613
0.24600
0.25824
0.24439
0.31421
0.35080
0.37954
0.28926
0.31912
0.24657
0.36363
0.28417
0.28902
0.28191
0.31988
0.26619
0.21402
0.29073
0.43923
0.25055
0.39287
0.40356
0.23279
0.31107
0.36132
0.31665
0.28213
0.26542
0.27374
0.24586
0.29391
0.30136
0.30357
0.29640
0.36775
0.29530
0.30721
0.25852
0.21886
0.27580
0.40251
0.21724
0.13717
0.31889
0.13334
0.13950
0.40339
0.16053
0.23923
0.21964
0.27596
0.22814
0.40427
0.20328
0.32792
0.39476
0.25255
0.22405
0.25730
0.25210
0.21125
0.36049
0.17110
0.35380
0.33877
0.27008
0.24564
0.26019
0.34362
0.26614
0.22576
0.33903
0.41388
0.31040
0.28846
0.33511
0.36336
0.24591
0.26000
0.28872
0.35326
0.19996
0.23683
0.20791
0.37004
0.29395
0.24424
0.28440
0.32297
0.35180
0.23641
0.28962
0.31957
0.28994
0.28392
0.25193
0.36372
0.29391
0.27569
0.30871
0.29912
0.35415
0.27162
0.30310
0.25490
0.33287
0.22211
0.25330
0.31753
0.28179
0.22759
0.26843
0.19873
0.35770
0.19970
0.04953
0.18887
0.21224
0.25444
0.25295
0.22124
0.27091
0.30125
0.26202
0.10367
0.20936
0.04652
0.28522
0.25735
0.17856
0.30263
0.06983
0.22444
0.22409
0.25668
0.15170
0.21617
0.24741
0.30478
0.23036
0.22226
0.29807
0.09732
0.31703
0.22874
0.04535
0.10956
0.13538
0.23760
0.08679
0.24367
0.18466
0.28422
0.09041
0.16181
0.14682
0.10250
0.26714
0.22393
0.23039
0.23050
0.27849
0.18941
0.29859
0.20992
0.15807
0.26676
0.09901
0.09658
0.29415
0.18643
0.28188
0.13847
0.09885
0.20097
0.22441
0.29054
0.26714
0.10113
0.10207
0.18157
0.21821
0.26552
0.21901
0.20689
0.23107
0.19149
0.16947
0.23874
0.28769
0.18011
0.24169
0.24438
0.14875
0.08144
0.26104
0.17712
0.19983
0.25248
0.28239
0.19351
0.31862
0.25950
0.27947
0.21710
0.24634
0.23091
0.10597
0.27325
0.17962
0.09882
0.19643
0.22187
0.27347
0.25941
0.08415
0.03599
0.16059
0.21769
0.25614
0.25118
0.19596
0.26410
0.28292
0.12368
0.24339
0.16979
0.07423
0.11707
0.15770
0.15426
0.13400
0.23957
0.28041
0.15267
0.12310
0.07369
0.04206
0.17661
0.29882
