0.24582
0.15590
0.19663
0.23010
0.10977
0.20050
0.25510
0.17507
0.21102
0.17555
0.23343
0.18083
0.20926
0.19866
0.21612
0.25067
0.17904
0.21741
0.18512
0.20213
0.29744
0.21320
0.21572
0.16367
0.24221
0.20960
0.23208
0.28789
0.15882
0.23476
0.21835
0.24649
0.22132
0.17571
0.17457
0.12796
0.20019
0.21713
0.16820
0.22921
0.30686
0.27361
0.19167
0.22687
0.28107
0.23372
0.19033
0.28676
0.24948
0.17982
0.15401
0.23371
0.20660
0.28915
0.14429
0.27282
0.26975
0.18119
0.20189
0.16857
0.28495
0.30845
0.18549
0.26936
0.27755
0.33806
0.18255
0.22496
0.20155
0.18965
0.19583
0.32966
0.33941
0.24241
0.24708
0.21856
0.21910
0.13655
0.25402
0.21696
0.31092
0.30250
0.32727
0.26012
0.28529
0.35594
0.17358
0.16013
0.20313
0.27859
0.33513
0.25749
0.15578
0.27558
0.19099
0.20973
0.22440
0.21667
0.20223
0.18794
0.15199
0.19589
0.19161
0.22636
0.25026
0.27815
0.20846
0.26094
0.24688
0.26227
0.11808
0.27303
0.14708
0.24492
0.20151
0.24127
0.25634
0.16937
0.14936
0.22676
0.27932
0.16379
0.29391
0.13813
0.17011
0.18467
0.33582
0.28531
0.22035
0.26516
0.15951
0.15509
0.29284
0.34918
0.20595
0.19063
0.16451
0.30284
0.26759
0.12673
0.18618
0.12922
0.28647
0.26224
0.23584
0.33115
0.16493
0.36328
0.22526
0.13832
0.23868
0.33565
0.15306
0.31625
0.30506
0.33541
0.19091
0.21303
0.23951
0.26565
0.28614
0.27150
0.28914
0.31971
0.17772
0.21156
0.31104
0.29623
0.18535
0.29342
0.13806
0.27058
0.24311
0.09710
0.19743
0.24251
0.19156
0.15273
0.22209
0.28133
0.16372
0.16970
0.25752
0.18252
0.13774
0.26825
0.26293
0.28796
0.26778
0.23182
0.20773
0.18430
0.15151
0.21782
0.25398
0.28141
0.25823
0.22738
0.21655
0.27997
0.24200
0.22295
0.23887
0.24128
0.16816
0.26992
0.16540
0.26977
0.26880
0.24993
0.28466
0.25603
0.14644
0.26179
0.27580
0.28431
0.19613
0.29747
0.24028
0.35228
0.21714
0.22826
0.24667
0.17432
0.15652
0.15193
0.20409
0.23950
0.19271
0.15984
0.27399
0.17370
0.27195
0.18025
0.15902
0.30517
0.15954
0.13429
0.14579
0.26898
0.20154
0.31814
0.17355
0.20346
0.22078
0.21022
0.19429
0.13052
0.21725
0.21828
0.18456
0.23260
0.18814
0.28710
0.19069
0.23490
0.19331
0.18507
0.14918
0.20993
0.23790
0.19262
0.28000
0.24136
0.20175
0.26288
0.29592
0.19878
0.22694
0.19971
0.18785
0.16623
0.15982
0.15179
0.38041
0.22452
0.13027
0.23624
0.23159
0.16680
0.23680
0.32988
0.17580
0.17359
0.31143
0.24054
0.22953
0.25708
0.26432
0.23749
0.17271
0.14172
0.22817
0.25900
0.21634
0.17139
0.22262
0.24553
0.19573
0.20886
0.33399
0.32441
0.28645
0.22267
0.16556
0.30719
0.30812
0.30991
0.16274
0.26824
0.20511
0.29106
0.24249
0.17487
0.16944
0.23139
0.18722
0.24798
0.25006
0.16710
0.20546
0.15034
0.30837
0.23497
0.30218
0.22584
0.25224
0.25452
0.22435
0.13934
0.27916
0.31577
0.36879
0.26208
0.29999
0.21414
0.25477
0.28990
0.28899
0.25421
0.14526
0.16116
0.21607
0.24566
0.11844
0.18503
0.24189
0.19762
0.25451
0.15306
0.22322
0.23437
0.30417
0.27896
0.25223
0.25148
0.31743
0.20868
0.19830
0.33190
0.13086
0.23052
0.16793
0.16238
0.21003
0.17955
0.26407
0.32683
0.21663
0.19232
0.22958
0.25670
0.19926
0.17409
0.21459
0.18561
0.14426
0.21671
0.24769
0.16892
0.30845
0.23404
0.20635
0.18721
0.14721
0.28757
0.22351
0.31043
0.36006
0.19659
0.29480
0.31300
0.30932
0.31762
0.29034
0.26675
0.35747
0.29500
0.24716
0.27754
0.23673
0.32481
0.20212
0.38490
0.31191
0.22043
0.27724
0.26860
0.28097
0.35530
0.30346
0.25880
0.31112
0.33257
0.24037
0.28238
0.31967
0.29447
0.24142
0.26003
0.30838
0.31275
0.29154
0.21557
0.35117
0.28860
0.25732
0.33142
0.21570
0.32041
0.36844
0.29934
0.31934
0.31386
0.30773
0.25587
0.29196
0.33097
0.23317
0.32129
0.32485
0.27320
0.28549
0.30687
0.22560
0.31557
0.25649
0.27085
0.30945
0.27821
0.27209
0.18743
0.30015
0.36864
0.12277
0.28535
0.24090
0.21415
0.19877
0.35597
0.30734
0.31708
0.17812
0.34693
0.27262
0.26987
0.37157
0.31164
0.30367
0.29153
0.25536
0.28392
0.17258
0.37892
0.29901
0.24623
0.18143
0.33850
0.19934
0.24301
0.29125
0.26283
0.32732
0.32122
0.22917
0.31417
0.30612
0.16584
0.17737
0.31478
0.17871
0.17417
0.15702
0.28453
0.32336
0.28873
0.28169
0.24116
0.30901
0.22333
0.30931
0.29344
0.30709
0.22466
0.28014
0.29200
0.22055
0.19591
0.34695
0.29990
0.24633
0.30454
0.31541
0.25771
0.36431
0.32013
0.25321
0.28029
0.21417
0.30564
0.31035
0.28709
0.27853
0.22876
0.17393
0.33365
0.22194
0.29214
0.23311
0.29787
0.33348
0.28990
0.19806
0.21996
0.29175
0.20254
0.31853
0.19653
0.25642
0.23416
0.22807
0.22681
0.31479
0.31532
0.33069
0.26902
0.25447
0.32564
0.22573
0.23664
0.23456
0.29379
0.29759
0.14514
0.20492
0.29119
0.29100
0.23327
0.17155
0.24136
0.25555
0.23061
0.23256
0.27637
0.32088
0.18686
0.27942
0.27958
0.31083
0.20185
0.28658
0.27124
0.26451
0.37763
0.19940
0.30161
0.24121
0.36447
0.31153
0.28094
0.28233
0.30198
0.25455
0.18612
0.31183
0.29846
0.26942
0.28371
0.26358
0.32988
0.26245
0.24568
0.26112
0.35192
0.24811
0.29729
0.21499
0.27921
0.27365
0.26145
0.20537
0.26869
0.26738
0.32334
0.25181
0.30700
0.24960
0.27633
0.28819
0.28317
0.31117
0.16244
0.25876
0.32963
0.32434
0.27463
0.30369
0.31718
0.28286
0.26397
0.24836
0.28886
0.29625
0.28499
0.23870
0.17759
0.30544
0.31546
0.26033
0.29466
0.19144
0.32512
0.30538
0.20698
0.22525
0.28268
0.30840
0.30288
0.25059
0.24764
0.35585
0.34279
0.16479
0.26171
0.31366
0.29051
0.28633
0.32295
0.34053
0.22424
0.19821
0.17755
0.28180
0.30097
0.36504
0.29244
0.28529
0.29907
0.22717
0.27135
0.28075
0.25329
0.18472
0.32140
0.21430
0.23781
0.34634
0.30933
0.27489
0.25631
0.26955
0.29182
0.33977
0.34364
0.26188
0.27555
0.17675
0.31256
0.31451
0.13871
0.27540
0.18291
0.23976
0.29190
0.24506
0.29100
0.25993
0.26912
0.22098
0.26615
0.23730
0.34534
0.29394
0.27759
0.22479
0.26752
0.25611
0.24909
0.24200
0.32227
0.30284
0.34227
0.25211
0.28700
0.30971
0.26643
0.27399
0.28443
0.19571
0.33051
0.27863
0.34062
0.27043
0.31115
0.34240
0.28052
0.29166
0.30503
0.21886
0.22896
0.31499
0.25592
0.31797
0.31195
0.28968
0.32884
0.37805
0.30332
0.31877
0.26673
0.30826
0.28748
0.35841
0.28468
0.28969
0.31286
0.32325
0.31951
0.33470
0.40538
0.20104
0.27721
0.34990
0.26185
0.30667
0.33169
0.25072
0.27244
0.35407
0.23689
0.28378
0.30458
0.29669
0.24238
0.25137
0.29278
0.28081
0.27664
0.32754
0.30028
0.26212
0.30900
0.28996
0.32802
0.29372
0.27304
0.16831
0.31415
0.32141
0.36303
0.33814
0.30070
0.40236
0.38877
0.26503
0.18998
0.29938
0.40459
0.28521
0.16980
0.31223
0.34179
0.26763
0.24573
0.30169
0.26792
0.27056
0.25761
0.33788
0.34557
0.38217
0.27341
0.31102
0.28202
0.38341
0.29061
0.30731
0.30346
0.35911
0.29054
0.19701
0.31137
0.43301
0.23859
0.39686
0.40975
0.19990
0.28576
0.36530
0.31324
0.26520
0.25580
0.28382
0.24451
0.29347
0.31596
0.30018
0.30310
0.36479
0.29100
0.29443
0.25003
0.22968
0.26580
0.39339
0.23097
0.12639
0.36348
0.09626
0.20507
0.40223
0.14578
0.22962
0.24378
0.29415
0.25568
0.45726
0.18257
0.33705
0.39534
0.24775
0.24672
0.26390
0.24915
0.21509
0.35684
0.17616
0.37317
0.31954
0.27236
0.24694
0.24278
0.34751
0.27855
0.22730
0.35379
0.43633
0.32270
0.27319
0.36046
0.37334
0.23937
0.27704
0.28544
0.38863
0.19473
0.24468
0.24501
0.35422
0.29283
0.25239
0.26889
0.30425
0.34867
0.22695
0.30533
0.34429
0.28692
0.29690
0.27402
0.39525
0.30287
0.27978
0.30615
0.30415
0.33214
0.28065
0.31463
0.24721
0.32953
0.25567
0.26720
0.31542
0.31498
0.25080
0.30442
0.18196
0.34188
0.19271
0.15296
0.16430
0.25356
0.23709
0.23562
0.19529
0.27215
0.30103
0.24567
0.18513
0.22475
0.11255
0.30011
0.29533
0.17760
0.26820
0.17963
0.21076
0.20961
0.26501
0.15013
0.16686
0.22313
0.28824
0.17001
0.25307
0.27911
0.18890
0.32814
0.25160
0.18006
0.15518
0.18048
0.27100
0.20956
0.25062
0.19203
0.26604
0.16527
0.13245
0.21029
0.18682
0.27734
0.15038
0.26970
0.25749
0.27533
0.22181
0.29860
0.22216
0.17701
0.30160
0.06955
0.17337
0.31370
0.17835
0.29686
0.17186
0.20943
0.20163
0.21553
0.27384
0.24760
0.08692
0.18639
0.19004
0.22438
0.18291
0.23919
0.15996
0.27328
0.19094
0.18898
0.30164
0.29983
0.19039
0.22513
0.27528
0.15836
0.14965
0.27241
0.16154
0.21035
0.23214
0.26048
0.22639
0.32271
0.23611
0.27089
0.20258
0.24450
0.18912
0.16296
0.25224
0.19370
0.23690
0.20028
0.18643
0.28064
0.20432
0.10724
0.16337
0.16673
0.19975
0.25152
0.28535
0.17943
0.29445
0.31566
0.18056
0.24824
0.24224
0.11786
0.11983
0.22202
0.20657
0.16960
0.30063
0.26662
0.20196
0.15672
0.16961
0.20665
0.20650
0.28928
