0.18758
0.20355
0.18082
0.22077
0.14240
0.20953
0.26306
0.16395
0.16610
0.13992
0.20549
0.21361
0.19336
0.20674
0.20708
0.22504
0.18735
0.22181
0.16715
0.24802
0.29270
0.22047
0.21356
0.18256
0.26078
0.19054
0.21903
0.24285
0.16782
0.23314
0.19022
0.28989
0.22642
0.19004
0.15035
0.16476
0.20897
0.14145
0.17600
0.23748
0.29410
0.26669
0.22201
0.23420
0.29017
0.20781
0.16861
0.29856
0.23131
0.21045
0.21946
0.18817
0.22180
0.30699
0.18793
0.27408
0.24644
0.18039
0.22706
0.14044
0.29900
0.31232
0.21927
0.25467
0.28042
0.36004
0.14827
0.21577
0.19579
0.13130
0.25897
0.32218
0.33525
0.24132
0.23564
0.18225
0.18997
0.12496
0.20842
0.23755
0.31113
0.25211
0.33296
0.26223
0.25961
0.37087
0.18578
0.16020
0.19963
0.27214
0.36190
0.20913
0.12685
0.29176
0.11993
0.24381
0.17596
0.23488
0.19427
0.18259
0.21682
0.22683
0.23190
0.24244
0.24886
0.30963
0.21337
0.24163
0.25124
0.26759
0.11942
0.25881
0.14810
0.26493
0.24739
0.21183
0.25911
0.19104
0.16940
0.19960
0.24359
0.17213
0.28321
0.17338
0.13539
0.19009
0.30738
0.25645
0.19698
0.24646
0.12813
0.19724
0.25689
0.31238
0.20358
0.19365
0.13250
0.28633
0.26488
0.13623
0.17243
0.17578
0.29283
0.22147
0.25206
0.31446
0.14755
0.31521
0.24672
0.16916
0.28436
0.30237
0.20791
0.30221
0.31003
0.31649
0.14003
0.21589
0.24330
0.24431
0.23942
0.28023
0.28912
0.28632
0.17970
0.21837
0.24573
0.28263
0.18371
0.29854
0.12700
0.26800
0.26506
0.10150
0.20249
0.25230
0.18061
0.15214
0.25231
0.24239
0.14410
0.20000
0.25128
0.20274
0.18216
0.25981
0.24499
0.26708
0.25504
0.22491
0.22074
0.18747
0.14183
0.21321
0.22255
0.23825
0.24560
0.23260
0.14499
0.28962
0.25179
0.20468
0.19041
0.25937
0.13501
0.27735
0.17722
0.26540
0.26801
0.22998
0.20427
0.24851
0.18834
0.28171
0.28915
0.24651
0.23670
0.28424
0.27058
0.35643
0.19564
0.20351
0.20266
0.08936
0.16603
0.14159
0.18658
0.24939
0.20326
0.17472
0.24720
0.13354
0.26586
0.19491
0.15485
0.21481
0.19767
0.14676
0.19480
0.25913
0.17917
0.30344
0.16249
0.22248
0.23019
0.20729
0.24775
0.18448
0.21502
0.21861
0.20963
0.22280
0.15657
0.26047
0.21295
0.23393
0.20604
0.17346
0.17397
0.19075
0.21216
0.21421
0.25048
0.21511
0.19188
0.24416
0.28797
0.18688
0.21088
0.16131
0.16203
0.20322
0.15139
0.17000
0.34930
0.19013
0.13873
0.22908
0.20656
0.20474
0.21911
0.32021
0.21817
0.16422
0.31279
0.22718
0.22578
0.24622
0.24557
0.25531
0.15174
0.11537
0.25757
0.22104
0.22995
0.21826
0.23337
0.26081
0.21126
0.20933
0.32094
0.27939
0.27564
0.18634
0.23531
0.28957
0.31445
0.33923
0.14273
0.26830
0.23079
0.28525
0.20998
0.19667
0.20806
0.23456
0.20184
0.29993
0.24599
0.16729
0.20552
0.18142
0.28004
0.25461
0.29198
0.21500
0.24559
0.23681
0.20702
0.18218
0.31940
0.28577
0.35322
0.28137
0.32545
0.24098
0.21839
0.30135
0.28408
0.27461
0.19967
0.16915
0.21500
0.23843
0.15299
0.16197
0.24896
0.18573
0.25613
0.15612
0.18455
0.25504
0.26475
0.28773
0.27326
0.19048
0.30997
0.19086
0.19447
0.29906
0.13903
0.24795
0.15965
0.20962
0.25287
0.16719
0.24981
0.33271
0.21499
0.17392
0.25881
0.24922
0.21163
0.20092
0.18430
0.18764
0.17384
0.19964
0.21782
0.16282
0.29595
0.23303
0.21213
0.12406
0.19192
0.27361
0.22965
0.29801
0.34101
0.18061
0.25976
0.32759
0.32755
0.31338
0.28491
0.27288
0.33175
0.29022
0.26560
0.28365
0.21895
0.30255
0.20380
0.36272
0.29101
0.25660
0.27488
0.25378
0.25504
0.36180
0.30265
0.25589
0.30272
0.28793
0.24141
0.27838
0.28811
0.29047
0.25288
0.26789
0.31537
0.28940
0.24025
0.20890
0.32341
0.28704
0.26248
0.34214
0.19661
0.32870
0.32188
0.31257
0.28392
0.30817
0.29598
0.24129
0.29826
0.29649
0.21216
0.32922
0.28750
0.27692
0.25919
0.32883
0.20897
0.31766
0.25179
0.26792
0.26108
0.26053
0.29191
0.17895
0.25521
0.32887
0.12848
0.29254
0.25221
0.22173
0.19608
0.37820
0.30766
0.33479
0.17997
0.31927
0.28269
0.28074
0.33765
0.27722
0.30883
0.31028
0.23052
0.30430
0.20403
0.33609
0.28889
0.24720
0.16289
0.32726
0.22936
0.27023
0.28563
0.28162
0.32542
0.30370
0.22632
0.31128
0.30253
0.18956
0.20733
0.33074
0.19739
0.17334
0.18250
0.29337
0.34676
0.29895
0.29217
0.24682
0.27049
0.22677
0.27922
0.30874
0.26479
0.20153
0.29593
0.27838
0.23293
0.17626
0.37861
0.26527
0.21488
0.32982
0.26938
0.27923
0.37868
0.27448
0.23371
0.29778
0.22204
0.27230
0.33765
0.30488
0.25593
0.24988
0.17824
0.34778
0.25224
0.28144
0.25449
0.28347
0.31497
0.25453
0.20102
0.22576
0.28403
0.21166
0.27753
0.20274
0.23926
0.21179
0.21734
0.22153
0.32222
0.29661
0.31026
0.25766
0.22421
0.27534
0.21387
0.23675
0.22234
0.26761
0.31055
0.16332
0.20623
0.28051
0.29168
0.23885
0.17361
0.21848
0.26702
0.25260
0.23515
0.28275
0.32431
0.17378
0.26172
0.26398
0.30569
0.20595
0.30920
0.27021
0.26585
0.40876
0.19645
0.28791
0.23167
0.33420
0.27740
0.25553
0.28740
0.28447
0.29165
0.20197
0.31787
0.27556
0.25660
0.24665
0.27493
0.30726
0.25769
0.27483
0.24263
0.32794
0.24937
0.28400
0.21334
0.28780
0.29125
0.26919
0.22776
0.25870
0.25271
0.31950
0.22213
0.34525
0.25362
0.28725
0.27753
0.24830
0.28302
0.15607
0.27684
0.30089
0.28692
0.24783
0.31237
0.31698
0.29531
0.27265
0.22140
0.27060
0.27262
0.26167
0.22609
0.21876
0.26708
0.27574
0.24663
0.30330
0.25325
0.30636
0.29097
0.19936
0.19275
0.25694
0.28315
0.28985
0.30045
0.24770
0.32730
0.33230
0.16986
0.25884
0.26619
0.27821
0.31606
0.31811
0.30581
0.20470
0.21891
0.18997
0.28483
0.28224
0.32524
0.30737
0.31017
0.30053
0.23947
0.26919
0.28528
0.25707
0.17996
0.31271
0.20152
0.24046
0.30215
0.30131
0.28805
0.26367
0.28342
0.27559
0.33202
0.31634
0.25904
0.23750
0.21278
0.31309
0.30991
0.13793
0.29637
0.18968
0.25700
0.30149
0.23524
0.29455
0.26439
0.28909
0.25142
0.25325
0.21842
0.33404
0.29052
0.28238
0.20859
0.24460
0.25829
0.21762
0.22945
0.31553
0.26101
0.35199
0.24983
0.28276
0.29522
0.25825
0.20426
0.29703
0.18033
0.32351
0.27396
0.32520
0.25543
0.27875
0.32105
0.28849
0.28369
0.32351
0.19483
0.22147
0.31352
0.26030
0.30125
0.27483
0.30382
0.30468
0.36333
0.27833
0.28011
0.28465
0.29629
0.29519
0.33425
0.25466
0.27404
0.30243
0.27817
0.30771
0.30863
0.36515
0.24001
0.26632
0.31865
0.24327
0.29282
0.34125
0.23949
0.26698
0.32779
0.22820
0.29244
0.29600
0.29844
0.26126
0.27494
0.23259
0.27996
0.28470
0.34677
0.30889
0.27563
0.28638
0.28878
0.30719
0.28202
0.26615
0.15072
0.33346
0.30117
0.35034
0.31055
0.29710
0.36296
0.38239
0.26363
0.20502
0.31198
0.38784
0.27893
0.22858
0.29276
0.35639
0.26586
0.22536
0.33284
0.24901
0.30262
0.23815
0.30887
0.36114
0.40622
0.27092
0.25873
0.27307
0.37716
0.29783
0.27573
0.30844
0.37066
0.26438
0.16680
0.31021
0.41510
0.25922
0.38440
0.39728
0.22702
0.26963
0.34399
0.30537
0.30982
0.25049
0.27801
0.20245
0.30140
0.26953
0.31066
0.30762
0.34316
0.27614
0.27353
0.23343
0.18301
0.22543
0.35245
0.16782
0.15212
0.30359
0.17995
0.15158
0.40124
0.18391
0.28601
0.22809
0.25068
0.23430
0.43495
0.23429
0.30271
0.37754
0.22715
0.21561
0.20678
0.26923
0.21471
0.33183
0.18453
0.37717
0.35285
0.22543
0.24231
0.23555
0.34929
0.26435
0.22527
0.34199
0.42589
0.32780
0.30283
0.36309
0.37251
0.20859
0.28333
0.31334
0.36878
0.19780
0.24273
0.20842
0.38382
0.25818
0.25865
0.25872
0.32509
0.35940
0.25315
0.25902
0.34240
0.30428
0.27281
0.24264
0.38178
0.28417
0.28120
0.26764
0.29228
0.35290
0.28133
0.28551
0.24271
0.35919
0.27295
0.23745
0.28511
0.29010
0.24286
0.26064
0.20214
0.32204
0.22221
0.17612
0.19199
0.29274
0.23131
0.25055
0.20406
0.26503
0.36440
0.26470
0.21623
0.20811
0.17164
0.28682
0.19377
0.18850
0.30408
0.14846
0.21481
0.22482
0.29051
0.16938
0.18831
0.25690
0.29135
0.20938
0.22463
0.26334
0.16979
0.27939
0.25227
0.18405
0.09760
0.23761
0.26776
0.22075
0.24445
0.18220
0.29784
0.19513
0.19564
0.21518
0.19110
0.25468
0.20865
0.22502
0.21275
0.30785
0.15280
0.28900
0.25565
0.16720
0.28762
0.16087
0.19944
0.28953
0.12186
0.27532
0.16382
0.15539
0.19682
0.17616
0.31317
0.26268
0.16959
0.17629
0.16852
0.19485
0.19033
0.26530
0.24705
0.28520
0.21416
0.21256
0.28908
0.27305
0.18794
0.23404
0.28888
0.16017
0.11082
0.25674
0.17803
0.18407
0.24535
0.18492
0.20230
0.30342
0.26151
0.25653
0.22803
0.23678
0.19495
0.12979
0.26084
0.22631
0.16172
0.19855
0.23790
0.28870
0.24444
0.21939
0.20150
0.21086
0.22763
0.21441
0.31301
0.24021
0.27853
0.31727
0.19359
0.24549
0.23014
0.13798
0.18626
0.21705
0.18613
0.12675
0.27624
0.25521
0.21818
0.18075
0.17795
0.19956
0.13938
0.29719
