0.09778
0.10188
0.05116
0.24501
0.08459
0.12101
0.19299
0.13897
0.13179
0.06029
0.17888
0.14083
0.15479
0.14124
0.07102
0.24727
0.14357
0.13199
0.06420
0.15336
0.30514
0.08447
0.14512
0.06631
0.23093
0.13165
0.09386
0.25381
0.07774
0.12940
0.10015
0.26539
0.17530
0.11100
0.01725
0.10975
0.13110
0.05299
0.13644
0.16894
0.28536
0.25694
0.11050
0.17682
0.29689
0.21742
0.16519
0.24990
0.17295
0.15417
0.10249
0.10749
0.17339
0.24657
0.08862
0.24693
0.22538
0.11875
0.17768
0.07469
0.23552
0.26457
0.12343
0.16788
0.25897
0.31131
0.04437
0.17329
0.11701
0.04243
0.15943
0.31672
0.29617
0.22289
0.21443
0.10428
0.09082
0.01127
0.22875
0.17631
0.29783
0.16967
0.34835
0.29045
0.27355
0.35250
0.10057
0.09475
0.11436
0.24974
0.30060
0.16723
0.09106
0.25775
0.02921
0.12905
0.20092
0.19376
0.20591
0.12267
0.08979
0.20532
0.12880
0.16328
0.22807
0.29300
0.12817
0.16369
0.16198
0.27988
0.03082
0.25424
0.08133
0.25765
0.12914
0.13614
0.27122
0.05531
0.07213
0.19676
0.19286
0.06374
0.26795
0.01374
0.08254
0.15795
0.29162
0.26533
0.17163
0.26165
0.07522
0.12715
0.31017
0.31471
0.10008
0.14870
0.02994
0.28756
0.27213
0.07098
0.16433
0.02831
0.29617
0.17285
0.13909
0.29956
0.12803
0.35052
0.17385
0.09297
0.17331
0.23165
0.11744
0.30280
0.29810
0.31128
0.11130
0.17460
0.14676
0.16828
0.20457
0.26783
0.27738
0.32914
0.11522
0.08166
0.29754
0.27677
0.08575
0.28077
0.04427
0.23770
0.25732
0.01585
0.04973
0.21082
0.05085
0.06633
0.18097
0.24365
0.02967
0.10575
0.21980
0.15633
0.10612
0.17908
0.24705
0.24952
0.25185
0.19550
0.12635
0.09358
0.04729
0.14671
0.13175
0.26081
0.19783
0.14656
0.07845
0.27440
0.22771
0.08828
0.14575
0.16462
0.04302
0.27152
0.09829
0.18938
0.24658
0.10831
0.26079
0.24459
0.11101
0.26447
0.30373
0.22997
0.15776
0.26409
0.23642
0.33917
0.08768
0.17512
0.13659
0.04328
0.06006
0.06790
0.14855
0.16158
0.12347
0.05149
0.23840
0.07697
0.24512
0.12862
0.04618
0.27544
0.13461
0.05310
0.14335
0.28674
0.06332
0.26642
0.06732
0.11827
0.18546
0.20473
0.10951
0.03516
0.12955
0.13572
0.12106
0.09690
0.08823
0.25060
0.15214
0.16953
0.20241
0.04233
0.08001
0.14963
0.20452
0.13740
0.20191
0.16747
0.09946
0.24383
0.28772
0.10153
0.18428
0.04657
0.12201
0.12976
0.03913
0.03760
0.38801
0.12309
0.06646
0.18019
0.13599
0.04802
0.20438
0.32151
0.12943
0.08668
0.30135
0.12074
0.24201
0.18316
0.22140
0.13879
0.08172
0.07000
0.23305
0.16947
0.17453
0.10658
0.17360
0.12836
0.17372
0.16569
0.34387
0.28000
0.26234
0.06084
0.13442
0.31492
0.29579
0.30912
0.03976
0.26303
0.09691
0.26332
0.14729
0.05461
0.12337
0.10109
0.10798
0.19176
0.23728
0.07111
0.09514
0.06761
0.30360
0.19306
0.24133
0.14537
0.22161
0.25968
0.14356
0.04395
0.24549
0.27603
0.34642
0.26457
0.30943
0.23660
0.24985
0.29043
0.27229
0.24729
0.08698
0.08890
0.11028
0.23834
0.05764
0.07171
0.19315
0.12148
0.23493
0.08715
0.17375
0.12071
0.26330
0.25657
0.24987
0.19080
0.32592
0.15780
0.19083
0.31586
0.06752
0.24327
0.06647
0.08614
0.19724
0.06084
0.25401
0.31029
0.08035
0.07207
0.12609
0.25639
0.12950
0.04324
0.10655
0.05444
0.08359
0.09839
0.18405
0.07478
0.27381
0.13774
0.21764
0.08529
0.17455
0.28783
0.18790
0.26185
0.34887
0.14339
0.27232
0.30812
0.27414
0.30617
0.29109
0.24212
0.35227
0.24534
0.23489
0.22690
0.22521
0.29379
0.21250
0.37183
0.31516
0.23702
0.22628
0.26100
0.24597
0.33826
0.27995
0.21725
0.30689
0.33254
0.18026
0.24365
0.32371
0.27722
0.23548
0.24512
0.26396
0.31155
0.24221
0.19882
0.34263
0.24614
0.22677
0.29961
0.18977
0.30032
0.34334
0.29385
0.27528
0.29381
0.27137
0.25631
0.24956
0.32945
0.22336
0.27101
0.31658
0.22425
0.25889
0.29369
0.18909
0.28532
0.25069
0.27297
0.30137
0.28773
0.25482
0.18463
0.27650
0.35027
0.12148
0.27211
0.19503
0.17436
0.17531
0.35356
0.28938
0.31050
0.15865
0.34842
0.26859
0.28169
0.36242
0.30260
0.26875
0.27888
0.24609
0.27224
0.14962
0.35320
0.27900
0.20111
0.17839
0.30872
0.21033
0.26211
0.29120
0.25211
0.35038
0.30879
0.21931
0.29832
0.31052
0.15072
0.14376
0.27230
0.17118
0.19001
0.13391
0.26535
0.33561
0.25013
0.24821
0.24073
0.28839
0.22620
0.29217
0.25382
0.27632
0.18388
0.28088
0.27184
0.21018
0.18474
0.32590
0.29299
0.19277
0.26702
0.32237
0.22580
0.34404
0.30698
0.24134
0.23737
0.19835
0.29247
0.28894
0.25555
0.23588
0.22277
0.17001
0.29138
0.22063
0.26732
0.23711
0.24696
0.29999
0.29078
0.20592
0.20155
0.27196
0.18820
0.25887
0.19891
0.20919
0.21562
0.23878
0.17107
0.28914
0.32902
0.31554
0.23535
0.22319
0.32522
0.20769
0.20892
0.18994
0.30624
0.28496
0.15790
0.17557
0.28335
0.26052
0.19217
0.15708
0.20400
0.24826
0.19869
0.22481
0.23835
0.29491
0.16351
0.22608
0.26565
0.28000
0.20869
0.27432
0.24342
0.23732
0.34399
0.18573
0.26057
0.24068
0.34802
0.30903
0.24574
0.26873
0.28048
0.24268
0.19244
0.28952
0.26523
0.25216
0.27958
0.25407
0.34487
0.23845
0.27950
0.20699
0.33637
0.21704
0.25875
0.22029
0.24540
0.26399
0.26403
0.18944
0.23628
0.23695
0.29286
0.20182
0.30584
0.24891
0.25583
0.29435
0.28092
0.29988
0.14570
0.19910
0.32484
0.31228
0.24338
0.24856
0.26840
0.25282
0.23331
0.21171
0.30385
0.27842
0.27034
0.25020
0.19497
0.28026
0.30357
0.26228
0.25753
0.19814
0.32536
0.26870
0.18610
0.19303
0.27871
0.29499
0.28391
0.24734
0.23249
0.33539
0.34339
0.14961
0.24417
0.31903
0.25094
0.25408
0.28769
0.33706
0.21846
0.18855
0.14859
0.23881
0.27187
0.35870
0.27641
0.28300
0.27520
0.23493
0.25559
0.28366
0.28218
0.17929
0.32269
0.19570
0.20678
0.33488
0.28342
0.26171
0.24794
0.22804
0.28953
0.32209
0.34523
0.24257
0.27730
0.18551
0.28865
0.31218
0.13977
0.25225
0.19456
0.23664
0.27576
0.22120
0.25519
0.22599
0.25546
0.21672
0.21603
0.23345
0.33265
0.27022
0.24741
0.19311
0.28653
0.24415
0.23784
0.18579
0.30112
0.28710
0.32457
0.25222
0.23763
0.25747
0.27240
0.24974
0.26685
0.17835
0.31438
0.27109
0.33551
0.27924
0.28219
0.34897
0.25076
0.25374
0.28751
0.16542
0.21483
0.27520
0.20141
0.28325
0.30995
0.26248
0.31353
0.38444
0.29730
0.33915
0.25320
0.30547
0.27283
0.34726
0.24098
0.27042
0.31507
0.32316
0.27906
0.31731
0.37205
0.21200
0.24739
0.33702
0.21171
0.31353
0.29749
0.24122
0.26200
0.33638
0.22362
0.25137
0.30818
0.26843
0.19756
0.22688
0.26357
0.26220
0.27861
0.29558
0.28253
0.22417
0.28750
0.26721
0.28947
0.26044
0.24630
0.15204
0.30837
0.28677
0.34647
0.28604
0.28030
0.35109
0.35456
0.25539
0.18485
0.30011
0.36871
0.26559
0.18342
0.30242
0.33256
0.24328
0.20398
0.33274
0.22379
0.25781
0.22840
0.31458
0.35009
0.36882
0.28443
0.29894
0.27112
0.34855
0.28108
0.27240
0.28578
0.32533
0.27805
0.18019
0.30656
0.39775
0.26950
0.36225
0.37017
0.19637
0.28119
0.33803
0.30764
0.29126
0.23301
0.26708
0.21128
0.26262
0.28521
0.27258
0.29511
0.33996
0.28513
0.27661
0.22542
0.17543
0.26482
0.35707
0.20930
0.11975
0.34698
0.12725
0.18345
0.37000
0.13833
0.23934
0.22070
0.28292
0.22921
0.42181
0.19013
0.30828
0.36025
0.20997
0.22285
0.24166
0.23328
0.21310
0.32836
0.17075
0.36533
0.34826
0.24614
0.24485
0.21466
0.34407
0.26905
0.22264
0.34872
0.39407
0.28874
0.26409
0.34009
0.33901
0.19797
0.25549
0.26342
0.37151
0.18818
0.23644
0.24232
0.34481
0.25493
0.23344
0.25456
0.29600
0.35749
0.21091
0.28308
0.30103
0.28267
0.28698
0.24083
0.35911
0.28228
0.25511
0.26447
0.28463
0.31350
0.25183
0.28832
0.23777
0.32532
0.25364
0.23675
0.28886
0.27739
0.23881
0.27422
0.22308
0.31191
0.23885
0.03196
0.18976
0.24845
0.22518
0.31672
0.19205
0.25935
0.36288
0.13490
0.10906
0.14260
0.06098
0.33787
0.26535
0.20863
0.25324
0.07501
0.16529
0.20363
0.15431
0.10871
0.11885
0.26391
0.29517
0.22613
0.22122
0.26564
0.07812
0.32948
0.23620
0.07332
0.02684
0.15271
0.26335
0.10011
0.27021
0.19863
0.29644
0.04774
0.03210
0.09247
0.05908
0.28299
0.11932
0.12102
0.24394
0.31926
0.07171
0.25407
0.22356
0.02595
0.29057
0.07940
0.03114
0.27656
0.19082
0.22951
0.04822
0.05417
0.22042
0.20195
0.29617
0.28141
0.02120
0.05425
0.19851
0.20864
0.15388
0.21595
0.13720
0.29586
0.10756
0.08806
0.25308
0.33209
0.10792
0.20065
0.13061
0.07082
0.04841
0.21840
0.08241
0.17888
0.22392
0.31448
0.20239
0.29714
0.25067
0.26522
0.20547
0.20488
0.11807
0.04589
0.27599
0.10426
0.08425
0.25118
0.25992
0.31501
0.27158
0.08842
0.05482
0.06505
0.23370
0.23453
0.26640
0.05559
0.17194
0.30209
0.15484
0.23723
0.12587
0.04745
0.04657
0.14766
0.04956
0.04446
0.25245
0.32031
0.08078
0.07854
0.06352
0.13570
0.08530
0.27787
