0.10601
0.09493
0.05927
0.25644
0.11023
0.14576
0.24473
0.14114
0.17553
0.05774
0.20765
0.15315
0.16338
0.12160
0.10534
0.22501
0.12790
0.12726
0.11468
0.18219
0.26448
0.15818
0.15651
0.07334
0.25736
0.14527
0.17746
0.26982
0.14008
0.16488
0.14600
0.27367
0.15562
0.09576
0.06419
0.10295
0.11103
0.09005
0.13996
0.13162
0.25095
0.23326
0.09663
0.14099
0.27412
0.22173
0.14323
0.21576
0.18975
0.19013
0.11482
0.12931
0.17363
0.30458
0.10151
0.26538
0.20162
0.11534
0.13211
0.08616
0.26843
0.29445
0.11714
0.24096
0.28162
0.32000
0.11133
0.15551
0.12906
0.06420
0.14555
0.32284
0.31875
0.19429
0.25892
0.13243
0.07873
0.05534
0.19795
0.19317
0.29023
0.21419
0.30076
0.25137
0.28466
0.35080
0.12344
0.06928
0.14418
0.23268
0.30693
0.14267
0.06878
0.23979
0.07099
0.15267
0.17787
0.20779
0.19953
0.15965
0.10025
0.17298
0.13169
0.12966
0.24772
0.30358
0.13915
0.19164
0.20139
0.28939
0.01918
0.28752
0.11501
0.23577
0.11701
0.11880
0.27858
0.03974
0.05681
0.18639
0.23428
0.11000
0.28378
0.05172
0.10989
0.13548
0.29676
0.26157
0.17317
0.26578
0.10103
0.12170
0.31500
0.31090
0.11496
0.15541
0.08136
0.28095
0.20605
0.06089
0.18774
0.04468
0.29157
0.16367
0.15308
0.24854
0.11997
0.35225
0.17004
0.09136
0.16529
0.25476
0.11455
0.31299
0.31522
0.31015
0.13037
0.19085
0.14829
0.22433
0.21806
0.26797
0.28205
0.29876
0.10154
0.13068
0.27946
0.27307
0.07721
0.22489
0.04587
0.20575
0.21769
0.05141
0.10853
0.18714
0.06350
0.06610
0.16598
0.26350
0.09509
0.09912
0.22934
0.14600
0.14368
0.16911
0.23732
0.25440
0.25864
0.19150
0.11860
0.06182
0.06222
0.17401
0.13167
0.25355
0.21923
0.20593
0.07857
0.29749
0.18318
0.05700
0.19550
0.13202
0.08731
0.24856
0.09029
0.20154
0.23604
0.11999
0.24028
0.22290
0.10017
0.22667
0.26617
0.20895
0.12594
0.31551
0.22425
0.34413
0.14206
0.18984
0.09998
0.07839
0.07977
0.05980
0.17172
0.18899
0.14211
0.09058
0.25158
0.12624
0.23574
0.12660
0.05497
0.28063
0.15068
0.09198
0.13637
0.26022
0.12380
0.31014
0.12956
0.11995
0.15278
0.20316
0.11567
0.05643
0.12577
0.13307
0.10526
0.11775
0.09350
0.23979
0.16085
0.18022
0.16076
0.07479
0.08119
0.15181
0.15513
0.14587
0.18489
0.19435
0.10270
0.23111
0.30785
0.10449
0.17063
0.06011
0.10428
0.12620
0.07957
0.04859
0.36124
0.17577
0.06840
0.21118
0.12200
0.08168
0.14121
0.31734
0.14380
0.12073
0.31205
0.12061
0.18086
0.17119
0.17403
0.17966
0.08519
0.04978
0.15078
0.18990
0.15222
0.09962
0.14703
0.14736
0.16609
0.14057
0.31911
0.27287
0.28717
0.14603
0.08203
0.30300
0.30039
0.31209
0.04161
0.24909
0.16533
0.27439
0.13913
0.07428
0.13954
0.14776
0.13774
0.23166
0.23928
0.08118
0.06164
0.05562
0.28215
0.16608
0.27158
0.16243
0.22870
0.21674
0.17593
0.06165
0.25936
0.27198
0.36399
0.26844
0.27326
0.21694
0.24984
0.28761
0.26428
0.23682
0.05275
0.12743
0.11320
0.21119
0.05785
0.06769
0.20416
0.09789
0.26314
0.12680
0.15500
0.11423
0.29409
0.25721
0.19884
0.16811
0.30107
0.13124
0.14022
0.32787
0.10845
0.17918
0.09493
0.10348
0.22231
0.08228
0.22357
0.29551
0.09015
0.11185
0.12501
0.24504
0.13858
0.06430
0.07054
0.07152
0.07155
0.09063
0.19927
0.09026
0.28478
0.15472
0.19872
0.07488
0.18988
0.29071
0.22101
0.27488
0.31897
0.18627
0.19825
0.31052
0.28543
0.32450
0.26768
0.22867
0.32112
0.28273
0.22180
0.26516
0.20521
0.28627
0.19769
0.34897
0.28489
0.24935
0.24662
0.24685
0.26335
0.35669
0.29379
0.23574
0.29582
0.30487
0.25838
0.27486
0.28387
0.28335
0.24906
0.25032
0.28294
0.28341
0.28012
0.23537
0.32635
0.27332
0.24383
0.30380
0.22902
0.31693
0.31994
0.29993
0.30654
0.29811
0.28167
0.24764
0.28045
0.31842
0.22425
0.26794
0.28907
0.25261
0.28509
0.29352
0.20832
0.28144
0.26009
0.26894
0.27834
0.24995
0.28064
0.17559
0.24143
0.33785
0.11315
0.29559
0.22770
0.21094
0.18757
0.37650
0.30103
0.26307
0.18129
0.32515
0.27666
0.29006
0.35324
0.28682
0.28567
0.29995
0.25593
0.28410
0.18556
0.32730
0.29085
0.23618
0.18447
0.34227
0.22327
0.23860
0.28392
0.25256
0.34077
0.27813
0.20111
0.26891
0.31938
0.18774
0.20846
0.27875
0.17799
0.18473
0.17251
0.27063
0.30201
0.25370
0.28151
0.24919
0.28528
0.19574
0.29496
0.27477
0.29266
0.21246
0.26912
0.27681
0.20067
0.22570
0.34993
0.26872
0.21072
0.28427
0.28727
0.25281
0.38247
0.29277
0.22199
0.29311
0.19627
0.28229
0.29147
0.29779
0.25593
0.22360
0.18121
0.31166
0.23379
0.28600
0.22146
0.29085
0.30657
0.26041
0.19679
0.22163
0.29319
0.19912
0.29642
0.19851
0.22038
0.24351
0.21124
0.23041
0.31674
0.30069
0.29045
0.25092
0.21753
0.30431
0.21631
0.24655
0.23490
0.27297
0.28799
0.15686
0.19841
0.27096
0.28653
0.25065
0.17519
0.18812
0.26400
0.22577
0.21242
0.26489
0.31592
0.15506
0.24901
0.28354
0.28467
0.17997
0.28326
0.26341
0.24989
0.38279
0.20008
0.26820
0.24752
0.33837
0.28314
0.24818
0.28213
0.28903
0.27192
0.17372
0.29345
0.28275
0.26355
0.26067
0.23892
0.31386
0.26235
0.23655
0.22260
0.33537
0.26809
0.29832
0.22457
0.25911
0.29403
0.27260
0.21009
0.23447
0.23836
0.33061
0.22574
0.31636
0.24930
0.25531
0.26196
0.26588
0.24946
0.15369
0.26465
0.31299
0.30110
0.25378
0.29444
0.30468
0.26544
0.26436
0.24982
0.29716
0.30528
0.27003
0.25549
0.15230
0.29092
0.25550
0.25612
0.28080
0.23855
0.31686
0.30726
0.20540
0.19616
0.24836
0.28629
0.29606
0.25949
0.25010
0.31989
0.31307
0.15226
0.25199
0.29329
0.26533
0.27544
0.31988
0.31472
0.24247
0.22136
0.17099
0.25463
0.26131
0.34101
0.29324
0.28031
0.28305
0.24266
0.26924
0.27289
0.24430
0.17403
0.30314
0.23299
0.23470
0.30390
0.30772
0.27052
0.21889
0.27695
0.29062
0.32500
0.32257
0.26916
0.24813
0.19327
0.28815
0.28014
0.12359
0.26940
0.18985
0.23779
0.27492
0.21302
0.28301
0.26119
0.27811
0.23146
0.24674
0.23548
0.31922
0.27214
0.25932
0.21507
0.25509
0.26160
0.25385
0.22089
0.32339
0.27222
0.33039
0.24283
0.25821
0.28085
0.25683
0.25316
0.26413
0.19306
0.29614
0.25197
0.30914
0.28881
0.27631
0.33918
0.27953
0.25922
0.29188
0.19796
0.23897
0.27908
0.23642
0.29309
0.27218
0.28145
0.31591
0.36435
0.27590
0.31000
0.28548
0.27715
0.29120
0.34057
0.25725
0.27001
0.28932
0.29122
0.27692
0.29851
0.37714
0.21196
0.27121
0.27238
0.25176
0.29998
0.33166
0.23267
0.24718
0.29762
0.24677
0.28316
0.28123
0.27519
0.23348
0.26902
0.27194
0.26069
0.27056
0.32736
0.28188
0.26602
0.29681
0.29282
0.28809
0.27850
0.26528
0.12990
0.26345
0.30711
0.33935
0.32172
0.28337
0.40599
0.41016
0.27019
0.17261
0.30464
0.36841
0.28278
0.17091
0.31483
0.33995
0.25886
0.24196
0.32701
0.23079
0.24077
0.24340
0.34189
0.35618
0.39664
0.26069
0.30000
0.26270
0.38560
0.25850
0.29451
0.31222
0.32044
0.27164
0.16854
0.29697
0.44159
0.24591
0.39813
0.41391
0.20105
0.31339
0.35133
0.33597
0.29813
0.25780
0.27499
0.23163
0.28746
0.30576
0.28084
0.27778
0.36334
0.28531
0.28507
0.23300
0.20159
0.24955
0.39976
0.19452
0.11018
0.34899
0.11704
0.19168
0.39772
0.16390
0.22977
0.20466
0.26775
0.23200
0.45184
0.20640
0.33168
0.38797
0.25072
0.22545
0.24221
0.22243
0.16857
0.35558
0.16569
0.36361
0.35402
0.25713
0.25685
0.23372
0.33497
0.26973
0.21858
0.34384
0.41267
0.30426
0.30166
0.36015
0.38571
0.22620
0.24119
0.28612
0.39021
0.21085
0.19907
0.23988
0.31950
0.28415
0.24873
0.27303
0.32769
0.34261
0.20678
0.28832
0.31735
0.28719
0.28593
0.25866
0.36827
0.28570
0.27127
0.27926
0.31179
0.31475
0.26939
0.29226
0.24691
0.32865
0.24878
0.24794
0.33097
0.28418
0.23862
0.28529
0.20742
0.29842
0.22932
0.05199
0.20389
0.23703
0.22707
0.20379
0.22559
0.23969
0.34179
0.20521
0.08994
0.15987
0.04087
0.26899
0.28733
0.18944
0.27052
0.07382
0.09535
0.20381
0.25522
0.07201
0.12572
0.20761
0.26827
0.16554
0.20964
0.27402
0.05468
0.32889
0.25280
0.05248
0.05369
0.13811
0.30861
0.10465
0.24219
0.19266
0.29852
0.07552
0.07945
0.07602
0.07027
0.24788
0.11704
0.14287
0.20150
0.30834
0.14896
0.27721
0.20855
0.04314
0.29366
0.11708
0.10335
0.29625
0.18948
0.25372
0.11270
0.09857
0.19499
0.20987
0.26602
0.24302
0.03209
0.06890
0.16148
0.20825
0.18451
0.14981
0.08498
0.27025
0.16961
0.10811
0.28470
0.17807
0.10917
0.17650
0.23691
0.05230
0.07366
0.28792
0.16858
0.19885
0.22460
0.22172
0.19596
0.34301
0.28894
0.23809
0.21111
0.21828
0.19044
0.09363
0.27978
0.08490
0.06325
0.19374
0.23825
0.30756
0.26473
0.08650
0.05340
0.12872
0.18670
0.23389
0.29643
0.11125
0.19224
0.33464
0.07888
0.26778
0.15050
0.05021
0.04282
0.22972
0.06349
0.06845
0.25260
0.29818
0.12104
0.09192
0.05493
0.08608
0.07360
0.26859
