0.10353
0.09844
0.06734
0.24278
0.09057
0.12174
0.22164
0.14439
0.17146
0.05641
0.18389
0.12377
0.12699
0.11189
0.10330
0.23163
0.11414
0.11135
0.05749
0.13220
0.29817
0.13881
0.16112
0.06554
0.22693
0.12731
0.11309
0.24467
0.09688
0.16788
0.15030
0.25542
0.13511
0.11096
0.05748
0.09825
0.12346
0.06534
0.14337
0.15014
0.31430
0.23437
0.08589
0.10898
0.27375
0.20879
0.17143
0.21495
0.18608
0.15890
0.09140
0.16217
0.13123
0.23839
0.09572
0.20269
0.24002
0.12854
0.10498
0.10705
0.24812
0.26519
0.14890
0.25619
0.27510
0.28510
0.05487
0.18231
0.10083
0.05342
0.14847
0.28880
0.25684
0.18182
0.23455
0.10517
0.08968
0.02555
0.17653
0.16074
0.31204
0.17878
0.34030
0.26552
0.23775
0.33152
0.09594
0.07682
0.13801
0.23763
0.31000
0.18281
0.05326
0.20113
0.07043
0.11143
0.21734
0.21922
0.21628
0.15127
0.09781
0.19494
0.11666
0.11992
0.16031
0.29756
0.11892
0.18315
0.15832
0.30053
0.01238
0.25387
0.07328
0.25099
0.11746
0.14676
0.26853
0.06777
0.06243
0.17215
0.19815
0.10475
0.24428
0.01739
0.09874
0.12831
0.27782
0.26798
0.15049
0.25142
0.05621
0.11192
0.26883
0.31863
0.10839
0.14186
0.07936
0.27103
0.27124
0.03682
0.17517
0.05028
0.29320
0.22884
0.09804
0.31242
0.08086
0.33428
0.17593
0.09656
0.15031
0.23918
0.10351
0.30224
0.30129
0.31497
0.14540
0.14511
0.13968
0.17945
0.24486
0.25702
0.25447
0.34413
0.09879
0.09269
0.29748
0.26622
0.05507
0.26355
0.03850
0.23727
0.22068
0.03764
0.11247
0.20917
0.08834
0.08105
0.14232
0.26265
0.08979
0.11335
0.18572
0.13699
0.05675
0.22005
0.21809
0.23460
0.26231
0.14153
0.08881
0.07774
0.02875
0.14742
0.11501
0.19983
0.21780
0.17272
0.10042
0.27813
0.23303
0.10400
0.19927
0.16669
0.04462
0.15745
0.10145
0.22074
0.24208
0.07566
0.27437
0.21650
0.09252
0.23894
0.23965
0.21584
0.12323
0.20831
0.20234
0.34009
0.10810
0.17727
0.10290
0.06264
0.08961
0.05660
0.17585
0.13595
0.15568
0.05818
0.25320
0.11100
0.20563
0.11270
0.04880
0.23585
0.10873
0.05243
0.10708
0.28224
0.04504
0.26703
0.11171
0.11852
0.14038
0.23031
0.10796
0.06589
0.10617
0.11799
0.10441
0.14804
0.14243
0.23965
0.18129
0.14929
0.17389
0.04505
0.05482
0.13782
0.23369
0.15874
0.24196
0.15120
0.13303
0.25659
0.25360
0.08917
0.21837
0.02940
0.12059
0.11758
0.05029
0.03951
0.35907
0.15197
0.05646
0.20056
0.12118
0.09271
0.13926
0.33071
0.13556
0.06737
0.27646
0.13219
0.17652
0.16089
0.17444
0.11476
0.11988
0.08312
0.21796
0.22819
0.19306
0.10899
0.15799
0.14081
0.19672
0.17388
0.29062
0.24251
0.26746
0.13405
0.07965
0.28692
0.29601
0.33294
0.03859
0.25128
0.11934
0.29865
0.12164
0.09885
0.09445
0.12833
0.09383
0.15303
0.21481
0.07034
0.10368
0.08025
0.26677
0.11891
0.22332
0.19240
0.20183
0.24917
0.09806
0.05818
0.23022
0.27743
0.36362
0.20088
0.30773
0.21832
0.23151
0.29804
0.28502
0.28110
0.05272
0.08774
0.17547
0.24425
0.04815
0.07334
0.18647
0.12655
0.17838
0.11341
0.17515
0.10395
0.27731
0.25092
0.18530
0.20832
0.30175
0.14143
0.14937
0.30445
0.05544
0.24108
0.07722
0.06462
0.16944
0.04344
0.24337
0.35863
0.06881
0.09700
0.15914
0.24002
0.09994
0.04783
0.11255
0.06957
0.03879
0.10469
0.18459
0.09174
0.27029
0.16420
0.16968
0.10738
0.19445
0.30578
0.19222
0.27957
0.35090
0.14639
0.27078
0.32361
0.30416
0.31990
0.28726
0.24481
0.34948
0.27070
0.25705
0.24654
0.25349
0.30139
0.21168
0.38085
0.33152
0.24274
0.24212
0.27309
0.27014
0.36149
0.27726
0.22767
0.32517
0.32302
0.23571
0.24276
0.31894
0.28838
0.25794
0.26894
0.29308
0.31405
0.23218
0.22772
0.34857
0.25621
0.22662
0.31531
0.21082
0.32848
0.36469
0.29273
0.28742
0.32184
0.25683
0.26761
0.24145
0.34018
0.20320
0.28618
0.32263
0.24294
0.23978
0.32572
0.18424
0.30829
0.26762
0.28371
0.31225
0.28793
0.26550
0.19709
0.26772
0.36578
0.14873
0.29361
0.21753
0.19727
0.22284
0.37550
0.31075
0.33721
0.17788
0.36885
0.28074
0.28787
0.36724
0.32356
0.27200
0.30269
0.24192
0.28473
0.19644
0.35564
0.29280
0.23122
0.17783
0.34203
0.21695
0.29090
0.29279
0.27776
0.34624
0.32432
0.23968
0.32451
0.32088
0.18723
0.14996
0.29170
0.18118
0.20631
0.15552
0.29397
0.36161
0.25827
0.27788
0.24650
0.29496
0.22901
0.31472
0.26028
0.27697
0.17356
0.28158
0.29823
0.23847
0.19761
0.35681
0.30243
0.21181
0.28949
0.31294
0.26966
0.36691
0.31013
0.26165
0.25859
0.24747
0.29017
0.29767
0.28505
0.25441
0.23836
0.17301
0.30179
0.22021
0.27033
0.24485
0.26512
0.33201
0.27751
0.22703
0.22928
0.29180
0.21183
0.27071
0.22633
0.22460
0.20229
0.26629
0.19606
0.31941
0.32131
0.32451
0.24372
0.23113
0.32189
0.21111
0.22433
0.19475
0.29762
0.29500
0.17942
0.19575
0.26426
0.28960
0.19394
0.16415
0.25000
0.27959
0.18385
0.25572
0.28050
0.31569
0.19941
0.20402
0.28332
0.30394
0.21333
0.25918
0.26830
0.27775
0.38264
0.19183
0.29457
0.24437
0.37406
0.31321
0.22925
0.28017
0.29136
0.26907
0.22130
0.31370
0.27641
0.24598
0.27810
0.27411
0.33894
0.25610
0.30303
0.20869
0.34610
0.24705
0.25480
0.23164
0.27693
0.27892
0.25334
0.20175
0.23137
0.23673
0.33030
0.20941
0.32860
0.27050
0.25667
0.30438
0.28240
0.29164
0.14798
0.22130
0.32162
0.34086
0.26082
0.25480
0.28981
0.28185
0.21923
0.21098
0.28900
0.30727
0.26738
0.25724
0.20971
0.28323
0.30171
0.29131
0.28348
0.25571
0.33671
0.27182
0.16868
0.18809
0.28059
0.30976
0.29206
0.25629
0.23653
0.34937
0.35812
0.16880
0.25428
0.31611
0.28185
0.26831
0.33939
0.34702
0.23417
0.18448
0.21272
0.24703
0.28202
0.35049
0.29321
0.30088
0.28204
0.25206
0.24860
0.30753
0.27827
0.17438
0.33750
0.21088
0.23904
0.33349
0.30315
0.24311
0.26350
0.24562
0.28638
0.34171
0.34908
0.25938
0.26672
0.22609
0.31746
0.29992
0.12772
0.26124
0.21410
0.24419
0.27345
0.24430
0.24322
0.26133
0.27070
0.24630
0.23470
0.24164
0.35015
0.28248
0.25420
0.19797
0.29846
0.25204
0.25626
0.19773
0.33063
0.30475
0.34099
0.25546
0.24874
0.26839
0.28304
0.22612
0.26906
0.18688
0.32963
0.29493
0.33840
0.27734
0.30184
0.34317
0.29418
0.23953
0.30028
0.18407
0.23244
0.29382
0.23529
0.28053
0.30531
0.27495
0.31196
0.38183
0.32329
0.30371
0.28224
0.31233
0.31653
0.35893
0.25846
0.28992
0.32752
0.32184
0.29152
0.32941
0.39891
0.25075
0.25827
0.31796
0.22344
0.31409
0.33791
0.25214
0.25412
0.34154
0.23415
0.27206
0.30751
0.27616
0.24159
0.23532
0.27528
0.26325
0.28655
0.31594
0.28044
0.24978
0.30100
0.26478
0.31259
0.25990
0.28293
0.14592
0.33922
0.32787
0.36195
0.28893
0.30885
0.36574
0.37475
0.26339
0.19893
0.29690
0.38653
0.27023
0.21912
0.30334
0.33144
0.25783
0.23388
0.32334
0.24365
0.27066
0.23412
0.33100
0.34212
0.39798
0.31944
0.31303
0.25010
0.38811
0.30012
0.31917
0.28295
0.34288
0.28238
0.18645
0.31814
0.43075
0.25769
0.39223
0.38709
0.21533
0.27687
0.34043
0.30636
0.28085
0.24548
0.27966
0.20774
0.28292
0.30273
0.31834
0.30731
0.36474
0.26593
0.28991
0.26667
0.18306
0.27502
0.38822
0.19978
0.12367
0.34116
0.17401
0.17453
0.40771
0.16035
0.23301
0.22622
0.28627
0.24160
0.43965
0.21049
0.32644
0.37423
0.23400
0.25328
0.25814
0.25035
0.22868
0.35061
0.18533
0.37370
0.36010
0.25265
0.24861
0.22677
0.33551
0.27803
0.22227
0.36022
0.40660
0.30352
0.28772
0.35807
0.36328
0.21295
0.26871
0.28344
0.38857
0.19501
0.24392
0.24731
0.35007
0.27528
0.25482
0.25826
0.31646
0.36850
0.24522
0.29771
0.33188
0.28937
0.29010
0.24473
0.37547
0.30506
0.27179
0.28098
0.29995
0.33530
0.27233
0.30788
0.24204
0.31863
0.26437
0.24512
0.30968
0.28199
0.24805
0.29760
0.22804
0.33657
0.25165
0.06545
0.18875
0.16337
0.21998
0.29156
0.19306
0.23565
0.35448
0.23656
0.02627
0.17501
0.05075
0.25364
0.19083
0.15212
0.30004
0.04487
0.10849
0.18915
0.16228
0.05556
0.12608
0.22047
0.27992
0.22454
0.20989
0.29260
0.09088
0.32638
0.22433
0.02331
0.05475
0.13806
0.28790
0.08599
0.21809
0.21725
0.29654
0.04888
0.08236
0.05107
0.10619
0.25247
0.11109
0.13153
0.20058
0.31992
0.11962
0.30298
0.23454
0.06341
0.29594
0.06963
0.08279
0.26563
0.18562
0.19897
0.05326
0.06504
0.21043
0.19769
0.30504
0.27837
0.02443
0.06316
0.15484
0.20198
0.23794
0.23570
0.12725
0.28351
0.19881
0.12368
0.25413
0.25997
0.10902
0.16766
0.17799
0.03267
0.02255
0.22689
0.19364
0.19795
0.19734
0.31197
0.20555
0.32850
0.22837
0.26165
0.13824
0.25034
0.19449
0.03828
0.27096
0.09309
0.03631
0.23598
0.22648
0.25003
0.26102
0.09131
0.09421
0.08244
0.20394
0.25063
0.28367
0.10292
0.13504
0.32734
0.12548
0.23286
0.12044
0.02488
0.03070
0.24307
0.05876
0.04879
0.26937
0.28298
0.09817
0.08176
0.01781
0.05165
0.08217
0.27733
