0.09658
0.10997
0.05877
0.22499
0.06988
0.13471
0.18006
0.13122
0.14345
0.03482
0.17432
0.14703
0.11517
0.10726
0.10757
0.21990
0.12043
0.11531
0.06087
0.13831
0.30802
0.16874
0.17571
0.09299
0.17762
0.11089
0.10057
0.23091
0.09612
0.19057
0.11762
0.29070
0.15189
0.10945
0.09579
0.11135
0.16369
0.06440
0.09107
0.14041
0.30222
0.23938
0.08858
0.15449
0.26932
0.22278
0.14777
0.22751
0.17585
0.14622
0.09462
0.13092
0.14170
0.30747
0.08863
0.22972
0.21999
0.11833
0.09896
0.07377
0.28644
0.25559
0.13224
0.18093
0.28417
0.30818
0.04245
0.15206
0.11305
0.01900
0.14768
0.26573
0.32278
0.19307
0.24820
0.11166
0.05526
0.04080
0.23241
0.13705
0.31017
0.21313
0.30007
0.28307
0.26894
0.36979
0.11687
0.06017
0.12022
0.25672
0.31115
0.16249
0.05537
0.26492
0.09876
0.14454
0.17776
0.23058
0.20744
0.14399
0.09151
0.16824
0.13451
0.13186
0.21620
0.26555
0.18308
0.17064
0.17327
0.30317
0.04782
0.20016
0.07877
0.23757
0.13043
0.13677
0.26565
0.06274
0.09745
0.16313
0.23779
0.08086
0.24369
0.04130
0.09544
0.12110
0.30808
0.26039
0.18929
0.24959
0.04887
0.10161
0.27724
0.33979
0.09810
0.18573
0.06942
0.29950
0.21012
0.05897
0.15322
0.04427
0.25654
0.14908
0.14172
0.29008
0.08989
0.34396
0.17164
0.08938
0.21563
0.21796
0.12761
0.31248
0.32391
0.28924
0.11700
0.13714
0.15642
0.23039
0.26319
0.24364
0.27212
0.32702
0.10876
0.10627
0.30882
0.28277
0.08156
0.26510
0.05018
0.21497
0.24934
0.03418
0.10544
0.17256
0.07025
0.07826
0.19075
0.25175
0.06171
0.10660
0.19697
0.12166
0.09337
0.19346
0.20236
0.24160
0.24331
0.19933
0.15434
0.06138
0.04969
0.17111
0.11833
0.25070
0.18236
0.13126
0.06314
0.26760
0.23838
0.06131
0.15005
0.13350
0.03919
0.20213
0.10972
0.18440
0.25543
0.10225
0.19493
0.21509
0.11927
0.26402
0.25665
0.23959
0.12490
0.26224
0.18847
0.35010
0.08613
0.19959
0.10852
0.03448
0.09264
0.05786
0.17358
0.17374
0.13297
0.03232
0.26721
0.11144
0.18575
0.13108
0.06566
0.25985
0.12094
0.03586
0.10926
0.28420
0.09249
0.30513
0.10251
0.11374
0.16363
0.19687
0.10552
0.02760
0.09472
0.11374
0.12816
0.10499
0.07897
0.23520
0.13157
0.17374
0.21027
0.16113
0.07905
0.14274
0.17270
0.14441
0.20697
0.16149
0.12269
0.27497
0.26703
0.09770
0.14449
0.04387
0.08978
0.12817
0.05031
0.04910
0.37522
0.13929
0.06097
0.19418
0.13343
0.11899
0.14299
0.29299
0.14146
0.08156
0.32988
0.12362
0.22935
0.17893
0.13152
0.15335
0.08355
0.03942
0.19427
0.17790
0.17888
0.11037
0.17215
0.16132
0.18493
0.14914
0.32043
0.25708
0.26580
0.14718
0.11383
0.31686
0.33607
0.31940
0.03908
0.25118
0.13885
0.29651
0.11831
0.09353
0.12902
0.12051
0.09409
0.20825
0.25138
0.04891
0.09964
0.08297
0.27738
0.17326
0.21450
0.12064
0.26488
0.25062
0.11150
0.07216
0.21604
0.27751
0.35792
0.27785
0.32464
0.22381
0.26103
0.26650
0.28859
0.26523
0.06880
0.08848
0.12882
0.24817
0.03695
0.08026
0.20954
0.11946
0.22782
0.09318
0.14233
0.14005
0.24977
0.30202
0.26025
0.15046
0.29230
0.12214
0.13307
0.33559
0.03370
0.19750
0.08831
0.08667
0.20397
0.05551
0.20987
0.32290
0.07434
0.09809
0.12681
0.28370
0.12298
0.06939
0.05566
0.08378
0.07644
0.10535
0.19813
0.09051
0.25804
0.16744
0.17651
0.07174
0.20818
0.28623
0.18294
0.24321
0.33543
0.17163
0.26608
0.30144
0.25389
0.28840
0.27820
0.22057
0.33092
0.23445
0.23287
0.22677
0.21091
0.26701
0.17902
0.33030
0.31308
0.26838
0.20909
0.24234
0.23116
0.35263
0.25012
0.23256
0.29396
0.29202
0.22857
0.22136
0.28605
0.25615
0.22846
0.25025
0.26701
0.28295
0.20714
0.21706
0.32043
0.21682
0.21593
0.28669
0.20973
0.28525
0.33221
0.26909
0.26668
0.28218
0.26220
0.20479
0.23921
0.34498
0.18518
0.24927
0.30611
0.24625
0.25650
0.27246
0.15934
0.28958
0.26414
0.27188
0.29080
0.27526
0.23820
0.17758
0.28095
0.33426
0.14942
0.24826
0.16913
0.17734
0.19669
0.37644
0.30251
0.31672
0.16376
0.33382
0.26316
0.27508
0.33466
0.30412
0.26704
0.26101
0.24866
0.26668
0.19091
0.33150
0.24477
0.24055
0.16827
0.32191
0.20804
0.26166
0.28717
0.25385
0.33638
0.29357
0.17472
0.30092
0.31628
0.15797
0.15799
0.24003
0.18804
0.19523
0.18081
0.31192
0.31812
0.25449
0.25465
0.23887
0.26280
0.20966
0.27863
0.23699
0.26687
0.21070
0.26747
0.26311
0.19776
0.18902
0.33441
0.27789
0.16137
0.31049
0.29573
0.22520
0.35454
0.27548
0.22953
0.25974
0.19986
0.27114
0.28355
0.25293
0.28390
0.23341
0.16358
0.28359
0.20158
0.25192
0.20130
0.21160
0.29981
0.27592
0.18921
0.22545
0.27979
0.22187
0.24448
0.18241
0.22959
0.22884
0.22185
0.16763
0.29015
0.28748
0.30214
0.17576
0.16837
0.30831
0.20465
0.15202
0.17581
0.26761
0.31220
0.16773
0.18624
0.29342
0.25396
0.18055
0.14717
0.23096
0.26898
0.18156
0.27011
0.24454
0.28053
0.16891
0.18279
0.25126
0.23251
0.18889
0.27406
0.25836
0.24936
0.37288
0.19378
0.29301
0.23816
0.32944
0.27955
0.20860
0.27148
0.27078
0.26857
0.19329
0.31316
0.27207
0.22302
0.24995
0.27933
0.30701
0.23207
0.27070
0.21186
0.33782
0.18984
0.25770
0.22843
0.25944
0.27185
0.27069
0.20427
0.24601
0.24120
0.31894
0.21373
0.30430
0.23506
0.22025
0.26760
0.25097
0.30807
0.14716
0.16596
0.28670
0.31506
0.21723
0.21747
0.28204
0.25119
0.17929
0.17254
0.27877
0.28257
0.20074
0.24313
0.20521
0.25647
0.29141
0.25899
0.24537
0.22823
0.31143
0.27590
0.17383
0.20933
0.25843
0.29828
0.23844
0.24081
0.22829
0.32224
0.32551
0.14712
0.23145
0.28433
0.26726
0.21964
0.28570
0.30830
0.23737
0.22877
0.21745
0.21715
0.24810
0.32011
0.29813
0.29207
0.25495
0.22593
0.23820
0.27810
0.26478
0.17503
0.32059
0.20499
0.24567
0.33527
0.27857
0.22710
0.22716
0.23537
0.26111
0.31947
0.30936
0.26456
0.23952
0.20569
0.28955
0.30225
0.13430
0.25259
0.19996
0.20919
0.26544
0.22433
0.22492
0.23050
0.24241
0.20146
0.22624
0.25799
0.30360
0.24405
0.23572
0.19084
0.26597
0.25349
0.20581
0.19668
0.32099
0.28900
0.32813
0.27907
0.20241
0.25205
0.24902
0.19816
0.26810
0.17745
0.29530
0.23712
0.32450
0.25050
0.30105
0.33487
0.26534
0.20857
0.26217
0.17228
0.17422
0.26152
0.18010
0.24848
0.28741
0.23929
0.29886
0.34765
0.31225
0.29219
0.26031
0.28340
0.28800
0.33430
0.21207
0.25996
0.30505
0.30587
0.25054
0.30350
0.36903
0.23030
0.21571
0.26949
0.24486
0.29126
0.34314
0.22812
0.26050
0.31110
0.23026
0.21003
0.27428
0.22486
0.19935
0.22633
0.25741
0.26519
0.25360
0.29791
0.28332
0.23509
0.25293
0.28214
0.28336
0.23880
0.27892
0.12539
0.32758
0.32381
0.36887
0.32505
0.30481
0.38840
0.39769
0.27152
0.17109
0.29171
0.40153
0.27739
0.22298
0.28460
0.35261
0.24786
0.22079
0.32540
0.25628
0.27347
0.22502
0.33136
0.35391
0.41406
0.32679
0.29716
0.25215
0.39562
0.32489
0.29958
0.30375
0.36852
0.26595
0.17984
0.31750
0.44685
0.23456
0.39686
0.39893
0.22485
0.30050
0.34004
0.32502
0.28283
0.26207
0.25044
0.23327
0.30050
0.27235
0.30933
0.31761
0.38227
0.28764
0.27165
0.23270
0.17018
0.25229
0.39637
0.22640
0.12060
0.33113
0.14886
0.16957
0.40745
0.13729
0.26506
0.18115
0.28222
0.22746
0.43884
0.17877
0.33179
0.40060
0.24184
0.23508
0.25705
0.27415
0.20961
0.34370
0.17241
0.35874
0.36415
0.25300
0.23072
0.23547
0.34584
0.27492
0.20041
0.34653
0.42609
0.32953
0.28151
0.36317
0.38613
0.18630
0.25972
0.29462
0.38855
0.19230
0.22352
0.22950
0.37603
0.24065
0.25481
0.28058
0.31748
0.36041
0.23496
0.28109
0.33791
0.29953
0.26427
0.23364
0.37931
0.30558
0.30769
0.29027
0.30315
0.35068
0.25094
0.31489
0.24758
0.32791
0.26559
0.25191
0.31177
0.29365
0.25461
0.29769
0.15662
0.28589
0.22701
0.07665
0.11803
0.16933
0.23395
0.27705
0.24598
0.25008
0.34709
0.12652
0.09670
0.20514
0.02329
0.27475
0.27854
0.18510
0.26513
0.06365
0.13162
0.19236
0.21775
0.04682
0.15352
0.20131
0.27180
0.19618
0.20960
0.21740
0.04688
0.28250
0.25164
0.04147
0.02406
0.10570
0.31126
0.12707
0.20177
0.18856
0.26644
0.07958
0.03347
0.06104
0.07264
0.27120
0.07842
0.09393
0.15331
0.22515
0.15521
0.27033
0.22089
0.03960
0.24859
0.06658
0.05536
0.20363
0.19212
0.21584
0.08502
0.04624
0.22009
0.20806
0.27540
0.23981
0.08548
0.03679
0.18490
0.21146
0.12781
0.23074
0.13681
0.23987
0.18620
0.13034
0.24606
0.30694
0.08804
0.09307
0.13136
0.03552
0.04380
0.14496
0.10345
0.18363
0.23663
0.28819
0.19337
0.25717
0.15367
0.17679
0.17454
0.19517
0.21299
0.00983
0.23996
0.10838
0.09211
0.18302
0.24519
0.30416
0.22539
0.05878
0.05915
0.10897
0.19493
0.19381
0.19229
0.09610
0.17222
0.28370
0.12375
0.24185
0.09424
0.04267
0.05964
0.18244
0.05557
0.12809
0.23012
0.25366
0.07700
0.08165
0.05642
0.07999
0.05293
0.18840
