0.09159
0.11711
0.09023
0.27949
0.08075
0.12860
0.23379
0.14906
0.15395
0.07280
0.15144
0.13086
0.19358
0.12285
0.13528
0.22776
0.15165
0.15240
0.08610
0.16805
0.29271
0.17632
0.14817
0.08215
0.23008
0.16006
0.14498
0.22307
0.09073
0.23843
0.16847
0.24635
0.16325
0.09205
0.13131
0.09861
0.13403
0.07799
0.14261
0.19775
0.30243
0.30068
0.06935
0.15034
0.29045
0.23162
0.19702
0.26308
0.19088
0.16386
0.09595
0.14261
0.15204
0.30336
0.08672
0.24145
0.18512
0.14115
0.15581
0.09649
0.27754
0.24808
0.14840
0.18429
0.27603
0.30387
0.07093
0.13325
0.13396
0.07542
0.14304
0.30002
0.33514
0.21697
0.23398
0.14822
0.14614
0.03983
0.23769
0.14589
0.29814
0.18137
0.28472
0.27076
0.26504
0.35904
0.10063
0.09964
0.13043
0.26058
0.31600
0.17649
0.12707
0.28228
0.07947
0.15389
0.24048
0.22823
0.20285
0.15527
0.09613
0.18116
0.18311
0.11075
0.22968
0.27952
0.13187
0.16177
0.25042
0.30807
0.04013
0.23770
0.07425
0.23703
0.13532
0.17847
0.25603
0.06829
0.07135
0.21648
0.23040
0.07112
0.24756
0.01959
0.13498
0.13711
0.33501
0.28783
0.15903
0.24010
0.10503
0.16673
0.31235
0.34760
0.11524
0.18584
0.08027
0.30127
0.28408
0.05372
0.17464
0.06270
0.29650
0.21470
0.16588
0.23014
0.09949
0.34929
0.18877
0.08557
0.20279
0.25220
0.11572
0.31897
0.30011
0.34877
0.13354
0.16742
0.16047
0.23362
0.28524
0.25361
0.28373
0.31370
0.08688
0.09683
0.29681
0.32026
0.09117
0.28122
0.06116
0.21284
0.25863
0.05930
0.13039
0.19936
0.08026
0.07417
0.17439
0.26687
0.12929
0.10367
0.23064
0.17851
0.07873
0.14831
0.21996
0.24515
0.25217
0.17992
0.14512
0.08502
0.08158
0.15048
0.19892
0.22785
0.21864
0.17928
0.11713
0.27810
0.23558
0.06728
0.19952
0.14217
0.05412
0.22754
0.14390
0.21123
0.27941
0.13138
0.23798
0.24995
0.10660
0.27366
0.27428
0.27915
0.12225
0.28136
0.20211
0.30318
0.09941
0.24003
0.08874
0.10137
0.12105
0.08852
0.19173
0.23460
0.16732
0.07324
0.30045
0.10240
0.22940
0.12724
0.07425
0.25720
0.11712
0.03723
0.10839
0.28746
0.07504
0.31391
0.09454
0.11633
0.19685
0.19994
0.10592
0.03796
0.13589
0.10997
0.11269
0.15747
0.14168
0.24766
0.12043
0.15265
0.18414
0.07280
0.07337
0.13558
0.20900
0.19735
0.19522
0.19190
0.14443
0.23586
0.25301
0.09479
0.18857
0.07718
0.11357
0.11561
0.07874
0.03741
0.37917
0.18304
0.06104
0.20136
0.15398
0.07725
0.14681
0.31288
0.13725
0.10275
0.30134
0.12313
0.24687
0.17064
0.17385
0.17029
0.10674
0.07594
0.21441
0.24352
0.18517
0.11988
0.19416
0.16936
0.18372
0.20515
0.31791
0.29591
0.23646
0.17167
0.11330
0.27813
0.32121
0.32585
0.04762
0.26828
0.10582
0.28752
0.17515
0.11132
0.15267
0.13237
0.09579
0.24482
0.24499
0.10438
0.08450
0.14041
0.28759
0.21842
0.21598
0.18626
0.23190
0.25289
0.14027
0.09876
0.27435
0.28850
0.37838
0.25550
0.31001
0.25153
0.26561
0.27974
0.26349
0.28346
0.06817
0.11495
0.14681
0.24203
0.07251
0.11100
0.20535
0.19252
0.23096
0.14019
0.17156
0.13527
0.30243
0.26631
0.25195
0.20675
0.24189
0.12782
0.16107
0.31225
0.07119
0.19660
0.05641
0.12404
0.20745
0.07354
0.23826
0.32716
0.09278
0.12239
0.14384
0.27353
0.10792
0.06217
0.06833
0.06755
0.09020
0.11582
0.17855
0.12449
0.28048
0.15599
0.17705
0.10944
0.17965
0.29993
0.22676
0.25336
0.36023
0.18886
0.31078
0.29754
0.26393
0.30708
0.28518
0.23123
0.35822
0.24780
0.24075
0.23457
0.21932
0.29153
0.19331
0.38179
0.32649
0.25213
0.24561
0.23778
0.23649
0.34150
0.29415
0.23087
0.31038
0.35283
0.20682
0.27083
0.34781
0.26364
0.23537
0.25011
0.28023
0.30986
0.22267
0.20654
0.35917
0.24261
0.21057
0.31682
0.18363
0.29132
0.37335
0.27980
0.28334
0.30208
0.27432
0.21367
0.29384
0.34843
0.19382
0.28903
0.32099
0.25146
0.29100
0.30712
0.20405
0.29852
0.25730
0.27273
0.30651
0.29964
0.24671
0.17447
0.29148
0.36703
0.14864
0.28010
0.19788
0.18169
0.21898
0.34716
0.29586
0.32854
0.15989
0.34221
0.27554
0.27408
0.36817
0.29804
0.28102
0.29324
0.25430
0.26515
0.18267
0.39250
0.28659
0.24262
0.13704
0.30269
0.19484
0.24390
0.29928
0.26405
0.35258
0.32740
0.21289
0.35501
0.30368
0.16851
0.19431
0.26472
0.16652
0.18942
0.13371
0.29539
0.35002
0.24222
0.24136
0.23777
0.29102
0.22558
0.29945
0.23946
0.27283
0.21687
0.28854
0.28468
0.18567
0.17034
0.34715
0.30326
0.18020
0.30359
0.32624
0.25118
0.33305
0.31616
0.25051
0.26278
0.18603
0.29044
0.29137
0.27878
0.28820
0.24499
0.16752
0.30171
0.22990
0.25305
0.21929
0.26206
0.31879
0.29826
0.18645
0.24675
0.28363
0.21886
0.27446
0.18606
0.21672
0.23773
0.23489
0.17293
0.28183
0.31516
0.32850
0.19780
0.20303
0.33082
0.21674
0.17679
0.21435
0.29388
0.32707
0.17512
0.17842
0.27969
0.28321
0.18628
0.15415
0.22086
0.26135
0.21367
0.25606
0.24922
0.31857
0.18293
0.24973
0.26748
0.25803
0.17916
0.29361
0.28220
0.25310
0.35556
0.19170
0.31272
0.20674
0.36730
0.32118
0.20582
0.23998
0.30235
0.25769
0.20588
0.30593
0.29193
0.25212
0.27986
0.28489
0.33855
0.23730
0.28614
0.24525
0.34507
0.20734
0.25883
0.23927
0.25182
0.27341
0.25805
0.22218
0.21556
0.27137
0.30396
0.21894
0.31283
0.23617
0.26994
0.30608
0.28437
0.30968
0.15370
0.19789
0.32469
0.32225
0.24001
0.26969
0.26664
0.24268
0.23867
0.19437
0.29880
0.27267
0.25171
0.23192
0.18896
0.29496
0.32085
0.23798
0.26332
0.25622
0.33493
0.26561
0.19593
0.19953
0.28981
0.29508
0.27060
0.26883
0.26245
0.35288
0.34737
0.14289
0.23867
0.32957
0.28007
0.25025
0.29958
0.33926
0.22902
0.19672
0.19311
0.23653
0.26371
0.36542
0.30301
0.29269
0.28287
0.20173
0.23551
0.30472
0.28379
0.16221
0.34082
0.21382
0.24815
0.33163
0.31701
0.24287
0.23554
0.22328
0.29916
0.34397
0.34635
0.25908
0.29399
0.20231
0.31509
0.33117
0.14237
0.25446
0.19124
0.23542
0.26414
0.23450
0.26712
0.23681
0.23872
0.21480
0.21615
0.26164
0.34890
0.24944
0.25536
0.20825
0.29570
0.25373
0.22398
0.19046
0.32787
0.28694
0.34308
0.27570
0.21417
0.26573
0.25668
0.21601
0.27308
0.17639
0.35534
0.25956
0.33101
0.27894
0.29975
0.35100
0.25959
0.24875
0.29711
0.18847
0.16167
0.28318
0.19072
0.27853
0.30570
0.26222
0.31830
0.37865
0.31872
0.34738
0.27007
0.31278
0.29506
0.35681
0.23748
0.26867
0.33403
0.31960
0.29325
0.34012
0.38870
0.21216
0.23598
0.34485
0.23435
0.31183
0.31233
0.23335
0.25698
0.36774
0.23833
0.25235
0.32114
0.26190
0.21162
0.22722
0.25488
0.27868
0.29026
0.29484
0.29226
0.22606
0.28640
0.27478
0.31292
0.28534
0.28298
0.13033
0.34080
0.33001
0.37632
0.31271
0.30397
0.38195
0.38538
0.27504
0.14849
0.30488
0.39840
0.28472
0.20050
0.30498
0.32953
0.22501
0.22608
0.32271
0.23763
0.26386
0.23015
0.33560
0.35648
0.40765
0.31893
0.30345
0.27878
0.38462
0.30336
0.32433
0.27425
0.36961
0.26989
0.17905
0.32107
0.44472
0.22193
0.40287
0.39946
0.21565
0.30596
0.35216
0.32344
0.28620
0.25632
0.29030
0.24202
0.30156
0.28183
0.29263
0.30069
0.36926
0.25585
0.28635
0.22739
0.18461
0.27962
0.38376
0.23787
0.11446
0.33840
0.19490
0.19478
0.40531
0.13114
0.23679
0.18604
0.29377
0.26444
0.44635
0.17502
0.32243
0.38424
0.24402
0.20364
0.26331
0.26869
0.21581
0.35710
0.16720
0.37171
0.34104
0.24813
0.23449
0.24419
0.35144
0.29993
0.20403
0.34047
0.42165
0.33822
0.29877
0.35435
0.36185
0.21428
0.26779
0.28870
0.39198
0.18807
0.20634
0.24005
0.36845
0.28024
0.25249
0.27276
0.33678
0.36211
0.23355
0.29235
0.34096
0.31293
0.28838
0.25987
0.39640
0.29399
0.27972
0.28323
0.30198
0.35189
0.28662
0.31384
0.24244
0.32117
0.25450
0.23221
0.31806
0.27546
0.25465
0.28207
0.21502
0.33618
0.13325
0.02641
0.08583
0.19217
0.25768
0.25000
0.18719
0.26879
0.31146
0.21486
0.09194
0.21684
0.03873
0.32501
0.26032
0.18733
0.28592
0.07702
0.08114
0.16568
0.15542
0.07954
0.16441
0.23261
0.28487
0.21086
0.21551
0.29891
0.06559
0.32768
0.24736
0.07266
0.08953
0.19115
0.31113
0.18111
0.21398
0.20262
0.30699
0.08201
0.07774
0.10481
0.10065
0.29974
0.10971
0.14390
0.19670
0.26078
0.20025
0.25961
0.20840
0.04291
0.25699
0.07705
0.10485
0.27967
0.18855
0.22196
0.10423
0.04180
0.22380
0.18990
0.30788
0.25885
0.07978
0.07728
0.11563
0.19102
0.16007
0.15613
0.11791
0.29326
0.17222
0.10401
0.22626
0.32180
0.09632
0.12434
0.14458
0.08263
0.04169
0.22305
0.16590
0.18499
0.25477
0.28678
0.19852
0.32962
0.22907
0.23064
0.19339
0.19938
0.23274
0.04571
0.25456
0.13112
0.05080
0.20542
0.23069
0.27541
0.23777
0.06162
0.10147
0.15341
0.24241
0.19118
0.30797
0.09121
0.24123
0.25802
0.08737
0.22517
0.15580
0.05794
0.05932
0.15867
0.11111
0.07622
0.25693
0.27389
0.09506
0.13312
0.06937
0.09691
0.10985
0.25354
