0.11347
0.09565
0.06494
0.21633
0.08480
0.15226
0.25599
0.11184
0.16218
0.05322
0.18638
0.11479
0.12430
0.11334
0.06452
0.22941
0.12428
0.08993
0.06717
0.12628
0.27877
0.08507
0.12101
0.03481
0.20620
0.10208
0.09401
0.23245
0.06296
0.09732
0.15179
0.21915
0.11753
0.08854
0.04200
0.10940
0.14763
0.06592
0.09880
0.10646
0.24999
0.21753
0.09434
0.09774
0.25251
0.24153
0.11925
0.18259
0.14671
0.13783
0.10207
0.13984
0.15583
0.27156
0.09903
0.20150
0.22142
0.07600
0.11811
0.05746
0.26411
0.28239
0.09506
0.22143
0.29845
0.27989
0.04587
0.13941
0.07982
0.06324
0.12541
0.30120
0.27521
0.14663
0.24313
0.07204
0.04265
0.03551
0.20922
0.17663
0.30737
0.12919
0.29626
0.25353
0.25621
0.35179
0.09738
0.06420
0.10284
0.25843
0.30087
0.17759
0.04198
0.25501
0.04934
0.12672
0.18035
0.20357
0.18490
0.13311
0.09699
0.14065
0.10422
0.10954
0.20762
0.30098
0.08091
0.14586
0.14085
0.29026
0.01355
0.26302
0.06649
0.22592
0.11310
0.12988
0.26112
0.03495
0.05061
0.15278
0.24598
0.07006
0.27576
0.01841
0.05820
0.10686
0.33427
0.26782
0.11353
0.24858
0.06379
0.08456
0.31283
0.30004
0.09541
0.09641
0.05081
0.28314
0.26025
0.03663
0.19106
0.02243
0.27284
0.14014
0.11943
0.27960
0.08271
0.35116
0.12476
0.09988
0.15531
0.20755
0.10428
0.27844
0.33028
0.33059
0.06735
0.15855
0.16251
0.14126
0.18617
0.22997
0.26898
0.32460
0.09140
0.08658
0.27546
0.29898
0.04652
0.22746
0.05560
0.20361
0.18869
0.03153
0.07849
0.21196
0.05688
0.05447
0.12623
0.26913
0.06483
0.09957
0.20430
0.12241
0.07231
0.14528
0.17712
0.25976
0.27146
0.19692
0.07966
0.06832
0.02057
0.14256
0.09968
0.22486
0.17005
0.16063
0.10002
0.26561
0.18252
0.08370
0.16014
0.15046
0.05396
0.17702
0.06255
0.16517
0.23498
0.07605
0.29740
0.23440
0.06615
0.26210
0.26503
0.22584
0.12040
0.25666
0.18785
0.36159
0.10298
0.15087
0.07891
0.03832
0.06138
0.04331
0.13304
0.14837
0.10203
0.05360
0.26478
0.09463
0.22244
0.08981
0.07063
0.26819
0.10794
0.02699
0.09516
0.27066
0.05190
0.28628
0.08437
0.11860
0.14929
0.22093
0.11518
0.02741
0.09995
0.09747
0.09483
0.08354
0.06394
0.19461
0.15276
0.14578
0.18414
0.05895
0.05241
0.14043
0.22311
0.14510
0.22144
0.15822
0.14453
0.20575
0.23692
0.09121
0.18245
0.06745
0.09011
0.11740
0.05748
0.02608
0.33755
0.14412
0.04371
0.19793
0.17231
0.07979
0.13043
0.31674
0.12758
0.05736
0.30980
0.12521
0.21147
0.15358
0.18446
0.09965
0.05645
0.02788
0.14971
0.19218
0.14932
0.09192
0.16938
0.16081
0.14347
0.09761
0.30014
0.22443
0.24416
0.12268
0.07880
0.29588
0.26921
0.29396
0.01812
0.25321
0.11098
0.28877
0.08450
0.08250
0.10515
0.11857
0.09946
0.16888
0.23702
0.09128
0.07181
0.06626
0.26216
0.14258
0.20516
0.12298
0.24151
0.19591
0.05003
0.05233
0.21273
0.30039
0.36031
0.21338
0.30312
0.24782
0.21896
0.27036
0.25599
0.26612
0.06750
0.07298
0.09582
0.22045
0.03519
0.04818
0.18482
0.09754
0.20061
0.05933
0.13828
0.08514
0.27505
0.26219
0.23815
0.17759
0.29409
0.10224
0.17034
0.31457
0.02631
0.16095
0.04326
0.05791
0.22562
0.04614
0.24739
0.31429
0.06482
0.08441
0.12532
0.25047
0.09367
0.05781
0.06093
0.07097
0.03446
0.06587
0.15105
0.05831
0.28143
0.15291
0.17572
0.07241
0.20221
0.29192
0.20388
0.24908
0.34723
0.18334
0.26665
0.30223
0.27232
0.29832
0.28670
0.23624
0.33567
0.24745
0.28101
0.23392
0.23586
0.28807
0.16949
0.36035
0.32418
0.24451
0.23562
0.24465
0.23054
0.35354
0.26470
0.23597
0.31073
0.32482
0.19108
0.24035
0.31087
0.28785
0.27198
0.26309
0.27758
0.30699
0.25657
0.23784
0.34697
0.24666
0.22291
0.32201
0.20438
0.32096
0.34106
0.28270
0.29777
0.29719
0.28050
0.22294
0.28360
0.31171
0.21053
0.26946
0.32322
0.22285
0.26557
0.27997
0.17862
0.29304
0.26597
0.25883
0.31066
0.28900
0.26001
0.15719
0.29182
0.35560
0.16064
0.27849
0.22111
0.17292
0.20447
0.37186
0.32255
0.31524
0.18079
0.35733
0.28129
0.27764
0.35578
0.30662
0.28905
0.28740
0.23670
0.28824
0.17739
0.34404
0.27433
0.24193
0.17143
0.32675
0.17745
0.26090
0.28842
0.26435
0.34462
0.31576
0.22574
0.28784
0.30513
0.15754
0.17292
0.27886
0.20419
0.20923
0.17520
0.29853
0.34372
0.25257
0.25610
0.24408
0.28524
0.20297
0.28944
0.24250
0.26416
0.22411
0.27868
0.27025
0.22620
0.18220
0.34362
0.28254
0.19076
0.27988
0.31397
0.25375
0.36152
0.30541
0.21749
0.26652
0.21148
0.29107
0.32155
0.25087
0.24545
0.24103
0.16823
0.29223
0.22268
0.28227
0.20533
0.26621
0.29525
0.28368
0.21161
0.21841
0.28965
0.21668
0.26905
0.19470
0.23462
0.24809
0.23982
0.20126
0.31386
0.32094
0.32730
0.20158
0.23282
0.31196
0.20212
0.21578
0.24458
0.29619
0.31040
0.19222
0.17801
0.29689
0.26157
0.18043
0.15464
0.22882
0.27275
0.22145
0.24358
0.22666
0.30677
0.18477
0.24486
0.26712
0.25050
0.18708
0.26944
0.25269
0.24195
0.38649
0.18278
0.28699
0.21898
0.35664
0.30586
0.24298
0.26633
0.26267
0.26112
0.20436
0.29977
0.27199
0.24116
0.27498
0.26102
0.34211
0.25368
0.28027
0.21579
0.34837
0.21332
0.28173
0.19921
0.24186
0.27605
0.25564
0.20174
0.25357
0.24903
0.30184
0.20967
0.32040
0.21265
0.24453
0.28752
0.27922
0.27795
0.16081
0.19658
0.31984
0.30769
0.21937
0.25307
0.28864
0.28638
0.24867
0.20935
0.29754
0.28919
0.26364
0.25685
0.19063
0.28222
0.29647
0.27698
0.23421
0.23256
0.30411
0.27070
0.17380
0.22733
0.27876
0.30159
0.27696
0.26624
0.24209
0.34020
0.34359
0.15032
0.24204
0.31843
0.25597
0.24046
0.30157
0.31548
0.24233
0.19703
0.21114
0.23997
0.24893
0.35184
0.28845
0.29039
0.25869
0.23187
0.27420
0.27954
0.27338
0.18427
0.32632
0.20835
0.24788
0.34070
0.30922
0.24781
0.25204
0.24349
0.28290
0.31297
0.33470
0.24048
0.26881
0.19835
0.28066
0.31483
0.14183
0.24702
0.18615
0.23498
0.25039
0.21015
0.25778
0.24204
0.24212
0.24661
0.23188
0.24150
0.32807
0.27386
0.24258
0.19099
0.26657
0.25502
0.24129
0.20687
0.35254
0.29124
0.33229
0.26077
0.25227
0.27324
0.25779
0.23325
0.26473
0.15526
0.32431
0.26485
0.33735
0.25672
0.31524
0.34822
0.27817
0.24133
0.28231
0.17129
0.20729
0.27562
0.20668
0.27868
0.30144
0.26930
0.31831
0.38840
0.31712
0.31405
0.29022
0.29913
0.28910
0.35066
0.24186
0.27564
0.31701
0.32158
0.27680
0.31291
0.37002
0.23659
0.23969
0.31926
0.22498
0.32439
0.32973
0.26161
0.23282
0.34324
0.22545
0.25520
0.31498
0.28339
0.24353
0.22678
0.26076
0.28781
0.27772
0.28732
0.29044
0.26120
0.29015
0.27553
0.29571
0.24567
0.28006
0.12964
0.31342
0.33111
0.36558
0.29558
0.32751
0.38345
0.39564
0.26454
0.16846
0.29531
0.37641
0.29105
0.19898
0.30264
0.32995
0.25007
0.25110
0.30911
0.22839
0.27742
0.23763
0.31622
0.37921
0.43275
0.29119
0.29790
0.24680
0.37386
0.30928
0.30790
0.28181
0.33133
0.25016
0.16843
0.32384
0.44761
0.25127
0.40538
0.40122
0.20427
0.28488
0.33681
0.31892
0.29468
0.23611
0.26188
0.20810
0.30643
0.27076
0.31134
0.27896
0.36640
0.26373
0.26352
0.24158
0.23012
0.24443
0.39583
0.22784
0.14473
0.30678
0.17938
0.20099
0.40665
0.18660
0.26468
0.20409
0.26799
0.23867
0.43586
0.19815
0.32540
0.38549
0.25820
0.23329
0.24448
0.26116
0.22865
0.34353
0.19488
0.34504
0.34126
0.25335
0.24114
0.20056
0.31278
0.27086
0.20813
0.35753
0.41174
0.31366
0.28931
0.34918
0.35952
0.21319
0.27102
0.26848
0.36266
0.20341
0.21070
0.28250
0.34727
0.24408
0.24852
0.23904
0.32153
0.38593
0.24471
0.28859
0.33768
0.31114
0.26602
0.25979
0.38557
0.26883
0.25468
0.26457
0.28341
0.34816
0.26222
0.28113
0.24707
0.33113
0.24712
0.24480
0.28588
0.27386
0.23603
0.27205
0.17739
0.32929
0.18656
0.06598
0.13305
0.16926
0.20189
0.22279
0.19106
0.22904
0.33607
0.17736
0.03289
0.12850
0.04034
0.28199
0.24852
0.11588
0.28940
0.04165
0.08331
0.18308
0.18644
0.06928
0.11065
0.22092
0.24941
0.16923
0.21579
0.26867
0.02155
0.26873
0.22484
0.06330
0.02716
0.04117
0.27902
0.12096
0.14052
0.20245
0.29021
0.02515
0.03913
0.12223
0.08779
0.23499
0.09505
0.11931
0.10257
0.25547
0.10087
0.24412
0.22779
0.02172
0.23652
0.07989
0.04560
0.23615
0.17983
0.22815
0.07083
0.05461
0.20895
0.21056
0.30875
0.24350
0.03593
0.01521
0.12332
0.20884
0.19382
0.14740
0.12749
0.21503
0.19236
0.11210
0.23675
0.28505
0.06943
0.10884
0.15091
0.03443
0.03221
0.25592
0.16886
0.20228
0.23017
0.29373
0.20312
0.29894
0.22038
0.23149
0.22629
0.14231
0.18293
0.00956
0.28440
0.07442
0.04714
0.19117
0.26271
0.24519
0.26595
0.05230
0.04380
0.11510
0.14471
0.19596
0.29576
0.06089
0.11286
0.28754
0.10323
0.21024
0.06973
0.01281
0.01460
0.16567
0.06529
0.08326
0.26791
0.30327
0.08874
0.09936
0.02389
0.03085
0.09070
0.20124
