0.10588
0.11154
0.07210
0.26079
0.07377
0.13156
0.24688
0.13512
0.17605
0.08658
0.20365
0.12481
0.16367
0.11365
0.11255
0.23335
0.13179
0.11272
0.06958
0.18274
0.31170
0.17856
0.16209
0.05621
0.23068
0.15695
0.10221
0.27695
0.11636
0.17251
0.14154
0.26960
0.17935
0.09765
0.14851
0.08924
0.12215
0.09805
0.15000
0.17202
0.32446
0.25571
0.07975
0.15613
0.27540
0.25998
0.16262
0.22844
0.17833
0.15421
0.10078
0.14545
0.14582
0.29810
0.10262
0.25593
0.23265
0.11204
0.10498
0.09144
0.26844
0.28588
0.13531
0.24606
0.27226
0.29622
0.06594
0.18130
0.15037
0.03929
0.13140
0.29567
0.30852
0.21321
0.20878
0.17525
0.08810
0.04645
0.21475
0.14882
0.30368
0.20095
0.30276
0.27109
0.27844
0.36696
0.09105
0.07286
0.16633
0.23953
0.30175
0.20450
0.08640
0.26585
0.06564
0.17535
0.23055
0.21362
0.21837
0.14688
0.09286
0.19116
0.14944
0.11598
0.21317
0.29421
0.16676
0.16272
0.21470
0.27011
0.06770
0.25828
0.11038
0.24495
0.12446
0.15481
0.26108
0.06501
0.08771
0.16630
0.23923
0.07700
0.23198
0.02552
0.11617
0.14067
0.30932
0.26686
0.17162
0.25549
0.13077
0.14818
0.26432
0.31540
0.09803
0.17250
0.11376
0.27813
0.23827
0.03477
0.18889
0.05335
0.30658
0.22170
0.17634
0.31085
0.07688
0.33046
0.20523
0.09007
0.17163
0.23413
0.12048
0.28579
0.26957
0.31665
0.16185
0.16757
0.13832
0.21533
0.25839
0.28121
0.26367
0.31446
0.08646
0.14251
0.31432
0.27738
0.12578
0.24306
0.07233
0.22324
0.26859
0.06581
0.11023
0.21387
0.07743
0.08759
0.18388
0.29237
0.07495
0.10622
0.22156
0.16684
0.12924
0.21179
0.23475
0.24488
0.26647
0.22460
0.15678
0.07919
0.08876
0.14584
0.15649
0.25091
0.22384
0.17709
0.12382
0.26281
0.18295
0.06717
0.18549
0.17236
0.10081
0.25203
0.14517
0.20027
0.22095
0.10570
0.21968
0.21326
0.11024
0.24453
0.27196
0.26871
0.14734
0.25585
0.21297
0.30647
0.13944
0.21859
0.12983
0.07996
0.11316
0.14556
0.17548
0.19591
0.16504
0.09427
0.25204
0.13495
0.24966
0.12403
0.05147
0.27402
0.11021
0.04945
0.10932
0.24901
0.09036
0.27435
0.11755
0.10836
0.17203
0.20229
0.10381
0.06722
0.11004
0.10724
0.15399
0.12473
0.14846
0.28480
0.12699
0.14881
0.19501
0.07585
0.11327
0.13724
0.19840
0.13749
0.21803
0.19194
0.17655
0.22998
0.24395
0.09596
0.23764
0.07588
0.11096
0.12139
0.11147
0.04213
0.38165
0.15109
0.08614
0.18472
0.19376
0.09163
0.14923
0.32780
0.11259
0.07415
0.28376
0.11889
0.20780
0.19778
0.16800
0.19226
0.09347
0.09315
0.18381
0.25375
0.16531
0.08954
0.15923
0.18998
0.17544
0.17586
0.32772
0.28446
0.24734
0.14210
0.17295
0.27747
0.30772
0.31800
0.05621
0.25655
0.14479
0.28829
0.13926
0.11051
0.13991
0.11211
0.13018
0.21725
0.21163
0.08076
0.07079
0.08883
0.25184
0.19789
0.25506
0.18796
0.22699
0.26106
0.16393
0.05723
0.26779
0.28193
0.36692
0.26896
0.31846
0.25070
0.24664
0.27303
0.24189
0.27892
0.07535
0.08678
0.13410
0.24856
0.07189
0.10894
0.21057
0.14219
0.21671
0.12983
0.17469
0.13950
0.28449
0.23433
0.24394
0.19734
0.28862
0.13958
0.13409
0.32579
0.08933
0.16355
0.07134
0.11062
0.18555
0.12450
0.21579
0.33764
0.07757
0.10330
0.16521
0.25827
0.10625
0.07160
0.07421
0.08405
0.06616
0.10666
0.22244
0.09251
0.27130
0.18231
0.19701
0.12636
0.15625
0.26615
0.26442
0.30168
0.30307
0.20893
0.21876
0.31752
0.32606
0.33338
0.26793
0.28631
0.30723
0.29578
0.22307
0.28727
0.20670
0.31918
0.18298
0.34229
0.27864
0.22429
0.29212
0.25408
0.28560
0.36572
0.31394
0.28539
0.25632
0.29049
0.26546
0.29249
0.29174
0.27270
0.24540
0.26150
0.32075
0.27718
0.29088
0.19291
0.31156
0.30028
0.29029
0.35055
0.22716
0.28794
0.30142
0.30732
0.31742
0.32119
0.31685
0.24843
0.31162
0.28842
0.25966
0.32263
0.26587
0.27729
0.29817
0.32356
0.19621
0.32758
0.25616
0.25225
0.27302
0.22829
0.29315
0.15588
0.22172
0.32479
0.11392
0.28566
0.26235
0.25750
0.16319
0.37668
0.32036
0.27016
0.19060
0.31111
0.26805
0.27324
0.32947
0.26455
0.32009
0.29243
0.23817
0.30453
0.16925
0.32937
0.31222
0.25014
0.19844
0.34243
0.18542
0.25086
0.27410
0.26107
0.30773
0.26763
0.19183
0.26524
0.26781
0.14851
0.19701
0.31256
0.16443
0.16661
0.15753
0.28775
0.29262
0.30705
0.29408
0.24206
0.32244
0.18416
0.31833
0.30983
0.30741
0.21556
0.27238
0.30902
0.18810
0.21126
0.33556
0.23857
0.26070
0.31269
0.28343
0.24873
0.36069
0.25824
0.23303
0.30347
0.16733
0.27344
0.30323
0.31579
0.27242
0.23823
0.18804
0.33845
0.24179
0.31870
0.22317
0.30319
0.32977
0.24326
0.17009
0.20920
0.28883
0.19711
0.31709
0.17671
0.24625
0.23962
0.20686
0.25394
0.31135
0.29030
0.28439
0.28709
0.27230
0.28363
0.23523
0.27753
0.26845
0.24330
0.29415
0.14527
0.19479
0.29635
0.29965
0.26381
0.17112
0.17828
0.22789
0.25563
0.22708
0.29512
0.33203
0.16019
0.30156
0.23941
0.30749
0.19265
0.32458
0.28732
0.25922
0.37964
0.20536
0.29751
0.22668
0.32856
0.26522
0.30299
0.27642
0.31796
0.24921
0.19512
0.31535
0.27472
0.29503
0.24939
0.22533
0.30404
0.22611
0.23156
0.25007
0.28789
0.27478
0.30956
0.22872
0.29744
0.26253
0.26738
0.18675
0.27881
0.25667
0.31416
0.24235
0.30111
0.23551
0.29945
0.23051
0.24463
0.24302
0.17267
0.27972
0.29159
0.28105
0.29953
0.32005
0.33983
0.24917
0.28661
0.27489
0.27657
0.29342
0.30034
0.25357
0.15392
0.31935
0.26862
0.25741
0.30725
0.17608
0.28381
0.31565
0.23284
0.22463
0.25902
0.27035
0.31287
0.29467
0.26302
0.30324
0.30522
0.14833
0.23412
0.25703
0.30745
0.30878
0.31270
0.29681
0.22197
0.21373
0.16492
0.29009
0.30412
0.33023
0.29438
0.27750
0.31315
0.23516
0.27012
0.23330
0.22376
0.19578
0.28364
0.22932
0.22428
0.30920
0.29351
0.30157
0.23406
0.29322
0.26716
0.35428
0.30271
0.25454
0.22929
0.18008
0.32863
0.26181
0.14249
0.30900
0.16853
0.29227
0.30849
0.21455
0.30553
0.21699
0.29823
0.20675
0.28929
0.25289
0.30185
0.31868
0.30286
0.20860
0.22903
0.26245
0.25985
0.24829
0.28459
0.24710
0.35536
0.25738
0.29298
0.31572
0.29312
0.28118
0.24686
0.20593
0.28731
0.28151
0.31724
0.23738
0.24789
0.30378
0.25832
0.29348
0.32612
0.19947
0.25461
0.31256
0.28646
0.32141
0.26082
0.31639
0.34445
0.35709
0.25788
0.28557
0.26495
0.25305
0.26239
0.32702
0.29993
0.28229
0.28292
0.27501
0.31940
0.28196
0.35862
0.19552
0.28668
0.29128
0.24939
0.30357
0.33941
0.22189
0.25579
0.29174
0.24246
0.30611
0.26190
0.30806
0.29013
0.29502
0.29538
0.25768
0.27085
0.35724
0.26343
0.28062
0.33119
0.29057
0.31968
0.30681
0.27259
0.14858
0.27990
0.34166
0.33734
0.33960
0.29640
0.40538
0.41661
0.30983
0.16266
0.33961
0.37452
0.26711
0.16719
0.32660
0.32376
0.22856
0.27082
0.29867
0.27623
0.23908
0.27946
0.34922
0.33155
0.36197
0.28260
0.33173
0.29344
0.40243
0.25094
0.26414
0.32656
0.34014
0.30847
0.18758
0.29451
0.44843
0.22112
0.41836
0.41650
0.16755
0.31051
0.36879
0.32067
0.26950
0.28248
0.31010
0.25077
0.26701
0.31395
0.27654
0.26486
0.38175
0.31787
0.31500
0.23487
0.23738
0.29024
0.40912
0.19178
0.09239
0.32883
0.11490
0.15564
0.41407
0.12375
0.23722
0.20247
0.31004
0.25292
0.43917
0.15430
0.35439
0.39630
0.25155
0.22591
0.28355
0.21840
0.19291
0.37404
0.15954
0.36000
0.33504
0.28767
0.23878
0.27747
0.33111
0.27729
0.16961
0.31508
0.41889
0.30122
0.29080
0.37484
0.38999
0.25841
0.26322
0.28692
0.38247
0.15745
0.19861
0.24791
0.33181
0.30659
0.25163
0.30020
0.28492
0.33887
0.20867
0.31817
0.35157
0.27100
0.31049
0.25181
0.37993
0.32529
0.25123
0.31211
0.32671
0.33216
0.27083
0.32635
0.22544
0.32503
0.24362
0.27283
0.32904
0.29238
0.26722
0.31683
0.23130
0.31509
0.20936
0.04792
0.06369
0.21789
0.27988
0.30030
0.17675
0.30724
0.35357
0.18696
0.07215
0.18061
0.04492
0.27883
0.26970
0.17240
0.27152
0.11186
0.13608
0.18447
0.21264
0.08997
0.18254
0.21857
0.26310
0.19060
0.21180
0.30077
0.08266
0.28529
0.23745
0.09374
0.11993
0.17213
0.27676
0.18926
0.25976
0.21962
0.31685
0.04042
0.06015
0.07326
0.09630
0.28879
0.15277
0.12894
0.20394
0.31061
0.13582
0.28558
0.20438
0.05736
0.30483
0.09955
0.05262
0.27715
0.17165
0.25472
0.07010
0.07851
0.23590
0.20663
0.26131
0.24282
0.04497
0.09854
0.13297
0.19848
0.22726
0.21750
0.12516
0.27998
0.19759
0.10021
0.24827
0.28270
0.13181
0.16250
0.15568
0.08571
0.06699
0.23593
0.15561
0.17278
0.26292
0.26239
0.18929
0.30918
0.22760
0.22989
0.22223
0.20575
0.22420
0.05984
0.23991
0.08303
0.04520
0.20869
0.24989
0.30091
0.23365
0.05973
0.09018
0.19191
0.23921
0.21960
0.28241
0.09487
0.25394
0.35714
0.15060
0.22646
0.09125
0.06797
0.03252
0.19643
0.11066
0.08663
0.26277
0.29131
0.11968
0.11202
0.01175
0.08005
0.11559
0.26487
