0.14113
0.11646
0.11799
0.27374
0.09865
0.14069
0.25526
0.15544
0.14507
0.07127
0.19249
0.17842
0.19601
0.12454
0.15122
0.22430
0.14658
0.18058
0.11123
0.15290
0.30938
0.13202
0.19226
0.05875
0.25737
0.18615
0.15914
0.26629
0.07116
0.11442
0.16312
0.27532
0.19368
0.11244
0.12470
0.10164
0.18333
0.14246
0.13237
0.16935
0.28689
0.28123
0.11564
0.19840
0.27110
0.21585
0.15903
0.27961
0.24694
0.14996
0.10374
0.17407
0.14554
0.27917
0.09462
0.19694
0.21129
0.15183
0.16648
0.09813
0.23407
0.26584
0.13722
0.19231
0.27481
0.31444
0.07042
0.15182
0.15921
0.04311
0.14123
0.30782
0.30136
0.20823
0.20716
0.12135
0.10886
0.02946
0.15619
0.20560
0.29955
0.18201
0.35526
0.26199
0.24199
0.37812
0.10135
0.13367
0.15401
0.25232
0.32324
0.17008
0.07203
0.21477
0.11217
0.20273
0.19302
0.22928
0.18447
0.16037
0.11143
0.17924
0.13234
0.20015
0.26680
0.29432
0.18340
0.19067
0.17298
0.28297
0.03770
0.24968
0.14580
0.23311
0.15053
0.13541
0.25480
0.05222
0.05924
0.15545
0.25924
0.08293
0.29251
0.03061
0.13081
0.12844
0.29289
0.27089
0.16544
0.25328
0.13122
0.16818
0.30816
0.34038
0.13325
0.16881
0.06994
0.26841
0.29650
0.04672
0.16644
0.04529
0.28763
0.16596
0.20330
0.26233
0.08144
0.36541
0.15138
0.09302
0.18974
0.31228
0.14617
0.31883
0.27409
0.30811
0.14955
0.15036
0.18933
0.16570
0.28384
0.24212
0.21411
0.34739
0.09533
0.16182
0.31058
0.26389
0.09242
0.27311
0.06320
0.23278
0.21993
0.07276
0.09617
0.26795
0.09760
0.07261
0.19706
0.30087
0.08461
0.09796
0.25083
0.21035
0.15412
0.17655
0.26309
0.23285
0.25056
0.19708
0.15040
0.07152
0.06064
0.22309
0.18788
0.25051
0.20717
0.22546
0.10914
0.30594
0.17493
0.10917
0.16138
0.15387
0.04806
0.24177
0.10891
0.27347
0.25772
0.07172
0.27510
0.25797
0.12943
0.22477
0.25663
0.22680
0.13628
0.26008
0.24709
0.35090
0.08783
0.20647
0.11708
0.10510
0.11331
0.09146
0.19027
0.20333
0.16013
0.06189
0.21228
0.09634
0.25849
0.15805
0.06451
0.27182
0.12056
0.10089
0.11096
0.25873
0.13510
0.29550
0.10830
0.09876
0.17993
0.20068
0.11795
0.05923
0.13999
0.12643
0.11543
0.13970
0.15035
0.26730
0.16932
0.18236
0.16471
0.12378
0.07829
0.12707
0.20955
0.17371
0.22156
0.21154
0.16559
0.23090
0.30527
0.09353
0.14970
0.09011
0.11168
0.15712
0.06167
0.04726
0.36509
0.18362
0.08427
0.20958
0.20226
0.07354
0.14955
0.34238
0.18141
0.09553
0.28969
0.12066
0.20397
0.18797
0.24653
0.17032
0.16939
0.06969
0.21714
0.18578
0.21380
0.11728
0.16673
0.18616
0.21265
0.20106
0.32393
0.28222
0.27199
0.12603
0.08886
0.30466
0.27654
0.30717
0.05658
0.26049
0.12452
0.28475
0.16717
0.08569
0.16786
0.14108
0.13562
0.24740
0.24358
0.07827
0.08013
0.11797
0.27556
0.17186
0.26814
0.15376
0.24846
0.26025
0.12116
0.05765
0.24514
0.27399
0.38934
0.23586
0.26243
0.23981
0.25316
0.26543
0.25898
0.17648
0.10056
0.08360
0.13392
0.22944
0.05222
0.05595
0.25243
0.11556
0.26836
0.10816
0.21028
0.13691
0.29417
0.27613
0.20867
0.19644
0.29934
0.17964
0.21558
0.31116
0.10593
0.23308
0.07011
0.14891
0.19921
0.08983
0.24500
0.30057
0.10287
0.08770
0.18293
0.28608
0.11415
0.09012
0.09077
0.10332
0.07557
0.12684
0.20626
0.07032
0.27066
0.17607
0.14564
0.10231
0.18104
0.29840
0.21136
0.26377
0.36432
0.19442
0.30391
0.31008
0.33077
0.32967
0.28358
0.26451
0.36391
0.28114
0.23584
0.26076
0.24008
0.31896
0.18643
0.37813
0.33286
0.26919
0.25011
0.25015
0.25521
0.35178
0.29378
0.25694
0.31962
0.32851
0.22486
0.26687
0.33515
0.29749
0.25923
0.26218
0.29109
0.30721
0.26802
0.21567
0.35715
0.27249
0.25467
0.35373
0.24151
0.31973
0.36613
0.31236
0.29942
0.30218
0.30436
0.27004
0.28155
0.35302
0.21054
0.30290
0.31426
0.26465
0.28214
0.30916
0.22726
0.32420
0.28046
0.27984
0.30927
0.29203
0.28421
0.19737
0.28837
0.37557
0.16127
0.29053
0.21176
0.20226
0.22678
0.37119
0.32019
0.33072
0.17023
0.35541
0.27827
0.28952
0.39130
0.30753
0.29417
0.31655
0.25777
0.28859
0.19199
0.37908
0.28732
0.25357
0.19896
0.34773
0.20569
0.27416
0.29117
0.27397
0.35370
0.32514
0.23306
0.32718
0.31904
0.17496
0.16588
0.30759
0.19883
0.19552
0.15701
0.29900
0.37385
0.27530
0.27509
0.24833
0.30742
0.24043
0.32158
0.28952
0.26305
0.18455
0.28938
0.30538
0.23436
0.19645
0.35958
0.29226
0.20825
0.31751
0.31263
0.27040
0.37316
0.32685
0.24449
0.27560
0.21355
0.29076
0.31836
0.29478
0.28457
0.26034
0.17013
0.31781
0.24890
0.29861
0.25319
0.27698
0.32729
0.29708
0.21368
0.24426
0.31377
0.19127
0.27814
0.20446
0.26616
0.24066
0.23240
0.21441
0.30970
0.30315
0.33572
0.24989
0.24662
0.32200
0.19202
0.21456
0.23394
0.30316
0.30837
0.16239
0.18442
0.27841
0.28006
0.21770
0.15649
0.18669
0.25731
0.20959
0.22730
0.25377
0.31936
0.18867
0.24478
0.27454
0.28741
0.19980
0.27309
0.29223
0.24033
0.34951
0.20739
0.30763
0.26382
0.38148
0.31615
0.27895
0.28145
0.29946
0.25449
0.20053
0.29860
0.29815
0.25975
0.27828
0.27933
0.33344
0.23980
0.29822
0.24806
0.35410
0.24873
0.29088
0.22045
0.27319
0.27016
0.26506
0.20988
0.23597
0.25447
0.31935
0.23557
0.34140
0.25617
0.26248
0.29040
0.27113
0.28684
0.15637
0.23041
0.33085
0.33625
0.27378
0.27171
0.30354
0.27277
0.25491
0.23279
0.31444
0.30476
0.27225
0.24337
0.19639
0.31306
0.32052
0.26977
0.26709
0.25060
0.33324
0.30428
0.21154
0.18425
0.27995
0.30515
0.29373
0.29097
0.26870
0.36326
0.37149
0.14964
0.25375
0.33387
0.27610
0.28460
0.32010
0.34085
0.24782
0.20202
0.20907
0.26198
0.28487
0.36375
0.29015
0.30447
0.31355
0.25743
0.25954
0.30043
0.28305
0.19803
0.35133
0.23307
0.25601
0.34236
0.32106
0.26239
0.25943
0.27991
0.29498
0.37068
0.35525
0.22474
0.29491
0.20910
0.32317
0.32270
0.12975
0.27730
0.20388
0.27101
0.28884
0.24511
0.26659
0.25627
0.28460
0.21618
0.25618
0.25003
0.36071
0.30166
0.27652
0.17088
0.30619
0.25358
0.26572
0.21051
0.33672
0.25800
0.34672
0.26126
0.26964
0.30645
0.29985
0.26545
0.27918
0.18318
0.32399
0.28521
0.32968
0.27212
0.30199
0.35748
0.28770
0.26408
0.30896
0.19517
0.22998
0.29553
0.24862
0.29284
0.31887
0.29247
0.32759
0.39219
0.32405
0.31406
0.27474
0.30970
0.28421
0.36787
0.26971
0.29028
0.32176
0.31953
0.30748
0.34124
0.40944
0.24380
0.27810
0.33072
0.26938
0.31964
0.32635
0.23587
0.24834
0.36386
0.23544
0.26984
0.31472
0.30138
0.22695
0.24269
0.28953
0.30640
0.26369
0.33334
0.29111
0.26178
0.32007
0.29051
0.31405
0.28092
0.27085
0.15210
0.32602
0.32495
0.36736
0.31802
0.33410
0.39741
0.42125
0.28710
0.20131
0.32278
0.39752
0.28433
0.19773
0.30725
0.34897
0.26662
0.21547
0.32520
0.24199
0.26495
0.24216
0.35189
0.33949
0.40132
0.30655
0.32523
0.28682
0.38990
0.28900
0.31090
0.31134
0.35178
0.30102
0.19709
0.33160
0.46618
0.25711
0.42142
0.40225
0.18728
0.29527
0.37107
0.29445
0.29654
0.25202
0.29421
0.23610
0.29807
0.31240
0.30616
0.31108
0.39740
0.29466
0.30330
0.25899
0.22008
0.27203
0.40775
0.24527
0.11995
0.34338
0.15597
0.20168
0.42377
0.17937
0.27881
0.23868
0.28783
0.25245
0.46369
0.19738
0.34544
0.39839
0.26787
0.24993
0.26062
0.26848
0.18763
0.37039
0.19764
0.37127
0.32950
0.25696
0.23942
0.23453
0.35258
0.29858
0.22421
0.34589
0.43554
0.32593
0.30173
0.38335
0.39972
0.22371
0.26234
0.30002
0.38341
0.21963
0.26258
0.25134
0.34114
0.27365
0.26422
0.28216
0.34435
0.35426
0.24868
0.30120
0.36016
0.31030
0.28690
0.26560
0.40190
0.31158
0.29961
0.27635
0.32236
0.33555
0.27194
0.32266
0.23908
0.34075
0.26470
0.23650
0.32784
0.30533
0.23128
0.27831
0.19342
0.32834
0.20918
0.08805
0.16655
0.23291
0.23898
0.24106
0.19333
0.27828
0.33708
0.26960
0.10333
0.20701
0.08081
0.28454
0.20432
0.19738
0.27093
0.11412
0.09660
0.19589
0.18758
0.13286
0.17578
0.24365
0.31352
0.12724
0.21122
0.26444
0.09281
0.28178
0.15197
0.12901
0.08640
0.15638
0.28303
0.11535
0.21621
0.22945
0.29355
0.10468
0.06670
0.15424
0.15770
0.28630
0.14206
0.17928
0.21826
0.26280
0.16275
0.27094
0.21898
0.09640
0.26393
0.13302
0.08776
0.29146
0.19000
0.29021
0.11811
0.12637
0.20317
0.20735
0.32709
0.25976
0.11470
0.08861
0.17763
0.20634
0.24514
0.21568
0.17800
0.22951
0.17511
0.14041
0.25422
0.31239
0.13961
0.12321
0.25141
0.13959
0.04981
0.27756
0.19720
0.18487
0.23064
0.28327
0.19163
0.32256
0.26453
0.26874
0.23829
0.18335
0.15964
0.06549
0.25732
0.14520
0.10766
0.21236
0.24486
0.32327
0.26596
0.10900
0.11888
0.24635
0.19759
0.23866
0.31405
0.10049
0.30622
0.36683
0.11670
0.26859
0.12668
0.06469
0.05851
0.08283
0.12543
0.07111
0.24976
0.29742
0.11939
0.15747
0.04805
0.06844
0.09534
0.28733
