0.08879
0.09473
0.04671
0.22814
0.08539
0.14582
0.22446
0.12800
0.15927
0.07541
0.15688
0.14510
0.16796
0.11851
0.13018
0.22519
0.14900
0.16137
0.04731
0.15148
0.30663
0.15601
0.16464
0.06694
0.28425
0.14790
0.10950
0.21134
0.08227
0.18039
0.13390
0.24244
0.12249
0.11746
0.06754
0.09555
0.13670
0.13099
0.06782
0.16438
0.26952
0.25876
0.07812
0.11867
0.26174
0.23934
0.14422
0.26331
0.20613
0.16451
0.10607
0.12844
0.12268
0.30102
0.08892
0.21163
0.22081
0.12377
0.13038
0.06895
0.27416
0.31177
0.15142
0.21632
0.29141
0.33852
0.04786
0.18853
0.13063
0.06447
0.13285
0.32297
0.28238
0.17367
0.24189
0.10889
0.07677
0.05353
0.18423
0.18060
0.32159
0.14573
0.35343
0.27743
0.24825
0.30506
0.10271
0.09967
0.10288
0.28285
0.33400
0.20533
0.06355
0.26604
0.05583
0.13479
0.19958
0.22214
0.20464
0.16301
0.09494
0.17138
0.10440
0.14041
0.20086
0.31877
0.15937
0.15921
0.18788
0.25881
0.00995
0.23789
0.09098
0.24635
0.09945
0.13029
0.27605
0.03110
0.09163
0.21830
0.23389
0.04201
0.29940
0.02734
0.09506
0.14184
0.28405
0.26613
0.17773
0.26952
0.12031
0.13877
0.28683
0.31740
0.09880
0.11077
0.08964
0.28408
0.24960
0.07190
0.20013
0.03357
0.30206
0.17034
0.14433
0.29338
0.08842
0.35010
0.19187
0.08653
0.15807
0.27229
0.09816
0.33106
0.30537
0.35064
0.07623
0.15288
0.13614
0.26515
0.21229
0.20452
0.26000
0.31405
0.09729
0.12473
0.29417
0.28203
0.09778
0.21139
0.03586
0.21509
0.19677
0.03931
0.09418
0.23649
0.07640
0.09466
0.18604
0.27640
0.09331
0.11233
0.18419
0.16751
0.12207
0.18452
0.22136
0.25382
0.25195
0.21050
0.11433
0.11136
0.05700
0.18363
0.18331
0.22750
0.16994
0.20411
0.08198
0.27799
0.19254
0.07246
0.15799
0.15495
0.05879
0.24546
0.08166
0.24503
0.28183
0.05936
0.24319
0.25127
0.09355
0.27816
0.26845
0.26749
0.11684
0.19569
0.23681
0.34068
0.11166
0.17552
0.09483
0.04019
0.06405
0.03611
0.19458
0.14310
0.14838
0.04829
0.20901
0.06609
0.21788
0.13062
0.03745
0.25432
0.11982
0.04962
0.09513
0.29161
0.07221
0.27366
0.11116
0.12419
0.13082
0.23251
0.10613
0.06385
0.11936
0.10028
0.09657
0.08286
0.09863
0.23478
0.15265
0.14570
0.19621
0.08823
0.06647
0.12352
0.20667
0.14487
0.19493
0.14792
0.17322
0.22471
0.28906
0.09858
0.15046
0.06172
0.10769
0.11267
0.05467
0.03576
0.33324
0.18336
0.07736
0.17465
0.19440
0.07790
0.10963
0.35070
0.13689
0.09999
0.27785
0.11669
0.18623
0.18746
0.23073
0.15317
0.08691
0.07870
0.20947
0.20593
0.16569
0.09189
0.12300
0.19415
0.21969
0.13872
0.35190
0.28240
0.29815
0.17368
0.05404
0.28957
0.30158
0.35284
0.04087
0.28683
0.11690
0.32343
0.13605
0.06567
0.15932
0.12791
0.11676
0.14471
0.26183
0.06197
0.09540
0.07640
0.29142
0.15988
0.29679
0.17154
0.24211
0.26345
0.15474
0.07178
0.23294
0.25851
0.36988
0.24028
0.33137
0.22444
0.24748
0.30401
0.27448
0.26234
0.05100
0.06413
0.11900
0.21455
0.02913
0.05416
0.18896
0.12695
0.23092
0.11766
0.18407
0.09449
0.28298
0.25384
0.23171
0.20134
0.32751
0.12133
0.12824
0.31501
0.07117
0.21293
0.05900
0.07709
0.21692
0.04318
0.24178
0.31043
0.11735
0.06257
0.11084
0.24821
0.10564
0.05239
0.05365
0.06832
0.05881
0.08548
0.18037
0.08400
0.24236
0.15472
0.16876
0.08186
0.17294
0.28120
0.25018
0.27065
0.35682
0.20078
0.28074
0.32517
0.26892
0.31524
0.27833
0.26880
0.35296
0.29718
0.25173
0.21928
0.24155
0.27055
0.19477
0.37345
0.30981
0.25563
0.26764
0.23856
0.25450
0.35187
0.25842
0.23407
0.28663
0.33273
0.22234
0.26132
0.32376
0.27690
0.25705
0.27229
0.28818
0.30004
0.28121
0.20505
0.35267
0.27444
0.24598
0.34363
0.22498
0.30069
0.34426
0.30949
0.32020
0.26815
0.28521
0.22216
0.26285
0.33175
0.24756
0.28746
0.29545
0.25838
0.26710
0.31242
0.19495
0.28918
0.25812
0.26986
0.29371
0.29703
0.27927
0.17608
0.28708
0.34734
0.15592
0.28640
0.22016
0.20436
0.21394
0.36720
0.30805
0.30283
0.16543
0.33580
0.26927
0.25926
0.36161
0.28930
0.28496
0.30769
0.25750
0.28868
0.18545
0.36858
0.26007
0.22420
0.16354
0.33722
0.19788
0.25527
0.28679
0.27389
0.35047
0.28870
0.19871
0.32229
0.28013
0.16226
0.20572
0.31970
0.17004
0.17679
0.15012
0.28255
0.30744
0.26545
0.23865
0.24561
0.30210
0.22201
0.27150
0.26489
0.29602
0.21201
0.28455
0.26758
0.20228
0.18594
0.37637
0.29911
0.22876
0.30316
0.30840
0.25962
0.35776
0.29272
0.22803
0.26205
0.17148
0.27501
0.33151
0.26736
0.27012
0.24574
0.14855
0.31781
0.21941
0.31017
0.19195
0.27361
0.29102
0.26957
0.19035
0.22161
0.30032
0.21089
0.28427
0.18920
0.24997
0.23239
0.23568
0.21299
0.31787
0.31256
0.32005
0.25944
0.23733
0.30874
0.21142
0.24676
0.25919
0.29419
0.31700
0.15590
0.17834
0.28628
0.25760
0.24036
0.16163
0.21828
0.27304
0.23940
0.24842
0.24405
0.28759
0.16732
0.27324
0.26537
0.27405
0.19536
0.30078
0.26198
0.26322
0.37380
0.19134
0.28677
0.23423
0.36797
0.30228
0.26427
0.27627
0.28272
0.26355
0.19884
0.31809
0.29869
0.26555
0.26362
0.27342
0.31758
0.23633
0.28541
0.23824
0.33431
0.24845
0.32377
0.23108
0.24245
0.28984
0.27888
0.21520
0.25338
0.24652
0.32478
0.22931
0.30691
0.22257
0.28463
0.27390
0.26498
0.28609
0.14829
0.22828
0.32803
0.31291
0.27803
0.27458
0.32237
0.26828
0.25217
0.25193
0.29737
0.27850
0.27577
0.24009
0.18964
0.30278
0.31459
0.26258
0.27389
0.19868
0.31940
0.27487
0.23987
0.21661
0.27371
0.27966
0.29790
0.28849
0.25389
0.36150
0.33460
0.14915
0.23835
0.32085
0.26132
0.26899
0.29727
0.31870
0.21482
0.20530
0.20522
0.28294
0.26984
0.35767
0.29152
0.29312
0.26617
0.22996
0.27476
0.26886
0.26889
0.17634
0.33155
0.20379
0.23338
0.33502
0.32287
0.27737
0.23339
0.27930
0.27978
0.31508
0.33191
0.27084
0.27758
0.17597
0.30261
0.31193
0.13535
0.26814
0.18975
0.27970
0.25531
0.22463
0.29544
0.26717
0.27551
0.21157
0.25463
0.22973
0.33016
0.29651
0.25840
0.21552
0.27408
0.26020
0.21809
0.21650
0.32133
0.24195
0.35103
0.26856
0.25122
0.27765
0.26143
0.25897
0.28617
0.18854
0.34262
0.26855
0.32711
0.26720
0.29571
0.34632
0.27437
0.25667
0.29363
0.20094
0.21574
0.28968
0.24496
0.31582
0.29068
0.28860
0.31517
0.37670
0.28874
0.32361
0.27831
0.29684
0.30849
0.35815
0.24601
0.27355
0.30431
0.31248
0.28507
0.31970
0.37678
0.21610
0.27854
0.35401
0.24054
0.29587
0.33241
0.24930
0.26070
0.34650
0.24361
0.27926
0.30198
0.30332
0.24795
0.25512
0.26305
0.28227
0.28589
0.29927
0.31616
0.25777
0.29280
0.29434
0.29240
0.26321
0.29410
0.14525
0.32126
0.32446
0.36349
0.31975
0.31029
0.39413
0.41188
0.26894
0.16887
0.29130
0.37793
0.28152
0.22868
0.30909
0.34783
0.23162
0.26204
0.33625
0.24927
0.28015
0.25725
0.31792
0.36049
0.41375
0.28920
0.30686
0.29021
0.36308
0.28043
0.30377
0.30931
0.36768
0.26817
0.17601
0.32735
0.44159
0.22426
0.41071
0.39142
0.19433
0.29386
0.36558
0.32650
0.29695
0.23648
0.26339
0.22050
0.30876
0.31505
0.30584
0.30264
0.35941
0.29231
0.27008
0.24156
0.22283
0.24644
0.37914
0.24599
0.11725
0.34720
0.16959
0.18985
0.41435
0.14441
0.26723
0.20609
0.27202
0.23265
0.44855
0.19373
0.32342
0.39917
0.25783
0.27537
0.23947
0.25690
0.20369
0.35118
0.16304
0.37473
0.34815
0.27666
0.25132
0.24301
0.34735
0.30027
0.20015
0.33594
0.44029
0.33343
0.29006
0.36180
0.35381
0.24212
0.26688
0.28779
0.39423
0.21324
0.23197
0.24480
0.34388
0.27544
0.26713
0.27263
0.32610
0.36986
0.25411
0.28147
0.33970
0.33251
0.28712
0.27016
0.39205
0.27651
0.24957
0.28437
0.31139
0.31820
0.28275
0.29513
0.23035
0.33906
0.25875
0.25149
0.31689
0.28825
0.25816
0.28106
0.19710
0.31685
0.16039
0.00623
0.14498
0.16491
0.21120
0.24169
0.16939
0.25444
0.27872
0.16985
0.05275
0.17842
0.03463
0.32384
0.26288
0.18665
0.27998
0.07320
0.13023
0.18662
0.18677
0.06417
0.10974
0.26494
0.26458
0.18811
0.21711
0.28144
0.01224
0.23816
0.19974
0.06308
0.05365
0.12913
0.25993
0.19236
0.21417
0.17059
0.28678
0.05310
0.03905
0.05606
0.05540
0.22148
0.08702
0.13323
0.20294
0.29380
0.09685
0.31732
0.21424
0.10182
0.27984
0.05705
0.07430
0.26134
0.18850
0.24518
0.07227
0.05022
0.21249
0.20816
0.26611
0.24459
0.02370
0.05657
0.16664
0.21173
0.20215
0.17760
0.10090
0.20468
0.16815
0.12378
0.27994
0.29062
0.11014
0.06662
0.13295
0.09003
0.02748
0.28688
0.10078
0.18269
0.25302
0.28733
0.20288
0.34352
0.25528
0.17612
0.19724
0.17983
0.18449
0.02479
0.25286
0.07176
0.06166
0.19739
0.23270
0.30180
0.23644
0.04583
0.04123
0.16173
0.21463
0.24045
0.21294
0.06028
0.19847
0.33556
0.13301
0.21445
0.09359
0.03368
0.06616
0.18310
0.05646
0.05745
0.24441
0.28271
0.06361
0.08351
0.01434
0.04484
0.05325
0.21637
