0.10236
0.10629
0.04853
0.24487
0.11836
0.14372
0.21242
0.15167
0.19430
0.05645
0.20304
0.12943
0.17110
0.12070
0.10870
0.22256
0.15733
0.13347
0.10811
0.15150
0.30301
0.16749
0.19821
0.05080
0.24793
0.15889
0.13225
0.26243
0.08837
0.17122
0.14972
0.27856
0.15710
0.10029
0.09372
0.10502
0.14928
0.11400
0.12377
0.14066
0.30387
0.27831
0.11122
0.16598
0.29585
0.25184
0.15641
0.23641
0.19922
0.15635
0.10241
0.12393
0.11354
0.28927
0.10643
0.24766
0.23694
0.13500
0.13051
0.09874
0.26543
0.30193
0.10868
0.17985
0.28257
0.30907
0.05871
0.20806
0.14206
0.05857
0.15091
0.31503
0.32893
0.21380
0.23481
0.12042
0.05690
0.04324
0.23414
0.16136
0.32050
0.20382
0.32732
0.27950
0.25852
0.38716
0.10655
0.09029
0.15444
0.25080
0.32001
0.19491
0.06237
0.27763
0.07345
0.15910
0.17116
0.22735
0.19620
0.16735
0.10212
0.18019
0.12009
0.12523
0.23721
0.31006
0.15376
0.19680
0.21261
0.27154
0.02209
0.23565
0.09231
0.24275
0.14453
0.13580
0.28181
0.05088
0.08355
0.16910
0.25081
0.10657
0.28530
0.02866
0.10189
0.15757
0.32530
0.30044
0.20621
0.27051
0.10663
0.15166
0.26545
0.35980
0.10369
0.17938
0.11107
0.27759
0.23125
0.04221
0.17190
0.04723
0.29724
0.17297
0.16842
0.29657
0.10628
0.36247
0.20080
0.09102
0.19918
0.27127
0.10595
0.33626
0.29322
0.31954
0.13659
0.17406
0.15958
0.18295
0.29822
0.28829
0.26345
0.34620
0.14056
0.10533
0.30732
0.28719
0.07559
0.29172
0.08908
0.23347
0.27313
0.03874
0.12039
0.21881
0.08210
0.08110
0.16964
0.28877
0.07560
0.11161
0.22838
0.18646
0.09700
0.19282
0.26945
0.26234
0.24173
0.20970
0.15142
0.09389
0.03021
0.17111
0.13277
0.25752
0.20802
0.17167
0.12043
0.30653
0.22560
0.05511
0.17854
0.17105
0.05851
0.25381
0.14224
0.21172
0.24773
0.09098
0.22880
0.23323
0.10508
0.25906
0.23964
0.25305
0.14691
0.30610
0.23251
0.32527
0.10190
0.22055
0.12852
0.07165
0.08380
0.05908
0.20080
0.19749
0.15567
0.07569
0.26631
0.14439
0.24021
0.12926
0.03146
0.30253
0.12861
0.04612
0.10675
0.28483
0.11799
0.30499
0.08912
0.11527
0.20235
0.23082
0.10931
0.09454
0.12127
0.11289
0.15219
0.16726
0.11025
0.23339
0.13658
0.16860
0.19957
0.07169
0.07395
0.13674
0.17018
0.15630
0.19268
0.17108
0.14558
0.26671
0.25637
0.10296
0.17261
0.04085
0.13046
0.12766
0.06990
0.02991
0.36203
0.20736
0.10614
0.21201
0.19189
0.08426
0.15076
0.34126
0.14753
0.05430
0.31290
0.12551
0.18305
0.20257
0.17134
0.18091
0.08225
0.09063
0.20984
0.19556
0.18223
0.11455
0.22030
0.20494
0.19545
0.15645
0.34133
0.25293
0.27270
0.14304
0.14402
0.31437
0.30944
0.33868
0.03720
0.25728
0.15090
0.30880
0.13761
0.09033
0.17818
0.11684
0.12355
0.22121
0.25178
0.07870
0.12357
0.11509
0.27299
0.22303
0.28018
0.13241
0.22324
0.26795
0.14272
0.07586
0.25137
0.28682
0.37251
0.26767
0.33253
0.23731
0.25755
0.31479
0.26756
0.24064
0.06479
0.09809
0.14166
0.22628
0.07289
0.10924
0.22667
0.12971
0.19577
0.12439
0.18627
0.13831
0.25314
0.24511
0.25901
0.18696
0.30518
0.16236
0.15153
0.34489
0.08763
0.18554
0.05421
0.11987
0.22229
0.08701
0.22658
0.34404
0.08411
0.07745
0.16566
0.26375
0.12735
0.07207
0.08007
0.06978
0.11959
0.11383
0.17905
0.07355
0.28960
0.17891
0.18841
0.09986
0.20470
0.28503
0.16232
0.28968
0.33658
0.15659
0.28380
0.29139
0.28886
0.31070
0.28085
0.21796
0.32629
0.28884
0.22245
0.26057
0.22695
0.28048
0.22263
0.36613
0.31303
0.27409
0.25535
0.25595
0.22828
0.33845
0.28580
0.21305
0.29661
0.32615
0.21404
0.25881
0.30810
0.26668
0.25779
0.26426
0.30699
0.28726
0.26979
0.24468
0.33629
0.26691
0.27067
0.31032
0.19450
0.28575
0.32966
0.28266
0.29333
0.28223
0.28976
0.25662
0.28771
0.33589
0.18988
0.28672
0.30112
0.22467
0.27166
0.30352
0.19668
0.28481
0.25944
0.26623
0.30398
0.28291
0.26494
0.19020
0.29356
0.33294
0.14781
0.26885
0.17613
0.18836
0.22046
0.35609
0.31883
0.29267
0.17569
0.32961
0.26200
0.26107
0.33253
0.28989
0.30419
0.28190
0.24887
0.27080
0.20176
0.34095
0.27953
0.24201
0.19048
0.30587
0.22703
0.27253
0.27246
0.26701
0.33083
0.30968
0.21458
0.29858
0.29371
0.19340
0.17922
0.30366
0.20543
0.20392
0.17164
0.31167
0.30828
0.25840
0.26015
0.24774
0.29754
0.21892
0.28549
0.27420
0.28771
0.20919
0.27542
0.28312
0.22839
0.15773
0.35231
0.28712
0.19098
0.32269
0.29830
0.24964
0.34038
0.29485
0.24413
0.28441
0.22806
0.28872
0.30394
0.24164
0.29910
0.23888
0.17964
0.30630
0.23853
0.30300
0.24298
0.29544
0.31292
0.27713
0.21808
0.24702
0.28585
0.22366
0.31028
0.22492
0.26341
0.23737
0.25957
0.21565
0.29471
0.30300
0.31360
0.25676
0.16683
0.31331
0.20152
0.17815
0.18690
0.30069
0.32172
0.16441
0.19447
0.24529
0.27255
0.19851
0.17681
0.22776
0.24444
0.23604
0.25672
0.22895
0.30067
0.19398
0.23239
0.26964
0.25842
0.21528
0.28416
0.29615
0.26637
0.36590
0.21575
0.31826
0.22854
0.33855
0.30341
0.29557
0.26923
0.27516
0.25202
0.21078
0.30065
0.31331
0.25975
0.26967
0.25411
0.32243
0.24016
0.27424
0.24478
0.33005
0.22642
0.28527
0.22865
0.24733
0.26416
0.26801
0.25334
0.25763
0.27036
0.29588
0.23195
0.29646
0.23960
0.28272
0.29468
0.27652
0.29116
0.15044
0.22323
0.31065
0.30323
0.25171
0.27719
0.31495
0.25365
0.25152
0.20710
0.29410
0.28332
0.26787
0.26021
0.21656
0.28429
0.29883
0.25630
0.26142
0.24882
0.31797
0.29957
0.21339
0.19502
0.27845
0.29596
0.29188
0.28333
0.24907
0.33522
0.32049
0.15991
0.25494
0.29437
0.28019
0.28209
0.30211
0.30509
0.24040
0.21692
0.20612
0.27536
0.25908
0.33586
0.31539
0.31049
0.27213
0.23815
0.23963
0.28923
0.26958
0.19089
0.31938
0.22913
0.23498
0.33979
0.29554
0.25765
0.25174
0.23570
0.29475
0.32193
0.32463
0.23677
0.26525
0.22168
0.29394
0.30377
0.15669
0.26107
0.21607
0.22883
0.27230
0.24363
0.28108
0.23221
0.23829
0.23049
0.23520
0.25657
0.32125
0.29483
0.25141
0.20328
0.28545
0.23872
0.21755
0.20034
0.32081
0.27796
0.32687
0.27543
0.24812
0.28614
0.26502
0.24123
0.25589
0.22209
0.32338
0.27872
0.30964
0.27256
0.29576
0.32459
0.25120
0.26073
0.29282
0.16629
0.19536
0.28617
0.22739
0.30732
0.30579
0.27444
0.31544
0.35863
0.29846
0.31405
0.24831
0.29571
0.25069
0.34900
0.23331
0.26254
0.31844
0.31584
0.28216
0.31204
0.36071
0.24374
0.24128
0.31401
0.24268
0.30981
0.29924
0.24589
0.24359
0.32891
0.22564
0.28299
0.29899
0.26076
0.23119
0.23905
0.26066
0.26727
0.29859
0.29979
0.27834
0.25041
0.30271
0.25937
0.27902
0.26459
0.29276
0.16639
0.31155
0.30843
0.33287
0.30542
0.29293
0.40766
0.41822
0.25249
0.20117
0.28316
0.37182
0.29159
0.21827
0.29257
0.36162
0.28001
0.23305
0.33564
0.24506
0.27291
0.25231
0.33841
0.35871
0.43518
0.30306
0.31009
0.23541
0.37893
0.28369
0.30333
0.30871
0.36377
0.25364
0.21501
0.30601
0.45486
0.26149
0.39612
0.40428
0.21234
0.28927
0.35201
0.31024
0.29748
0.24224
0.25605
0.22529
0.28167
0.29627
0.29948
0.30055
0.36565
0.29647
0.26566
0.25073
0.22570
0.24005
0.41193
0.23146
0.14465
0.35113
0.12762
0.18260
0.39775
0.18690
0.26236
0.22506
0.27518
0.23337
0.45944
0.22123
0.33195
0.39109
0.25735
0.21922
0.24406
0.27161
0.22537
0.35625
0.20878
0.37714
0.34577
0.23962
0.25291
0.21592
0.34350
0.30455
0.22097
0.32670
0.41486
0.33504
0.30165
0.36363
0.34903
0.19037
0.25618
0.29488
0.39073
0.19572
0.25847
0.23734
0.35223
0.27043
0.25822
0.24725
0.34342
0.38052
0.25800
0.28398
0.34119
0.31378
0.27878
0.26627
0.39810
0.28268
0.30274
0.27725
0.28021
0.33223
0.28032
0.29934
0.25152
0.32650
0.26557
0.22584
0.32325
0.27376
0.24749
0.26507
0.20526
0.32457
0.23376
0.06293
0.13471
0.23222
0.21283
0.29457
0.22109
0.23719
0.35140
0.21222
0.09462
0.21944
0.07053
0.25604
0.25721
0.17147
0.28469
0.08749
0.11401
0.21918
0.26270
0.09174
0.14853
0.21502
0.28320
0.19687
0.22016
0.27184
0.06820
0.30013
0.19105
0.04520
0.11779
0.14347
0.25369
0.10233
0.23549
0.22074
0.26015
0.04862
0.05628
0.04672
0.08463
0.25590
0.13535
0.13752
0.16440
0.24275
0.13208
0.28811
0.21408
0.04491
0.27143
0.09091
0.05289
0.26707
0.19702
0.27429
0.05701
0.09912
0.20171
0.19830
0.30634
0.27575
0.03736
0.05314
0.17813
0.21266
0.17579
0.19799
0.17055
0.27038
0.21188
0.15484
0.26857
0.30687
0.08259
0.19887
0.14476
0.12885
0.04492
0.28440
0.09515
0.19122
0.27778
0.30269
0.20168
0.28050
0.24225
0.23052
0.20516
0.23099
0.18583
0.04013
0.23933
0.10536
0.07803
0.23428
0.22948
0.30787
0.26048
0.07503
0.08287
0.17415
0.18071
0.18265
0.28112
0.08260
0.21963
0.23063
0.14277
0.24962
0.11380
0.03785
0.06304
0.15285
0.08875
0.13148
0.28953
0.29751
0.09948
0.09409
0.04181
0.14533
0.09164
0.26565
