0.13895
0.10881
0.11054
0.22977
0.11859
0.12303
0.27563
0.16172
0.20715
0.05808
0.19740
0.13769
0.14937
0.12233
0.18868
0.24592
0.14673
0.14536
0.08405
0.15509
0.27330
0.20509
0.18028
0.07715
0.26483
0.18656
0.11810
0.27686
0.12058
0.18930
0.20470
0.26328
0.13389
0.10057
0.08111
0.09807
0.15564
0.10194
0.15019
0.18382
0.29314
0.27288
0.11260
0.17907
0.29206
0.24261
0.19979
0.25963
0.21553
0.13710
0.10455
0.15652
0.14417
0.29539
0.09631
0.22998
0.16929
0.16248
0.16925
0.09044
0.29603
0.29300
0.13546
0.19460
0.29083
0.28911
0.06903
0.17169
0.10618
0.09002
0.14870
0.32490
0.29977
0.19924
0.24074
0.18200
0.12645
0.06303
0.22304
0.17602
0.29441
0.14759
0.31715
0.28275
0.27173
0.32763
0.09721
0.07076
0.14402
0.27031
0.34595
0.21103
0.10141
0.28461
0.08339
0.18088
0.22766
0.24068
0.19849
0.17856
0.11490
0.18317
0.12704
0.14184
0.24231
0.28131
0.13755
0.18729
0.18938
0.28454
0.05598
0.27630
0.10052
0.20873
0.12697
0.18483
0.26733
0.08430
0.07882
0.21431
0.21256
0.08787
0.27029
0.04253
0.11515
0.14579
0.31855
0.26198
0.15909
0.25033
0.12446
0.12276
0.27278
0.29773
0.12507
0.13493
0.09706
0.27040
0.26435
0.06933
0.17678
0.04879
0.29539
0.21411
0.17274
0.25910
0.09141
0.32799
0.20728
0.09507
0.18210
0.26078
0.11039
0.32659
0.29680
0.33395
0.11204
0.15785
0.17030
0.21714
0.24397
0.21126
0.27341
0.30281
0.09171
0.13343
0.25325
0.27076
0.10429
0.22383
0.05445
0.26546
0.22133
0.06006
0.09414
0.20361
0.07272
0.10100
0.18273
0.29204
0.10532
0.10744
0.20313
0.19050
0.12842
0.12550
0.23301
0.26366
0.25375
0.20316
0.12980
0.08362
0.07805
0.15631
0.17329
0.22078
0.23465
0.15208
0.13238
0.28684
0.24751
0.13144
0.20213
0.17055
0.07686
0.21446
0.10372
0.23435
0.26311
0.10501
0.28279
0.22892
0.11085
0.23030
0.27182
0.27824
0.12159
0.25443
0.26343
0.34019
0.11306
0.18458
0.12314
0.11386
0.09684
0.08622
0.15697
0.18454
0.15921
0.06625
0.24760
0.12393
0.25232
0.16538
0.10340
0.24676
0.13686
0.06084
0.13943
0.26843
0.10363
0.28485
0.16073
0.10688
0.17347
0.21088
0.10163
0.04987
0.13642
0.12628
0.10527
0.13931
0.11479
0.25076
0.14464
0.16134
0.21583
0.12360
0.07796
0.13335
0.20917
0.19350
0.22250
0.22301
0.20005
0.26559
0.27543
0.09777
0.17527
0.07399
0.13602
0.13103
0.10324
0.08697
0.34272
0.19935
0.08716
0.20436
0.16034
0.08945
0.19100
0.33503
0.14744
0.11408
0.30620
0.12486
0.21665
0.20074
0.20771
0.19213
0.12234
0.09593
0.18907
0.23945
0.21536
0.09492
0.19421
0.17069
0.19347
0.17899
0.30419
0.29559
0.28605
0.13791
0.12942
0.28394
0.27416
0.33375
0.07098
0.26718
0.13085
0.24759
0.17676
0.07183
0.14697
0.12989
0.09445
0.20758
0.23759
0.11300
0.09638
0.10436
0.29795
0.18354
0.26474
0.14859
0.22400
0.22376
0.15744
0.09722
0.25689
0.27429
0.35018
0.22908
0.31457
0.22722
0.25583
0.30394
0.28901
0.24542
0.07251
0.10734
0.14236
0.25142
0.07734
0.12045
0.21416
0.14201
0.24106
0.10323
0.19474
0.12844
0.29939
0.28948
0.24631
0.25026
0.31081
0.15250
0.16136
0.34003
0.09715
0.20109
0.08953
0.10067
0.20565
0.07199
0.26418
0.32933
0.10683
0.08985
0.15649
0.27657
0.11438
0.07326
0.08198
0.08285
0.07420
0.11250
0.22227
0.10601
0.27427
0.17593
0.21067
0.09151
0.20042
0.28752
0.14746
0.22307
0.34106
0.17931
0.26932
0.27754
0.21591
0.24213
0.27184
0.17999
0.31314
0.21640
0.26524
0.22892
0.21447
0.21408
0.17639
0.34979
0.31041
0.28014
0.17497
0.25638
0.18079
0.35266
0.22580
0.19573
0.30690
0.30807
0.18439
0.22651
0.31254
0.27085
0.25023
0.24942
0.21856
0.28733
0.20122
0.20800
0.30517
0.19750
0.18349
0.27215
0.14907
0.30846
0.33089
0.27740
0.24338
0.24795
0.22531
0.22421
0.21903
0.30877
0.18624
0.22960
0.30519
0.21188
0.25526
0.29279
0.17471
0.23278
0.26976
0.26267
0.28998
0.26544
0.19914
0.19381
0.23684
0.33438
0.16504
0.26180
0.17607
0.14768
0.22530
0.36598
0.31426
0.28579
0.16957
0.32118
0.26944
0.27674
0.34893
0.29576
0.21920
0.27261
0.24860
0.27390
0.19891
0.31163
0.25230
0.21552
0.17963
0.32166
0.21209
0.25899
0.27717
0.23155
0.31674
0.30310
0.19684
0.28611
0.29940
0.18127
0.16979
0.20981
0.19189
0.20456
0.16816
0.31633
0.31838
0.20744
0.20525
0.24638
0.23931
0.21275
0.26905
0.19562
0.23455
0.22819
0.27463
0.22611
0.23131
0.18342
0.34207
0.28919
0.15746
0.28308
0.30031
0.27182
0.36045
0.29227
0.22831
0.25585
0.21764
0.28522
0.29938
0.24055
0.27621
0.25534
0.17182
0.23858
0.25050
0.22010
0.19904
0.22888
0.27788
0.25779
0.20260
0.23809
0.27118
0.21997
0.20442
0.19244
0.23405
0.24742
0.25684
0.17476
0.29846
0.30554
0.30049
0.19584
0.17034
0.31576
0.24561
0.16409
0.17090
0.26636
0.31138
0.17730
0.18994
0.29753
0.22941
0.15050
0.16829
0.24391
0.26134
0.15003
0.27507
0.18509
0.24986
0.19246
0.22387
0.26672
0.18324
0.18080
0.24704
0.26413
0.27438
0.38105
0.19938
0.30698
0.23061
0.34175
0.29380
0.16253
0.26598
0.26249
0.24800
0.21072
0.29729
0.27691
0.18083
0.26816
0.23054
0.33236
0.25205
0.26009
0.20014
0.31073
0.16841
0.20765
0.23141
0.19205
0.26993
0.26874
0.21368
0.20198
0.24879
0.30281
0.19391
0.30517
0.25043
0.20562
0.26459
0.27065
0.27358
0.14760
0.18442
0.31180
0.30103
0.18142
0.20416
0.22472
0.25228
0.18461
0.14928
0.27242
0.28126
0.20379
0.26943
0.21916
0.21658
0.28891
0.26310
0.23622
0.20694
0.31651
0.23362
0.14408
0.21521
0.27419
0.28029
0.21033
0.21912
0.23215
0.33111
0.31958
0.14946
0.22559
0.29885
0.24634
0.20603
0.27496
0.32587
0.23816
0.21409
0.21393
0.18423
0.23200
0.34485
0.30505
0.30019
0.24055
0.23671
0.26814
0.27394
0.27404
0.17575
0.31251
0.22271
0.23567
0.33532
0.29450
0.19677
0.25092
0.19613
0.29849
0.27487
0.31953
0.26870
0.26383
0.19886
0.25579
0.29068
0.13070
0.19953
0.23046
0.16489
0.20841
0.25811
0.20518
0.25310
0.19619
0.23066
0.19585
0.24713
0.31816
0.25476
0.19855
0.20512
0.27292
0.25564
0.22109
0.17604
0.33148
0.26562
0.33697
0.25344
0.21811
0.25534
0.25029
0.16003
0.26952
0.18291
0.29760
0.22625
0.32772
0.25384
0.29158
0.31947
0.26758
0.19773
0.25521
0.20620
0.22644
0.24249
0.20077
0.22493
0.31170
0.25702
0.25631
0.35761
0.28052
0.30066
0.28472
0.28326
0.31402
0.32771
0.20239
0.26663
0.30782
0.30428
0.24373
0.30102
0.35229
0.22445
0.19691
0.31569
0.22060
0.28999
0.33451
0.24749
0.23307
0.30190
0.22689
0.17806
0.26945
0.24242
0.23378
0.17049
0.20126
0.22514
0.27407
0.26153
0.28059
0.22309
0.26035
0.26081
0.23837
0.21989
0.27597
0.12057
0.29794
0.30849
0.34190
0.27773
0.31349
0.35601
0.38266
0.26952
0.22194
0.28201
0.35015
0.30482
0.25669
0.28645
0.34767
0.25933
0.25425
0.34673
0.23604
0.26143
0.23015
0.30356
0.35786
0.45896
0.27915
0.27098
0.22413
0.37064
0.28104
0.29986
0.28510
0.34077
0.26263
0.19553
0.30755
0.43345
0.26344
0.40261
0.39680
0.22587
0.28434
0.30811
0.30340
0.27505
0.24414
0.27840
0.22970
0.28558
0.25321
0.30781
0.29422
0.34956
0.21773
0.25167
0.25518
0.21157
0.23846
0.33652
0.22635
0.15684
0.34910
0.17097
0.19904
0.38067
0.17040
0.24407
0.21915
0.22414
0.23018
0.38967
0.20351
0.27054
0.36141
0.24526
0.25427
0.23917
0.25154
0.20848
0.32225
0.19216
0.37331
0.35846
0.17241
0.26086
0.24530
0.34199
0.27793
0.20983
0.33830
0.38565
0.34077
0.29966
0.35068
0.35360
0.18784
0.28253
0.29058
0.40318
0.23376
0.24349
0.24439
0.35512
0.26061
0.26559
0.24654
0.31059
0.37980
0.26395
0.25040
0.32718
0.27570
0.26286
0.26221
0.35561
0.26635
0.31578
0.24825
0.27700
0.35790
0.27511
0.29135
0.24839
0.32537
0.26890
0.20263
0.29399
0.28688
0.22795
0.24460
0.19614
0.27665
0.20847
0.04812
0.13072
0.20961
0.23370
0.17918
0.21603
0.21878
0.30733
0.23823
0.10516
0.23675
0.03884
0.27804
0.25517
0.20176
0.27833
0.10195
0.15231
0.17708
0.19650
0.08487
0.12451
0.22020
0.25872
0.15523
0.20922
0.29639
0.06678
0.31338
0.20809
0.03835
0.15951
0.14408
0.28104
0.16083
0.25114
0.20193
0.26731
0.06834
0.10185
0.05135
0.10219
0.26914
0.07437
0.13294
0.20279
0.27124
0.15529
0.24145
0.22305
0.07362
0.27597
0.11547
0.05344
0.30905
0.20130
0.25616
0.08751
0.15175
0.18028
0.22695
0.29555
0.22903
0.05332
0.07832
0.14665
0.21918
0.22821
0.21916
0.10695
0.21203
0.20386
0.15136
0.24363
0.25324
0.13098
0.11384
0.16405
0.08375
0.06342
0.24267
0.16421
0.19350
0.19917
0.27921
0.20057
0.29954
0.19835
0.21248
0.18943
0.15135
0.17861
0.04920
0.25128
0.14966
0.04582
0.22294
0.22421
0.17829
0.27641
0.07949
0.11765
0.20620
0.21550
0.25300
0.29295
0.10656
0.23235
0.30666
0.13479
0.23953
0.12585
0.04763
0.02548
0.16364
0.07963
0.06208
0.28847
0.28200
0.14143
0.13238
0.02454
0.11533
0.11100
0.29070
