0.12504
0.11257
0.09839
0.25931
0.13682
0.13294
0.23599
0.18715
0.14953
0.08989
0.22734
0.12532
0.18727
0.11189
0.20121
0.23362
0.16782
0.13813
0.09002
0.13525
0.31016
0.16629
0.17936
0.10216
0.21287
0.20551
0.21829
0.28021
0.14133
0.18824
0.17549
0.24837
0.16655
0.10241
0.15736
0.10305
0.14423
0.17711
0.18290
0.18928
0.29704
0.27441
0.13158
0.16729
0.28867
0.25522
0.16904
0.24872
0.20340
0.18124
0.10970
0.17442
0.12713
0.29727
0.09282
0.25843
0.20469
0.15641
0.14656
0.10820
0.29707
0.30599
0.17441
0.20988
0.29441
0.30155
0.08950
0.18360
0.14251
0.05260
0.12922
0.31860
0.30352
0.22664
0.26747
0.16887
0.15022
0.06377
0.21418
0.17563
0.31222
0.16534
0.32693
0.27526
0.27371
0.35044
0.10125
0.13169
0.15058
0.27481
0.33251
0.22501
0.10987
0.26953
0.08409
0.19735
0.23524
0.21397
0.22234
0.15807
0.10053
0.19997
0.10917
0.15160
0.26807
0.28377
0.18829
0.17434
0.21939
0.28824
0.06581
0.25779
0.12986
0.24883
0.13962
0.17107
0.27986
0.06766
0.07485
0.21560
0.20090
0.11028
0.29220
0.02574
0.13887
0.14598
0.33158
0.26719
0.18758
0.25607
0.11477
0.17062
0.29396
0.34365
0.10812
0.18268
0.15731
0.29933
0.27461
0.08682
0.18009
0.10427
0.30954
0.21481
0.18488
0.26286
0.09915
0.35476
0.21064
0.09706
0.17617
0.28890
0.14354
0.29779
0.31120
0.32735
0.17135
0.17503
0.13894
0.20577
0.29379
0.25080
0.29950
0.31648
0.09904
0.16349
0.31691
0.28602
0.12715
0.22779
0.08414
0.24750
0.25390
0.06375
0.10762
0.22278
0.09728
0.10417
0.16662
0.26937
0.08992
0.11614
0.19914
0.21235
0.10770
0.20013
0.23452
0.26833
0.25879
0.25851
0.17098
0.10865
0.07349
0.18937
0.18988
0.24132
0.18882
0.22057
0.10873
0.25591
0.20177
0.14717
0.21091
0.14637
0.07583
0.25318
0.15144
0.23702
0.27572
0.10888
0.26641
0.25719
0.13080
0.29218
0.26132
0.25752
0.14435
0.29653
0.24989
0.32920
0.14207
0.24449
0.15426
0.08926
0.14546
0.07760
0.20858
0.23041
0.18734
0.09511
0.28688
0.15711
0.25955
0.18382
0.08959
0.29198
0.12354
0.05384
0.12986
0.26129
0.12081
0.29224
0.13505
0.12766
0.18692
0.20297
0.11230
0.07345
0.15229
0.12451
0.12453
0.18830
0.11585
0.27479
0.13484
0.19221
0.19117
0.11151
0.11114
0.15310
0.18969
0.16429
0.21945
0.16931
0.17428
0.26131
0.24617
0.10930
0.17882
0.05761
0.10147
0.15453
0.12650
0.06977
0.35929
0.16401
0.13070
0.20675
0.14692
0.09029
0.18121
0.31383
0.13316
0.09591
0.32370
0.12670
0.17955
0.22629
0.20908
0.20859
0.14293
0.09405
0.18852
0.24771
0.17970
0.10619
0.20525
0.20214
0.20397
0.17954
0.31118
0.29749
0.29285
0.19234
0.21393
0.27299
0.26703
0.33873
0.08020
0.28296
0.14150
0.25918
0.20579
0.12793
0.12986
0.17569
0.10477
0.25533
0.23936
0.08688
0.05275
0.16116
0.29988
0.14344
0.24453
0.17696
0.19429
0.24349
0.18902
0.08661
0.28080
0.29437
0.33633
0.25217
0.31877
0.21924
0.27370
0.30027
0.28442
0.25517
0.10260
0.09712
0.17764
0.23350
0.09106
0.07562
0.22533
0.16991
0.23292
0.14561
0.21652
0.15302
0.27898
0.27525
0.25289
0.23093
0.31059
0.16670
0.14252
0.32040
0.10937
0.19046
0.13936
0.11810
0.22912
0.12118
0.23781
0.36338
0.08529
0.10714
0.23988
0.26643
0.10839
0.08271
0.13926
0.07147
0.09034
0.13044
0.23750
0.13164
0.28435
0.18053
0.18319
0.13387
0.17911
0.29287
0.18973
0.26298
0.36035
0.17871
0.27416
0.31333
0.26406
0.30857
0.26707
0.22970
0.34142
0.22189
0.26090
0.24653
0.24086
0.28838
0.19716
0.37273
0.32532
0.25985
0.22946
0.25232
0.21965
0.35061
0.27419
0.23350
0.31292
0.31808
0.20126
0.24227
0.31287
0.27272
0.22662
0.24876
0.26683
0.31291
0.22402
0.20872
0.34636
0.24059
0.21467
0.32242
0.18060
0.30482
0.35108
0.28611
0.27529
0.29662
0.27910
0.22003
0.25493
0.35619
0.21214
0.25853
0.33414
0.22680
0.26691
0.29360
0.20736
0.28320
0.27015
0.28430
0.29558
0.28719
0.24873
0.18088
0.29939
0.37076
0.14265
0.28870
0.20000
0.18336
0.21192
0.35882
0.29705
0.34327
0.16583
0.35359
0.27198
0.27673
0.36885
0.30931
0.27482
0.28497
0.23166
0.26904
0.19395
0.34057
0.27406
0.22835
0.17445
0.31333
0.22581
0.24533
0.28975
0.26045
0.34645
0.32030
0.19966
0.31625
0.32656
0.17936
0.17112
0.26682
0.19551
0.18821
0.17298
0.29969
0.36091
0.25533
0.26353
0.24136
0.28699
0.22320
0.28961
0.22525
0.26667
0.20983
0.28787
0.26715
0.21095
0.15154
0.34543
0.29355
0.20637
0.32521
0.32423
0.24998
0.35329
0.31549
0.22877
0.25731
0.21432
0.29725
0.31149
0.27086
0.27653
0.25626
0.16780
0.30131
0.24040
0.26838
0.23895
0.24500
0.32221
0.30570
0.19892
0.22651
0.27375
0.21746
0.29329
0.19438
0.24577
0.21716
0.21081
0.19557
0.30186
0.31969
0.31951
0.22420
0.23253
0.32319
0.19111
0.23239
0.21872
0.30246
0.32418
0.17555
0.18872
0.26649
0.27315
0.20682
0.16024
0.22610
0.26701
0.20198
0.23539
0.25834
0.30408
0.17777
0.23947
0.27561
0.22675
0.20348
0.27509
0.29797
0.26725
0.37029
0.19257
0.33156
0.23292
0.36368
0.30982
0.23142
0.26602
0.28346
0.27359
0.19369
0.30144
0.28565
0.25531
0.28580
0.28720
0.33699
0.23031
0.26721
0.25108
0.35127
0.22164
0.24356
0.23709
0.24547
0.27799
0.26266
0.24067
0.22563
0.24932
0.30814
0.19188
0.32008
0.24796
0.26808
0.27985
0.27416
0.28053
0.14882
0.20328
0.33041
0.31756
0.25150
0.24873
0.29085
0.26822
0.22967
0.19732
0.30415
0.28612
0.24624
0.22840
0.16368
0.26558
0.30848
0.26224
0.25919
0.22823
0.32842
0.27073
0.18412
0.20265
0.29809
0.28550
0.25515
0.25272
0.25379
0.35859
0.36180
0.14530
0.25164
0.32923
0.25318
0.25718
0.29186
0.33441
0.23446
0.20083
0.20352
0.23813
0.24441
0.35808
0.32258
0.29783
0.25655
0.22868
0.26622
0.27780
0.28940
0.18101
0.34599
0.22487
0.23088
0.34386
0.31029
0.24275
0.25092
0.23704
0.29402
0.31588
0.35101
0.22722
0.26904
0.22347
0.30448
0.31224
0.12869
0.25840
0.21540
0.23233
0.26344
0.24195
0.24694
0.25239
0.26364
0.23099
0.20938
0.24526
0.34024
0.25515
0.26040
0.19465
0.27461
0.25111
0.21825
0.15956
0.33269
0.29916
0.33174
0.25804
0.22719
0.27157
0.25985
0.20895
0.28379
0.18718
0.30584
0.25400
0.31939
0.26669
0.28674
0.33739
0.26772
0.23366
0.29844
0.16054
0.20537
0.28782
0.23603
0.27194
0.30506
0.27152
0.32427
0.38837
0.30323
0.31439
0.27439
0.30910
0.29186
0.34844
0.24612
0.27594
0.32345
0.31978
0.28659
0.32233
0.37433
0.24219
0.22214
0.29693
0.25257
0.30983
0.32115
0.21875
0.26589
0.34217
0.22729
0.23870
0.30675
0.28201
0.23508
0.25803
0.22674
0.28939
0.28227
0.31521
0.29439
0.23060
0.28804
0.26088
0.30855
0.26412
0.28712
0.15772
0.33968
0.31142
0.35537
0.30429
0.30424
0.38742
0.40987
0.29031
0.19512
0.31095
0.41021
0.27960
0.25026
0.29055
0.31736
0.25332
0.25633
0.33240
0.24148
0.25700
0.24106
0.33545
0.35611
0.40640
0.29883
0.31006
0.27421
0.39783
0.24537
0.31660
0.29932
0.35056
0.27193
0.17301
0.31151
0.44438
0.24466
0.39594
0.41447
0.22797
0.26714
0.34687
0.28073
0.28636
0.24857
0.27200
0.24700
0.29770
0.30186
0.30577
0.29627
0.35810
0.31744
0.27691
0.23955
0.20551
0.29185
0.40530
0.23123
0.12107
0.32630
0.17259
0.18340
0.40082
0.15919
0.25583
0.22175
0.27223
0.24319
0.43657
0.20548
0.33033
0.39297
0.26149
0.24907
0.25971
0.27278
0.18349
0.36705
0.15633
0.36950
0.34368
0.24707
0.24200
0.21500
0.33827
0.31152
0.22111
0.35058
0.42938
0.32986
0.28613
0.34573
0.38423
0.21783
0.27195
0.30109
0.38615
0.22072
0.24034
0.24035
0.36885
0.28649
0.25510
0.27364
0.31180
0.35699
0.25027
0.28687
0.35440
0.30688
0.29218
0.26349
0.39989
0.30557
0.28143
0.26392
0.29359
0.35627
0.28890
0.31862
0.23751
0.32417
0.23975
0.24100
0.31306
0.28776
0.22234
0.29593
0.20211
0.32325
0.20468
0.10051
0.16275
0.24577
0.24314
0.28451
0.21761
0.28666
0.36502
0.20214
0.08335
0.22155
0.07220
0.31134
0.26810
0.20728
0.30630
0.11774
0.11717
0.17950
0.19549
0.12463
0.14069
0.25469
0.28008
0.17377
0.20562
0.25019
0.14165
0.28941
0.26265
0.05329
0.09904
0.13926
0.27353
0.11685
0.25457
0.20333
0.27793
0.14573
0.08371
0.14437
0.08730
0.29522
0.11927
0.18832
0.18545
0.30849
0.20992
0.23954
0.21764
0.08963
0.22023
0.02977
0.07031
0.30685
0.18707
0.28459
0.09028
0.11127
0.20853
0.18979
0.31883
0.26986
0.11112
0.08913
0.15613
0.20879
0.19243
0.20918
0.09849
0.25506
0.15304
0.15532
0.25264
0.32055
0.11971
0.12915
0.20205
0.09557
0.04506
0.23526
0.19211
0.19707
0.24330
0.26225
0.20201
0.31696
0.18338
0.23182
0.19931
0.21773
0.24893
0.06194
0.24001
0.12722
0.09200
0.23426
0.23759
0.29948
0.25601
0.14147
0.12137
0.14492
0.21210
0.24158
0.30602
0.14460
0.26288
0.30589
0.14706
0.24496
0.11277
0.02479
0.09313
0.12906
0.10093
0.14248
0.25774
0.24787
0.12232
0.08583
0.03533
0.13647
0.11821
0.26990
