0.10852
0.10385
0.05253
0.19414
0.09202
0.14281
0.18057
0.15810
0.19558
0.02852
0.18116
0.13130
0.16871
0.10299
0.13686
0.21883
0.14478
0.12877
0.08843
0.18085
0.30302
0.13344
0.17933
0.09244
0.19821
0.13042
0.11035
0.23493
0.10908
0.15062
0.12453
0.28992
0.13165
0.09453
0.08620
0.09157
0.10860
0.13995
0.11527
0.15217
0.27418
0.25251
0.10392
0.09173
0.28658
0.23204
0.13353
0.24328
0.19959
0.14179
0.08802
0.13121
0.11622
0.29822
0.08890
0.22214
0.19227
0.09447
0.09902
0.08571
0.23240
0.29850
0.11240
0.20973
0.25819
0.30867
0.07241
0.19567
0.10984
0.05226
0.13296
0.29168
0.33540
0.18848
0.23257
0.13619
0.10202
0.02809
0.21778
0.17492
0.32712
0.18064
0.24621
0.26878
0.22195
0.34728
0.08796
0.07931
0.16477
0.26773
0.31402
0.13000
0.04408
0.27856
0.05960
0.16408
0.21799
0.21804
0.15983
0.16832
0.09704
0.18306
0.10997
0.11001
0.16760
0.25732
0.13614
0.15839
0.15847
0.26274
0.04864
0.21743
0.05680
0.26038
0.12114
0.17113
0.26151
0.03529
0.06033
0.15107
0.24932
0.11115
0.25739
0.01613
0.09758
0.10780
0.32973
0.27686
0.15053
0.22571
0.08607
0.10388
0.27042
0.34077
0.11117
0.19632
0.07459
0.25847
0.27483
0.03258
0.14466
0.01657
0.28049
0.16446
0.15480
0.27356
0.05585
0.30484
0.14737
0.08632
0.16149
0.21203
0.10607
0.29988
0.30736
0.33024
0.11561
0.13990
0.15665
0.13438
0.26341
0.30813
0.23874
0.32056
0.09230
0.15052
0.28974
0.26307
0.08900
0.24847
0.04548
0.21657
0.25630
0.04801
0.05364
0.19435
0.07435
0.07691
0.19755
0.25608
0.06130
0.09462
0.20662
0.13207
0.05061
0.19860
0.25062
0.22061
0.24079
0.21696
0.13187
0.03746
0.06873
0.15636
0.12867
0.24832
0.17539
0.19339
0.12372
0.24808
0.25926
0.06912
0.16117
0.12900
0.04648
0.22849
0.07238
0.19030
0.26361
0.09414
0.26414
0.23144
0.10325
0.23470
0.24122
0.22626
0.12673
0.30064
0.22222
0.32548
0.08068
0.24724
0.07452
0.04210
0.06995
0.04593
0.21829
0.18101
0.17281
0.04429
0.20239
0.10539
0.23215
0.12432
0.06386
0.26142
0.10470
0.04209
0.09923
0.23839
0.08315
0.27861
0.09191
0.09872
0.15404
0.19795
0.11424
0.04599
0.09297
0.09155
0.09691
0.13072
0.13643
0.26016
0.13862
0.14926
0.16478
0.08031
0.03514
0.12661
0.24818
0.14674
0.22696
0.12608
0.11689
0.26874
0.28515
0.09084
0.16663
0.07092
0.08504
0.11936
0.05221
0.04589
0.35441
0.15375
0.05057
0.17046
0.14703
0.07970
0.12853
0.33378
0.13130
0.08510
0.27565
0.10662
0.14775
0.17403
0.16738
0.19471
0.07461
0.05002
0.22079
0.18532
0.12570
0.10915
0.10990
0.20073
0.17612
0.18856
0.31667
0.27767
0.25237
0.18558
0.08723
0.28492
0.33674
0.31254
0.02711
0.25440
0.14247
0.30039
0.16081
0.07401
0.19265
0.10598
0.09337
0.18683
0.18992
0.06874
0.08971
0.09842
0.24526
0.15458
0.23570
0.14705
0.22685
0.22189
0.10674
0.05885
0.21060
0.29425
0.33537
0.25736
0.33055
0.22964
0.24034
0.29281
0.26944
0.27499
0.04606
0.06372
0.17596
0.20793
0.05465
0.05342
0.21578
0.13283
0.20193
0.06035
0.15529
0.14587
0.26418
0.26519
0.22489
0.20585
0.30877
0.14784
0.13308
0.29391
0.06545
0.21392
0.03021
0.08318
0.20255
0.03678
0.22900
0.34225
0.03923
0.04970
0.12559
0.26083
0.09808
0.06270
0.06835
0.06681
0.04659
0.11126
0.16327
0.13219
0.26843
0.16749
0.21176
0.07884
0.17937
0.29866
0.20369
0.24405
0.35303
0.18421
0.29327
0.31713
0.30616
0.29515
0.27649
0.21526
0.35545
0.22822
0.24761
0.23773
0.20716
0.30078
0.19845
0.36689
0.32519
0.26043
0.22111
0.26610
0.24452
0.35025
0.26604
0.22441
0.29889
0.32820
0.23239
0.24732
0.32534
0.27571
0.25889
0.25354
0.27041
0.30935
0.23391
0.22205
0.33516
0.24592
0.22147
0.31122
0.18938
0.30857
0.35795
0.26982
0.30623
0.27478
0.27744
0.22659
0.28465
0.33090
0.19769
0.28956
0.32535
0.25067
0.24901
0.30032
0.19677
0.26179
0.25854
0.27707
0.30159
0.29358
0.25830
0.19619
0.28916
0.34790
0.14508
0.27763
0.20140
0.19938
0.15774
0.36515
0.31600
0.31748
0.17568
0.35100
0.26895
0.27102
0.36401
0.30269
0.29272
0.28502
0.23809
0.26693
0.18692
0.35587
0.27141
0.20746
0.17416
0.31145
0.20813
0.28231
0.28883
0.24792
0.34015
0.32791
0.21001
0.32997
0.32425
0.19910
0.18524
0.28360
0.19329
0.17137
0.16174
0.29773
0.33020
0.27495
0.26279
0.24881
0.26920
0.22733
0.29077
0.25147
0.28451
0.21341
0.28296
0.25443
0.21182
0.18982
0.35483
0.30766
0.19057
0.29282
0.30493
0.27308
0.35020
0.30917
0.24951
0.23727
0.22314
0.28381
0.31482
0.28641
0.28396
0.23001
0.17955
0.30649
0.22990
0.29834
0.22392
0.24943
0.30905
0.27849
0.20983
0.24451
0.28934
0.22068
0.28274
0.19385
0.23550
0.25428
0.22518
0.19526
0.29866
0.32216
0.31580
0.19357
0.18130
0.32260
0.21382
0.18783
0.21715
0.29800
0.31573
0.16599
0.18737
0.27995
0.24563
0.19414
0.17236
0.22171
0.27335
0.21789
0.25383
0.23952
0.29041
0.17392
0.22395
0.28238
0.25911
0.19529
0.27806
0.27983
0.26687
0.37644
0.19468
0.30610
0.22251
0.34997
0.30760
0.25021
0.27774
0.27144
0.27420
0.20129
0.31154
0.28844
0.24026
0.29071
0.27293
0.34152
0.25557
0.27794
0.23505
0.33803
0.23282
0.27636
0.23298
0.24331
0.28127
0.26850
0.20335
0.19886
0.23604
0.31206
0.22084
0.31674
0.23540
0.23546
0.29058
0.28487
0.29053
0.15958
0.20835
0.32301
0.32072
0.24261
0.25967
0.27577
0.24759
0.24095
0.19889
0.29704
0.26889
0.21597
0.23742
0.20502
0.29516
0.31718
0.27538
0.24278
0.23418
0.33079
0.29025
0.18798
0.20950
0.27498
0.29449
0.26070
0.25825
0.24038
0.34976
0.34298
0.16085
0.23543
0.30620
0.23780
0.26078
0.30783
0.34223
0.23226
0.20244
0.20749
0.25789
0.23542
0.35801
0.29145
0.31211
0.24336
0.22132
0.25558
0.28334
0.27176
0.18661
0.33112
0.22368
0.21998
0.33604
0.30870
0.22927
0.22136
0.24015
0.30296
0.33577
0.32775
0.26711
0.27796
0.19608
0.26127
0.30924
0.14035
0.24823
0.22093
0.21451
0.25265
0.23792
0.28512
0.25130
0.26279
0.22055
0.24312
0.24208
0.33866
0.24696
0.23931
0.21678
0.28519
0.25040
0.21188
0.20663
0.33249
0.27769
0.32869
0.26702
0.25547
0.27299
0.25941
0.23091
0.28513
0.19394
0.32469
0.25271
0.33016
0.26476
0.30604
0.34025
0.29481
0.23884
0.28704
0.19012
0.19646
0.28189
0.21587
0.27764
0.30309
0.24194
0.29035
0.38005
0.30393
0.32523
0.26636
0.29332
0.30836
0.35700
0.22488
0.26504
0.32828
0.32050
0.28131
0.33585
0.38723
0.21241
0.24035
0.34281
0.23583
0.31701
0.34039
0.22949
0.24410
0.35441
0.23482
0.24538
0.30562
0.25718
0.21495
0.25857
0.23845
0.30263
0.28990
0.31346
0.29569
0.21989
0.26405
0.27776
0.32052
0.26250
0.26475
0.14354
0.32595
0.31379
0.35578
0.33222
0.29082
0.38626
0.40426
0.25459
0.23254
0.29248
0.40193
0.28182
0.21596
0.29568
0.34156
0.27663
0.22257
0.32438
0.23367
0.30177
0.24195
0.31380
0.37226
0.43601
0.31368
0.27787
0.25675
0.38253
0.28694
0.30305
0.31685
0.35725
0.23465
0.17129
0.32200
0.44585
0.27400
0.39969
0.40093
0.19844
0.29664
0.36118
0.30637
0.29644
0.25112
0.24926
0.19728
0.29745
0.32896
0.30917
0.33626
0.38042
0.27573
0.26571
0.25993
0.21553
0.25439
0.37825
0.25410
0.17572
0.33205
0.19001
0.17649
0.35164
0.19616
0.25003
0.24135
0.26773
0.24372
0.44704
0.20086
0.31761
0.39161
0.24016
0.16688
0.23785
0.26084
0.20303
0.33437
0.20075
0.34903
0.34211
0.22390
0.25060
0.24531
0.34196
0.26435
0.21781
0.34992
0.43638
0.33578
0.28686
0.34817
0.37336
0.17749
0.29332
0.28910
0.36541
0.22695
0.25776
0.25868
0.36263
0.25072
0.24648
0.26320
0.31750
0.36874
0.24813
0.27656
0.33025
0.32243
0.28061
0.25116
0.39851
0.27975
0.29700
0.27196
0.30349
0.32305
0.27621
0.29089
0.24352
0.35507
0.28530
0.20214
0.30263
0.29202
0.21999
0.28880
0.19207
0.32083
0.22249
0.02011
0.14810
0.18426
0.19406
0.29186
0.19052
0.24416
0.31192
0.24365
0.07146
0.17908
0.02403
0.26217
0.25352
0.18230
0.25116
0.06670
0.15920
0.13194
0.19551
0.07532
0.14023
0.23388
0.26527
0.21118
0.21028
0.18872
0.04738
0.32428
0.19566
0.03379
0.06809
0.13556
0.22258
0.07356
0.22102
0.19816
0.27967
0.04730
0.06370
0.03109
0.10817
0.28008
0.14651
0.11947
0.16168
0.30864
0.15437
0.26482
0.23311
0.06445
0.25255
0.11247
0.05771
0.31760
0.18027
0.21921
0.03253
0.06277
0.23475
0.18795
0.28996
0.29021
0.02860
0.06023
0.17837
0.19353
0.19403
0.19309
0.08457
0.22783
0.14410
0.12701
0.23564
0.30676
0.09491
0.14973
0.11862
0.07641
0.05890
0.18216
0.16382
0.19231
0.26599
0.24975
0.19787
0.34261
0.25575
0.22050
0.17835
0.19326
0.21589
0.01961
0.22474
0.08667
0.04132
0.22000
0.22009
0.33268
0.25692
0.07512
0.08639
0.15223
0.19919
0.25084
0.26758
0.09192
0.18107
0.26491
0.06155
0.21503
0.14437
0.06795
0.03616
0.19453
0.06606
0.04757
0.29019
0.25874
0.07609
0.09497
0.05313
0.13807
0.04455
0.25633
