0.15287
0.11407
0.09990
0.25867
0.11910
0.12963
0.26507
0.17254
0.19915
0.09638
0.19725
0.12218
0.17016
0.11125
0.17393
0.22135
0.10763
0.16050
0.08426
0.14915
0.28755
0.12532
0.19428
0.03892
0.23035
0.16545
0.12349
0.26819
0.07614
0.16692
0.15867
0.29015
0.11322
0.09830
0.09849
0.09190
0.10214
0.11038
0.12144
0.18077
0.28406
0.24711
0.11825
0.15226
0.26188
0.23618
0.18200
0.25064
0.19217
0.14569
0.09099
0.18571
0.12391
0.28680
0.08825
0.24081
0.24939
0.12964
0.06908
0.09559
0.26396
0.29136
0.11493
0.18411
0.29723
0.30018
0.04927
0.17050
0.16092
0.06343
0.11294
0.27647
0.29999
0.19867
0.22285
0.13035
0.09311
0.06927
0.21313
0.15150
0.30482
0.16551
0.33593
0.27072
0.28564
0.35282
0.09980
0.11231
0.18399
0.27373
0.32448
0.20245
0.08605
0.27127
0.08005
0.23269
0.20228
0.17997
0.20650
0.17817
0.09369
0.20769
0.12504
0.10018
0.21880
0.28357
0.17034
0.16258
0.13923
0.27434
0.04365
0.25528
0.09542
0.23996
0.10761
0.17714
0.25391
0.06256
0.05557
0.18505
0.21217
0.14873
0.27048
0.02263
0.12973
0.15981
0.30343
0.24906
0.17115
0.26474
0.15676
0.14831
0.33508
0.32954
0.10177
0.17385
0.09928
0.26268
0.24603
0.07712
0.19853
0.04481
0.26670
0.16496
0.17586
0.30357
0.10438
0.32392
0.20560
0.08644
0.15092
0.26743
0.11676
0.30792
0.28230
0.28649
0.13193
0.18055
0.17288
0.19106
0.30060
0.29908
0.27657
0.30005
0.10531
0.14073
0.29624
0.23649
0.09654
0.27558
0.07886
0.23829
0.24629
0.04828
0.12314
0.23619
0.06399
0.09588
0.16426
0.26789
0.10267
0.10114
0.21911
0.21036
0.13870
0.19787
0.26443
0.23562
0.26682
0.23614
0.15425
0.06047
0.08627
0.21301
0.14883
0.24990
0.21683
0.21015
0.10871
0.25997
0.18883
0.14769
0.21859
0.14277
0.08016
0.27406
0.10600
0.19672
0.25666
0.11115
0.24832
0.20890
0.13603
0.22356
0.26892
0.21983
0.13040
0.31368
0.20452
0.31729
0.11719
0.21817
0.11559
0.07104
0.09123
0.08728
0.23147
0.18988
0.20032
0.10279
0.28251
0.14178
0.24498
0.14899
0.07531
0.25497
0.11887
0.04710
0.10454
0.24522
0.10385
0.29112
0.11228
0.10449
0.13608
0.20399
0.11524
0.07433
0.13504
0.09755
0.11817
0.14069
0.11127
0.26905
0.14131
0.15305
0.19850
0.07966
0.12272
0.13355
0.20044
0.17465
0.21371
0.16213
0.17098
0.24220
0.26410
0.08746
0.21326
0.06308
0.07692
0.10758
0.09318
0.06365
0.38219
0.20582
0.10878
0.21477
0.19529
0.10519
0.13420
0.32412
0.11062
0.10228
0.28386
0.11746
0.23219
0.22644
0.18877
0.16568
0.10186
0.10790
0.19106
0.22579
0.15592
0.09485
0.19619
0.17989
0.21726
0.17985
0.31881
0.25233
0.25867
0.14505
0.19479
0.27787
0.32771
0.33846
0.05790
0.25323
0.12188
0.27077
0.15024
0.13268
0.12369
0.17402
0.13345
0.18100
0.22934
0.09825
0.09037
0.09389
0.25689
0.22159
0.26047
0.17924
0.21421
0.21983
0.15514
0.08975
0.27906
0.24004
0.33447
0.29385
0.30725
0.23654
0.24036
0.27763
0.28172
0.26619
0.06724
0.09860
0.14965
0.22686
0.06368
0.05936
0.22994
0.17203
0.23794
0.13617
0.17283
0.09827
0.27961
0.26600
0.24975
0.19203
0.31440
0.16385
0.13166
0.29467
0.11543
0.18789
0.07456
0.09821
0.22204
0.05811
0.23856
0.32448
0.06594
0.07481
0.15985
0.22335
0.10549
0.07717
0.05662
0.07790
0.06819
0.12324
0.19929
0.06974
0.27980
0.20526
0.24700
0.12399
0.16389
0.29725
0.20911
0.28434
0.35470
0.18742
0.27097
0.31524
0.30943
0.32581
0.28472
0.25546
0.34321
0.27280
0.24364
0.27356
0.23890
0.30244
0.17066
0.36815
0.32153
0.24660
0.25510
0.22324
0.26526
0.33626
0.29749
0.26166
0.31087
0.32580
0.22577
0.27247
0.32376
0.25206
0.25602
0.26793
0.30235
0.30955
0.27157
0.20041
0.35181
0.26670
0.27049
0.32969
0.21748
0.26347
0.34746
0.29628
0.30919
0.30820
0.29666
0.22848
0.28775
0.32782
0.23354
0.28328
0.31994
0.27134
0.27528
0.29219
0.18652
0.31361
0.23938
0.28811
0.31604
0.28339
0.27233
0.13174
0.28159
0.34352
0.10844
0.28064
0.21681
0.21394
0.16622
0.34937
0.30365
0.33273
0.17015
0.35799
0.25657
0.23267
0.36552
0.31302
0.30126
0.28869
0.23183
0.28371
0.16267
0.34367
0.28798
0.24238
0.19082
0.32158
0.17315
0.23080
0.29906
0.25340
0.34766
0.31389
0.20882
0.31650
0.31015
0.17476
0.15608
0.28725
0.14691
0.15161
0.16671
0.28858
0.34041
0.29455
0.29000
0.24195
0.30328
0.20023
0.30057
0.28172
0.30099
0.17746
0.28644
0.28481
0.19256
0.19850
0.32587
0.29495
0.17023
0.31058
0.31207
0.25133
0.34975
0.30228
0.19707
0.27117
0.17690
0.28940
0.31298
0.30211
0.28079
0.25470
0.15815
0.32652
0.21150
0.30124
0.20929
0.26915
0.32527
0.29529
0.18718
0.20989
0.28248
0.19834
0.30646
0.16547
0.24703
0.21047
0.21101
0.22843
0.30626
0.32210
0.32244
0.24138
0.18766
0.33069
0.20881
0.21555
0.21495
0.29516
0.29817
0.14568
0.17146
0.26337
0.28321
0.22017
0.14568
0.19945
0.26345
0.20962
0.22634
0.27536
0.31688
0.15639
0.23712
0.26865
0.30054
0.17512
0.30369
0.27865
0.24081
0.36700
0.18670
0.29901
0.20534
0.34796
0.30667
0.24843
0.25619
0.30682
0.26557
0.18903
0.27329
0.26044
0.24975
0.27664
0.25302
0.34102
0.22217
0.26628
0.22689
0.34891
0.24398
0.28872
0.18750
0.28858
0.28592
0.24356
0.20978
0.23865
0.22703
0.30592
0.21318
0.31341
0.20446
0.26384
0.29867
0.29026
0.27755
0.13605
0.24605
0.31070
0.32337
0.27356
0.28484
0.30127
0.26858
0.24774
0.22507
0.30361
0.27953
0.28292
0.21868
0.14639
0.30144
0.30771
0.23190
0.27827
0.20774
0.32740
0.30906
0.16527
0.19129
0.29860
0.29658
0.29097
0.28679
0.26210
0.33411
0.34820
0.15357
0.22040
0.30718
0.27810
0.28593
0.29721
0.33362
0.20701
0.20383
0.17521
0.26766
0.29398
0.35078
0.28978
0.25283
0.30112
0.20481
0.25710
0.27330
0.28154
0.16534
0.33214
0.23113
0.21723
0.33602
0.28615
0.27862
0.24387
0.28763
0.28855
0.34863
0.34854
0.23994
0.27807
0.15888
0.30614
0.30416
0.13000
0.29979
0.16416
0.25782
0.29495
0.20302
0.27945
0.22793
0.28436
0.20130
0.24028
0.25619
0.34247
0.29677
0.26542
0.18132
0.28840
0.23608
0.24265
0.19841
0.34501
0.28692
0.31852
0.25398
0.27390
0.29725
0.26467
0.24752
0.26702
0.16171
0.30320
0.26127
0.33917
0.27984
0.30726
0.35500
0.26694
0.26205
0.31180
0.15597
0.23029
0.31402
0.25308
0.30619
0.28763
0.29220
0.32506
0.37910
0.31115
0.32414
0.27592
0.30365
0.24968
0.34199
0.25710
0.27767
0.31937
0.31337
0.30725
0.32587
0.39589
0.20576
0.27353
0.29728
0.26114
0.32525
0.32022
0.20743
0.26590
0.35890
0.23093
0.28445
0.31136
0.27384
0.23877
0.26540
0.27261
0.27943
0.28304
0.33481
0.28571
0.24460
0.30455
0.27021
0.30071
0.27966
0.28483
0.14043
0.29170
0.33248
0.34280
0.32603
0.29188
0.41595
0.39323
0.27519
0.14878
0.31259
0.38459
0.27037
0.18123
0.30894
0.31787
0.25039
0.25643
0.29846
0.25095
0.26203
0.25429
0.33521
0.33049
0.38586
0.28875
0.29725
0.26989
0.38997
0.26406
0.25702
0.30222
0.34456
0.26863
0.14358
0.32019
0.44866
0.23072
0.40682
0.42228
0.17369
0.30460
0.36706
0.32587
0.29762
0.26216
0.28763
0.21757
0.29058
0.30348
0.27409
0.30508
0.38001
0.27573
0.28776
0.24243
0.21259
0.26804
0.39017
0.22179
0.09477
0.32655
0.11716
0.17660
0.40803
0.13981
0.25136
0.19237
0.28139
0.23747
0.44405
0.17135
0.32876
0.39878
0.24171
0.19768
0.26101
0.24234
0.18754
0.36160
0.15948
0.35290
0.33508
0.27433
0.23783
0.24761
0.33508
0.26508
0.18363
0.33749
0.42737
0.30654
0.28399
0.36342
0.36527
0.23240
0.26447
0.28228
0.38589
0.16069
0.20797
0.23694
0.33726
0.28728
0.26310
0.28548
0.32053
0.33526
0.19946
0.30102
0.35225
0.29173
0.29986
0.23871
0.36671
0.29732
0.27668
0.28736
0.31302
0.31724
0.25493
0.31768
0.21335
0.32399
0.24376
0.26439
0.31593
0.29091
0.22995
0.29547
0.19914
0.31047
0.24571
0.04265
0.10328
0.17757
0.25286
0.26304
0.23604
0.23226
0.35066
0.16265
0.06127
0.23479
0.04648
0.30764
0.27461
0.15089
0.26804
0.08025
0.12905
0.16548
0.24463
0.06996
0.17297
0.22962
0.23925
0.20645
0.20604
0.26775
0.05292
0.30022
0.23884
0.05063
0.12705
0.13842
0.29618
0.19428
0.27334
0.20134
0.30762
0.06793
0.03241
0.09469
0.05670
0.29800
0.17259
0.16606
0.16085
0.30301
0.14978
0.26038
0.21111
0.08302
0.30398
0.08105
0.09257
0.24228
0.20340
0.21103
0.03776
0.08110
0.20344
0.20621
0.29294
0.25586
0.04236
0.05603
0.16937
0.21026
0.16531
0.21465
0.09200
0.24004
0.18176
0.12474
0.28953
0.29587
0.08478
0.13998
0.15549
0.09875
0.10068
0.25401
0.14121
0.20319
0.24739
0.27489
0.19016
0.33982
0.22498
0.23025
0.19829
0.20208
0.22195
0.04795
0.25439
0.09958
0.09202
0.20727
0.27266
0.29991
0.27118
0.14503
0.01758
0.17097
0.25121
0.27972
0.26103
0.11423
0.22557
0.31553
0.17912
0.22593
0.09495
0.04889
0.04327
0.12939
0.07432
0.10767
0.27484
0.30201
0.07142
0.11953
0.05174
0.04953
0.11125
0.26515
