0.10403
0.09036
0.05598
0.26485
0.07830
0.13652
0.21664
0.15416
0.14728
0.06856
0.15863
0.17234
0.14781
0.11246
0.11325
0.22300
0.14788
0.13519
0.08594
0.13519
0.29684
0.10763
0.12963
0.06958
0.23224
0.14676
0.11403
0.22215
0.10506
0.17322
0.17876
0.21653
0.12225
0.11656
0.09904
0.10070
0.12653
0.07906
0.10380
0.14448
0.25812
0.28669
0.10224
0.14352
0.30062
0.21216
0.17468
0.20200
0.19324
0.15809
0.09454
0.16073
0.13951
0.27549
0.09990
0.20716
0.18966
0.15351
0.18748
0.06332
0.25461
0.27746
0.10965
0.22227
0.29890
0.29543
0.05085
0.17112
0.08329
0.07906
0.13246
0.29353
0.26308
0.18931
0.21575
0.12667
0.08433
0.04863
0.23506
0.15363
0.29456
0.20336
0.35941
0.28314
0.24013
0.29847
0.09469
0.07185
0.12532
0.25706
0.29340
0.19581
0.09486
0.23107
0.10844
0.11874
0.21857
0.19786
0.21557
0.13822
0.09689
0.20210
0.11115
0.12612
0.19722
0.29115
0.14064
0.17538
0.19486
0.28099
0.03439
0.28028
0.08186
0.22402
0.13631
0.20016
0.27328
0.07769
0.06138
0.19893
0.24008
0.07479
0.25989
0.02439
0.09780
0.11880
0.31315
0.24220
0.13708
0.24977
0.10273
0.11067
0.25309
0.32094
0.10101
0.12330
0.07951
0.26538
0.24576
0.04831
0.17309
0.03850
0.30232
0.14975
0.10675
0.24083
0.09673
0.33462
0.19583
0.10198
0.13250
0.24845
0.10284
0.27467
0.30259
0.29322
0.08015
0.15362
0.13753
0.18915
0.22013
0.20496
0.28464
0.29174
0.09861
0.10306
0.25393
0.27841
0.07843
0.19297
0.04593
0.24189
0.21888
0.03173
0.10137
0.21010
0.06253
0.07933
0.14827
0.25932
0.05455
0.10820
0.19592
0.17987
0.09089
0.16447
0.20166
0.23178
0.25947
0.16571
0.09124
0.07963
0.03552
0.13047
0.11859
0.23524
0.19075
0.14447
0.08645
0.29285
0.23000
0.09203
0.20954
0.15992
0.07461
0.18487
0.07507
0.19282
0.26985
0.09492
0.18277
0.21493
0.09501
0.26927
0.26661
0.22932
0.12185
0.22084
0.20067
0.31949
0.14405
0.18977
0.11080
0.07861
0.07214
0.05580
0.15286
0.16564
0.14681
0.08587
0.26996
0.11984
0.26517
0.14838
0.07428
0.28471
0.10110
0.04819
0.10397
0.26716
0.07316
0.29022
0.11598
0.10565
0.13782
0.20099
0.10741
0.04286
0.11050
0.09465
0.09688
0.12538
0.12793
0.24313
0.14285
0.15557
0.19432
0.04272
0.05397
0.14045
0.19352
0.16565
0.23129
0.18883
0.12765
0.21469
0.29166
0.09184
0.18207
0.05512
0.09207
0.11978
0.08882
0.04093
0.36496
0.18395
0.07017
0.20216
0.13123
0.07550
0.15790
0.35443
0.11843
0.06159
0.30892
0.12428
0.23873
0.18796
0.18206
0.10641
0.10257
0.09176
0.17286
0.25599
0.14857
0.09430
0.15323
0.16444
0.20262
0.13478
0.30614
0.25103
0.29144
0.17522
0.14016
0.28511
0.28958
0.27877
0.02285
0.23738
0.11282
0.27658
0.12688
0.08109
0.12199
0.14784
0.08799
0.14081
0.25046
0.06421
0.06478
0.10653
0.27807
0.15232
0.22456
0.20373
0.22125
0.22675
0.18769
0.08746
0.22245
0.24941
0.33979
0.23643
0.31897
0.21017
0.23370
0.29534
0.27816
0.28542
0.05242
0.06202
0.12423
0.24442
0.05891
0.05890
0.20015
0.15662
0.24803
0.11636
0.17665
0.10356
0.28426
0.22989
0.19796
0.21016
0.30311
0.11013
0.14309
0.32119
0.08157
0.20039
0.06840
0.05526
0.20800
0.04850
0.22800
0.32283
0.05907
0.07293
0.14875
0.23092
0.10555
0.04066
0.05983
0.08517
0.05446
0.06751
0.20781
0.07756
0.26279
0.15853
0.14079
0.09619
0.19475
0.28938
0.21335
0.25638
0.36209
0.18814
0.28125
0.30380
0.28166
0.29549
0.26853
0.26142
0.33291
0.23686
0.25128
0.24245
0.21809
0.28797
0.19745
0.36280
0.30613
0.24372
0.21587
0.25910
0.22377
0.36710
0.29397
0.24242
0.27819
0.29889
0.22586
0.25925
0.31540
0.28229
0.23977
0.23109
0.26688
0.30018
0.22902
0.21648
0.31711
0.25030
0.22746
0.32516
0.21828
0.32020
0.34638
0.29498
0.29388
0.30417
0.28471
0.23059
0.27183
0.32021
0.22287
0.26041
0.30890
0.25051
0.27657
0.29024
0.21666
0.30102
0.25785
0.28644
0.30755
0.27052
0.26689
0.19877
0.25952
0.33548
0.13095
0.28377
0.20635
0.22556
0.20884
0.37043
0.32421
0.32302
0.19049
0.36886
0.27494
0.25825
0.36137
0.28953
0.28412
0.27642
0.24461
0.27557
0.17656
0.36732
0.26937
0.22182
0.20393
0.33564
0.19644
0.27121
0.28707
0.26777
0.34994
0.27245
0.21387
0.32381
0.31186
0.17135
0.16982
0.26946
0.18791
0.17397
0.16183
0.30195
0.35032
0.26402
0.26863
0.24941
0.27830
0.22005
0.29835
0.29816
0.25810
0.22815
0.27633
0.29640
0.20586
0.18284
0.36062
0.30488
0.20838
0.32495
0.30116
0.25701
0.37034
0.28990
0.21927
0.26901
0.19310
0.29672
0.29694
0.26531
0.26476
0.24204
0.18716
0.30299
0.22416
0.26717
0.20939
0.23322
0.31225
0.27813
0.20238
0.22910
0.29998
0.20317
0.25236
0.19989
0.21431
0.24711
0.22537
0.24908
0.30119
0.28356
0.30379
0.23183
0.21339
0.30681
0.23860
0.23088
0.23661
0.24815
0.30497
0.16737
0.20555
0.30643
0.28758
0.24437
0.17352
0.21852
0.25271
0.21954
0.24325
0.25197
0.29640
0.17577
0.26216
0.25494
0.27137
0.19187
0.28966
0.26385
0.26833
0.37583
0.20657
0.28467
0.21599
0.37977
0.30233
0.25502
0.28651
0.26358
0.27879
0.21115
0.32627
0.28474
0.23360
0.26206
0.25310
0.33415
0.23555
0.28419
0.23436
0.30888
0.21255
0.27396
0.22880
0.24214
0.28926
0.27471
0.22247
0.23423
0.24984
0.32592
0.22788
0.31122
0.23842
0.27107
0.27372
0.27794
0.26903
0.16528
0.21921
0.31128
0.30948
0.25666
0.26818
0.28487
0.25033
0.24965
0.22570
0.26303
0.28669
0.24314
0.26609
0.17950
0.29193
0.29357
0.25804
0.25833
0.19802
0.31443
0.27498
0.21811
0.22159
0.26237
0.27135
0.28679
0.25677
0.28168
0.32803
0.35432
0.15850
0.23730
0.31113
0.29864
0.26177
0.30977
0.32668
0.23292
0.22803
0.19665
0.22336
0.27146
0.34390
0.29591
0.29545
0.28339
0.22875
0.25380
0.28660
0.27150
0.19256
0.32457
0.24247
0.24674
0.34356
0.31411
0.23466
0.24903
0.26418
0.25766
0.34256
0.31673
0.26284
0.26605
0.21746
0.31121
0.29152
0.15384
0.27185
0.19753
0.23027
0.24860
0.20997
0.23758
0.20208
0.25613
0.20770
0.20551
0.24434
0.31195
0.28759
0.27009
0.20785
0.29435
0.25421
0.22988
0.24359
0.31945
0.22919
0.34921
0.26116
0.26375
0.28420
0.27271
0.21433
0.28325
0.20096
0.32295
0.26687
0.33324
0.24101
0.25243
0.33387
0.25930
0.26451
0.27169
0.21146
0.22283
0.25772
0.25444
0.30253
0.29145
0.29524
0.32719
0.36719
0.29216
0.32330
0.27202
0.28931
0.31738
0.37343
0.26509
0.27126
0.31658
0.29631
0.27884
0.32618
0.38393
0.23243
0.26000
0.31240
0.24772
0.28020
0.32571
0.23021
0.27137
0.34026
0.23734
0.25101
0.27562
0.27369
0.24700
0.25637
0.25223
0.25237
0.27202
0.32659
0.30099
0.23313
0.29138
0.29453
0.29264
0.26139
0.26910
0.15046
0.33990
0.32177
0.35525
0.31365
0.30349
0.38236
0.39320
0.27961
0.19016
0.31053
0.39720
0.28190
0.17492
0.29729
0.34896
0.24953
0.23923
0.32441
0.25570
0.25207
0.26929
0.34099
0.35260
0.42270
0.30937
0.29264
0.24204
0.36805
0.31214
0.30731
0.32030
0.34465
0.26776
0.18445
0.32975
0.44589
0.23310
0.38995
0.39335
0.20259
0.29116
0.37179
0.30786
0.28812
0.25196
0.28030
0.20937
0.27749
0.29262
0.31766
0.28652
0.36699
0.30012
0.29965
0.23175
0.21809
0.26841
0.39161
0.22920
0.11016
0.35924
0.13389
0.22249
0.39066
0.15569
0.25852
0.21879
0.28273
0.25487
0.45518
0.20025
0.32570
0.37946
0.24331
0.23111
0.23970
0.24008
0.18555
0.35197
0.19263
0.36145
0.35604
0.23334
0.25787
0.25397
0.34921
0.28355
0.20660
0.32964
0.41746
0.32588
0.29567
0.33514
0.36393
0.22168
0.25468
0.26849
0.39121
0.19874
0.23894
0.25208
0.35320
0.29528
0.24911
0.27552
0.31792
0.36836
0.23367
0.29483
0.32392
0.30658
0.28917
0.26529
0.36594
0.29792
0.23750
0.29509
0.31363
0.33357
0.27176
0.31356
0.24240
0.34951
0.28219
0.25333
0.30414
0.30544
0.24613
0.28440
0.18926
0.32536
0.22298
0.06110
0.13589
0.20535
0.25338
0.29683
0.20148
0.23231
0.35448
0.19397
0.06372
0.16399
0.02974
0.29991
0.24026
0.17979
0.29122
0.05677
0.06294
0.15129
0.21003
0.06796
0.18939
0.17748
0.29054
0.22704
0.21305
0.28408
0.06838
0.32765
0.26651
0.04773
0.06763
0.17648
0.26406
0.08588
0.24308
0.19380
0.30900
0.07525
0.10890
0.04314
0.04253
0.27055
0.15372
0.14423
0.17395
0.29043
0.16547
0.26092
0.21560
0.08098
0.27693
0.08669
0.02134
0.31868
0.18720
0.23824
0.04612
0.06234
0.20326
0.20637
0.26047
0.23950
0.05338
0.03936
0.17987
0.20702
0.19750
0.16321
0.06479
0.24882
0.14128
0.10572
0.25017
0.26228
0.05989
0.16595
0.11255
0.03766
0.05367
0.16669
0.09315
0.18535
0.24924
0.19104
0.20753
0.30957
0.23366
0.23414
0.13497
0.19512
0.22962
0.04473
0.22082
0.09365
0.04730
0.21296
0.23892
0.27263
0.24688
0.11303
0.10421
0.12749
0.18654
0.23603
0.26259
0.06050
0.20082
0.32332
0.18353
0.22209
0.14308
0.04646
0.03615
0.17478
0.07493
0.06648
0.26980
0.23165
0.11998
0.06649
0.01246
0.05026
0.13158
0.26073
