0.15999
0.10554
0.08428
0.25708
0.10155
0.13991
0.21222
0.18434
0.20240
0.09394
0.21056
0.14048
0.21364
0.11923
0.12420
0.22268
0.10203
0.12569
0.13698
0.21289
0.28316
0.14816
0.19057
0.06252
0.24149
0.17070
0.12680
0.25790
0.11351
0.19487
0.17085
0.28684
0.19012
0.11811
0.12439
0.10057
0.12953
0.15097
0.13622
0.18280
0.31590
0.29313
0.11437
0.14099
0.29424
0.21659
0.15578
0.24743
0.19823
0.13769
0.09930
0.15053
0.14861
0.30556
0.10448
0.23772
0.27031
0.13629
0.13293
0.09388
0.29291
0.29974
0.14082
0.22645
0.26728
0.32784
0.06965
0.19155
0.15345
0.07092
0.13866
0.31291
0.33129
0.20794
0.28441
0.16861
0.11414
0.05035
0.20185
0.15259
0.32183
0.22418
0.33771
0.27059
0.26891
0.34359
0.10909
0.12058
0.16925
0.24806
0.32856
0.16412
0.08668
0.25076
0.06745
0.16287
0.18225
0.22816
0.20231
0.15779
0.10455
0.19840
0.14696
0.13276
0.22897
0.27573
0.17168
0.18516
0.22602
0.27170
0.04510
0.27775
0.11813
0.25931
0.10931
0.15128
0.25801
0.10845
0.07603
0.20115
0.25180
0.09668
0.28298
0.07420
0.12522
0.19452
0.30462
0.27350
0.20526
0.25780
0.13398
0.16957
0.28899
0.32837
0.12820
0.17326
0.09219
0.27666
0.24444
0.06796
0.20323
0.06327
0.29570
0.15651
0.19978
0.29320
0.11640
0.35421
0.16727
0.09107
0.16186
0.29167
0.13460
0.29753
0.30937
0.26579
0.12881
0.16451
0.18716
0.26617
0.29964
0.28613
0.27247
0.32508
0.10046
0.18361
0.28343
0.27212
0.08196
0.25972
0.06088
0.25236
0.24589
0.08304
0.08118
0.24372
0.08656
0.09300
0.17667
0.26447
0.07044
0.11172
0.22617
0.20618
0.18718
0.17827
0.24508
0.25428
0.25673
0.23958
0.15029
0.08803
0.07474
0.15649
0.14596
0.23665
0.22714
0.20485
0.13584
0.26247
0.20429
0.09518
0.18044
0.15696
0.06115
0.21581
0.11402
0.22742
0.25055
0.11790
0.24536
0.22635
0.15110
0.26119
0.27552
0.25734
0.13648
0.28461
0.23376
0.34705
0.11042
0.23449
0.08706
0.07485
0.10452
0.09766
0.21320
0.22115
0.17133
0.08563
0.26070
0.13625
0.26400
0.17560
0.07096
0.26207
0.11253
0.06538
0.11657
0.25253
0.10412
0.31436
0.12659
0.10933
0.15858
0.23257
0.10744
0.07409
0.13239
0.10852
0.14291
0.15405
0.12795
0.25593
0.14053
0.17109
0.19647
0.07855
0.09173
0.14512
0.20629
0.16781
0.19594
0.18586
0.13916
0.25199
0.27416
0.09937
0.17213
0.10773
0.13971
0.13979
0.06994
0.04773
0.36591
0.18648
0.10503
0.21803
0.15361
0.08477
0.18651
0.32358
0.13314
0.08495
0.30833
0.12610
0.22153
0.19824
0.22971
0.17182
0.09952
0.06952
0.21888
0.22182
0.20605
0.09869
0.16306
0.20086
0.20424
0.18730
0.31505
0.26869
0.27216
0.12326
0.16686
0.27298
0.33544
0.32411
0.05766
0.23608
0.14544
0.29949
0.15041
0.09871
0.17422
0.15712
0.11965
0.25895
0.20276
0.09334
0.10166
0.07158
0.27175
0.20226
0.24730
0.17585
0.21945
0.24106
0.15709
0.05899
0.25136
0.29111
0.37779
0.28461
0.31824
0.25520
0.25194
0.31098
0.27861
0.25694
0.05603
0.10047
0.14772
0.26168
0.07900
0.08608
0.23249
0.16171
0.23389
0.08988
0.19620
0.14886
0.23767
0.25329
0.25836
0.18252
0.29937
0.14382
0.17128
0.29518
0.10017
0.21464
0.05876
0.09838
0.21437
0.06192
0.20300
0.32027
0.11655
0.09437
0.17645
0.25638
0.11673
0.06044
0.10425
0.06385
0.10830
0.12289
0.18987
0.08540
0.27340
0.17353
0.19656
0.10127
0.21541
0.29987
0.21213
0.27853
0.35864
0.16330
0.28294
0.32146
0.29846
0.33786
0.29020
0.26304
0.35044
0.24290
0.26965
0.27192
0.23698
0.31480
0.21689
0.38676
0.32143
0.26538
0.24099
0.24663
0.28244
0.35029
0.32545
0.26367
0.30848
0.33643
0.21534
0.27410
0.32404
0.28450
0.25406
0.26555
0.30146
0.31206
0.24468
0.22612
0.35263
0.28514
0.23502
0.33901
0.19909
0.31035
0.35174
0.30895
0.29756
0.32871
0.31080
0.27378
0.29741
0.34099
0.20038
0.30111
0.33157
0.27917
0.30809
0.31646
0.18059
0.31856
0.26921
0.28095
0.31394
0.28587
0.28439
0.20712
0.29127
0.37603
0.16246
0.29409
0.21766
0.19891
0.23570
0.36623
0.30706
0.32272
0.16746
0.35435
0.27296
0.29847
0.37811
0.30851
0.30335
0.30162
0.24542
0.29365
0.21339
0.36787
0.30681
0.24397
0.15998
0.33690
0.21566
0.27280
0.29610
0.28516
0.34800
0.31793
0.23079
0.33222
0.31893
0.19462
0.16125
0.30800
0.18584
0.20631
0.15252
0.30622
0.35330
0.27962
0.28197
0.24705
0.31460
0.20450
0.32759
0.30017
0.29743
0.19123
0.28638
0.31111
0.22538
0.17094
0.35269
0.29893
0.20863
0.32635
0.31215
0.25576
0.37051
0.30949
0.24787
0.26647
0.21928
0.28698
0.31342
0.29445
0.29505
0.22781
0.16158
0.33138
0.24596
0.29185
0.25344
0.26818
0.35097
0.28613
0.21485
0.25423
0.30055
0.22099
0.28684
0.22361
0.24646
0.24981
0.24398
0.22343
0.32011
0.32267
0.31751
0.24643
0.21651
0.31901
0.20270
0.21759
0.22548
0.29760
0.31034
0.18164
0.19151
0.27219
0.30546
0.20940
0.16040
0.23565
0.25230
0.19138
0.26474
0.26578
0.33690
0.19624
0.26016
0.27028
0.29158
0.21716
0.31030
0.26683
0.26904
0.37368
0.18881
0.31341
0.25314
0.37538
0.30860
0.26901
0.27717
0.31794
0.27248
0.22259
0.31816
0.28071
0.26104
0.27421
0.28630
0.34473
0.24462
0.29598
0.23607
0.34999
0.23412
0.28769
0.22563
0.27589
0.26812
0.25130
0.24246
0.27174
0.26304
0.32603
0.21727
0.33394
0.24828
0.27544
0.30427
0.27433
0.30636
0.13256
0.21797
0.31918
0.33086
0.26825
0.29825
0.29297
0.27606
0.22942
0.23598
0.30288
0.29538
0.29610
0.24868
0.21894
0.29009
0.31218
0.28546
0.26738
0.23774
0.33855
0.29867
0.20407
0.21076
0.28501
0.30926
0.31950
0.27780
0.26948
0.36706
0.34939
0.15211
0.26861
0.31768
0.28687
0.29816
0.32006
0.33263
0.25409
0.18113
0.23380
0.27509
0.31531
0.36004
0.30608
0.29712
0.31212
0.25584
0.25841
0.29615
0.28758
0.16715
0.32743
0.21334
0.22599
0.33323
0.31266
0.26044
0.24494
0.25451
0.30270
0.36821
0.33797
0.24685
0.26781
0.24668
0.32464
0.33005
0.13245
0.28102
0.20910
0.24443
0.29305
0.24115
0.26567
0.24696
0.26256
0.25420
0.24374
0.24769
0.33842
0.29945
0.28797
0.18904
0.30582
0.24742
0.24733
0.21913
0.32888
0.29700
0.34604
0.25143
0.27114
0.31163
0.27469
0.21781
0.27455
0.18558
0.34822
0.27192
0.33080
0.26735
0.30746
0.34454
0.28598
0.27997
0.32897
0.18520
0.23732
0.30925
0.23529
0.30580
0.29969
0.30663
0.34711
0.38235
0.30638
0.32036
0.28084
0.30029
0.28724
0.36283
0.27912
0.29288
0.32583
0.31636
0.31865
0.33149
0.38796
0.26168
0.25887
0.34019
0.25125
0.32003
0.32412
0.26091
0.25155
0.34826
0.24184
0.27208
0.32254
0.26231
0.22427
0.26390
0.24770
0.26973
0.27382
0.33478
0.28886
0.24384
0.31609
0.27757
0.32385
0.29824
0.26896
0.17001
0.34779
0.33570
0.36410
0.34658
0.32689
0.42626
0.42718
0.28421
0.21975
0.32021
0.40044
0.28494
0.19683
0.31627
0.34009
0.25512
0.26288
0.32719
0.25662
0.27470
0.23986
0.35947
0.36342
0.40283
0.31743
0.32512
0.29864
0.41228
0.30085
0.31663
0.32678
0.37273
0.28929
0.21126
0.32067
0.48040
0.26622
0.42451
0.44912
0.24476
0.29801
0.35026
0.31938
0.30478
0.25506
0.30867
0.19850
0.28709
0.29370
0.31003
0.31875
0.40213
0.28491
0.30989
0.27607
0.20888
0.27966
0.40902
0.23755
0.13997
0.36003
0.17623
0.20927
0.44893
0.17872
0.27294
0.24516
0.26089
0.27387
0.47243
0.19964
0.35124
0.41585
0.26400
0.25289
0.25001
0.26719
0.21988
0.39157
0.21436
0.37422
0.35850
0.28700
0.22915
0.27664
0.36057
0.27074
0.23829
0.36589
0.43964
0.32505
0.30208
0.38586
0.38989
0.22699
0.27548
0.30510
0.39286
0.21292
0.26546
0.26422
0.38794
0.29513
0.26796
0.29203
0.35259
0.34874
0.23705
0.32138
0.35622
0.29784
0.27392
0.26064
0.39951
0.32246
0.29499
0.31095
0.33755
0.36340
0.28118
0.33373
0.24671
0.34487
0.27576
0.25867
0.33729
0.31538
0.25623
0.28903
0.20414
0.30577
0.20858
0.03314
0.20420
0.26432
0.26189
0.27846
0.19571
0.29973
0.35341
0.17370
0.06718
0.17451
0.07853
0.23917
0.26991
0.12785
0.26269
0.09153
0.11731
0.20942
0.16334
0.11139
0.17829
0.19476
0.28223
0.21307
0.21630
0.28057
0.08402
0.28558
0.16058
0.08195
0.09361
0.13967
0.30251
0.12865
0.21078
0.16676
0.30415
0.06030
0.08352
0.09849
0.08922
0.25945
0.13414
0.16001
0.18119
0.29243
0.19914
0.30209
0.22437
0.03772
0.26466
0.07577
0.05163
0.25949
0.20527
0.30617
0.05688
0.07181
0.22164
0.19959
0.28585
0.25558
0.09529
0.09964
0.19231
0.20959
0.15325
0.23248
0.14720
0.28855
0.19320
0.10536
0.24172
0.30657
0.10523
0.13440
0.12267
0.08615
0.08469
0.21731
0.15050
0.22685
0.23611
0.27768
0.19871
0.33329
0.21439
0.28003
0.24991
0.21703
0.18015
0.08086
0.23027
0.11967
0.07337
0.20568
0.27399
0.28903
0.21352
0.08581
0.05335
0.16895
0.21600
0.22855
0.22132
0.14509
0.25971
0.26660
0.11348
0.25232
0.12608
0.02188
0.05183
0.10286
0.11738
0.09064
0.20250
0.26792
0.09675
0.07731
0.04324
0.10348
0.11922
0.26835
