0.09110
0.10108
0.07241
0.22644
0.07050
0.11624
0.25468
0.12217
0.17648
0.03469
0.17153
0.13484
0.12618
0.12080
0.11981
0.22406
0.14035
0.11206
0.06415
0.14353
0.29321
0.16397
0.13123
0.04771
0.22958
0.13414
0.07365
0.17661
0.05929
0.11082
0.11947
0.23418
0.12930
0.10541
0.04067
0.09938
0.10181
0.07631
0.08925
0.13826
0.27901
0.24905
0.07208
0.12884
0.27191
0.19464
0.16049
0.22023
0.16925
0.11036
0.09946
0.12395
0.14636
0.33617
0.09027
0.22491
0.20479
0.09772
0.12178
0.07443
0.28108
0.30417
0.10001
0.19993
0.25796
0.29456
0.03971
0.20067
0.09343
0.05332
0.12397
0.30901
0.28984
0.16772
0.24236
0.09625
0.07576
0.06252
0.22409
0.15458
0.31349
0.12404
0.32055
0.26926
0.27641
0.35670
0.09614
0.06479
0.13428
0.25685
0.30604
0.23263
0.05567
0.26318
0.05531
0.18306
0.19849
0.24142
0.21041
0.15051
0.08960
0.16769
0.11949
0.10577
0.17987
0.30264
0.11682
0.15083
0.12949
0.28012
0.02143
0.23959
0.05510
0.21869
0.10112
0.14303
0.26555
0.05042
0.07075
0.19832
0.19871
0.08961
0.29309
0.01353
0.07523
0.09739
0.30452
0.26476
0.11592
0.25850
0.07103
0.13360
0.31404
0.34098
0.10517
0.12156
0.04125
0.27724
0.24180
0.06267
0.17910
0.03708
0.27576
0.12838
0.11014
0.31223
0.08188
0.33849
0.19177
0.08721
0.17590
0.24516
0.09839
0.32402
0.30958
0.34755
0.08610
0.15367
0.14478
0.18197
0.21233
0.24803
0.27271
0.32016
0.08825
0.12368
0.29535
0.26295
0.05497
0.29662
0.04661
0.22084
0.20786
0.02841
0.07754
0.20776
0.04697
0.07453
0.14242
0.24690
0.06262
0.11029
0.21117
0.15935
0.06196
0.17260
0.21099
0.24219
0.25750
0.18029
0.09620
0.04428
0.05873
0.17035
0.10065
0.23872
0.16611
0.14888
0.08182
0.25768
0.21711
0.08132
0.17993
0.12587
0.04997
0.19976
0.07523
0.18808
0.25231
0.07135
0.25767
0.19952
0.09399
0.24568
0.23445
0.22002
0.12298
0.22444
0.23229
0.33779
0.10309
0.16451
0.11403
0.09569
0.07497
0.07057
0.10949
0.16251
0.13855
0.03357
0.23421
0.10109
0.21935
0.10367
0.06034
0.27898
0.11330
0.04412
0.09347
0.25234
0.07331
0.29698
0.10094
0.11296
0.14952
0.21267
0.10005
0.02629
0.08415
0.12692
0.10556
0.09937
0.09065
0.21704
0.13090
0.14718
0.21734
0.08012
0.06178
0.13677
0.22167
0.15226
0.23178
0.13537
0.11559
0.21481
0.27883
0.09272
0.15140
0.04185
0.08554
0.12083
0.07119
0.03080
0.36094
0.16056
0.04643
0.20530
0.16196
0.08953
0.12858
0.33470
0.12271
0.09283
0.29085
0.11265
0.17680
0.17343
0.19618
0.11999
0.07130
0.04871
0.16304
0.23126
0.16017
0.09095
0.19720
0.16778
0.18687
0.14565
0.32143
0.26302
0.25875
0.15252
0.12013
0.29012
0.29835
0.31413
0.02767
0.26178
0.11320
0.26791
0.11391
0.08148
0.12589
0.11871
0.11613
0.13706
0.24073
0.06512
0.04947
0.03730
0.25406
0.17324
0.25500
0.13988
0.24328
0.20623
0.14491
0.06144
0.22718
0.27291
0.33898
0.22629
0.29911
0.21863
0.23603
0.29913
0.29809
0.26290
0.06746
0.06160
0.12969
0.22728
0.04293
0.04905
0.17735
0.10004
0.19550
0.08377
0.15203
0.11075
0.24920
0.26239
0.25346
0.21167
0.32315
0.10040
0.14726
0.31315
0.06295
0.16998
0.04402
0.07421
0.17040
0.03892
0.23631
0.31892
0.07652
0.07651
0.12446
0.24958
0.10741
0.04896
0.05483
0.05397
0.05523
0.10175
0.16989
0.05260
0.29190
0.17050
0.20410
0.06482
0.17133
0.29572
0.17444
0.26493
0.34198
0.17990
0.26807
0.31195
0.26134
0.31687
0.29486
0.24481
0.34696
0.22829
0.23747
0.21724
0.22411
0.31133
0.18166
0.35605
0.33506
0.25517
0.22441
0.23947
0.25113
0.34431
0.28254
0.22756
0.30555
0.32888
0.20030
0.25364
0.31751
0.27874
0.23450
0.24404
0.27973
0.30242
0.23789
0.23506
0.34616
0.21332
0.20861
0.29915
0.16596
0.30966
0.33792
0.29098
0.28959
0.32115
0.23581
0.23836
0.27361
0.32661
0.21757
0.31757
0.31379
0.24466
0.27782
0.30492
0.17182
0.29075
0.26931
0.26890
0.31846
0.28192
0.25549
0.19055
0.29194
0.37085
0.15413
0.26868
0.18587
0.16939
0.23008
0.36110
0.32061
0.31039
0.16072
0.36486
0.27482
0.28670
0.35467
0.31706
0.30016
0.28897
0.23021
0.27380
0.20711
0.36376
0.26741
0.23372
0.19172
0.34156
0.21382
0.27291
0.28024
0.27231
0.33874
0.32330
0.21820
0.29875
0.29336
0.16810
0.16680
0.24920
0.18847
0.18559
0.14274
0.29610
0.33662
0.25654
0.25547
0.25080
0.28916
0.23252
0.30783
0.24907
0.29387
0.21114
0.26885
0.28828
0.22445
0.17950
0.35868
0.30228
0.18526
0.33571
0.32070
0.24424
0.36018
0.31287
0.24230
0.26964
0.21074
0.29613
0.30464
0.27358
0.28756
0.23831
0.15936
0.32124
0.21847
0.25374
0.22952
0.25301
0.31244
0.28238
0.21583
0.23941
0.29131
0.23283
0.23271
0.19888
0.22774
0.20786
0.24484
0.23098
0.31634
0.32943
0.32161
0.21679
0.19239
0.32795
0.20772
0.18499
0.19182
0.29539
0.30332
0.15614
0.18661
0.27036
0.30150
0.19198
0.15896
0.23162
0.26773
0.19181
0.25662
0.27478
0.30018
0.16959
0.23869
0.27471
0.28278
0.18699
0.28790
0.27116
0.26971
0.37655
0.19594
0.32815
0.24240
0.35299
0.30944
0.21658
0.28175
0.29612
0.28029
0.19445
0.33041
0.28623
0.24376
0.29358
0.26202
0.35244
0.25033
0.28001
0.20486
0.34346
0.20871
0.24847
0.21032
0.25261
0.27942
0.26571
0.20712
0.22646
0.23297
0.31458
0.19861
0.31101
0.24536
0.26384
0.28937
0.28697
0.28301
0.14628
0.20301
0.31091
0.33788
0.22851
0.27033
0.25447
0.27135
0.25104
0.19129
0.29455
0.28469
0.27410
0.26800
0.20435
0.29771
0.31360
0.27922
0.24941
0.24960
0.32802
0.26324
0.18351
0.18408
0.29666
0.28746
0.28771
0.26348
0.24259
0.34404
0.36774
0.16261
0.24324
0.30817
0.28374
0.25016
0.30887
0.32732
0.23573
0.19882
0.18842
0.23766
0.27214
0.34875
0.29288
0.29595
0.27522
0.24440
0.26711
0.28674
0.28847
0.16638
0.32043
0.20673
0.25289
0.33321
0.31229
0.21606
0.25371
0.22743
0.31075
0.34392
0.33024
0.25214
0.26219
0.21155
0.30884
0.32345
0.13033
0.24652
0.20997
0.23622
0.25663
0.23221
0.23188
0.25581
0.23245
0.23229
0.20010
0.23950
0.33762
0.25534
0.23999
0.19749
0.29392
0.24623
0.23716
0.17269
0.34077
0.28441
0.35058
0.24860
0.22135
0.25848
0.26336
0.21047
0.28426
0.18490
0.33330
0.26007
0.32980
0.24793
0.28708
0.34281
0.26926
0.23386
0.25872
0.16833
0.21474
0.26393
0.19110
0.27847
0.30164
0.23624
0.30941
0.37343
0.32275
0.33788
0.27576
0.30365
0.29489
0.34030
0.23234
0.27839
0.32775
0.31355
0.28657
0.31676
0.38885
0.21636
0.23171
0.33927
0.24526
0.32332
0.32429
0.24333
0.25601
0.35728
0.23568
0.25144
0.30666
0.26975
0.20674
0.22628
0.25180
0.25317
0.29265
0.32636
0.29228
0.22184
0.26361
0.27063
0.30691
0.27984
0.28564
0.15110
0.33220
0.32234
0.36029
0.29058
0.31692
0.35251
0.37634
0.27509
0.18408
0.29670
0.37430
0.28992
0.20663
0.28989
0.33642
0.24317
0.20488
0.34892
0.23399
0.27042
0.24473
0.34007
0.36650
0.42715
0.31514
0.29145
0.24758
0.37627
0.30991
0.29964
0.25201
0.35278
0.26780
0.18433
0.33267
0.44761
0.22848
0.39501
0.38736
0.19482
0.30043
0.32968
0.31362
0.29986
0.22742
0.28095
0.21046
0.28731
0.26223
0.30953
0.30897
0.37633
0.23697
0.26028
0.25954
0.18048
0.26404
0.37546
0.25514
0.14106
0.33406
0.17323
0.19185
0.39399
0.15098
0.23177
0.21100
0.25353
0.22584
0.43101
0.18761
0.33012
0.37613
0.23256
0.23130
0.26360
0.27061
0.22004
0.35806
0.19786
0.36700
0.35809
0.22697
0.24476
0.21963
0.33700
0.26138
0.22850
0.35494
0.42225
0.30468
0.29236
0.36048
0.34214
0.20996
0.24841
0.29059
0.37797
0.21005
0.24209
0.23287
0.31441
0.24824
0.26743
0.26854
0.34713
0.36276
0.25085
0.28066
0.30738
0.29452
0.25332
0.23670
0.38539
0.28235
0.29213
0.27138
0.29012
0.32395
0.27884
0.30708
0.23215
0.32470
0.26598
0.21814
0.30986
0.27294
0.20566
0.28708
0.19113
0.32339
0.20219
0.04174
0.15612
0.21104
0.19486
0.26817
0.19153
0.21608
0.33800
0.18621
0.09524
0.16125
0.02329
0.30777
0.23493
0.16542
0.29233
0.04727
0.10743
0.18424
0.24694
0.05270
0.11811
0.24004
0.25116
0.20922
0.21448
0.25814
0.03403
0.32364
0.21730
0.01715
0.02511
0.10443
0.28750
0.10893
0.20067
0.20380
0.33617
0.04122
0.06168
0.10200
0.03849
0.24420
0.08713
0.13619
0.12561
0.23369
0.15642
0.24825
0.21637
0.02894
0.29512
0.05234
0.06460
0.31294
0.17712
0.18292
0.11394
0.09437
0.20273
0.20491
0.29224
0.25966
0.04256
0.06689
0.19667
0.21204
0.18740
0.18516
0.07650
0.16443
0.18610
0.12917
0.24431
0.23555
0.11551
0.11420
0.14835
0.05476
0.04258
0.26409
0.14114
0.18709
0.21637
0.29313
0.19912
0.30860
0.25981
0.26267
0.19160
0.20588
0.21235
0.01511
0.25364
0.10309
0.08935
0.19481
0.23570
0.31146
0.23832
0.07273
0.04592
0.14318
0.20881
0.20710
0.30176
0.09911
0.16690
0.32673
0.15576
0.23918
0.08426
0.02133
0.06642
0.17863
0.04690
0.04852
0.26677
0.26592
0.07251
0.10374
0.01907
0.03655
0.06095
0.27028
