0.11350
0.11920
0.04116
0.25812
0.07466
0.14498
0.20843
0.19511
0.13870
0.05998
0.18192
0.15126
0.14739
0.11382
0.11357
0.21212
0.09778
0.12675
0.09779
0.13734
0.28042
0.14494
0.12924
0.04747
0.18859
0.14594
0.13878
0.27623
0.07686
0.16259
0.12304
0.26704
0.13679
0.10821
0.05931
0.09498
0.13615
0.09202
0.16256
0.14976
0.29519
0.24013
0.07620
0.14249
0.28743
0.23893
0.18703
0.22644
0.16423
0.16190
0.09555
0.18932
0.15463
0.26482
0.09833
0.22572
0.21420
0.14529
0.11974
0.07695
0.29388
0.24887
0.13314
0.16504
0.26186
0.32022
0.05421
0.18972
0.12841
0.03657
0.13248
0.28828
0.32967
0.22405
0.26425
0.18683
0.09255
0.04247
0.22247
0.16090
0.26372
0.20859
0.28214
0.24317
0.29566
0.35927
0.11505
0.05431
0.11715
0.27857
0.31559
0.18279
0.11419
0.23027
0.08461
0.16139
0.23084
0.22171
0.21174
0.15593
0.09912
0.15183
0.11117
0.11717
0.22813
0.30582
0.12546
0.18520
0.16471
0.26873
0.05373
0.27127
0.09576
0.18811
0.11464
0.19531
0.26140
0.03717
0.05756
0.18340
0.22890
0.09930
0.26445
0.03165
0.13395
0.15046
0.31968
0.27734
0.23216
0.23222
0.12435
0.12544
0.29641
0.33333
0.09441
0.17691
0.09682
0.29803
0.26874
0.10275
0.15600
0.05207
0.26468
0.22010
0.14959
0.21319
0.09082
0.36743
0.18345
0.10049
0.19697
0.23209
0.11768
0.30292
0.31793
0.31505
0.12627
0.15882
0.13589
0.23615
0.28356
0.23889
0.26792
0.32625
0.11192
0.12116
0.28958
0.29453
0.09248
0.26107
0.05683
0.23777
0.22628
0.04938
0.13773
0.22104
0.10173
0.09883
0.15291
0.22020
0.10340
0.11532
0.25825
0.16980
0.08196
0.21969
0.20800
0.23071
0.24207
0.18911
0.13497
0.05153
0.06907
0.13023
0.13883
0.25430
0.21073
0.19668
0.10742
0.27229
0.25193
0.07599
0.22307
0.17005
0.08591
0.25097
0.10711
0.16725
0.29071
0.13591
0.23666
0.21273
0.12359
0.25673
0.26217
0.24893
0.11943
0.28817
0.17386
0.33005
0.11323
0.22004
0.08158
0.06626
0.09550
0.03801
0.19162
0.21146
0.16022
0.05559
0.26399
0.18089
0.23224
0.11566
0.04409
0.30666
0.10012
0.04274
0.10781
0.28015
0.07501
0.28029
0.11598
0.12859
0.17577
0.19118
0.10750
0.03349
0.09569
0.09917
0.10353
0.15391
0.11556
0.27310
0.14391
0.17743
0.20250
0.10648
0.07521
0.13647
0.19812
0.15655
0.20295
0.19901
0.15649
0.25468
0.26206
0.09701
0.15940
0.08911
0.13217
0.12845
0.08855
0.04192
0.36593
0.21484
0.09276
0.22300
0.17229
0.06916
0.18178
0.32741
0.13130
0.07060
0.28358
0.12515
0.21930
0.19406
0.16786
0.13923
0.11621
0.09610
0.15245
0.24063
0.18590
0.09254
0.19557
0.16422
0.18936
0.14510
0.33069
0.27938
0.24750
0.17624
0.09021
0.28698
0.28066
0.28144
0.02182
0.28021
0.12821
0.26975
0.15335
0.07023
0.19113
0.11167
0.12164
0.22336
0.25231
0.07241
0.07697
0.07614
0.28829
0.19162
0.19476
0.18347
0.23751
0.23201
0.16051
0.06603
0.26925
0.28886
0.37617
0.26002
0.31753
0.23492
0.26769
0.28427
0.28845
0.29471
0.08175
0.08939
0.10726
0.20688
0.05851
0.08315
0.21263
0.14808
0.20621
0.11473
0.17223
0.15945
0.26392
0.24732
0.25024
0.20932
0.28629
0.11710
0.12637
0.27641
0.09020
0.19621
0.05696
0.06561
0.20582
0.05400
0.23965
0.35441
0.07432
0.08328
0.14194
0.22337
0.11263
0.05544
0.07501
0.06051
0.07279
0.09869
0.20728
0.06693
0.27577
0.14624
0.22779
0.11347
0.20950
0.28681
0.19294
0.27533
0.34687
0.19383
0.30461
0.29760
0.30138
0.30518
0.26875
0.25039
0.33842
0.21996
0.25871
0.23186
0.22583
0.28204
0.20497
0.36681
0.31614
0.28129
0.22471
0.27299
0.24517
0.35280
0.30561
0.23099
0.30550
0.32271
0.22689
0.23226
0.29534
0.27390
0.24019
0.25688
0.28096
0.31056
0.25245
0.22149
0.35003
0.22651
0.19101
0.35379
0.18248
0.30673
0.34039
0.28025
0.29580
0.27555
0.28345
0.22724
0.26780
0.31309
0.20369
0.27199
0.32564
0.24617
0.26806
0.30903
0.19885
0.30205
0.26073
0.27999
0.30404
0.28751
0.23397
0.19386
0.30230
0.33834
0.15693
0.27564
0.19625
0.16596
0.20888
0.37359
0.31464
0.31852
0.16878
0.35621
0.27111
0.28343
0.36085
0.30381
0.27538
0.26174
0.24820
0.27279
0.19374
0.32940
0.26556
0.24301
0.17056
0.32553
0.22091
0.27263
0.29592
0.26543
0.35070
0.29926
0.20544
0.29728
0.29345
0.17152
0.18787
0.27324
0.19981
0.20486
0.15530
0.30270
0.33648
0.25353
0.25061
0.24813
0.26902
0.21595
0.27596
0.28298
0.26770
0.19138
0.28512
0.27780
0.23654
0.16495
0.35759
0.27134
0.16923
0.32410
0.30913
0.25381
0.36606
0.29278
0.23991
0.27195
0.21039
0.28902
0.28615
0.29998
0.28828
0.21512
0.16209
0.31333
0.23242
0.25868
0.22681
0.26912
0.29863
0.27712
0.22055
0.24251
0.27076
0.21894
0.26660
0.20820
0.24873
0.23874
0.23365
0.23791
0.31626
0.33576
0.31524
0.19022
0.22517
0.32296
0.22529
0.18128
0.21829
0.27672
0.31332
0.17009
0.19785
0.29207
0.27557
0.17802
0.17502
0.22357
0.25659
0.20666
0.26258
0.24550
0.27986
0.18367
0.24713
0.26963
0.24420
0.19485
0.26922
0.28345
0.26349
0.38128
0.20934
0.29879
0.23247
0.36140
0.28412
0.22984
0.27577
0.27463
0.28523
0.20408
0.32084
0.27730
0.24823
0.26849
0.24366
0.33440
0.24349
0.27876
0.25468
0.33487
0.21496
0.26117
0.22659
0.23138
0.27976
0.28094
0.23470
0.20765
0.21370
0.30512
0.22044
0.29431
0.24509
0.21428
0.28109
0.27194
0.29035
0.16508
0.18242
0.31717
0.30707
0.25777
0.26916
0.30218
0.26281
0.21199
0.20937
0.29092
0.27265
0.25402
0.26939
0.22167
0.29378
0.30004
0.26774
0.29572
0.24515
0.31807
0.26420
0.20156
0.19810
0.28220
0.28468
0.24243
0.26115
0.26111
0.34865
0.33377
0.15682
0.22749
0.30556
0.27847
0.23422
0.30213
0.32494
0.25387
0.21315
0.20934
0.26579
0.27376
0.35771
0.29229
0.30944
0.28052
0.23756
0.25207
0.27279
0.27466
0.19552
0.33086
0.22152
0.25785
0.32595
0.30640
0.24833
0.22601
0.27079
0.30861
0.33407
0.33503
0.26293
0.25981
0.20912
0.32683
0.32154
0.14983
0.21992
0.20736
0.24302
0.26433
0.24273
0.25246
0.23651
0.23866
0.23385
0.22334
0.24037
0.31687
0.26648
0.22079
0.21458
0.28183
0.25265
0.22218
0.16947
0.33661
0.26158
0.33650
0.27187
0.23088
0.29767
0.26549
0.19615
0.28121
0.19188
0.31585
0.27753
0.32721
0.28057
0.30201
0.34326
0.25877
0.21441
0.27651
0.20227
0.19142
0.28091
0.22653
0.29461
0.30444
0.23883
0.29109
0.38058
0.29015
0.31688
0.27423
0.30923
0.31519
0.34512
0.25790
0.27815
0.30896
0.31043
0.29314
0.31503
0.37769
0.23527
0.28568
0.28939
0.22290
0.31300
0.33177
0.22607
0.23098
0.32888
0.22024
0.28279
0.28379
0.26903
0.27532
0.23505
0.23465
0.26171
0.26554
0.29154
0.28861
0.22808
0.26238
0.27756
0.28930
0.25812
0.28438
0.16733
0.31937
0.31256
0.33442
0.30105
0.30725
0.37976
0.38754
0.25955
0.19707
0.28834
0.38223
0.28667
0.23762
0.30264
0.35594
0.24289
0.24146
0.33884
0.22403
0.26882
0.21630
0.31566
0.37311
0.41946
0.24635
0.27557
0.24800
0.36822
0.24868
0.30642
0.27552
0.34683
0.25774
0.19605
0.30087
0.42104
0.25423
0.38814
0.39108
0.23728
0.28795
0.34090
0.31208
0.29372
0.23119
0.26165
0.19309
0.29103
0.27889
0.31847
0.29770
0.36056
0.24217
0.25668
0.23387
0.23740
0.21147
0.37954
0.23621
0.15071
0.35258
0.16817
0.16634
0.39073
0.16842
0.22448
0.23261
0.24910
0.22831
0.44614
0.20807
0.30758
0.37344
0.23302
0.23008
0.25235
0.27980
0.20595
0.33322
0.19098
0.36539
0.34914
0.24977
0.24011
0.20933
0.35291
0.29252
0.21275
0.31744
0.41270
0.31570
0.30133
0.35555
0.37364
0.17212
0.27944
0.28666
0.38151
0.21645
0.25166
0.23461
0.36404
0.25451
0.25636
0.24987
0.31140
0.37581
0.26695
0.26348
0.31291
0.30196
0.25151
0.24570
0.38078
0.27558
0.26333
0.25017
0.29695
0.35373
0.27309
0.29293
0.24550
0.34565
0.25818
0.23373
0.28937
0.29542
0.21599
0.26671
0.22604
0.30176
0.24187
0.09201
0.10711
0.15982
0.27966
0.29548
0.18186
0.24388
0.34082
0.16334
0.09588
0.25366
0.06064
0.28489
0.25699
0.18590
0.23693
0.05365
0.13245
0.18188
0.26339
0.10689
0.07261
0.19164
0.29268
0.24015
0.21380
0.25905
0.05672
0.27745
0.21978
0.12945
0.04192
0.10189
0.24274
0.15297
0.21906
0.24479
0.22963
0.04932
0.08274
0.05251
0.07588
0.29514
0.10642
0.20064
0.17677
0.20412
0.13499
0.22339
0.20561
0.04766
0.29988
0.06795
0.08748
0.17837
0.18700
0.24591
0.03385
0.07120
0.20078
0.20341
0.31493
0.25838
0.01887
0.04451
0.17788
0.20169
0.12124
0.18547
0.11371
0.24657
0.13763
0.10990
0.23121
0.30557
0.07953
0.21080
0.11224
0.05755
0.07305
0.14793
0.07889
0.18955
0.26040
0.27174
0.20562
0.27187
0.16282
0.19352
0.16753
0.19120
0.24012
0.05279
0.24392
0.15054
0.06029
0.21162
0.21958
0.33031
0.27809
0.06692
0.06014
0.14047
0.25161
0.18782
0.21040
0.09130
0.13706
0.24054
0.18273
0.21920
0.15440
0.04113
0.05085
0.18156
0.05957
0.09322
0.28072
0.27654
0.09831
0.10680
0.05354
0.05807
0.07967
0.24460
