0.12224
0.12189
0.09512
0.24793
0.10144
0.12122
0.20153
0.12898
0.20448
0.05332
0.17482
0.14035
0.14867
0.12705
0.10238
0.23568
0.12473
0.13369
0.08614
0.15414
0.30213
0.13461
0.16001
0.02135
0.20532
0.13486
0.12664
0.23708
0.08154
0.10930
0.12777
0.28265
0.14350
0.09399
0.06173
0.10661
0.11550
0.12387
0.09914
0.16226
0.27811
0.24796
0.09688
0.13884
0.29201
0.16830
0.13336
0.20961
0.18240
0.17582
0.11928
0.15362
0.14106
0.31654
0.09560
0.20603
0.23454
0.09954
0.14137
0.06673
0.29012
0.28882
0.12590
0.21601
0.27772
0.28938
0.06368
0.18165
0.12674
0.05670
0.13375
0.28086
0.30179
0.19891
0.26778
0.15631
0.05048
0.03344
0.22626
0.16165
0.31126
0.19408
0.30687
0.29519
0.25305
0.38406
0.10470
0.12753
0.17269
0.25301
0.31972
0.18556
0.08706
0.26610
0.07168
0.16613
0.17910
0.22932
0.19831
0.16346
0.09218
0.20378
0.14749
0.14256
0.19507
0.26785
0.18747
0.17968
0.17757
0.28099
0.05348
0.21369
0.09324
0.27325
0.12556
0.13796
0.27660
0.05087
0.09053
0.17353
0.26156
0.08893
0.28176
0.04132
0.08103
0.14349
0.26018
0.26649
0.16020
0.22764
0.11843
0.13132
0.30748
0.33623
0.10630
0.14792
0.10317
0.27406
0.24648
0.06050
0.16133
0.04108
0.27637
0.14505
0.20222
0.27943
0.10164
0.34249
0.18371
0.09177
0.18335
0.23920
0.11760
0.30138
0.30791
0.29553
0.14015
0.15285
0.16712
0.17002
0.27148
0.24103
0.25815
0.30647
0.10215
0.13775
0.28576
0.27848
0.12916
0.25035
0.05683
0.19991
0.24837
0.02751
0.07829
0.22492
0.06084
0.06334
0.18944
0.27318
0.09096
0.11643
0.21926
0.19632
0.07795
0.18755
0.25124
0.24607
0.26546
0.19061
0.12913
0.07924
0.08282
0.18464
0.13896
0.27751
0.21732
0.19432
0.10133
0.27903
0.18330
0.09438
0.16872
0.13825
0.04236
0.21263
0.08905
0.20425
0.26736
0.09643
0.21077
0.23312
0.11280
0.26151
0.28546
0.25604
0.12543
0.29718
0.22550
0.31345
0.10304
0.20081
0.11218
0.05659
0.08632
0.06322
0.18329
0.23748
0.14291
0.07081
0.21569
0.15527
0.22816
0.13532
0.07333
0.29760
0.12106
0.05107
0.11069
0.29251
0.11144
0.26824
0.10351
0.11460
0.16772
0.21286
0.11403
0.03381
0.10931
0.11265
0.13327
0.11657
0.11414
0.24608
0.13630
0.14709
0.19089
0.11790
0.06501
0.14987
0.23042
0.14769
0.19657
0.14530
0.14481
0.21642
0.25896
0.10921
0.20550
0.06032
0.11505
0.13164
0.07297
0.06462
0.35583
0.16318
0.05710
0.20827
0.16398
0.10025
0.12156
0.31076
0.12718
0.10773
0.28420
0.12021
0.16883
0.21207
0.18072
0.17866
0.08969
0.04445
0.18322
0.18584
0.18583
0.10001
0.17205
0.18573
0.19328
0.14664
0.34819
0.27934
0.23336
0.15187
0.13742
0.28566
0.30692
0.31240
0.02900
0.27498
0.11541
0.29527
0.12366
0.08616
0.17925
0.15383
0.13577
0.20976
0.24171
0.07423
0.07527
0.07097
0.27149
0.21364
0.23846
0.10738
0.23807
0.25926
0.14226
0.07164
0.24962
0.26942
0.35185
0.28335
0.30320
0.22480
0.25069
0.26268
0.26704
0.25467
0.06300
0.09196
0.15282
0.23619
0.04083
0.05944
0.20155
0.10873
0.25108
0.08682
0.16030
0.14821
0.27226
0.26349
0.25751
0.19821
0.29309
0.13083
0.14198
0.32364
0.08571
0.18906
0.04417
0.09143
0.21729
0.08132
0.23841
0.36630
0.10507
0.09180
0.15855
0.25235
0.11274
0.05967
0.05632
0.05910
0.07742
0.12375
0.16223
0.07594
0.28314
0.16737
0.18269
0.13051
0.20072
0.29549
0.16858
0.26596
0.34302
0.17109
0.27740
0.28553
0.27542
0.31028
0.26715
0.23350
0.35115
0.24563
0.24946
0.25167
0.23783
0.29934
0.20563
0.36571
0.29962
0.25303
0.23691
0.26445
0.22530
0.35588
0.29779
0.23372
0.28204
0.34000
0.20745
0.25029
0.32649
0.27838
0.23015
0.23998
0.25671
0.31050
0.22857
0.21963
0.34979
0.22427
0.21377
0.29770
0.21127
0.29554
0.34349
0.28380
0.28509
0.29440
0.26856
0.23311
0.27387
0.31031
0.22904
0.25705
0.30145
0.22862
0.26290
0.28837
0.19516
0.29072
0.25935
0.28652
0.30035
0.29640
0.27073
0.19811
0.27769
0.35189
0.13900
0.24656
0.19549
0.18654
0.20644
0.36809
0.28900
0.31914
0.18221
0.33613
0.27207
0.28361
0.36676
0.28087
0.29005
0.27123
0.25052
0.28340
0.19416
0.34972
0.29150
0.21479
0.16631
0.32417
0.22099
0.24814
0.28931
0.24068
0.33995
0.30307
0.20685
0.30996
0.31149
0.17467
0.17326
0.27351
0.19952
0.20586
0.16376
0.30307
0.33906
0.28740
0.28256
0.25218
0.27410
0.20919
0.29921
0.25267
0.28849
0.21352
0.27309
0.25006
0.22458
0.16592
0.34269
0.27625
0.17933
0.29700
0.30204
0.25708
0.35018
0.30197
0.25090
0.21426
0.21751
0.27873
0.29081
0.26081
0.27976
0.23558
0.17154
0.31039
0.24120
0.25830
0.22843
0.24520
0.31673
0.29435
0.21063
0.23221
0.27160
0.22682
0.26871
0.20468
0.22985
0.24719
0.23421
0.16731
0.29747
0.31708
0.32797
0.22547
0.19368
0.30822
0.22375
0.18268
0.18614
0.29468
0.31025
0.16804
0.21281
0.31105
0.26151
0.19308
0.16606
0.22819
0.25626
0.21842
0.24525
0.25599
0.32876
0.18272
0.23173
0.24217
0.25346
0.20353
0.26736
0.25340
0.26737
0.37099
0.21694
0.30503
0.23385
0.37177
0.30946
0.25121
0.28134
0.29509
0.27363
0.19595
0.30540
0.26912
0.21815
0.27362
0.26180
0.33540
0.24398
0.29698
0.23191
0.34232
0.23544
0.23588
0.23432
0.24536
0.28182
0.28500
0.22159
0.24990
0.24180
0.31056
0.22683
0.29973
0.24906
0.25519
0.29515
0.27771
0.28973
0.17346
0.18113
0.32570
0.31377
0.24975
0.25895
0.26245
0.27155
0.25271
0.20760
0.30192
0.29484
0.27280
0.25135
0.20919
0.27866
0.30716
0.26845
0.24561
0.21374
0.33571
0.27229
0.18631
0.22033
0.28514
0.29086
0.28810
0.26148
0.25017
0.33628
0.32717
0.16129
0.24957
0.31092
0.27823
0.24203
0.29794
0.31989
0.24165
0.21812
0.22650
0.25359
0.26296
0.35249
0.30140
0.30359
0.26630
0.23044
0.25892
0.29518
0.27344
0.19009
0.31872
0.21610
0.21535
0.32538
0.30412
0.22298
0.24756
0.22617
0.28871
0.33623
0.33646
0.23688
0.25346
0.19711
0.28566
0.30057
0.14871
0.23585
0.20553
0.21037
0.25344
0.24215
0.23041
0.23303
0.24916
0.23483
0.21436
0.23436
0.33403
0.27531
0.26764
0.22419
0.28502
0.24639
0.22617
0.19095
0.31622
0.26852
0.32466
0.25023
0.23432
0.26003
0.25369
0.22128
0.25585
0.19112
0.31853
0.27365
0.32433
0.29075
0.29474
0.33822
0.26259
0.24713
0.27955
0.20231
0.21594
0.29477
0.18992
0.25950
0.32005
0.25847
0.33257
0.38023
0.29457
0.31945
0.25357
0.28348
0.30776
0.35860
0.23721
0.26144
0.33309
0.31212
0.27380
0.32430
0.36876
0.24288
0.22954
0.34720
0.23038
0.31657
0.33484
0.23690
0.25734
0.32339
0.23701
0.24775
0.31632
0.24365
0.20524
0.23455
0.24076
0.26847
0.28985
0.31057
0.29112
0.23661
0.29728
0.26692
0.27401
0.25714
0.27854
0.17928
0.35033
0.31281
0.36426
0.29901
0.31841
0.40435
0.39215
0.27089
0.19464
0.30755
0.39425
0.28445
0.20466
0.29383
0.36145
0.24946
0.22023
0.32155
0.25429
0.28669
0.25410
0.31152
0.36159
0.40110
0.28795
0.29631
0.28093
0.37703
0.28808
0.32780
0.33515
0.33754
0.27431
0.21460
0.32942
0.42967
0.27846
0.38463
0.41389
0.23888
0.29992
0.36649
0.32084
0.27109
0.25673
0.24251
0.24357
0.29291
0.28613
0.30581
0.31478
0.36950
0.27367
0.27989
0.26419
0.24007
0.25032
0.39716
0.24032
0.16021
0.33539
0.18986
0.21888
0.41019
0.16979
0.26227
0.24294
0.27209
0.23388
0.42149
0.22165
0.32054
0.38044
0.24144
0.25271
0.25035
0.27775
0.20166
0.34835
0.21193
0.36247
0.35358
0.25639
0.25000
0.23496
0.35547
0.29126
0.24231
0.31477
0.43419
0.32846
0.28871
0.36672
0.35359
0.22430
0.28699
0.29713
0.37103
0.19404
0.23890
0.25676
0.36378
0.26355
0.25123
0.27102
0.34167
0.37155
0.27027
0.27833
0.34091
0.32626
0.29009
0.26146
0.36375
0.29911
0.26635
0.29056
0.32214
0.32780
0.26361
0.30658
0.24802
0.33930
0.25675
0.25811
0.30047
0.29669
0.23025
0.26688
0.20630
0.34150
0.23604
0.03626
0.13600
0.23787
0.22235
0.27557
0.22552
0.23608
0.35780
0.15608
0.05232
0.14867
0.03009
0.29390
0.21575
0.17266
0.28526
0.06569
0.10931
0.19096
0.21842
0.10151
0.15730
0.19681
0.26958
0.23495
0.21512
0.27702
0.05735
0.29956
0.23934
0.05305
0.05767
0.08112
0.30001
0.18480
0.22774
0.20639
0.28414
0.06579
0.07438
0.07405
0.08962
0.24996
0.13079
0.12480
0.16536
0.25292
0.17248
0.27034
0.20479
0.07452
0.26846
0.10792
0.07391
0.21070
0.19384
0.20632
0.02719
0.04191
0.20909
0.19482
0.25967
0.26786
0.03363
0.08819
0.14661
0.20235
0.15814
0.16705
0.10485
0.29411
0.11715
0.10504
0.25062
0.28091
0.07543
0.16071
0.10500
0.09897
0.02921
0.12111
0.18149
0.21843
0.25892
0.26977
0.19174
0.29192
0.19567
0.17310
0.22616
0.16776
0.22543
0.06578
0.26335
0.10197
0.11246
0.21276
0.25904
0.27504
0.22631
0.06076
0.06119
0.16963
0.19920
0.21980
0.29181
0.10458
0.19829
0.31060
0.19167
0.25986
0.10720
0.04798
0.05995
0.13100
0.13771
0.08702
0.26190
0.26269
0.06908
0.15169
0.03000
0.04564
0.10833
0.25441
