0.09771
0.10866
0.04876
0.22150
0.09480
0.14068
0.23993
0.13073
0.20339
0.03857
0.19181
0.16748
0.17083
0.11217
0.14585
0.22238
0.10773
0.10777
0.06882
0.13044
0.27445
0.11635
0.14306
0.08673
0.24624
0.14699
0.11235
0.20892
0.09289
0.17561
0.14186
0.25583
0.14315
0.10368
0.11135
0.09901
0.12849
0.10684
0.08150
0.18249
0.28957
0.22872
0.11064
0.14808
0.28599
0.20904
0.15171
0.17958
0.17384
0.10727
0.10029
0.14112
0.11238
0.26378
0.09282
0.25994
0.20150
0.09731
0.16749
0.07003
0.25848
0.29902
0.15447
0.21653
0.28818
0.30483
0.03200
0.16219
0.08603
0.02485
0.12844
0.31469
0.30230
0.18559
0.24763
0.11250
0.05335
0.04871
0.19134
0.15562
0.25630
0.13638
0.31178
0.26314
0.24575
0.30942
0.09709
0.08495
0.11613
0.24846
0.30130
0.19167
0.06190
0.26217
0.04998
0.17967
0.18645
0.21729
0.17570
0.17901
0.09107
0.15761
0.10623
0.12814
0.17175
0.29307
0.11284
0.15602
0.17848
0.28282
0.02328
0.25800
0.13945
0.19353
0.10294
0.18895
0.25659
0.06903
0.08085
0.21918
0.25420
0.09099
0.27175
0.01370
0.10447
0.09113
0.28527
0.24903
0.17212
0.24091
0.08565
0.11478
0.31463
0.32544
0.10160
0.14231
0.03027
0.28800
0.22352
0.04961
0.19665
0.02782
0.28768
0.14277
0.09547
0.30490
0.08405
0.34124
0.15378
0.08584
0.14127
0.22271
0.10417
0.34129
0.30293
0.32454
0.10288
0.14576
0.15818
0.20471
0.27137
0.26841
0.25145
0.31703
0.09400
0.11920
0.28197
0.26032
0.05514
0.27298
0.03908
0.23571
0.25703
0.06532
0.12686
0.20656
0.08625
0.07072
0.16238
0.24616
0.12212
0.10574
0.14630
0.16520
0.07546
0.18731
0.20476
0.24879
0.24657
0.23721
0.12788
0.08937
0.03807
0.21345
0.14664
0.26245
0.15867
0.19108
0.08338
0.27095
0.25970
0.08681
0.19327
0.14793
0.04113
0.24784
0.09873
0.15702
0.23270
0.12055
0.26989
0.23116
0.08308
0.25216
0.26264
0.21517
0.11673
0.26459
0.19350
0.33212
0.09535
0.23566
0.11736
0.07780
0.10041
0.05998
0.17241
0.14737
0.20472
0.05820
0.25131
0.07271
0.24289
0.12578
0.07519
0.27883
0.10709
0.03398
0.10145
0.27369
0.05526
0.29720
0.08731
0.11514
0.12838
0.18293
0.11720
0.05450
0.11628
0.09349
0.09703
0.12094
0.06161
0.23841
0.13470
0.16012
0.22519
0.05966
0.02449
0.13911
0.22438
0.16690
0.21015
0.14774
0.13077
0.23341
0.24287
0.09836
0.14379
0.03573
0.08207
0.11696
0.06349
0.03713
0.36674
0.15038
0.05594
0.23630
0.17129
0.08237
0.14867
0.33136
0.11669
0.07205
0.28086
0.11473
0.16200
0.18551
0.17227
0.11799
0.09974
0.04634
0.22095
0.23861
0.16519
0.09911
0.15440
0.20184
0.22921
0.18039
0.32311
0.22393
0.24310
0.16198
0.17410
0.28750
0.32130
0.31474
0.02062
0.25224
0.09817
0.28466
0.14661
0.11328
0.14000
0.11967
0.10222
0.15380
0.23200
0.05087
0.06410
0.06554
0.27411
0.12030
0.28593
0.17706
0.24137
0.21349
0.13363
0.04188
0.20728
0.27876
0.36140
0.19785
0.31266
0.25149
0.24406
0.26925
0.27220
0.28314
0.06948
0.06613
0.11086
0.22979
0.06083
0.05917
0.18811
0.09091
0.23425
0.08755
0.15195
0.09168
0.24018
0.25834
0.24715
0.22395
0.28234
0.11163
0.14312
0.31258
0.07392
0.19816
0.07723
0.07663
0.20705
0.07849
0.25023
0.33060
0.03536
0.07259
0.12980
0.24016
0.10457
0.05265
0.08438
0.06792
0.06416
0.08190
0.16708
0.06223
0.28650
0.19574
0.18790
0.05376
0.20362
0.27457
0.19149
0.26867
0.33938
0.14038
0.28268
0.30533
0.29094
0.30182
0.27861
0.24185
0.34550
0.23598
0.23356
0.25991
0.23207
0.29043
0.16591
0.35837
0.30917
0.27908
0.25957
0.23970
0.23434
0.33943
0.29352
0.21867
0.32102
0.32679
0.23287
0.26806
0.30687
0.26891
0.25363
0.25059
0.27328
0.29039
0.25573
0.23512
0.33872
0.25411
0.23622
0.29932
0.17860
0.29911
0.32936
0.27805
0.30571
0.31717
0.29232
0.23720
0.28237
0.32813
0.20419
0.27735
0.30639
0.23886
0.26580
0.30308
0.17227
0.30395
0.25130
0.27919
0.30964
0.29159
0.26616
0.19022
0.28765
0.33623
0.13142
0.26512
0.19582
0.13997
0.19948
0.35552
0.30662
0.32743
0.17026
0.34366
0.26027
0.25573
0.34233
0.30550
0.30300
0.28394
0.23113
0.27361
0.19491
0.34505
0.29123
0.23662
0.19060
0.32770
0.19837
0.25215
0.29315
0.25250
0.32880
0.30553
0.22952
0.30939
0.30232
0.16879
0.15631
0.26714
0.18434
0.21591
0.15216
0.29568
0.34218
0.25017
0.26207
0.24102
0.29737
0.22310
0.31257
0.24833
0.28723
0.18673
0.27510
0.30688
0.22052
0.17321
0.35019
0.27236
0.15814
0.29966
0.30611
0.26195
0.34161
0.29523
0.21289
0.26878
0.20806
0.28450
0.30006
0.28588
0.27310
0.23692
0.15659
0.30142
0.20744
0.27055
0.23371
0.28106
0.32823
0.28806
0.21373
0.23664
0.28465
0.20681
0.29150
0.18587
0.22471
0.21565
0.22615
0.18758
0.31332
0.31187
0.30791
0.20018
0.18687
0.30618
0.19519
0.20968
0.19928
0.28440
0.30640
0.16201
0.18042
0.28296
0.28600
0.21345
0.15032
0.21479
0.26560
0.20610
0.26913
0.22548
0.31431
0.18112
0.21230
0.26971
0.27473
0.17996
0.28320
0.25736
0.24423
0.38370
0.18261
0.28875
0.21918
0.33983
0.30686
0.25332
0.25412
0.29864
0.26434
0.20713
0.28027
0.28470
0.27525
0.28257
0.25288
0.32679
0.24209
0.27109
0.21632
0.32941
0.21834
0.28435
0.20519
0.23746
0.27155
0.25321
0.21953
0.22429
0.23804
0.30746
0.20377
0.31215
0.23747
0.24695
0.27560
0.27902
0.27957
0.13547
0.21044
0.31045
0.31675
0.24859
0.27020
0.28622
0.26451
0.22468
0.22453
0.28967
0.28858
0.25625
0.23648
0.19266
0.31551
0.29648
0.25881
0.25702
0.25991
0.32242
0.26021
0.17755
0.17692
0.25978
0.29049
0.28400
0.26391
0.21439
0.33347
0.34339
0.15069
0.22643
0.30898
0.27976
0.25779
0.29495
0.31640
0.25360
0.19603
0.21739
0.22672
0.27333
0.34754
0.29316
0.29340
0.27156
0.22797
0.26214
0.27475
0.25707
0.16646
0.32437
0.21766
0.24688
0.32833
0.29495
0.25210
0.24434
0.22835
0.28207
0.33574
0.33232
0.26095
0.27651
0.20420
0.30433
0.30403
0.11896
0.25046
0.20911
0.22618
0.27078
0.24852
0.28252
0.23197
0.24435
0.21650
0.22315
0.25781
0.32991
0.27202
0.25295
0.18422
0.29070
0.23559
0.24246
0.19101
0.32846
0.28302
0.32950
0.24379
0.23654
0.28203
0.27089
0.23745
0.26337
0.16836
0.31779
0.26734
0.32810
0.27974
0.29802
0.33303
0.27837
0.26190
0.28577
0.15588
0.18777
0.26621
0.18516
0.30152
0.30644
0.25038
0.32012
0.37280
0.28258
0.32833
0.26351
0.31100
0.30608
0.33920
0.24590
0.26927
0.30875
0.31392
0.28765
0.31108
0.36899
0.22540
0.24153
0.31917
0.21637
0.29680
0.33008
0.24131
0.23265
0.33105
0.21935
0.26284
0.30074
0.26659
0.23922
0.20292
0.26158
0.26320
0.28055
0.31485
0.27944
0.25568
0.31178
0.25860
0.29918
0.26609
0.28944
0.13303
0.31186
0.32817
0.35053
0.31511
0.32686
0.37680
0.38173
0.27601
0.20955
0.31355
0.36415
0.27959
0.21144
0.31282
0.35468
0.25462
0.21952
0.33710
0.23794
0.26463
0.23750
0.33646
0.36890
0.41283
0.29931
0.29196
0.25842
0.36686
0.29550
0.28962
0.26608
0.33735
0.29234
0.17179
0.31381
0.43437
0.23669
0.38492
0.41863
0.21670
0.28075
0.36732
0.30492
0.26632
0.25605
0.28759
0.20356
0.27720
0.25924
0.28379
0.30381
0.35045
0.27446
0.26690
0.26654
0.20615
0.25600
0.35604
0.22688
0.13999
0.31990
0.16162
0.16862
0.42174
0.18519
0.28868
0.20547
0.28070
0.23415
0.41210
0.21701
0.31458
0.39947
0.26294
0.24900
0.26283
0.23726
0.22385
0.36550
0.19668
0.35422
0.34840
0.24200
0.25639
0.25185
0.33217
0.24437
0.21735
0.33805
0.39180
0.30296
0.27236
0.33839
0.33400
0.22383
0.26100
0.27664
0.40232
0.20926
0.24686
0.22002
0.34033
0.25363
0.27011
0.27024
0.32822
0.38051
0.24068
0.29185
0.32552
0.29410
0.29201
0.24445
0.36942
0.29916
0.26276
0.28378
0.29643
0.31466
0.25006
0.29940
0.23328
0.32651
0.27933
0.24759
0.31134
0.26002
0.25552
0.28341
0.19560
0.33588
0.22499
0.06791
0.18850
0.22838
0.19877
0.29186
0.21371
0.24425
0.35353
0.19678
0.05250
0.17422
0.01473
0.28237
0.25810
0.18483
0.27825
0.04673
0.07484
0.19521
0.17856
0.12787
0.08859
0.23997
0.26737
0.23007
0.21167
0.26508
0.07920
0.33296
0.25011
0.00847
0.08373
0.07270
0.28324
0.12327
0.25879
0.20574
0.29937
0.09251
0.05150
0.08375
0.10272
0.28412
0.21048
0.15862
0.23286
0.29312
0.14798
0.27362
0.21505
0.06168
0.30041
0.10014
0.06588
0.30419
0.19131
0.21278
0.06786
0.06429
0.20845
0.21607
0.22865
0.27124
0.03562
0.09149
0.19648
0.21154
0.14273
0.23300
0.10550
0.29455
0.19970
0.11853
0.26181
0.30659
0.11812
0.14963
0.17371
0.05535
0.02677
0.25178
0.07248
0.19175
0.24389
0.24773
0.20611
0.33142
0.21573
0.22103
0.19946
0.16589
0.19391
0.01753
0.27409
0.09546
0.03857
0.20415
0.20581
0.29605
0.26125
0.02653
0.05392
0.11089
0.26739
0.17163
0.29798
0.13764
0.21372
0.29036
0.10866
0.23941
0.09892
0.00203
0.04087
0.21108
0.05851
0.05308
0.21994
0.31091
0.07179
0.08995
0.01426
0.07838
0.07476
0.24598
